time,timestamp,xAccel,yAccel,zAccel,xxx
2018-1-10T13-48-56,1515588536113,0.87317073,-0.034146342,0.4854369,0.87317073
2018-1-10T13-48-56,1515588536114,0.86341465,-0.014634146,0.4563107,0.86341465
2018-1-10T13-48-56,1515588536115,0.85365856,-0.034146342,0.47572815,0.85365856
2018-1-10T13-48-56,1515588536116,0.84390247,-0.024390243,0.46601942,0.84390247
2018-1-10T13-48-56,1515588536117,0.86341465,-0.034146342,0.4563107,0.86341465
2018-1-10T13-48-56,1515588536118,0.8926829,-0.024390243,0.4563107,0.8926829
2018-1-10T13-48-56,1515588536119,0.84390247,-0.09268293,0.4563107,0.84390247
2018-1-10T13-48-56,1515588536120,0.84390247,-0.014634146,0.4563107,0.84390247
2018-1-10T13-48-56,1515588536121,0.84390247,-0.034146342,0.4563107,0.84390247
2018-1-10T13-48-56,1515588536122,0.8341463,-0.024390243,0.4563107,0.8341463
2018-1-10T13-48-56,1515588536123,0.84390247,-0.014634146,0.44660193,0.84390247
2018-1-10T13-48-56,1515588536124,0.84390247,-0.004878049,0.46601942,0.84390247
2018-1-10T13-48-56,1515588536125,0.84390247,-0.024390243,0.44660193,0.84390247
2018-1-10T13-48-56,1515588536126,0.85365856,-0.034146342,0.44660193,0.85365856
2018-1-10T13-48-56,1515588536127,0.84390247,-0.024390243,0.46601942,0.84390247
2018-1-10T13-48-56,1515588536128,0.84390247,-0.014634146,0.4563107,0.84390247
2018-1-10T13-48-56,1515588536129,0.8341463,-0.034146342,0.44660193,0.8341463
2018-1-10T13-48-56,1515588536130,0.84390247,-0.053658538,0.4563107,0.84390247
2018-1-10T13-48-56,1515588536131,0.85365856,-0.024390243,0.4563107,0.85365856
2018-1-10T13-48-56,1515588536132,0.84390247,-0.014634146,0.44660193,0.84390247
2018-1-10T13-48-56,1515588536133,0.84390247,-0.034146342,0.4563107,0.84390247
2018-1-10T13-48-56,1515588536134,0.85365856,-0.014634146,0.44660193,0.85365856
2018-1-10T13-48-56,1515588536135,0.85365856,-0.004878049,0.44660193,0.85365856
2018-1-10T13-48-56,1515588536136,0.80487806,-0.014634146,0.4563107,0.80487806
2018-1-10T13-48-56,1515588536137,0.8341463,-0.024390243,0.44660193,0.8341463
2018-1-10T13-48-56,1515588536138,0.85365856,-0.014634146,0.44660193,0.85365856
2018-1-10T13-48-56,1515588536139,0.86341465,-0.043902438,0.44660193,0.86341465
2018-1-10T13-48-56,1515588536140,0.84390247,-0.024390243,0.44660193,0.84390247
2018-1-10T13-48-56,1515588536141,0.84390247,-0.024390243,0.44660193,0.84390247
2018-1-10T13-48-56,1515588536142,0.7853659,-0.024390243,0.4563107,0.7853659
2018-1-10T13-48-56,1515588536143,0.85365856,-0.014634146,0.4563107,0.85365856
2018-1-10T13-48-56,1515588536144,0.8341463,0.024390243,0.4563107,0.8341463
2018-1-10T13-48-56,1515588536145,0.85365856,-0.024390243,0.44660193,0.85365856
2018-1-10T13-48-56,1515588536146,0.82439023,-0.06341463,0.4563107,0.82439023
2018-1-10T13-48-56,1515588536147,0.8341463,-0.014634146,0.46601942,0.8341463
2018-1-10T13-48-56,1515588536148,0.84390247,-0.024390243,0.4563107,0.84390247
2018-1-10T13-48-56,1515588536149,0.7853659,-0.024390243,0.4563107,0.7853659
2018-1-10T13-48-56,1515588536150,0.8341463,-0.024390243,0.42718446,0.8341463
2018-1-10T13-48-56,1515588536151,0.84390247,-0.034146342,0.4563107,0.84390247
2018-1-10T13-48-56,1515588536152,0.86341465,-0.014634146,0.44660193,0.86341465
2018-1-10T13-48-56,1515588536153,0.84390247,-0.043902438,0.4563107,0.84390247
2018-1-10T13-48-56,1515588536154,0.84390247,-0.004878049,0.46601942,0.84390247
2018-1-10T13-48-56,1515588536155,0.84390247,-0.09268293,0.4368932,0.84390247
2018-1-10T13-48-56,1515588536156,0.80487806,-0.034146342,0.4563107,0.80487806
2018-1-10T13-48-56,1515588536157,0.85365856,-0.014634146,0.4563107,0.85365856
2018-1-10T13-48-56,1515588536158,0.86341465,-0.024390243,0.4563107,0.86341465
2018-1-10T13-48-56,1515588536159,0.8829268,-0.024390243,0.44660193,0.8829268
2018-1-10T13-48-56,1515588536160,0.85365856,-0.024390243,0.44660193,0.85365856
2018-1-10T13-48-56,1515588536161,0.84390247,-0.024390243,0.4563107,0.84390247
2018-1-10T13-48-56,1515588536162,0.85365856,-0.024390243,0.44660193,0.85365856
2018-1-10T13-48-56,1515588536163,0.86341465,-0.034146342,0.4563107,0.86341465
2018-1-10T13-48-56,1515588536164,0.84390247,-0.024390243,0.4563107,0.84390247
2018-1-10T13-48-56,1515588536165,0.84390247,-0.034146342,0.44660193,0.84390247
2018-1-10T13-48-56,1515588536166,0.86341465,-0.034146342,0.4368932,0.86341465
2018-1-10T13-48-56,1515588536167,0.86341465,0.034146342,0.47572815,0.86341465
2018-1-10T13-48-56,1515588536168,0.85365856,-0.014634146,0.4563107,0.85365856
2018-1-10T13-48-56,1515588536169,0.85365856,-0.034146342,0.4368932,0.85365856
2018-1-10T13-48-56,1515588536170,0.79512197,-0.024390243,0.4563107,0.79512197
2018-1-10T13-48-56,1515588536171,0.84390247,-0.024390243,0.4563107,0.84390247
2018-1-10T13-48-56,1515588536172,0.84390247,-0.043902438,0.44660193,0.84390247
2018-1-10T13-48-56,1515588536173,0.8926829,-0.014634146,0.4563107,0.8926829
2018-1-10T13-48-56,1515588536174,0.85365856,-0.034146342,0.4563107,0.85365856
2018-1-10T13-48-56,1515588536175,0.86341465,-0.034146342,0.4563107,0.86341465
2018-1-10T13-48-56,1515588536176,0.86341465,-0.024390243,0.46601942,0.86341465
2018-1-10T13-48-56,1515588536177,0.86341465,-0.024390243,0.44660193,0.86341465
2018-1-10T13-48-56,1515588536178,0.92195123,-0.034146342,0.44660193,0.92195123
2018-1-10T13-48-56,1515588536179,0.81463414,-0.034146342,0.4563107,0.81463414
2018-1-10T13-48-56,1515588536180,0.85365856,-0.024390243,0.44660193,0.85365856
2018-1-10T13-48-56,1515588536181,0.85365856,-0.014634146,0.4563107,0.85365856
2018-1-10T13-48-56,1515588536182,0.84390247,-0.034146342,0.4563107,0.84390247
2018-1-10T13-48-56,1515588536183,0.85365856,-0.034146342,0.44660193,0.85365856
2018-1-10T13-48-56,1515588536184,0.85365856,-0.024390243,0.44660193,0.85365856
2018-1-10T13-48-56,1515588536185,0.84390247,-0.024390243,0.46601942,0.84390247
2018-1-10T13-48-56,1515588536186,0.84390247,-0.024390243,0.4563107,0.84390247
2018-1-10T13-48-56,1515588536187,0.84390247,-0.034146342,0.4563107,0.84390247
2018-1-10T13-48-56,1515588536188,0.84390247,-0.034146342,0.44660193,0.84390247
2018-1-10T13-48-56,1515588536189,0.84390247,-0.053658538,0.4563107,0.84390247
2018-1-10T13-48-56,1515588536190,0.80487806,-0.034146342,0.4563107,0.80487806
2018-1-10T13-48-56,1515588536191,0.85365856,-0.024390243,0.44660193,0.85365856
2018-1-10T13-48-56,1515588536192,0.81463414,-0.024390243,0.4563107,0.81463414
2018-1-10T13-48-56,1515588536193,0.84390247,-0.034146342,0.4563107,0.84390247
2018-1-10T13-48-56,1515588536194,0.8341463,-0.024390243,0.44660193,0.8341463
2018-1-10T13-48-56,1515588536195,0.84390247,-0.034146342,0.44660193,0.84390247
2018-1-10T13-48-56,1515588536196,0.92195123,-0.034146342,0.44660193,0.92195123
2018-1-10T13-48-56,1515588536197,0.81463414,-0.024390243,0.44660193,0.81463414
2018-1-10T13-48-56,1515588536198,0.84390247,-0.024390243,0.44660193,0.84390247
2018-1-10T13-48-56,1515588536199,0.86341465,-0.014634146,0.4563107,0.86341465
2018-1-10T13-48-56,1515588536200,0.84390247,-0.014634146,0.4563107,0.84390247
2018-1-10T13-48-56,1515588536201,0.8341463,-0.034146342,0.4563107,0.8341463
2018-1-10T13-48-56,1515588536202,0.87317073,-0.024390243,0.44660193,0.87317073
2018-1-10T13-48-56,1515588536203,0.84390247,-0.014634146,0.44660193,0.84390247
2018-1-10T13-48-56,1515588536204,0.84390247,-0.024390243,0.4563107,0.84390247
2018-1-10T13-48-56,1515588536205,0.84390247,-0.004878049,0.4563107,0.84390247
2018-1-10T13-48-56,1515588536206,0.8341463,-0.034146342,0.407767,0.8341463
2018-1-10T13-48-56,1515588536207,0.7853659,-0.024390243,0.44660193,0.7853659
2018-1-10T13-48-56,1515588536208,0.8341463,-0.06341463,0.46601942,0.8341463
2018-1-10T13-48-56,1515588536209,0.85365856,-0.024390243,0.4563107,0.85365856
2018-1-10T13-48-56,1515588536210,0.81463414,-0.024390243,0.46601942,0.81463414
2018-1-10T13-48-56,1515588536211,0.84390247,-0.024390243,0.4563107,0.84390247
2018-1-10T13-48-56,1515588536212,0.87317073,-0.034146342,0.4563107,0.87317073
2018-1-10T13-48-56,1515588536213,0.85365856,-0.10243902,0.46601942,0.85365856
2018-1-10T13-48-56,1515588536214,0.84390247,-0.024390243,0.46601942,0.84390247
2018-1-10T13-48-56,1515588536215,0.84390247,-0.043902438,0.4563107,0.84390247
2018-1-10T13-48-56,1515588536216,0.85365856,-0.014634146,0.4563107,0.85365856
2018-1-10T13-48-56,1515588536217,0.85365856,-0.024390243,0.46601942,0.85365856
2018-1-10T13-48-56,1515588536218,0.84390247,-0.034146342,0.4563107,0.84390247
2018-1-10T13-48-56,1515588536219,0.84390247,-0.034146342,0.4563107,0.84390247
2018-1-10T13-48-56,1515588536220,0.8341463,-0.024390243,0.46601942,0.8341463
2018-1-10T13-48-56,1515588536221,0.8341463,-0.024390243,0.46601942,0.8341463
2018-1-10T13-48-56,1515588536222,0.8341463,0.014634146,0.4563107,0.8341463
2018-1-10T13-48-56,1515588536223,0.82439023,-0.034146342,0.46601942,0.82439023
2018-1-10T13-48-56,1515588536224,0.85365856,-0.024390243,0.4563107,0.85365856
2018-1-10T13-48-56,1515588536225,0.84390247,-0.014634146,0.46601942,0.84390247
2018-1-10T13-48-56,1515588536226,0.86341465,-0.014634146,0.4563107,0.86341465
2018-1-10T13-48-56,1515588536227,0.8341463,-0.034146342,0.4563107,0.8341463
2018-1-10T13-48-56,1515588536228,0.84390247,-0.034146342,0.4563107,0.84390247
2018-1-10T13-48-56,1515588536229,0.84390247,-0.004878049,0.4563107,0.84390247
2018-1-10T13-48-56,1515588536230,0.85365856,0.014634146,0.4563107,0.85365856
2018-1-10T13-48-56,1515588536231,0.8341463,-0.004878049,0.4563107,0.8341463
2018-1-10T13-48-56,1515588536232,0.86341465,-0.034146342,0.44660193,0.86341465
2018-1-10T13-48-56,1515588536233,0.85365856,-0.004878049,0.4563107,0.85365856
2018-1-10T13-48-56,1515588536234,0.84390247,-0.014634146,0.4563107,0.84390247
2018-1-10T13-48-56,1515588536235,0.85365856,-0.014634146,0.4563107,0.85365856
2018-1-10T13-48-56,1515588536236,0.84390247,-0.014634146,0.4854369,0.84390247
2018-1-10T13-48-56,1515588536237,0.84390247,-0.014634146,0.4563107,0.84390247
2018-1-10T13-48-56,1515588536238,0.85365856,-0.034146342,0.4563107,0.85365856
2018-1-10T13-48-56,1515588536239,0.86341465,-0.024390243,0.4563107,0.86341465
2018-1-10T13-48-56,1515588536240,0.85365856,-0.024390243,0.46601942,0.85365856
2018-1-10T13-48-56,1515588536241,0.84390247,-0.024390243,0.46601942,0.84390247
2018-1-10T13-48-56,1515588536242,0.84390247,-0.034146342,0.44660193,0.84390247
2018-1-10T13-48-56,1515588536243,0.84390247,-0.024390243,0.46601942,0.84390247
2018-1-10T13-48-56,1515588536244,0.85365856,-0.034146342,0.4563107,0.85365856
2018-1-10T13-48-56,1515588536245,0.85365856,-0.014634146,0.4563107,0.85365856
2018-1-10T13-48-56,1515588536246,0.84390247,-0.024390243,0.46601942,0.84390247
2018-1-10T13-48-56,1515588536247,0.8341463,-0.043902438,0.46601942,0.8341463
2018-1-10T13-48-56,1515588536248,0.86341465,-0.024390243,0.4563107,0.86341465
2018-1-10T13-48-56,1515588536249,0.84390247,-0.034146342,0.4563107,0.84390247
2018-1-10T13-48-56,1515588536250,0.84390247,-0.034146342,0.4368932,0.84390247
2018-1-10T13-48-56,1515588536251,0.8341463,-0.024390243,0.46601942,0.8341463
2018-1-10T13-48-56,1515588536252,0.85365856,-0.034146342,0.4563107,0.85365856
2018-1-10T13-48-56,1515588536253,0.85365856,-0.034146342,0.44660193,0.85365856
2018-1-10T13-48-56,1515588536254,0.86341465,-0.024390243,0.4563107,0.86341465
2018-1-10T13-48-56,1515588536255,0.84390247,-0.024390243,0.3883495,0.84390247
2018-1-10T13-48-56,1515588536256,0.87317073,-0.024390243,0.44660193,0.87317073
2018-1-10T13-48-56,1515588536257,0.86341465,-0.014634146,0.4563107,0.86341465
2018-1-10T13-48-56,1515588536258,0.8829268,-0.024390243,0.4563107,0.8829268
2018-1-10T13-48-56,1515588536259,0.84390247,-0.004878049,0.46601942,0.84390247
2018-1-10T13-48-56,1515588536260,0.84390247,-0.024390243,0.44660193,0.84390247
2018-1-10T13-48-56,1515588536261,0.8341463,-0.024390243,0.4563107,0.8341463
2018-1-10T13-48-56,1515588536262,0.85365856,-0.014634146,0.44660193,0.85365856
2018-1-10T13-48-56,1515588536263,0.85365856,-0.014634146,0.44660193,0.85365856
2018-1-10T13-48-56,1515588536264,0.82439023,-0.024390243,0.44660193,0.82439023
2018-1-10T13-48-56,1515588536265,0.84390247,0.034146342,0.4563107,0.84390247
2018-1-10T13-48-56,1515588536266,0.85365856,-0.034146342,0.4563107,0.85365856
2018-1-10T13-48-56,1515588536267,0.85365856,-0.024390243,0.4563107,0.85365856
2018-1-10T13-48-56,1515588536268,0.85365856,-0.053658538,0.44660193,0.85365856
2018-1-10T13-48-56,1515588536269,0.86341465,-0.024390243,0.44660193,0.86341465
2018-1-10T13-48-56,1515588536270,0.84390247,-0.024390243,0.44660193,0.84390247
2018-1-10T13-48-56,1515588536271,0.85365856,-0.034146342,0.4563107,0.85365856
2018-1-10T13-48-56,1515588536272,0.85365856,-0.034146342,0.4563107,0.85365856
2018-1-10T13-48-56,1515588536273,0.84390247,-0.024390243,0.4563107,0.84390247
2018-1-10T13-48-56,1515588536274,0.84390247,-0.053658538,0.44660193,0.84390247
2018-1-10T13-48-56,1515588536275,0.8341463,-0.034146342,0.44660193,0.8341463
2018-1-10T13-48-56,1515588536276,0.84390247,-0.014634146,0.4368932,0.84390247
2018-1-10T13-48-56,1515588536277,0.84390247,-0.014634146,0.4563107,0.84390247
2018-1-10T13-48-56,1515588536278,0.84390247,-0.024390243,0.4563107,0.84390247
2018-1-10T13-48-56,1515588536279,0.8341463,-0.024390243,0.44660193,0.8341463
2018-1-10T13-48-56,1515588536280,0.84390247,-0.024390243,0.4563107,0.84390247
2018-1-10T13-48-56,1515588536281,0.84390247,-0.034146342,0.44660193,0.84390247
2018-1-10T13-48-56,1515588536282,0.84390247,-0.024390243,0.44660193,0.84390247
2018-1-10T13-48-56,1515588536283,0.84390247,0.004878049,0.4368932,0.84390247
2018-1-10T13-48-56,1515588536284,0.84390247,-0.034146342,0.44660193,0.84390247
2018-1-10T13-48-56,1515588536285,0.8341463,-0.034146342,0.4563107,0.8341463
2018-1-10T13-48-56,1515588536286,0.85365856,-0.053658538,0.4563107,0.85365856
2018-1-10T13-48-56,1515588536287,0.85365856,-0.024390243,0.4563107,0.85365856
2018-1-10T13-48-56,1515588536288,0.84390247,-0.024390243,0.4563107,0.84390247
2018-1-10T13-48-56,1515588536289,0.84390247,-0.034146342,0.4563107,0.84390247
2018-1-10T13-48-56,1515588536290,0.84390247,-0.014634146,0.44660193,0.84390247
2018-1-10T13-48-56,1515588536291,0.84390247,-0.024390243,0.4563107,0.84390247
2018-1-10T13-48-56,1515588536292,0.84390247,0.024390243,0.4563107,0.84390247
2018-1-10T13-48-56,1515588536293,0.84390247,-0.024390243,0.4563107,0.84390247
2018-1-10T13-48-56,1515588536294,0.85365856,-0.024390243,0.4563107,0.85365856
2018-1-10T13-48-56,1515588536295,0.82439023,-0.024390243,0.44660193,0.82439023
2018-1-10T13-48-56,1515588536296,0.85365856,-0.034146342,0.46601942,0.85365856
2018-1-10T13-48-56,1515588536297,0.84390247,-0.014634146,0.4563107,0.84390247
2018-1-10T13-48-56,1515588536298,0.85365856,-0.024390243,0.4563107,0.85365856
2018-1-10T13-48-56,1515588536299,0.8341463,-0.053658538,0.44660193,0.8341463
2018-1-10T13-48-56,1515588536300,0.84390247,-0.014634146,0.4563107,0.84390247
2018-1-10T13-48-56,1515588536301,0.85365856,-0.024390243,0.44660193,0.85365856
2018-1-10T13-48-56,1515588536302,0.84390247,-0.043902438,0.47572815,0.84390247
2018-1-10T13-48-56,1515588536303,0.84390247,-0.043902438,0.4563107,0.84390247
2018-1-10T13-48-56,1515588536304,0.85365856,-0.024390243,0.4563107,0.85365856
2018-1-10T13-48-56,1515588536305,0.7853659,-0.024390243,0.4563107,0.7853659
2018-1-10T13-48-56,1515588536306,0.8341463,-0.034146342,0.4563107,0.8341463
2018-1-10T13-48-56,1515588536307,0.84390247,-0.024390243,0.5048544,0.84390247
2018-1-10T13-48-56,1515588536308,0.84390247,-0.034146342,0.44660193,0.84390247
2018-1-10T13-48-56,1515588536309,0.8341463,-0.024390243,0.4563107,0.8341463
2018-1-10T13-48-56,1515588536310,0.84390247,-0.034146342,0.4563107,0.84390247
2018-1-10T13-48-56,1515588536311,0.84390247,-0.043902438,0.44660193,0.84390247
2018-1-10T13-48-56,1515588536312,0.85365856,-0.014634146,0.44660193,0.85365856
2018-1-10T13-48-56,1515588536313,0.84390247,-0.024390243,0.46601942,0.84390247
2018-1-10T13-48-56,1515588536314,0.85365856,-0.034146342,0.4563107,0.85365856
2018-1-10T13-48-56,1515588536315,0.85365856,-0.034146342,0.46601942,0.85365856
2018-1-10T13-48-56,1515588536316,0.84390247,-0.034146342,0.49514562,0.84390247
2018-1-10T13-48-56,1515588536317,0.8341463,-0.034146342,0.4563107,0.8341463
2018-1-10T13-48-56,1515588536318,0.85365856,-0.034146342,0.5339806,0.85365856
2018-1-10T13-48-56,1515588536319,0.84390247,-0.034146342,0.46601942,0.84390247
2018-1-10T13-48-56,1515588536320,0.84390247,-0.004878049,0.4563107,0.84390247
2018-1-10T13-48-56,1515588536321,0.8926829,-0.034146342,0.4368932,0.8926829
2018-1-10T13-48-56,1515588536322,0.91219515,-0.024390243,0.46601942,0.91219515
2018-1-10T13-48-56,1515588536323,0.85365856,-0.034146342,0.4563107,0.85365856
2018-1-10T13-48-56,1515588536324,0.8829268,-0.014634146,0.4368932,0.8829268
2018-1-10T13-48-56,1515588536325,0.84390247,-0.034146342,0.44660193,0.84390247
2018-1-10T13-48-56,1515588536326,0.8341463,-0.034146342,0.44660193,0.8341463
2018-1-10T13-48-56,1515588536327,0.85365856,-0.014634146,0.4563107,0.85365856
2018-1-10T13-48-56,1515588536328,0.84390247,-0.034146342,0.46601942,0.84390247
2018-1-10T13-48-56,1515588536329,0.84390247,-0.024390243,0.4563107,0.84390247
2018-1-10T13-48-56,1515588536330,0.87317073,-0.014634146,0.44660193,0.87317073
2018-1-10T13-48-56,1515588536331,0.84390247,-0.024390243,0.4563107,0.84390247
2018-1-10T13-48-56,1515588536332,0.85365856,-0.014634146,0.44660193,0.85365856
2018-1-10T13-48-56,1515588536333,0.84390247,-0.024390243,0.4368932,0.84390247
2018-1-10T13-48-56,1515588536334,0.81463414,-0.034146342,0.4563107,0.81463414
2018-1-10T13-48-56,1515588536335,0.84390247,-0.034146342,0.46601942,0.84390247
2018-1-10T13-48-56,1515588536336,0.8341463,-0.024390243,0.44660193,0.8341463
2018-1-10T13-48-56,1515588536337,0.86341465,-0.024390243,0.44660193,0.86341465
2018-1-10T13-48-56,1515588536338,0.8829268,-0.014634146,0.46601942,0.8829268
2018-1-10T13-48-56,1515588536339,0.8341463,-0.034146342,0.4854369,0.8341463
2018-1-10T13-48-56,1515588536340,0.80487806,-0.034146342,0.4563107,0.80487806
2018-1-10T13-48-56,1515588536341,0.84390247,-0.024390243,0.4563107,0.84390247
2018-1-10T13-48-56,1515588536342,0.85365856,0.034146342,0.44660193,0.85365856
2018-1-10T13-48-56,1515588536343,0.85365856,-0.034146342,0.42718446,0.85365856
2018-1-10T13-48-56,1515588536344,0.84390247,-0.034146342,0.46601942,0.84390247
2018-1-10T13-48-56,1515588536345,0.8341463,-0.024390243,0.44660193,0.8341463
2018-1-10T13-48-56,1515588536346,0.87317073,-0.024390243,0.4368932,0.87317073
2018-1-10T13-48-56,1515588536347,0.81463414,-0.034146342,0.4563107,0.81463414
2018-1-10T13-48-56,1515588536348,0.85365856,-0.043902438,0.44660193,0.85365856
2018-1-10T13-48-56,1515588536349,0.85365856,-0.014634146,0.46601942,0.85365856
2018-1-10T13-48-56,1515588536350,0.85365856,-0.024390243,0.44660193,0.85365856
2018-1-10T13-48-56,1515588536351,0.8341463,-0.024390243,0.4563107,0.8341463
2018-1-10T13-48-56,1515588536352,0.84390247,-0.024390243,0.4854369,0.84390247
2018-1-10T13-48-56,1515588536353,0.84390247,-0.034146342,0.44660193,0.84390247
2018-1-10T13-48-56,1515588536354,0.84390247,-0.034146342,0.4563107,0.84390247
2018-1-10T13-48-56,1515588536355,0.8829268,-0.024390243,0.44660193,0.8829268
2018-1-10T13-48-56,1515588536356,0.85365856,-0.024390243,0.44660193,0.85365856
2018-1-10T13-48-56,1515588536357,0.84390247,-0.024390243,0.4854369,0.84390247
2018-1-10T13-48-56,1515588536358,0.76585364,-0.034146342,0.46601942,0.76585364
2018-1-10T13-48-56,1515588536359,0.84390247,-0.024390243,0.47572815,0.84390247
2018-1-10T13-48-56,1515588536360,0.84390247,-0.024390243,0.4563107,0.84390247
2018-1-10T13-48-56,1515588536361,0.85365856,-0.024390243,0.4368932,0.85365856
2018-1-10T13-48-56,1515588536362,0.82439023,-0.024390243,0.46601942,0.82439023
2018-1-10T13-48-56,1515588536363,0.84390247,-0.024390243,0.4563107,0.84390247
2018-1-10T13-48-56,1515588536364,0.8341463,-0.034146342,0.47572815,0.8341463
2018-1-10T13-48-56,1515588536365,0.84390247,-0.034146342,0.4563107,0.84390247
2018-1-10T13-48-56,1515588536366,0.85365856,-0.034146342,0.4563107,0.85365856
2018-1-10T13-48-56,1515588536367,0.85365856,0.06341463,0.46601942,0.85365856
2018-1-10T13-48-56,1515588536368,0.84390247,-0.034146342,0.44660193,0.84390247
2018-1-10T13-48-56,1515588536369,0.84390247,-0.043902438,0.46601942,0.84390247
2018-1-10T13-48-56,1515588536370,0.85365856,-0.034146342,0.4563107,0.85365856
2018-1-10T13-48-56,1515588536371,0.84390247,-0.024390243,0.46601942,0.84390247
2018-1-10T13-48-56,1515588536372,0.85365856,-0.024390243,0.4368932,0.85365856
2018-1-10T13-48-56,1515588536373,0.8341463,0.024390243,0.4563107,0.8341463
2018-1-10T13-48-56,1515588536374,0.8341463,-0.024390243,0.4563107,0.8341463
2018-1-10T13-48-56,1515588536375,0.84390247,-0.024390243,0.46601942,0.84390247
2018-1-10T13-48-56,1515588536376,0.84390247,-0.024390243,0.4563107,0.84390247
2018-1-10T13-48-56,1515588536377,0.84390247,-0.034146342,0.4563107,0.84390247
2018-1-10T13-48-56,1515588536378,0.85365856,-0.034146342,0.44660193,0.85365856
2018-1-10T13-48-56,1515588536379,0.86341465,-0.034146342,0.44660193,0.86341465
2018-1-10T13-48-56,1515588536380,0.86341465,-0.043902438,0.4563107,0.86341465
2018-1-10T13-48-56,1515588536381,0.86341465,-0.034146342,0.46601942,0.86341465
2018-1-10T13-48-56,1515588536382,0.8341463,-0.024390243,0.4563107,0.8341463
2018-1-10T13-48-56,1515588536383,0.84390247,-0.034146342,0.49514562,0.84390247
2018-1-10T13-48-56,1515588536384,0.84390247,-0.004878049,0.4563107,0.84390247
2018-1-10T13-48-56,1515588536385,0.85365856,-0.034146342,0.4563107,0.85365856
2018-1-10T13-48-56,1515588536386,0.8341463,-0.043902438,0.4563107,0.8341463
2018-1-10T13-48-56,1515588536387,0.85365856,-0.024390243,0.46601942,0.85365856
2018-1-10T13-48-56,1515588536388,0.84390247,-0.004878049,0.4563107,0.84390247
2018-1-10T13-48-56,1515588536389,0.81463414,-0.034146342,0.44660193,0.81463414
2018-1-10T13-48-56,1515588536390,0.84390247,-0.06341463,0.44660193,0.84390247
2018-1-10T13-48-56,1515588536391,0.84390247,-0.024390243,0.4563107,0.84390247
2018-1-10T13-48-56,1515588536392,0.84390247,-0.024390243,0.4563107,0.84390247
2018-1-10T13-48-56,1515588536393,0.84390247,-0.024390243,0.4563107,0.84390247
2018-1-10T13-48-56,1515588536394,0.84390247,-0.024390243,0.4563107,0.84390247
2018-1-10T13-48-56,1515588536395,0.8341463,-0.024390243,0.46601942,0.8341463
2018-1-10T13-48-56,1515588536396,0.8341463,-0.043902438,0.44660193,0.8341463
2018-1-10T13-48-56,1515588536397,0.8341463,-0.024390243,0.44660193,0.8341463
2018-1-10T13-48-56,1515588536398,0.84390247,-0.034146342,0.44660193,0.84390247
2018-1-10T13-48-56,1515588536399,0.85365856,-0.024390243,0.4563107,0.85365856
2018-1-10T13-48-56,1515588536400,0.84390247,-0.024390243,0.46601942,0.84390247
2018-1-10T13-48-56,1515588536401,0.85365856,-0.014634146,0.4368932,0.85365856
2018-1-10T13-48-56,1515588536402,0.85365856,-0.07317073,0.46601942,0.85365856
2018-1-10T13-48-56,1515588536403,0.8341463,-0.024390243,0.46601942,0.8341463
2018-1-10T13-48-56,1515588536404,0.8926829,-0.024390243,0.46601942,0.8926829
2018-1-10T13-48-56,1515588536405,0.7853659,-0.014634146,0.4563107,0.7853659
2018-1-10T13-48-56,1515588536406,0.84390247,-0.034146342,0.44660193,0.84390247
2018-1-10T13-48-56,1515588536407,0.81463414,-0.034146342,0.44660193,0.81463414
2018-1-10T13-48-56,1515588536408,0.85365856,-0.024390243,0.4563107,0.85365856
2018-1-10T13-48-56,1515588536409,0.86341465,-0.014634146,0.46601942,0.86341465
2018-1-10T13-48-56,1515588536410,0.84390247,-0.034146342,0.4563107,0.84390247
2018-1-10T13-48-56,1515588536411,0.85365856,-0.024390243,0.44660193,0.85365856
2018-1-10T13-48-56,1515588536412,0.85365856,-0.014634146,0.4563107,0.85365856
2018-1-10T13-48-56,1515588536413,0.85365856,-0.043902438,0.4563107,0.85365856
2018-1-10T13-48-56,1515588536414,0.87317073,-0.053658538,0.44660193,0.87317073
2018-1-10T13-48-56,1515588536415,0.84390247,-0.034146342,0.4563107,0.84390247
2018-1-10T13-48-56,1515588536416,0.84390247,-0.024390243,0.44660193,0.84390247
2018-1-10T13-48-56,1515588536417,0.85365856,-0.024390243,0.46601942,0.85365856
2018-1-10T13-48-56,1515588536418,0.85365856,-0.053658538,0.4563107,0.85365856
2018-1-10T13-48-56,1515588536419,0.84390247,-0.014634146,0.44660193,0.84390247
2018-1-10T13-48-56,1515588536420,0.85365856,-0.024390243,0.44660193,0.85365856
2018-1-10T13-48-56,1515588536421,0.84390247,-0.043902438,0.4854369,0.84390247
2018-1-10T13-48-56,1515588536422,0.86341465,-0.014634146,0.44660193,0.86341465
2018-1-10T13-48-56,1515588536423,0.8341463,-0.024390243,0.4563107,0.8341463
2018-1-10T13-48-56,1515588536424,0.85365856,-0.06341463,0.4563107,0.85365856
2018-1-10T13-48-56,1515588536425,0.84390247,0.043902438,0.4563107,0.84390247
2018-1-10T13-48-56,1515588536426,0.8341463,-0.043902438,0.4563107,0.8341463
2018-1-10T13-48-56,1515588536427,0.84390247,-0.024390243,0.4563107,0.84390247
2018-1-10T13-48-56,1515588536428,0.84390247,-0.024390243,0.4563107,0.84390247
2018-1-10T13-48-56,1515588536429,0.84390247,-0.034146342,0.4563107,0.84390247
2018-1-10T13-48-56,1515588536430,0.8341463,-0.034146342,0.4563107,0.8341463
2018-1-10T13-48-56,1515588536431,0.81463414,-0.024390243,0.4563107,0.81463414
2018-1-10T13-48-56,1515588536432,0.84390247,-0.024390243,0.4563107,0.84390247
2018-1-10T13-48-56,1515588536433,0.85365856,-0.024390243,0.44660193,0.85365856
2018-1-10T13-48-56,1515588536434,0.84390247,-0.07317073,0.46601942,0.84390247
2018-1-10T13-48-56,1515588536435,0.85365856,-0.014634146,0.44660193,0.85365856
2018-1-10T13-48-56,1515588536436,0.84390247,-0.014634146,0.44660193,0.84390247
2018-1-10T13-48-56,1515588536437,0.84390247,-0.034146342,0.44660193,0.84390247
2018-1-10T13-48-56,1515588536438,0.85365856,-0.024390243,0.46601942,0.85365856
2018-1-10T13-48-56,1515588536439,0.81463414,-0.024390243,0.46601942,0.81463414
2018-1-10T13-48-56,1515588536440,0.84390247,-0.024390243,0.46601942,0.84390247
2018-1-10T13-48-56,1515588536441,0.85365856,-0.034146342,0.44660193,0.85365856
2018-1-10T13-48-56,1515588536442,0.8829268,0.004878049,0.46601942,0.8829268
2018-1-10T13-48-56,1515588536443,0.85365856,-0.043902438,0.44660193,0.85365856
2018-1-10T13-48-56,1515588536444,0.8341463,-0.024390243,0.44660193,0.8341463
2018-1-10T13-48-56,1515588536445,0.84390247,-0.024390243,0.44660193,0.84390247
2018-1-10T13-48-56,1515588536446,0.84390247,-0.014634146,0.4563107,0.84390247
2018-1-10T13-48-56,1515588536447,0.84390247,-0.024390243,0.44660193,0.84390247
2018-1-10T13-48-56,1515588536448,0.85365856,0.004878049,0.46601942,0.85365856
2018-1-10T13-48-56,1515588536449,0.82439023,-0.014634146,0.44660193,0.82439023
2018-1-10T13-48-56,1515588536450,0.8341463,-0.043902438,0.4563107,0.8341463
2018-1-10T13-48-56,1515588536451,0.85365856,-0.024390243,0.44660193,0.85365856
2018-1-10T13-48-56,1515588536452,0.84390247,-0.024390243,0.4563107,0.84390247
2018-1-10T13-48-56,1515588536453,0.84390247,-0.014634146,0.47572815,0.84390247
2018-1-10T13-48-56,1515588536454,0.84390247,-0.024390243,0.44660193,0.84390247
2018-1-10T13-48-56,1515588536455,0.84390247,0.034146342,0.4563107,0.84390247
2018-1-10T13-48-56,1515588536456,0.84390247,0.004878049,0.44660193,0.84390247
2018-1-10T13-48-56,1515588536457,0.84390247,0.043902438,0.4563107,0.84390247
2018-1-10T13-48-56,1515588536458,0.84390247,-0.024390243,0.47572815,0.84390247
2018-1-10T13-48-56,1515588536459,0.8341463,-0.024390243,0.4563107,0.8341463
2018-1-10T13-48-56,1515588536460,0.84390247,-0.024390243,0.44660193,0.84390247
2018-1-10T13-48-56,1515588536461,0.85365856,-0.024390243,0.4563107,0.85365856
2018-1-10T13-48-56,1515588536462,0.8341463,-0.024390243,0.44660193,0.8341463
2018-1-10T13-48-56,1515588536463,0.84390247,-0.024390243,0.4563107,0.84390247
2018-1-10T13-48-56,1515588536464,0.82439023,-0.034146342,0.4563107,0.82439023
2018-1-10T13-48-56,1515588536465,0.85365856,-0.014634146,0.44660193,0.85365856
2018-1-10T13-48-56,1515588536466,0.84390247,-0.014634146,0.4563107,0.84390247
2018-1-10T13-48-56,1515588536467,0.85365856,-0.014634146,0.407767,0.85365856
2018-1-10T13-48-56,1515588536468,0.84390247,-0.034146342,0.5145631,0.84390247
2018-1-10T13-48-56,1515588536469,0.85365856,-0.034146342,0.4563107,0.85365856
2018-1-10T13-48-56,1515588536470,0.86341465,-0.034146342,0.4563107,0.86341465
2018-1-10T13-48-56,1515588536471,0.84390247,-0.024390243,0.4563107,0.84390247
2018-1-10T13-48-56,1515588536472,0.84390247,0.043902438,0.4563107,0.84390247
2018-1-10T13-48-56,1515588536473,0.84390247,-0.034146342,0.44660193,0.84390247
2018-1-10T13-48-56,1515588536474,0.85365856,-0.043902438,0.4563107,0.85365856
2018-1-10T13-48-56,1515588536475,0.84390247,-0.034146342,0.4563107,0.84390247
2018-1-10T13-48-56,1515588536476,0.84390247,-0.024390243,0.4563107,0.84390247
2018-1-10T13-48-56,1515588536477,0.84390247,-0.024390243,0.47572815,0.84390247
2018-1-10T13-48-56,1515588536478,0.7853659,-0.06341463,0.4563107,0.7853659
2018-1-10T13-48-56,1515588536479,0.84390247,0.014634146,0.4563107,0.84390247
2018-1-10T13-48-56,1515588536480,0.85365856,-0.014634146,0.44660193,0.85365856
2018-1-10T13-48-56,1515588536481,0.8341463,-0.024390243,0.46601942,0.8341463
2018-1-10T13-48-56,1515588536482,0.84390247,-0.034146342,0.4563107,0.84390247
2018-1-10T13-48-56,1515588536483,0.8341463,-0.024390243,0.4563107,0.8341463
2018-1-10T13-48-56,1515588536484,0.84390247,-0.024390243,0.4563107,0.84390247
2018-1-10T13-48-56,1515588536485,0.84390247,-0.024390243,0.46601942,0.84390247
2018-1-10T13-48-56,1515588536486,0.8341463,-0.014634146,0.44660193,0.8341463
2018-1-10T13-48-56,1515588536487,0.82439023,0.053658538,0.4563107,0.82439023
2018-1-10T13-48-56,1515588536488,0.84390247,-0.024390243,0.44660193,0.84390247
2018-1-10T13-48-56,1515588536489,0.84390247,0.034146342,0.44660193,0.84390247
2018-1-10T13-48-56,1515588536490,0.8341463,-0.024390243,0.4563107,0.8341463
2018-1-10T13-48-56,1515588536491,0.84390247,-0.024390243,0.44660193,0.84390247
2018-1-10T13-48-56,1515588536492,0.8341463,-0.024390243,0.4563107,0.8341463
2018-1-10T13-48-56,1515588536493,0.8341463,-0.034146342,0.46601942,0.8341463
2018-1-10T13-48-56,1515588536494,0.85365856,-0.034146342,0.44660193,0.85365856
2018-1-10T13-48-56,1515588536495,0.8341463,-0.034146342,0.4563107,0.8341463
2018-1-10T13-48-56,1515588536496,0.85365856,-0.024390243,0.4563107,0.85365856
2018-1-10T13-48-56,1515588536497,0.86341465,-0.024390243,0.4563107,0.86341465
2018-1-10T13-48-56,1515588536498,0.85365856,-0.024390243,0.46601942,0.85365856
2018-1-10T13-48-56,1515588536499,0.8829268,-0.014634146,0.4563107,0.8829268
2018-1-10T13-48-56,1515588536500,0.85365856,-0.043902438,0.4563107,0.85365856
2018-1-10T13-48-56,1515588536501,0.84390247,-0.014634146,0.46601942,0.84390247
2018-1-10T13-48-56,1515588536502,0.85365856,-0.09268293,0.4563107,0.85365856
2018-1-10T13-48-56,1515588536503,0.84390247,-0.024390243,0.44660193,0.84390247
2018-1-10T13-48-56,1515588536504,0.85365856,-0.014634146,0.44660193,0.85365856
2018-1-10T13-48-56,1515588536505,0.84390247,-0.024390243,0.44660193,0.84390247
2018-1-10T13-48-56,1515588536506,0.85365856,-0.024390243,0.44660193,0.85365856
2018-1-10T13-48-56,1515588536507,0.84390247,-0.043902438,0.44660193,0.84390247
2018-1-10T13-48-56,1515588536508,0.84390247,-0.034146342,0.44660193,0.84390247
2018-1-10T13-48-56,1515588536509,0.84390247,-0.024390243,0.44660193,0.84390247
2018-1-10T13-48-56,1515588536510,0.84390247,-0.014634146,0.44660193,0.84390247
2018-1-10T13-48-56,1515588536511,0.84390247,-0.10243902,0.44660193,0.84390247
2018-1-10T13-48-56,1515588536512,0.8341463,-0.034146342,0.4563107,0.8341463
2018-1-10T13-48-56,1515588536513,0.82439023,-0.043902438,0.4368932,0.82439023
2018-1-10T13-48-56,1515588536514,0.84390247,-0.034146342,0.44660193,0.84390247
2018-1-10T13-48-56,1515588536515,0.85365856,-0.06341463,0.4563107,0.85365856
2018-1-10T13-48-56,1515588536516,0.85365856,-0.014634146,0.44660193,0.85365856
2018-1-10T13-48-56,1515588536517,0.85365856,-0.014634146,0.4368932,0.85365856
2018-1-10T13-48-56,1515588536518,0.84390247,-0.034146342,0.4563107,0.84390247
2018-1-10T13-48-56,1515588536519,0.86341465,-0.043902438,0.44660193,0.86341465
2018-1-10T13-48-56,1515588536520,0.84390247,-0.024390243,0.4563107,0.84390247
2018-1-10T13-48-56,1515588536521,0.86341465,-0.053658538,0.44660193,0.86341465
2018-1-10T13-48-56,1515588536522,0.85365856,-0.053658538,0.44660193,0.85365856
2018-1-10T13-48-56,1515588536523,0.85365856,-0.024390243,0.4563107,0.85365856
2018-1-10T13-48-56,1515588536524,0.85365856,-0.043902438,0.46601942,0.85365856
2018-1-10T13-48-56,1515588536525,0.79512197,-0.024390243,0.46601942,0.79512197
2018-1-10T13-48-56,1515588536526,0.84390247,-0.034146342,0.44660193,0.84390247
2018-1-10T13-48-56,1515588536527,0.84390247,-0.034146342,0.44660193,0.84390247
2018-1-10T13-48-56,1515588536528,0.85365856,-0.014634146,0.44660193,0.85365856
2018-1-10T13-48-56,1515588536529,0.86341465,-0.024390243,0.4563107,0.86341465
2018-1-10T13-48-56,1515588536530,0.84390247,-0.024390243,0.4368932,0.84390247
2018-1-10T13-48-56,1515588536531,0.84390247,-0.024390243,0.44660193,0.84390247
2018-1-10T13-48-56,1515588536532,0.86341465,-0.004878049,0.4563107,0.86341465
2018-1-10T13-48-56,1515588536533,0.85365856,-0.004878049,0.44660193,0.85365856
2018-1-10T13-48-56,1515588536534,0.85365856,-0.09268293,0.44660193,0.85365856
2018-1-10T13-48-56,1515588536535,0.84390247,-0.024390243,0.4563107,0.84390247
2018-1-10T13-48-56,1515588536536,0.85365856,-0.024390243,0.44660193,0.85365856
2018-1-10T13-48-56,1515588536537,0.8341463,-0.024390243,0.4563107,0.8341463
2018-1-10T13-48-56,1515588536538,0.82439023,-0.034146342,0.44660193,0.82439023
2018-1-10T13-48-56,1515588536539,0.84390247,-0.034146342,0.47572815,0.84390247
2018-1-10T13-48-56,1515588536540,0.84390247,-0.024390243,0.44660193,0.84390247
2018-1-10T13-48-56,1515588536541,0.84390247,0.034146342,0.4563107,0.84390247
2018-1-10T13-48-56,1515588536542,0.85365856,-0.053658538,0.4563107,0.85365856
2018-1-10T13-48-56,1515588536543,0.84390247,-0.024390243,0.44660193,0.84390247
2018-1-10T13-48-56,1515588536544,0.85365856,-0.034146342,0.44660193,0.85365856
2018-1-10T13-48-56,1515588536545,0.85365856,-0.014634146,0.46601942,0.85365856
2018-1-10T13-48-56,1515588536546,0.84390247,-0.024390243,0.4563107,0.84390247
2018-1-10T13-48-56,1515588536547,0.85365856,-0.034146342,0.4563107,0.85365856
2018-1-10T13-48-56,1515588536548,0.84390247,-0.024390243,0.4563107,0.84390247
2018-1-10T13-48-56,1515588536549,0.84390247,-0.024390243,0.47572815,0.84390247
2018-1-10T13-48-56,1515588536550,0.84390247,-0.034146342,0.4563107,0.84390247
2018-1-10T13-48-56,1515588536551,0.84390247,-0.024390243,0.44660193,0.84390247
2018-1-10T13-48-56,1515588536552,0.84390247,-0.034146342,0.4563107,0.84390247
2018-1-10T13-48-56,1515588536553,0.84390247,0.034146342,0.4563107,0.84390247
2018-1-10T13-48-56,1515588536554,0.84390247,-0.024390243,0.44660193,0.84390247
2018-1-10T13-48-56,1515588536555,0.85365856,-0.024390243,0.44660193,0.85365856
2018-1-10T13-48-56,1515588536556,0.84390247,-0.034146342,0.4563107,0.84390247
2018-1-10T13-48-56,1515588536557,0.84390247,-0.034146342,0.44660193,0.84390247
2018-1-10T13-48-56,1515588536558,0.8341463,-0.024390243,0.46601942,0.8341463
2018-1-10T13-48-56,1515588536559,0.85365856,0.034146342,0.46601942,0.85365856
2018-1-10T13-48-56,1515588536560,0.84390247,-0.004878049,0.44660193,0.84390247
2018-1-10T13-48-56,1515588536561,0.84390247,-0.014634146,0.46601942,0.84390247
2018-1-10T13-48-56,1515588536562,0.84390247,-0.024390243,0.46601942,0.84390247
2018-1-10T13-48-56,1515588536563,0.84390247,-0.024390243,0.46601942,0.84390247
2018-1-10T13-48-56,1515588536564,0.85365856,-0.034146342,0.46601942,0.85365856
2018-1-10T13-48-56,1515588536565,0.84390247,-0.024390243,0.47572815,0.84390247
2018-1-10T13-48-56,1515588536566,0.80487806,-0.024390243,0.4563107,0.80487806
2018-1-10T13-48-56,1515588536567,0.82439023,-0.024390243,0.4563107,0.82439023
2018-1-10T13-48-56,1515588536568,0.82439023,-0.004878049,0.46601942,0.82439023
2018-1-10T13-48-56,1515588536569,0.85365856,-0.024390243,0.44660193,0.85365856
2018-1-10T13-48-56,1515588536570,0.84390247,-0.024390243,0.47572815,0.84390247
2018-1-10T13-48-56,1515588536571,0.84390247,-0.043902438,0.4563107,0.84390247
2018-1-10T13-48-56,1515588536572,0.82439023,-0.034146342,0.4563107,0.82439023
2018-1-10T13-48-56,1515588536573,0.84390247,-0.024390243,0.4563107,0.84390247
2018-1-10T13-48-56,1515588536574,0.84390247,-0.043902438,0.4368932,0.84390247
2018-1-10T13-48-56,1515588536575,0.80487806,-0.07317073,0.4563107,0.80487806
2018-1-10T13-48-56,1515588536576,0.84390247,-0.024390243,0.4563107,0.84390247
2018-1-10T13-48-56,1515588536577,0.84390247,-0.004878049,0.44660193,0.84390247
2018-1-10T13-48-56,1515588536578,0.84390247,-0.014634146,0.4563107,0.84390247
2018-1-10T13-48-56,1515588536579,0.84390247,-0.034146342,0.44660193,0.84390247
2018-1-10T13-48-56,1515588536580,0.85365856,-0.024390243,0.4563107,0.85365856
2018-1-10T13-48-56,1515588536581,0.8341463,-0.024390243,0.46601942,0.8341463
2018-1-10T13-48-56,1515588536582,0.8341463,-0.024390243,0.4563107,0.8341463
2018-1-10T13-48-56,1515588536583,0.84390247,0.053658538,0.39805827,0.84390247
2018-1-10T13-48-56,1515588536584,0.84390247,-0.024390243,0.4368932,0.84390247
2018-1-10T13-48-56,1515588536585,0.85365856,-0.024390243,0.4563107,0.85365856
2018-1-10T13-48-56,1515588536586,0.85365856,-0.024390243,0.46601942,0.85365856
2018-1-10T13-48-56,1515588536587,0.8341463,-0.034146342,0.44660193,0.8341463
2018-1-10T13-48-56,1515588536588,0.84390247,-0.034146342,0.4368932,0.84390247
2018-1-10T13-48-56,1515588536589,0.84390247,-0.014634146,0.4563107,0.84390247
2018-1-10T13-48-56,1515588536590,0.84390247,-0.053658538,0.4563107,0.84390247
2018-1-10T13-48-56,1515588536591,0.8341463,-0.024390243,0.44660193,0.8341463
2018-1-10T13-48-56,1515588536592,0.85365856,-0.034146342,0.4563107,0.85365856
2018-1-10T13-48-56,1515588536593,0.84390247,-0.034146342,0.46601942,0.84390247
2018-1-10T13-48-56,1515588536594,0.84390247,-0.024390243,0.46601942,0.84390247
2018-1-10T13-48-56,1515588536595,0.85365856,-0.034146342,0.4563107,0.85365856
2018-1-10T13-48-56,1515588536596,0.85365856,-0.034146342,0.4563107,0.85365856
2018-1-10T13-48-56,1515588536597,0.84390247,-0.034146342,0.4563107,0.84390247
2018-1-10T13-48-56,1515588536598,0.81463414,-0.034146342,0.4563107,0.81463414
2018-1-10T13-48-56,1515588536599,0.84390247,-0.024390243,0.41747573,0.84390247
2018-1-10T13-48-56,1515588536600,0.85365856,-0.034146342,0.42718446,0.85365856
2018-1-10T13-48-56,1515588536601,0.85365856,-0.034146342,0.4563107,0.85365856
2018-1-10T13-48-56,1515588536602,0.84390247,-0.024390243,0.44660193,0.84390247
2018-1-10T13-48-56,1515588536603,0.85365856,-0.014634146,0.44660193,0.85365856
2018-1-10T13-48-56,1515588536604,0.85365856,-0.034146342,0.4368932,0.85365856
2018-1-10T13-48-56,1515588536605,0.84390247,-0.014634146,0.44660193,0.84390247
2018-1-10T13-48-56,1515588536606,0.8341463,-0.043902438,0.4368932,0.8341463
2018-1-10T13-48-56,1515588536607,0.86341465,-0.024390243,0.4368932,0.86341465
2018-1-10T13-48-56,1515588536608,0.84390247,-0.024390243,0.44660193,0.84390247
2018-1-10T13-48-56,1515588536609,0.85365856,-0.024390243,0.4368932,0.85365856
2018-1-10T13-48-56,1515588536610,0.84390247,-0.034146342,0.44660193,0.84390247
2018-1-10T13-48-56,1515588536611,0.85365856,-0.014634146,0.44660193,0.85365856
2018-1-10T13-48-56,1515588536612,0.84390247,-0.024390243,0.4368932,0.84390247
2018-1-10T13-48-56,1515588536613,0.85365856,-0.014634146,0.4563107,0.85365856
2018-1-10T13-48-56,1515588536614,0.8926829,-0.014634146,0.4563107,0.8926829
2018-1-10T13-48-56,1515588536615,0.7853659,-0.034146342,0.4368932,0.7853659
2018-1-10T13-48-56,1515588536616,0.8341463,-0.014634146,0.4368932,0.8341463
2018-1-10T13-48-56,1515588536617,0.85365856,-0.024390243,0.44660193,0.85365856
2018-1-10T13-48-56,1515588536618,0.87317073,-0.024390243,0.44660193,0.87317073
2018-1-10T13-48-56,1515588536619,0.8341463,-0.024390243,0.46601942,0.8341463
2018-1-10T13-48-56,1515588536620,0.84390247,-0.024390243,0.4563107,0.84390247
2018-1-10T13-48-56,1515588536621,0.85365856,-0.004878049,0.4563107,0.85365856
2018-1-10T13-48-56,1515588536622,0.85365856,-0.024390243,0.5145631,0.85365856
2018-1-10T13-48-56,1515588536623,0.8341463,-0.024390243,0.4854369,0.8341463
2018-1-10T13-48-56,1515588536624,0.79512197,-0.024390243,0.4563107,0.79512197
2018-1-10T13-48-56,1515588536625,0.85365856,-0.014634146,0.4368932,0.85365856
2018-1-10T13-48-56,1515588536626,0.85365856,-0.014634146,0.4563107,0.85365856
2018-1-10T13-48-56,1515588536627,0.84390247,-0.014634146,0.44660193,0.84390247
2018-1-10T13-48-56,1515588536628,0.84390247,-0.024390243,0.4563107,0.84390247
2018-1-10T13-48-56,1515588536629,0.8341463,-0.024390243,0.4563107,0.8341463
2018-1-10T13-48-56,1515588536630,0.7853659,-0.014634146,0.44660193,0.7853659
2018-1-10T13-48-56,1515588536631,0.84390247,-0.014634146,0.44660193,0.84390247
2018-1-10T13-48-56,1515588536632,0.84390247,-0.024390243,0.47572815,0.84390247
2018-1-10T13-48-56,1515588536633,0.8829268,-0.034146342,0.44660193,0.8829268
2018-1-10T13-48-56,1515588536634,0.7853659,-0.024390243,0.4563107,0.7853659
2018-1-10T13-48-56,1515588536635,0.84390247,-0.024390243,0.46601942,0.84390247
2018-1-10T13-48-56,1515588536636,0.8341463,-0.09268293,0.4563107,0.8341463
2018-1-10T13-48-56,1515588536637,0.84390247,-0.024390243,0.44660193,0.84390247
2018-1-10T13-48-56,1515588536638,0.84390247,-0.014634146,0.44660193,0.84390247
2018-1-10T13-48-56,1515588536639,0.8341463,-0.034146342,0.44660193,0.8341463
2018-1-10T13-48-56,1515588536640,0.8341463,-0.014634146,0.4563107,0.8341463
2018-1-10T13-48-56,1515588536641,0.8341463,-0.024390243,0.4563107,0.8341463
2018-1-10T13-48-56,1515588536642,0.8341463,-0.034146342,0.4563107,0.8341463
2018-1-10T13-48-56,1515588536643,0.8341463,-0.024390243,0.44660193,0.8341463
2018-1-10T13-48-56,1515588536644,0.85365856,-0.034146342,0.4563107,0.85365856
2018-1-10T13-48-56,1515588536645,0.85365856,-0.024390243,0.46601942,0.85365856
2018-1-10T13-48-56,1515588536646,0.86341465,-0.024390243,0.44660193,0.86341465
2018-1-10T13-48-56,1515588536647,0.85365856,-0.043902438,0.4563107,0.85365856
2018-1-10T13-48-56,1515588536648,0.84390247,-0.024390243,0.44660193,0.84390247
2018-1-10T13-48-56,1515588536649,0.8341463,-0.07317073,0.46601942,0.8341463
2018-1-10T13-48-56,1515588536650,0.84390247,-0.024390243,0.46601942,0.84390247
2018-1-10T13-48-56,1515588536651,0.8341463,-0.024390243,0.44660193,0.8341463
2018-1-10T13-48-56,1515588536652,0.84390247,-0.014634146,0.4563107,0.84390247
2018-1-10T13-48-56,1515588536653,0.85365856,-0.024390243,0.4563107,0.85365856
2018-1-10T13-48-56,1515588536654,0.7853659,-0.024390243,0.46601942,0.7853659
2018-1-10T13-48-56,1515588536655,0.84390247,-0.024390243,0.44660193,0.84390247
2018-1-10T13-48-56,1515588536656,0.84390247,-0.024390243,0.4563107,0.84390247
2018-1-10T13-48-56,1515588536657,0.84390247,-0.014634146,0.4563107,0.84390247
2018-1-10T13-48-56,1515588536658,0.84390247,-0.014634146,0.4563107,0.84390247
2018-1-10T13-48-56,1515588536659,0.8341463,-0.034146342,0.4563107,0.8341463
2018-1-10T13-48-56,1515588536660,0.82439023,-0.014634146,0.4563107,0.82439023
2018-1-10T13-48-56,1515588536661,0.85365856,-0.014634146,0.4563107,0.85365856
2018-1-10T13-48-56,1515588536662,0.84390247,-0.014634146,0.4563107,0.84390247
2018-1-10T13-48-56,1515588536663,0.84390247,0.014634146,0.46601942,0.84390247
2018-1-10T13-48-56,1515588536664,0.84390247,-0.014634146,0.47572815,0.84390247
2018-1-10T13-48-56,1515588536665,0.8341463,-0.034146342,0.4368932,0.8341463
2018-1-10T13-48-56,1515588536666,0.84390247,-0.024390243,0.46601942,0.84390247
2018-1-10T13-48-56,1515588536667,0.80487806,-0.024390243,0.46601942,0.80487806
2018-1-10T13-48-56,1515588536668,0.8341463,-0.043902438,0.44660193,0.8341463
2018-1-10T13-48-56,1515588536669,0.84390247,-0.034146342,0.47572815,0.84390247
2018-1-10T13-48-56,1515588536670,0.85365856,-0.024390243,0.46601942,0.85365856
2018-1-10T13-48-56,1515588536671,0.8829268,-0.024390243,0.4563107,0.8829268
2018-1-10T13-48-56,1515588536672,0.8341463,-0.034146342,0.46601942,0.8341463
2018-1-10T13-48-56,1515588536673,0.84390247,-0.024390243,0.44660193,0.84390247
2018-1-10T13-48-56,1515588536674,0.85365856,-0.024390243,0.4563107,0.85365856
2018-1-10T13-48-56,1515588536675,0.85365856,-0.024390243,0.47572815,0.85365856
2018-1-10T13-48-56,1515588536676,0.87317073,-0.024390243,0.4563107,0.87317073
2018-1-10T13-48-56,1515588536677,0.84390247,-0.043902438,0.4563107,0.84390247
2018-1-10T13-48-56,1515588536678,0.86341465,-0.014634146,0.4563107,0.86341465
2018-1-10T13-48-56,1515588536679,0.84390247,-0.024390243,0.4563107,0.84390247
2018-1-10T13-48-56,1515588536680,0.8341463,-0.024390243,0.4563107,0.8341463
2018-1-10T13-48-56,1515588536681,0.86341465,-0.034146342,0.4563107,0.86341465
2018-1-10T13-48-56,1515588536682,0.85365856,-0.024390243,0.44660193,0.85365856
2018-1-10T13-48-56,1515588536683,0.8341463,-0.024390243,0.4563107,0.8341463
2018-1-10T13-48-56,1515588536684,0.84390247,-0.024390243,0.4563107,0.84390247
2018-1-10T13-48-56,1515588536685,0.8926829,0.004878049,0.44660193,0.8926829
2018-1-10T13-48-56,1515588536686,0.8341463,-0.024390243,0.42718446,0.8341463
2018-1-10T13-48-56,1515588536687,0.84390247,-0.024390243,0.44660193,0.84390247
2018-1-10T13-48-56,1515588536688,0.84390247,-0.014634146,0.4563107,0.84390247
2018-1-10T13-48-56,1515588536689,0.86341465,-0.014634146,0.44660193,0.86341465
2018-1-10T13-48-56,1515588536690,0.84390247,-0.034146342,0.44660193,0.84390247
2018-1-10T13-48-56,1515588536691,0.85365856,-0.024390243,0.44660193,0.85365856
2018-1-10T13-48-56,1515588536692,0.84390247,-0.034146342,0.44660193,0.84390247
2018-1-10T13-48-56,1515588536693,0.85365856,-0.014634146,0.44660193,0.85365856
2018-1-10T13-48-56,1515588536694,0.8341463,-0.024390243,0.4563107,0.8341463
2018-1-10T13-48-56,1515588536695,0.85365856,-0.034146342,0.4563107,0.85365856
2018-1-10T13-48-56,1515588536696,0.84390247,-0.034146342,0.4563107,0.84390247
2018-1-10T13-48-56,1515588536697,0.86341465,-0.024390243,0.44660193,0.86341465
2018-1-10T13-48-56,1515588536698,0.86341465,-0.024390243,0.44660193,0.86341465
2018-1-10T13-48-56,1515588536699,0.79512197,-0.053658538,0.42718446,0.79512197
2018-1-10T13-48-56,1515588536700,0.84390247,-0.024390243,0.4563107,0.84390247
2018-1-10T13-48-56,1515588536701,0.85365856,-0.024390243,0.44660193,0.85365856
2018-1-10T13-48-56,1515588536702,0.85365856,-0.024390243,0.4563107,0.85365856
2018-1-10T13-48-56,1515588536703,0.84390247,-0.024390243,0.4563107,0.84390247
2018-1-10T13-48-56,1515588536704,0.84390247,-0.034146342,0.44660193,0.84390247
2018-1-10T13-48-56,1515588536705,0.84390247,-0.043902438,0.44660193,0.84390247
2018-1-10T13-48-56,1515588536706,0.85365856,-0.034146342,0.4563107,0.85365856
2018-1-10T13-48-56,1515588536707,0.86341465,-0.034146342,0.4563107,0.86341465
2018-1-10T13-48-56,1515588536708,0.8926829,-0.034146342,0.4368932,0.8926829
2018-1-10T13-48-56,1515588536709,0.84390247,-0.034146342,0.4563107,0.84390247
2018-1-10T13-48-56,1515588536710,0.84390247,-0.024390243,0.4563107,0.84390247
2018-1-10T13-48-56,1515588536711,0.84390247,-0.014634146,0.4563107,0.84390247
2018-1-10T13-48-56,1515588536712,0.84390247,-0.024390243,0.4563107,0.84390247
2018-1-10T13-48-56,1515588536713,0.8341463,-0.043902438,0.42718446,0.8341463
2018-1-10T13-48-56,1515588536714,0.7853659,-0.024390243,0.4563107,0.7853659
2018-1-10T13-48-56,1515588536715,0.85365856,-0.014634146,0.4563107,0.85365856
2018-1-10T13-48-56,1515588536716,0.85365856,-0.024390243,0.44660193,0.85365856
2018-1-10T13-48-56,1515588536717,0.85365856,-0.034146342,0.4368932,0.85365856
2018-1-10T13-48-56,1515588536718,0.84390247,-0.034146342,0.4563107,0.84390247
2018-1-10T13-48-56,1515588536719,0.85365856,0.06341463,0.4563107,0.85365856
2018-1-10T13-48-56,1515588536720,0.85365856,-0.034146342,0.4563107,0.85365856
2018-1-10T13-48-56,1515588536721,0.84390247,-0.034146342,0.4563107,0.84390247
2018-1-10T13-48-56,1515588536722,0.84390247,0.034146342,0.4563107,0.84390247
2018-1-10T13-48-56,1515588536723,0.84390247,-0.034146342,0.46601942,0.84390247
2018-1-10T13-48-56,1515588536724,0.84390247,-0.024390243,0.46601942,0.84390247
2018-1-10T13-48-56,1515588536725,0.85365856,-0.053658538,0.4563107,0.85365856
2018-1-10T13-48-56,1515588536726,0.8341463,-0.034146342,0.44660193,0.8341463
2018-1-10T13-48-56,1515588536727,0.86341465,-0.024390243,0.4563107,0.86341465
2018-1-10T13-48-56,1515588536728,0.8341463,-0.024390243,0.4563107,0.8341463
2018-1-10T13-48-56,1515588536729,0.84390247,-0.024390243,0.4563107,0.84390247
2018-1-10T13-48-56,1515588536730,0.84390247,-0.024390243,0.4563107,0.84390247
2018-1-10T13-48-56,1515588536731,0.8341463,-0.024390243,0.4563107,0.8341463
2018-1-10T13-48-56,1515588536732,0.84390247,-0.034146342,0.4563107,0.84390247
2018-1-10T13-48-56,1515588536733,0.84390247,-0.024390243,0.4563107,0.84390247
2018-1-10T13-48-56,1515588536734,0.84390247,-0.10243902,0.44660193,0.84390247
2018-1-10T13-48-56,1515588536735,0.84390247,-0.024390243,0.4563107,0.84390247
2018-1-10T13-48-56,1515588536736,0.8829268,-0.034146342,0.4368932,0.8829268
2018-1-10T13-48-56,1515588536737,0.85365856,-0.07317073,0.4563107,0.85365856
2018-1-10T13-48-56,1515588536738,0.84390247,-0.053658538,0.4563107,0.84390247
2018-1-10T13-48-56,1515588536739,0.91219515,-0.024390243,0.44660193,0.91219515
2018-1-10T13-48-56,1515588536740,0.8341463,-0.024390243,0.4563107,0.8341463
2018-1-10T13-48-56,1515588536741,0.85365856,-0.024390243,0.44660193,0.85365856
2018-1-10T13-48-56,1515588536742,0.85365856,0.014634146,0.44660193,0.85365856
2018-1-10T13-48-56,1515588536743,0.84390247,-0.08292683,0.4563107,0.84390247
2018-1-10T13-48-56,1515588536744,0.85365856,-0.024390243,0.4563107,0.85365856
2018-1-10T13-48-56,1515588536745,0.84390247,-0.014634146,0.4563107,0.84390247
2018-1-10T13-48-56,1515588536746,0.84390247,-0.034146342,0.46601942,0.84390247
2018-1-10T13-48-56,1515588536747,0.8341463,-0.024390243,0.4563107,0.8341463
2018-1-10T13-48-56,1515588536748,0.85365856,-0.024390243,0.46601942,0.85365856
2018-1-10T13-48-56,1515588536749,0.84390247,-0.024390243,0.4563107,0.84390247
2018-1-10T13-48-56,1515588536750,0.84390247,-0.004878049,0.44660193,0.84390247
2018-1-10T13-48-56,1515588536751,0.86341465,-0.053658538,0.4563107,0.86341465
2018-1-10T13-48-56,1515588536752,0.82439023,-0.024390243,0.44660193,0.82439023
2018-1-10T13-48-56,1515588536753,0.85365856,-0.034146342,0.44660193,0.85365856
2018-1-10T13-48-56,1515588536754,0.84390247,-0.034146342,0.44660193,0.84390247
2018-1-10T13-48-56,1515588536755,0.77560973,-0.034146342,0.4368932,0.77560973
2018-1-10T13-48-56,1515588536756,0.85365856,-0.043902438,0.46601942,0.85365856
2018-1-10T13-48-56,1515588536757,0.84390247,-0.053658538,0.44660193,0.84390247
2018-1-10T13-48-56,1515588536758,0.84390247,-0.034146342,0.4563107,0.84390247
2018-1-10T13-48-56,1515588536759,0.8341463,-0.034146342,0.4368932,0.8341463
2018-1-10T13-48-56,1515588536760,0.84390247,-0.014634146,0.44660193,0.84390247
2018-1-10T13-48-56,1515588536761,0.84390247,-0.024390243,0.4563107,0.84390247
2018-1-10T13-48-56,1515588536762,0.86341465,-0.024390243,0.46601942,0.86341465
2018-1-10T13-48-56,1515588536763,0.84390247,-0.034146342,0.52427185,0.84390247
2018-1-10T13-48-56,1515588536764,0.87317073,-0.024390243,0.4563107,0.87317073
2018-1-10T13-48-56,1515588536765,0.84390247,-0.034146342,0.4563107,0.84390247
2018-1-10T13-48-56,1515588536766,0.84390247,-0.014634146,0.4563107,0.84390247
2018-1-10T13-48-56,1515588536767,0.84390247,-0.024390243,0.44660193,0.84390247
2018-1-10T13-48-56,1515588536768,0.84390247,-0.024390243,0.4563107,0.84390247
2018-1-10T13-48-56,1515588536769,0.8341463,-0.014634146,0.4563107,0.8341463
2018-1-10T13-48-56,1515588536770,0.85365856,-0.034146342,0.44660193,0.85365856
2018-1-10T13-48-56,1515588536771,0.85365856,-0.014634146,0.4563107,0.85365856
2018-1-10T13-48-56,1515588536772,0.8341463,-0.024390243,0.44660193,0.8341463
2018-1-10T13-48-56,1515588536773,0.84390247,-0.024390243,0.44660193,0.84390247
2018-1-10T13-48-56,1515588536774,0.85365856,-0.034146342,0.46601942,0.85365856
2018-1-10T13-48-56,1515588536775,0.84390247,-0.024390243,0.4563107,0.84390247
2018-1-10T13-48-56,1515588536776,0.82439023,-0.024390243,0.4563107,0.82439023
2018-1-10T13-48-56,1515588536777,0.8341463,-0.034146342,0.4368932,0.8341463
2018-1-10T13-48-56,1515588536778,0.84390247,-0.024390243,0.5048544,0.84390247
2018-1-10T13-48-56,1515588536779,0.85365856,-0.014634146,0.4563107,0.85365856
2018-1-10T13-48-56,1515588536780,0.84390247,-0.043902438,0.46601942,0.84390247
2018-1-10T13-48-56,1515588536781,0.84390247,-0.014634146,0.44660193,0.84390247
2018-1-10T13-48-56,1515588536782,0.81463414,-0.06341463,0.44660193,0.81463414
2018-1-10T13-48-56,1515588536783,0.86341465,-0.004878049,0.4563107,0.86341465
2018-1-10T13-48-56,1515588536784,0.84390247,-0.024390243,0.4368932,0.84390247
2018-1-10T13-48-56,1515588536785,0.84390247,-0.004878049,0.4563107,0.84390247
2018-1-10T13-48-56,1515588536786,0.7853659,-0.014634146,0.44660193,0.7853659
2018-1-10T13-48-56,1515588536787,0.85365856,0.024390243,0.4563107,0.85365856
2018-1-10T13-48-56,1515588536788,0.80487806,-0.034146342,0.46601942,0.80487806
2018-1-10T13-48-56,1515588536789,0.8341463,-0.034146342,0.46601942,0.8341463
2018-1-10T13-48-56,1515588536790,0.84390247,-0.034146342,0.4563107,0.84390247
2018-1-10T13-48-56,1515588536791,0.84390247,-0.024390243,0.44660193,0.84390247
2018-1-10T13-48-56,1515588536792,0.84390247,-0.024390243,0.46601942,0.84390247
2018-1-10T13-48-56,1515588536793,0.84390247,-0.014634146,0.4563107,0.84390247
2018-1-10T13-48-56,1515588536794,0.8341463,-0.024390243,0.4563107,0.8341463
2018-1-10T13-48-56,1515588536795,0.84390247,-0.014634146,0.46601942,0.84390247
2018-1-10T13-48-56,1515588536796,0.8829268,-0.024390243,0.4563107,0.8829268
2018-1-10T13-48-56,1515588536797,0.84390247,-0.014634146,0.46601942,0.84390247
2018-1-10T13-48-56,1515588536798,0.8341463,-0.024390243,0.44660193,0.8341463
2018-1-10T13-48-56,1515588536799,0.80487806,-0.024390243,0.46601942,0.80487806
2018-1-10T13-48-56,1515588536800,0.8341463,-0.024390243,0.44660193,0.8341463
2018-1-10T13-48-56,1515588536801,0.84390247,-0.024390243,0.4563107,0.84390247
2018-1-10T13-48-56,1515588536802,0.85365856,-0.024390243,0.44660193,0.85365856
2018-1-10T13-48-56,1515588536803,0.82439023,-0.024390243,0.4563107,0.82439023
2018-1-10T13-48-56,1515588536804,0.8341463,-0.024390243,0.4563107,0.8341463
2018-1-10T13-48-56,1515588536805,0.84390247,-0.053658538,0.4563107,0.84390247
2018-1-10T13-48-56,1515588536806,0.86341465,-0.024390243,0.4854369,0.86341465
2018-1-10T13-48-56,1515588536807,0.84390247,-0.07317073,0.47572815,0.84390247
2018-1-10T13-48-56,1515588536808,0.84390247,0.034146342,0.4563107,0.84390247
2018-1-10T13-48-56,1515588536809,0.84390247,-0.043902438,0.4563107,0.84390247
2018-1-10T13-48-56,1515588536810,0.84390247,0.014634146,0.4563107,0.84390247
2018-1-10T13-48-56,1515588536811,0.80487806,-0.014634146,0.4563107,0.80487806
2018-1-10T13-48-56,1515588536812,0.84390247,-0.024390243,0.46601942,0.84390247
2018-1-10T13-48-56,1515588536813,0.8341463,-0.034146342,0.4563107,0.8341463
2018-1-10T13-48-56,1515588536814,0.8341463,-0.024390243,0.4563107,0.8341463
2018-1-10T13-48-56,1515588536815,0.85365856,-0.024390243,0.37864077,0.85365856
2018-1-10T13-48-56,1515588536816,0.85365856,-0.024390243,0.46601942,0.85365856
2018-1-10T13-48-56,1515588536817,0.85365856,-0.024390243,0.4563107,0.85365856
2018-1-10T13-48-56,1515588536818,0.84390247,-0.014634146,0.4368932,0.84390247
2018-1-10T13-48-56,1515588536819,0.8341463,-0.024390243,0.44660193,0.8341463
2018-1-10T13-48-56,1515588536820,0.8341463,-0.004878049,0.44660193,0.8341463
2018-1-10T13-48-56,1515588536821,0.86341465,-0.024390243,0.4854369,0.86341465
2018-1-10T13-48-56,1515588536822,0.8341463,-0.014634146,0.46601942,0.8341463
2018-1-10T13-48-56,1515588536823,0.8926829,-0.014634146,0.4563107,0.8926829
2018-1-10T13-48-56,1515588536824,0.85365856,-0.043902438,0.407767,0.85365856
2018-1-10T13-48-56,1515588536825,0.84390247,-0.034146342,0.46601942,0.84390247
2018-1-10T13-48-56,1515588536826,0.85365856,-0.034146342,0.4563107,0.85365856
2018-1-10T13-48-56,1515588536827,0.85365856,-0.034146342,0.44660193,0.85365856
2018-1-10T13-48-56,1515588536828,0.85365856,-0.034146342,0.4563107,0.85365856
2018-1-10T13-48-56,1515588536829,0.85365856,-0.014634146,0.4368932,0.85365856
2018-1-10T13-48-56,1515588536830,0.85365856,-0.024390243,0.4563107,0.85365856
2018-1-10T13-48-56,1515588536831,0.85365856,-0.034146342,0.4563107,0.85365856
2018-1-10T13-48-56,1515588536832,0.8341463,-0.034146342,0.4563107,0.8341463
2018-1-10T13-48-56,1515588536833,0.84390247,-0.024390243,0.44660193,0.84390247
2018-1-10T13-48-56,1515588536834,0.85365856,-0.024390243,0.44660193,0.85365856
2018-1-10T13-48-56,1515588536835,0.84390247,-0.014634146,0.5048544,0.84390247
2018-1-10T13-48-56,1515588536836,0.84390247,-0.014634146,0.4563107,0.84390247
2018-1-10T13-48-56,1515588536837,0.84390247,-0.004878049,0.44660193,0.84390247
2018-1-10T13-48-56,1515588536838,0.86341465,-0.024390243,0.44660193,0.86341465
2018-1-10T13-48-56,1515588536839,0.84390247,-0.024390243,0.46601942,0.84390247
2018-1-10T13-48-56,1515588536840,0.85365856,-0.034146342,0.4563107,0.85365856
2018-1-10T13-48-56,1515588536841,0.85365856,-0.034146342,0.4368932,0.85365856
2018-1-10T13-48-56,1515588536842,0.8341463,-0.024390243,0.4563107,0.8341463
2018-1-10T13-48-56,1515588536843,0.85365856,-0.024390243,0.4563107,0.85365856
2018-1-10T13-48-56,1515588536844,0.8341463,-0.014634146,0.44660193,0.8341463
2018-1-10T13-48-56,1515588536845,0.85365856,-0.024390243,0.44660193,0.85365856
2018-1-10T13-48-56,1515588536846,0.8341463,-0.024390243,0.44660193,0.8341463
2018-1-10T13-48-56,1515588536847,0.85365856,-0.024390243,0.44660193,0.85365856
2018-1-10T13-48-56,1515588536848,0.8341463,-0.024390243,0.4563107,0.8341463
2018-1-10T13-48-56,1515588536849,0.81463414,-0.034146342,0.44660193,0.81463414
2018-1-10T13-48-56,1515588536850,0.8341463,-0.024390243,0.44660193,0.8341463
2018-1-10T13-48-56,1515588536851,0.84390247,-0.024390243,0.44660193,0.84390247
2018-1-10T13-48-56,1515588536852,0.84390247,-0.08292683,0.4563107,0.84390247
2018-1-10T13-48-56,1515588536853,0.84390247,-0.034146342,0.4563107,0.84390247
2018-1-10T13-48-56,1515588536854,0.85365856,-0.024390243,0.44660193,0.85365856
2018-1-10T13-48-56,1515588536855,0.80487806,-0.034146342,0.44660193,0.80487806
2018-1-10T13-48-56,1515588536856,0.84390247,-0.014634146,0.4563107,0.84390247
2018-1-10T13-48-56,1515588536857,0.84390247,-0.034146342,0.44660193,0.84390247
2018-1-10T13-48-56,1515588536858,0.85365856,-0.034146342,0.44660193,0.85365856
2018-1-10T13-48-56,1515588536859,0.84390247,-0.034146342,0.4563107,0.84390247
2018-1-10T13-48-56,1515588536860,0.8341463,-0.034146342,0.4368932,0.8341463
2018-1-10T13-48-56,1515588536861,0.84390247,-0.043902438,0.4563107,0.84390247
2018-1-10T13-48-56,1515588536862,0.8341463,-0.034146342,0.4563107,0.8341463
2018-1-10T13-48-56,1515588536863,0.92195123,-0.014634146,0.44660193,0.92195123
2018-1-10T13-48-56,1515588536864,0.84390247,-0.024390243,0.4563107,0.84390247
2018-1-10T13-48-56,1515588536865,0.84390247,-0.024390243,0.4563107,0.84390247
2018-1-10T13-48-56,1515588536866,0.84390247,-0.024390243,0.4563107,0.84390247
2018-1-10T13-48-56,1515588536867,0.84390247,-0.034146342,0.4368932,0.84390247
2018-1-10T13-48-56,1515588536868,0.85365856,-0.024390243,0.44660193,0.85365856
2018-1-10T13-48-56,1515588536869,0.902439,0.06341463,0.4563107,0.902439
2018-1-10T13-48-56,1515588536870,0.8341463,-0.014634146,0.44660193,0.8341463
2018-1-10T13-48-56,1515588536871,0.80487806,-0.024390243,0.4563107,0.80487806
2018-1-10T13-48-56,1515588536872,0.82439023,-0.014634146,0.4563107,0.82439023
2018-1-10T13-48-56,1515588536873,0.84390247,-0.024390243,0.46601942,0.84390247
2018-1-10T13-48-56,1515588536874,0.84390247,-0.024390243,0.4563107,0.84390247
2018-1-10T13-48-56,1515588536875,0.84390247,-0.024390243,0.4563107,0.84390247
2018-1-10T13-48-56,1515588536876,0.86341465,-0.024390243,0.4563107,0.86341465
2018-1-10T13-48-56,1515588536877,0.82439023,-0.024390243,0.4563107,0.82439023
2018-1-10T13-48-56,1515588536878,0.84390247,-0.053658538,0.4563107,0.84390247
2018-1-10T13-48-56,1515588536879,0.85365856,-0.024390243,0.4563107,0.85365856
2018-1-10T13-48-56,1515588536880,0.85365856,-0.024390243,0.42718446,0.85365856
2018-1-10T13-48-56,1515588536881,0.84390247,-0.034146342,0.46601942,0.84390247
2018-1-10T13-48-56,1515588536882,0.84390247,-0.024390243,0.46601942,0.84390247
2018-1-10T13-48-56,1515588536883,0.85365856,-0.024390243,0.4563107,0.85365856
2018-1-10T13-48-56,1515588536884,0.8926829,-0.004878049,0.44660193,0.8926829
2018-1-10T13-48-56,1515588536885,0.84390247,-0.034146342,0.4563107,0.84390247
2018-1-10T13-48-56,1515588536886,0.84390247,-0.053658538,0.4563107,0.84390247
2018-1-10T13-48-56,1515588536887,0.82439023,-0.024390243,0.44660193,0.82439023
2018-1-10T13-48-56,1515588536888,0.84390247,-0.024390243,0.46601942,0.84390247
2018-1-10T13-48-56,1515588536889,0.84390247,-0.024390243,0.44660193,0.84390247
2018-1-10T13-48-56,1515588536890,0.84390247,-0.024390243,0.4563107,0.84390247
2018-1-10T13-48-56,1515588536891,0.84390247,-0.034146342,0.44660193,0.84390247
2018-1-10T13-48-56,1515588536892,0.902439,-0.014634146,0.44660193,0.902439
2018-1-10T13-48-56,1515588536893,0.85365856,-0.014634146,0.47572815,0.85365856
2018-1-10T13-48-56,1515588536894,0.85365856,-0.034146342,0.44660193,0.85365856
2018-1-10T13-48-56,1515588536895,0.84390247,-0.034146342,0.44660193,0.84390247
2018-1-10T13-48-56,1515588536896,0.84390247,-0.034146342,0.4563107,0.84390247
2018-1-10T13-48-56,1515588536897,0.85365856,-0.034146342,0.46601942,0.85365856
2018-1-10T13-48-56,1515588536898,0.84390247,-0.024390243,0.4563107,0.84390247
2018-1-10T13-48-56,1515588536899,0.85365856,-0.034146342,0.4563107,0.85365856
2018-1-10T13-48-56,1515588536900,0.84390247,-0.08292683,0.4563107,0.84390247
2018-1-10T13-48-56,1515588536901,0.85365856,-0.014634146,0.4563107,0.85365856
2018-1-10T13-48-56,1515588536902,0.8341463,-0.024390243,0.44660193,0.8341463
2018-1-10T13-48-56,1515588536903,0.85365856,-0.024390243,0.46601942,0.85365856
2018-1-10T13-48-56,1515588536904,0.8341463,-0.034146342,0.46601942,0.8341463
2018-1-10T13-48-56,1515588536905,0.85365856,-0.06341463,0.4563107,0.85365856
2018-1-10T13-48-56,1515588536906,0.86341465,-0.024390243,0.4563107,0.86341465
2018-1-10T13-48-56,1515588536907,0.84390247,-0.034146342,0.4563107,0.84390247
2018-1-10T13-48-56,1515588536908,0.902439,-0.043902438,0.44660193,0.902439
2018-1-10T13-48-56,1515588536909,0.8341463,-0.034146342,0.44660193,0.8341463
2018-1-10T13-48-56,1515588536910,0.84390247,-0.024390243,0.44660193,0.84390247
2018-1-10T13-48-56,1515588536911,0.84390247,-0.024390243,0.44660193,0.84390247
2018-1-10T13-48-56,1515588536912,0.84390247,-0.014634146,0.44660193,0.84390247
2018-1-10T13-48-56,1515588536913,0.84390247,-0.043902438,0.4368932,0.84390247
2018-1-10T13-48-56,1515588536914,0.84390247,-0.034146342,0.44660193,0.84390247
2018-1-10T13-48-56,1515588536915,0.84390247,-0.014634146,0.4563107,0.84390247
2018-1-10T13-48-56,1515588536916,0.85365856,-0.004878049,0.4563107,0.85365856
2018-1-10T13-48-56,1515588536917,0.85365856,-0.034146342,0.4563107,0.85365856
2018-1-10T13-48-56,1515588536918,0.86341465,-0.014634146,0.4563107,0.86341465
2018-1-10T13-48-56,1515588536919,0.85365856,-0.034146342,0.46601942,0.85365856
2018-1-10T13-48-56,1515588536920,0.85365856,-0.024390243,0.4563107,0.85365856
2018-1-10T13-48-56,1515588536921,0.87317073,-0.014634146,0.4563107,0.87317073
2018-1-10T13-48-56,1515588536922,0.84390247,-0.034146342,0.44660193,0.84390247
2018-1-10T13-48-56,1515588536923,0.8341463,-0.043902438,0.4563107,0.8341463
2018-1-10T13-48-56,1515588536924,0.8341463,-0.034146342,0.4563107,0.8341463
2018-1-10T13-48-56,1515588536925,0.82439023,-0.024390243,0.4854369,0.82439023
2018-1-10T13-48-56,1515588536926,0.7853659,-0.024390243,0.44660193,0.7853659
2018-1-10T13-48-56,1515588536927,0.8341463,-0.034146342,0.4368932,0.8341463
2018-1-10T13-48-56,1515588536928,0.8926829,-0.024390243,0.44660193,0.8926829
2018-1-10T13-48-56,1515588536929,0.8341463,-0.024390243,0.44660193,0.8341463
2018-1-10T13-48-56,1515588536930,0.84390247,-0.034146342,0.407767,0.84390247
2018-1-10T13-48-56,1515588536931,0.8341463,-0.034146342,0.4563107,0.8341463
2018-1-10T13-48-56,1515588536932,0.8341463,-0.024390243,0.4563107,0.8341463
2018-1-10T13-48-56,1515588536933,0.87317073,-0.004878049,0.4563107,0.87317073
2018-1-10T13-48-56,1515588536934,0.85365856,-0.034146342,0.4563107,0.85365856
2018-1-10T13-48-56,1515588536935,0.85365856,-0.034146342,0.4563107,0.85365856
2018-1-10T13-48-56,1515588536936,0.84390247,-0.024390243,0.4563107,0.84390247
2018-1-10T13-48-56,1515588536937,0.85365856,-0.024390243,0.46601942,0.85365856
2018-1-10T13-48-56,1515588536938,0.85365856,-0.034146342,0.4563107,0.85365856
2018-1-10T13-48-56,1515588536939,0.85365856,-0.024390243,0.44660193,0.85365856
2018-1-10T13-48-56,1515588536940,0.8926829,-0.024390243,0.47572815,0.8926829
2018-1-10T13-48-56,1515588536941,0.82439023,-0.043902438,0.4563107,0.82439023
2018-1-10T13-48-56,1515588536942,0.85365856,-0.004878049,0.4563107,0.85365856
2018-1-10T13-48-56,1515588536943,0.85365856,-0.014634146,0.4563107,0.85365856
2018-1-10T13-48-56,1515588536944,0.84390247,-0.024390243,0.4563107,0.84390247
2018-1-10T13-48-56,1515588536945,0.8341463,-0.034146342,0.4563107,0.8341463
2018-1-10T13-48-56,1515588536946,0.84390247,-0.06341463,0.4563107,0.84390247
2018-1-10T13-48-56,1515588536947,0.85365856,-0.024390243,0.4563107,0.85365856
2018-1-10T13-48-56,1515588536948,0.84390247,-0.024390243,0.44660193,0.84390247
2018-1-10T13-48-56,1515588536949,0.85365856,-0.034146342,0.44660193,0.85365856
2018-1-10T13-48-56,1515588536950,0.84390247,-0.043902438,0.4368932,0.84390247
2018-1-10T13-48-56,1515588536951,0.8829268,-0.024390243,0.44660193,0.8829268
2018-1-10T13-48-56,1515588536952,0.8341463,-0.014634146,0.4563107,0.8341463
2018-1-10T13-48-56,1515588536953,0.84390247,-0.034146342,0.4563107,0.84390247
2018-1-10T13-48-56,1515588536954,0.85365856,-0.034146342,0.44660193,0.85365856
2018-1-10T13-48-56,1515588536955,0.84390247,-0.024390243,0.44660193,0.84390247
2018-1-10T13-48-56,1515588536956,0.85365856,-0.004878049,0.4563107,0.85365856
2018-1-10T13-48-56,1515588536957,0.87317073,-0.014634146,0.4563107,0.87317073
2018-1-10T13-48-56,1515588536958,0.84390247,-0.024390243,0.4368932,0.84390247
2018-1-10T13-48-56,1515588536959,0.8341463,-0.043902438,0.44660193,0.8341463
2018-1-10T13-48-56,1515588536960,0.85365856,-0.014634146,0.4563107,0.85365856
2018-1-10T13-48-56,1515588536961,0.81463414,-0.024390243,0.44660193,0.81463414
2018-1-10T13-48-56,1515588536962,0.84390247,-0.014634146,0.4563107,0.84390247
2018-1-10T13-48-56,1515588536963,0.84390247,-0.024390243,0.44660193,0.84390247
2018-1-10T13-48-56,1515588536964,0.84390247,-0.024390243,0.4563107,0.84390247
2018-1-10T13-48-56,1515588536965,0.84390247,-0.014634146,0.44660193,0.84390247
2018-1-10T13-48-56,1515588536966,0.85365856,-0.024390243,0.4368932,0.85365856
2018-1-10T13-48-56,1515588536967,0.84390247,-0.024390243,0.4563107,0.84390247
2018-1-10T13-48-56,1515588536968,0.84390247,-0.024390243,0.44660193,0.84390247
2018-1-10T13-48-56,1515588536969,0.84390247,-0.024390243,0.4563107,0.84390247
2018-1-10T13-48-56,1515588536970,0.84390247,-0.034146342,0.44660193,0.84390247
2018-1-10T13-48-56,1515588536971,0.85365856,0.043902438,0.46601942,0.85365856
2018-1-10T13-48-56,1515588536972,0.84390247,-0.024390243,0.4563107,0.84390247
2018-1-10T13-48-56,1515588536973,0.85365856,-0.034146342,0.44660193,0.85365856
2018-1-10T13-48-56,1515588536974,0.85365856,-0.053658538,0.4563107,0.85365856
2018-1-10T13-48-56,1515588536975,0.85365856,-0.024390243,0.44660193,0.85365856
2018-1-10T13-48-56,1515588536976,0.84390247,-0.024390243,0.44660193,0.84390247
2018-1-10T13-48-56,1515588536977,0.85365856,0.053658538,0.44660193,0.85365856
2018-1-10T13-48-56,1515588536978,0.8341463,-0.024390243,0.44660193,0.8341463
2018-1-10T13-48-56,1515588536979,0.85365856,-0.034146342,0.3883495,0.85365856
2018-1-10T13-48-56,1515588536980,0.84390247,-0.024390243,0.44660193,0.84390247
2018-1-10T13-48-56,1515588536981,0.84390247,-0.034146342,0.44660193,0.84390247
2018-1-10T13-48-56,1515588536982,0.84390247,-0.024390243,0.44660193,0.84390247
2018-1-10T13-48-56,1515588536983,0.85365856,-0.024390243,0.4368932,0.85365856
2018-1-10T13-48-56,1515588536984,0.84390247,-0.024390243,0.4563107,0.84390247
2018-1-10T13-48-56,1515588536985,0.85365856,-0.024390243,0.4368932,0.85365856
2018-1-10T13-48-56,1515588536986,0.84390247,-0.024390243,0.4854369,0.84390247
2018-1-10T13-48-56,1515588536987,0.84390247,-0.014634146,0.44660193,0.84390247
2018-1-10T13-48-56,1515588536988,0.85365856,-0.024390243,0.44660193,0.85365856
2018-1-10T13-48-56,1515588536989,0.85365856,-0.024390243,0.44660193,0.85365856
2018-1-10T13-48-56,1515588536990,0.85365856,-0.024390243,0.41747573,0.85365856
2018-1-10T13-48-56,1515588536991,0.85365856,-0.014634146,0.4563107,0.85365856
2018-1-10T13-48-56,1515588536992,0.85365856,-0.024390243,0.46601942,0.85365856
2018-1-10T13-48-56,1515588536993,0.84390247,-0.034146342,0.46601942,0.84390247
2018-1-10T13-48-56,1515588536994,0.85365856,-0.014634146,0.44660193,0.85365856
2018-1-10T13-48-56,1515588536995,0.84390247,-0.014634146,0.4368932,0.84390247
2018-1-10T13-48-56,1515588536996,0.85365856,-0.014634146,0.4563107,0.85365856
2018-1-10T13-48-56,1515588536997,0.85365856,-0.024390243,0.44660193,0.85365856
2018-1-10T13-48-56,1515588536998,0.86341465,-0.024390243,0.4368932,0.86341465
2018-1-10T13-48-56,1515588536999,0.8341463,-0.024390243,0.4368932,0.8341463
2018-1-10T13-48-57,1515588537000,0.8341463,-0.034146342,0.44660193,0.8341463
2018-1-10T13-48-57,1515588537001,0.84390247,0.014634146,0.4563107,0.84390247
2018-1-10T13-48-57,1515588537002,0.8341463,-0.024390243,0.4563107,0.8341463
2018-1-10T13-48-57,1515588537003,0.84390247,-0.034146342,0.4563107,0.84390247
2018-1-10T13-48-57,1515588537004,0.84390247,-0.014634146,0.44660193,0.84390247
2018-1-10T13-48-57,1515588537005,0.85365856,-0.014634146,0.4563107,0.85365856
2018-1-10T13-48-57,1515588537006,0.84390247,-0.043902438,0.47572815,0.84390247
2018-1-10T13-48-57,1515588537007,0.85365856,-0.034146342,0.46601942,0.85365856
2018-1-10T13-48-57,1515588537008,0.84390247,-0.043902438,0.4563107,0.84390247
2018-1-10T13-48-57,1515588537009,0.85365856,-0.024390243,0.4563107,0.85365856
2018-1-10T13-48-57,1515588537010,0.84390247,-0.004878049,0.49514562,0.84390247
2018-1-10T13-48-57,1515588537011,0.8341463,-0.024390243,0.4563107,0.8341463
2018-1-10T13-48-57,1515588537012,0.85365856,-0.034146342,0.44660193,0.85365856
2018-1-10T13-48-57,1515588537013,0.85365856,0.024390243,0.4563107,0.85365856
2018-1-10T13-48-57,1515588537014,0.84390247,-0.024390243,0.44660193,0.84390247
2018-1-10T13-48-57,1515588537015,0.82439023,-0.014634146,0.4563107,0.82439023
2018-1-10T13-48-57,1515588537016,0.8341463,-0.014634146,0.4563107,0.8341463
2018-1-10T13-48-57,1515588537017,0.87317073,-0.053658538,0.44660193,0.87317073
2018-1-10T13-48-57,1515588537018,0.8341463,-0.024390243,0.4563107,0.8341463
2018-1-10T13-48-57,1515588537019,0.84390247,0.024390243,0.4563107,0.84390247
2018-1-10T13-48-57,1515588537020,0.8341463,-0.024390243,0.4563107,0.8341463
2018-1-10T13-48-57,1515588537021,0.8341463,-0.024390243,0.44660193,0.8341463
2018-1-10T13-48-57,1515588537022,0.85365856,-0.043902438,0.4563107,0.85365856
2018-1-10T13-48-57,1515588537023,0.84390247,-0.024390243,0.4563107,0.84390247
2018-1-10T13-48-57,1515588537024,0.8341463,-0.024390243,0.4563107,0.8341463
2018-1-10T13-48-57,1515588537025,0.82439023,-0.024390243,0.4563107,0.82439023
2018-1-10T13-48-57,1515588537026,0.84390247,-0.014634146,0.46601942,0.84390247
2018-1-10T13-48-57,1515588537027,0.8341463,-0.043902438,0.46601942,0.8341463
2018-1-10T13-48-57,1515588537028,0.8341463,-0.034146342,0.4563107,0.8341463
2018-1-10T13-48-57,1515588537029,0.84390247,-0.024390243,0.44660193,0.84390247
2018-1-10T13-48-57,1515588537030,0.86341465,-0.014634146,0.46601942,0.86341465
2018-1-10T13-48-57,1515588537031,0.85365856,-0.024390243,0.4563107,0.85365856
2018-1-10T13-48-57,1515588537032,0.84390247,-0.024390243,0.44660193,0.84390247
2018-1-10T13-48-57,1515588537033,0.84390247,-0.034146342,0.46601942,0.84390247
2018-1-10T13-48-57,1515588537034,0.86341465,-0.034146342,0.4563107,0.86341465
2018-1-10T13-48-57,1515588537035,0.86341465,-0.014634146,0.46601942,0.86341465
2018-1-10T13-48-57,1515588537036,0.84390247,-0.024390243,0.44660193,0.84390247
2018-1-10T13-48-57,1515588537037,0.84390247,-0.034146342,0.46601942,0.84390247
2018-1-10T13-48-57,1515588537038,0.84390247,-0.024390243,0.49514562,0.84390247
2018-1-10T13-48-57,1515588537039,0.84390247,-0.014634146,0.4563107,0.84390247
2018-1-10T13-48-57,1515588537040,0.8341463,-0.024390243,0.46601942,0.8341463
2018-1-10T13-48-57,1515588537041,0.8341463,-0.034146342,0.4563107,0.8341463
2018-1-10T13-48-57,1515588537042,0.82439023,-0.004878049,0.44660193,0.82439023
2018-1-10T13-48-57,1515588537043,0.85365856,-0.014634146,0.44660193,0.85365856
2018-1-10T13-48-57,1515588537044,0.84390247,-0.014634146,0.44660193,0.84390247
2018-1-10T13-48-57,1515588537045,0.87317073,-0.024390243,0.4563107,0.87317073
2018-1-10T13-48-57,1515588537046,0.84390247,-0.024390243,0.44660193,0.84390247
2018-1-10T13-48-57,1515588537047,0.84390247,-0.024390243,0.44660193,0.84390247
2018-1-10T13-48-57,1515588537048,0.86341465,-0.014634146,0.44660193,0.86341465
2018-1-10T13-48-57,1515588537049,0.8341463,-0.034146342,0.4563107,0.8341463
2018-1-10T13-48-57,1515588537050,0.85365856,-0.034146342,0.4563107,0.85365856
2018-1-10T13-48-57,1515588537051,0.84390247,-0.034146342,0.46601942,0.84390247
2018-1-10T13-48-57,1515588537052,0.8341463,-0.014634146,0.4563107,0.8341463
2018-1-10T13-48-57,1515588537053,0.86341465,-0.053658538,0.4563107,0.86341465
2018-1-10T13-48-57,1515588537054,0.84390247,-0.034146342,0.4563107,0.84390247
2018-1-10T13-48-57,1515588537055,0.84390247,-0.024390243,0.4563107,0.84390247
2018-1-10T13-48-57,1515588537056,0.84390247,-0.014634146,0.4563107,0.84390247
2018-1-10T13-48-57,1515588537057,0.84390247,-0.024390243,0.4563107,0.84390247
2018-1-10T13-48-57,1515588537058,0.8341463,-0.024390243,0.4563107,0.8341463
2018-1-10T13-48-57,1515588537059,0.87317073,-0.024390243,0.4368932,0.87317073
2018-1-10T13-48-57,1515588537060,0.85365856,-0.024390243,0.4368932,0.85365856
2018-1-10T13-48-57,1515588537061,0.85365856,-0.043902438,0.44660193,0.85365856
2018-1-10T13-48-57,1515588537062,0.84390247,-0.014634146,0.44660193,0.84390247
2018-1-10T13-48-57,1515588537063,0.84390247,-0.024390243,0.4563107,0.84390247
2018-1-10T13-48-57,1515588537064,0.8341463,-0.053658538,0.4563107,0.8341463
2018-1-10T13-48-57,1515588537065,0.85365856,-0.024390243,0.4563107,0.85365856
2018-1-10T13-48-57,1515588537066,0.85365856,-0.034146342,0.44660193,0.85365856
2018-1-10T13-48-57,1515588537067,0.79512197,0.034146342,0.4563107,0.79512197
2018-1-10T13-48-57,1515588537068,0.84390247,-0.024390243,0.44660193,0.84390247
2018-1-10T13-48-57,1515588537069,0.84390247,-0.034146342,0.4563107,0.84390247
2018-1-10T13-48-57,1515588537070,0.91219515,-0.043902438,0.4563107,0.91219515
2018-1-10T13-48-57,1515588537071,0.86341465,-0.034146342,0.47572815,0.86341465
2018-1-10T13-48-57,1515588537072,0.85365856,-0.014634146,0.4563107,0.85365856
2018-1-10T13-48-57,1515588537073,0.84390247,-0.024390243,0.4563107,0.84390247
2018-1-10T13-48-57,1515588537074,0.84390247,-0.024390243,0.4563107,0.84390247
2018-1-10T13-48-57,1515588537075,0.85365856,0.024390243,0.4563107,0.85365856
2018-1-10T13-48-57,1515588537076,0.84390247,-0.034146342,0.4563107,0.84390247
2018-1-10T13-48-57,1515588537077,0.79512197,-0.043902438,0.4563107,0.79512197
2018-1-10T13-48-57,1515588537078,0.84390247,-0.014634146,0.44660193,0.84390247
2018-1-10T13-48-57,1515588537079,0.86341465,-0.024390243,0.4563107,0.86341465
2018-1-10T13-48-57,1515588537080,0.85365856,-0.024390243,0.4563107,0.85365856
2018-1-10T13-48-57,1515588537081,0.84390247,-0.024390243,0.44660193,0.84390247
2018-1-10T13-48-57,1515588537082,0.8341463,-0.024390243,0.4563107,0.8341463
2018-1-10T13-48-57,1515588537083,0.84390247,-0.004878049,0.4368932,0.84390247
2018-1-10T13-48-57,1515588537084,0.84390247,-0.004878049,0.4563107,0.84390247
2018-1-10T13-48-57,1515588537085,0.8341463,-0.034146342,0.44660193,0.8341463
2018-1-10T13-48-57,1515588537086,0.85365856,-0.014634146,0.4563107,0.85365856
2018-1-10T13-48-57,1515588537087,0.8341463,-0.034146342,0.44660193,0.8341463
2018-1-10T13-48-57,1515588537088,0.82439023,-0.024390243,0.44660193,0.82439023
2018-1-10T13-48-57,1515588537089,0.85365856,-0.024390243,0.44660193,0.85365856
2018-1-10T13-48-57,1515588537090,0.84390247,-0.034146342,0.42718446,0.84390247
2018-1-10T13-48-57,1515588537091,0.8341463,-0.024390243,0.4563107,0.8341463
2018-1-10T13-48-57,1515588537092,0.85365856,-0.014634146,0.44660193,0.85365856
2018-1-10T13-48-57,1515588537093,0.8341463,-0.034146342,0.4563107,0.8341463
2018-1-10T13-48-57,1515588537094,0.84390247,-0.034146342,0.44660193,0.84390247
2018-1-10T13-48-57,1515588537095,0.85365856,-0.024390243,0.4368932,0.85365856
2018-1-10T13-48-57,1515588537096,0.84390247,-0.004878049,0.44660193,0.84390247
2018-1-10T13-48-57,1515588537097,0.8341463,-0.024390243,0.4563107,0.8341463
2018-1-10T13-48-57,1515588537098,0.85365856,-0.024390243,0.4368932,0.85365856
2018-1-10T13-48-57,1515588537099,0.8341463,-0.014634146,0.4563107,0.8341463
2018-1-10T13-48-57,1515588537100,0.84390247,-0.024390243,0.4563107,0.84390247
2018-1-10T13-48-57,1515588537101,0.84390247,-0.10243902,0.4563107,0.84390247
2018-1-10T13-48-57,1515588537102,0.81463414,-0.024390243,0.44660193,0.81463414
2018-1-10T13-48-57,1515588537103,0.8341463,-0.024390243,0.44660193,0.8341463
2018-1-10T13-48-57,1515588537104,0.8341463,-0.09268293,0.4563107,0.8341463
2018-1-10T13-48-57,1515588537105,0.84390247,-0.024390243,0.47572815,0.84390247
2018-1-10T13-48-57,1515588537106,0.85365856,-0.024390243,0.4368932,0.85365856
2018-1-10T13-48-57,1515588537107,0.8341463,-0.034146342,0.42718446,0.8341463
2018-1-10T13-48-57,1515588537108,0.84390247,-0.024390243,0.44660193,0.84390247
2018-1-10T13-48-57,1515588537109,0.84390247,-0.024390243,0.42718446,0.84390247
2018-1-10T13-48-57,1515588537110,0.84390247,-0.034146342,0.4563107,0.84390247
2018-1-10T13-48-57,1515588537111,0.8341463,-0.024390243,0.46601942,0.8341463
2018-1-10T13-48-57,1515588537112,0.85365856,-0.024390243,0.4563107,0.85365856
2018-1-10T13-48-57,1515588537113,0.8341463,-0.034146342,0.44660193,0.8341463
2018-1-10T13-48-57,1515588537114,0.8829268,-0.034146342,0.4563107,0.8829268
2018-1-10T13-48-57,1515588537115,0.84390247,-0.024390243,0.4563107,0.84390247
2018-1-10T13-48-57,1515588537116,0.85365856,-0.014634146,0.4563107,0.85365856
2018-1-10T13-48-57,1515588537117,0.81463414,-0.043902438,0.4563107,0.81463414
2018-1-10T13-48-57,1515588537118,0.7853659,-0.034146342,0.44660193,0.7853659
2018-1-10T13-48-57,1515588537119,0.84390247,-0.034146342,0.4563107,0.84390247
2018-1-10T13-48-57,1515588537120,0.84390247,-0.043902438,0.4368932,0.84390247
2018-1-10T13-48-57,1515588537121,0.85365856,-0.034146342,0.47572815,0.85365856
2018-1-10T13-48-57,1515588537122,0.84390247,0.034146342,0.4563107,0.84390247
2018-1-10T13-48-57,1515588537123,0.85365856,-0.034146342,0.44660193,0.85365856
2018-1-10T13-48-57,1515588537124,0.84390247,-0.024390243,0.4563107,0.84390247
2018-1-10T13-48-57,1515588537125,0.85365856,-0.024390243,0.4563107,0.85365856
2018-1-10T13-48-57,1515588537126,0.79512197,-0.024390243,0.44660193,0.79512197
2018-1-10T13-48-57,1515588537127,0.85365856,-0.024390243,0.44660193,0.85365856
2018-1-10T13-48-57,1515588537128,0.86341465,-0.014634146,0.47572815,0.86341465
2018-1-10T13-48-57,1515588537129,0.84390247,-0.034146342,0.42718446,0.84390247
2018-1-10T13-48-57,1515588537130,0.85365856,-0.024390243,0.44660193,0.85365856
2018-1-10T13-48-57,1515588537131,0.85365856,-0.024390243,0.4368932,0.85365856
2018-1-10T13-48-57,1515588537132,0.79512197,-0.024390243,0.44660193,0.79512197
2018-1-10T13-48-57,1515588537133,0.85365856,-0.034146342,0.4563107,0.85365856
2018-1-10T13-48-57,1515588537134,0.85365856,-0.014634146,0.44660193,0.85365856
2018-1-10T13-48-57,1515588537135,0.84390247,-0.024390243,0.44660193,0.84390247
2018-1-10T13-48-57,1515588537136,0.84390247,-0.014634146,0.44660193,0.84390247
2018-1-10T13-48-57,1515588537137,0.85365856,-0.014634146,0.4563107,0.85365856
2018-1-10T13-48-57,1515588537138,0.79512197,-0.024390243,0.4563107,0.79512197
2018-1-10T13-48-57,1515588537139,0.84390247,-0.024390243,0.44660193,0.84390247
2018-1-10T13-48-57,1515588537140,0.84390247,-0.034146342,0.44660193,0.84390247
2018-1-10T13-48-57,1515588537141,0.86341465,-0.034146342,0.44660193,0.86341465
2018-1-10T13-48-57,1515588537142,0.85365856,-0.034146342,0.44660193,0.85365856
2018-1-10T13-48-57,1515588537143,0.84390247,-0.024390243,0.4368932,0.84390247
2018-1-10T13-48-57,1515588537144,0.84390247,-0.034146342,0.4563107,0.84390247
2018-1-10T13-48-57,1515588537145,0.85365856,-0.014634146,0.4368932,0.85365856
2018-1-10T13-48-57,1515588537146,0.85365856,-0.024390243,0.4563107,0.85365856
2018-1-10T13-48-57,1515588537147,0.85365856,-0.024390243,0.46601942,0.85365856
2018-1-10T13-48-57,1515588537148,0.84390247,-0.043902438,0.5048544,0.84390247
2018-1-10T13-48-57,1515588537149,0.85365856,-0.034146342,0.4563107,0.85365856
2018-1-10T13-48-57,1515588537150,0.85365856,-0.024390243,0.4563107,0.85365856
2018-1-10T13-48-57,1515588537151,0.84390247,-0.034146342,0.44660193,0.84390247
2018-1-10T13-48-57,1515588537152,0.87317073,-0.034146342,0.4563107,0.87317073
2018-1-10T13-48-57,1515588537153,0.85365856,-0.004878049,0.44660193,0.85365856
2018-1-10T13-48-57,1515588537154,0.82439023,-0.024390243,0.4563107,0.82439023
2018-1-10T13-48-57,1515588537155,0.87317073,-0.043902438,0.44660193,0.87317073
2018-1-10T13-48-57,1515588537156,0.85365856,-0.024390243,0.4563107,0.85365856
2018-1-10T13-48-57,1515588537157,0.84390247,-0.034146342,0.44660193,0.84390247
2018-1-10T13-48-57,1515588537158,0.86341465,0.053658538,0.44660193,0.86341465
2018-1-10T13-48-57,1515588537159,0.85365856,-0.014634146,0.4563107,0.85365856
2018-1-10T13-48-57,1515588537160,0.84390247,-0.024390243,0.4563107,0.84390247
2018-1-10T13-48-57,1515588537161,0.84390247,-0.024390243,0.44660193,0.84390247
2018-1-10T13-48-57,1515588537162,0.84390247,-0.024390243,0.4563107,0.84390247
2018-1-10T13-48-57,1515588537163,0.84390247,-0.034146342,0.46601942,0.84390247
2018-1-10T13-48-57,1515588537164,0.85365856,-0.024390243,0.4563107,0.85365856
2018-1-10T13-48-57,1515588537165,0.8341463,-0.024390243,0.46601942,0.8341463
2018-1-10T13-48-57,1515588537166,0.92195123,-0.034146342,0.4368932,0.92195123
2018-1-10T13-48-57,1515588537167,0.84390247,-0.004878049,0.44660193,0.84390247
2018-1-10T13-48-57,1515588537168,0.8341463,-0.024390243,0.4563107,0.8341463
2018-1-10T13-48-57,1515588537169,0.92195123,-0.024390243,0.4563107,0.92195123
2018-1-10T13-48-57,1515588537170,0.82439023,-0.034146342,0.47572815,0.82439023
2018-1-10T13-48-57,1515588537171,0.8341463,-0.024390243,0.4563107,0.8341463
2018-1-10T13-48-57,1515588537172,0.87317073,-0.024390243,0.4563107,0.87317073
2018-1-10T13-48-57,1515588537173,0.85365856,-0.06341463,0.4563107,0.85365856
2018-1-10T13-48-57,1515588537174,0.85365856,-0.024390243,0.46601942,0.85365856
2018-1-10T13-48-57,1515588537175,0.84390247,-0.034146342,0.46601942,0.84390247
2018-1-10T13-48-57,1515588537176,0.85365856,-0.043902438,0.4563107,0.85365856
2018-1-10T13-48-57,1515588537177,0.84390247,-0.024390243,0.46601942,0.84390247
2018-1-10T13-48-57,1515588537178,0.85365856,-0.014634146,0.4563107,0.85365856
2018-1-10T13-48-57,1515588537179,0.8341463,-0.024390243,0.4563107,0.8341463
2018-1-10T13-48-57,1515588537180,0.84390247,-0.034146342,0.46601942,0.84390247
2018-1-10T13-48-57,1515588537181,0.85365856,-0.014634146,0.44660193,0.85365856
2018-1-10T13-48-57,1515588537182,0.84390247,-0.034146342,0.46601942,0.84390247
2018-1-10T13-48-57,1515588537183,0.85365856,-0.024390243,0.4563107,0.85365856
2018-1-10T13-48-57,1515588537184,0.84390247,-0.024390243,0.44660193,0.84390247
2018-1-10T13-48-57,1515588537185,0.84390247,-0.024390243,0.44660193,0.84390247
2018-1-10T13-48-57,1515588537186,0.84390247,-0.014634146,0.44660193,0.84390247
2018-1-10T13-48-57,1515588537187,0.84390247,-0.024390243,0.4563107,0.84390247
2018-1-10T13-48-57,1515588537188,0.84390247,-0.014634146,0.44660193,0.84390247
2018-1-10T13-48-57,1515588537189,0.84390247,-0.034146342,0.44660193,0.84390247
2018-1-10T13-48-57,1515588537190,0.85365856,-0.024390243,0.4563107,0.85365856
2018-1-10T13-48-57,1515588537191,0.84390247,-0.024390243,0.4563107,0.84390247
2018-1-10T13-48-57,1515588537192,0.8341463,-0.024390243,0.4563107,0.8341463
2018-1-10T13-48-57,1515588537193,0.82439023,-0.024390243,0.46601942,0.82439023
2018-1-10T13-48-57,1515588537194,0.84390247,-0.014634146,0.4563107,0.84390247
2018-1-10T13-48-57,1515588537195,0.86341465,-0.014634146,0.4563107,0.86341465
2018-1-10T13-48-57,1515588537196,0.84390247,-0.043902438,0.4563107,0.84390247
2018-1-10T13-48-57,1515588537197,0.84390247,-0.024390243,0.4563107,0.84390247
2018-1-10T13-48-57,1515588537198,0.87317073,-0.024390243,0.4563107,0.87317073
2018-1-10T13-48-57,1515588537199,0.85365856,-0.014634146,0.46601942,0.85365856
2018-1-10T13-48-57,1515588537200,0.85365856,-0.024390243,0.46601942,0.85365856
2018-1-10T13-48-57,1515588537201,0.84390247,-0.024390243,0.4563107,0.84390247
2018-1-10T13-48-57,1515588537202,0.8341463,-0.004878049,0.4368932,0.8341463
2018-1-10T13-48-57,1515588537203,0.84390247,0.014634146,0.4563107,0.84390247
2018-1-10T13-48-57,1515588537204,0.8341463,-0.034146342,0.44660193,0.8341463
2018-1-10T13-48-57,1515588537205,0.84390247,-0.014634146,0.4563107,0.84390247
2018-1-10T13-48-57,1515588537206,0.84390247,-0.034146342,0.4368932,0.84390247
2018-1-10T13-48-57,1515588537207,0.85365856,-0.014634146,0.44660193,0.85365856
2018-1-10T13-48-57,1515588537208,0.85365856,-0.004878049,0.44660193,0.85365856
2018-1-10T13-48-57,1515588537209,0.8341463,0.024390243,0.44660193,0.8341463
2018-1-10T13-48-57,1515588537210,0.84390247,-0.034146342,0.46601942,0.84390247
2018-1-10T13-48-57,1515588537211,0.84390247,-0.053658538,0.44660193,0.84390247
2018-1-10T13-48-57,1515588537212,0.86341465,-0.024390243,0.4368932,0.86341465
2018-1-10T13-48-57,1515588537213,0.85365856,-0.024390243,0.4563107,0.85365856
2018-1-10T13-48-57,1515588537214,0.82439023,-0.024390243,0.44660193,0.82439023
2018-1-10T13-48-57,1515588537215,0.86341465,-0.014634146,0.4563107,0.86341465
2018-1-10T13-48-57,1515588537216,0.85365856,-0.024390243,0.4368932,0.85365856
2018-1-10T13-48-57,1515588537217,0.85365856,-0.024390243,0.46601942,0.85365856
2018-1-10T13-48-57,1515588537218,0.86341465,-0.034146342,0.4563107,0.86341465
2018-1-10T13-48-57,1515588537219,0.8341463,-0.043902438,0.46601942,0.8341463
2018-1-10T13-48-57,1515588537220,0.84390247,-0.024390243,0.46601942,0.84390247
2018-1-10T13-48-57,1515588537221,0.84390247,-0.024390243,0.46601942,0.84390247
2018-1-10T13-48-57,1515588537222,0.8341463,-0.034146342,0.39805827,0.8341463
2018-1-10T13-48-57,1515588537223,0.8341463,-0.034146342,0.4563107,0.8341463
2018-1-10T13-48-57,1515588537224,0.8341463,-0.014634146,0.44660193,0.8341463
2018-1-10T13-48-57,1515588537225,0.84390247,-0.024390243,0.4563107,0.84390247
2018-1-10T13-48-57,1515588537226,0.8341463,-0.024390243,0.4563107,0.8341463
2018-1-10T13-48-57,1515588537227,0.84390247,-0.024390243,0.4368932,0.84390247
2018-1-10T13-48-57,1515588537228,0.85365856,-0.024390243,0.4368932,0.85365856
2018-1-10T13-48-57,1515588537229,0.84390247,-0.08292683,0.4563107,0.84390247
2018-1-10T13-48-57,1515588537230,0.84390247,-0.07317073,0.44660193,0.84390247
2018-1-10T13-48-57,1515588537231,0.87317073,-0.024390243,0.4368932,0.87317073
2018-1-10T13-48-57,1515588537232,0.86341465,-0.014634146,0.4563107,0.86341465
2018-1-10T13-48-57,1515588537233,0.85365856,-0.024390243,0.46601942,0.85365856
2018-1-10T13-48-57,1515588537234,0.85365856,-0.014634146,0.4563107,0.85365856
2018-1-10T13-48-57,1515588537235,0.84390247,-0.024390243,0.44660193,0.84390247
2018-1-10T13-48-57,1515588537236,0.86341465,-0.024390243,0.4563107,0.86341465
2018-1-10T13-48-57,1515588537237,0.85365856,-0.024390243,0.46601942,0.85365856
2018-1-10T13-48-57,1515588537238,0.86341465,-0.024390243,0.44660193,0.86341465
2018-1-10T13-48-57,1515588537239,0.84390247,-0.024390243,0.4563107,0.84390247
2018-1-10T13-48-57,1515588537240,0.80487806,-0.034146342,0.44660193,0.80487806
2018-1-10T13-48-57,1515588537241,0.85365856,-0.024390243,0.4563107,0.85365856
2018-1-10T13-48-57,1515588537242,0.84390247,-0.024390243,0.44660193,0.84390247
2018-1-10T13-48-57,1515588537243,0.82439023,-0.014634146,0.44660193,0.82439023
2018-1-10T13-48-57,1515588537244,0.8341463,-0.014634146,0.44660193,0.8341463
2018-1-10T13-48-57,1515588537245,0.8341463,-0.014634146,0.4368932,0.8341463
2018-1-10T13-48-57,1515588537246,0.81463414,-0.014634146,0.44660193,0.81463414
2018-1-10T13-48-57,1515588537247,0.8341463,-0.024390243,0.4563107,0.8341463
2018-1-10T13-48-57,1515588537248,0.84390247,-0.024390243,0.4563107,0.84390247
2018-1-10T13-48-57,1515588537249,0.86341465,-0.014634146,0.4563107,0.86341465
2018-1-10T13-48-57,1515588537250,0.84390247,-0.014634146,0.4563107,0.84390247
2018-1-10T13-48-57,1515588537251,0.84390247,-0.024390243,0.4563107,0.84390247
2018-1-10T13-48-57,1515588537252,0.7853659,-0.034146342,0.46601942,0.7853659
2018-1-10T13-48-57,1515588537253,0.80487806,-0.034146342,0.4563107,0.80487806
2018-1-10T13-48-57,1515588537254,0.85365856,-0.024390243,0.46601942,0.85365856
2018-1-10T13-48-57,1515588537255,0.84390247,-0.024390243,0.44660193,0.84390247
2018-1-10T13-48-57,1515588537256,0.85365856,-0.014634146,0.44660193,0.85365856
2018-1-10T13-48-57,1515588537257,0.8341463,-0.024390243,0.4563107,0.8341463
2018-1-10T13-48-57,1515588537258,0.84390247,-0.024390243,0.4563107,0.84390247
2018-1-10T13-48-57,1515588537259,0.84390247,-0.024390243,0.44660193,0.84390247
2018-1-10T13-48-57,1515588537260,0.82439023,0.053658538,0.44660193,0.82439023
2018-1-10T13-48-57,1515588537261,0.81463414,-0.014634146,0.44660193,0.81463414
2018-1-10T13-48-57,1515588537262,0.8341463,-0.024390243,0.44660193,0.8341463
2018-1-10T13-48-57,1515588537263,0.92195123,-0.024390243,0.4563107,0.92195123
2018-1-10T13-48-57,1515588537264,0.8341463,-0.024390243,0.4368932,0.8341463
2018-1-10T13-48-57,1515588537265,0.84390247,-0.043902438,0.44660193,0.84390247
2018-1-10T13-48-57,1515588537266,0.84390247,-0.024390243,0.44660193,0.84390247
2018-1-10T13-48-57,1515588537267,0.85365856,-0.024390243,0.46601942,0.85365856
2018-1-10T13-48-57,1515588537268,0.84390247,-0.043902438,0.42718446,0.84390247
2018-1-10T13-48-57,1515588537269,0.85365856,-0.024390243,0.4563107,0.85365856
2018-1-10T13-48-57,1515588537270,0.85365856,-0.034146342,0.44660193,0.85365856
2018-1-10T13-48-57,1515588537271,0.8829268,-0.014634146,0.4563107,0.8829268
2018-1-10T13-48-57,1515588537272,0.8341463,-0.024390243,0.4563107,0.8341463
2018-1-10T13-48-57,1515588537273,0.82439023,-0.024390243,0.44660193,0.82439023
2018-1-10T13-48-57,1515588537274,0.79512197,-0.014634146,0.47572815,0.79512197
2018-1-10T13-48-57,1515588537275,0.85365856,-0.024390243,0.4563107,0.85365856
2018-1-10T13-48-57,1515588537276,0.84390247,-0.014634146,0.4563107,0.84390247
2018-1-10T13-48-57,1515588537277,0.84390247,-0.034146342,0.4368932,0.84390247
2018-1-10T13-48-57,1515588537278,0.82439023,-0.07317073,0.46601942,0.82439023
2018-1-10T13-48-57,1515588537279,0.7853659,-0.014634146,0.44660193,0.7853659
2018-1-10T13-48-57,1515588537280,0.84390247,0.004878049,0.44660193,0.84390247
2018-1-10T13-48-57,1515588537281,0.84390247,-0.024390243,0.44660193,0.84390247
2018-1-10T13-48-57,1515588537282,0.84390247,-0.034146342,0.44660193,0.84390247
2018-1-10T13-48-57,1515588537283,0.84390247,-0.034146342,0.46601942,0.84390247
2018-1-10T13-48-57,1515588537284,0.85365856,-0.014634146,0.4563107,0.85365856
2018-1-10T13-48-57,1515588537285,0.85365856,-0.053658538,0.44660193,0.85365856
2018-1-10T13-48-57,1515588537286,0.86341465,-0.024390243,0.44660193,0.86341465
2018-1-10T13-48-57,1515588537287,0.84390247,-0.034146342,0.44660193,0.84390247
2018-1-10T13-48-57,1515588537288,0.84390247,-0.024390243,0.44660193,0.84390247
2018-1-10T13-48-57,1515588537289,0.84390247,-0.034146342,0.4563107,0.84390247
2018-1-10T13-48-57,1515588537290,0.84390247,-0.014634146,0.46601942,0.84390247
2018-1-10T13-48-57,1515588537291,0.86341465,0.004878049,0.44660193,0.86341465
2018-1-10T13-48-57,1515588537292,0.85365856,-0.014634146,0.46601942,0.85365856
2018-1-10T13-48-57,1515588537293,0.85365856,-0.024390243,0.4563107,0.85365856
2018-1-10T13-48-57,1515588537294,0.84390247,-0.034146342,0.44660193,0.84390247
2018-1-10T13-48-57,1515588537295,0.85365856,-0.024390243,0.4368932,0.85365856
2018-1-10T13-48-57,1515588537296,0.86341465,-0.024390243,0.44660193,0.86341465
2018-1-10T13-48-57,1515588537297,0.80487806,-0.034146342,0.4563107,0.80487806
2018-1-10T13-48-57,1515588537298,0.87317073,-0.034146342,0.3883495,0.87317073
2018-1-10T13-48-57,1515588537299,0.84390247,-0.034146342,0.4563107,0.84390247
2018-1-10T13-48-57,1515588537300,0.84390247,-0.024390243,0.4563107,0.84390247
2018-1-10T13-48-57,1515588537301,0.8341463,-0.024390243,0.4368932,0.8341463
2018-1-10T13-48-57,1515588537302,0.8341463,-0.034146342,0.4563107,0.8341463
2018-1-10T13-48-57,1515588537303,0.84390247,-0.043902438,0.4854369,0.84390247
2018-1-10T13-48-57,1515588537304,0.82439023,-0.034146342,0.44660193,0.82439023
2018-1-10T13-48-57,1515588537305,0.84390247,-0.034146342,0.44660193,0.84390247
2018-1-10T13-48-57,1515588537306,0.82439023,0.043902438,0.44660193,0.82439023
2018-1-10T13-48-57,1515588537307,0.8341463,-0.053658538,0.44660193,0.8341463
2018-1-10T13-48-57,1515588537308,0.86341465,-0.043902438,0.44660193,0.86341465
2018-1-10T13-48-57,1515588537309,0.80487806,-0.024390243,0.44660193,0.80487806
2018-1-10T13-48-57,1515588537310,0.84390247,-0.06341463,0.44660193,0.84390247
2018-1-10T13-48-57,1515588537311,0.85365856,-0.034146342,0.44660193,0.85365856
2018-1-10T13-48-57,1515588537312,0.85365856,-0.034146342,0.4563107,0.85365856
2018-1-10T13-48-57,1515588537313,0.84390247,-0.034146342,0.4563107,0.84390247
2018-1-10T13-48-57,1515588537314,0.8341463,-0.043902438,0.4563107,0.8341463
2018-1-10T13-48-57,1515588537315,0.84390247,-0.004878049,0.46601942,0.84390247
2018-1-10T13-48-57,1515588537316,0.84390247,-0.014634146,0.46601942,0.84390247
2018-1-10T13-48-57,1515588537317,0.84390247,-0.014634146,0.42718446,0.84390247
2018-1-10T13-48-57,1515588537318,0.8341463,-0.043902438,0.44660193,0.8341463
2018-1-10T13-48-57,1515588537319,0.8341463,-0.024390243,0.4563107,0.8341463
2018-1-10T13-48-57,1515588537320,0.85365856,-0.024390243,0.44660193,0.85365856
2018-1-10T13-48-57,1515588537321,0.8341463,-0.014634146,0.4563107,0.8341463
2018-1-10T13-48-57,1515588537322,0.84390247,-0.014634146,0.44660193,0.84390247
2018-1-10T13-48-57,1515588537323,0.84390247,-0.034146342,0.44660193,0.84390247
2018-1-10T13-48-57,1515588537324,0.85365856,-0.024390243,0.4563107,0.85365856
2018-1-10T13-48-57,1515588537325,0.85365856,-0.024390243,0.4563107,0.85365856
2018-1-10T13-48-57,1515588537326,0.84390247,-0.014634146,0.4563107,0.84390247
2018-1-10T13-48-57,1515588537327,0.85365856,-0.024390243,0.44660193,0.85365856
2018-1-10T13-48-57,1515588537328,0.84390247,-0.024390243,0.44660193,0.84390247
2018-1-10T13-48-57,1515588537329,0.86341465,-0.024390243,0.4563107,0.86341465
2018-1-10T13-48-57,1515588537330,0.86341465,-0.014634146,0.4563107,0.86341465
2018-1-10T13-48-57,1515588537331,0.80487806,0.024390243,0.4563107,0.80487806
2018-1-10T13-48-57,1515588537332,0.84390247,-0.014634146,0.4368932,0.84390247
2018-1-10T13-48-57,1515588537333,0.84390247,-0.024390243,0.44660193,0.84390247
2018-1-10T13-48-57,1515588537334,0.8341463,-0.014634146,0.4368932,0.8341463
2018-1-10T13-48-57,1515588537335,0.85365856,-0.014634146,0.44660193,0.85365856
2018-1-10T13-48-57,1515588537336,0.85365856,-0.034146342,0.4563107,0.85365856
2018-1-10T13-48-57,1515588537337,0.84390247,-0.014634146,0.46601942,0.84390247
2018-1-10T13-48-57,1515588537338,0.84390247,-0.024390243,0.4368932,0.84390247
2018-1-10T13-48-57,1515588537339,0.82439023,-0.06341463,0.46601942,0.82439023
2018-1-10T13-48-57,1515588537340,0.8341463,-0.024390243,0.44660193,0.8341463
2018-1-10T13-48-57,1515588537341,0.84390247,-0.024390243,0.47572815,0.84390247
2018-1-10T13-48-57,1515588537342,0.84390247,-0.034146342,0.44660193,0.84390247
2018-1-10T13-48-57,1515588537343,0.84390247,-0.024390243,0.44660193,0.84390247
2018-1-10T13-48-57,1515588537344,0.84390247,-0.08292683,0.5048544,0.84390247
2018-1-10T13-48-57,1515588537345,0.85365856,-0.034146342,0.39805827,0.85365856
2018-1-10T13-48-57,1515588537346,0.84390247,-0.024390243,0.4563107,0.84390247
2018-1-10T13-48-57,1515588537347,0.87317073,-0.024390243,0.44660193,0.87317073
2018-1-10T13-48-57,1515588537348,0.85365856,-0.014634146,0.46601942,0.85365856
2018-1-10T13-48-57,1515588537349,0.85365856,-0.07317073,0.4563107,0.85365856
2018-1-10T13-48-57,1515588537350,0.8341463,-0.024390243,0.44660193,0.8341463
2018-1-10T13-48-57,1515588537351,0.84390247,-0.024390243,0.44660193,0.84390247
2018-1-10T13-48-57,1515588537352,0.84390247,-0.034146342,0.4854369,0.84390247
2018-1-10T13-48-57,1515588537353,0.85365856,-0.024390243,0.4563107,0.85365856
2018-1-10T13-48-57,1515588537354,0.84390247,-0.024390243,0.4563107,0.84390247
2018-1-10T13-48-57,1515588537355,0.84390247,0.004878049,0.4563107,0.84390247
2018-1-10T13-48-57,1515588537356,0.85365856,-0.024390243,0.4563107,0.85365856
2018-1-10T13-48-57,1515588537357,0.85365856,-0.11219512,0.4563107,0.85365856
2018-1-10T13-48-57,1515588537358,0.84390247,-0.024390243,0.52427185,0.84390247
2018-1-10T13-48-57,1515588537359,0.80487806,-0.014634146,0.4563107,0.80487806
2018-1-10T13-48-57,1515588537360,0.84390247,-0.034146342,0.44660193,0.84390247
2018-1-10T13-48-57,1515588537361,0.8341463,-0.043902438,0.4563107,0.8341463
2018-1-10T13-48-57,1515588537362,0.84390247,-0.024390243,0.44660193,0.84390247
2018-1-10T13-48-57,1515588537363,0.85365856,-0.024390243,0.4563107,0.85365856
2018-1-10T13-48-57,1515588537364,0.84390247,-0.024390243,0.44660193,0.84390247
2018-1-10T13-48-57,1515588537365,0.84390247,-0.024390243,0.44660193,0.84390247
2018-1-10T13-48-57,1515588537366,0.75609756,-0.024390243,0.44660193,0.75609756
2018-1-10T13-48-57,1515588537367,0.84390247,-0.024390243,0.44660193,0.84390247
2018-1-10T13-48-57,1515588537368,0.84390247,-0.024390243,0.4563107,0.84390247
2018-1-10T13-48-57,1515588537369,0.85365856,-0.034146342,0.4563107,0.85365856
2018-1-10T13-48-57,1515588537370,0.85365856,-0.014634146,0.44660193,0.85365856
2018-1-10T13-48-57,1515588537371,0.91219515,-0.08292683,0.4563107,0.91219515
2018-1-10T13-48-57,1515588537372,0.85365856,-0.024390243,0.4563107,0.85365856
2018-1-10T13-48-57,1515588537373,0.85365856,-0.004878049,0.4563107,0.85365856
2018-1-10T13-48-57,1515588537374,0.85365856,-0.014634146,0.4563107,0.85365856
2018-1-10T13-48-57,1515588537375,0.77560973,-0.014634146,0.44660193,0.77560973
2018-1-10T13-48-57,1515588537376,0.86341465,-0.034146342,0.4563107,0.86341465
2018-1-10T13-48-57,1515588537377,0.86341465,-0.024390243,0.4563107,0.86341465
2018-1-10T13-48-57,1515588537378,0.84390247,-0.014634146,0.44660193,0.84390247
2018-1-10T13-48-57,1515588537379,0.84390247,-0.024390243,0.44660193,0.84390247
2018-1-10T13-48-57,1515588537380,0.84390247,-0.024390243,0.4563107,0.84390247
2018-1-10T13-48-57,1515588537381,0.8926829,-0.014634146,0.4563107,0.8926829
2018-1-10T13-48-57,1515588537382,0.8341463,-0.024390243,0.37864077,0.8341463
2018-1-10T13-48-57,1515588537383,0.8341463,-0.014634146,0.44660193,0.8341463
2018-1-10T13-48-57,1515588537384,0.8341463,-0.014634146,0.4563107,0.8341463
2018-1-10T13-48-57,1515588537385,0.85365856,-0.024390243,0.44660193,0.85365856
2018-1-10T13-48-57,1515588537386,0.8341463,-0.024390243,0.44660193,0.8341463
2018-1-10T13-48-57,1515588537387,0.85365856,-0.024390243,0.4563107,0.85365856
2018-1-10T13-48-57,1515588537388,0.85365856,-0.004878049,0.4563107,0.85365856
2018-1-10T13-48-57,1515588537389,0.84390247,-0.014634146,0.4563107,0.84390247
2018-1-10T13-48-57,1515588537390,0.76585364,-0.024390243,0.4563107,0.76585364
2018-1-10T13-48-57,1515588537391,0.84390247,-0.014634146,0.4563107,0.84390247
2018-1-10T13-48-57,1515588537392,0.85365856,-0.024390243,0.44660193,0.85365856
2018-1-10T13-48-57,1515588537393,0.85365856,-0.034146342,0.4563107,0.85365856
2018-1-10T13-48-57,1515588537394,0.84390247,-0.034146342,0.4563107,0.84390247
2018-1-10T13-48-57,1515588537395,0.84390247,-0.004878049,0.4368932,0.84390247
2018-1-10T13-48-57,1515588537396,0.84390247,-0.024390243,0.4368932,0.84390247
2018-1-10T13-48-57,1515588537397,0.84390247,-0.024390243,0.4563107,0.84390247
2018-1-10T13-48-57,1515588537398,0.81463414,-0.014634146,0.44660193,0.81463414
2018-1-10T13-48-57,1515588537399,0.84390247,-0.024390243,0.44660193,0.84390247
2018-1-10T13-48-57,1515588537400,0.84390247,-0.034146342,0.44660193,0.84390247
2018-1-10T13-48-57,1515588537401,0.84390247,-0.024390243,0.46601942,0.84390247
2018-1-10T13-48-57,1515588537402,0.84390247,-0.024390243,0.44660193,0.84390247
2018-1-10T13-48-57,1515588537403,0.77560973,-0.024390243,0.44660193,0.77560973
2018-1-10T13-48-57,1515588537404,0.8341463,-0.024390243,0.44660193,0.8341463
2018-1-10T13-48-57,1515588537405,0.84390247,-0.014634146,0.4563107,0.84390247
2018-1-10T13-48-57,1515588537406,0.8341463,-0.024390243,0.4563107,0.8341463
2018-1-10T13-48-57,1515588537407,0.84390247,-0.014634146,0.4563107,0.84390247
2018-1-10T13-48-57,1515588537408,0.80487806,-0.024390243,0.44660193,0.80487806
2018-1-10T13-48-57,1515588537409,0.84390247,-0.004878049,0.41747573,0.84390247
2018-1-10T13-48-57,1515588537410,0.85365856,-0.043902438,0.44660193,0.85365856
2018-1-10T13-48-57,1515588537411,0.84390247,-0.024390243,0.4563107,0.84390247
2018-1-10T13-48-57,1515588537412,0.8341463,-0.09268293,0.4563107,0.8341463
2018-1-10T13-48-57,1515588537413,0.85365856,-0.034146342,0.44660193,0.85365856
2018-1-10T13-48-57,1515588537414,0.85365856,-0.034146342,0.46601942,0.85365856
2018-1-10T13-48-57,1515588537415,0.84390247,-0.014634146,0.4563107,0.84390247
2018-1-10T13-48-57,1515588537416,0.87317073,-0.024390243,0.44660193,0.87317073
2018-1-10T13-48-57,1515588537417,0.8829268,-0.034146342,0.44660193,0.8829268
2018-1-10T13-48-57,1515588537418,0.85365856,-0.024390243,0.44660193,0.85365856
2018-1-10T13-48-57,1515588537419,0.84390247,-0.004878049,0.4563107,0.84390247
2018-1-10T13-48-57,1515588537420,0.82439023,-0.014634146,0.44660193,0.82439023
2018-1-10T13-48-57,1515588537421,0.84390247,-0.024390243,0.4563107,0.84390247
2018-1-10T13-48-57,1515588537422,0.8341463,-0.024390243,0.44660193,0.8341463
2018-1-10T13-48-57,1515588537423,0.84390247,-0.043902438,0.44660193,0.84390247
2018-1-10T13-48-57,1515588537424,0.84390247,-0.034146342,0.4563107,0.84390247
2018-1-10T13-48-57,1515588537425,0.84390247,-0.034146342,0.44660193,0.84390247
2018-1-10T13-48-57,1515588537426,0.87317073,-0.004878049,0.4563107,0.87317073
2018-1-10T13-48-57,1515588537427,0.84390247,-0.024390243,0.4563107,0.84390247
2018-1-10T13-48-57,1515588537428,0.85365856,-0.034146342,0.46601942,0.85365856
2018-1-10T13-48-57,1515588537429,0.86341465,-0.034146342,0.44660193,0.86341465
2018-1-10T13-48-57,1515588537430,0.81463414,-0.004878049,0.4563107,0.81463414
2018-1-10T13-48-57,1515588537431,0.86341465,-0.014634146,0.4563107,0.86341465
2018-1-10T13-48-57,1515588537432,0.902439,-0.014634146,0.4563107,0.902439
2018-1-10T13-48-57,1515588537433,0.84390247,-0.034146342,0.4563107,0.84390247
2018-1-10T13-48-57,1515588537434,0.84390247,-0.024390243,0.4563107,0.84390247
2018-1-10T13-48-57,1515588537435,0.86341465,-0.024390243,0.44660193,0.86341465
2018-1-10T13-48-57,1515588537436,0.84390247,-0.024390243,0.44660193,0.84390247
2018-1-10T13-48-57,1515588537437,0.82439023,-0.014634146,0.46601942,0.82439023
2018-1-10T13-48-57,1515588537438,0.7853659,-0.014634146,0.44660193,0.7853659
2018-1-10T13-48-57,1515588537439,0.84390247,-0.024390243,0.4563107,0.84390247
2018-1-10T13-48-57,1515588537440,0.8341463,-0.034146342,0.4563107,0.8341463
2018-1-10T13-48-57,1515588537441,0.86341465,-0.09268293,0.44660193,0.86341465
2018-1-10T13-48-57,1515588537442,0.82439023,-0.034146342,0.42718446,0.82439023
2018-1-10T13-48-57,1515588537443,0.84390247,-0.024390243,0.46601942,0.84390247
2018-1-10T13-48-57,1515588537444,0.84390247,-0.024390243,0.4368932,0.84390247
2018-1-10T13-48-57,1515588537445,0.86341465,-0.034146342,0.44660193,0.86341465
2018-1-10T13-48-57,1515588537446,0.85365856,-0.024390243,0.4563107,0.85365856
2018-1-10T13-48-57,1515588537447,0.84390247,-0.024390243,0.44660193,0.84390247
2018-1-10T13-48-57,1515588537448,0.8341463,-0.034146342,0.44660193,0.8341463
2018-1-10T13-48-57,1515588537449,0.85365856,-0.024390243,0.4563107,0.85365856
2018-1-10T13-48-57,1515588537450,0.86341465,-0.034146342,0.4563107,0.86341465
2018-1-10T13-48-57,1515588537451,0.85365856,-0.024390243,0.46601942,0.85365856
2018-1-10T13-48-57,1515588537452,0.84390247,-0.034146342,0.4563107,0.84390247
2018-1-10T13-48-57,1515588537453,0.84390247,-0.014634146,0.4563107,0.84390247
2018-1-10T13-48-57,1515588537454,0.84390247,-0.014634146,0.44660193,0.84390247
2018-1-10T13-48-57,1515588537455,0.84390247,-0.024390243,0.4368932,0.84390247
2018-1-10T13-48-57,1515588537456,0.85365856,-0.014634146,0.4854369,0.85365856
2018-1-10T13-48-57,1515588537457,0.84390247,-0.034146342,0.4563107,0.84390247
2018-1-10T13-48-57,1515588537458,0.84390247,-0.024390243,0.47572815,0.84390247
2018-1-10T13-48-57,1515588537459,0.85365856,-0.024390243,0.4563107,0.85365856
2018-1-10T13-48-57,1515588537460,0.84390247,-0.034146342,0.49514562,0.84390247
2018-1-10T13-48-57,1515588537461,0.82439023,-0.024390243,0.4368932,0.82439023
2018-1-10T13-48-57,1515588537462,0.81463414,-0.034146342,0.4368932,0.81463414
2018-1-10T13-48-57,1515588537463,0.84390247,-0.034146342,0.4563107,0.84390247
2018-1-10T13-48-57,1515588537464,0.84390247,-0.024390243,0.4854369,0.84390247
2018-1-10T13-48-57,1515588537465,0.82439023,-0.034146342,0.4368932,0.82439023
2018-1-10T13-48-57,1515588537466,0.8341463,-0.014634146,0.4563107,0.8341463
2018-1-10T13-48-57,1515588537467,0.84390247,-0.004878049,0.4563107,0.84390247
2018-1-10T13-48-57,1515588537468,0.84390247,0.004878049,0.4368932,0.84390247
2018-1-10T13-48-57,1515588537469,0.8341463,-0.014634146,0.4563107,0.8341463
2018-1-10T13-48-57,1515588537470,0.84390247,-0.034146342,0.44660193,0.84390247
2018-1-10T13-48-57,1515588537471,0.85365856,-0.024390243,0.49514562,0.85365856
2018-1-10T13-48-57,1515588537472,0.8341463,-0.024390243,0.39805827,0.8341463
2018-1-10T13-48-57,1515588537473,0.85365856,-0.014634146,0.4563107,0.85365856
2018-1-10T13-48-57,1515588537474,0.8341463,-0.034146342,0.4563107,0.8341463
2018-1-10T13-48-57,1515588537475,0.84390247,-0.024390243,0.46601942,0.84390247
2018-1-10T13-48-57,1515588537476,0.84390247,-0.014634146,0.46601942,0.84390247
2018-1-10T13-48-57,1515588537477,0.84390247,-0.024390243,0.4563107,0.84390247
2018-1-10T13-48-57,1515588537478,0.85365856,-0.014634146,0.46601942,0.85365856
2018-1-10T13-48-57,1515588537479,0.85365856,-0.024390243,0.4563107,0.85365856
2018-1-10T13-48-57,1515588537480,0.84390247,-0.034146342,0.5048544,0.84390247
2018-1-10T13-48-57,1515588537481,0.84390247,-0.034146342,0.44660193,0.84390247
2018-1-10T13-48-57,1515588537482,0.84390247,-0.004878049,0.44660193,0.84390247
2018-1-10T13-48-57,1515588537483,0.84390247,-0.024390243,0.44660193,0.84390247
2018-1-10T13-48-57,1515588537484,0.902439,-0.034146342,0.44660193,0.902439
2018-1-10T13-48-57,1515588537485,0.84390247,-0.024390243,0.44660193,0.84390247
2018-1-10T13-48-57,1515588537486,0.85365856,-0.014634146,0.4563107,0.85365856
2018-1-10T13-48-57,1515588537487,0.85365856,-0.014634146,0.44660193,0.85365856
2018-1-10T13-48-57,1515588537488,0.84390247,-0.014634146,0.44660193,0.84390247
2018-1-10T13-48-57,1515588537489,0.84390247,0.024390243,0.44660193,0.84390247
2018-1-10T13-48-57,1515588537490,0.77560973,-0.07317073,0.44660193,0.77560973
2018-1-10T13-48-57,1515588537491,0.85365856,-0.024390243,0.44660193,0.85365856
2018-1-10T13-48-57,1515588537492,0.86341465,-0.014634146,0.47572815,0.86341465
2018-1-10T13-48-57,1515588537493,0.84390247,-0.034146342,0.4368932,0.84390247
2018-1-10T13-48-57,1515588537494,0.84390247,-0.014634146,0.47572815,0.84390247
2018-1-10T13-48-57,1515588537495,0.85365856,-0.014634146,0.44660193,0.85365856
2018-1-10T13-48-57,1515588537496,0.8341463,-0.034146342,0.4563107,0.8341463
2018-1-10T13-48-57,1515588537497,0.84390247,-0.034146342,0.4563107,0.84390247
2018-1-10T13-48-57,1515588537498,0.86341465,-0.024390243,0.46601942,0.86341465
2018-1-10T13-48-57,1515588537499,0.85365856,-0.034146342,0.4563107,0.85365856
2018-1-10T13-48-57,1515588537500,0.84390247,-0.024390243,0.4563107,0.84390247
2018-1-10T13-48-57,1515588537501,0.91219515,-0.12195122,0.4563107,0.91219515
2018-1-10T13-48-57,1515588537502,0.84390247,-0.034146342,0.46601942,0.84390247
2018-1-10T13-48-57,1515588537503,0.86341465,-0.034146342,0.4563107,0.86341465
2018-1-10T13-48-57,1515588537504,0.86341465,-0.014634146,0.44660193,0.86341465
2018-1-10T13-48-57,1515588537505,0.87317073,-0.024390243,0.49514562,0.87317073
2018-1-10T13-48-57,1515588537506,0.85365856,-0.034146342,0.4563107,0.85365856
2018-1-10T13-48-57,1515588537507,0.86341465,-0.034146342,0.41747573,0.86341465
2018-1-10T13-48-57,1515588537508,0.8829268,-0.024390243,0.4563107,0.8829268
2018-1-10T13-48-57,1515588537509,0.85365856,-0.043902438,0.4563107,0.85365856
2018-1-10T13-48-57,1515588537510,0.85365856,-0.024390243,0.4563107,0.85365856
2018-1-10T13-48-57,1515588537511,0.85365856,-0.034146342,0.4563107,0.85365856
2018-1-10T13-48-57,1515588537512,0.84390247,-0.024390243,0.44660193,0.84390247
2018-1-10T13-48-57,1515588537513,0.77560973,-0.024390243,0.4563107,0.77560973
2018-1-10T13-48-57,1515588537514,0.84390247,-0.024390243,0.44660193,0.84390247
2018-1-10T13-48-57,1515588537515,0.85365856,-0.004878049,0.44660193,0.85365856
2018-1-10T13-48-57,1515588537516,0.84390247,-0.06341463,0.4563107,0.84390247
2018-1-10T13-48-57,1515588537517,0.84390247,-0.034146342,0.4563107,0.84390247
2018-1-10T13-48-57,1515588537518,0.86341465,-0.014634146,0.46601942,0.86341465
2018-1-10T13-48-57,1515588537519,0.84390247,-0.034146342,0.4563107,0.84390247
2018-1-10T13-48-57,1515588537520,0.84390247,-0.034146342,0.44660193,0.84390247
2018-1-10T13-48-57,1515588537521,0.85365856,-0.024390243,0.4563107,0.85365856
2018-1-10T13-48-57,1515588537522,0.85365856,-0.014634146,0.4563107,0.85365856
2018-1-10T13-48-57,1515588537523,0.79512197,-0.08292683,0.46601942,0.79512197
2018-1-10T13-48-57,1515588537524,0.84390247,-0.034146342,0.46601942,0.84390247
2018-1-10T13-48-57,1515588537525,0.84390247,-0.024390243,0.4563107,0.84390247
2018-1-10T13-48-57,1515588537526,0.85365856,-0.034146342,0.4563107,0.85365856
2018-1-10T13-48-57,1515588537527,0.85365856,0.014634146,0.46601942,0.85365856
2018-1-10T13-48-57,1515588537528,0.84390247,-0.034146342,0.4563107,0.84390247
2018-1-10T13-48-57,1515588537529,0.85365856,-0.034146342,0.4563107,0.85365856
2018-1-10T13-48-57,1515588537530,0.85365856,-0.024390243,0.4563107,0.85365856
2018-1-10T13-48-57,1515588537531,0.84390247,-0.024390243,0.4563107,0.84390247
2018-1-10T13-48-57,1515588537532,0.85365856,-0.024390243,0.4563107,0.85365856
2018-1-10T13-48-57,1515588537533,0.84390247,-0.024390243,0.44660193,0.84390247
2018-1-10T13-48-57,1515588537534,0.8341463,-0.043902438,0.4563107,0.8341463
2018-1-10T13-48-57,1515588537535,0.84390247,-0.014634146,0.44660193,0.84390247
2018-1-10T13-48-57,1515588537536,0.8341463,-0.024390243,0.4563107,0.8341463
2018-1-10T13-48-57,1515588537537,0.8341463,-0.014634146,0.4368932,0.8341463
2018-1-10T13-48-57,1515588537538,0.8341463,-0.014634146,0.44660193,0.8341463
2018-1-10T13-48-57,1515588537539,0.8341463,-0.004878049,0.4563107,0.8341463
2018-1-10T13-48-57,1515588537540,0.87317073,-0.014634146,0.44660193,0.87317073
2018-1-10T13-48-57,1515588537541,0.8341463,-0.034146342,0.44660193,0.8341463
2018-1-10T13-48-57,1515588537542,0.82439023,-0.014634146,0.44660193,0.82439023
2018-1-10T13-48-57,1515588537543,0.84390247,-0.014634146,0.4563107,0.84390247
2018-1-10T13-48-57,1515588537544,0.84390247,-0.024390243,0.46601942,0.84390247
2018-1-10T13-48-57,1515588537545,0.84390247,-0.004878049,0.4563107,0.84390247
2018-1-10T13-48-57,1515588537546,0.84390247,-0.024390243,0.44660193,0.84390247
2018-1-10T13-48-57,1515588537547,0.80487806,0.024390243,0.4563107,0.80487806
2018-1-10T13-48-57,1515588537548,0.84390247,-0.014634146,0.46601942,0.84390247
2018-1-10T13-48-57,1515588537549,0.84390247,-0.004878049,0.4563107,0.84390247
2018-1-10T13-48-57,1515588537550,0.84390247,-0.024390243,0.4563107,0.84390247
2018-1-10T13-48-57,1515588537551,0.8341463,-0.024390243,0.4563107,0.8341463
2018-1-10T13-48-57,1515588537552,0.8829268,-0.014634146,0.4854369,0.8829268
2018-1-10T13-48-57,1515588537553,0.85365856,-0.11219512,0.46601942,0.85365856
2018-1-10T13-48-57,1515588537554,0.84390247,-0.024390243,0.46601942,0.84390247
2018-1-10T13-48-57,1515588537555,0.85365856,-0.024390243,0.46601942,0.85365856
2018-1-10T13-48-57,1515588537556,0.86341465,-0.024390243,0.4563107,0.86341465
2018-1-10T13-48-57,1515588537557,0.80487806,-0.024390243,0.46601942,0.80487806
2018-1-10T13-48-57,1515588537558,0.85365856,-0.004878049,0.4563107,0.85365856
2018-1-10T13-48-57,1515588537559,0.84390247,-0.034146342,0.4563107,0.84390247
2018-1-10T13-48-57,1515588537560,0.84390247,-0.024390243,0.4563107,0.84390247
2018-1-10T13-48-57,1515588537561,0.84390247,-0.043902438,0.4563107,0.84390247
2018-1-10T13-48-57,1515588537562,0.84390247,-0.014634146,0.44660193,0.84390247
2018-1-10T13-48-57,1515588537563,0.8341463,-0.053658538,0.4368932,0.8341463
2018-1-10T13-48-57,1515588537564,0.84390247,-0.034146342,0.4563107,0.84390247
2018-1-10T13-48-57,1515588537565,0.84390247,-0.014634146,0.4563107,0.84390247
2018-1-10T13-48-57,1515588537566,0.86341465,-0.024390243,0.44660193,0.86341465
2018-1-10T13-48-57,1515588537567,0.82439023,-0.024390243,0.4563107,0.82439023
2018-1-10T13-48-57,1515588537568,0.8341463,-0.024390243,0.44660193,0.8341463
2018-1-10T13-48-57,1515588537569,0.85365856,-0.014634146,0.44660193,0.85365856
2018-1-10T13-48-57,1515588537570,0.84390247,-0.034146342,0.44660193,0.84390247
2018-1-10T13-48-57,1515588537571,0.84390247,-0.024390243,0.4563107,0.84390247
2018-1-10T13-48-57,1515588537572,0.91219515,-0.053658538,0.4368932,0.91219515
2018-1-10T13-48-57,1515588537573,0.8341463,-0.034146342,0.44660193,0.8341463
2018-1-10T13-48-57,1515588537574,0.84390247,-0.014634146,0.46601942,0.84390247
2018-1-10T13-48-57,1515588537575,0.86341465,-0.014634146,0.44660193,0.86341465
2018-1-10T13-48-57,1515588537576,0.85365856,-0.034146342,0.4563107,0.85365856
2018-1-10T13-48-57,1515588537577,0.84390247,-0.024390243,0.44660193,0.84390247
2018-1-10T13-48-57,1515588537578,0.82439023,-0.024390243,0.41747573,0.82439023
2018-1-10T13-48-57,1515588537579,0.82439023,-0.034146342,0.44660193,0.82439023
2018-1-10T13-48-57,1515588537580,0.87317073,-0.024390243,0.4563107,0.87317073
2018-1-10T13-48-57,1515588537581,0.84390247,0.053658538,0.4563107,0.84390247
2018-1-10T13-48-57,1515588537582,0.85365856,-0.024390243,0.4563107,0.85365856
2018-1-10T13-48-57,1515588537583,0.84390247,-0.024390243,0.4563107,0.84390247
2018-1-10T13-48-57,1515588537584,0.84390247,-0.024390243,0.4563107,0.84390247
2018-1-10T13-48-57,1515588537585,0.85365856,-0.024390243,0.4563107,0.85365856
2018-1-10T13-48-57,1515588537586,0.86341465,-0.024390243,0.5048544,0.86341465
2018-1-10T13-48-57,1515588537587,0.84390247,-0.034146342,0.44660193,0.84390247
2018-1-10T13-48-57,1515588537588,0.84390247,-0.024390243,0.44660193,0.84390247
2018-1-10T13-48-57,1515588537589,0.86341465,-0.034146342,0.44660193,0.86341465
2018-1-10T13-48-57,1515588537590,0.84390247,-0.024390243,0.44660193,0.84390247
2018-1-10T13-48-57,1515588537591,0.8341463,-0.014634146,0.4563107,0.8341463
2018-1-10T13-48-57,1515588537592,0.84390247,-0.09268293,0.44660193,0.84390247
2018-1-10T13-48-57,1515588537593,0.84390247,-0.024390243,0.44660193,0.84390247
2018-1-10T13-48-57,1515588537594,0.84390247,-0.024390243,0.44660193,0.84390247
2018-1-10T13-48-57,1515588537595,0.84390247,-0.034146342,0.44660193,0.84390247
2018-1-10T13-48-57,1515588537596,0.8341463,-0.014634146,0.4563107,0.8341463
2018-1-10T13-48-57,1515588537597,0.84390247,-0.024390243,0.44660193,0.84390247
2018-1-10T13-48-57,1515588537598,0.84390247,-0.034146342,0.44660193,0.84390247
2018-1-10T13-48-57,1515588537599,0.86341465,-0.024390243,0.44660193,0.86341465
2018-1-10T13-48-57,1515588537600,0.84390247,-0.07317073,0.4563107,0.84390247
2018-1-10T13-48-57,1515588537601,0.84390247,-0.043902438,0.44660193,0.84390247
2018-1-10T13-48-57,1515588537602,0.84390247,-0.024390243,0.41747573,0.84390247
2018-1-10T13-48-57,1515588537603,0.85365856,-0.034146342,0.4368932,0.85365856
2018-1-10T13-48-57,1515588537604,0.84390247,-0.024390243,0.4563107,0.84390247
2018-1-10T13-48-57,1515588537605,0.85365856,-0.014634146,0.4563107,0.85365856
2018-1-10T13-48-57,1515588537606,0.85365856,0.034146342,0.44660193,0.85365856
2018-1-10T13-48-57,1515588537607,0.87317073,-0.024390243,0.4563107,0.87317073
2018-1-10T13-48-57,1515588537608,0.84390247,-0.034146342,0.46601942,0.84390247
2018-1-10T13-48-57,1515588537609,0.86341465,-0.053658538,0.4563107,0.86341465
2018-1-10T13-48-57,1515588537610,0.92195123,-0.024390243,0.4563107,0.92195123
2018-1-10T13-48-57,1515588537611,0.84390247,-0.014634146,0.4563107,0.84390247
2018-1-10T13-48-57,1515588537612,0.84390247,-0.024390243,0.4368932,0.84390247
2018-1-10T13-48-57,1515588537613,0.85365856,-0.024390243,0.44660193,0.85365856
2018-1-10T13-48-57,1515588537614,0.8341463,-0.034146342,0.44660193,0.8341463
2018-1-10T13-48-57,1515588537615,0.8341463,-0.024390243,0.44660193,0.8341463
2018-1-10T13-48-57,1515588537616,0.7853659,-0.014634146,0.4563107,0.7853659
2018-1-10T13-48-57,1515588537617,0.85365856,-0.024390243,0.44660193,0.85365856
2018-1-10T13-48-57,1515588537618,0.8341463,-0.034146342,0.46601942,0.8341463
2018-1-10T13-48-57,1515588537619,0.8341463,-0.024390243,0.44660193,0.8341463
2018-1-10T13-48-57,1515588537620,0.85365856,-0.024390243,0.4563107,0.85365856
2018-1-10T13-48-57,1515588537621,0.84390247,-0.014634146,0.44660193,0.84390247
2018-1-10T13-48-57,1515588537622,0.82439023,-0.034146342,0.44660193,0.82439023
2018-1-10T13-48-57,1515588537623,0.85365856,-0.024390243,0.4563107,0.85365856
2018-1-10T13-48-57,1515588537624,0.84390247,-0.034146342,0.42718446,0.84390247
2018-1-10T13-48-57,1515588537625,0.84390247,-0.034146342,0.4563107,0.84390247
2018-1-10T13-48-57,1515588537626,0.84390247,-0.024390243,0.46601942,0.84390247
2018-1-10T13-48-57,1515588537627,0.8341463,-0.034146342,0.46601942,0.8341463
2018-1-10T13-48-57,1515588537628,0.84390247,-0.034146342,0.44660193,0.84390247
2018-1-10T13-48-57,1515588537629,0.84390247,-0.014634146,0.4563107,0.84390247
2018-1-10T13-48-57,1515588537630,0.86341465,-0.024390243,0.44660193,0.86341465
2018-1-10T13-48-57,1515588537631,0.8341463,-0.024390243,0.44660193,0.8341463
2018-1-10T13-48-57,1515588537632,0.85365856,-0.034146342,0.4563107,0.85365856
2018-1-10T13-48-57,1515588537633,0.85365856,-0.024390243,0.47572815,0.85365856
2018-1-10T13-48-57,1515588537634,0.85365856,-0.024390243,0.46601942,0.85365856
2018-1-10T13-48-57,1515588537635,0.85365856,-0.024390243,0.4563107,0.85365856
2018-1-10T13-48-57,1515588537636,0.85365856,-0.024390243,0.44660193,0.85365856
2018-1-10T13-48-57,1515588537637,0.84390247,-0.024390243,0.4563107,0.84390247
2018-1-10T13-48-57,1515588537638,0.85365856,-0.024390243,0.4563107,0.85365856
2018-1-10T13-48-57,1515588537639,0.85365856,-0.024390243,0.4563107,0.85365856
2018-1-10T13-48-57,1515588537640,0.85365856,-0.09268293,0.46601942,0.85365856
2018-1-10T13-48-57,1515588537641,0.85365856,-0.024390243,0.4563107,0.85365856
2018-1-10T13-48-57,1515588537642,0.8341463,-0.024390243,0.44660193,0.8341463
2018-1-10T13-48-57,1515588537643,0.84390247,-0.043902438,0.44660193,0.84390247
2018-1-10T13-48-57,1515588537644,0.84390247,-0.024390243,0.4563107,0.84390247
2018-1-10T13-48-57,1515588537645,0.8829268,-0.024390243,0.46601942,0.8829268
2018-1-10T13-48-57,1515588537646,0.8341463,-0.034146342,0.44660193,0.8341463
2018-1-10T13-48-57,1515588537647,0.84390247,-0.024390243,0.44660193,0.84390247
2018-1-10T13-48-57,1515588537648,0.84390247,-0.014634146,0.44660193,0.84390247
2018-1-10T13-48-57,1515588537649,0.85365856,-0.10243902,0.4563107,0.85365856
2018-1-10T13-48-57,1515588537650,0.8341463,-0.034146342,0.44660193,0.8341463
2018-1-10T13-48-57,1515588537651,0.85365856,-0.034146342,0.4368932,0.85365856
2018-1-10T13-48-57,1515588537652,0.85365856,-0.024390243,0.4368932,0.85365856
2018-1-10T13-48-57,1515588537653,0.84390247,-0.024390243,0.4563107,0.84390247
2018-1-10T13-48-57,1515588537654,0.86341465,-0.034146342,0.4563107,0.86341465
2018-1-10T13-48-57,1515588537655,0.85365856,-0.034146342,0.46601942,0.85365856
2018-1-10T13-48-57,1515588537656,0.85365856,-0.034146342,0.42718446,0.85365856
2018-1-10T13-48-57,1515588537657,0.85365856,-0.014634146,0.4563107,0.85365856
2018-1-10T13-48-57,1515588537658,0.86341465,-0.053658538,0.44660193,0.86341465
2018-1-10T13-48-57,1515588537659,0.85365856,-0.034146342,0.4563107,0.85365856
2018-1-10T13-48-57,1515588537660,0.86341465,-0.024390243,0.4563107,0.86341465
2018-1-10T13-48-57,1515588537661,0.85365856,-0.024390243,0.4563107,0.85365856
2018-1-10T13-48-57,1515588537662,0.84390247,-0.024390243,0.44660193,0.84390247
2018-1-10T13-48-57,1515588537663,0.85365856,-0.014634146,0.4563107,0.85365856
2018-1-10T13-48-57,1515588537664,0.81463414,-0.024390243,0.4563107,0.81463414
2018-1-10T13-48-57,1515588537665,0.85365856,0.053658538,0.3883495,0.85365856
2018-1-10T13-48-57,1515588537666,0.85365856,-0.014634146,0.4563107,0.85365856
2018-1-10T13-48-57,1515588537667,0.85365856,-0.024390243,0.4563107,0.85365856
2018-1-10T13-48-57,1515588537668,0.86341465,-0.024390243,0.4563107,0.86341465
2018-1-10T13-48-57,1515588537669,0.84390247,-0.024390243,0.4563107,0.84390247
2018-1-10T13-48-57,1515588537670,0.8341463,-0.004878049,0.4563107,0.8341463
2018-1-10T13-48-57,1515588537671,0.85365856,0.053658538,0.44660193,0.85365856
2018-1-10T13-48-57,1515588537672,0.86341465,-0.014634146,0.47572815,0.86341465
2018-1-10T13-48-57,1515588537673,0.84390247,-0.034146342,0.44660193,0.84390247
2018-1-10T13-48-57,1515588537674,0.8829268,-0.034146342,0.4563107,0.8829268
2018-1-10T13-48-57,1515588537675,0.8341463,-0.024390243,0.4563107,0.8341463
2018-1-10T13-48-57,1515588537676,0.84390247,-0.043902438,0.4563107,0.84390247
2018-1-10T13-48-57,1515588537677,0.902439,-0.024390243,0.44660193,0.902439
2018-1-10T13-48-57,1515588537678,0.87317073,-0.034146342,0.44660193,0.87317073
2018-1-10T13-48-57,1515588537679,0.8341463,-0.024390243,0.4563107,0.8341463
2018-1-10T13-48-57,1515588537680,0.84390247,-0.024390243,0.4563107,0.84390247
2018-1-10T13-48-57,1515588537681,0.84390247,-0.024390243,0.4563107,0.84390247
2018-1-10T13-48-57,1515588537682,0.80487806,0.014634146,0.44660193,0.80487806
2018-1-10T13-48-57,1515588537683,0.84390247,-0.034146342,0.4563107,0.84390247
2018-1-10T13-48-57,1515588537684,0.85365856,-0.024390243,0.44660193,0.85365856
2018-1-10T13-48-57,1515588537685,0.85365856,-0.024390243,0.46601942,0.85365856
2018-1-10T13-48-57,1515588537686,0.84390247,-0.024390243,0.46601942,0.84390247
2018-1-10T13-48-57,1515588537687,0.84390247,-0.024390243,0.4563107,0.84390247
2018-1-10T13-48-57,1515588537688,0.84390247,-0.004878049,0.44660193,0.84390247
2018-1-10T13-48-57,1515588537689,0.80487806,-0.024390243,0.46601942,0.80487806
2018-1-10T13-48-57,1515588537690,0.86341465,-0.034146342,0.4563107,0.86341465
2018-1-10T13-48-57,1515588537691,0.84390247,-0.024390243,0.4563107,0.84390247
2018-1-10T13-48-57,1515588537692,0.8341463,-0.024390243,0.4563107,0.8341463
2018-1-10T13-48-57,1515588537693,0.84390247,-0.024390243,0.4563107,0.84390247
2018-1-10T13-48-57,1515588537694,0.84390247,-0.024390243,0.4563107,0.84390247
2018-1-10T13-48-57,1515588537695,0.8829268,0.014634146,0.4563107,0.8829268
2018-1-10T13-48-57,1515588537696,0.84390247,-0.034146342,0.4563107,0.84390247
2018-1-10T13-48-57,1515588537697,0.85365856,-0.004878049,0.44660193,0.85365856
2018-1-10T13-48-57,1515588537698,0.8341463,-0.024390243,0.47572815,0.8341463
2018-1-10T13-48-57,1515588537699,0.8341463,-0.024390243,0.4563107,0.8341463
2018-1-10T13-48-57,1515588537700,0.84390247,-0.024390243,0.4563107,0.84390247
2018-1-10T13-48-57,1515588537701,0.84390247,-0.024390243,0.4563107,0.84390247
2018-1-10T13-48-57,1515588537702,0.82439023,-0.014634146,0.4563107,0.82439023
2018-1-10T13-48-57,1515588537703,0.84390247,-0.06341463,0.4563107,0.84390247
2018-1-10T13-48-57,1515588537704,0.86341465,-0.034146342,0.4563107,0.86341465
2018-1-10T13-48-57,1515588537705,0.8341463,-0.043902438,0.39805827,0.8341463
2018-1-10T13-48-57,1515588537706,0.85365856,-0.024390243,0.42718446,0.85365856
2018-1-10T13-48-57,1515588537707,0.8341463,-0.034146342,0.4563107,0.8341463
2018-1-10T13-48-57,1515588537708,0.84390247,-0.034146342,0.4368932,0.84390247
2018-1-10T13-48-57,1515588537709,0.85365856,-0.024390243,0.47572815,0.85365856
2018-1-10T13-48-57,1515588537710,0.8341463,-0.034146342,0.41747573,0.8341463
2018-1-10T13-48-57,1515588537711,0.85365856,-0.024390243,0.44660193,0.85365856
2018-1-10T13-48-57,1515588537712,0.85365856,-0.024390243,0.4563107,0.85365856
2018-1-10T13-48-57,1515588537713,0.85365856,-0.014634146,0.44660193,0.85365856
2018-1-10T13-48-57,1515588537714,0.84390247,-0.024390243,0.44660193,0.84390247
2018-1-10T13-48-57,1515588537715,0.84390247,-0.024390243,0.4563107,0.84390247
2018-1-10T13-48-57,1515588537716,0.86341465,-0.024390243,0.44660193,0.86341465
2018-1-10T13-48-57,1515588537717,0.87317073,-0.024390243,0.4563107,0.87317073
2018-1-10T13-48-57,1515588537718,0.84390247,-0.014634146,0.4563107,0.84390247
2018-1-10T13-48-57,1515588537719,0.84390247,-0.034146342,0.44660193,0.84390247
2018-1-10T13-48-57,1515588537720,0.85365856,-0.024390243,0.42718446,0.85365856
2018-1-10T13-48-57,1515588537721,0.85365856,-0.024390243,0.44660193,0.85365856
2018-1-10T13-48-57,1515588537722,0.8341463,-0.043902438,0.4563107,0.8341463
2018-1-10T13-48-57,1515588537723,0.85365856,0.024390243,0.44660193,0.85365856
2018-1-10T13-48-57,1515588537724,0.8341463,-0.024390243,0.407767,0.8341463
2018-1-10T13-48-57,1515588537725,0.8829268,-0.014634146,0.4563107,0.8829268
2018-1-10T13-48-57,1515588537726,0.7853659,-0.014634146,0.44660193,0.7853659
2018-1-10T13-48-57,1515588537727,0.85365856,-0.024390243,0.44660193,0.85365856
2018-1-10T13-48-57,1515588537728,0.85365856,-0.024390243,0.44660193,0.85365856
2018-1-10T13-48-57,1515588537729,0.84390247,-0.024390243,0.44660193,0.84390247
2018-1-10T13-48-57,1515588537730,0.84390247,-0.12195122,0.4563107,0.84390247
2018-1-10T13-48-57,1515588537731,0.84390247,-0.024390243,0.4563107,0.84390247
2018-1-10T13-48-57,1515588537732,0.84390247,-0.034146342,0.42718446,0.84390247
2018-1-10T13-48-57,1515588537733,0.85365856,-0.024390243,0.44660193,0.85365856
2018-1-10T13-48-57,1515588537734,0.8341463,-0.034146342,0.4563107,0.8341463
2018-1-10T13-48-57,1515588537735,0.84390247,0.034146342,0.44660193,0.84390247
2018-1-10T13-48-57,1515588537736,0.84390247,0.043902438,0.4368932,0.84390247
2018-1-10T13-48-57,1515588537737,0.84390247,-0.034146342,0.44660193,0.84390247
2018-1-10T13-48-57,1515588537738,0.86341465,-0.043902438,0.4563107,0.86341465
2018-1-10T13-48-57,1515588537739,0.84390247,-0.024390243,0.44660193,0.84390247
2018-1-10T13-48-57,1515588537740,0.86341465,-0.024390243,0.4563107,0.86341465
2018-1-10T13-48-57,1515588537741,0.84390247,0.024390243,0.46601942,0.84390247
2018-1-10T13-48-57,1515588537742,0.8341463,-0.034146342,0.4563107,0.8341463
2018-1-10T13-48-57,1515588537743,0.86341465,-0.024390243,0.44660193,0.86341465
2018-1-10T13-48-57,1515588537744,0.85365856,-0.024390243,0.4563107,0.85365856
2018-1-10T13-48-57,1515588537745,0.84390247,-0.024390243,0.46601942,0.84390247
2018-1-10T13-48-57,1515588537746,0.85365856,-0.034146342,0.46601942,0.85365856
2018-1-10T13-48-57,1515588537747,0.85365856,-0.024390243,0.44660193,0.85365856
2018-1-10T13-48-57,1515588537748,0.86341465,-0.014634146,0.44660193,0.86341465
2018-1-10T13-48-57,1515588537749,0.85365856,-0.024390243,0.4563107,0.85365856
2018-1-10T13-48-57,1515588537750,0.85365856,-0.024390243,0.4563107,0.85365856
2018-1-10T13-48-57,1515588537751,0.86341465,-0.024390243,0.44660193,0.86341465
2018-1-10T13-48-57,1515588537752,0.86341465,-0.024390243,0.4563107,0.86341465
2018-1-10T13-48-57,1515588537753,0.8341463,-0.024390243,0.4563107,0.8341463
2018-1-10T13-48-57,1515588537754,0.84390247,-0.024390243,0.44660193,0.84390247
2018-1-10T13-48-57,1515588537755,0.85365856,-0.024390243,0.42718446,0.85365856
2018-1-10T13-48-57,1515588537756,0.8341463,-0.024390243,0.4563107,0.8341463
2018-1-10T13-48-57,1515588537757,0.8341463,-0.024390243,0.4368932,0.8341463
2018-1-10T13-48-57,1515588537758,0.85365856,-0.024390243,0.4563107,0.85365856
2018-1-10T13-48-57,1515588537759,0.84390247,-0.024390243,0.44660193,0.84390247
2018-1-10T13-48-57,1515588537760,0.84390247,-0.024390243,0.4563107,0.84390247
2018-1-10T13-48-57,1515588537761,0.84390247,-0.014634146,0.44660193,0.84390247
2018-1-10T13-48-57,1515588537762,0.85365856,-0.024390243,0.44660193,0.85365856
2018-1-10T13-48-57,1515588537763,0.84390247,-0.024390243,0.44660193,0.84390247
2018-1-10T13-48-57,1515588537764,0.82439023,-0.024390243,0.4368932,0.82439023
2018-1-10T13-48-57,1515588537765,0.84390247,-0.07317073,0.4563107,0.84390247
2018-1-10T13-48-57,1515588537766,0.84390247,-0.004878049,0.4563107,0.84390247
2018-1-10T13-48-57,1515588537767,0.84390247,-0.034146342,0.44660193,0.84390247
2018-1-10T13-48-57,1515588537768,0.84390247,-0.024390243,0.4563107,0.84390247
2018-1-10T13-48-57,1515588537769,0.86341465,-0.024390243,0.4563107,0.86341465
2018-1-10T13-48-57,1515588537770,0.84390247,-0.024390243,0.4563107,0.84390247
2018-1-10T13-48-57,1515588537771,0.84390247,-0.043902438,0.4563107,0.84390247
2018-1-10T13-48-57,1515588537772,0.85365856,-0.034146342,0.4563107,0.85365856
2018-1-10T13-48-57,1515588537773,0.84390247,-0.014634146,0.46601942,0.84390247
2018-1-10T13-48-57,1515588537774,0.84390247,-0.043902438,0.4563107,0.84390247
2018-1-10T13-48-57,1515588537775,0.8341463,-0.024390243,0.4563107,0.8341463
2018-1-10T13-48-57,1515588537776,0.84390247,0.014634146,0.44660193,0.84390247
2018-1-10T13-48-57,1515588537777,0.85365856,-0.024390243,0.4563107,0.85365856
2018-1-10T13-48-57,1515588537778,0.84390247,-0.014634146,0.44660193,0.84390247
2018-1-10T13-48-57,1515588537779,0.84390247,-0.034146342,0.4563107,0.84390247
2018-1-10T13-48-57,1515588537780,0.84390247,-0.053658538,0.46601942,0.84390247
2018-1-10T13-48-57,1515588537781,0.8341463,-0.014634146,0.4368932,0.8341463
2018-1-10T13-48-57,1515588537782,0.84390247,-0.043902438,0.44660193,0.84390247
2018-1-10T13-48-57,1515588537783,0.8341463,-0.014634146,0.4563107,0.8341463
2018-1-10T13-48-57,1515588537784,0.84390247,-0.004878049,0.42718446,0.84390247
2018-1-10T13-48-57,1515588537785,0.85365856,-0.024390243,0.4563107,0.85365856
2018-1-10T13-48-57,1515588537786,0.85365856,-0.024390243,0.4563107,0.85365856
2018-1-10T13-48-57,1515588537787,0.84390247,-0.014634146,0.44660193,0.84390247
2018-1-10T13-48-57,1515588537788,0.8341463,-0.014634146,0.44660193,0.8341463
2018-1-10T13-48-57,1515588537789,0.84390247,-0.034146342,0.4563107,0.84390247
2018-1-10T13-48-57,1515588537790,0.84390247,-0.014634146,0.44660193,0.84390247
2018-1-10T13-48-57,1515588537791,0.84390247,-0.004878049,0.46601942,0.84390247
2018-1-10T13-48-57,1515588537792,0.85365856,-0.024390243,0.46601942,0.85365856
2018-1-10T13-48-57,1515588537793,0.84390247,-0.004878049,0.44660193,0.84390247
2018-1-10T13-48-57,1515588537794,0.80487806,-0.014634146,0.44660193,0.80487806
2018-1-10T13-48-57,1515588537795,0.85365856,-0.024390243,0.4563107,0.85365856
2018-1-10T13-48-57,1515588537796,0.81463414,-0.014634146,0.4563107,0.81463414
2018-1-10T13-48-57,1515588537797,0.85365856,-0.034146342,0.407767,0.85365856
2018-1-10T13-48-57,1515588537798,0.85365856,-0.08292683,0.4563107,0.85365856
2018-1-10T13-48-57,1515588537799,0.85365856,-0.024390243,0.44660193,0.85365856
2018-1-10T13-48-57,1515588537800,0.82439023,-0.034146342,0.44660193,0.82439023
2018-1-10T13-48-57,1515588537801,0.85365856,0.07317073,0.44660193,0.85365856
2018-1-10T13-48-57,1515588537802,0.84390247,-0.024390243,0.4563107,0.84390247
2018-1-10T13-48-57,1515588537803,0.85365856,-0.014634146,0.4563107,0.85365856
2018-1-10T13-48-57,1515588537804,0.85365856,-0.024390243,0.46601942,0.85365856
2018-1-10T13-48-57,1515588537805,0.84390247,-0.014634146,0.4563107,0.84390247
2018-1-10T13-48-57,1515588537806,0.85365856,-0.024390243,0.44660193,0.85365856
2018-1-10T13-48-57,1515588537807,0.8341463,-0.004878049,0.4563107,0.8341463
2018-1-10T13-48-57,1515588537808,0.8341463,-0.043902438,0.44660193,0.8341463
2018-1-10T13-48-57,1515588537809,0.84390247,-0.034146342,0.4563107,0.84390247
2018-1-10T13-48-57,1515588537810,0.84390247,-0.024390243,0.4563107,0.84390247
2018-1-10T13-48-57,1515588537811,0.85365856,-0.024390243,0.4563107,0.85365856
2018-1-10T13-48-57,1515588537812,0.84390247,-0.034146342,0.44660193,0.84390247
2018-1-10T13-48-57,1515588537813,0.84390247,-0.024390243,0.44660193,0.84390247
2018-1-10T13-48-57,1515588537814,0.80487806,-0.024390243,0.44660193,0.80487806
2018-1-10T13-48-57,1515588537815,0.84390247,-0.014634146,0.46601942,0.84390247
2018-1-10T13-48-57,1515588537816,0.85365856,-0.024390243,0.44660193,0.85365856
2018-1-10T13-48-57,1515588537817,0.86341465,-0.024390243,0.3883495,0.86341465
2018-1-10T13-48-57,1515588537818,0.84390247,-0.024390243,0.44660193,0.84390247
2018-1-10T13-48-57,1515588537819,0.85365856,-0.024390243,0.41747573,0.85365856
2018-1-10T13-48-57,1515588537820,0.84390247,-0.014634146,0.44660193,0.84390247
2018-1-10T13-48-57,1515588537821,0.79512197,-0.024390243,0.44660193,0.79512197
2018-1-10T13-48-57,1515588537822,0.84390247,-0.014634146,0.4368932,0.84390247
2018-1-10T13-48-57,1515588537823,0.84390247,-0.014634146,0.4368932,0.84390247
2018-1-10T13-48-57,1515588537824,0.82439023,-0.034146342,0.4563107,0.82439023
2018-1-10T13-48-57,1515588537825,0.85365856,-0.024390243,0.47572815,0.85365856
2018-1-10T13-48-57,1515588537826,0.84390247,0.034146342,0.4368932,0.84390247
2018-1-10T13-48-57,1515588537827,0.85365856,-0.014634146,0.4368932,0.85365856
2018-1-10T13-48-57,1515588537828,0.8341463,-0.06341463,0.44660193,0.8341463
2018-1-10T13-48-57,1515588537829,0.8341463,-0.024390243,0.44660193,0.8341463
2018-1-10T13-48-57,1515588537830,0.84390247,-0.034146342,0.44660193,0.84390247
2018-1-10T13-48-57,1515588537831,0.84390247,0.014634146,0.4368932,0.84390247
2018-1-10T13-48-57,1515588537832,0.85365856,-0.024390243,0.4368932,0.85365856
2018-1-10T13-48-57,1515588537833,0.84390247,-0.024390243,0.44660193,0.84390247
2018-1-10T13-48-57,1515588537834,0.85365856,-0.034146342,0.44660193,0.85365856
2018-1-10T13-48-57,1515588537835,0.84390247,-0.014634146,0.4368932,0.84390247
2018-1-10T13-48-57,1515588537836,0.84390247,-0.034146342,0.4368932,0.84390247
2018-1-10T13-48-57,1515588537837,0.84390247,-0.10243902,0.44660193,0.84390247
2018-1-10T13-48-57,1515588537838,0.84390247,-0.024390243,0.44660193,0.84390247
2018-1-10T13-48-57,1515588537839,0.84390247,-0.014634146,0.4368932,0.84390247
2018-1-10T13-48-57,1515588537840,0.85365856,-0.043902438,0.4563107,0.85365856
2018-1-10T13-48-57,1515588537841,0.84390247,-0.034146342,0.44660193,0.84390247
2018-1-10T13-48-57,1515588537842,0.84390247,-0.024390243,0.44660193,0.84390247
2018-1-10T13-48-57,1515588537843,0.82439023,-0.004878049,0.44660193,0.82439023
2018-1-10T13-48-57,1515588537844,0.82439023,-0.014634146,0.44660193,0.82439023
2018-1-10T13-48-57,1515588537845,0.84390247,-0.024390243,0.44660193,0.84390247
2018-1-10T13-48-57,1515588537846,0.84390247,-0.024390243,0.5048544,0.84390247
2018-1-10T13-48-57,1515588537847,0.86341465,-0.034146342,0.4563107,0.86341465
2018-1-10T13-48-57,1515588537848,0.85365856,-0.034146342,0.44660193,0.85365856
2018-1-10T13-48-57,1515588537849,0.8341463,-0.034146342,0.44660193,0.8341463
2018-1-10T13-48-57,1515588537850,0.84390247,-0.10243902,0.44660193,0.84390247
2018-1-10T13-48-57,1515588537851,0.84390247,-0.024390243,0.4563107,0.84390247
2018-1-10T13-48-57,1515588537852,0.8341463,-0.014634146,0.4563107,0.8341463
2018-1-10T13-48-57,1515588537853,0.84390247,-0.034146342,0.44660193,0.84390247
2018-1-10T13-48-57,1515588537854,0.85365856,-0.043902438,0.4368932,0.85365856
2018-1-10T13-48-57,1515588537855,0.84390247,-0.024390243,0.407767,0.84390247
2018-1-10T13-48-57,1515588537856,0.85365856,-0.11219512,0.4563107,0.85365856
2018-1-10T13-48-57,1515588537857,0.84390247,-0.024390243,0.44660193,0.84390247
2018-1-10T13-48-57,1515588537858,0.84390247,-0.034146342,0.44660193,0.84390247
2018-1-10T13-48-57,1515588537859,0.8829268,-0.024390243,0.44660193,0.8829268
2018-1-10T13-48-57,1515588537860,0.87317073,-0.014634146,0.4563107,0.87317073
2018-1-10T13-48-57,1515588537861,0.86341465,-0.014634146,0.44660193,0.86341465
2018-1-10T13-48-57,1515588537862,0.85365856,-0.034146342,0.4368932,0.85365856
2018-1-10T13-48-57,1515588537863,0.86341465,-0.024390243,0.44660193,0.86341465
2018-1-10T13-48-57,1515588537864,0.84390247,-0.024390243,0.4563107,0.84390247
2018-1-10T13-48-57,1515588537865,0.8341463,-0.024390243,0.4563107,0.8341463
2018-1-10T13-48-57,1515588537866,0.84390247,-0.034146342,0.44660193,0.84390247
2018-1-10T13-48-57,1515588537867,0.84390247,-0.024390243,0.44660193,0.84390247
2018-1-10T13-48-57,1515588537868,0.84390247,-0.014634146,0.44660193,0.84390247
2018-1-10T13-48-57,1515588537869,0.84390247,-0.034146342,0.44660193,0.84390247
2018-1-10T13-48-57,1515588537870,0.8341463,-0.004878049,0.44660193,0.8341463
2018-1-10T13-48-57,1515588537871,0.85365856,-0.014634146,0.4368932,0.85365856
2018-1-10T13-48-57,1515588537872,0.82439023,-0.043902438,0.44660193,0.82439023
2018-1-10T13-48-57,1515588537873,0.81463414,-0.024390243,0.44660193,0.81463414
2018-1-10T13-48-57,1515588537874,0.85365856,-0.024390243,0.44660193,0.85365856
2018-1-10T13-48-57,1515588537875,0.84390247,-0.024390243,0.4563107,0.84390247
2018-1-10T13-48-57,1515588537876,0.82439023,-0.034146342,0.4563107,0.82439023
2018-1-10T13-48-57,1515588537877,0.84390247,-0.043902438,0.42718446,0.84390247
2018-1-10T13-48-57,1515588537878,0.84390247,-0.014634146,0.44660193,0.84390247
2018-1-10T13-48-57,1515588537879,0.84390247,-0.014634146,0.44660193,0.84390247
2018-1-10T13-48-57,1515588537880,0.85365856,-0.014634146,0.44660193,0.85365856
2018-1-10T13-48-57,1515588537881,0.85365856,-0.034146342,0.4563107,0.85365856
2018-1-10T13-48-57,1515588537882,0.8341463,-0.024390243,0.4563107,0.8341463
2018-1-10T13-48-57,1515588537883,0.85365856,-0.014634146,0.4563107,0.85365856
2018-1-10T13-48-57,1515588537884,0.84390247,-0.024390243,0.4563107,0.84390247
2018-1-10T13-48-57,1515588537885,0.82439023,-0.034146342,0.44660193,0.82439023
2018-1-10T13-48-57,1515588537886,0.85365856,-0.034146342,0.44660193,0.85365856
2018-1-10T13-48-57,1515588537887,0.85365856,-0.024390243,0.4368932,0.85365856
2018-1-10T13-48-57,1515588537888,0.84390247,-0.034146342,0.39805827,0.84390247
2018-1-10T13-48-57,1515588537889,0.8341463,-0.004878049,0.5048544,0.8341463
2018-1-10T13-48-57,1515588537890,0.85365856,-0.034146342,0.4563107,0.85365856
2018-1-10T13-48-57,1515588537891,0.84390247,-0.034146342,0.44660193,0.84390247
2018-1-10T13-48-57,1515588537892,0.87317073,-0.034146342,0.4563107,0.87317073
2018-1-10T13-48-57,1515588537893,0.81463414,-0.034146342,0.4563107,0.81463414
2018-1-10T13-48-57,1515588537894,0.86341465,-0.024390243,0.4563107,0.86341465
2018-1-10T13-48-57,1515588537895,0.85365856,-0.014634146,0.4563107,0.85365856
2018-1-10T13-48-57,1515588537896,0.84390247,-0.024390243,0.4563107,0.84390247
2018-1-10T13-48-57,1515588537897,0.85365856,-0.024390243,0.4563107,0.85365856
2018-1-10T13-48-57,1515588537898,0.84390247,-0.014634146,0.4854369,0.84390247
2018-1-10T13-48-57,1515588537899,0.85365856,-0.034146342,0.4563107,0.85365856
2018-1-10T13-48-57,1515588537900,0.7853659,-0.024390243,0.46601942,0.7853659
2018-1-10T13-48-57,1515588537901,0.84390247,-0.034146342,0.4563107,0.84390247
2018-1-10T13-48-57,1515588537902,0.85365856,-0.024390243,0.4563107,0.85365856
2018-1-10T13-48-57,1515588537903,0.8341463,-0.024390243,0.44660193,0.8341463
2018-1-10T13-48-57,1515588537904,0.84390247,-0.014634146,0.4563107,0.84390247
2018-1-10T13-48-57,1515588537905,0.85365856,-0.014634146,0.44660193,0.85365856
2018-1-10T13-48-57,1515588537906,0.82439023,-0.034146342,0.4563107,0.82439023
2018-1-10T13-48-57,1515588537907,0.82439023,-0.024390243,0.4563107,0.82439023
2018-1-10T13-48-57,1515588537908,0.84390247,-0.014634146,0.4563107,0.84390247
2018-1-10T13-48-57,1515588537909,0.84390247,-0.014634146,0.46601942,0.84390247
2018-1-10T13-48-57,1515588537910,0.85365856,-0.024390243,0.3883495,0.85365856
2018-1-10T13-48-57,1515588537911,0.84390247,-0.034146342,0.4563107,0.84390247
2018-1-10T13-48-57,1515588537912,0.84390247,-0.024390243,0.4563107,0.84390247
2018-1-10T13-48-57,1515588537913,0.84390247,-0.034146342,0.4563107,0.84390247
2018-1-10T13-48-57,1515588537914,0.8341463,-0.024390243,0.46601942,0.8341463
2018-1-10T13-48-57,1515588537915,0.85365856,-0.034146342,0.5048544,0.85365856
2018-1-10T13-48-57,1515588537916,0.84390247,-0.024390243,0.44660193,0.84390247
2018-1-10T13-48-57,1515588537917,0.84390247,-0.014634146,0.47572815,0.84390247
2018-1-10T13-48-57,1515588537918,0.92195123,-0.024390243,0.4563107,0.92195123
2018-1-10T13-48-57,1515588537919,0.8341463,-0.08292683,0.44660193,0.8341463
2018-1-10T13-48-57,1515588537920,0.84390247,-0.024390243,0.44660193,0.84390247
2018-1-10T13-48-57,1515588537921,0.82439023,-0.014634146,0.47572815,0.82439023
2018-1-10T13-48-57,1515588537922,0.8341463,-0.014634146,0.4563107,0.8341463
2018-1-10T13-48-57,1515588537923,0.8341463,-0.024390243,0.44660193,0.8341463
2018-1-10T13-48-57,1515588537924,0.85365856,-0.024390243,0.47572815,0.85365856
2018-1-10T13-48-57,1515588537925,0.86341465,0.043902438,0.4563107,0.86341465
2018-1-10T13-48-57,1515588537926,0.84390247,-0.014634146,0.44660193,0.84390247
2018-1-10T13-48-57,1515588537927,0.85365856,-0.014634146,0.44660193,0.85365856
2018-1-10T13-48-57,1515588537928,0.84390247,-0.024390243,0.4563107,0.84390247
2018-1-10T13-48-57,1515588537929,0.85365856,-0.024390243,0.44660193,0.85365856
2018-1-10T13-48-57,1515588537930,0.84390247,-0.024390243,0.44660193,0.84390247
2018-1-10T13-48-57,1515588537931,0.84390247,-0.024390243,0.39805827,0.84390247
2018-1-10T13-48-57,1515588537932,0.84390247,-0.06341463,0.4563107,0.84390247
2018-1-10T13-48-57,1515588537933,0.77560973,-0.034146342,0.4563107,0.77560973
2018-1-10T13-48-57,1515588537934,0.84390247,-0.024390243,0.4368932,0.84390247
2018-1-10T13-48-57,1515588537935,0.81463414,-0.024390243,0.4563107,0.81463414
2018-1-10T13-48-57,1515588537936,0.84390247,-0.024390243,0.4368932,0.84390247
2018-1-10T13-48-57,1515588537937,0.85365856,-0.024390243,0.4563107,0.85365856
2018-1-10T13-48-57,1515588537938,0.82439023,-0.024390243,0.4563107,0.82439023
2018-1-10T13-48-57,1515588537939,0.86341465,-0.043902438,0.44660193,0.86341465
2018-1-10T13-48-57,1515588537940,0.84390247,-0.024390243,0.44660193,0.84390247
2018-1-10T13-48-57,1515588537941,0.85365856,-0.024390243,0.4563107,0.85365856
2018-1-10T13-48-57,1515588537942,0.85365856,-0.014634146,0.44660193,0.85365856
2018-1-10T13-48-57,1515588537943,0.84390247,-0.034146342,0.44660193,0.84390247
2018-1-10T13-48-57,1515588537944,0.84390247,-0.024390243,0.4563107,0.84390247
2018-1-10T13-48-57,1515588537945,0.84390247,-0.034146342,0.4368932,0.84390247
2018-1-10T13-48-57,1515588537946,0.85365856,-0.014634146,0.44660193,0.85365856
2018-1-10T13-48-57,1515588537947,0.84390247,0.004878049,0.4368932,0.84390247
2018-1-10T13-48-57,1515588537948,0.85365856,-0.034146342,0.4563107,0.85365856
2018-1-10T13-48-57,1515588537949,0.85365856,-0.014634146,0.4563107,0.85365856
2018-1-10T13-48-57,1515588537950,0.8341463,-0.014634146,0.4368932,0.8341463
2018-1-10T13-48-57,1515588537951,0.84390247,-0.014634146,0.4368932,0.84390247
2018-1-10T13-48-57,1515588537952,0.85365856,-0.043902438,0.4368932,0.85365856
2018-1-10T13-48-57,1515588537953,0.85365856,-0.014634146,0.44660193,0.85365856
2018-1-10T13-48-57,1515588537954,0.85365856,-0.034146342,0.4563107,0.85365856
2018-1-10T13-48-57,1515588537955,0.84390247,-0.024390243,0.44660193,0.84390247
2018-1-10T13-48-57,1515588537956,0.85365856,-0.014634146,0.4368932,0.85365856
2018-1-10T13-48-57,1515588537957,0.8341463,-0.034146342,0.42718446,0.8341463
2018-1-10T13-48-57,1515588537958,0.85365856,-0.024390243,0.4368932,0.85365856
2018-1-10T13-48-57,1515588537959,0.85365856,-0.034146342,0.4368932,0.85365856
2018-1-10T13-48-57,1515588537960,0.84390247,-0.034146342,0.4563107,0.84390247
2018-1-10T13-48-57,1515588537961,0.87317073,-0.014634146,0.46601942,0.87317073
2018-1-10T13-48-57,1515588537962,0.85365856,-0.024390243,0.44660193,0.85365856
2018-1-10T13-48-57,1515588537963,0.81463414,-0.014634146,0.44660193,0.81463414
2018-1-10T13-48-57,1515588537964,0.85365856,-0.024390243,0.41747573,0.85365856
2018-1-10T13-48-57,1515588537965,0.84390247,-0.024390243,0.4563107,0.84390247
2018-1-10T13-48-57,1515588537966,0.8341463,-0.043902438,0.44660193,0.8341463
2018-1-10T13-48-57,1515588537967,0.8341463,-0.024390243,0.4368932,0.8341463
2018-1-10T13-48-57,1515588537968,0.84390247,-0.024390243,0.44660193,0.84390247
2018-1-10T13-48-57,1515588537969,0.84390247,-0.024390243,0.44660193,0.84390247
2018-1-10T13-48-57,1515588537970,0.84390247,-0.024390243,0.44660193,0.84390247
2018-1-10T13-48-57,1515588537971,0.84390247,-0.043902438,0.4563107,0.84390247
2018-1-10T13-48-57,1515588537972,0.85365856,-0.024390243,0.41747573,0.85365856
2018-1-10T13-48-57,1515588537973,0.84390247,-0.034146342,0.46601942,0.84390247
2018-1-10T13-48-57,1515588537974,0.85365856,-0.024390243,0.4563107,0.85365856
2018-1-10T13-48-57,1515588537975,0.85365856,0.053658538,0.4368932,0.85365856
2018-1-10T13-48-57,1515588537976,0.87317073,-0.014634146,0.44660193,0.87317073
2018-1-10T13-48-57,1515588537977,0.84390247,-0.004878049,0.4368932,0.84390247
2018-1-10T13-48-57,1515588537978,0.85365856,-0.004878049,0.4563107,0.85365856
2018-1-10T13-48-57,1515588537979,0.84390247,-0.024390243,0.4563107,0.84390247
2018-1-10T13-48-57,1515588537980,0.8341463,-0.024390243,0.4563107,0.8341463
2018-1-10T13-48-57,1515588537981,0.84390247,-0.024390243,0.4563107,0.84390247
2018-1-10T13-48-57,1515588537982,0.86341465,-0.034146342,0.44660193,0.86341465
2018-1-10T13-48-57,1515588537983,0.84390247,-0.034146342,0.4563107,0.84390247
2018-1-10T13-48-57,1515588537984,0.84390247,-0.034146342,0.4563107,0.84390247
2018-1-10T13-48-57,1515588537985,0.91219515,0.014634146,0.4563107,0.91219515
2018-1-10T13-48-57,1515588537986,0.77560973,-0.024390243,0.44660193,0.77560973
2018-1-10T13-48-57,1515588537987,0.84390247,-0.034146342,0.44660193,0.84390247
2018-1-10T13-48-57,1515588537988,0.84390247,-0.024390243,0.44660193,0.84390247
2018-1-10T13-48-57,1515588537989,0.79512197,-0.024390243,0.4563107,0.79512197
2018-1-10T13-48-57,1515588537990,0.85365856,-0.024390243,0.4563107,0.85365856
2018-1-10T13-48-57,1515588537991,0.8341463,-0.024390243,0.44660193,0.8341463
2018-1-10T13-48-57,1515588537992,0.84390247,-0.053658538,0.44660193,0.84390247
2018-1-10T13-48-57,1515588537993,0.84390247,-0.014634146,0.4563107,0.84390247
2018-1-10T13-48-57,1515588537994,0.85365856,-0.024390243,0.4563107,0.85365856
2018-1-10T13-48-57,1515588537995,0.77560973,-0.043902438,0.47572815,0.77560973
2018-1-10T13-48-57,1515588537996,0.8341463,-0.034146342,0.4563107,0.8341463
2018-1-10T13-48-57,1515588537997,0.84390247,-0.034146342,0.44660193,0.84390247
2018-1-10T13-48-57,1515588537998,0.85365856,-0.024390243,0.44660193,0.85365856
2018-1-10T13-48-57,1515588537999,0.84390247,-0.024390243,0.4563107,0.84390247
2018-1-10T13-48-58,1515588538000,0.84390247,-0.034146342,0.4563107,0.84390247
2018-1-10T13-48-58,1515588538001,0.85365856,-0.024390243,0.407767,0.85365856
2018-1-10T13-48-58,1515588538002,0.85365856,-0.014634146,0.44660193,0.85365856
2018-1-10T13-48-58,1515588538003,0.85365856,-0.014634146,0.4563107,0.85365856
2018-1-10T13-48-58,1515588538004,0.85365856,-0.024390243,0.44660193,0.85365856
2018-1-10T13-48-58,1515588538005,0.85365856,-0.024390243,0.44660193,0.85365856
2018-1-10T13-48-58,1515588538006,0.85365856,-0.034146342,0.44660193,0.85365856
2018-1-10T13-48-58,1515588538007,0.8341463,-0.034146342,0.44660193,0.8341463
2018-1-10T13-48-58,1515588538008,0.85365856,-0.024390243,0.44660193,0.85365856
2018-1-10T13-48-58,1515588538009,0.84390247,-0.024390243,0.44660193,0.84390247
2018-1-10T13-48-58,1515588538010,0.85365856,-0.014634146,0.4563107,0.85365856
2018-1-10T13-48-58,1515588538011,0.84390247,-0.034146342,0.44660193,0.84390247
2018-1-10T13-48-58,1515588538012,0.84390247,-0.024390243,0.4563107,0.84390247
2018-1-10T13-48-58,1515588538013,0.9317073,-0.034146342,0.44660193,0.9317073
2018-1-10T13-48-58,1515588538014,0.85365856,-0.024390243,0.44660193,0.85365856
2018-1-10T13-48-58,1515588538015,0.84390247,-0.024390243,0.4563107,0.84390247
2018-1-10T13-48-58,1515588538016,0.8341463,-0.043902438,0.44660193,0.8341463
2018-1-10T13-48-58,1515588538017,0.84390247,-0.014634146,0.4368932,0.84390247
2018-1-10T13-48-58,1515588538018,0.84390247,-0.024390243,0.44660193,0.84390247
2018-1-10T13-48-58,1515588538019,0.85365856,-0.024390243,0.44660193,0.85365856
2018-1-10T13-48-58,1515588538020,0.84390247,0.024390243,0.44660193,0.84390247
2018-1-10T13-48-58,1515588538021,0.8341463,-0.024390243,0.46601942,0.8341463
2018-1-10T13-48-58,1515588538022,0.85365856,-0.024390243,0.44660193,0.85365856
2018-1-10T13-48-58,1515588538023,0.84390247,-0.034146342,0.4368932,0.84390247
2018-1-10T13-48-58,1515588538024,0.8341463,-0.024390243,0.47572815,0.8341463
2018-1-10T13-48-58,1515588538025,0.85365856,-0.034146342,0.4563107,0.85365856
2018-1-10T13-48-58,1515588538026,0.85365856,-0.034146342,0.44660193,0.85365856
2018-1-10T13-48-58,1515588538027,0.85365856,-0.024390243,0.4563107,0.85365856
2018-1-10T13-48-58,1515588538028,0.85365856,-0.014634146,0.4563107,0.85365856
2018-1-10T13-48-58,1515588538029,0.85365856,-0.024390243,0.4563107,0.85365856
2018-1-10T13-48-58,1515588538030,0.81463414,-0.034146342,0.4368932,0.81463414
2018-1-10T13-48-58,1515588538031,0.8341463,-0.034146342,0.4563107,0.8341463
2018-1-10T13-48-58,1515588538032,0.85365856,-0.014634146,0.4563107,0.85365856
2018-1-10T13-48-58,1515588538033,0.84390247,-0.024390243,0.4563107,0.84390247
2018-1-10T13-48-58,1515588538034,0.84390247,-0.024390243,0.4368932,0.84390247
2018-1-10T13-48-58,1515588538035,0.85365856,-0.024390243,0.44660193,0.85365856
2018-1-10T13-48-58,1515588538036,0.85365856,-0.034146342,0.5048544,0.85365856
2018-1-10T13-48-58,1515588538037,0.84390247,-0.014634146,0.46601942,0.84390247
2018-1-10T13-48-58,1515588538038,0.84390247,-0.024390243,0.44660193,0.84390247
2018-1-10T13-48-58,1515588538039,0.84390247,-0.034146342,0.44660193,0.84390247
2018-1-10T13-48-58,1515588538040,0.85365856,-0.024390243,0.4563107,0.85365856
2018-1-10T13-48-58,1515588538041,0.8341463,-0.034146342,0.44660193,0.8341463
2018-1-10T13-48-58,1515588538042,0.84390247,-0.014634146,0.44660193,0.84390247
2018-1-10T13-48-58,1515588538043,0.84390247,-0.043902438,0.4563107,0.84390247
2018-1-10T13-48-58,1515588538044,0.87317073,-0.024390243,0.44660193,0.87317073
2018-1-10T13-48-58,1515588538045,0.84390247,-0.024390243,0.4368932,0.84390247
2018-1-10T13-48-58,1515588538046,0.82439023,-0.024390243,0.4563107,0.82439023
2018-1-10T13-48-58,1515588538047,0.85365856,-0.034146342,0.4563107,0.85365856
2018-1-10T13-48-58,1515588538048,0.85365856,-0.024390243,0.44660193,0.85365856
2018-1-10T13-48-58,1515588538049,0.80487806,0.004878049,0.4563107,0.80487806
2018-1-10T13-48-58,1515588538050,0.85365856,-0.043902438,0.4368932,0.85365856
2018-1-10T13-48-58,1515588538051,0.84390247,-0.024390243,0.4563107,0.84390247
2018-1-10T13-48-58,1515588538052,0.84390247,-0.034146342,0.4563107,0.84390247
2018-1-10T13-48-58,1515588538053,0.80487806,-0.024390243,0.44660193,0.80487806
2018-1-10T13-48-58,1515588538054,0.84390247,-0.024390243,0.4563107,0.84390247
2018-1-10T13-48-58,1515588538055,0.84390247,-0.024390243,0.44660193,0.84390247
2018-1-10T13-48-58,1515588538056,0.85365856,-0.014634146,0.4563107,0.85365856
2018-1-10T13-48-58,1515588538057,0.84390247,-0.034146342,0.44660193,0.84390247
2018-1-10T13-48-58,1515588538058,0.85365856,-0.024390243,0.44660193,0.85365856
2018-1-10T13-48-58,1515588538059,0.81463414,-0.024390243,0.4563107,0.81463414
2018-1-10T13-48-58,1515588538060,0.84390247,-0.014634146,0.44660193,0.84390247
2018-1-10T13-48-58,1515588538061,0.85365856,-0.024390243,0.42718446,0.85365856
2018-1-10T13-48-58,1515588538062,0.87317073,-0.053658538,0.47572815,0.87317073
2018-1-10T13-48-58,1515588538063,0.8341463,-0.034146342,0.44660193,0.8341463
2018-1-10T13-48-58,1515588538064,0.84390247,-0.024390243,0.4563107,0.84390247
2018-1-10T13-48-58,1515588538065,0.85365856,-0.034146342,0.46601942,0.85365856
2018-1-10T13-48-58,1515588538066,0.85365856,-0.024390243,0.47572815,0.85365856
2018-1-10T13-48-58,1515588538067,0.84390247,-0.034146342,0.44660193,0.84390247
2018-1-10T13-48-58,1515588538068,0.80487806,-0.024390243,0.407767,0.80487806
2018-1-10T13-48-58,1515588538069,0.85365856,-0.014634146,0.44660193,0.85365856
2018-1-10T13-48-58,1515588538070,0.84390247,-0.034146342,0.44660193,0.84390247
2018-1-10T13-48-58,1515588538071,0.84390247,-0.034146342,0.4563107,0.84390247
2018-1-10T13-48-58,1515588538072,0.8341463,-0.034146342,0.4563107,0.8341463
2018-1-10T13-48-58,1515588538073,0.84390247,-0.053658538,0.44660193,0.84390247
2018-1-10T13-48-58,1515588538074,0.8341463,-0.024390243,0.4563107,0.8341463
2018-1-10T13-48-58,1515588538075,0.84390247,-0.004878049,0.4563107,0.84390247
2018-1-10T13-48-58,1515588538076,0.8341463,-0.034146342,0.46601942,0.8341463
2018-1-10T13-48-58,1515588538077,0.84390247,-0.024390243,0.44660193,0.84390247
2018-1-10T13-48-58,1515588538078,0.81463414,-0.034146342,0.44660193,0.81463414
2018-1-10T13-48-58,1515588538079,0.84390247,-0.014634146,0.4563107,0.84390247
2018-1-10T13-48-58,1515588538080,0.85365856,-0.024390243,0.4563107,0.85365856
2018-1-10T13-48-58,1515588538081,0.84390247,-0.034146342,0.4563107,0.84390247
2018-1-10T13-48-58,1515588538082,0.82439023,-0.08292683,0.4368932,0.82439023
2018-1-10T13-48-58,1515588538083,0.85365856,-0.024390243,0.44660193,0.85365856
2018-1-10T13-48-58,1515588538084,0.86341465,-0.034146342,0.4563107,0.86341465
2018-1-10T13-48-58,1515588538085,0.85365856,-0.043902438,0.4563107,0.85365856
2018-1-10T13-48-58,1515588538086,0.8341463,-0.034146342,0.4563107,0.8341463
2018-1-10T13-48-58,1515588538087,0.85365856,-0.024390243,0.44660193,0.85365856
2018-1-10T13-48-58,1515588538088,0.85365856,-0.024390243,0.44660193,0.85365856
2018-1-10T13-48-58,1515588538089,0.85365856,-0.014634146,0.44660193,0.85365856
2018-1-10T13-48-58,1515588538090,0.84390247,-0.024390243,0.44660193,0.84390247
2018-1-10T13-48-58,1515588538091,0.84390247,-0.024390243,0.44660193,0.84390247
2018-1-10T13-48-58,1515588538092,0.85365856,-0.034146342,0.44660193,0.85365856
2018-1-10T13-48-58,1515588538093,0.85365856,-0.034146342,0.44660193,0.85365856
2018-1-10T13-48-58,1515588538094,0.81463414,-0.024390243,0.44660193,0.81463414
2018-1-10T13-48-58,1515588538095,0.84390247,-0.024390243,0.46601942,0.84390247
2018-1-10T13-48-58,1515588538096,0.8341463,-0.034146342,0.4563107,0.8341463
2018-1-10T13-48-58,1515588538097,0.84390247,-0.034146342,0.44660193,0.84390247
2018-1-10T13-48-58,1515588538098,0.85365856,-0.024390243,0.44660193,0.85365856
2018-1-10T13-48-58,1515588538099,0.82439023,-0.024390243,0.44660193,0.82439023
2018-1-10T13-48-58,1515588538100,0.85365856,-0.024390243,0.4563107,0.85365856
2018-1-10T13-48-58,1515588538101,0.84390247,-0.043902438,0.4563107,0.84390247
2018-1-10T13-48-58,1515588538102,0.86341465,-0.014634146,0.4563107,0.86341465
2018-1-10T13-48-58,1515588538103,0.8341463,-0.014634146,0.46601942,0.8341463
2018-1-10T13-48-58,1515588538104,0.84390247,-0.034146342,0.4563107,0.84390247
2018-1-10T13-48-58,1515588538105,0.84390247,-0.034146342,0.5048544,0.84390247
2018-1-10T13-48-58,1515588538106,0.84390247,-0.024390243,0.4563107,0.84390247
2018-1-10T13-48-58,1515588538107,0.84390247,-0.014634146,0.4563107,0.84390247
2018-1-10T13-48-58,1515588538108,0.84390247,-0.014634146,0.4563107,0.84390247
2018-1-10T13-48-58,1515588538109,0.85365856,-0.034146342,0.4563107,0.85365856
2018-1-10T13-48-58,1515588538110,0.82439023,0.024390243,0.44660193,0.82439023
2018-1-10T13-48-58,1515588538111,0.84390247,-0.034146342,0.44660193,0.84390247
2018-1-10T13-48-58,1515588538112,0.8926829,-0.024390243,0.4563107,0.8926829
2018-1-10T13-48-58,1515588538113,0.84390247,-0.014634146,0.44660193,0.84390247
2018-1-10T13-48-58,1515588538114,0.8341463,-0.024390243,0.44660193,0.8341463
2018-1-10T13-48-58,1515588538115,0.84390247,-0.024390243,0.44660193,0.84390247
2018-1-10T13-48-58,1515588538116,0.84390247,-0.024390243,0.4563107,0.84390247
2018-1-10T13-48-58,1515588538117,0.84390247,-0.034146342,0.4563107,0.84390247
2018-1-10T13-48-58,1515588538118,0.84390247,-0.034146342,0.44660193,0.84390247
2018-1-10T13-48-58,1515588538119,0.84390247,-0.024390243,0.44660193,0.84390247
2018-1-10T13-48-58,1515588538120,0.84390247,-0.024390243,0.4563107,0.84390247
2018-1-10T13-48-58,1515588538121,0.84390247,-0.034146342,0.44660193,0.84390247
2018-1-10T13-48-58,1515588538122,0.84390247,-0.034146342,0.44660193,0.84390247
2018-1-10T13-48-58,1515588538123,0.85365856,-0.024390243,0.4563107,0.85365856
2018-1-10T13-48-58,1515588538124,0.79512197,-0.034146342,0.4563107,0.79512197
2018-1-10T13-48-58,1515588538125,0.84390247,-0.024390243,0.4563107,0.84390247
2018-1-10T13-48-58,1515588538126,0.86341465,-0.014634146,0.42718446,0.86341465
2018-1-10T13-48-58,1515588538127,0.84390247,-0.024390243,0.44660193,0.84390247
2018-1-10T13-48-58,1515588538128,0.8341463,-0.024390243,0.4563107,0.8341463
2018-1-10T13-48-58,1515588538129,0.8341463,-0.043902438,0.4563107,0.8341463
2018-1-10T13-48-58,1515588538130,0.85365856,-0.014634146,0.4563107,0.85365856
2018-1-10T13-48-58,1515588538131,0.82439023,-0.043902438,0.4563107,0.82439023
2018-1-10T13-48-58,1515588538132,0.8341463,-0.014634146,0.41747573,0.8341463
2018-1-10T13-48-58,1515588538133,0.84390247,-0.024390243,0.4563107,0.84390247
2018-1-10T13-48-58,1515588538134,0.86341465,-0.024390243,0.407767,0.86341465
2018-1-10T13-48-58,1515588538135,0.8926829,-0.014634146,0.44660193,0.8926829
2018-1-10T13-48-58,1515588538136,0.84390247,-0.024390243,0.44660193,0.84390247
2018-1-10T13-48-58,1515588538137,0.8341463,-0.034146342,0.44660193,0.8341463
2018-1-10T13-48-58,1515588538138,0.85365856,-0.043902438,0.42718446,0.85365856
2018-1-10T13-48-58,1515588538139,0.84390247,-0.014634146,0.4563107,0.84390247
2018-1-10T13-48-58,1515588538140,0.85365856,-0.034146342,0.4563107,0.85365856
2018-1-10T13-48-58,1515588538141,0.84390247,-0.034146342,0.4368932,0.84390247
2018-1-10T13-48-58,1515588538142,0.84390247,-0.034146342,0.44660193,0.84390247
2018-1-10T13-48-58,1515588538143,0.85365856,-0.014634146,0.4563107,0.85365856
2018-1-10T13-48-58,1515588538144,0.84390247,-0.034146342,0.4563107,0.84390247
2018-1-10T13-48-58,1515588538145,0.84390247,-0.024390243,0.44660193,0.84390247
2018-1-10T13-48-58,1515588538146,0.84390247,-0.014634146,0.44660193,0.84390247
2018-1-10T13-48-58,1515588538147,0.85365856,-0.024390243,0.44660193,0.85365856
2018-1-10T13-48-58,1515588538148,0.84390247,-0.004878049,0.44660193,0.84390247
2018-1-10T13-48-58,1515588538149,0.85365856,-0.034146342,0.44660193,0.85365856
2018-1-10T13-48-58,1515588538150,0.84390247,-0.024390243,0.4563107,0.84390247
2018-1-10T13-48-58,1515588538151,0.84390247,-0.024390243,0.44660193,0.84390247
2018-1-10T13-48-58,1515588538152,0.902439,-0.014634146,0.4368932,0.902439
2018-1-10T13-48-58,1515588538153,0.84390247,-0.004878049,0.4854369,0.84390247
2018-1-10T13-48-58,1515588538154,0.84390247,-0.034146342,0.4563107,0.84390247
2018-1-10T13-48-58,1515588538155,0.84390247,-0.043902438,0.44660193,0.84390247
2018-1-10T13-48-58,1515588538156,0.84390247,-0.024390243,0.44660193,0.84390247
2018-1-10T13-48-58,1515588538157,0.86341465,-0.034146342,0.3883495,0.86341465
2018-1-10T13-48-58,1515588538158,0.85365856,-0.014634146,0.44660193,0.85365856
2018-1-10T13-48-58,1515588538159,0.85365856,-0.024390243,0.4563107,0.85365856
2018-1-10T13-48-58,1515588538160,0.7853659,-0.014634146,0.4563107,0.7853659
2018-1-10T13-48-58,1515588538161,0.85365856,-0.024390243,0.4563107,0.85365856
2018-1-10T13-48-58,1515588538162,0.84390247,-0.024390243,0.42718446,0.84390247
2018-1-10T13-48-58,1515588538163,0.84390247,-0.024390243,0.4563107,0.84390247
2018-1-10T13-48-58,1515588538164,0.84390247,-0.014634146,0.4563107,0.84390247
2018-1-10T13-48-58,1515588538165,0.85365856,-0.014634146,0.46601942,0.85365856
2018-1-10T13-48-58,1515588538166,0.85365856,-0.024390243,0.44660193,0.85365856
2018-1-10T13-48-58,1515588538167,0.85365856,-0.024390243,0.44660193,0.85365856
2018-1-10T13-48-58,1515588538168,0.84390247,-0.024390243,0.44660193,0.84390247
2018-1-10T13-48-58,1515588538169,0.79512197,-0.034146342,0.44660193,0.79512197
2018-1-10T13-48-58,1515588538170,0.8341463,-0.004878049,0.4563107,0.8341463
2018-1-10T13-48-58,1515588538171,0.84390247,-0.034146342,0.44660193,0.84390247
2018-1-10T13-48-58,1515588538172,0.84390247,-0.034146342,0.49514562,0.84390247
2018-1-10T13-48-58,1515588538173,0.85365856,0.014634146,0.46601942,0.85365856
2018-1-10T13-48-58,1515588538174,0.84390247,-0.034146342,0.4563107,0.84390247
2018-1-10T13-48-58,1515588538175,0.85365856,-0.024390243,0.44660193,0.85365856
2018-1-10T13-48-58,1515588538176,0.85365856,-0.024390243,0.44660193,0.85365856
2018-1-10T13-48-58,1515588538177,0.85365856,-0.024390243,0.44660193,0.85365856
2018-1-10T13-48-58,1515588538178,0.85365856,-0.024390243,0.44660193,0.85365856
2018-1-10T13-48-58,1515588538179,0.85365856,-0.014634146,0.44660193,0.85365856
2018-1-10T13-48-58,1515588538180,0.84390247,-0.024390243,0.44660193,0.84390247
2018-1-10T13-48-58,1515588538181,0.85365856,-0.024390243,0.44660193,0.85365856
2018-1-10T13-48-58,1515588538182,0.84390247,-0.034146342,0.4563107,0.84390247
2018-1-10T13-48-58,1515588538183,0.84390247,0.004878049,0.4563107,0.84390247
2018-1-10T13-48-58,1515588538184,0.8341463,-0.024390243,0.44660193,0.8341463
2018-1-10T13-48-58,1515588538185,0.85365856,-0.024390243,0.44660193,0.85365856
2018-1-10T13-48-58,1515588538186,0.85365856,-0.053658538,0.44660193,0.85365856
2018-1-10T13-48-58,1515588538187,0.84390247,-0.09268293,0.44660193,0.84390247
2018-1-10T13-48-58,1515588538188,0.8341463,-0.034146342,0.44660193,0.8341463
2018-1-10T13-48-58,1515588538189,0.84390247,-0.024390243,0.4563107,0.84390247
2018-1-10T13-48-58,1515588538190,0.86341465,-0.024390243,0.4563107,0.86341465
2018-1-10T13-48-58,1515588538191,0.8341463,-0.024390243,0.4563107,0.8341463
2018-1-10T13-48-58,1515588538192,0.8341463,-0.024390243,0.44660193,0.8341463
2018-1-10T13-48-58,1515588538193,0.84390247,-0.024390243,0.44660193,0.84390247
2018-1-10T13-48-58,1515588538194,0.86341465,-0.024390243,0.44660193,0.86341465
2018-1-10T13-48-58,1515588538195,0.8341463,-0.034146342,0.4563107,0.8341463
2018-1-10T13-48-58,1515588538196,0.85365856,0.004878049,0.44660193,0.85365856
2018-1-10T13-48-58,1515588538197,0.80487806,-0.024390243,0.4368932,0.80487806
2018-1-10T13-48-58,1515588538198,0.84390247,-0.034146342,0.42718446,0.84390247
2018-1-10T13-48-58,1515588538199,0.84390247,-0.024390243,0.44660193,0.84390247
2018-1-10T13-48-58,1515588538200,0.8341463,-0.034146342,0.44660193,0.8341463
2018-1-10T13-48-58,1515588538201,0.84390247,-0.024390243,0.44660193,0.84390247
2018-1-10T13-48-58,1515588538202,0.85365856,-0.024390243,0.44660193,0.85365856
2018-1-10T13-48-58,1515588538203,0.84390247,-0.024390243,0.4563107,0.84390247
2018-1-10T13-48-58,1515588538204,0.8341463,-0.024390243,0.41747573,0.8341463
2018-1-10T13-48-58,1515588538205,0.80487806,-0.024390243,0.4563107,0.80487806
2018-1-10T13-48-58,1515588538206,0.85365856,-0.053658538,0.44660193,0.85365856
2018-1-10T13-48-58,1515588538207,0.84390247,-0.014634146,0.44660193,0.84390247
2018-1-10T13-48-58,1515588538208,0.84390247,-0.014634146,0.4368932,0.84390247
2018-1-10T13-48-58,1515588538209,0.8341463,-0.014634146,0.44660193,0.8341463
2018-1-10T13-48-58,1515588538210,0.86341465,-0.053658538,0.44660193,0.86341465
2018-1-10T13-48-58,1515588538211,0.84390247,-0.034146342,0.4368932,0.84390247
2018-1-10T13-48-58,1515588538212,0.86341465,-0.024390243,0.44660193,0.86341465
2018-1-10T13-48-58,1515588538213,0.84390247,-0.024390243,0.44660193,0.84390247
2018-1-10T13-48-58,1515588538214,0.85365856,-0.034146342,0.4854369,0.85365856
2018-1-10T13-48-58,1515588538215,0.84390247,-0.024390243,0.4563107,0.84390247
2018-1-10T13-48-58,1515588538216,0.85365856,-0.024390243,0.44660193,0.85365856
2018-1-10T13-48-58,1515588538217,0.8341463,-0.034146342,0.4563107,0.8341463
2018-1-10T13-48-58,1515588538218,0.84390247,-0.024390243,0.4563107,0.84390247
2018-1-10T13-48-58,1515588538219,0.8341463,-0.024390243,0.4563107,0.8341463
2018-1-10T13-48-58,1515588538220,0.84390247,-0.014634146,0.44660193,0.84390247
2018-1-10T13-48-58,1515588538221,0.84390247,-0.034146342,0.4563107,0.84390247
2018-1-10T13-48-58,1515588538222,0.84390247,-0.014634146,0.4368932,0.84390247
2018-1-10T13-48-58,1515588538223,0.84390247,-0.014634146,0.4368932,0.84390247
2018-1-10T13-48-58,1515588538224,0.84390247,-0.024390243,0.4368932,0.84390247
2018-1-10T13-48-58,1515588538225,0.8341463,-0.034146342,0.44660193,0.8341463
2018-1-10T13-48-58,1515588538226,0.84390247,-0.024390243,0.44660193,0.84390247
2018-1-10T13-48-58,1515588538227,0.8341463,-0.034146342,0.44660193,0.8341463
2018-1-10T13-48-58,1515588538228,0.86341465,-0.034146342,0.44660193,0.86341465
2018-1-10T13-48-58,1515588538229,0.87317073,0.014634146,0.44660193,0.87317073
2018-1-10T13-48-58,1515588538230,0.84390247,-0.034146342,0.44660193,0.84390247
2018-1-10T13-48-58,1515588538231,0.84390247,-0.034146342,0.44660193,0.84390247
2018-1-10T13-48-58,1515588538232,0.84390247,-0.034146342,0.4368932,0.84390247
2018-1-10T13-48-58,1515588538233,0.85365856,-0.014634146,0.46601942,0.85365856
2018-1-10T13-48-58,1515588538234,0.85365856,-0.034146342,0.44660193,0.85365856
2018-1-10T13-48-58,1515588538235,0.902439,-0.024390243,0.44660193,0.902439
2018-1-10T13-48-58,1515588538236,0.8341463,-0.024390243,0.41747573,0.8341463
2018-1-10T13-48-58,1515588538237,0.85365856,-0.004878049,0.44660193,0.85365856
2018-1-10T13-48-58,1515588538238,0.84390247,-0.09268293,0.4563107,0.84390247
2018-1-10T13-48-58,1515588538239,0.84390247,-0.043902438,0.44660193,0.84390247
2018-1-10T13-48-58,1515588538240,0.84390247,-0.034146342,0.4368932,0.84390247
2018-1-10T13-48-58,1515588538241,0.84390247,-0.024390243,0.46601942,0.84390247
2018-1-10T13-48-58,1515588538242,0.84390247,-0.034146342,0.44660193,0.84390247
2018-1-10T13-48-58,1515588538243,0.8341463,-0.024390243,0.4563107,0.8341463
2018-1-10T13-48-58,1515588538244,0.85365856,-0.034146342,0.4563107,0.85365856
2018-1-10T13-48-58,1515588538245,0.85365856,-0.024390243,0.44660193,0.85365856
2018-1-10T13-48-58,1515588538246,0.85365856,-0.024390243,0.44660193,0.85365856
2018-1-10T13-48-58,1515588538247,0.84390247,-0.043902438,0.44660193,0.84390247
2018-1-10T13-48-58,1515588538248,0.85365856,-0.034146342,0.42718446,0.85365856
2018-1-10T13-48-58,1515588538249,0.8829268,-0.034146342,0.44660193,0.8829268
2018-1-10T13-48-58,1515588538250,0.84390247,0.034146342,0.44660193,0.84390247
2018-1-10T13-48-58,1515588538251,0.86341465,-0.024390243,0.44660193,0.86341465
2018-1-10T13-48-58,1515588538252,0.8829268,-0.014634146,0.4368932,0.8829268
2018-1-10T13-48-58,1515588538253,0.85365856,-0.034146342,0.4368932,0.85365856
2018-1-10T13-48-58,1515588538254,0.84390247,-0.014634146,0.5048544,0.84390247
2018-1-10T13-48-58,1515588538255,0.85365856,-0.034146342,0.44660193,0.85365856
2018-1-10T13-48-58,1515588538256,0.84390247,-0.024390243,0.4563107,0.84390247
2018-1-10T13-48-58,1515588538257,0.84390247,-0.053658538,0.4368932,0.84390247
2018-1-10T13-48-58,1515588538258,0.85365856,-0.004878049,0.4563107,0.85365856
2018-1-10T13-48-58,1515588538259,0.85365856,-0.024390243,0.4563107,0.85365856
2018-1-10T13-48-58,1515588538260,0.84390247,-0.034146342,0.47572815,0.84390247
2018-1-10T13-48-58,1515588538261,0.84390247,-0.024390243,0.44660193,0.84390247
2018-1-10T13-48-58,1515588538262,0.8341463,-0.034146342,0.4563107,0.8341463
2018-1-10T13-48-58,1515588538263,0.8341463,-0.014634146,0.44660193,0.8341463
2018-1-10T13-48-58,1515588538264,0.8829268,-0.034146342,0.4563107,0.8829268
2018-1-10T13-48-58,1515588538265,0.82439023,-0.053658538,0.4563107,0.82439023
2018-1-10T13-48-58,1515588538266,0.84390247,-0.024390243,0.44660193,0.84390247
2018-1-10T13-48-58,1515588538267,0.85365856,-0.034146342,0.44660193,0.85365856
2018-1-10T13-48-58,1515588538268,0.85365856,-0.024390243,0.44660193,0.85365856
2018-1-10T13-48-58,1515588538269,0.8341463,-0.034146342,0.4563107,0.8341463
2018-1-10T13-48-58,1515588538270,0.82439023,-0.024390243,0.44660193,0.82439023
2018-1-10T13-48-58,1515588538271,0.85365856,-0.034146342,0.4563107,0.85365856
2018-1-10T13-48-58,1515588538272,0.85365856,-0.014634146,0.44660193,0.85365856
2018-1-10T13-48-58,1515588538273,0.8341463,-0.034146342,0.4368932,0.8341463
2018-1-10T13-48-58,1515588538274,0.8341463,-0.024390243,0.44660193,0.8341463
2018-1-10T13-48-58,1515588538275,0.85365856,-0.034146342,0.4368932,0.85365856
2018-1-10T13-48-58,1515588538276,0.84390247,-0.004878049,0.4563107,0.84390247
2018-1-10T13-48-58,1515588538277,0.84390247,-0.024390243,0.46601942,0.84390247
2018-1-10T13-48-58,1515588538278,0.85365856,-0.034146342,0.44660193,0.85365856
2018-1-10T13-48-58,1515588538279,0.85365856,-0.043902438,0.44660193,0.85365856
2018-1-10T13-48-58,1515588538280,0.84390247,-0.024390243,0.4563107,0.84390247
2018-1-10T13-48-58,1515588538281,0.85365856,-0.024390243,0.4563107,0.85365856
2018-1-10T13-48-58,1515588538282,0.85365856,-0.034146342,0.4368932,0.85365856
2018-1-10T13-48-58,1515588538283,0.84390247,-0.034146342,0.44660193,0.84390247
2018-1-10T13-48-58,1515588538284,0.84390247,-0.024390243,0.4563107,0.84390247
2018-1-10T13-48-58,1515588538285,0.84390247,-0.034146342,0.4854369,0.84390247
2018-1-10T13-48-58,1515588538286,0.85365856,-0.014634146,0.44660193,0.85365856
2018-1-10T13-48-58,1515588538287,0.85365856,-0.053658538,0.44660193,0.85365856
2018-1-10T13-48-58,1515588538288,0.85365856,0.004878049,0.4563107,0.85365856
2018-1-10T13-48-58,1515588538289,0.8341463,-0.024390243,0.4563107,0.8341463
2018-1-10T13-48-58,1515588538290,0.84390247,-0.024390243,0.44660193,0.84390247
2018-1-10T13-48-58,1515588538291,0.82439023,-0.024390243,0.4563107,0.82439023
2018-1-10T13-48-58,1515588538292,0.84390247,-0.024390243,0.44660193,0.84390247
2018-1-10T13-48-58,1515588538293,0.84390247,-0.024390243,0.44660193,0.84390247
2018-1-10T13-48-58,1515588538294,0.84390247,-0.024390243,0.44660193,0.84390247
2018-1-10T13-48-58,1515588538295,0.84390247,-0.024390243,0.44660193,0.84390247
2018-1-10T13-48-58,1515588538296,0.84390247,-0.024390243,0.4563107,0.84390247
2018-1-10T13-48-58,1515588538297,0.84390247,-0.014634146,0.44660193,0.84390247
2018-1-10T13-48-58,1515588538298,0.85365856,-0.004878049,0.44660193,0.85365856
2018-1-10T13-48-58,1515588538299,0.84390247,-0.034146342,0.44660193,0.84390247
2018-1-10T13-48-58,1515588538300,0.84390247,-0.034146342,0.4563107,0.84390247
2018-1-10T13-48-58,1515588538301,0.84390247,-0.024390243,0.44660193,0.84390247
2018-1-10T13-48-58,1515588538302,0.86341465,-0.024390243,0.46601942,0.86341465
2018-1-10T13-48-58,1515588538303,0.84390247,-0.024390243,0.44660193,0.84390247
2018-1-10T13-48-58,1515588538304,0.84390247,-0.024390243,0.4563107,0.84390247
2018-1-10T13-48-58,1515588538305,0.85365856,-0.034146342,0.44660193,0.85365856
2018-1-10T13-48-58,1515588538306,0.85365856,-0.014634146,0.44660193,0.85365856
2018-1-10T13-48-58,1515588538307,0.84390247,-0.024390243,0.4563107,0.84390247
2018-1-10T13-48-58,1515588538308,0.84390247,-0.024390243,0.4563107,0.84390247
2018-1-10T13-48-58,1515588538309,0.84390247,-0.034146342,0.4563107,0.84390247
2018-1-10T13-48-58,1515588538310,0.84390247,-0.024390243,0.44660193,0.84390247
2018-1-10T13-48-58,1515588538311,0.8341463,-0.024390243,0.44660193,0.8341463
2018-1-10T13-48-58,1515588538312,0.84390247,-0.024390243,0.44660193,0.84390247
2018-1-10T13-48-58,1515588538313,0.84390247,-0.043902438,0.4563107,0.84390247
2018-1-10T13-48-58,1515588538314,0.85365856,-0.024390243,0.44660193,0.85365856
2018-1-10T13-48-58,1515588538315,0.84390247,-0.034146342,0.4368932,0.84390247
2018-1-10T13-48-58,1515588538316,0.85365856,-0.043902438,0.4563107,0.85365856
2018-1-10T13-48-58,1515588538317,0.85365856,-0.034146342,0.44660193,0.85365856
2018-1-10T13-48-58,1515588538318,0.84390247,-0.034146342,0.4368932,0.84390247
2018-1-10T13-48-58,1515588538319,0.8341463,-0.024390243,0.44660193,0.8341463
2018-1-10T13-48-58,1515588538320,0.84390247,-0.024390243,0.44660193,0.84390247
2018-1-10T13-48-58,1515588538321,0.86341465,-0.09268293,0.4563107,0.86341465
2018-1-10T13-48-58,1515588538322,0.84390247,-0.024390243,0.44660193,0.84390247
2018-1-10T13-48-58,1515588538323,0.8341463,-0.034146342,0.44660193,0.8341463
2018-1-10T13-48-58,1515588538324,0.85365856,-0.034146342,0.44660193,0.85365856
2018-1-10T13-48-58,1515588538325,0.84390247,-0.024390243,0.4563107,0.84390247
2018-1-10T13-48-58,1515588538326,0.85365856,-0.024390243,0.46601942,0.85365856
2018-1-10T13-48-58,1515588538327,0.84390247,-0.024390243,0.4368932,0.84390247
2018-1-10T13-48-58,1515588538328,0.85365856,-0.024390243,0.44660193,0.85365856
2018-1-10T13-48-58,1515588538329,0.84390247,-0.004878049,0.4563107,0.84390247
2018-1-10T13-48-58,1515588538330,0.84390247,-0.024390243,0.44660193,0.84390247
2018-1-10T13-48-58,1515588538331,0.84390247,-0.043902438,0.44660193,0.84390247
2018-1-10T13-48-58,1515588538332,0.84390247,-0.034146342,0.44660193,0.84390247
2018-1-10T13-48-58,1515588538333,0.85365856,-0.07317073,0.47572815,0.85365856
2018-1-10T13-48-58,1515588538334,0.84390247,-0.024390243,0.44660193,0.84390247
2018-1-10T13-48-58,1515588538335,0.85365856,-0.024390243,0.4563107,0.85365856
2018-1-10T13-48-58,1515588538336,0.8341463,-0.024390243,0.44660193,0.8341463
2018-1-10T13-48-58,1515588538337,0.84390247,-0.034146342,0.4563107,0.84390247
2018-1-10T13-48-58,1515588538338,0.85365856,-0.024390243,0.44660193,0.85365856
2018-1-10T13-48-58,1515588538339,0.8926829,0.004878049,0.4563107,0.8926829
2018-1-10T13-48-58,1515588538340,0.84390247,-0.024390243,0.47572815,0.84390247
2018-1-10T13-48-58,1515588538341,0.85365856,-0.034146342,0.4368932,0.85365856
2018-1-10T13-48-58,1515588538342,0.84390247,-0.034146342,0.44660193,0.84390247
2018-1-10T13-48-58,1515588538343,0.84390247,-0.024390243,0.4563107,0.84390247
2018-1-10T13-48-58,1515588538344,0.84390247,-0.024390243,0.4563107,0.84390247
2018-1-10T13-48-58,1515588538345,0.84390247,-0.034146342,0.5145631,0.84390247
2018-1-10T13-48-58,1515588538346,0.86341465,-0.034146342,0.44660193,0.86341465
2018-1-10T13-48-58,1515588538347,0.8341463,-0.024390243,0.4563107,0.8341463
2018-1-10T13-48-58,1515588538348,0.85365856,-0.034146342,0.4563107,0.85365856
2018-1-10T13-48-58,1515588538349,0.84390247,-0.014634146,0.4563107,0.84390247
2018-1-10T13-48-58,1515588538350,0.8341463,-0.024390243,0.44660193,0.8341463
2018-1-10T13-48-58,1515588538351,0.84390247,-0.014634146,0.4368932,0.84390247
2018-1-10T13-48-58,1515588538352,0.86341465,-0.024390243,0.4563107,0.86341465
2018-1-10T13-48-58,1515588538353,0.85365856,-0.024390243,0.44660193,0.85365856
2018-1-10T13-48-58,1515588538354,0.8341463,-0.034146342,0.44660193,0.8341463
2018-1-10T13-48-58,1515588538355,0.85365856,-0.024390243,0.44660193,0.85365856
2018-1-10T13-48-58,1515588538356,0.84390247,-0.014634146,0.44660193,0.84390247
2018-1-10T13-48-58,1515588538357,0.92195123,0.004878049,0.46601942,0.92195123
2018-1-10T13-48-58,1515588538358,0.8341463,-0.014634146,0.44660193,0.8341463
2018-1-10T13-48-58,1515588538359,0.84390247,-0.024390243,0.4368932,0.84390247
2018-1-10T13-48-58,1515588538360,0.92195123,0.034146342,0.44660193,0.92195123
2018-1-10T13-48-58,1515588538361,0.84390247,-0.034146342,0.4368932,0.84390247
2018-1-10T13-48-58,1515588538362,0.85365856,-0.034146342,0.4368932,0.85365856
2018-1-10T13-48-58,1515588538363,0.84390247,-0.024390243,0.44660193,0.84390247
2018-1-10T13-48-58,1515588538364,0.84390247,-0.024390243,0.44660193,0.84390247
2018-1-10T13-48-58,1515588538365,0.8341463,-0.024390243,0.44660193,0.8341463
2018-1-10T13-48-58,1515588538366,0.84390247,-0.014634146,0.4368932,0.84390247
2018-1-10T13-48-58,1515588538367,0.84390247,-0.024390243,0.44660193,0.84390247
2018-1-10T13-48-58,1515588538368,0.84390247,-0.024390243,0.4563107,0.84390247
2018-1-10T13-48-58,1515588538369,0.8829268,-0.024390243,0.4368932,0.8829268
2018-1-10T13-48-58,1515588538370,0.85365856,0.014634146,0.44660193,0.85365856
2018-1-10T13-48-58,1515588538371,0.84390247,-0.014634146,0.44660193,0.84390247
2018-1-10T13-48-58,1515588538372,0.85365856,-0.034146342,0.44660193,0.85365856
2018-1-10T13-48-58,1515588538373,0.85365856,0.053658538,0.4563107,0.85365856
2018-1-10T13-48-58,1515588538374,0.85365856,0.004878049,0.4563107,0.85365856
2018-1-10T13-48-58,1515588538375,0.82439023,-0.014634146,0.44660193,0.82439023
2018-1-10T13-48-58,1515588538376,0.85365856,-0.024390243,0.4368932,0.85365856
2018-1-10T13-48-58,1515588538377,0.85365856,-0.014634146,0.4563107,0.85365856
2018-1-10T13-48-58,1515588538378,0.85365856,-0.024390243,0.4563107,0.85365856
2018-1-10T13-48-58,1515588538379,0.8926829,-0.053658538,0.4563107,0.8926829
2018-1-10T13-48-58,1515588538380,0.84390247,-0.014634146,0.4563107,0.84390247
2018-1-10T13-48-58,1515588538381,0.85365856,0.014634146,0.4563107,0.85365856
2018-1-10T13-48-58,1515588538382,0.85365856,-0.024390243,0.4563107,0.85365856
2018-1-10T13-48-58,1515588538383,0.84390247,-0.024390243,0.44660193,0.84390247
2018-1-10T13-48-58,1515588538384,0.84390247,-0.024390243,0.44660193,0.84390247
2018-1-10T13-48-58,1515588538385,0.84390247,-0.034146342,0.44660193,0.84390247
2018-1-10T13-48-58,1515588538386,0.86341465,-0.034146342,0.44660193,0.86341465
2018-1-10T13-48-58,1515588538387,0.8341463,0.014634146,0.44660193,0.8341463
2018-1-10T13-48-58,1515588538388,0.84390247,-0.014634146,0.4563107,0.84390247
2018-1-10T13-48-58,1515588538389,0.84390247,-0.014634146,0.4563107,0.84390247
2018-1-10T13-48-58,1515588538390,0.8341463,-0.024390243,0.4563107,0.8341463
2018-1-10T13-48-58,1515588538391,0.84390247,-0.024390243,0.4368932,0.84390247
2018-1-10T13-48-58,1515588538392,0.8341463,-0.024390243,0.44660193,0.8341463
2018-1-10T13-48-58,1515588538393,0.84390247,-0.024390243,0.4563107,0.84390247
2018-1-10T13-48-58,1515588538394,0.87317073,-0.024390243,0.44660193,0.87317073
2018-1-10T13-48-58,1515588538395,0.8341463,-0.034146342,0.4563107,0.8341463
2018-1-10T13-48-58,1515588538396,0.84390247,-0.024390243,0.44660193,0.84390247
2018-1-10T13-48-58,1515588538397,0.85365856,-0.024390243,0.46601942,0.85365856
2018-1-10T13-48-58,1515588538398,0.85365856,-0.034146342,0.44660193,0.85365856
2018-1-10T13-48-58,1515588538399,0.84390247,-0.034146342,0.44660193,0.84390247
2018-1-10T13-48-58,1515588538400,0.84390247,0.014634146,0.4563107,0.84390247
2018-1-10T13-48-58,1515588538401,0.84390247,-0.09268293,0.4563107,0.84390247
2018-1-10T13-48-58,1515588538402,0.85365856,-0.024390243,0.4854369,0.85365856
2018-1-10T13-48-58,1515588538403,0.85365856,-0.014634146,0.4368932,0.85365856
2018-1-10T13-48-58,1515588538404,0.84390247,-0.024390243,0.44660193,0.84390247
2018-1-10T13-48-58,1515588538405,0.84390247,-0.014634146,0.4563107,0.84390247
2018-1-10T13-48-58,1515588538406,0.87317073,-0.024390243,0.4563107,0.87317073
2018-1-10T13-48-58,1515588538407,0.84390247,-0.014634146,0.44660193,0.84390247
2018-1-10T13-48-58,1515588538408,0.84390247,-0.024390243,0.44660193,0.84390247
2018-1-10T13-48-58,1515588538409,0.84390247,-0.024390243,0.44660193,0.84390247
2018-1-10T13-48-58,1515588538410,0.84390247,-0.004878049,0.44660193,0.84390247
2018-1-10T13-48-58,1515588538411,0.84390247,-0.024390243,0.4368932,0.84390247
2018-1-10T13-48-58,1515588538412,0.82439023,-0.034146342,0.44660193,0.82439023
2018-1-10T13-48-58,1515588538413,0.85365856,-0.024390243,0.44660193,0.85365856
2018-1-10T13-48-58,1515588538414,0.84390247,-0.014634146,0.44660193,0.84390247
2018-1-10T13-48-58,1515588538415,0.85365856,-0.024390243,0.44660193,0.85365856
2018-1-10T13-48-58,1515588538416,0.8341463,-0.043902438,0.44660193,0.8341463
2018-1-10T13-48-58,1515588538417,0.84390247,-0.024390243,0.44660193,0.84390247
2018-1-10T13-48-58,1515588538418,0.9317073,-0.034146342,0.4368932,0.9317073
2018-1-10T13-48-58,1515588538419,0.84390247,-0.024390243,0.4563107,0.84390247
2018-1-10T13-48-58,1515588538420,0.82439023,-0.024390243,0.44660193,0.82439023
2018-1-10T13-48-58,1515588538421,0.85365856,-0.06341463,0.4368932,0.85365856
2018-1-10T13-48-58,1515588538422,0.85365856,-0.024390243,0.4563107,0.85365856
2018-1-10T13-48-58,1515588538423,0.85365856,0.053658538,0.4563107,0.85365856
2018-1-10T13-48-58,1515588538424,0.8341463,-0.024390243,0.4563107,0.8341463
2018-1-10T13-48-58,1515588538425,0.84390247,-0.034146342,0.44660193,0.84390247
2018-1-10T13-48-58,1515588538426,0.86341465,-0.034146342,0.4368932,0.86341465
2018-1-10T13-48-58,1515588538427,0.84390247,-0.043902438,0.44660193,0.84390247
2018-1-10T13-48-58,1515588538428,0.8341463,-0.024390243,0.44660193,0.8341463
2018-1-10T13-48-58,1515588538429,0.84390247,-0.024390243,0.44660193,0.84390247
2018-1-10T13-48-58,1515588538430,0.902439,-0.034146342,0.44660193,0.902439
2018-1-10T13-48-58,1515588538431,0.84390247,-0.024390243,0.4563107,0.84390247
2018-1-10T13-48-58,1515588538432,0.84390247,-0.014634146,0.4368932,0.84390247
2018-1-10T13-48-58,1515588538433,0.84390247,-0.034146342,0.44660193,0.84390247
2018-1-10T13-48-58,1515588538434,0.84390247,-0.024390243,0.44660193,0.84390247
2018-1-10T13-48-58,1515588538435,0.85365856,-0.024390243,0.4563107,0.85365856
2018-1-10T13-48-58,1515588538436,0.84390247,-0.034146342,0.44660193,0.84390247
2018-1-10T13-48-58,1515588538437,0.86341465,-0.024390243,0.44660193,0.86341465
2018-1-10T13-48-58,1515588538438,0.86341465,-0.014634146,0.44660193,0.86341465
2018-1-10T13-48-58,1515588538439,0.85365856,-0.004878049,0.44660193,0.85365856
2018-1-10T13-48-58,1515588538440,0.84390247,-0.024390243,0.46601942,0.84390247
2018-1-10T13-48-58,1515588538441,0.85365856,-0.053658538,0.4368932,0.85365856
2018-1-10T13-48-58,1515588538442,0.84390247,-0.014634146,0.4368932,0.84390247
2018-1-10T13-48-58,1515588538443,0.85365856,-0.014634146,0.44660193,0.85365856
2018-1-10T13-48-58,1515588538444,0.84390247,-0.024390243,0.44660193,0.84390247
2018-1-10T13-48-58,1515588538445,0.84390247,-0.024390243,0.44660193,0.84390247
2018-1-10T13-48-58,1515588538446,0.85365856,-0.014634146,0.4563107,0.85365856
2018-1-10T13-48-58,1515588538447,0.84390247,-0.043902438,0.44660193,0.84390247
2018-1-10T13-48-58,1515588538448,0.85365856,0.034146342,0.44660193,0.85365856
2018-1-10T13-48-58,1515588538449,0.85365856,-0.024390243,0.4368932,0.85365856
2018-1-10T13-48-58,1515588538450,0.85365856,-0.09268293,0.44660193,0.85365856
2018-1-10T13-48-58,1515588538451,0.84390247,-0.014634146,0.5145631,0.84390247
2018-1-10T13-48-58,1515588538452,0.84390247,-0.034146342,0.44660193,0.84390247
2018-1-10T13-48-58,1515588538453,0.84390247,-0.07317073,0.4368932,0.84390247
2018-1-10T13-48-58,1515588538454,0.85365856,-0.024390243,0.4368932,0.85365856
2018-1-10T13-48-58,1515588538455,0.8341463,-0.034146342,0.4368932,0.8341463
2018-1-10T13-48-58,1515588538456,0.82439023,-0.024390243,0.44660193,0.82439023
2018-1-10T13-48-58,1515588538457,0.84390247,-0.034146342,0.4854369,0.84390247
2018-1-10T13-48-58,1515588538458,0.84390247,-0.024390243,0.44660193,0.84390247
2018-1-10T13-48-58,1515588538459,0.85365856,-0.024390243,0.44660193,0.85365856
2018-1-10T13-48-58,1515588538460,0.8341463,-0.034146342,0.44660193,0.8341463
2018-1-10T13-48-58,1515588538461,0.8341463,-0.024390243,0.4368932,0.8341463
2018-1-10T13-48-58,1515588538462,0.86341465,-0.024390243,0.4368932,0.86341465
2018-1-10T13-48-58,1515588538463,0.8341463,-0.043902438,0.4563107,0.8341463
2018-1-10T13-48-58,1515588538464,0.85365856,-0.014634146,0.4368932,0.85365856
2018-1-10T13-48-58,1515588538465,0.84390247,-0.034146342,0.44660193,0.84390247
2018-1-10T13-48-58,1515588538466,0.84390247,-0.014634146,0.4563107,0.84390247
2018-1-10T13-48-58,1515588538467,0.85365856,-0.024390243,0.4563107,0.85365856
2018-1-10T13-48-58,1515588538468,0.84390247,-0.024390243,0.4563107,0.84390247
2018-1-10T13-48-58,1515588538469,0.8341463,-0.043902438,0.44660193,0.8341463
2018-1-10T13-48-58,1515588538470,0.85365856,-0.034146342,0.44660193,0.85365856
2018-1-10T13-48-58,1515588538471,0.84390247,-0.014634146,0.4563107,0.84390247
2018-1-10T13-48-58,1515588538472,0.85365856,-0.034146342,0.4563107,0.85365856
2018-1-10T13-48-58,1515588538473,0.84390247,-0.024390243,0.4563107,0.84390247
2018-1-10T13-48-58,1515588538474,0.84390247,-0.034146342,0.4854369,0.84390247
2018-1-10T13-48-58,1515588538475,0.85365856,-0.014634146,0.4563107,0.85365856
2018-1-10T13-48-58,1515588538476,0.85365856,-0.034146342,0.46601942,0.85365856
2018-1-10T13-48-58,1515588538477,0.84390247,-0.034146342,0.4368932,0.84390247
2018-1-10T13-48-58,1515588538478,0.84390247,-0.024390243,0.46601942,0.84390247
2018-1-10T13-48-58,1515588538479,0.84390247,-0.043902438,0.46601942,0.84390247
2018-1-10T13-48-58,1515588538480,0.84390247,-0.024390243,0.46601942,0.84390247
2018-1-10T13-48-58,1515588538481,0.85365856,-0.034146342,0.44660193,0.85365856
2018-1-10T13-48-58,1515588538482,0.84390247,-0.024390243,0.4563107,0.84390247
2018-1-10T13-48-58,1515588538483,0.85365856,-0.034146342,0.44660193,0.85365856
2018-1-10T13-48-58,1515588538484,0.82439023,-0.034146342,0.4563107,0.82439023
2018-1-10T13-48-58,1515588538485,0.84390247,-0.024390243,0.4563107,0.84390247
2018-1-10T13-48-58,1515588538486,0.84390247,-0.11219512,0.46601942,0.84390247
2018-1-10T13-48-58,1515588538487,0.84390247,-0.043902438,0.44660193,0.84390247
2018-1-10T13-48-58,1515588538488,0.85365856,-0.024390243,0.4563107,0.85365856
2018-1-10T13-48-58,1515588538489,0.86341465,-0.024390243,0.44660193,0.86341465
2018-1-10T13-48-58,1515588538490,0.8341463,-0.024390243,0.4563107,0.8341463
2018-1-10T13-48-58,1515588538491,0.84390247,-0.024390243,0.4368932,0.84390247
2018-1-10T13-48-58,1515588538492,0.86341465,-0.053658538,0.4563107,0.86341465
2018-1-10T13-48-58,1515588538493,0.8341463,-0.024390243,0.4563107,0.8341463
2018-1-10T13-48-58,1515588538494,0.85365856,-0.024390243,0.44660193,0.85365856
2018-1-10T13-48-58,1515588538495,0.85365856,-0.024390243,0.4563107,0.85365856
2018-1-10T13-48-58,1515588538496,0.84390247,-0.024390243,0.44660193,0.84390247
2018-1-10T13-48-58,1515588538497,0.8341463,-0.07317073,0.44660193,0.8341463
2018-1-10T13-48-58,1515588538498,0.84390247,0.004878049,0.44660193,0.84390247
2018-1-10T13-48-58,1515588538499,0.85365856,-0.034146342,0.44660193,0.85365856
2018-1-10T13-48-58,1515588538500,0.84390247,-0.024390243,0.46601942,0.84390247
2018-1-10T13-48-58,1515588538501,0.84390247,0.034146342,0.44660193,0.84390247
2018-1-10T13-48-58,1515588538502,0.84390247,-0.024390243,0.44660193,0.84390247
2018-1-10T13-48-58,1515588538503,0.84390247,-0.014634146,0.44660193,0.84390247
2018-1-10T13-48-58,1515588538504,0.84390247,0.053658538,0.4368932,0.84390247
2018-1-10T13-48-58,1515588538505,0.85365856,-0.024390243,0.44660193,0.85365856
2018-1-10T13-48-58,1515588538506,0.85365856,-0.014634146,0.42718446,0.85365856
2018-1-10T13-48-58,1515588538507,0.84390247,-0.024390243,0.44660193,0.84390247
2018-1-10T13-48-58,1515588538508,0.84390247,-0.024390243,0.44660193,0.84390247
2018-1-10T13-48-58,1515588538509,0.85365856,-0.024390243,0.4563107,0.85365856
2018-1-10T13-48-58,1515588538510,0.84390247,0.053658538,0.44660193,0.84390247
2018-1-10T13-48-58,1515588538511,0.85365856,-0.034146342,0.4563107,0.85365856
2018-1-10T13-48-58,1515588538512,0.85365856,-0.014634146,0.44660193,0.85365856
2018-1-10T13-48-58,1515588538513,0.84390247,-0.034146342,0.4563107,0.84390247
2018-1-10T13-48-58,1515588538514,0.84390247,-0.014634146,0.4563107,0.84390247
2018-1-10T13-48-58,1515588538515,0.84390247,-0.024390243,0.44660193,0.84390247
2018-1-10T13-48-58,1515588538516,0.9317073,-0.034146342,0.44660193,0.9317073
2018-1-10T13-48-58,1515588538517,0.84390247,-0.024390243,0.42718446,0.84390247
2018-1-10T13-48-58,1515588538518,0.8341463,-0.034146342,0.44660193,0.8341463
2018-1-10T13-48-58,1515588538519,0.84390247,-0.024390243,0.4563107,0.84390247
2018-1-10T13-48-58,1515588538520,0.85365856,-0.09268293,0.4563107,0.85365856
2018-1-10T13-48-58,1515588538521,0.82439023,-0.034146342,0.4563107,0.82439023
2018-1-10T13-48-58,1515588538522,0.85365856,-0.034146342,0.44660193,0.85365856
2018-1-10T13-48-58,1515588538523,0.84390247,-0.014634146,0.44660193,0.84390247
2018-1-10T13-48-58,1515588538524,0.84390247,-0.034146342,0.44660193,0.84390247
2018-1-10T13-48-58,1515588538525,0.8829268,-0.034146342,0.44660193,0.8829268
2018-1-10T13-48-58,1515588538526,0.902439,-0.06341463,0.4368932,0.902439
2018-1-10T13-48-58,1515588538527,0.85365856,-0.024390243,0.46601942,0.85365856
2018-1-10T13-48-58,1515588538528,0.8341463,-0.034146342,0.44660193,0.8341463
2018-1-10T13-48-58,1515588538529,0.84390247,-0.024390243,0.4563107,0.84390247
2018-1-10T13-48-58,1515588538530,0.84390247,-0.014634146,0.4563107,0.84390247
2018-1-10T13-48-58,1515588538531,0.84390247,-0.034146342,0.44660193,0.84390247
2018-1-10T13-48-58,1515588538532,0.84390247,-0.034146342,0.407767,0.84390247
2018-1-10T13-48-58,1515588538533,0.85365856,-0.034146342,0.4563107,0.85365856
2018-1-10T13-48-58,1515588538534,0.84390247,-0.043902438,0.44660193,0.84390247
2018-1-10T13-48-58,1515588538535,0.902439,0.004878049,0.44660193,0.902439
2018-1-10T13-48-58,1515588538536,0.85365856,-0.043902438,0.4563107,0.85365856
2018-1-10T13-48-58,1515588538537,0.8341463,-0.043902438,0.44660193,0.8341463
2018-1-10T13-48-58,1515588538538,0.81463414,-0.043902438,0.44660193,0.81463414
2018-1-10T13-48-58,1515588538539,0.84390247,-0.034146342,0.44660193,0.84390247
2018-1-10T13-48-58,1515588538540,0.8341463,-0.034146342,0.4563107,0.8341463
2018-1-10T13-48-58,1515588538541,0.8341463,0.07317073,0.44660193,0.8341463
2018-1-10T13-48-58,1515588538542,0.84390247,-0.014634146,0.44660193,0.84390247
2018-1-10T13-48-58,1515588538543,0.85365856,-0.024390243,0.41747573,0.85365856
2018-1-10T13-48-58,1515588538544,0.84390247,-0.024390243,0.4563107,0.84390247
2018-1-10T13-48-58,1515588538545,0.84390247,-0.014634146,0.46601942,0.84390247
2018-1-10T13-48-58,1515588538546,0.8341463,-0.004878049,0.44660193,0.8341463
2018-1-10T13-48-58,1515588538547,0.84390247,-0.034146342,0.44660193,0.84390247
2018-1-10T13-48-58,1515588538548,0.85365856,-0.024390243,0.46601942,0.85365856
2018-1-10T13-48-58,1515588538549,0.84390247,-0.024390243,0.44660193,0.84390247
2018-1-10T13-48-58,1515588538550,0.8341463,0.034146342,0.3883495,0.8341463
2018-1-10T13-48-58,1515588538551,0.84390247,-0.024390243,0.44660193,0.84390247
2018-1-10T13-48-58,1515588538552,0.84390247,-0.014634146,0.4563107,0.84390247
2018-1-10T13-48-58,1515588538553,0.84390247,-0.07317073,0.46601942,0.84390247
2018-1-10T13-48-58,1515588538554,0.82439023,-0.024390243,0.44660193,0.82439023
2018-1-10T13-48-58,1515588538555,0.92195123,-0.014634146,0.44660193,0.92195123
2018-1-10T13-48-58,1515588538556,0.85365856,-0.014634146,0.44660193,0.85365856
2018-1-10T13-48-58,1515588538557,0.85365856,-0.024390243,0.4563107,0.85365856
2018-1-10T13-48-58,1515588538558,0.84390247,-0.014634146,0.44660193,0.84390247
2018-1-10T13-48-58,1515588538559,0.84390247,-0.034146342,0.44660193,0.84390247
2018-1-10T13-48-58,1515588538560,0.8829268,-0.024390243,0.4368932,0.8829268
2018-1-10T13-48-58,1515588538561,0.84390247,-0.024390243,0.44660193,0.84390247
2018-1-10T13-48-58,1515588538562,0.84390247,-0.024390243,0.4368932,0.84390247
2018-1-10T13-48-58,1515588538563,0.902439,-0.014634146,0.44660193,0.902439
2018-1-10T13-48-58,1515588538564,0.84390247,-0.024390243,0.4563107,0.84390247
2018-1-10T13-48-58,1515588538565,0.84390247,-0.014634146,0.42718446,0.84390247
2018-1-10T13-48-58,1515588538566,0.8341463,-0.014634146,0.44660193,0.8341463
2018-1-10T13-48-58,1515588538567,0.85365856,-0.043902438,0.44660193,0.85365856
2018-1-10T13-48-58,1515588538568,0.85365856,-0.014634146,0.47572815,0.85365856
2018-1-10T13-48-58,1515588538569,0.85365856,-0.034146342,0.4563107,0.85365856
2018-1-10T13-48-58,1515588538570,0.84390247,-0.024390243,0.4563107,0.84390247
2018-1-10T13-48-58,1515588538571,0.84390247,-0.024390243,0.4563107,0.84390247
2018-1-10T13-48-58,1515588538572,0.84390247,-0.034146342,0.4368932,0.84390247
2018-1-10T13-48-58,1515588538573,0.84390247,-0.043902438,0.44660193,0.84390247
2018-1-10T13-48-58,1515588538574,0.84390247,-0.043902438,0.4563107,0.84390247
2018-1-10T13-48-58,1515588538575,0.85365856,-0.024390243,0.44660193,0.85365856
2018-1-10T13-48-58,1515588538576,0.8829268,-0.034146342,0.44660193,0.8829268
2018-1-10T13-48-58,1515588538577,0.84390247,-0.043902438,0.4563107,0.84390247
2018-1-10T13-48-58,1515588538578,0.84390247,-0.043902438,0.4563107,0.84390247
2018-1-10T13-48-58,1515588538579,0.84390247,-0.014634146,0.44660193,0.84390247
2018-1-10T13-48-58,1515588538580,0.85365856,-0.014634146,0.39805827,0.85365856
2018-1-10T13-48-58,1515588538581,0.84390247,-0.004878049,0.4563107,0.84390247
2018-1-10T13-48-58,1515588538582,0.84390247,-0.024390243,0.4563107,0.84390247
2018-1-10T13-48-58,1515588538583,0.85365856,-0.024390243,0.4368932,0.85365856
2018-1-10T13-48-58,1515588538584,0.85365856,0.024390243,0.44660193,0.85365856
2018-1-10T13-48-58,1515588538585,0.84390247,-0.014634146,0.46601942,0.84390247
2018-1-10T13-48-58,1515588538586,0.8341463,-0.024390243,0.44660193,0.8341463
2018-1-10T13-48-58,1515588538587,0.85365856,-0.053658538,0.4563107,0.85365856
2018-1-10T13-48-58,1515588538588,0.80487806,-0.024390243,0.44660193,0.80487806
2018-1-10T13-48-58,1515588538589,0.85365856,-0.034146342,0.42718446,0.85365856
2018-1-10T13-48-58,1515588538590,0.8341463,-0.024390243,0.4368932,0.8341463
2018-1-10T13-48-58,1515588538591,0.84390247,-0.043902438,0.44660193,0.84390247
2018-1-10T13-48-58,1515588538592,0.85365856,-0.024390243,0.4563107,0.85365856
2018-1-10T13-48-58,1515588538593,0.85365856,-0.024390243,0.4563107,0.85365856
2018-1-10T13-48-58,1515588538594,0.84390247,-0.024390243,0.46601942,0.84390247
2018-1-10T13-48-58,1515588538595,0.84390247,-0.034146342,0.44660193,0.84390247
2018-1-10T13-48-58,1515588538596,0.85365856,-0.034146342,0.44660193,0.85365856
2018-1-10T13-48-58,1515588538597,0.84390247,-0.024390243,0.44660193,0.84390247
2018-1-10T13-48-58,1515588538598,0.84390247,-0.014634146,0.44660193,0.84390247
2018-1-10T13-48-58,1515588538599,0.85365856,-0.034146342,0.44660193,0.85365856
2018-1-10T13-48-58,1515588538600,0.84390247,-0.014634146,0.44660193,0.84390247
2018-1-10T13-48-58,1515588538601,0.85365856,-0.014634146,0.44660193,0.85365856
2018-1-10T13-48-58,1515588538602,0.8341463,-0.024390243,0.44660193,0.8341463
2018-1-10T13-48-58,1515588538603,0.86341465,-0.034146342,0.4368932,0.86341465
2018-1-10T13-48-58,1515588538604,0.85365856,-0.043902438,0.3883495,0.85365856
2018-1-10T13-48-58,1515588538605,0.84390247,-0.024390243,0.4563107,0.84390247
2018-1-10T13-48-58,1515588538606,0.84390247,-0.024390243,0.4368932,0.84390247
2018-1-10T13-48-58,1515588538607,0.84390247,-0.024390243,0.4563107,0.84390247
2018-1-10T13-48-58,1515588538608,0.84390247,-0.024390243,0.4563107,0.84390247
2018-1-10T13-48-58,1515588538609,0.85365856,-0.014634146,0.44660193,0.85365856
2018-1-10T13-48-58,1515588538610,0.84390247,-0.034146342,0.4563107,0.84390247
2018-1-10T13-48-58,1515588538611,0.85365856,-0.024390243,0.44660193,0.85365856
2018-1-10T13-48-58,1515588538612,0.84390247,-0.043902438,0.44660193,0.84390247
2018-1-10T13-48-58,1515588538613,0.85365856,-0.034146342,0.44660193,0.85365856
2018-1-10T13-48-58,1515588538614,0.85365856,-0.034146342,0.47572815,0.85365856
2018-1-10T13-48-58,1515588538615,0.84390247,-0.014634146,0.4563107,0.84390247
2018-1-10T13-48-58,1515588538616,0.87317073,-0.034146342,0.44660193,0.87317073
2018-1-10T13-48-58,1515588538617,0.84390247,-0.034146342,0.44660193,0.84390247
2018-1-10T13-48-58,1515588538618,0.84390247,-0.024390243,0.4563107,0.84390247
2018-1-10T13-48-58,1515588538619,0.85365856,-0.034146342,0.44660193,0.85365856
2018-1-10T13-48-58,1515588538620,0.85365856,-0.053658538,0.44660193,0.85365856
2018-1-10T13-48-58,1515588538621,0.84390247,-0.024390243,0.5145631,0.84390247
2018-1-10T13-48-58,1515588538622,0.85365856,-0.034146342,0.44660193,0.85365856
2018-1-10T13-48-58,1515588538623,0.84390247,-0.024390243,0.44660193,0.84390247
2018-1-10T13-48-58,1515588538624,0.79512197,-0.024390243,0.44660193,0.79512197
2018-1-10T13-48-58,1515588538625,0.8341463,-0.014634146,0.44660193,0.8341463
2018-1-10T13-48-58,1515588538626,0.84390247,-0.024390243,0.46601942,0.84390247
2018-1-10T13-48-58,1515588538627,0.84390247,-0.014634146,0.44660193,0.84390247
2018-1-10T13-48-58,1515588538628,0.85365856,-0.024390243,0.4563107,0.85365856
2018-1-10T13-48-58,1515588538629,0.85365856,-0.043902438,0.46601942,0.85365856
2018-1-10T13-48-58,1515588538630,0.84390247,-0.034146342,0.4563107,0.84390247
2018-1-10T13-48-58,1515588538631,0.85365856,0.034146342,0.44660193,0.85365856
2018-1-10T13-48-58,1515588538632,0.85365856,-0.014634146,0.4563107,0.85365856
2018-1-10T13-48-58,1515588538633,0.84390247,-0.043902438,0.4563107,0.84390247
2018-1-10T13-48-58,1515588538634,0.86341465,-0.024390243,0.44660193,0.86341465
2018-1-10T13-48-58,1515588538635,0.8341463,0.014634146,0.44660193,0.8341463
2018-1-10T13-48-58,1515588538636,0.85365856,0.014634146,0.44660193,0.85365856
2018-1-10T13-48-58,1515588538637,0.902439,-0.024390243,0.44660193,0.902439
2018-1-10T13-48-58,1515588538638,0.84390247,-0.024390243,0.44660193,0.84390247
2018-1-10T13-48-58,1515588538639,0.84390247,-0.014634146,0.4563107,0.84390247
2018-1-10T13-48-58,1515588538640,0.86341465,-0.024390243,0.44660193,0.86341465
2018-1-10T13-48-58,1515588538641,0.84390247,-0.034146342,0.44660193,0.84390247
2018-1-10T13-48-58,1515588538642,0.84390247,0.043902438,0.52427185,0.84390247
2018-1-10T13-48-58,1515588538643,0.84390247,-0.034146342,0.4563107,0.84390247
2018-1-10T13-48-58,1515588538644,0.85365856,-0.024390243,0.44660193,0.85365856
2018-1-10T13-48-58,1515588538645,0.84390247,-0.024390243,0.4563107,0.84390247
2018-1-10T13-48-58,1515588538646,0.85365856,-0.024390243,0.4563107,0.85365856
2018-1-10T13-48-58,1515588538647,0.84390247,-0.043902438,0.44660193,0.84390247
2018-1-10T13-48-58,1515588538648,0.85365856,-0.024390243,0.4563107,0.85365856
2018-1-10T13-48-58,1515588538649,0.84390247,-0.024390243,0.44660193,0.84390247
2018-1-10T13-48-58,1515588538650,0.84390247,-0.043902438,0.4368932,0.84390247
2018-1-10T13-48-58,1515588538651,0.84390247,-0.043902438,0.44660193,0.84390247
2018-1-10T13-48-58,1515588538652,0.84390247,-0.024390243,0.4563107,0.84390247
2018-1-10T13-48-58,1515588538653,0.84390247,-0.024390243,0.4563107,0.84390247
2018-1-10T13-48-58,1515588538654,0.84390247,-0.034146342,0.4563107,0.84390247
2018-1-10T13-48-58,1515588538655,0.85365856,-0.004878049,0.44660193,0.85365856
2018-1-10T13-48-58,1515588538656,0.84390247,-0.024390243,0.4563107,0.84390247
2018-1-10T13-48-58,1515588538657,0.82439023,-0.024390243,0.4563107,0.82439023
2018-1-10T13-48-58,1515588538658,0.76585364,-0.024390243,0.4563107,0.76585364
2018-1-10T13-48-58,1515588538659,0.84390247,-0.034146342,0.4563107,0.84390247
2018-1-10T13-48-58,1515588538660,0.85365856,-0.043902438,0.44660193,0.85365856
2018-1-10T13-48-58,1515588538661,0.84390247,-0.024390243,0.46601942,0.84390247
2018-1-10T13-48-58,1515588538662,0.84390247,-0.034146342,0.44660193,0.84390247
2018-1-10T13-48-58,1515588538663,0.84390247,-0.034146342,0.44660193,0.84390247
2018-1-10T13-48-58,1515588538664,0.84390247,-0.034146342,0.44660193,0.84390247
2018-1-10T13-48-58,1515588538665,0.85365856,-0.024390243,0.4563107,0.85365856
2018-1-10T13-48-58,1515588538666,0.84390247,-0.034146342,0.4563107,0.84390247
2018-1-10T13-48-58,1515588538667,0.84390247,-0.024390243,0.4563107,0.84390247
2018-1-10T13-48-58,1515588538668,0.85365856,-0.024390243,0.4563107,0.85365856
2018-1-10T13-48-58,1515588538669,0.84390247,-0.034146342,0.4368932,0.84390247
2018-1-10T13-48-58,1515588538670,0.85365856,-0.024390243,0.44660193,0.85365856
2018-1-10T13-48-58,1515588538671,0.84390247,-0.034146342,0.44660193,0.84390247
2018-1-10T13-48-58,1515588538672,0.84390247,-0.034146342,0.4563107,0.84390247
2018-1-10T13-48-58,1515588538673,0.8341463,-0.014634146,0.44660193,0.8341463
2018-1-10T13-48-58,1515588538674,0.85365856,-0.014634146,0.44660193,0.85365856
2018-1-10T13-48-58,1515588538675,0.84390247,-0.06341463,0.44660193,0.84390247
2018-1-10T13-48-58,1515588538676,0.87317073,-0.024390243,0.4368932,0.87317073
2018-1-10T13-48-58,1515588538677,0.8341463,-0.014634146,0.44660193,0.8341463
2018-1-10T13-48-58,1515588538678,0.85365856,-0.024390243,0.44660193,0.85365856
2018-1-10T13-48-58,1515588538679,0.85365856,-0.024390243,0.4368932,0.85365856
2018-1-10T13-48-58,1515588538680,0.8341463,-0.034146342,0.4368932,0.8341463
2018-1-10T13-48-58,1515588538681,0.85365856,-0.043902438,0.4563107,0.85365856
2018-1-10T13-48-58,1515588538682,0.84390247,0.024390243,0.4854369,0.84390247
2018-1-10T13-48-58,1515588538683,0.84390247,-0.004878049,0.4563107,0.84390247
2018-1-10T13-48-58,1515588538684,0.8341463,-0.024390243,0.4563107,0.8341463
2018-1-10T13-48-58,1515588538685,0.84390247,-0.043902438,0.44660193,0.84390247
2018-1-10T13-48-58,1515588538686,0.84390247,-0.014634146,0.4563107,0.84390247
2018-1-10T13-48-58,1515588538687,0.84390247,-0.024390243,0.4563107,0.84390247
2018-1-10T13-48-58,1515588538688,0.84390247,-0.034146342,0.44660193,0.84390247
2018-1-10T13-48-58,1515588538689,0.84390247,-0.024390243,0.44660193,0.84390247
2018-1-10T13-48-58,1515588538690,0.8341463,-0.024390243,0.44660193,0.8341463
2018-1-10T13-48-58,1515588538691,0.85365856,-0.024390243,0.4563107,0.85365856
2018-1-10T13-48-58,1515588538692,0.84390247,0.06341463,0.44660193,0.84390247
2018-1-10T13-48-58,1515588538693,0.8926829,-0.024390243,0.4563107,0.8926829
2018-1-10T13-48-58,1515588538694,0.84390247,-0.024390243,0.44660193,0.84390247
2018-1-10T13-48-58,1515588538695,0.84390247,-0.024390243,0.44660193,0.84390247
2018-1-10T13-48-58,1515588538696,0.84390247,-0.043902438,0.44660193,0.84390247
2018-1-10T13-48-58,1515588538697,0.8341463,-0.024390243,0.52427185,0.8341463
2018-1-10T13-48-58,1515588538698,0.85365856,-0.034146342,0.41747573,0.85365856
2018-1-10T13-48-58,1515588538699,0.8341463,-0.024390243,0.44660193,0.8341463
2018-1-10T13-48-58,1515588538700,0.84390247,-0.034146342,0.44660193,0.84390247
2018-1-10T13-48-58,1515588538701,0.84390247,-0.024390243,0.4854369,0.84390247
2018-1-10T13-48-58,1515588538702,0.84390247,-0.043902438,0.4563107,0.84390247
2018-1-10T13-48-58,1515588538703,0.84390247,-0.024390243,0.4368932,0.84390247
2018-1-10T13-48-58,1515588538704,0.84390247,-0.034146342,0.4563107,0.84390247
2018-1-10T13-48-58,1515588538705,0.84390247,-0.043902438,0.44660193,0.84390247
2018-1-10T13-48-58,1515588538706,0.85365856,-0.024390243,0.44660193,0.85365856
2018-1-10T13-48-58,1515588538707,0.84390247,-0.043902438,0.44660193,0.84390247
2018-1-10T13-48-58,1515588538708,0.84390247,-0.07317073,0.44660193,0.84390247
2018-1-10T13-48-58,1515588538709,0.85365856,-0.014634146,0.44660193,0.85365856
2018-1-10T13-48-58,1515588538710,0.85365856,-0.024390243,0.4563107,0.85365856
2018-1-10T13-48-58,1515588538711,0.84390247,-0.024390243,0.4563107,0.84390247
2018-1-10T13-48-58,1515588538712,0.84390247,-0.024390243,0.4563107,0.84390247
2018-1-10T13-48-58,1515588538713,0.84390247,-0.024390243,0.4563107,0.84390247
2018-1-10T13-48-58,1515588538714,0.84390247,-0.014634146,0.44660193,0.84390247
2018-1-10T13-48-58,1515588538715,0.84390247,-0.004878049,0.44660193,0.84390247
2018-1-10T13-48-58,1515588538716,0.85365856,-0.024390243,0.4368932,0.85365856
2018-1-10T13-48-58,1515588538717,0.84390247,-0.024390243,0.44660193,0.84390247
2018-1-10T13-48-58,1515588538718,0.8926829,-0.024390243,0.4563107,0.8926829
2018-1-10T13-48-58,1515588538719,0.84390247,-0.014634146,0.4368932,0.84390247
2018-1-10T13-48-58,1515588538720,0.84390247,-0.034146342,0.4368932,0.84390247
2018-1-10T13-48-58,1515588538721,0.85365856,-0.024390243,0.44660193,0.85365856
2018-1-10T13-48-58,1515588538722,0.84390247,-0.034146342,0.4563107,0.84390247
2018-1-10T13-48-58,1515588538723,0.8341463,0.004878049,0.4563107,0.8341463
2018-1-10T13-48-58,1515588538724,0.84390247,-0.024390243,0.44660193,0.84390247
2018-1-10T13-48-58,1515588538725,0.84390247,-0.034146342,0.44660193,0.84390247
2018-1-10T13-48-58,1515588538726,0.85365856,-0.014634146,0.44660193,0.85365856
2018-1-10T13-48-58,1515588538727,0.86341465,-0.014634146,0.4563107,0.86341465
2018-1-10T13-48-58,1515588538728,0.84390247,-0.043902438,0.4563107,0.84390247
2018-1-10T13-48-58,1515588538729,0.8341463,-0.043902438,0.44660193,0.8341463
2018-1-10T13-48-58,1515588538730,0.84390247,-0.024390243,0.4368932,0.84390247
2018-1-10T13-48-58,1515588538731,0.85365856,-0.043902438,0.4563107,0.85365856
2018-1-10T13-48-58,1515588538732,0.85365856,-0.034146342,0.4563107,0.85365856
2018-1-10T13-48-58,1515588538733,0.84390247,-0.034146342,0.4563107,0.84390247
2018-1-10T13-48-58,1515588538734,0.84390247,-0.024390243,0.4563107,0.84390247
2018-1-10T13-48-58,1515588538735,0.84390247,-0.014634146,0.44660193,0.84390247
2018-1-10T13-48-58,1515588538736,0.84390247,-0.024390243,0.46601942,0.84390247
2018-1-10T13-48-58,1515588538737,0.8341463,-0.024390243,0.4563107,0.8341463
2018-1-10T13-48-58,1515588538738,0.8341463,-0.024390243,0.4368932,0.8341463
2018-1-10T13-48-58,1515588538739,0.84390247,-0.024390243,0.44660193,0.84390247
2018-1-10T13-48-58,1515588538740,0.84390247,-0.024390243,0.46601942,0.84390247
2018-1-10T13-48-58,1515588538741,0.84390247,-0.014634146,0.44660193,0.84390247
2018-1-10T13-48-58,1515588538742,0.87317073,-0.024390243,0.44660193,0.87317073
2018-1-10T13-48-58,1515588538743,0.85365856,-0.024390243,0.44660193,0.85365856
2018-1-10T13-48-58,1515588538744,0.84390247,0.024390243,0.46601942,0.84390247
2018-1-10T13-48-58,1515588538745,0.84390247,-0.004878049,0.46601942,0.84390247
2018-1-10T13-48-58,1515588538746,0.87317073,-0.024390243,0.44660193,0.87317073
2018-1-10T13-48-58,1515588538747,0.84390247,-0.014634146,0.4563107,0.84390247
2018-1-10T13-48-58,1515588538748,0.84390247,-0.014634146,0.46601942,0.84390247
2018-1-10T13-48-58,1515588538749,0.84390247,-0.014634146,0.4563107,0.84390247
2018-1-10T13-48-58,1515588538750,0.84390247,-0.024390243,0.44660193,0.84390247
2018-1-10T13-48-58,1515588538751,0.84390247,-0.024390243,0.4368932,0.84390247
2018-1-10T13-48-58,1515588538752,0.84390247,-0.004878049,0.5145631,0.84390247
2018-1-10T13-48-58,1515588538753,0.85365856,-0.024390243,0.44660193,0.85365856
2018-1-10T13-48-58,1515588538754,0.8341463,-0.024390243,0.4854369,0.8341463
2018-1-10T13-48-58,1515588538755,0.85365856,-0.024390243,0.4368932,0.85365856
2018-1-10T13-48-58,1515588538756,0.85365856,-0.014634146,0.4563107,0.85365856
2018-1-10T13-48-58,1515588538757,0.85365856,-0.024390243,0.42718446,0.85365856
2018-1-10T13-48-58,1515588538758,0.84390247,-0.024390243,0.4563107,0.84390247
2018-1-10T13-48-58,1515588538759,0.8341463,-0.034146342,0.44660193,0.8341463
2018-1-10T13-48-58,1515588538760,0.85365856,-0.024390243,0.4368932,0.85365856
2018-1-10T13-48-58,1515588538761,0.84390247,-0.024390243,0.4368932,0.84390247
2018-1-10T13-48-58,1515588538762,0.84390247,-0.024390243,0.44660193,0.84390247
2018-1-10T13-48-58,1515588538763,0.8341463,0.024390243,0.44660193,0.8341463
2018-1-10T13-48-58,1515588538764,0.84390247,-0.024390243,0.4368932,0.84390247
2018-1-10T13-48-58,1515588538765,0.85365856,-0.004878049,0.44660193,0.85365856
2018-1-10T13-48-58,1515588538766,0.84390247,-0.014634146,0.42718446,0.84390247
2018-1-10T13-48-58,1515588538767,0.85365856,-0.043902438,0.44660193,0.85365856
2018-1-10T13-48-58,1515588538768,0.85365856,-0.024390243,0.46601942,0.85365856
2018-1-10T13-48-58,1515588538769,0.8341463,-0.043902438,0.44660193,0.8341463
2018-1-10T13-48-58,1515588538770,0.84390247,-0.034146342,0.4563107,0.84390247
2018-1-10T13-48-58,1515588538771,0.84390247,-0.014634146,0.44660193,0.84390247
2018-1-10T13-48-58,1515588538772,0.85365856,0.004878049,0.4563107,0.85365856
2018-1-10T13-48-58,1515588538773,0.81463414,-0.034146342,0.44660193,0.81463414
2018-1-10T13-48-58,1515588538774,0.85365856,-0.014634146,0.44660193,0.85365856
2018-1-10T13-48-58,1515588538775,0.85365856,-0.024390243,0.44660193,0.85365856
2018-1-10T13-48-58,1515588538776,0.84390247,-0.024390243,0.4563107,0.84390247
2018-1-10T13-48-58,1515588538777,0.8341463,-0.024390243,0.4563107,0.8341463
2018-1-10T13-48-58,1515588538778,0.80487806,-0.034146342,0.42718446,0.80487806
2018-1-10T13-48-58,1515588538779,0.84390247,-0.004878049,0.4368932,0.84390247
2018-1-10T13-48-58,1515588538780,0.84390247,-0.024390243,0.44660193,0.84390247
2018-1-10T13-48-58,1515588538781,0.84390247,-0.024390243,0.4563107,0.84390247
2018-1-10T13-48-58,1515588538782,0.85365856,-0.024390243,0.4368932,0.85365856
2018-1-10T13-48-58,1515588538783,0.84390247,-0.024390243,0.52427185,0.84390247
2018-1-10T13-48-58,1515588538784,0.86341465,-0.024390243,0.44660193,0.86341465
2018-1-10T13-48-58,1515588538785,0.84390247,-0.034146342,0.41747573,0.84390247
2018-1-10T13-48-58,1515588538786,0.84390247,-0.043902438,0.44660193,0.84390247
2018-1-10T13-48-58,1515588538787,0.84390247,-0.014634146,0.44660193,0.84390247
2018-1-10T13-48-58,1515588538788,0.84390247,-0.024390243,0.44660193,0.84390247
2018-1-10T13-48-58,1515588538789,0.85365856,-0.043902438,0.47572815,0.85365856
2018-1-10T13-48-58,1515588538790,0.84390247,-0.004878049,0.44660193,0.84390247
2018-1-10T13-48-58,1515588538791,0.86341465,-0.024390243,0.4563107,0.86341465
2018-1-10T13-48-58,1515588538792,0.85365856,-0.024390243,0.4368932,0.85365856
2018-1-10T13-48-58,1515588538793,0.84390247,-0.034146342,0.4368932,0.84390247
2018-1-10T13-48-58,1515588538794,0.84390247,-0.024390243,0.4368932,0.84390247
2018-1-10T13-48-58,1515588538795,0.84390247,-0.014634146,0.44660193,0.84390247
2018-1-10T13-48-58,1515588538796,0.84390247,-0.034146342,0.44660193,0.84390247
2018-1-10T13-48-58,1515588538797,0.8341463,-0.024390243,0.4368932,0.8341463
2018-1-10T13-48-58,1515588538798,0.85365856,-0.034146342,0.4368932,0.85365856
2018-1-10T13-48-58,1515588538799,0.84390247,-0.024390243,0.44660193,0.84390247
2018-1-10T13-48-58,1515588538800,0.84390247,0.014634146,0.42718446,0.84390247
2018-1-10T13-48-58,1515588538801,0.85365856,-0.07317073,0.44660193,0.85365856
2018-1-10T13-48-58,1515588538802,0.85365856,-0.07317073,0.44660193,0.85365856
2018-1-10T13-48-58,1515588538803,0.86341465,0.014634146,0.4563107,0.86341465
2018-1-10T13-48-58,1515588538804,0.8341463,-0.024390243,0.44660193,0.8341463
2018-1-10T13-48-58,1515588538805,0.86341465,-0.024390243,0.44660193,0.86341465
2018-1-10T13-48-58,1515588538806,0.79512197,-0.043902438,0.4563107,0.79512197
2018-1-10T13-48-58,1515588538807,0.86341465,-0.014634146,0.4563107,0.86341465
2018-1-10T13-48-58,1515588538808,0.84390247,-0.024390243,0.4563107,0.84390247
2018-1-10T13-48-58,1515588538809,0.84390247,-0.024390243,0.44660193,0.84390247
2018-1-10T13-48-58,1515588538810,0.84390247,-0.034146342,0.4368932,0.84390247
2018-1-10T13-48-58,1515588538811,0.84390247,-0.034146342,0.44660193,0.84390247
2018-1-10T13-48-58,1515588538812,0.86341465,-0.014634146,0.44660193,0.86341465
2018-1-10T13-48-58,1515588538813,0.84390247,-0.014634146,0.44660193,0.84390247
2018-1-10T13-48-58,1515588538814,0.84390247,-0.024390243,0.44660193,0.84390247
2018-1-10T13-48-58,1515588538815,0.84390247,-0.034146342,0.44660193,0.84390247
2018-1-10T13-48-58,1515588538816,0.85365856,0.024390243,0.44660193,0.85365856
2018-1-10T13-48-58,1515588538817,0.84390247,-0.024390243,0.44660193,0.84390247
2018-1-10T13-48-58,1515588538818,0.84390247,-0.024390243,0.44660193,0.84390247
2018-1-10T13-48-58,1515588538819,0.84390247,-0.034146342,0.44660193,0.84390247
2018-1-10T13-48-58,1515588538820,0.86341465,-0.014634146,0.44660193,0.86341465
2018-1-10T13-48-58,1515588538821,0.86341465,-0.024390243,0.44660193,0.86341465
2018-1-10T13-48-58,1515588538822,0.8341463,-0.053658538,0.44660193,0.8341463
2018-1-10T13-48-58,1515588538823,0.87317073,-0.034146342,0.44660193,0.87317073
2018-1-10T13-48-58,1515588538824,0.8341463,-0.034146342,0.46601942,0.8341463
2018-1-10T13-48-58,1515588538825,0.85365856,-0.014634146,0.4563107,0.85365856
2018-1-10T13-48-58,1515588538826,0.84390247,-0.024390243,0.44660193,0.84390247
2018-1-10T13-48-58,1515588538827,0.85365856,-0.024390243,0.44660193,0.85365856
2018-1-10T13-48-58,1515588538828,0.85365856,-0.034146342,0.44660193,0.85365856
2018-1-10T13-48-58,1515588538829,0.85365856,-0.043902438,0.44660193,0.85365856
2018-1-10T13-48-58,1515588538830,0.85365856,-0.014634146,0.44660193,0.85365856
2018-1-10T13-48-58,1515588538831,0.85365856,-0.034146342,0.44660193,0.85365856
2018-1-10T13-48-58,1515588538832,0.84390247,-0.014634146,0.4563107,0.84390247
2018-1-10T13-48-58,1515588538833,0.8341463,-0.004878049,0.4563107,0.8341463
2018-1-10T13-48-58,1515588538834,0.85365856,-0.024390243,0.4854369,0.85365856
2018-1-10T13-48-58,1515588538835,0.84390247,-0.014634146,0.44660193,0.84390247
2018-1-10T13-48-58,1515588538836,0.84390247,-0.014634146,0.44660193,0.84390247
2018-1-10T13-48-58,1515588538837,0.84390247,-0.034146342,0.44660193,0.84390247
2018-1-10T13-48-58,1515588538838,0.85365856,-0.024390243,0.44660193,0.85365856
2018-1-10T13-48-58,1515588538839,0.84390247,-0.043902438,0.44660193,0.84390247
2018-1-10T13-48-58,1515588538840,0.84390247,-0.034146342,0.4563107,0.84390247
2018-1-10T13-48-58,1515588538841,0.85365856,-0.024390243,0.4563107,0.85365856
2018-1-10T13-48-58,1515588538842,0.84390247,-0.024390243,0.4563107,0.84390247
2018-1-10T13-48-58,1515588538843,0.84390247,-0.024390243,0.44660193,0.84390247
2018-1-10T13-48-58,1515588538844,0.8341463,-0.034146342,0.4563107,0.8341463
2018-1-10T13-48-58,1515588538845,0.84390247,-0.034146342,0.44660193,0.84390247
2018-1-10T13-48-58,1515588538846,0.85365856,-0.004878049,0.4563107,0.85365856
2018-1-10T13-48-58,1515588538847,0.85365856,-0.004878049,0.42718446,0.85365856
2018-1-10T13-48-58,1515588538848,0.85365856,-0.024390243,0.44660193,0.85365856
2018-1-10T13-48-58,1515588538849,0.84390247,-0.034146342,0.4563107,0.84390247
2018-1-10T13-48-58,1515588538850,0.84390247,-0.024390243,0.44660193,0.84390247
2018-1-10T13-48-58,1515588538851,0.85365856,-0.024390243,0.4563107,0.85365856
2018-1-10T13-48-58,1515588538852,0.85365856,-0.034146342,0.46601942,0.85365856
2018-1-10T13-48-58,1515588538853,0.85365856,-0.024390243,0.42718446,0.85365856
2018-1-10T13-48-58,1515588538854,0.84390247,-0.024390243,0.44660193,0.84390247
2018-1-10T13-48-58,1515588538855,0.85365856,-0.034146342,0.44660193,0.85365856
2018-1-10T13-48-58,1515588538856,0.85365856,-0.024390243,0.44660193,0.85365856
2018-1-10T13-48-58,1515588538857,0.85365856,-0.014634146,0.46601942,0.85365856
2018-1-10T13-48-58,1515588538858,0.85365856,-0.024390243,0.44660193,0.85365856
2018-1-10T13-48-58,1515588538859,0.85365856,-0.034146342,0.4368932,0.85365856
2018-1-10T13-48-58,1515588538860,0.84390247,-0.024390243,0.44660193,0.84390247
2018-1-10T13-48-58,1515588538861,0.82439023,-0.024390243,0.4563107,0.82439023
2018-1-10T13-48-58,1515588538862,0.85365856,-0.024390243,0.44660193,0.85365856
2018-1-10T13-48-58,1515588538863,0.85365856,-0.043902438,0.44660193,0.85365856
2018-1-10T13-48-58,1515588538864,0.85365856,-0.024390243,0.44660193,0.85365856
2018-1-10T13-48-58,1515588538865,0.84390247,-0.024390243,0.42718446,0.84390247
2018-1-10T13-48-58,1515588538866,0.85365856,-0.014634146,0.4563107,0.85365856
2018-1-10T13-48-58,1515588538867,0.84390247,-0.024390243,0.4563107,0.84390247
2018-1-10T13-48-58,1515588538868,0.84390247,-0.014634146,0.44660193,0.84390247
2018-1-10T13-48-58,1515588538869,0.84390247,-0.034146342,0.4563107,0.84390247
2018-1-10T13-48-58,1515588538870,0.8341463,-0.024390243,0.47572815,0.8341463
2018-1-10T13-48-58,1515588538871,0.85365856,-0.034146342,0.4563107,0.85365856
2018-1-10T13-48-58,1515588538872,0.85365856,-0.024390243,0.4563107,0.85365856
2018-1-10T13-48-58,1515588538873,0.84390247,-0.024390243,0.44660193,0.84390247
2018-1-10T13-48-58,1515588538874,0.84390247,-0.024390243,0.44660193,0.84390247
2018-1-10T13-48-58,1515588538875,0.8341463,-0.024390243,0.4563107,0.8341463
2018-1-10T13-48-58,1515588538876,0.84390247,-0.024390243,0.4563107,0.84390247
2018-1-10T13-48-58,1515588538877,0.84390247,-0.053658538,0.4563107,0.84390247
2018-1-10T13-48-58,1515588538878,0.84390247,-0.034146342,0.4563107,0.84390247
2018-1-10T13-48-58,1515588538879,0.84390247,-0.034146342,0.4563107,0.84390247
2018-1-10T13-48-58,1515588538880,0.85365856,-0.014634146,0.4563107,0.85365856
2018-1-10T13-48-58,1515588538881,0.84390247,-0.024390243,0.44660193,0.84390247
2018-1-10T13-48-58,1515588538882,0.8341463,-0.004878049,0.4563107,0.8341463
2018-1-10T13-48-58,1515588538883,0.85365856,-0.024390243,0.39805827,0.85365856
2018-1-10T13-48-58,1515588538884,0.85365856,-0.014634146,0.44660193,0.85365856
2018-1-10T13-48-58,1515588538885,0.85365856,-0.024390243,0.4368932,0.85365856
2018-1-10T13-48-58,1515588538886,0.84390247,-0.053658538,0.4563107,0.84390247
2018-1-10T13-48-58,1515588538887,0.86341465,-0.024390243,0.4563107,0.86341465
2018-1-10T13-48-58,1515588538888,0.85365856,-0.024390243,0.4368932,0.85365856
2018-1-10T13-48-58,1515588538889,0.84390247,-0.034146342,0.46601942,0.84390247
2018-1-10T13-48-58,1515588538890,0.84390247,-0.024390243,0.44660193,0.84390247
2018-1-10T13-48-58,1515588538891,0.8341463,-0.004878049,0.44660193,0.8341463
2018-1-10T13-48-58,1515588538892,0.84390247,-0.034146342,0.47572815,0.84390247
2018-1-10T13-48-58,1515588538893,0.85365856,0.004878049,0.4368932,0.85365856
2018-1-10T13-48-58,1515588538894,0.84390247,-0.024390243,0.4368932,0.84390247
2018-1-10T13-48-58,1515588538895,0.84390247,-0.024390243,0.4563107,0.84390247
2018-1-10T13-48-58,1515588538896,0.84390247,-0.024390243,0.44660193,0.84390247
2018-1-10T13-48-58,1515588538897,0.79512197,-0.014634146,0.44660193,0.79512197
2018-1-10T13-48-58,1515588538898,0.86341465,-0.07317073,0.4563107,0.86341465
2018-1-10T13-48-58,1515588538899,0.84390247,-0.024390243,0.44660193,0.84390247
2018-1-10T13-48-58,1515588538900,0.84390247,-0.024390243,0.4563107,0.84390247
2018-1-10T13-48-58,1515588538901,0.84390247,-0.024390243,0.47572815,0.84390247
2018-1-10T13-48-58,1515588538902,0.84390247,-0.024390243,0.4563107,0.84390247
2018-1-10T13-48-58,1515588538903,0.85365856,-0.024390243,0.4563107,0.85365856
2018-1-10T13-48-58,1515588538904,0.85365856,-0.024390243,0.46601942,0.85365856
2018-1-10T13-48-58,1515588538905,0.85365856,-0.024390243,0.44660193,0.85365856
2018-1-10T13-48-58,1515588538906,0.84390247,-0.034146342,0.4563107,0.84390247
2018-1-10T13-48-58,1515588538907,0.84390247,-0.024390243,0.44660193,0.84390247
2018-1-10T13-48-58,1515588538908,0.84390247,-0.024390243,0.4563107,0.84390247
2018-1-10T13-48-58,1515588538909,0.8341463,-0.024390243,0.4368932,0.8341463
2018-1-10T13-48-58,1515588538910,0.84390247,-0.014634146,0.4368932,0.84390247
2018-1-10T13-48-58,1515588538911,0.84390247,-0.034146342,0.4368932,0.84390247
2018-1-10T13-48-58,1515588538912,0.84390247,-0.014634146,0.46601942,0.84390247
2018-1-10T13-48-58,1515588538913,0.85365856,-0.004878049,0.44660193,0.85365856
2018-1-10T13-48-58,1515588538914,0.85365856,-0.09268293,0.44660193,0.85365856
2018-1-10T13-48-58,1515588538915,0.84390247,-0.014634146,0.4368932,0.84390247
2018-1-10T13-48-58,1515588538916,0.85365856,-0.024390243,0.44660193,0.85365856
2018-1-10T13-48-58,1515588538917,0.85365856,-0.034146342,0.44660193,0.85365856
2018-1-10T13-48-58,1515588538918,0.84390247,-0.034146342,0.4368932,0.84390247
2018-1-10T13-48-58,1515588538919,0.8341463,-0.024390243,0.4563107,0.8341463
2018-1-10T13-48-58,1515588538920,0.85365856,-0.024390243,0.4563107,0.85365856
2018-1-10T13-48-58,1515588538921,0.85365856,-0.034146342,0.4368932,0.85365856
2018-1-10T13-48-58,1515588538922,0.84390247,-0.024390243,0.44660193,0.84390247
2018-1-10T13-48-58,1515588538923,0.85365856,-0.034146342,0.46601942,0.85365856
2018-1-10T13-48-58,1515588538924,0.8341463,-0.024390243,0.44660193,0.8341463
2018-1-10T13-48-58,1515588538925,0.84390247,-0.024390243,0.44660193,0.84390247
2018-1-10T13-48-58,1515588538926,0.84390247,-0.024390243,0.4563107,0.84390247
2018-1-10T13-48-58,1515588538927,0.86341465,-0.014634146,0.44660193,0.86341465
2018-1-10T13-48-58,1515588538928,0.84390247,-0.034146342,0.42718446,0.84390247
2018-1-10T13-48-58,1515588538929,0.85365856,-0.024390243,0.4368932,0.85365856
2018-1-10T13-48-58,1515588538930,0.84390247,-0.034146342,0.42718446,0.84390247
2018-1-10T13-48-58,1515588538931,0.84390247,-0.024390243,0.5145631,0.84390247
2018-1-10T13-48-58,1515588538932,0.84390247,-0.024390243,0.44660193,0.84390247
2018-1-10T13-48-58,1515588538933,0.84390247,-0.024390243,0.44660193,0.84390247
2018-1-10T13-48-58,1515588538934,0.84390247,-0.014634146,0.44660193,0.84390247
2018-1-10T13-48-58,1515588538935,0.86341465,-0.024390243,0.46601942,0.86341465
2018-1-10T13-48-58,1515588538936,0.84390247,-0.034146342,0.44660193,0.84390247
2018-1-10T13-48-58,1515588538937,0.85365856,-0.034146342,0.44660193,0.85365856
2018-1-10T13-48-58,1515588538938,0.84390247,-0.034146342,0.4368932,0.84390247
2018-1-10T13-48-58,1515588538939,0.84390247,-0.024390243,0.44660193,0.84390247
2018-1-10T13-48-58,1515588538940,0.84390247,-0.034146342,0.44660193,0.84390247
2018-1-10T13-48-58,1515588538941,0.85365856,-0.024390243,0.44660193,0.85365856
2018-1-10T13-48-58,1515588538942,0.84390247,-0.014634146,0.44660193,0.84390247
2018-1-10T13-48-58,1515588538943,0.8341463,-0.024390243,0.44660193,0.8341463
2018-1-10T13-48-58,1515588538944,0.8341463,-0.014634146,0.44660193,0.8341463
2018-1-10T13-48-58,1515588538945,0.85365856,-0.014634146,0.4563107,0.85365856
2018-1-10T13-48-58,1515588538946,0.84390247,-0.024390243,0.41747573,0.84390247
2018-1-10T13-48-58,1515588538947,0.84390247,-0.014634146,0.4368932,0.84390247
2018-1-10T13-48-58,1515588538948,0.84390247,-0.014634146,0.44660193,0.84390247
2018-1-10T13-48-58,1515588538949,0.84390247,-0.024390243,0.44660193,0.84390247
2018-1-10T13-48-58,1515588538950,0.85365856,-0.014634146,0.44660193,0.85365856
2018-1-10T13-48-58,1515588538951,0.84390247,-0.043902438,0.46601942,0.84390247
2018-1-10T13-48-58,1515588538952,0.85365856,-0.034146342,0.44660193,0.85365856
2018-1-10T13-48-58,1515588538953,0.84390247,-0.014634146,0.42718446,0.84390247
2018-1-10T13-48-58,1515588538954,0.84390247,-0.024390243,0.44660193,0.84390247
2018-1-10T13-48-58,1515588538955,0.8341463,-0.024390243,0.44660193,0.8341463
2018-1-10T13-48-58,1515588538956,0.85365856,-0.024390243,0.4368932,0.85365856
2018-1-10T13-48-58,1515588538957,0.84390247,-0.024390243,0.44660193,0.84390247
2018-1-10T13-48-58,1515588538958,0.84390247,-0.004878049,0.39805827,0.84390247
2018-1-10T13-48-58,1515588538959,0.84390247,-0.014634146,0.4563107,0.84390247
2018-1-10T13-48-58,1515588538960,0.85365856,-0.004878049,0.4368932,0.85365856
2018-1-10T13-48-58,1515588538961,0.84390247,-0.024390243,0.44660193,0.84390247
2018-1-10T13-48-58,1515588538962,0.84390247,-0.024390243,0.4368932,0.84390247
2018-1-10T13-48-58,1515588538963,0.84390247,-0.034146342,0.44660193,0.84390247
2018-1-10T13-48-58,1515588538964,0.85365856,-0.014634146,0.4563107,0.85365856
2018-1-10T13-48-58,1515588538965,0.80487806,-0.034146342,0.4563107,0.80487806
2018-1-10T13-48-58,1515588538966,0.84390247,-0.024390243,0.46601942,0.84390247
2018-1-10T13-48-58,1515588538967,0.84390247,0.004878049,0.44660193,0.84390247
2018-1-10T13-48-58,1515588538968,0.84390247,-0.024390243,0.44660193,0.84390247
2018-1-10T13-48-58,1515588538969,0.84390247,-0.024390243,0.4563107,0.84390247
2018-1-10T13-48-58,1515588538970,0.8341463,-0.014634146,0.4563107,0.8341463
2018-1-10T13-48-58,1515588538971,0.84390247,-0.024390243,0.44660193,0.84390247
2018-1-10T13-48-58,1515588538972,0.81463414,-0.024390243,0.44660193,0.81463414
2018-1-10T13-48-58,1515588538973,0.84390247,-0.024390243,0.44660193,0.84390247
2018-1-10T13-48-58,1515588538974,0.85365856,0.014634146,0.44660193,0.85365856
2018-1-10T13-48-58,1515588538975,0.84390247,-0.034146342,0.44660193,0.84390247
2018-1-10T13-48-58,1515588538976,0.85365856,-0.034146342,0.4854369,0.85365856
2018-1-10T13-48-58,1515588538977,0.85365856,-0.024390243,0.4563107,0.85365856
2018-1-10T13-48-58,1515588538978,0.85365856,-0.024390243,0.4563107,0.85365856
2018-1-10T13-48-58,1515588538979,0.84390247,-0.024390243,0.5145631,0.84390247
2018-1-10T13-48-58,1515588538980,0.8926829,0.014634146,0.44660193,0.8926829
2018-1-10T13-48-58,1515588538981,0.82439023,-0.034146342,0.44660193,0.82439023
2018-1-10T13-48-58,1515588538982,0.84390247,-0.034146342,0.44660193,0.84390247
2018-1-10T13-48-58,1515588538983,0.86341465,-0.024390243,0.4368932,0.86341465
2018-1-10T13-48-58,1515588538984,0.84390247,-0.014634146,0.4563107,0.84390247
2018-1-10T13-48-58,1515588538985,0.84390247,-0.024390243,0.44660193,0.84390247
2018-1-10T13-48-58,1515588538986,0.84390247,-0.014634146,0.4563107,0.84390247
2018-1-10T13-48-58,1515588538987,0.85365856,-0.024390243,0.49514562,0.85365856
2018-1-10T13-48-58,1515588538988,0.80487806,-0.024390243,0.4368932,0.80487806
2018-1-10T13-48-58,1515588538989,0.7853659,-0.024390243,0.4563107,0.7853659
2018-1-10T13-48-58,1515588538990,0.84390247,-0.034146342,0.4563107,0.84390247
2018-1-10T13-48-58,1515588538991,0.85365856,-0.024390243,0.4563107,0.85365856
2018-1-10T13-48-58,1515588538992,0.85365856,-0.024390243,0.44660193,0.85365856
2018-1-10T13-48-58,1515588538993,0.8341463,-0.034146342,0.4563107,0.8341463
2018-1-10T13-48-58,1515588538994,0.84390247,-0.034146342,0.44660193,0.84390247
2018-1-10T13-48-58,1515588538995,0.85365856,-0.024390243,0.407767,0.85365856
2018-1-10T13-48-58,1515588538996,0.85365856,-0.014634146,0.4563107,0.85365856
2018-1-10T13-48-58,1515588538997,0.84390247,-0.034146342,0.4563107,0.84390247
2018-1-10T13-48-58,1515588538998,0.84390247,0.043902438,0.5048544,0.84390247
2018-1-10T13-48-58,1515588538999,0.86341465,-0.024390243,0.44660193,0.86341465
2018-1-10T13-48-59,1515588539000,0.84390247,-0.034146342,0.42718446,0.84390247
2018-1-10T13-48-59,1515588539001,0.84390247,-0.024390243,0.4368932,0.84390247
2018-1-10T13-48-59,1515588539002,0.87317073,-0.034146342,0.42718446,0.87317073
2018-1-10T13-48-59,1515588539003,0.84390247,-0.024390243,0.4563107,0.84390247
2018-1-10T13-48-59,1515588539004,0.84390247,-0.024390243,0.4854369,0.84390247
2018-1-10T13-48-59,1515588539005,0.85365856,-0.014634146,0.44660193,0.85365856
2018-1-10T13-48-59,1515588539006,0.84390247,-0.024390243,0.44660193,0.84390247
2018-1-10T13-48-59,1515588539007,0.8341463,-0.024390243,0.41747573,0.8341463
2018-1-10T13-48-59,1515588539008,0.86341465,-0.024390243,0.4563107,0.86341465
2018-1-10T13-48-59,1515588539009,0.85365856,-0.034146342,0.49514562,0.85365856
2018-1-10T13-48-59,1515588539010,0.8341463,-0.024390243,0.47572815,0.8341463
2018-1-10T13-48-59,1515588539011,0.84390247,-0.014634146,0.4563107,0.84390247
2018-1-10T13-48-59,1515588539012,0.85365856,-0.024390243,0.44660193,0.85365856
2018-1-10T13-48-59,1515588539013,0.84390247,-0.09268293,0.44660193,0.84390247
2018-1-10T13-48-59,1515588539014,0.86341465,-0.024390243,0.42718446,0.86341465
2018-1-10T13-48-59,1515588539015,0.84390247,-0.024390243,0.46601942,0.84390247
2018-1-10T13-48-59,1515588539016,0.84390247,-0.024390243,0.4563107,0.84390247
2018-1-10T13-48-59,1515588539017,0.84390247,-0.06341463,0.44660193,0.84390247
2018-1-10T13-48-59,1515588539018,0.85365856,-0.024390243,0.4368932,0.85365856
2018-1-10T13-48-59,1515588539019,0.8341463,-0.034146342,0.4563107,0.8341463
2018-1-10T13-48-59,1515588539020,0.84390247,-0.024390243,0.44660193,0.84390247
2018-1-10T13-48-59,1515588539021,0.84390247,-0.034146342,0.4563107,0.84390247
2018-1-10T13-48-59,1515588539022,0.8341463,-0.043902438,0.4368932,0.8341463
2018-1-10T13-48-59,1515588539023,0.8926829,-0.014634146,0.4563107,0.8926829
2018-1-10T13-48-59,1515588539024,0.85365856,-0.014634146,0.46601942,0.85365856
2018-1-10T13-48-59,1515588539025,0.84390247,-0.014634146,0.4563107,0.84390247
2018-1-10T13-48-59,1515588539026,0.84390247,-0.024390243,0.44660193,0.84390247
2018-1-10T13-48-59,1515588539027,0.84390247,-0.043902438,0.4563107,0.84390247
2018-1-10T13-48-59,1515588539028,0.85365856,-0.024390243,0.44660193,0.85365856
2018-1-10T13-48-59,1515588539029,0.84390247,-0.043902438,0.44660193,0.84390247
2018-1-10T13-48-59,1515588539030,0.85365856,-0.10243902,0.44660193,0.85365856
2018-1-10T13-48-59,1515588539031,0.85365856,-0.034146342,0.44660193,0.85365856
2018-1-10T13-48-59,1515588539032,0.87317073,-0.024390243,0.4368932,0.87317073
2018-1-10T13-48-59,1515588539033,0.84390247,-0.024390243,0.44660193,0.84390247
2018-1-10T13-48-59,1515588539034,0.85365856,-0.043902438,0.44660193,0.85365856
2018-1-10T13-48-59,1515588539035,0.84390247,-0.024390243,0.4563107,0.84390247
2018-1-10T13-48-59,1515588539036,0.84390247,-0.024390243,0.4563107,0.84390247
2018-1-10T13-48-59,1515588539037,0.84390247,-0.024390243,0.4563107,0.84390247
2018-1-10T13-48-59,1515588539038,0.84390247,-0.014634146,0.4563107,0.84390247
2018-1-10T13-48-59,1515588539039,0.84390247,-0.004878049,0.44660193,0.84390247
2018-1-10T13-48-59,1515588539040,0.87317073,-0.034146342,0.4563107,0.87317073
2018-1-10T13-48-59,1515588539041,0.85365856,-0.014634146,0.4563107,0.85365856
2018-1-10T13-48-59,1515588539042,0.84390247,-0.034146342,0.4563107,0.84390247
2018-1-10T13-48-59,1515588539043,0.84390247,-0.034146342,0.4368932,0.84390247
2018-1-10T13-48-59,1515588539044,0.85365856,-0.024390243,0.44660193,0.85365856
2018-1-10T13-48-59,1515588539045,0.84390247,-0.024390243,0.4563107,0.84390247
2018-1-10T13-48-59,1515588539046,0.85365856,-0.034146342,0.44660193,0.85365856
2018-1-10T13-48-59,1515588539047,0.85365856,-0.034146342,0.46601942,0.85365856
2018-1-10T13-48-59,1515588539048,0.85365856,-0.024390243,0.4368932,0.85365856
2018-1-10T13-48-59,1515588539049,0.85365856,-0.024390243,0.4368932,0.85365856
2018-1-10T13-48-59,1515588539050,0.8341463,-0.024390243,0.44660193,0.8341463
2018-1-10T13-48-59,1515588539051,0.87317073,-0.024390243,0.4563107,0.87317073
2018-1-10T13-48-59,1515588539052,0.84390247,-0.034146342,0.46601942,0.84390247
2018-1-10T13-48-59,1515588539053,0.84390247,-0.014634146,0.44660193,0.84390247
2018-1-10T13-48-59,1515588539054,0.85365856,-0.024390243,0.44660193,0.85365856
2018-1-10T13-48-59,1515588539055,0.84390247,-0.014634146,0.4368932,0.84390247
2018-1-10T13-48-59,1515588539056,0.85365856,-0.034146342,0.4563107,0.85365856
2018-1-10T13-48-59,1515588539057,0.85365856,-0.043902438,0.44660193,0.85365856
2018-1-10T13-48-59,1515588539058,0.84390247,-0.024390243,0.42718446,0.84390247
2018-1-10T13-48-59,1515588539059,0.85365856,-0.024390243,0.42718446,0.85365856
2018-1-10T13-48-59,1515588539060,0.84390247,-0.034146342,0.4368932,0.84390247
2018-1-10T13-48-59,1515588539061,0.85365856,-0.034146342,0.44660193,0.85365856
2018-1-10T13-48-59,1515588539062,0.84390247,-0.043902438,0.44660193,0.84390247
2018-1-10T13-48-59,1515588539063,0.84390247,-0.024390243,0.407767,0.84390247
2018-1-10T13-48-59,1515588539064,0.85365856,-0.024390243,0.44660193,0.85365856
2018-1-10T13-48-59,1515588539065,0.84390247,-0.034146342,0.44660193,0.84390247
2018-1-10T13-48-59,1515588539066,0.87317073,-0.014634146,0.4563107,0.87317073
2018-1-10T13-48-59,1515588539067,0.84390247,-0.034146342,0.44660193,0.84390247
2018-1-10T13-48-59,1515588539068,0.85365856,-0.043902438,0.46601942,0.85365856
2018-1-10T13-48-59,1515588539069,0.84390247,-0.024390243,0.4563107,0.84390247
2018-1-10T13-48-59,1515588539070,0.85365856,-0.024390243,0.44660193,0.85365856
2018-1-10T13-48-59,1515588539071,0.85365856,-0.034146342,0.42718446,0.85365856
2018-1-10T13-48-59,1515588539072,0.85365856,-0.034146342,0.4563107,0.85365856
2018-1-10T13-48-59,1515588539073,0.85365856,-0.024390243,0.42718446,0.85365856
2018-1-10T13-48-59,1515588539074,0.80487806,-0.034146342,0.44660193,0.80487806
2018-1-10T13-48-59,1515588539075,0.85365856,-0.034146342,0.44660193,0.85365856
2018-1-10T13-48-59,1515588539076,0.84390247,-0.024390243,0.44660193,0.84390247
2018-1-10T13-48-59,1515588539077,0.84390247,-0.034146342,0.44660193,0.84390247
2018-1-10T13-48-59,1515588539078,0.85365856,-0.034146342,0.44660193,0.85365856
2018-1-10T13-48-59,1515588539079,0.84390247,-0.014634146,0.44660193,0.84390247
2018-1-10T13-48-59,1515588539080,0.85365856,-0.024390243,0.44660193,0.85365856
2018-1-10T13-48-59,1515588539081,0.84390247,-0.034146342,0.4368932,0.84390247
2018-1-10T13-48-59,1515588539082,0.84390247,-0.024390243,0.44660193,0.84390247
2018-1-10T13-48-59,1515588539083,0.86341465,-0.034146342,0.4563107,0.86341465
2018-1-10T13-48-59,1515588539084,0.84390247,-0.024390243,0.47572815,0.84390247
2018-1-10T13-48-59,1515588539085,0.8341463,-0.024390243,0.44660193,0.8341463
2018-1-10T13-48-59,1515588539086,0.84390247,-0.024390243,0.46601942,0.84390247
2018-1-10T13-48-59,1515588539087,0.81463414,-0.014634146,0.4563107,0.81463414
2018-1-10T13-48-59,1515588539088,0.85365856,-0.024390243,0.44660193,0.85365856
2018-1-10T13-48-59,1515588539089,0.8341463,-0.014634146,0.4563107,0.8341463
2018-1-10T13-48-59,1515588539090,0.84390247,-0.004878049,0.44660193,0.84390247
2018-1-10T13-48-59,1515588539091,0.8341463,-0.06341463,0.44660193,0.8341463
2018-1-10T13-48-59,1515588539092,0.84390247,-0.024390243,0.4563107,0.84390247
2018-1-10T13-48-59,1515588539093,0.81463414,-0.014634146,0.44660193,0.81463414
2018-1-10T13-48-59,1515588539094,0.84390247,-0.024390243,0.44660193,0.84390247
2018-1-10T13-48-59,1515588539095,0.7853659,-0.024390243,0.44660193,0.7853659
2018-1-10T13-48-59,1515588539096,0.85365856,-0.014634146,0.44660193,0.85365856
2018-1-10T13-48-59,1515588539097,0.85365856,-0.024390243,0.44660193,0.85365856
2018-1-10T13-48-59,1515588539098,0.84390247,-0.024390243,0.44660193,0.84390247
2018-1-10T13-48-59,1515588539099,0.84390247,-0.024390243,0.44660193,0.84390247
2018-1-10T13-48-59,1515588539100,0.81463414,-0.024390243,0.4563107,0.81463414
2018-1-10T13-48-59,1515588539101,0.85365856,-0.024390243,0.44660193,0.85365856
2018-1-10T13-48-59,1515588539102,0.85365856,-0.034146342,0.44660193,0.85365856
2018-1-10T13-48-59,1515588539103,0.84390247,-0.024390243,0.44660193,0.84390247
2018-1-10T13-48-59,1515588539104,0.85365856,-0.024390243,0.44660193,0.85365856
2018-1-10T13-48-59,1515588539105,0.84390247,0.043902438,0.4563107,0.84390247
2018-1-10T13-48-59,1515588539106,0.85365856,-0.034146342,0.4563107,0.85365856
2018-1-10T13-48-59,1515588539107,0.84390247,-0.034146342,0.4563107,0.84390247
2018-1-10T13-48-59,1515588539108,0.84390247,-0.024390243,0.4563107,0.84390247
2018-1-10T13-48-59,1515588539109,0.84390247,-0.024390243,0.4563107,0.84390247
2018-1-10T13-48-59,1515588539110,0.84390247,-0.024390243,0.44660193,0.84390247
2018-1-10T13-48-59,1515588539111,0.84390247,-0.024390243,0.47572815,0.84390247
2018-1-10T13-48-59,1515588539112,0.86341465,-0.024390243,0.44660193,0.86341465
2018-1-10T13-48-59,1515588539113,0.85365856,-0.024390243,0.4563107,0.85365856
2018-1-10T13-48-59,1515588539114,0.85365856,-0.024390243,0.4563107,0.85365856
2018-1-10T13-48-59,1515588539115,0.84390247,-0.014634146,0.44660193,0.84390247
2018-1-10T13-48-59,1515588539116,0.84390247,-0.024390243,0.4563107,0.84390247
2018-1-10T13-48-59,1515588539117,0.8341463,-0.024390243,0.4563107,0.8341463
2018-1-10T13-48-59,1515588539118,0.85365856,-0.034146342,0.44660193,0.85365856
2018-1-10T13-48-59,1515588539119,0.84390247,-0.034146342,0.4563107,0.84390247
2018-1-10T13-48-59,1515588539120,0.84390247,-0.024390243,0.4368932,0.84390247
2018-1-10T13-48-59,1515588539121,0.86341465,-0.08292683,0.4368932,0.86341465
2018-1-10T13-48-59,1515588539122,0.84390247,-0.014634146,0.4563107,0.84390247
2018-1-10T13-48-59,1515588539123,0.86341465,-0.024390243,0.44660193,0.86341465
2018-1-10T13-48-59,1515588539124,0.85365856,-0.004878049,0.4563107,0.85365856
2018-1-10T13-48-59,1515588539125,0.84390247,-0.034146342,0.407767,0.84390247
2018-1-10T13-48-59,1515588539126,0.84390247,-0.014634146,0.44660193,0.84390247
2018-1-10T13-48-59,1515588539127,0.85365856,-0.004878049,0.4563107,0.85365856
2018-1-10T13-48-59,1515588539128,0.8341463,0.043902438,0.44660193,0.8341463
2018-1-10T13-48-59,1515588539129,0.84390247,-0.024390243,0.44660193,0.84390247
2018-1-10T13-48-59,1515588539130,0.8341463,-0.014634146,0.4563107,0.8341463
2018-1-10T13-48-59,1515588539131,0.85365856,-0.024390243,0.46601942,0.85365856
2018-1-10T13-48-59,1515588539132,0.91219515,-0.034146342,0.44660193,0.91219515
2018-1-10T13-48-59,1515588539133,0.84390247,-0.024390243,0.4563107,0.84390247
2018-1-10T13-48-59,1515588539134,0.85365856,-0.024390243,0.4368932,0.85365856
2018-1-10T13-48-59,1515588539135,0.84390247,-0.024390243,0.44660193,0.84390247
2018-1-10T13-48-59,1515588539136,0.9317073,-0.014634146,0.46601942,0.9317073
2018-1-10T13-48-59,1515588539137,0.84390247,-0.014634146,0.46601942,0.84390247
2018-1-10T13-48-59,1515588539138,0.84390247,-0.034146342,0.44660193,0.84390247
2018-1-10T13-48-59,1515588539139,0.84390247,-0.004878049,0.4563107,0.84390247
2018-1-10T13-48-59,1515588539140,0.84390247,-0.024390243,0.44660193,0.84390247
2018-1-10T13-48-59,1515588539141,0.8341463,-0.024390243,0.46601942,0.8341463
2018-1-10T13-48-59,1515588539142,0.8341463,-0.10243902,0.4563107,0.8341463
2018-1-10T13-48-59,1515588539143,0.84390247,-0.024390243,0.44660193,0.84390247
2018-1-10T13-48-59,1515588539144,0.84390247,-0.024390243,0.4563107,0.84390247
2018-1-10T13-48-59,1515588539145,0.85365856,-0.024390243,0.4563107,0.85365856
2018-1-10T13-48-59,1515588539146,0.84390247,-0.024390243,0.44660193,0.84390247
2018-1-10T13-48-59,1515588539147,0.84390247,-0.024390243,0.4563107,0.84390247
2018-1-10T13-48-59,1515588539148,0.84390247,-0.024390243,0.44660193,0.84390247
2018-1-10T13-48-59,1515588539149,0.85365856,-0.014634146,0.44660193,0.85365856
2018-1-10T13-48-59,1515588539150,0.84390247,-0.034146342,0.44660193,0.84390247
2018-1-10T13-48-59,1515588539151,0.84390247,-0.024390243,0.42718446,0.84390247
2018-1-10T13-48-59,1515588539152,0.84390247,-0.024390243,0.44660193,0.84390247
2018-1-10T13-48-59,1515588539153,0.84390247,-0.014634146,0.39805827,0.84390247
2018-1-10T13-48-59,1515588539154,0.85365856,-0.024390243,0.4563107,0.85365856
2018-1-10T13-48-59,1515588539155,0.84390247,-0.034146342,0.44660193,0.84390247
2018-1-10T13-48-59,1515588539156,0.84390247,-0.024390243,0.44660193,0.84390247
2018-1-10T13-48-59,1515588539157,0.84390247,-0.024390243,0.44660193,0.84390247
2018-1-10T13-48-59,1515588539158,0.84390247,-0.024390243,0.44660193,0.84390247
2018-1-10T13-48-59,1515588539159,0.85365856,-0.034146342,0.4368932,0.85365856
2018-1-10T13-48-59,1515588539160,0.82439023,-0.024390243,0.44660193,0.82439023
2018-1-10T13-48-59,1515588539161,0.84390247,-0.024390243,0.36893204,0.84390247
2018-1-10T13-48-59,1515588539162,0.85365856,-0.024390243,0.44660193,0.85365856
2018-1-10T13-48-59,1515588539163,0.84390247,-0.014634146,0.4563107,0.84390247
2018-1-10T13-48-59,1515588539164,0.85365856,-0.024390243,0.44660193,0.85365856
2018-1-10T13-48-59,1515588539165,0.85365856,-0.024390243,0.44660193,0.85365856
2018-1-10T13-48-59,1515588539166,0.86341465,-0.06341463,0.4563107,0.86341465
2018-1-10T13-48-59,1515588539167,0.8341463,-0.024390243,0.39805827,0.8341463
2018-1-10T13-48-59,1515588539168,0.84390247,-0.024390243,0.44660193,0.84390247
2018-1-10T13-48-59,1515588539169,0.85365856,-0.034146342,0.4563107,0.85365856
2018-1-10T13-48-59,1515588539170,0.84390247,-0.024390243,0.44660193,0.84390247
2018-1-10T13-48-59,1515588539171,0.84390247,-0.06341463,0.4368932,0.84390247
2018-1-10T13-48-59,1515588539172,0.84390247,-0.034146342,0.4563107,0.84390247
2018-1-10T13-48-59,1515588539173,0.85365856,-0.024390243,0.4563107,0.85365856
2018-1-10T13-48-59,1515588539174,0.84390247,-0.024390243,0.44660193,0.84390247
2018-1-10T13-48-59,1515588539175,0.84390247,-0.024390243,0.42718446,0.84390247
2018-1-10T13-48-59,1515588539176,0.87317073,-0.024390243,0.44660193,0.87317073
2018-1-10T13-48-59,1515588539177,0.84390247,-0.024390243,0.4563107,0.84390247
2018-1-10T13-48-59,1515588539178,0.84390247,-0.024390243,0.44660193,0.84390247
2018-1-10T13-48-59,1515588539179,0.84390247,-0.034146342,0.44660193,0.84390247
2018-1-10T13-48-59,1515588539180,0.84390247,-0.034146342,0.44660193,0.84390247
2018-1-10T13-48-59,1515588539181,0.84390247,-0.043902438,0.44660193,0.84390247
2018-1-10T13-48-59,1515588539182,0.85365856,-0.024390243,0.44660193,0.85365856
2018-1-10T13-48-59,1515588539183,0.81463414,-0.034146342,0.4563107,0.81463414
2018-1-10T13-48-59,1515588539184,0.77560973,-0.024390243,0.44660193,0.77560973
2018-1-10T13-48-59,1515588539185,0.85365856,-0.024390243,0.4563107,0.85365856
2018-1-10T13-48-59,1515588539186,0.84390247,-0.024390243,0.4563107,0.84390247
2018-1-10T13-48-59,1515588539187,0.87317073,-0.024390243,0.46601942,0.87317073
2018-1-10T13-48-59,1515588539188,0.82439023,-0.024390243,0.4563107,0.82439023
2018-1-10T13-48-59,1515588539189,0.8341463,-0.043902438,0.4563107,0.8341463
2018-1-10T13-48-59,1515588539190,0.84390247,-0.053658538,0.46601942,0.84390247
2018-1-10T13-48-59,1515588539191,0.84390247,-0.053658538,0.42718446,0.84390247
2018-1-10T13-48-59,1515588539192,0.84390247,-0.043902438,0.47572815,0.84390247
2018-1-10T13-48-59,1515588539193,0.85365856,-0.024390243,0.46601942,0.85365856
2018-1-10T13-48-59,1515588539194,0.92195123,-0.024390243,0.46601942,0.92195123
2018-1-10T13-48-59,1515588539195,0.85365856,-0.024390243,0.46601942,0.85365856
2018-1-10T13-48-59,1515588539196,0.85365856,-0.024390243,0.4563107,0.85365856
2018-1-10T13-48-59,1515588539197,0.85365856,-0.034146342,0.4854369,0.85365856
2018-1-10T13-48-59,1515588539198,0.85365856,-0.043902438,0.5145631,0.85365856
2018-1-10T13-48-59,1515588539199,0.84390247,-0.053658538,0.47572815,0.84390247
2018-1-10T13-48-59,1515588539200,0.8341463,-0.024390243,0.47572815,0.8341463
2018-1-10T13-48-59,1515588539201,0.85365856,-0.043902438,0.46601942,0.85365856
2018-1-10T13-48-59,1515588539202,0.84390247,-0.024390243,0.4563107,0.84390247
2018-1-10T13-48-59,1515588539203,0.9317073,0.024390243,0.37864077,0.9317073
2018-1-10T13-48-59,1515588539204,0.9414634,0.17073171,0.2524272,0.9414634
2018-1-10T13-48-59,1515588539205,0.8926829,0.27804878,0.2524272,0.8926829
2018-1-10T13-48-59,1515588539206,0.8341463,0.2682927,0.3883495,0.8341463
2018-1-10T13-48-59,1515588539207,0.80487806,0.2195122,0.4854369,0.80487806
2018-1-10T13-48-59,1515588539208,0.81463414,0.1609756,0.37864077,0.81463414
2018-1-10T13-48-59,1515588539209,0.79512197,0.09268293,0.32038835,0.79512197
2018-1-10T13-48-59,1515588539210,0.80487806,0.07317073,0.44660193,0.80487806
2018-1-10T13-48-59,1515588539211,0.80487806,-0.024390243,0.5436893,0.80487806
2018-1-10T13-48-59,1515588539212,0.82439023,-0.014634146,0.5145631,0.82439023
2018-1-10T13-48-59,1515588539213,0.84390247,-0.034146342,0.41747573,0.84390247
2018-1-10T13-48-59,1515588539214,0.8341463,-0.06341463,0.44660193,0.8341463
2018-1-10T13-48-59,1515588539215,0.81463414,-0.14146341,0.5145631,0.81463414
2018-1-10T13-48-59,1515588539216,0.81463414,-0.10243902,0.49514562,0.81463414
2018-1-10T13-48-59,1515588539217,0.84390247,-0.08292683,0.4563107,0.84390247
2018-1-10T13-48-59,1515588539218,0.85365856,-0.053658538,0.4368932,0.85365856
2018-1-10T13-48-59,1515588539219,0.9317073,-0.034146342,0.4368932,0.9317073
2018-1-10T13-48-59,1515588539220,0.87317073,-0.043902438,0.44660193,0.87317073
2018-1-10T13-48-59,1515588539221,0.8829268,-0.004878049,0.4854369,0.8829268
2018-1-10T13-48-59,1515588539222,0.8829268,-0.014634146,0.4563107,0.8829268
2018-1-10T13-48-59,1515588539223,0.902439,-0.043902438,0.42718446,0.902439
2018-1-10T13-48-59,1515588539224,0.8341463,-0.09268293,0.46601942,0.8341463
2018-1-10T13-48-59,1515588539225,0.8341463,-0.12195122,0.49514562,0.8341463
2018-1-10T13-48-59,1515588539226,0.82439023,-0.08292683,0.5631068,0.82439023
2018-1-10T13-48-59,1515588539227,0.8341463,-0.1609756,0.4854369,0.8341463
2018-1-10T13-48-59,1515588539228,0.81463414,-0.09268293,0.44660193,0.81463414
2018-1-10T13-48-59,1515588539229,0.81463414,-0.09268293,0.44660193,0.81463414
2018-1-10T13-48-59,1515588539230,0.7853659,-0.06341463,0.4368932,0.7853659
2018-1-10T13-48-59,1515588539231,0.84390247,-0.034146342,0.37864077,0.84390247
2018-1-10T13-48-59,1515588539232,0.902439,-0.014634146,0.41747573,0.902439
2018-1-10T13-48-59,1515588539233,0.86341465,0.053658538,0.4563107,0.86341465
2018-1-10T13-48-59,1515588539234,0.86341465,-0.024390243,0.46601942,0.86341465
2018-1-10T13-48-59,1515588539235,0.87317073,-0.034146342,0.46601942,0.87317073
2018-1-10T13-48-59,1515588539236,0.86341465,-0.004878049,0.4563107,0.86341465
2018-1-10T13-48-59,1515588539237,0.86341465,-0.014634146,0.4563107,0.86341465
2018-1-10T13-48-59,1515588539238,0.86341465,-0.014634146,0.4563107,0.86341465
2018-1-10T13-48-59,1515588539239,0.84390247,0.004878049,0.4563107,0.84390247
2018-1-10T13-48-59,1515588539240,0.84390247,-0.004878049,0.44660193,0.84390247
2018-1-10T13-48-59,1515588539241,0.82439023,0.004878049,0.4368932,0.82439023
2018-1-10T13-48-59,1515588539242,0.82439023,-0.014634146,0.4368932,0.82439023
2018-1-10T13-48-59,1515588539243,0.79512197,-0.034146342,0.44660193,0.79512197
2018-1-10T13-48-59,1515588539244,0.84390247,-0.014634146,0.44660193,0.84390247
2018-1-10T13-48-59,1515588539245,0.84390247,-0.014634146,0.4563107,0.84390247
2018-1-10T13-48-59,1515588539246,0.8341463,-0.024390243,0.4368932,0.8341463
2018-1-10T13-48-59,1515588539247,0.9317073,-0.014634146,0.4563107,0.9317073
2018-1-10T13-48-59,1515588539248,0.85365856,-0.024390243,0.4368932,0.85365856
2018-1-10T13-48-59,1515588539249,0.86341465,-0.034146342,0.407767,0.86341465
2018-1-10T13-48-59,1515588539250,0.85365856,-0.053658538,0.4368932,0.85365856
2018-1-10T13-48-59,1515588539251,0.8341463,-0.09268293,0.44660193,0.8341463
2018-1-10T13-48-59,1515588539252,0.8341463,-0.10243902,0.47572815,0.8341463
2018-1-10T13-48-59,1515588539253,0.84390247,-0.12195122,0.47572815,0.84390247
2018-1-10T13-48-59,1515588539254,0.8341463,-0.11219512,0.4563107,0.8341463
2018-1-10T13-48-59,1515588539255,0.85365856,-0.09268293,0.46601942,0.85365856
2018-1-10T13-48-59,1515588539256,0.86341465,-0.07317073,0.49514562,0.86341465
2018-1-10T13-48-59,1515588539257,0.87317073,-0.053658538,0.4854369,0.87317073
2018-1-10T13-48-59,1515588539258,0.8829268,-0.043902438,0.46601942,0.8829268
2018-1-10T13-48-59,1515588539259,0.8829268,-0.024390243,0.44660193,0.8829268
2018-1-10T13-48-59,1515588539260,0.82439023,-0.034146342,0.4854369,0.82439023
2018-1-10T13-48-59,1515588539261,0.8926829,-0.043902438,0.4854369,0.8926829
2018-1-10T13-48-59,1515588539262,0.8341463,-0.024390243,0.46601942,0.8341463
2018-1-10T13-48-59,1515588539263,0.8341463,-0.043902438,0.42718446,0.8341463
2018-1-10T13-48-59,1515588539264,0.82439023,-0.014634146,0.4368932,0.82439023
2018-1-10T13-48-59,1515588539265,0.81463414,-0.024390243,0.4563107,0.81463414
2018-1-10T13-48-59,1515588539266,0.80487806,-0.014634146,0.44660193,0.80487806
2018-1-10T13-48-59,1515588539267,0.82439023,-0.004878049,0.42718446,0.82439023
2018-1-10T13-48-59,1515588539268,0.8341463,-0.004878049,0.407767,0.8341463
2018-1-10T13-48-59,1515588539269,0.8341463,0.12195122,0.4368932,0.8341463
2018-1-10T13-48-59,1515588539270,0.8341463,-0.014634146,0.4563107,0.8341463
2018-1-10T13-48-59,1515588539271,0.85365856,-0.024390243,0.4854369,0.85365856
2018-1-10T13-48-59,1515588539272,0.8341463,-0.014634146,0.44660193,0.8341463
2018-1-10T13-48-59,1515588539273,0.86341465,-0.014634146,0.4368932,0.86341465
2018-1-10T13-48-59,1515588539274,0.86341465,-0.014634146,0.4368932,0.86341465
2018-1-10T13-48-59,1515588539275,0.86341465,-0.034146342,0.42718446,0.86341465
2018-1-10T13-48-59,1515588539276,0.85365856,0.38536584,0.44660193,0.85365856
2018-1-10T13-48-59,1515588539277,0.85365856,-0.043902438,0.44660193,0.85365856
2018-1-10T13-48-59,1515588539278,0.86341465,-0.06341463,0.46601942,0.86341465
2018-1-10T13-48-59,1515588539279,0.85365856,-0.043902438,0.4854369,0.85365856
2018-1-10T13-48-59,1515588539280,0.86341465,-0.053658538,0.4368932,0.86341465
2018-1-10T13-48-59,1515588539281,0.85365856,-0.053658538,0.4563107,0.85365856
2018-1-10T13-48-59,1515588539282,0.85365856,-0.043902438,0.4563107,0.85365856
2018-1-10T13-48-59,1515588539283,0.86341465,-0.034146342,0.4563107,0.86341465
2018-1-10T13-48-59,1515588539284,0.85365856,-0.034146342,0.4563107,0.85365856
2018-1-10T13-48-59,1515588539285,0.85365856,-0.024390243,0.44660193,0.85365856
2018-1-10T13-48-59,1515588539286,0.84390247,-0.014634146,0.41747573,0.84390247
2018-1-10T13-48-59,1515588539287,0.84390247,-0.024390243,0.44660193,0.84390247
2018-1-10T13-48-59,1515588539288,0.82439023,-0.024390243,0.44660193,0.82439023
2018-1-10T13-48-59,1515588539289,0.8341463,-0.004878049,0.41747573,0.8341463
2018-1-10T13-48-59,1515588539290,0.8341463,0.004878049,0.4368932,0.8341463
2018-1-10T13-48-59,1515588539291,0.8341463,0.014634146,0.41747573,0.8341463
2018-1-10T13-48-59,1515588539292,0.85365856,0.004878049,0.44660193,0.85365856
2018-1-10T13-48-59,1515588539293,0.8341463,0.004878049,0.41747573,0.8341463
2018-1-10T13-48-59,1515588539294,0.85365856,0.004878049,0.44660193,0.85365856
2018-1-10T13-48-59,1515588539295,0.84390247,-0.014634146,0.4563107,0.84390247
2018-1-10T13-48-59,1515588539296,0.84390247,-0.024390243,0.46601942,0.84390247
2018-1-10T13-48-59,1515588539297,0.84390247,-0.024390243,0.3883495,0.84390247
2018-1-10T13-48-59,1515588539298,0.84390247,0.034146342,0.42718446,0.84390247
2018-1-10T13-48-59,1515588539299,0.86341465,-0.014634146,0.44660193,0.86341465
2018-1-10T13-48-59,1515588539300,0.8829268,-0.014634146,0.44660193,0.8829268
2018-1-10T13-48-59,1515588539301,0.86341465,-0.014634146,0.46601942,0.86341465
2018-1-10T13-48-59,1515588539302,0.86341465,-0.034146342,0.44660193,0.86341465
2018-1-10T13-48-59,1515588539303,0.86341465,-0.034146342,0.42718446,0.86341465
2018-1-10T13-48-59,1515588539304,0.85365856,-0.034146342,0.44660193,0.85365856
2018-1-10T13-48-59,1515588539305,0.86341465,-0.043902438,0.44660193,0.86341465
2018-1-10T13-48-59,1515588539306,0.84390247,-0.053658538,0.4563107,0.84390247
2018-1-10T13-48-59,1515588539307,0.85365856,-0.034146342,0.44660193,0.85365856
2018-1-10T13-48-59,1515588539308,0.8341463,-0.053658538,0.44660193,0.8341463
2018-1-10T13-48-59,1515588539309,0.84390247,-0.014634146,0.4563107,0.84390247
2018-1-10T13-48-59,1515588539310,0.84390247,-0.034146342,0.44660193,0.84390247
2018-1-10T13-48-59,1515588539311,0.8341463,-0.024390243,0.42718446,0.8341463
2018-1-10T13-48-59,1515588539312,0.82439023,-0.08292683,0.41747573,0.82439023
2018-1-10T13-48-59,1515588539313,0.8341463,-0.014634146,0.42718446,0.8341463
2018-1-10T13-48-59,1515588539314,0.82439023,-0.024390243,0.407767,0.82439023
2018-1-10T13-48-59,1515588539315,0.84390247,-0.034146342,0.44660193,0.84390247
2018-1-10T13-48-59,1515588539316,0.82439023,-0.034146342,0.4368932,0.82439023
2018-1-10T13-48-59,1515588539317,0.7853659,-0.024390243,0.4368932,0.7853659
2018-1-10T13-48-59,1515588539318,0.84390247,-0.004878049,0.4368932,0.84390247
2018-1-10T13-48-59,1515588539319,0.84390247,-0.014634146,0.4563107,0.84390247
2018-1-10T13-48-59,1515588539320,0.86341465,-0.004878049,0.4563107,0.86341465
2018-1-10T13-48-59,1515588539321,0.86341465,-0.014634146,0.44660193,0.86341465
2018-1-10T13-48-59,1515588539322,0.86341465,-0.043902438,0.44660193,0.86341465
2018-1-10T13-48-59,1515588539323,0.85365856,-0.014634146,0.4563107,0.85365856
2018-1-10T13-48-59,1515588539324,0.85365856,0.024390243,0.4563107,0.85365856
2018-1-10T13-48-59,1515588539325,0.85365856,-0.034146342,0.4563107,0.85365856
2018-1-10T13-48-59,1515588539326,0.84390247,-0.034146342,0.4368932,0.84390247
2018-1-10T13-48-59,1515588539327,0.84390247,-0.034146342,0.44660193,0.84390247
2018-1-10T13-48-59,1515588539328,0.85365856,-0.034146342,0.46601942,0.85365856
2018-1-10T13-48-59,1515588539329,0.8341463,-0.034146342,0.4563107,0.8341463
2018-1-10T13-48-59,1515588539330,0.82439023,-0.034146342,0.44660193,0.82439023
2018-1-10T13-48-59,1515588539331,0.84390247,-0.024390243,0.52427185,0.84390247
2018-1-10T13-48-59,1515588539332,0.85365856,-0.043902438,0.47572815,0.85365856
2018-1-10T13-48-59,1515588539333,0.85365856,-0.024390243,0.4854369,0.85365856
2018-1-10T13-48-59,1515588539334,0.85365856,-0.024390243,0.46601942,0.85365856
2018-1-10T13-48-59,1515588539335,0.86341465,-0.024390243,0.4563107,0.86341465
2018-1-10T13-48-59,1515588539336,0.84390247,-0.014634146,0.44660193,0.84390247
2018-1-10T13-48-59,1515588539337,0.84390247,-0.043902438,0.4368932,0.84390247
2018-1-10T13-48-59,1515588539338,0.8341463,-0.014634146,0.4368932,0.8341463
2018-1-10T13-48-59,1515588539339,0.82439023,-0.034146342,0.4368932,0.82439023
2018-1-10T13-48-59,1515588539340,0.82439023,-0.034146342,0.4368932,0.82439023
2018-1-10T13-48-59,1515588539341,0.81463414,-0.034146342,0.44660193,0.81463414
2018-1-10T13-48-59,1515588539342,0.84390247,-0.034146342,0.4854369,0.84390247
2018-1-10T13-48-59,1515588539343,0.8341463,0.053658538,0.44660193,0.8341463
2018-1-10T13-48-59,1515588539344,0.84390247,-0.024390243,0.44660193,0.84390247
2018-1-10T13-48-59,1515588539345,0.85365856,-0.014634146,0.47572815,0.85365856
2018-1-10T13-48-59,1515588539346,0.86341465,0.004878049,0.5048544,0.86341465
2018-1-10T13-48-59,1515588539347,0.8829268,-0.004878049,0.4563107,0.8829268
2018-1-10T13-48-59,1515588539348,0.87317073,0.004878049,0.46601942,0.87317073
2018-1-10T13-48-59,1515588539349,0.86341465,0.014634146,0.46601942,0.86341465
2018-1-10T13-48-59,1515588539350,0.87317073,-0.004878049,0.4563107,0.87317073
2018-1-10T13-48-59,1515588539351,0.86341465,-0.004878049,0.4563107,0.86341465
2018-1-10T13-48-59,1515588539352,0.84390247,-0.053658538,0.4563107,0.84390247
2018-1-10T13-48-59,1515588539353,0.84390247,-0.034146342,0.44660193,0.84390247
2018-1-10T13-48-59,1515588539354,0.8341463,-0.043902438,0.44660193,0.8341463
2018-1-10T13-48-59,1515588539355,0.82439023,-0.024390243,0.46601942,0.82439023
2018-1-10T13-48-59,1515588539356,0.8341463,-0.024390243,0.44660193,0.8341463
2018-1-10T13-48-59,1515588539357,0.8341463,-0.034146342,0.4563107,0.8341463
2018-1-10T13-48-59,1515588539358,0.85365856,-0.034146342,0.46601942,0.85365856
2018-1-10T13-48-59,1515588539359,0.86341465,-0.024390243,0.4563107,0.86341465
2018-1-10T13-48-59,1515588539360,0.85365856,-0.014634146,0.4563107,0.85365856
2018-1-10T13-48-59,1515588539361,0.8341463,-0.014634146,0.46601942,0.8341463
2018-1-10T13-48-59,1515588539362,0.85365856,-0.034146342,0.4563107,0.85365856
2018-1-10T13-48-59,1515588539363,0.85365856,-0.034146342,0.44660193,0.85365856
2018-1-10T13-48-59,1515588539364,0.84390247,-0.014634146,0.42718446,0.84390247
2018-1-10T13-48-59,1515588539365,0.8341463,-0.004878049,0.44660193,0.8341463
2018-1-10T13-48-59,1515588539366,0.85365856,-0.034146342,0.42718446,0.85365856
2018-1-10T13-48-59,1515588539367,0.8341463,-0.053658538,0.42718446,0.8341463
2018-1-10T13-48-59,1515588539368,0.82439023,-0.043902438,0.44660193,0.82439023
2018-1-10T13-48-59,1515588539369,0.8341463,-0.034146342,0.4563107,0.8341463
2018-1-10T13-48-59,1515588539370,0.84390247,-0.034146342,0.44660193,0.84390247
2018-1-10T13-48-59,1515588539371,0.84390247,-0.024390243,0.46601942,0.84390247
2018-1-10T13-48-59,1515588539372,0.85365856,-0.014634146,0.46601942,0.85365856
2018-1-10T13-48-59,1515588539373,0.87317073,-0.014634146,0.5048544,0.87317073
2018-1-10T13-48-59,1515588539374,0.87317073,0.40487805,0.46601942,0.87317073
2018-1-10T13-48-59,1515588539375,0.85365856,-0.06341463,0.4368932,0.85365856
2018-1-10T13-48-59,1515588539376,0.85365856,-0.024390243,0.44660193,0.85365856
2018-1-10T13-48-59,1515588539377,0.85365856,-0.024390243,0.47572815,0.85365856
2018-1-10T13-48-59,1515588539378,0.84390247,-0.034146342,0.4563107,0.84390247
2018-1-10T13-48-59,1515588539379,0.87317073,-0.043902438,0.42718446,0.87317073
2018-1-10T13-48-59,1515588539380,0.85365856,-0.024390243,0.49514562,0.85365856
2018-1-10T13-48-59,1515588539381,0.86341465,-0.07317073,0.4563107,0.86341465
2018-1-10T13-48-59,1515588539382,0.84390247,-0.014634146,0.4563107,0.84390247
2018-1-10T13-48-59,1515588539383,0.84390247,-0.014634146,0.4563107,0.84390247
2018-1-10T13-48-59,1515588539384,0.85365856,-0.043902438,0.4368932,0.85365856
2018-1-10T13-48-59,1515588539385,0.85365856,-0.024390243,0.44660193,0.85365856
2018-1-10T13-48-59,1515588539386,0.84390247,-0.014634146,0.4563107,0.84390247
2018-1-10T13-48-59,1515588539387,0.84390247,-0.014634146,0.44660193,0.84390247
2018-1-10T13-48-59,1515588539388,0.84390247,-0.014634146,0.4368932,0.84390247
2018-1-10T13-48-59,1515588539389,0.84390247,-0.014634146,0.407767,0.84390247
2018-1-10T13-48-59,1515588539390,0.902439,-0.004878049,0.42718446,0.902439
2018-1-10T13-48-59,1515588539391,0.80487806,-0.004878049,0.4368932,0.80487806
2018-1-10T13-48-59,1515588539392,0.85365856,-0.06341463,0.4368932,0.85365856
2018-1-10T13-48-59,1515588539393,0.85365856,-0.004878049,0.42718446,0.85365856
2018-1-10T13-48-59,1515588539394,0.87317073,-0.004878049,0.4368932,0.87317073
2018-1-10T13-48-59,1515588539395,0.84390247,-0.024390243,0.4563107,0.84390247
2018-1-10T13-48-59,1515588539396,0.86341465,-0.043902438,0.42718446,0.86341465
2018-1-10T13-48-59,1515588539397,0.84390247,-0.024390243,0.41747573,0.84390247
2018-1-10T13-48-59,1515588539398,0.8341463,-0.024390243,0.4563107,0.8341463
2018-1-10T13-48-59,1515588539399,0.8341463,-0.07317073,0.44660193,0.8341463
2018-1-10T13-48-59,1515588539400,0.85365856,-0.034146342,0.44660193,0.85365856
2018-1-10T13-48-59,1515588539401,0.84390247,-0.034146342,0.44660193,0.84390247
2018-1-10T13-48-59,1515588539402,0.80487806,-0.034146342,0.4563107,0.80487806
2018-1-10T13-48-59,1515588539403,0.84390247,-0.10243902,0.4563107,0.84390247
2018-1-10T13-48-59,1515588539404,0.8341463,-0.043902438,0.44660193,0.8341463
2018-1-10T13-48-59,1515588539405,0.84390247,-0.034146342,0.46601942,0.84390247
2018-1-10T13-48-59,1515588539406,0.84390247,-0.034146342,0.3883495,0.84390247
2018-1-10T13-48-59,1515588539407,0.9512195,-0.034146342,0.44660193,0.9512195
2018-1-10T13-48-59,1515588539408,0.85365856,-0.024390243,0.44660193,0.85365856
2018-1-10T13-48-59,1515588539409,0.86341465,-0.014634146,0.46601942,0.86341465
2018-1-10T13-48-59,1515588539410,0.85365856,-0.024390243,0.4563107,0.85365856
2018-1-10T13-48-59,1515588539411,0.85365856,-0.034146342,0.4368932,0.85365856
2018-1-10T13-48-59,1515588539412,0.84390247,-0.024390243,0.46601942,0.84390247
2018-1-10T13-48-59,1515588539413,0.84390247,-0.034146342,0.4563107,0.84390247
2018-1-10T13-48-59,1515588539414,0.8341463,-0.024390243,0.46601942,0.8341463
2018-1-10T13-48-59,1515588539415,0.8341463,-0.034146342,0.4563107,0.8341463
2018-1-10T13-48-59,1515588539416,0.84390247,-0.004878049,0.44660193,0.84390247
2018-1-10T13-48-59,1515588539417,0.85365856,-0.004878049,0.44660193,0.85365856
2018-1-10T13-48-59,1515588539418,0.84390247,-0.004878049,0.4368932,0.84390247
2018-1-10T13-48-59,1515588539419,0.84390247,-0.014634146,0.42718446,0.84390247
2018-1-10T13-48-59,1515588539420,0.84390247,-0.004878049,0.407767,0.84390247
2018-1-10T13-48-59,1515588539421,0.8829268,-0.024390243,0.42718446,0.8829268
2018-1-10T13-48-59,1515588539422,0.77560973,-0.004878049,0.44660193,0.77560973
2018-1-10T13-48-59,1515588539423,0.82439023,-0.07317073,0.4563107,0.82439023
2018-1-10T13-48-59,1515588539424,0.84390247,-0.043902438,0.46601942,0.84390247
2018-1-10T13-48-59,1515588539425,0.8341463,-0.024390243,0.44660193,0.8341463
2018-1-10T13-48-59,1515588539426,0.85365856,-0.08292683,0.44660193,0.85365856
2018-1-10T13-48-59,1515588539427,0.85365856,-0.004878049,0.4854369,0.85365856
2018-1-10T13-48-59,1515588539428,0.86341465,0.004878049,0.44660193,0.86341465
2018-1-10T13-48-59,1515588539429,0.86341465,0.014634146,0.4563107,0.86341465
2018-1-10T13-48-59,1515588539430,0.85365856,-0.004878049,0.44660193,0.85365856
2018-1-10T13-48-59,1515588539431,0.87317073,-0.043902438,0.44660193,0.87317073
2018-1-10T13-48-59,1515588539432,0.86341465,-0.014634146,0.44660193,0.86341465
2018-1-10T13-48-59,1515588539433,0.85365856,-0.024390243,0.4563107,0.85365856
2018-1-10T13-48-59,1515588539434,0.85365856,-0.014634146,0.4368932,0.85365856
2018-1-10T13-48-59,1515588539435,0.82439023,-0.014634146,0.41747573,0.82439023
2018-1-10T13-48-59,1515588539436,0.8341463,-0.034146342,0.42718446,0.8341463
2018-1-10T13-48-59,1515588539437,0.85365856,-0.034146342,0.44660193,0.85365856
2018-1-10T13-48-59,1515588539438,0.82439023,-0.034146342,0.46601942,0.82439023
2018-1-10T13-48-59,1515588539439,0.84390247,-0.024390243,0.46601942,0.84390247
2018-1-10T13-48-59,1515588539440,0.84390247,-0.024390243,0.46601942,0.84390247
2018-1-10T13-48-59,1515588539441,0.84390247,-0.014634146,0.42718446,0.84390247
2018-1-10T13-48-59,1515588539442,0.86341465,-0.014634146,0.4368932,0.86341465
2018-1-10T13-48-59,1515588539443,0.85365856,-0.004878049,0.44660193,0.85365856
2018-1-10T13-48-59,1515588539444,0.85365856,-0.014634146,0.44660193,0.85365856
2018-1-10T13-48-59,1515588539445,0.84390247,-0.024390243,0.4563107,0.84390247
2018-1-10T13-48-59,1515588539446,0.84390247,-0.024390243,0.44660193,0.84390247
2018-1-10T13-48-59,1515588539447,0.8341463,-0.043902438,0.4368932,0.8341463
2018-1-10T13-48-59,1515588539448,0.84390247,-0.004878049,0.4368932,0.84390247
2018-1-10T13-48-59,1515588539449,0.8341463,-0.034146342,0.4563107,0.8341463
2018-1-10T13-48-59,1515588539450,0.84390247,-0.034146342,0.44660193,0.84390247
2018-1-10T13-48-59,1515588539451,0.85365856,-0.024390243,0.4368932,0.85365856
2018-1-10T13-48-59,1515588539452,0.86341465,-0.034146342,0.49514562,0.86341465
2018-1-10T13-48-59,1515588539453,0.85365856,-0.014634146,0.4563107,0.85365856
2018-1-10T13-48-59,1515588539454,0.85365856,-0.014634146,0.4563107,0.85365856
2018-1-10T13-48-59,1515588539455,0.86341465,-0.004878049,0.44660193,0.86341465
2018-1-10T13-48-59,1515588539456,0.84390247,-0.004878049,0.4563107,0.84390247
2018-1-10T13-48-59,1515588539457,0.86341465,-0.014634146,0.4563107,0.86341465
2018-1-10T13-48-59,1515588539458,0.8341463,-0.004878049,0.4368932,0.8341463
2018-1-10T13-48-59,1515588539459,0.8341463,-0.024390243,0.42718446,0.8341463
2018-1-10T13-48-59,1515588539460,0.85365856,-0.034146342,0.4368932,0.85365856
2018-1-10T13-48-59,1515588539461,0.82439023,-0.014634146,0.4563107,0.82439023
2018-1-10T13-48-59,1515588539462,0.8341463,-0.034146342,0.4563107,0.8341463
2018-1-10T13-48-59,1515588539463,0.84390247,-0.034146342,0.4563107,0.84390247
2018-1-10T13-48-59,1515588539464,0.85365856,-0.034146342,0.4563107,0.85365856
2018-1-10T13-48-59,1515588539465,0.85365856,-0.034146342,0.44660193,0.85365856
2018-1-10T13-48-59,1515588539466,0.85365856,-0.024390243,0.4563107,0.85365856
2018-1-10T13-48-59,1515588539467,0.86341465,-0.034146342,0.4563107,0.86341465
2018-1-10T13-48-59,1515588539468,0.84390247,-0.024390243,0.44660193,0.84390247
2018-1-10T13-48-59,1515588539469,0.86341465,-0.024390243,0.3883495,0.86341465
2018-1-10T13-48-59,1515588539470,0.85365856,-0.034146342,0.4563107,0.85365856
2018-1-10T13-48-59,1515588539471,0.85365856,-0.043902438,0.44660193,0.85365856
2018-1-10T13-48-59,1515588539472,0.85365856,-0.034146342,0.42718446,0.85365856
2018-1-10T13-48-59,1515588539473,0.85365856,0.004878049,0.4368932,0.85365856
2018-1-10T13-48-59,1515588539474,0.8341463,-0.034146342,0.4368932,0.8341463
2018-1-10T13-48-59,1515588539475,0.8341463,-0.034146342,0.44660193,0.8341463
2018-1-10T13-48-59,1515588539476,0.8341463,-0.024390243,0.44660193,0.8341463
2018-1-10T13-48-59,1515588539477,0.8829268,-0.014634146,0.4563107,0.8829268
2018-1-10T13-48-59,1515588539478,0.85365856,-0.004878049,0.4368932,0.85365856
2018-1-10T13-48-59,1515588539479,0.86341465,0.004878049,0.4368932,0.86341465
2018-1-10T13-48-59,1515588539480,0.86341465,0.014634146,0.46601942,0.86341465
2018-1-10T13-48-59,1515588539481,0.86341465,0.004878049,0.4563107,0.86341465
2018-1-10T13-48-59,1515588539482,0.84390247,-0.014634146,0.44660193,0.84390247
2018-1-10T13-48-59,1515588539483,0.8341463,-0.024390243,0.44660193,0.8341463
2018-1-10T13-48-59,1515588539484,0.8341463,-0.024390243,0.4368932,0.8341463
2018-1-10T13-48-59,1515588539485,0.82439023,-0.034146342,0.42718446,0.82439023
2018-1-10T13-48-59,1515588539486,0.8926829,-0.034146342,0.47572815,0.8926829
2018-1-10T13-48-59,1515588539487,0.8341463,-0.024390243,0.4368932,0.8341463
2018-1-10T13-48-59,1515588539488,0.8341463,-0.014634146,0.4368932,0.8341463
2018-1-10T13-48-59,1515588539489,0.86341465,-0.004878049,0.4563107,0.86341465
2018-1-10T13-48-59,1515588539490,0.86341465,0.004878049,0.46601942,0.86341465
2018-1-10T13-48-59,1515588539491,0.86341465,-0.004878049,0.407767,0.86341465
2018-1-10T13-48-59,1515588539492,0.86341465,-0.014634146,0.4563107,0.86341465
2018-1-10T13-48-59,1515588539493,0.86341465,-0.024390243,0.46601942,0.86341465
2018-1-10T13-48-59,1515588539494,0.87317073,-0.024390243,0.44660193,0.87317073
2018-1-10T13-48-59,1515588539495,0.84390247,-0.034146342,0.44660193,0.84390247
2018-1-10T13-48-59,1515588539496,0.84390247,-0.034146342,0.4563107,0.84390247
2018-1-10T13-48-59,1515588539497,0.84390247,-0.053658538,0.44660193,0.84390247
2018-1-10T13-48-59,1515588539498,0.8341463,-0.043902438,0.4563107,0.8341463
2018-1-10T13-48-59,1515588539499,0.8341463,-0.034146342,0.44660193,0.8341463
2018-1-10T13-48-59,1515588539500,0.84390247,-0.034146342,0.44660193,0.84390247
2018-1-10T13-48-59,1515588539501,0.84390247,-0.034146342,0.46601942,0.84390247
2018-1-10T13-48-59,1515588539502,0.84390247,-0.034146342,0.4368932,0.84390247
2018-1-10T13-48-59,1515588539503,0.85365856,-0.014634146,0.39805827,0.85365856
2018-1-10T13-48-59,1515588539504,0.8341463,-0.024390243,0.44660193,0.8341463
2018-1-10T13-48-59,1515588539505,0.8341463,-0.024390243,0.44660193,0.8341463
2018-1-10T13-48-59,1515588539506,0.8341463,-0.014634146,0.42718446,0.8341463
2018-1-10T13-48-59,1515588539507,0.84390247,-0.014634146,0.4368932,0.84390247
2018-1-10T13-48-59,1515588539508,0.8341463,0.004878049,0.44660193,0.8341463
2018-1-10T13-48-59,1515588539509,0.81463414,-0.004878049,0.4368932,0.81463414
2018-1-10T13-48-59,1515588539510,0.85365856,-0.024390243,0.42718446,0.85365856
2018-1-10T13-48-59,1515588539511,0.84390247,-0.004878049,0.4368932,0.84390247
2018-1-10T13-48-59,1515588539512,0.84390247,-0.024390243,0.46601942,0.84390247
2018-1-10T13-48-59,1515588539513,0.84390247,-0.024390243,0.4563107,0.84390247
2018-1-10T13-48-59,1515588539514,0.84390247,-0.043902438,0.44660193,0.84390247
2018-1-10T13-48-59,1515588539515,0.84390247,-0.034146342,0.4368932,0.84390247
2018-1-10T13-48-59,1515588539516,0.85365856,-0.024390243,0.4563107,0.85365856
2018-1-10T13-48-59,1515588539517,0.8341463,-0.034146342,0.4563107,0.8341463
2018-1-10T13-48-59,1515588539518,0.8341463,-0.034146342,0.4563107,0.8341463
2018-1-10T13-48-59,1515588539519,0.85365856,-0.034146342,0.4563107,0.85365856
2018-1-10T13-48-59,1515588539520,0.86341465,-0.024390243,0.44660193,0.86341465
2018-1-10T13-48-59,1515588539521,0.85365856,-0.024390243,0.44660193,0.85365856
2018-1-10T13-48-59,1515588539522,0.87317073,-0.034146342,0.407767,0.87317073
2018-1-10T13-48-59,1515588539523,0.86341465,-0.034146342,0.4563107,0.86341465
2018-1-10T13-48-59,1515588539524,0.87317073,-0.034146342,0.4563107,0.87317073
2018-1-10T13-48-59,1515588539525,0.85365856,-0.043902438,0.4563107,0.85365856
2018-1-10T13-48-59,1515588539526,0.85365856,-0.014634146,0.4563107,0.85365856
2018-1-10T13-48-59,1515588539527,0.86341465,-0.024390243,0.4368932,0.86341465
2018-1-10T13-48-59,1515588539528,0.85365856,-0.024390243,0.42718446,0.85365856
2018-1-10T13-48-59,1515588539529,0.9317073,-0.014634146,0.4368932,0.9317073
2018-1-10T13-48-59,1515588539530,0.84390247,-0.034146342,0.4368932,0.84390247
2018-1-10T13-48-59,1515588539531,0.82439023,-0.024390243,0.407767,0.82439023
2018-1-10T13-48-59,1515588539532,0.84390247,-0.034146342,0.44660193,0.84390247
2018-1-10T13-48-59,1515588539533,0.84390247,-0.004878049,0.4368932,0.84390247
2018-1-10T13-48-59,1515588539534,0.84390247,-0.004878049,0.44660193,0.84390247
2018-1-10T13-48-59,1515588539535,0.85365856,0.014634146,0.44660193,0.85365856
2018-1-10T13-48-59,1515588539536,0.87317073,0.004878049,0.44660193,0.87317073
2018-1-10T13-48-59,1515588539537,0.86341465,-0.004878049,0.37864077,0.86341465
2018-1-10T13-48-59,1515588539538,0.84390247,-0.014634146,0.44660193,0.84390247
2018-1-10T13-48-59,1515588539539,0.85365856,-0.024390243,0.42718446,0.85365856
2018-1-10T13-48-59,1515588539540,0.8341463,-0.024390243,0.42718446,0.8341463
2018-1-10T13-48-59,1515588539541,0.82439023,-0.014634146,0.4368932,0.82439023
2018-1-10T13-48-59,1515588539542,0.82439023,-0.034146342,0.4368932,0.82439023
2018-1-10T13-48-59,1515588539543,0.8341463,-0.034146342,0.44660193,0.8341463
2018-1-10T13-48-59,1515588539544,0.8341463,-0.024390243,0.44660193,0.8341463
2018-1-10T13-48-59,1515588539545,0.85365856,-0.014634146,0.4368932,0.85365856
2018-1-10T13-48-59,1515588539546,0.84390247,-0.024390243,0.4368932,0.84390247
2018-1-10T13-48-59,1515588539547,0.84390247,-0.024390243,0.4563107,0.84390247
2018-1-10T13-48-59,1515588539548,0.85365856,-0.034146342,0.46601942,0.85365856
2018-1-10T13-48-59,1515588539549,0.85365856,-0.024390243,0.4563107,0.85365856
2018-1-10T13-48-59,1515588539550,0.84390247,-0.034146342,0.44660193,0.84390247
2018-1-10T13-48-59,1515588539551,0.86341465,-0.024390243,0.4368932,0.86341465
2018-1-10T13-48-59,1515588539552,0.85365856,-0.034146342,0.4368932,0.85365856
2018-1-10T13-48-59,1515588539553,0.85365856,-0.043902438,0.4563107,0.85365856
2018-1-10T13-48-59,1515588539554,0.8341463,-0.043902438,0.44660193,0.8341463
2018-1-10T13-48-59,1515588539555,0.8341463,-0.053658538,0.4563107,0.8341463
2018-1-10T13-48-59,1515588539556,0.82439023,-0.043902438,0.46601942,0.82439023
2018-1-10T13-48-59,1515588539557,0.84390247,-0.043902438,0.46601942,0.84390247
2018-1-10T13-48-59,1515588539558,0.84390247,-0.024390243,0.44660193,0.84390247
2018-1-10T13-48-59,1515588539559,0.86341465,0.014634146,0.4368932,0.86341465
2018-1-10T13-48-59,1515588539560,0.87317073,-0.004878049,0.4563107,0.87317073
2018-1-10T13-48-59,1515588539561,0.86341465,-0.014634146,0.4563107,0.86341465
2018-1-10T13-48-59,1515588539562,0.86341465,-0.014634146,0.44660193,0.86341465
2018-1-10T13-48-59,1515588539563,0.86341465,0.004878049,0.44660193,0.86341465
2018-1-10T13-48-59,1515588539564,0.85365856,-0.004878049,0.42718446,0.85365856
2018-1-10T13-48-59,1515588539565,0.84390247,-0.014634146,0.42718446,0.84390247
2018-1-10T13-48-59,1515588539566,0.81463414,-0.004878049,0.4368932,0.81463414
2018-1-10T13-48-59,1515588539567,0.85365856,-0.024390243,0.44660193,0.85365856
2018-1-10T13-48-59,1515588539568,0.82439023,-0.024390243,0.4563107,0.82439023
2018-1-10T13-48-59,1515588539569,0.82439023,-0.034146342,0.44660193,0.82439023
2018-1-10T13-48-59,1515588539570,0.8341463,-0.034146342,0.44660193,0.8341463
2018-1-10T13-48-59,1515588539571,0.85365856,-0.034146342,0.5145631,0.85365856
2018-1-10T13-48-59,1515588539572,0.85365856,-0.053658538,0.46601942,0.85365856
2018-1-10T13-48-59,1515588539573,0.85365856,-0.014634146,0.46601942,0.85365856
2018-1-10T13-48-59,1515588539574,0.86341465,-0.034146342,0.44660193,0.86341465
2018-1-10T13-48-59,1515588539575,0.85365856,-0.024390243,0.44660193,0.85365856
2018-1-10T13-48-59,1515588539576,0.84390247,0.024390243,0.44660193,0.84390247
2018-1-10T13-48-59,1515588539577,0.85365856,-0.014634146,0.4368932,0.85365856
2018-1-10T13-48-59,1515588539578,0.92195123,-0.034146342,0.42718446,0.92195123
2018-1-10T13-48-59,1515588539579,0.84390247,-0.053658538,0.44660193,0.84390247
2018-1-10T13-48-59,1515588539580,0.8341463,-0.053658538,0.44660193,0.8341463
2018-1-10T13-48-59,1515588539581,0.8341463,-0.053658538,0.44660193,0.8341463
2018-1-10T13-48-59,1515588539582,0.8341463,-0.053658538,0.4563107,0.8341463
2018-1-10T13-48-59,1515588539583,0.84390247,-0.043902438,0.4563107,0.84390247
2018-1-10T13-48-59,1515588539584,0.85365856,-0.024390243,0.46601942,0.85365856
2018-1-10T13-48-59,1515588539585,0.86341465,-0.024390243,0.4563107,0.86341465
2018-1-10T13-48-59,1515588539586,0.87317073,0.004878049,0.4563107,0.87317073
2018-1-10T13-48-59,1515588539587,0.87317073,0.004878049,0.46601942,0.87317073
2018-1-10T13-48-59,1515588539588,0.92195123,0.014634146,0.44660193,0.92195123
2018-1-10T13-48-59,1515588539589,0.87317073,0.004878049,0.4368932,0.87317073
2018-1-10T13-48-59,1515588539590,0.85365856,-0.014634146,0.4368932,0.85365856
2018-1-10T13-48-59,1515588539591,0.8341463,-0.07317073,0.4368932,0.8341463
2018-1-10T13-48-59,1515588539592,0.8341463,-0.034146342,0.42718446,0.8341463
2018-1-10T13-48-59,1515588539593,0.82439023,-0.034146342,0.37864077,0.82439023
2018-1-10T13-48-59,1515588539594,0.8341463,-0.034146342,0.44660193,0.8341463
2018-1-10T13-48-59,1515588539595,0.8341463,-0.004878049,0.44660193,0.8341463
2018-1-10T13-48-59,1515588539596,0.84390247,-0.024390243,0.46601942,0.84390247
2018-1-10T13-48-59,1515588539597,0.8926829,-0.014634146,0.4563107,0.8926829
2018-1-10T13-48-59,1515588539598,0.85365856,-0.004878049,0.44660193,0.85365856
2018-1-10T13-48-59,1515588539599,0.84390247,0.043902438,0.4368932,0.84390247
2018-1-10T13-48-59,1515588539600,0.86341465,-0.004878049,0.4368932,0.86341465
2018-1-10T13-48-59,1515588539601,0.85365856,-0.014634146,0.44660193,0.85365856
2018-1-10T13-48-59,1515588539602,0.85365856,-0.034146342,0.4368932,0.85365856
2018-1-10T13-48-59,1515588539603,0.8926829,-0.034146342,0.42718446,0.8926829
2018-1-10T13-48-59,1515588539604,0.84390247,-0.024390243,0.39805827,0.84390247
2018-1-10T13-48-59,1515588539605,0.86341465,-0.024390243,0.44660193,0.86341465
2018-1-10T13-48-59,1515588539606,0.85365856,-0.034146342,0.44660193,0.85365856
2018-1-10T13-48-59,1515588539607,0.87317073,-0.034146342,0.44660193,0.87317073
2018-1-10T13-48-59,1515588539608,0.84390247,-0.043902438,0.44660193,0.84390247
2018-1-10T13-48-59,1515588539609,0.84390247,-0.034146342,0.4563107,0.84390247
2018-1-10T13-48-59,1515588539610,0.82439023,-0.043902438,0.44660193,0.82439023
2018-1-10T13-48-59,1515588539611,0.8341463,-0.043902438,0.4563107,0.8341463
2018-1-10T13-48-59,1515588539612,0.85365856,-0.043902438,0.4563107,0.85365856
2018-1-10T13-48-59,1515588539613,0.85365856,-0.014634146,0.47572815,0.85365856
2018-1-10T13-48-59,1515588539614,0.84390247,-0.004878049,0.4368932,0.84390247
2018-1-10T13-48-59,1515588539615,0.86341465,-0.014634146,0.4368932,0.86341465
2018-1-10T13-48-59,1515588539616,0.8926829,0.004878049,0.42718446,0.8926829
2018-1-10T13-48-59,1515588539617,0.85365856,-0.014634146,0.42718446,0.85365856
2018-1-10T13-48-59,1515588539618,0.85365856,-0.014634146,0.44660193,0.85365856
2018-1-10T13-48-59,1515588539619,0.84390247,-0.004878049,0.44660193,0.84390247
2018-1-10T13-48-59,1515588539620,0.8926829,-0.014634146,0.4368932,0.8926829
2018-1-10T13-48-59,1515588539621,0.84390247,-0.004878049,0.4368932,0.84390247
2018-1-10T13-48-59,1515588539622,0.84390247,-0.014634146,0.44660193,0.84390247
2018-1-10T13-48-59,1515588539623,0.84390247,-0.024390243,0.44660193,0.84390247
2018-1-10T13-48-59,1515588539624,0.87317073,-0.014634146,0.4563107,0.87317073
2018-1-10T13-48-59,1515588539625,0.84390247,-0.034146342,0.44660193,0.84390247
2018-1-10T13-48-59,1515588539626,0.84390247,-0.014634146,0.4563107,0.84390247
2018-1-10T13-48-59,1515588539627,0.84390247,-0.014634146,0.42718446,0.84390247
2018-1-10T13-48-59,1515588539628,0.84390247,-0.024390243,0.4563107,0.84390247
2018-1-10T13-48-59,1515588539629,0.84390247,-0.034146342,0.44660193,0.84390247
2018-1-10T13-48-59,1515588539630,0.86341465,-0.024390243,0.44660193,0.86341465
2018-1-10T13-48-59,1515588539631,0.86341465,-0.004878049,0.44660193,0.86341465
2018-1-10T13-48-59,1515588539632,0.86341465,-0.024390243,0.4563107,0.86341465
2018-1-10T13-48-59,1515588539633,0.8341463,-0.034146342,0.46601942,0.8341463
2018-1-10T13-48-59,1515588539634,0.84390247,-0.043902438,0.4368932,0.84390247
2018-1-10T13-48-59,1515588539635,0.84390247,-0.053658538,0.4368932,0.84390247
2018-1-10T13-48-59,1515588539636,0.8341463,-0.043902438,0.4563107,0.8341463
2018-1-10T13-48-59,1515588539637,0.84390247,-0.053658538,0.44660193,0.84390247
2018-1-10T13-48-59,1515588539638,0.8341463,-0.053658538,0.46601942,0.8341463
2018-1-10T13-48-59,1515588539639,0.85365856,-0.043902438,0.4563107,0.85365856
2018-1-10T13-48-59,1515588539640,0.85365856,-0.024390243,0.46601942,0.85365856
2018-1-10T13-48-59,1515588539641,0.80487806,-0.024390243,0.4563107,0.80487806
2018-1-10T13-48-59,1515588539642,0.87317073,-0.034146342,0.44660193,0.87317073
2018-1-10T13-48-59,1515588539643,0.85365856,-0.024390243,0.4368932,0.85365856
2018-1-10T13-48-59,1515588539644,0.87317073,0.004878049,0.44660193,0.87317073
2018-1-10T13-48-59,1515588539645,0.85365856,-0.004878049,0.407767,0.85365856
2018-1-10T13-48-59,1515588539646,0.8829268,-0.024390243,0.4368932,0.8829268
2018-1-10T13-48-59,1515588539647,0.8341463,-0.024390243,0.4368932,0.8341463
2018-1-10T13-48-59,1515588539648,0.82439023,-0.034146342,0.44660193,0.82439023
2018-1-10T13-48-59,1515588539649,0.8341463,-0.024390243,0.41747573,0.8341463
2018-1-10T13-48-59,1515588539650,0.8341463,-0.034146342,0.42718446,0.8341463
2018-1-10T13-48-59,1515588539651,0.82439023,-0.014634146,0.4563107,0.82439023
2018-1-10T13-48-59,1515588539652,0.8341463,-0.014634146,0.4563107,0.8341463
2018-1-10T13-48-59,1515588539653,0.8341463,-0.014634146,0.44660193,0.8341463
2018-1-10T13-48-59,1515588539654,0.84390247,-0.034146342,0.44660193,0.84390247
2018-1-10T13-48-59,1515588539655,0.85365856,-0.014634146,0.4563107,0.85365856
2018-1-10T13-48-59,1515588539656,0.84390247,-0.014634146,0.47572815,0.84390247
2018-1-10T13-48-59,1515588539657,0.87317073,-0.014634146,0.46601942,0.87317073
2018-1-10T13-48-59,1515588539658,0.91219515,0.004878049,0.44660193,0.91219515
2018-1-10T13-48-59,1515588539659,0.87317073,-0.004878049,0.44660193,0.87317073
2018-1-10T13-48-59,1515588539660,0.85365856,-0.014634146,0.4368932,0.85365856
2018-1-10T13-48-59,1515588539661,0.84390247,-0.024390243,0.4563107,0.84390247
2018-1-10T13-48-59,1515588539662,0.8341463,-0.043902438,0.46601942,0.8341463
2018-1-10T13-48-59,1515588539663,0.8341463,-0.043902438,0.44660193,0.8341463
2018-1-10T13-48-59,1515588539664,0.8341463,-0.043902438,0.44660193,0.8341463
2018-1-10T13-48-59,1515588539665,0.85365856,-0.053658538,0.44660193,0.85365856
2018-1-10T13-48-59,1515588539666,0.32682925,-0.024390243,0.44660193,0.32682925
2018-1-10T13-48-59,1515588539667,0.86341465,-0.004878049,0.4563107,0.86341465
2018-1-10T13-48-59,1515588539668,0.85365856,-0.014634146,0.47572815,0.85365856
2018-1-10T13-48-59,1515588539669,0.86341465,-0.004878049,0.46601942,0.86341465
2018-1-10T13-48-59,1515588539670,0.86341465,0.004878049,0.4563107,0.86341465
2018-1-10T13-48-59,1515588539671,0.79512197,-0.004878049,0.4368932,0.79512197
2018-1-10T13-48-59,1515588539672,0.85365856,-0.12195122,0.4368932,0.85365856
2018-1-10T13-48-59,1515588539673,0.84390247,-0.024390243,0.42718446,0.84390247
2018-1-10T13-48-59,1515588539674,0.8341463,-0.024390243,0.44660193,0.8341463
2018-1-10T13-48-59,1515588539675,0.82439023,-0.024390243,0.41747573,0.82439023
2018-1-10T13-48-59,1515588539676,0.8341463,-0.024390243,0.4563107,0.8341463
2018-1-10T13-48-59,1515588539677,0.82439023,-0.024390243,0.4563107,0.82439023
2018-1-10T13-48-59,1515588539678,0.84390247,-0.014634146,0.4563107,0.84390247
2018-1-10T13-48-59,1515588539679,0.85365856,-0.004878049,0.4563107,0.85365856
2018-1-10T13-48-59,1515588539680,0.87317073,-0.043902438,0.46601942,0.87317073
2018-1-10T13-48-59,1515588539681,0.86341465,-0.014634146,0.46601942,0.86341465
2018-1-10T13-48-59,1515588539682,0.85365856,-0.024390243,0.4563107,0.85365856
2018-1-10T13-48-59,1515588539683,0.86341465,-0.024390243,0.4368932,0.86341465
2018-1-10T13-48-59,1515588539684,0.8341463,-0.014634146,0.44660193,0.8341463
2018-1-10T13-48-59,1515588539685,0.8341463,-0.034146342,0.46601942,0.8341463
2018-1-10T13-48-59,1515588539686,0.8341463,-0.034146342,0.4368932,0.8341463
2018-1-10T13-48-59,1515588539687,0.82439023,-0.034146342,0.42718446,0.82439023
2018-1-10T13-48-59,1515588539688,0.84390247,-0.053658538,0.42718446,0.84390247
2018-1-10T13-48-59,1515588539689,0.8341463,-0.053658538,0.4563107,0.8341463
2018-1-10T13-48-59,1515588539690,0.84390247,-0.043902438,0.46601942,0.84390247
2018-1-10T13-48-59,1515588539691,0.85365856,-0.034146342,0.46601942,0.85365856
2018-1-10T13-48-59,1515588539692,0.87317073,-0.024390243,0.44660193,0.87317073
2018-1-10T13-48-59,1515588539693,0.8829268,-0.004878049,0.44660193,0.8829268
2018-1-10T13-48-59,1515588539694,0.87317073,-0.004878049,0.4563107,0.87317073
2018-1-10T13-48-59,1515588539695,0.84390247,-0.004878049,0.4563107,0.84390247
2018-1-10T13-48-59,1515588539696,0.8829268,-0.014634146,0.44660193,0.8829268
2018-1-10T13-48-59,1515588539697,0.84390247,-0.024390243,0.42718446,0.84390247
2018-1-10T13-48-59,1515588539698,0.8341463,-0.014634146,0.42718446,0.8341463
2018-1-10T13-48-59,1515588539699,0.8341463,-0.024390243,0.4368932,0.8341463
2018-1-10T13-48-59,1515588539700,0.82439023,-0.024390243,0.44660193,0.82439023
2018-1-10T13-48-59,1515588539701,0.8341463,-0.024390243,0.4368932,0.8341463
2018-1-10T13-48-59,1515588539702,0.8341463,-0.024390243,0.4368932,0.8341463
2018-1-10T13-48-59,1515588539703,0.84390247,-0.024390243,0.44660193,0.84390247
2018-1-10T13-48-59,1515588539704,0.85365856,-0.014634146,0.46601942,0.85365856
2018-1-10T13-48-59,1515588539705,0.85365856,-0.004878049,0.4563107,0.85365856
2018-1-10T13-48-59,1515588539706,0.8829268,0.014634146,0.44660193,0.8829268
2018-1-10T13-48-59,1515588539707,0.85365856,0.004878049,0.44660193,0.85365856
2018-1-10T13-48-59,1515588539708,0.85365856,0.07317073,0.4368932,0.85365856
2018-1-10T13-48-59,1515588539709,0.74634147,-0.024390243,0.4368932,0.74634147
2018-1-10T13-48-59,1515588539710,0.8341463,-0.024390243,0.44660193,0.8341463
2018-1-10T13-48-59,1515588539711,0.84390247,-0.034146342,0.5339806,0.84390247
2018-1-10T13-48-59,1515588539712,0.80487806,-0.014634146,0.4563107,0.80487806
2018-1-10T13-48-59,1515588539713,0.85365856,-0.014634146,0.44660193,0.85365856
2018-1-10T13-48-59,1515588539714,0.8829268,-0.034146342,0.4368932,0.8829268
2018-1-10T13-48-59,1515588539715,0.84390247,-0.024390243,0.4368932,0.84390247
2018-1-10T13-48-59,1515588539716,0.86341465,-0.034146342,0.4563107,0.86341465
2018-1-10T13-48-59,1515588539717,0.85365856,-0.043902438,0.52427185,0.85365856
2018-1-10T13-48-59,1515588539718,0.87317073,-0.043902438,0.46601942,0.87317073
2018-1-10T13-48-59,1515588539719,0.8341463,-0.043902438,0.4368932,0.8341463
2018-1-10T13-48-59,1515588539720,0.82439023,-0.024390243,0.44660193,0.82439023
2018-1-10T13-48-59,1515588539721,0.84390247,-0.024390243,0.44660193,0.84390247
2018-1-10T13-48-59,1515588539722,0.8341463,-0.014634146,0.44660193,0.8341463
2018-1-10T13-48-59,1515588539723,0.84390247,-0.024390243,0.4368932,0.84390247
2018-1-10T13-48-59,1515588539724,0.84390247,-0.024390243,0.4368932,0.84390247
2018-1-10T13-48-59,1515588539725,0.84390247,-0.004878049,0.46601942,0.84390247
2018-1-10T13-48-59,1515588539726,0.85365856,-0.043902438,0.47572815,0.85365856
2018-1-10T13-48-59,1515588539727,0.7365854,-0.014634146,0.4368932,0.7365854
2018-1-10T13-48-59,1515588539728,0.85365856,-0.014634146,0.41747573,0.85365856
2018-1-10T13-48-59,1515588539729,0.86341465,-0.014634146,0.4563107,0.86341465
2018-1-10T13-48-59,1515588539730,0.84390247,-0.014634146,0.4563107,0.84390247
2018-1-10T13-48-59,1515588539731,0.8341463,-0.004878049,0.44660193,0.8341463
2018-1-10T13-48-59,1515588539732,0.8341463,-0.014634146,0.44660193,0.8341463
2018-1-10T13-48-59,1515588539733,0.84390247,-0.004878049,0.42718446,0.84390247
2018-1-10T13-48-59,1515588539734,0.84390247,-0.004878049,0.44660193,0.84390247
2018-1-10T13-48-59,1515588539735,0.84390247,-0.004878049,0.44660193,0.84390247
2018-1-10T13-48-59,1515588539736,0.85365856,-0.014634146,0.4368932,0.85365856
2018-1-10T13-48-59,1515588539737,0.82439023,-0.014634146,0.44660193,0.82439023
2018-1-10T13-48-59,1515588539738,0.84390247,-0.014634146,0.4563107,0.84390247
2018-1-10T13-48-59,1515588539739,0.84390247,-0.034146342,0.4563107,0.84390247
2018-1-10T13-48-59,1515588539740,0.84390247,-0.034146342,0.4563107,0.84390247
2018-1-10T13-48-59,1515588539741,0.84390247,-0.034146342,0.4563107,0.84390247
2018-1-10T13-48-59,1515588539742,0.85365856,0.014634146,0.4368932,0.85365856
2018-1-10T13-48-59,1515588539743,0.8341463,-0.043902438,0.44660193,0.8341463
2018-1-10T13-48-59,1515588539744,0.8341463,-0.034146342,0.4563107,0.8341463
2018-1-10T13-48-59,1515588539745,0.8341463,-0.043902438,0.4368932,0.8341463
2018-1-10T13-48-59,1515588539746,0.84390247,-0.024390243,0.4563107,0.84390247
2018-1-10T13-48-59,1515588539747,0.86341465,-0.004878049,0.4563107,0.86341465
2018-1-10T13-48-59,1515588539748,0.87317073,-0.004878049,0.44660193,0.87317073
2018-1-10T13-48-59,1515588539749,0.87317073,0.004878049,0.4563107,0.87317073
2018-1-10T13-48-59,1515588539750,0.85365856,0.06341463,0.4368932,0.85365856
2018-1-10T13-48-59,1515588539751,0.85365856,-0.014634146,0.4368932,0.85365856
2018-1-10T13-48-59,1515588539752,0.7853659,-0.014634146,0.4368932,0.7853659
2018-1-10T13-48-59,1515588539753,0.8341463,-0.024390243,0.44660193,0.8341463
2018-1-10T13-48-59,1515588539754,0.82439023,-0.024390243,0.44660193,0.82439023
2018-1-10T13-48-59,1515588539755,0.82439023,-0.024390243,0.4368932,0.82439023
2018-1-10T13-48-59,1515588539756,0.80487806,-0.034146342,0.4368932,0.80487806
2018-1-10T13-48-59,1515588539757,0.85365856,0.014634146,0.407767,0.85365856
2018-1-10T13-48-59,1515588539758,0.8341463,-0.024390243,0.44660193,0.8341463
2018-1-10T13-48-59,1515588539759,0.84390247,-0.024390243,0.4368932,0.84390247
2018-1-10T13-48-59,1515588539760,0.84390247,-0.014634146,0.44660193,0.84390247
2018-1-10T13-48-59,1515588539761,0.85365856,-0.014634146,0.4563107,0.85365856
2018-1-10T13-48-59,1515588539762,0.80487806,-0.004878049,0.46601942,0.80487806
2018-1-10T13-48-59,1515588539763,0.86341465,-0.004878049,0.4563107,0.86341465
2018-1-10T13-48-59,1515588539764,0.87317073,0.024390243,0.46601942,0.87317073
2018-1-10T13-48-59,1515588539765,0.86341465,-0.004878049,0.4368932,0.86341465
2018-1-10T13-48-59,1515588539766,0.86341465,-0.014634146,0.42718446,0.86341465
2018-1-10T13-48-59,1515588539767,0.8341463,-0.034146342,0.4563107,0.8341463
2018-1-10T13-48-59,1515588539768,0.8341463,-0.034146342,0.4563107,0.8341463
2018-1-10T13-48-59,1515588539769,0.8341463,-0.043902438,0.4563107,0.8341463
2018-1-10T13-48-59,1515588539770,0.82439023,-0.043902438,0.49514562,0.82439023
2018-1-10T13-48-59,1515588539771,0.82439023,-0.053658538,0.4563107,0.82439023
2018-1-10T13-48-59,1515588539772,0.85365856,-0.024390243,0.47572815,0.85365856
2018-1-10T13-48-59,1515588539773,0.85365856,-0.024390243,0.4563107,0.85365856
2018-1-10T13-48-59,1515588539774,0.86341465,-0.024390243,0.44660193,0.86341465
2018-1-10T13-48-59,1515588539775,0.85365856,-0.014634146,0.44660193,0.85365856
2018-1-10T13-48-59,1515588539776,0.85365856,-0.014634146,0.4563107,0.85365856
2018-1-10T13-48-59,1515588539777,0.86341465,-0.024390243,0.44660193,0.86341465
2018-1-10T13-48-59,1515588539778,0.84390247,-0.024390243,0.4368932,0.84390247
2018-1-10T13-48-59,1515588539779,0.84390247,-0.043902438,0.42718446,0.84390247
2018-1-10T13-48-59,1515588539780,0.8341463,-0.034146342,0.47572815,0.8341463
2018-1-10T13-48-59,1515588539781,0.8341463,-0.034146342,0.4563107,0.8341463
2018-1-10T13-48-59,1515588539782,0.82439023,-0.024390243,0.44660193,0.82439023
2018-1-10T13-48-59,1515588539783,0.8341463,-0.014634146,0.46601942,0.8341463
2018-1-10T13-48-59,1515588539784,0.86341465,-0.014634146,0.4563107,0.86341465
2018-1-10T13-48-59,1515588539785,0.86341465,0.004878049,0.4563107,0.86341465
2018-1-10T13-48-59,1515588539786,0.86341465,0.004878049,0.4563107,0.86341465
2018-1-10T13-48-59,1515588539787,0.85365856,-0.004878049,0.4563107,0.85365856
2018-1-10T13-48-59,1515588539788,0.85365856,-0.014634146,0.4563107,0.85365856
2018-1-10T13-48-59,1515588539789,0.86341465,-0.014634146,0.44660193,0.86341465
2018-1-10T13-48-59,1515588539790,0.84390247,-0.014634146,0.44660193,0.84390247
2018-1-10T13-48-59,1515588539791,0.81463414,-0.034146342,0.4368932,0.81463414
2018-1-10T13-48-59,1515588539792,0.8341463,-0.024390243,0.4368932,0.8341463
2018-1-10T13-48-59,1515588539793,0.79512197,-0.024390243,0.42718446,0.79512197
2018-1-10T13-48-59,1515588539794,0.8341463,-0.043902438,0.4563107,0.8341463
2018-1-10T13-48-59,1515588539795,0.84390247,-0.043902438,0.4368932,0.84390247
2018-1-10T13-48-59,1515588539796,0.82439023,-0.034146342,0.47572815,0.82439023
2018-1-10T13-48-59,1515588539797,0.84390247,-0.034146342,0.47572815,0.84390247
2018-1-10T13-48-59,1515588539798,0.85365856,-0.024390243,0.47572815,0.85365856
2018-1-10T13-48-59,1515588539799,0.87317073,-0.014634146,0.44660193,0.87317073
2018-1-10T13-48-59,1515588539800,0.87317073,-0.014634146,0.4563107,0.87317073
2018-1-10T13-48-59,1515588539801,0.87317073,-0.014634146,0.46601942,0.87317073
2018-1-10T13-48-59,1515588539802,0.86341465,-0.014634146,0.46601942,0.86341465
2018-1-10T13-48-59,1515588539803,0.84390247,-0.014634146,0.4563107,0.84390247
2018-1-10T13-48-59,1515588539804,0.84390247,-0.034146342,0.4368932,0.84390247
2018-1-10T13-48-59,1515588539805,0.80487806,-0.034146342,0.4368932,0.80487806
2018-1-10T13-48-59,1515588539806,0.82439023,-0.034146342,0.44660193,0.82439023
2018-1-10T13-48-59,1515588539807,0.8341463,-0.043902438,0.4563107,0.8341463
2018-1-10T13-48-59,1515588539808,0.85365856,-0.034146342,0.4563107,0.85365856
2018-1-10T13-48-59,1515588539809,0.86341465,-0.014634146,0.4563107,0.86341465
2018-1-10T13-48-59,1515588539810,0.85365856,-0.004878049,0.44660193,0.85365856
2018-1-10T13-48-59,1515588539811,0.85365856,-0.004878049,0.47572815,0.85365856
2018-1-10T13-48-59,1515588539812,0.87317073,0.004878049,0.47572815,0.87317073
2018-1-10T13-48-59,1515588539813,0.86341465,-0.034146342,0.4563107,0.86341465
2018-1-10T13-48-59,1515588539814,0.84390247,-0.014634146,0.4368932,0.84390247
2018-1-10T13-48-59,1515588539815,0.84390247,-0.034146342,0.44660193,0.84390247
2018-1-10T13-48-59,1515588539816,0.8341463,-0.043902438,0.4563107,0.8341463
2018-1-10T13-48-59,1515588539817,0.84390247,-0.053658538,0.4563107,0.84390247
2018-1-10T13-48-59,1515588539818,0.84390247,-0.024390243,0.4368932,0.84390247
2018-1-10T13-48-59,1515588539819,0.84390247,0.004878049,0.4368932,0.84390247
2018-1-10T13-48-59,1515588539820,0.84390247,-0.034146342,0.44660193,0.84390247
2018-1-10T13-48-59,1515588539821,0.84390247,0.004878049,0.44660193,0.84390247
2018-1-10T13-48-59,1515588539822,0.86341465,-0.024390243,0.44660193,0.86341465
2018-1-10T13-48-59,1515588539823,0.86341465,-0.024390243,0.4563107,0.86341465
2018-1-10T13-48-59,1515588539824,0.84390247,-0.034146342,0.407767,0.84390247
2018-1-10T13-48-59,1515588539825,0.85365856,-0.024390243,0.4563107,0.85365856
2018-1-10T13-48-59,1515588539826,0.84390247,-0.014634146,0.4368932,0.84390247
2018-1-10T13-48-59,1515588539827,0.84390247,-0.014634146,0.4368932,0.84390247
2018-1-10T13-48-59,1515588539828,0.84390247,-0.014634146,0.47572815,0.84390247
2018-1-10T13-48-59,1515588539829,0.85365856,-0.043902438,0.44660193,0.85365856
2018-1-10T13-48-59,1515588539830,0.84390247,-0.024390243,0.4368932,0.84390247
2018-1-10T13-48-59,1515588539831,0.92195123,-0.024390243,0.44660193,0.92195123
2018-1-10T13-48-59,1515588539832,0.84390247,-0.034146342,0.47572815,0.84390247
2018-1-10T13-48-59,1515588539833,0.84390247,-0.024390243,0.4563107,0.84390247
2018-1-10T13-48-59,1515588539834,0.84390247,-0.024390243,0.4563107,0.84390247
2018-1-10T13-48-59,1515588539835,0.85365856,-0.014634146,0.44660193,0.85365856
2018-1-10T13-48-59,1515588539836,0.85365856,-0.004878049,0.4563107,0.85365856
2018-1-10T13-48-59,1515588539837,0.85365856,-0.024390243,0.4563107,0.85365856
2018-1-10T13-48-59,1515588539838,0.8341463,0.024390243,0.4563107,0.8341463
2018-1-10T13-48-59,1515588539839,0.84390247,-0.024390243,0.4854369,0.84390247
2018-1-10T13-48-59,1515588539840,0.85365856,-0.024390243,0.5048544,0.85365856
2018-1-10T13-48-59,1515588539841,0.35609755,-0.024390243,0.44660193,0.35609755
2018-1-10T13-48-59,1515588539842,0.85365856,-0.034146342,0.44660193,0.85365856
2018-1-10T13-48-59,1515588539843,0.85365856,-0.014634146,0.47572815,0.85365856
2018-1-10T13-48-59,1515588539844,0.85365856,-0.014634146,0.4563107,0.85365856
2018-1-10T13-48-59,1515588539845,0.85365856,-0.014634146,0.44660193,0.85365856
2018-1-10T13-48-59,1515588539846,0.85365856,-0.024390243,0.44660193,0.85365856
2018-1-10T13-48-59,1515588539847,0.84390247,-0.024390243,0.44660193,0.84390247
2018-1-10T13-48-59,1515588539848,0.8341463,-0.024390243,0.4563107,0.8341463
2018-1-10T13-48-59,1515588539849,0.84390247,0.043902438,0.4368932,0.84390247
2018-1-10T13-48-59,1515588539850,0.86341465,-0.043902438,0.4368932,0.86341465
2018-1-10T13-48-59,1515588539851,0.84390247,-0.024390243,0.4368932,0.84390247
2018-1-10T13-48-59,1515588539852,0.84390247,-0.034146342,0.4563107,0.84390247
2018-1-10T13-48-59,1515588539853,0.84390247,-0.014634146,0.44660193,0.84390247
2018-1-10T13-48-59,1515588539854,0.85365856,-0.014634146,0.4563107,0.85365856
2018-1-10T13-48-59,1515588539855,0.85365856,-0.004878049,0.44660193,0.85365856
2018-1-10T13-48-59,1515588539856,0.85365856,-0.014634146,0.44660193,0.85365856
2018-1-10T13-48-59,1515588539857,0.85365856,-0.053658538,0.4368932,0.85365856
2018-1-10T13-48-59,1515588539858,0.85365856,-0.034146342,0.46601942,0.85365856
2018-1-10T13-48-59,1515588539859,0.84390247,-0.024390243,0.44660193,0.84390247
2018-1-10T13-48-59,1515588539860,0.85365856,-0.024390243,0.44660193,0.85365856
2018-1-10T13-48-59,1515588539861,0.8341463,-0.034146342,0.4368932,0.8341463
2018-1-10T13-48-59,1515588539862,0.8341463,-0.034146342,0.4368932,0.8341463
2018-1-10T13-48-59,1515588539863,0.82439023,-0.034146342,0.4563107,0.82439023
2018-1-10T13-48-59,1515588539864,0.8341463,-0.043902438,0.4563107,0.8341463
2018-1-10T13-48-59,1515588539865,0.80487806,-0.043902438,0.44660193,0.80487806
2018-1-10T13-48-59,1515588539866,0.84390247,-0.034146342,0.44660193,0.84390247
2018-1-10T13-48-59,1515588539867,0.85365856,-0.024390243,0.4563107,0.85365856
2018-1-10T13-48-59,1515588539868,0.87317073,-0.004878049,0.47572815,0.87317073
2018-1-10T13-48-59,1515588539869,0.87317073,-0.004878049,0.4563107,0.87317073
2018-1-10T13-48-59,1515588539870,0.85365856,0.014634146,0.4563107,0.85365856
2018-1-10T13-48-59,1515588539871,0.85365856,-0.014634146,0.44660193,0.85365856
2018-1-10T13-48-59,1515588539872,0.8341463,-0.024390243,0.4368932,0.8341463
2018-1-10T13-48-59,1515588539873,0.8341463,-0.024390243,0.4563107,0.8341463
2018-1-10T13-48-59,1515588539874,0.8829268,-0.034146342,0.44660193,0.8829268
2018-1-10T13-48-59,1515588539875,0.81463414,-0.043902438,0.4563107,0.81463414
2018-1-10T13-48-59,1515588539876,0.84390247,-0.034146342,0.42718446,0.84390247
2018-1-10T13-48-59,1515588539877,0.8341463,-0.014634146,0.42718446,0.8341463
2018-1-10T13-48-59,1515588539878,0.8341463,-0.014634146,0.44660193,0.8341463
2018-1-10T13-48-59,1515588539879,0.84390247,-0.024390243,0.4563107,0.84390247
2018-1-10T13-48-59,1515588539880,0.85365856,-0.004878049,0.4563107,0.85365856
2018-1-10T13-48-59,1515588539881,0.86341465,0.004878049,0.44660193,0.86341465
2018-1-10T13-48-59,1515588539882,0.86341465,-0.004878049,0.44660193,0.86341465
2018-1-10T13-48-59,1515588539883,0.85365856,-0.014634146,0.4368932,0.85365856
2018-1-10T13-48-59,1515588539884,0.82439023,-0.014634146,0.42718446,0.82439023
2018-1-10T13-48-59,1515588539885,0.8341463,-0.024390243,0.42718446,0.8341463
2018-1-10T13-48-59,1515588539886,0.82439023,-0.034146342,0.4368932,0.82439023
2018-1-10T13-48-59,1515588539887,0.82439023,-0.034146342,0.44660193,0.82439023
2018-1-10T13-48-59,1515588539888,0.8341463,-0.034146342,0.4563107,0.8341463
2018-1-10T13-48-59,1515588539889,0.84390247,-0.034146342,0.39805827,0.84390247
2018-1-10T13-48-59,1515588539890,0.86341465,-0.014634146,0.4563107,0.86341465
2018-1-10T13-48-59,1515588539891,0.87317073,-0.014634146,0.44660193,0.87317073
2018-1-10T13-48-59,1515588539892,0.87317073,-0.004878049,0.44660193,0.87317073
2018-1-10T13-48-59,1515588539893,0.87317073,-0.004878049,0.46601942,0.87317073
2018-1-10T13-48-59,1515588539894,0.86341465,-0.024390243,0.46601942,0.86341465
2018-1-10T13-48-59,1515588539895,0.86341465,-0.034146342,0.4368932,0.86341465
2018-1-10T13-48-59,1515588539896,0.85365856,-0.024390243,0.47572815,0.85365856
2018-1-10T13-48-59,1515588539897,0.8341463,-0.024390243,0.46601942,0.8341463
2018-1-10T13-48-59,1515588539898,0.82439023,-0.043902438,0.44660193,0.82439023
2018-1-10T13-48-59,1515588539899,0.85365856,-0.034146342,0.41747573,0.85365856
2018-1-10T13-48-59,1515588539900,0.8341463,-0.034146342,0.44660193,0.8341463
2018-1-10T13-48-59,1515588539901,0.82439023,-0.043902438,0.4563107,0.82439023
2018-1-10T13-48-59,1515588539902,0.82439023,-0.034146342,0.46601942,0.82439023
2018-1-10T13-48-59,1515588539903,0.84390247,-0.024390243,0.46601942,0.84390247
2018-1-10T13-48-59,1515588539904,0.85365856,-0.004878049,0.4563107,0.85365856
2018-1-10T13-48-59,1515588539905,0.87317073,-0.004878049,0.44660193,0.87317073
2018-1-10T13-48-59,1515588539906,0.84390247,0.004878049,0.4368932,0.84390247
2018-1-10T13-48-59,1515588539907,0.85365856,0.004878049,0.4563107,0.85365856
2018-1-10T13-48-59,1515588539908,0.84390247,-0.014634146,0.44660193,0.84390247
2018-1-10T13-48-59,1515588539909,0.84390247,-0.034146342,0.44660193,0.84390247
2018-1-10T13-48-59,1515588539910,0.85365856,0.004878049,0.4368932,0.85365856
2018-1-10T13-48-59,1515588539911,0.8341463,-0.024390243,0.4368932,0.8341463
2018-1-10T13-48-59,1515588539912,0.84390247,-0.014634146,0.4368932,0.84390247
2018-1-10T13-48-59,1515588539913,0.8341463,-0.024390243,0.4563107,0.8341463
2018-1-10T13-48-59,1515588539914,0.8341463,-0.024390243,0.44660193,0.8341463
2018-1-10T13-48-59,1515588539915,0.85365856,-0.10243902,0.4563107,0.85365856
2018-1-10T13-48-59,1515588539916,0.86341465,-0.024390243,0.46601942,0.86341465
2018-1-10T13-48-59,1515588539917,0.85365856,-0.034146342,0.46601942,0.85365856
2018-1-10T13-48-59,1515588539918,0.85365856,-0.024390243,0.46601942,0.85365856
2018-1-10T13-48-59,1515588539919,0.85365856,-0.024390243,0.44660193,0.85365856
2018-1-10T13-48-59,1515588539920,0.85365856,-0.024390243,0.4563107,0.85365856
2018-1-10T13-48-59,1515588539921,0.85365856,-0.024390243,0.4368932,0.85365856
2018-1-10T13-48-59,1515588539922,0.8341463,-0.034146342,0.44660193,0.8341463
2018-1-10T13-48-59,1515588539923,0.84390247,0.024390243,0.4563107,0.84390247
2018-1-10T13-48-59,1515588539924,0.84390247,-0.024390243,0.4563107,0.84390247
2018-1-10T13-48-59,1515588539925,0.84390247,-0.014634146,0.44660193,0.84390247
2018-1-10T13-48-59,1515588539926,0.84390247,-0.034146342,0.44660193,0.84390247
2018-1-10T13-48-59,1515588539927,0.84390247,-0.024390243,0.46601942,0.84390247
2018-1-10T13-48-59,1515588539928,0.85365856,-0.024390243,0.46601942,0.85365856
2018-1-10T13-48-59,1515588539929,0.85365856,-0.014634146,0.4563107,0.85365856
2018-1-10T13-48-59,1515588539930,0.85365856,-0.004878049,0.4563107,0.85365856
2018-1-10T13-48-59,1515588539931,0.85365856,-0.004878049,0.4368932,0.85365856
2018-1-10T13-48-59,1515588539932,0.85365856,-0.004878049,0.39805827,0.85365856
2018-1-10T13-48-59,1515588539933,0.84390247,-0.014634146,0.4563107,0.84390247
2018-1-10T13-48-59,1515588539934,0.84390247,-0.014634146,0.41747573,0.84390247
2018-1-10T13-48-59,1515588539935,0.84390247,-0.024390243,0.42718446,0.84390247
2018-1-10T13-48-59,1515588539936,0.84390247,-0.024390243,0.4368932,0.84390247
2018-1-10T13-48-59,1515588539937,0.85365856,-0.014634146,0.44660193,0.85365856
2018-1-10T13-48-59,1515588539938,0.85365856,0.004878049,0.42718446,0.85365856
2018-1-10T13-48-59,1515588539939,0.85365856,-0.014634146,0.4368932,0.85365856
2018-1-10T13-48-59,1515588539940,0.84390247,-0.014634146,0.39805827,0.84390247
2018-1-10T13-48-59,1515588539941,0.85365856,-0.004878049,0.4563107,0.85365856
2018-1-10T13-48-59,1515588539942,0.84390247,-0.024390243,0.4563107,0.84390247
2018-1-10T13-48-59,1515588539943,0.84390247,-0.034146342,0.44660193,0.84390247
2018-1-10T13-48-59,1515588539944,0.8341463,-0.034146342,0.42718446,0.8341463
2018-1-10T13-48-59,1515588539945,0.84390247,-0.024390243,0.4368932,0.84390247
2018-1-10T13-48-59,1515588539946,0.82439023,-0.024390243,0.46601942,0.82439023
2018-1-10T13-48-59,1515588539947,0.8341463,-0.043902438,0.44660193,0.8341463
2018-1-10T13-48-59,1515588539948,0.87317073,-0.034146342,0.4368932,0.87317073
2018-1-10T13-48-59,1515588539949,0.85365856,-0.034146342,0.4368932,0.85365856
2018-1-10T13-48-59,1515588539950,0.84390247,-0.034146342,0.46601942,0.84390247
2018-1-10T13-48-59,1515588539951,0.84390247,-0.024390243,0.4563107,0.84390247
2018-1-10T13-48-59,1515588539952,0.86341465,-0.024390243,0.4563107,0.86341465
2018-1-10T13-48-59,1515588539953,0.81463414,-0.034146342,0.44660193,0.81463414
2018-1-10T13-48-59,1515588539954,0.85365856,-0.034146342,0.407767,0.85365856
2018-1-10T13-48-59,1515588539955,0.84390247,-0.034146342,0.42718446,0.84390247
2018-1-10T13-48-59,1515588539956,0.82439023,-0.043902438,0.4563107,0.82439023
2018-1-10T13-48-59,1515588539957,0.81463414,-0.034146342,0.46601942,0.81463414
2018-1-10T13-48-59,1515588539958,0.82439023,-0.043902438,0.4563107,0.82439023
2018-1-10T13-48-59,1515588539959,0.84390247,-0.024390243,0.44660193,0.84390247
2018-1-10T13-48-59,1515588539960,0.86341465,-0.014634146,0.4563107,0.86341465
2018-1-10T13-48-59,1515588539961,0.86341465,-0.014634146,0.44660193,0.86341465
2018-1-10T13-48-59,1515588539962,0.86341465,-0.004878049,0.42718446,0.86341465
2018-1-10T13-48-59,1515588539963,0.86341465,-0.014634146,0.4563107,0.86341465
2018-1-10T13-48-59,1515588539964,0.85365856,-0.043902438,0.4563107,0.85365856
2018-1-10T13-48-59,1515588539965,0.84390247,-0.034146342,0.4563107,0.84390247
2018-1-10T13-48-59,1515588539966,0.82439023,-0.034146342,0.3883495,0.82439023
2018-1-10T13-48-59,1515588539967,0.8341463,-0.034146342,0.44660193,0.8341463
2018-1-10T13-48-59,1515588539968,0.84390247,-0.014634146,0.44660193,0.84390247
2018-1-10T13-48-59,1515588539969,0.84390247,-0.034146342,0.4368932,0.84390247
2018-1-10T13-48-59,1515588539970,0.84390247,0.053658538,0.47572815,0.84390247
2018-1-10T13-48-59,1515588539971,0.84390247,-0.024390243,0.4368932,0.84390247
2018-1-10T13-48-59,1515588539972,0.84390247,-0.014634146,0.4563107,0.84390247
2018-1-10T13-48-59,1515588539973,0.85365856,-0.014634146,0.57281554,0.85365856
2018-1-10T13-48-59,1515588539974,0.87317073,-0.024390243,0.44660193,0.87317073
2018-1-10T13-48-59,1515588539975,0.85365856,0.004878049,0.4368932,0.85365856
2018-1-10T13-48-59,1515588539976,0.84390247,-0.014634146,0.44660193,0.84390247
2018-1-10T13-48-59,1515588539977,0.84390247,-0.014634146,0.46601942,0.84390247
2018-1-10T13-48-59,1515588539978,0.8341463,-0.024390243,0.4368932,0.8341463
2018-1-10T13-48-59,1515588539979,0.8341463,-0.024390243,0.4368932,0.8341463
2018-1-10T13-48-59,1515588539980,0.82439023,-0.024390243,0.4368932,0.82439023
2018-1-10T13-48-59,1515588539981,0.82439023,-0.043902438,0.44660193,0.82439023
2018-1-10T13-48-59,1515588539982,0.82439023,-0.043902438,0.4368932,0.82439023
2018-1-10T13-48-59,1515588539983,0.82439023,-0.034146342,0.46601942,0.82439023
2018-1-10T13-48-59,1515588539984,0.8341463,-0.28780487,0.44660193,0.8341463
2018-1-10T13-48-59,1515588539985,0.84390247,-0.034146342,0.46601942,0.84390247
2018-1-10T13-48-59,1515588539986,0.86341465,-0.034146342,0.46601942,0.86341465
2018-1-10T13-48-59,1515588539987,0.87317073,-0.014634146,0.4563107,0.87317073
2018-1-10T13-48-59,1515588539988,0.87317073,-0.014634146,0.44660193,0.87317073
2018-1-10T13-48-59,1515588539989,0.87317073,-0.014634146,0.44660193,0.87317073
2018-1-10T13-48-59,1515588539990,0.86341465,-0.014634146,0.4563107,0.86341465
2018-1-10T13-48-59,1515588539991,0.85365856,-0.034146342,0.44660193,0.85365856
2018-1-10T13-48-59,1515588539992,0.84390247,-0.043902438,0.44660193,0.84390247
2018-1-10T13-48-59,1515588539993,0.84390247,-0.043902438,0.46601942,0.84390247
2018-1-10T13-48-59,1515588539994,0.84390247,-0.034146342,0.44660193,0.84390247
2018-1-10T13-48-59,1515588539995,0.84390247,-0.034146342,0.4563107,0.84390247
2018-1-10T13-48-59,1515588539996,0.84390247,-0.024390243,0.4368932,0.84390247
2018-1-10T13-48-59,1515588539997,0.84390247,-0.024390243,0.4368932,0.84390247
2018-1-10T13-48-59,1515588539998,0.34634146,0.08292683,0.44660193,0.34634146
2018-1-10T13-48-59,1515588539999,0.84390247,-0.004878049,0.4563107,0.84390247
2018-1-10T13-49-0,1515588540000,0.85365856,0.004878049,0.44660193,0.85365856
2018-1-10T13-49-0,1515588540001,0.86341465,0.014634146,0.44660193,0.86341465
2018-1-10T13-49-0,1515588540002,0.85365856,-0.004878049,0.44660193,0.85365856
2018-1-10T13-49-0,1515588540003,0.84390247,0.004878049,0.44660193,0.84390247
2018-1-10T13-49-0,1515588540004,0.84390247,-0.004878049,0.41747573,0.84390247
2018-1-10T13-49-0,1515588540005,0.8341463,-0.014634146,0.42718446,0.8341463
2018-1-10T13-49-0,1515588540006,0.8341463,0.014634146,0.42718446,0.8341463
2018-1-10T13-49-0,1515588540007,0.82439023,-0.034146342,0.4368932,0.82439023
2018-1-10T13-49-0,1515588540008,0.82439023,-0.034146342,0.44660193,0.82439023
2018-1-10T13-49-0,1515588540009,0.8341463,-0.024390243,0.4368932,0.8341463
2018-1-10T13-49-0,1515588540010,0.8341463,-0.014634146,0.4368932,0.8341463
2018-1-10T13-49-0,1515588540011,0.84390247,-0.024390243,0.4563107,0.84390247
2018-1-10T13-49-0,1515588540012,0.86341465,-0.014634146,0.46601942,0.86341465
2018-1-10T13-49-0,1515588540013,0.85365856,-0.043902438,0.46601942,0.85365856
2018-1-10T13-49-0,1515588540014,0.8341463,-0.043902438,0.4368932,0.8341463
2018-1-10T13-49-0,1515588540015,0.8341463,-0.034146342,0.44660193,0.8341463
2018-1-10T13-49-0,1515588540016,0.8341463,-0.053658538,0.4563107,0.8341463
2018-1-10T13-49-0,1515588540017,0.8341463,-0.004878049,0.44660193,0.8341463
2018-1-10T13-49-0,1515588540018,0.84390247,-0.06341463,0.42718446,0.84390247
2018-1-10T13-49-0,1515588540019,0.84390247,-0.043902438,0.4368932,0.84390247
2018-1-10T13-49-0,1515588540020,0.85365856,-0.043902438,0.4563107,0.85365856
2018-1-10T13-49-0,1515588540021,0.86341465,-0.034146342,0.49514562,0.86341465
2018-1-10T13-49-0,1515588540022,0.86341465,-0.034146342,0.4563107,0.86341465
2018-1-10T13-49-0,1515588540023,0.8829268,0.053658538,0.46601942,0.8829268
2018-1-10T13-49-0,1515588540024,0.87317073,-0.004878049,0.46601942,0.87317073
2018-1-10T13-49-0,1515588540025,0.86341465,-0.014634146,0.4563107,0.86341465
2018-1-10T13-49-0,1515588540026,0.85365856,-0.024390243,0.44660193,0.85365856
2018-1-10T13-49-0,1515588540027,0.82439023,-0.024390243,0.4368932,0.82439023
2018-1-10T13-49-0,1515588540028,0.8341463,-0.004878049,0.4563107,0.8341463
2018-1-10T13-49-0,1515588540029,0.97073174,-0.014634146,0.4563107,0.97073174
2018-1-10T13-49-0,1515588540030,0.82439023,-0.014634146,0.4368932,0.82439023
2018-1-10T13-49-0,1515588540031,0.8341463,-0.004878049,0.4368932,0.8341463
2018-1-10T13-49-0,1515588540032,0.85365856,0.014634146,0.4368932,0.85365856
2018-1-10T13-49-0,1515588540033,0.85365856,0.004878049,0.44660193,0.85365856
2018-1-10T13-49-0,1515588540034,0.85365856,0.004878049,0.4563107,0.85365856
2018-1-10T13-49-0,1515588540035,0.85365856,0.004878049,0.44660193,0.85365856
2018-1-10T13-49-0,1515588540036,0.85365856,-0.004878049,0.44660193,0.85365856
2018-1-10T13-49-0,1515588540037,0.85365856,-0.004878049,0.4563107,0.85365856
2018-1-10T13-49-0,1515588540038,0.8341463,-0.5804878,0.4368932,0.8341463
2018-1-10T13-49-0,1515588540039,0.84390247,-0.024390243,0.42718446,0.84390247
2018-1-10T13-49-0,1515588540040,0.85365856,-0.024390243,0.44660193,0.85365856
2018-1-10T13-49-0,1515588540041,0.84390247,-0.043902438,0.4563107,0.84390247
2018-1-10T13-49-0,1515588540042,0.84390247,-0.053658538,0.44660193,0.84390247
2018-1-10T13-49-0,1515588540043,0.84390247,-0.053658538,0.4563107,0.84390247
2018-1-10T13-49-0,1515588540044,0.84390247,-0.043902438,0.4563107,0.84390247
2018-1-10T13-49-0,1515588540045,0.85365856,-0.043902438,0.46601942,0.85365856
2018-1-10T13-49-0,1515588540046,0.86341465,-0.043902438,0.4563107,0.86341465
2018-1-10T13-49-0,1515588540047,0.85365856,-0.034146342,0.46601942,0.85365856
2018-1-10T13-49-0,1515588540048,0.8829268,-0.034146342,0.52427185,0.8829268
2018-1-10T13-49-0,1515588540049,0.85365856,-0.034146342,0.4563107,0.85365856
2018-1-10T13-49-0,1515588540050,0.8341463,-0.034146342,0.44660193,0.8341463
2018-1-10T13-49-0,1515588540051,0.82439023,-0.024390243,0.4563107,0.82439023
2018-1-10T13-49-0,1515588540052,0.8341463,-0.014634146,0.44660193,0.8341463
2018-1-10T13-49-0,1515588540053,0.84390247,-0.004878049,0.46601942,0.84390247
2018-1-10T13-49-0,1515588540054,0.84390247,-0.014634146,0.4368932,0.84390247
2018-1-10T13-49-0,1515588540055,0.8926829,-0.004878049,0.44660193,0.8926829
2018-1-10T13-49-0,1515588540056,0.86341465,-0.024390243,0.407767,0.86341465
2018-1-10T13-49-0,1515588540057,0.8341463,-0.014634146,0.4563107,0.8341463
2018-1-10T13-49-0,1515588540058,0.8341463,-0.014634146,0.47572815,0.8341463
2018-1-10T13-49-0,1515588540059,0.84390247,-0.004878049,0.4368932,0.84390247
2018-1-10T13-49-0,1515588540060,0.8341463,-0.014634146,0.42718446,0.8341463
2018-1-10T13-49-0,1515588540061,0.84390247,0.004878049,0.4368932,0.84390247
2018-1-10T13-49-0,1515588540062,0.84390247,-0.004878049,0.4563107,0.84390247
2018-1-10T13-49-0,1515588540063,0.84390247,-0.014634146,0.44660193,0.84390247
2018-1-10T13-49-0,1515588540064,0.84390247,-0.004878049,0.4368932,0.84390247
2018-1-10T13-49-0,1515588540065,0.85365856,-0.004878049,0.44660193,0.85365856
2018-1-10T13-49-0,1515588540066,0.84390247,-0.004878049,0.4563107,0.84390247
2018-1-10T13-49-0,1515588540067,0.86341465,-0.004878049,0.4563107,0.86341465
2018-1-10T13-49-0,1515588540068,0.86341465,-0.014634146,0.4563107,0.86341465
2018-1-10T13-49-0,1515588540069,0.86341465,-0.004878049,0.44660193,0.86341465
2018-1-10T13-49-0,1515588540070,0.85365856,-0.014634146,0.44660193,0.85365856
2018-1-10T13-49-0,1515588540071,0.8341463,-0.024390243,0.4563107,0.8341463
2018-1-10T13-49-0,1515588540072,0.84390247,-0.043902438,0.4563107,0.84390247
2018-1-10T13-49-0,1515588540073,0.84390247,-0.034146342,0.41747573,0.84390247
2018-1-10T13-49-0,1515588540074,0.84390247,-0.043902438,0.44660193,0.84390247
2018-1-10T13-49-0,1515588540075,0.82439023,-0.034146342,0.44660193,0.82439023
2018-1-10T13-49-0,1515588540076,0.8341463,-0.07317073,0.44660193,0.8341463
2018-1-10T13-49-0,1515588540077,0.84390247,-0.034146342,0.44660193,0.84390247
2018-1-10T13-49-0,1515588540078,0.8341463,-0.024390243,0.4563107,0.8341463
2018-1-10T13-49-0,1515588540079,0.85365856,-0.024390243,0.4563107,0.85365856
2018-1-10T13-49-0,1515588540080,0.86341465,-0.014634146,0.4563107,0.86341465
2018-1-10T13-49-0,1515588540081,0.85365856,0.004878049,0.44660193,0.85365856
2018-1-10T13-49-0,1515588540082,0.86341465,-0.004878049,0.4368932,0.86341465
2018-1-10T13-49-0,1515588540083,0.87317073,-0.004878049,0.44660193,0.87317073
2018-1-10T13-49-0,1515588540084,0.85365856,-0.024390243,0.4563107,0.85365856
2018-1-10T13-49-0,1515588540085,0.84390247,-0.034146342,0.4563107,0.84390247
2018-1-10T13-49-0,1515588540086,0.8341463,-0.034146342,0.44660193,0.8341463
2018-1-10T13-49-0,1515588540087,0.8341463,-0.043902438,0.44660193,0.8341463
2018-1-10T13-49-0,1515588540088,0.8341463,-0.043902438,0.4563107,0.8341463
2018-1-10T13-49-0,1515588540089,0.8341463,-0.07317073,0.4368932,0.8341463
2018-1-10T13-49-0,1515588540090,0.84390247,-0.014634146,0.4563107,0.84390247
2018-1-10T13-49-0,1515588540091,0.85365856,-0.024390243,0.4563107,0.85365856
2018-1-10T13-49-0,1515588540092,0.85365856,-0.014634146,0.44660193,0.85365856
2018-1-10T13-49-0,1515588540093,0.86341465,-0.024390243,0.44660193,0.86341465
2018-1-10T13-49-0,1515588540094,0.86341465,-0.014634146,0.4563107,0.86341465
2018-1-10T13-49-0,1515588540095,0.84390247,-0.014634146,0.4563107,0.84390247
2018-1-10T13-49-0,1515588540096,0.85365856,-0.034146342,0.4368932,0.85365856
2018-1-10T13-49-0,1515588540097,0.82439023,-0.043902438,0.4368932,0.82439023
2018-1-10T13-49-0,1515588540098,0.84390247,-0.043902438,0.42718446,0.84390247
2018-1-10T13-49-0,1515588540099,0.8829268,-0.043902438,0.44660193,0.8829268
2018-1-10T13-49-0,1515588540100,0.8341463,-0.043902438,0.47572815,0.8341463
2018-1-10T13-49-0,1515588540101,0.84390247,-0.034146342,0.49514562,0.84390247
2018-1-10T13-49-0,1515588540102,0.85365856,-0.053658538,0.4368932,0.85365856
2018-1-10T13-49-0,1515588540103,0.8926829,-0.004878049,0.4368932,0.8926829
2018-1-10T13-49-0,1515588540104,0.85365856,-0.004878049,0.36893204,0.85365856
2018-1-10T13-49-0,1515588540105,0.85365856,0.004878049,0.4563107,0.85365856
2018-1-10T13-49-0,1515588540106,0.85365856,-0.004878049,0.39805827,0.85365856
2018-1-10T13-49-0,1515588540107,0.84390247,-0.014634146,0.4368932,0.84390247
2018-1-10T13-49-0,1515588540108,0.84390247,-0.034146342,0.44660193,0.84390247
2018-1-10T13-49-0,1515588540109,0.84390247,-0.014634146,0.44660193,0.84390247
2018-1-10T13-49-0,1515588540110,0.82439023,-0.034146342,0.44660193,0.82439023
2018-1-10T13-49-0,1515588540111,0.82439023,-0.034146342,0.44660193,0.82439023
2018-1-10T13-49-0,1515588540112,0.82439023,-0.043902438,0.4368932,0.82439023
2018-1-10T13-49-0,1515588540113,0.8341463,-0.043902438,0.4368932,0.8341463
2018-1-10T13-49-0,1515588540114,0.8341463,-0.043902438,0.4563107,0.8341463
2018-1-10T13-49-0,1515588540115,0.84390247,-0.043902438,0.46601942,0.84390247
2018-1-10T13-49-0,1515588540116,0.82439023,-0.034146342,0.46601942,0.82439023
2018-1-10T13-49-0,1515588540117,0.87317073,-0.06341463,0.46601942,0.87317073
2018-1-10T13-49-0,1515588540118,0.87317073,-0.004878049,0.4368932,0.87317073
2018-1-10T13-49-0,1515588540119,0.86341465,-0.014634146,0.47572815,0.86341465
2018-1-10T13-49-0,1515588540120,0.86341465,-0.014634146,0.4563107,0.86341465
2018-1-10T13-49-0,1515588540121,0.84390247,-0.034146342,0.44660193,0.84390247
2018-1-10T13-49-0,1515588540122,0.84390247,-0.024390243,0.4563107,0.84390247
2018-1-10T13-49-0,1515588540123,0.84390247,-0.034146342,0.44660193,0.84390247
2018-1-10T13-49-0,1515588540124,0.80487806,-0.053658538,0.4563107,0.80487806
2018-1-10T13-49-0,1515588540125,0.8341463,-0.034146342,0.4368932,0.8341463
2018-1-10T13-49-0,1515588540126,0.84390247,-0.024390243,0.4368932,0.84390247
2018-1-10T13-49-0,1515588540127,0.85365856,-0.014634146,0.4563107,0.85365856
2018-1-10T13-49-0,1515588540128,0.84390247,-0.014634146,0.44660193,0.84390247
2018-1-10T13-49-0,1515588540129,0.84390247,-0.004878049,0.44660193,0.84390247
2018-1-10T13-49-0,1515588540130,0.85365856,-0.004878049,0.4563107,0.85365856
2018-1-10T13-49-0,1515588540131,0.84390247,-0.014634146,0.44660193,0.84390247
2018-1-10T13-49-0,1515588540132,0.84390247,-0.014634146,0.46601942,0.84390247
2018-1-10T13-49-0,1515588540133,0.8341463,-0.014634146,0.42718446,0.8341463
2018-1-10T13-49-0,1515588540134,0.8341463,-0.014634146,0.44660193,0.8341463
2018-1-10T13-49-0,1515588540135,0.8341463,-0.014634146,0.4368932,0.8341463
2018-1-10T13-49-0,1515588540136,0.84390247,-0.034146342,0.4368932,0.84390247
2018-1-10T13-49-0,1515588540137,0.84390247,-0.014634146,0.44660193,0.84390247
2018-1-10T13-49-0,1515588540138,0.8341463,-0.034146342,0.4563107,0.8341463
2018-1-10T13-49-0,1515588540139,0.84390247,-0.034146342,0.41747573,0.84390247
2018-1-10T13-49-0,1515588540140,0.84390247,-0.043902438,0.46601942,0.84390247
2018-1-10T13-49-0,1515588540141,0.84390247,-0.034146342,0.4563107,0.84390247
2018-1-10T13-49-0,1515588540142,0.84390247,-0.024390243,0.4563107,0.84390247
2018-1-10T13-49-0,1515588540143,0.85365856,-0.034146342,0.4368932,0.85365856
2018-1-10T13-49-0,1515588540144,0.84390247,-0.024390243,0.4368932,0.84390247
2018-1-10T13-49-0,1515588540145,0.8341463,-0.034146342,0.44660193,0.8341463
2018-1-10T13-49-0,1515588540146,0.84390247,-0.034146342,0.46601942,0.84390247
2018-1-10T13-49-0,1515588540147,0.85365856,-0.024390243,0.52427185,0.85365856
2018-1-10T13-49-0,1515588540148,0.86341465,-0.014634146,0.44660193,0.86341465
2018-1-10T13-49-0,1515588540149,0.85365856,-0.014634146,0.4563107,0.85365856
2018-1-10T13-49-0,1515588540150,0.85365856,-0.043902438,0.4563107,0.85365856
2018-1-10T13-49-0,1515588540151,0.84390247,-0.004878049,0.4563107,0.84390247
2018-1-10T13-49-0,1515588540152,0.85365856,-0.014634146,0.36893204,0.85365856
2018-1-10T13-49-0,1515588540153,0.84390247,-0.043902438,0.4368932,0.84390247
2018-1-10T13-49-0,1515588540154,0.84390247,-0.024390243,0.4563107,0.84390247
2018-1-10T13-49-0,1515588540155,0.8341463,-0.024390243,0.4368932,0.8341463
2018-1-10T13-49-0,1515588540156,0.84390247,-0.024390243,0.4368932,0.84390247
2018-1-10T13-49-0,1515588540157,0.84390247,-0.043902438,0.44660193,0.84390247
2018-1-10T13-49-0,1515588540158,0.86341465,-0.014634146,0.44660193,0.86341465
2018-1-10T13-49-0,1515588540159,0.79512197,-0.024390243,0.4368932,0.79512197
2018-1-10T13-49-0,1515588540160,0.84390247,-0.024390243,0.42718446,0.84390247
2018-1-10T13-49-0,1515588540161,0.82439023,-0.034146342,0.44660193,0.82439023
2018-1-10T13-49-0,1515588540162,0.87317073,0.004878049,0.46601942,0.87317073
2018-1-10T13-49-0,1515588540163,0.85365856,-0.024390243,0.4563107,0.85365856
2018-1-10T13-49-0,1515588540164,0.85365856,-0.024390243,0.4368932,0.85365856
2018-1-10T13-49-0,1515588540165,0.87317073,-0.034146342,0.41747573,0.87317073
2018-1-10T13-49-0,1515588540166,0.84390247,-0.034146342,0.44660193,0.84390247
2018-1-10T13-49-0,1515588540167,0.8341463,-0.034146342,0.44660193,0.8341463
2018-1-10T13-49-0,1515588540168,0.84390247,-0.034146342,0.44660193,0.84390247
2018-1-10T13-49-0,1515588540169,0.84390247,-0.034146342,0.4563107,0.84390247
2018-1-10T13-49-0,1515588540170,0.84390247,-0.034146342,0.4563107,0.84390247
2018-1-10T13-49-0,1515588540171,0.86341465,0.004878049,0.4563107,0.86341465
2018-1-10T13-49-0,1515588540172,0.85365856,0.004878049,0.44660193,0.85365856
2018-1-10T13-49-0,1515588540173,0.86341465,-0.004878049,0.4368932,0.86341465
2018-1-10T13-49-0,1515588540174,0.87317073,0.014634146,0.4368932,0.87317073
2018-1-10T13-49-0,1515588540175,0.85365856,-0.014634146,0.44660193,0.85365856
2018-1-10T13-49-0,1515588540176,0.84390247,-0.034146342,0.44660193,0.84390247
2018-1-10T13-49-0,1515588540177,0.82439023,-0.024390243,0.44660193,0.82439023
2018-1-10T13-49-0,1515588540178,0.8341463,-0.043902438,0.44660193,0.8341463
2018-1-10T13-49-0,1515588540179,0.8341463,-0.034146342,0.42718446,0.8341463
2018-1-10T13-49-0,1515588540180,0.82439023,-0.043902438,0.4368932,0.82439023
2018-1-10T13-49-0,1515588540181,0.8341463,-0.024390243,0.4368932,0.8341463
2018-1-10T13-49-0,1515588540182,0.84390247,-0.034146342,0.4368932,0.84390247
2018-1-10T13-49-0,1515588540183,0.84390247,-0.004878049,0.4368932,0.84390247
2018-1-10T13-49-0,1515588540184,0.84390247,-0.034146342,0.44660193,0.84390247
2018-1-10T13-49-0,1515588540185,0.86341465,-0.043902438,0.42718446,0.86341465
2018-1-10T13-49-0,1515588540186,0.86341465,-0.024390243,0.5339806,0.86341465
2018-1-10T13-49-0,1515588540187,0.86341465,-0.024390243,0.44660193,0.86341465
2018-1-10T13-49-0,1515588540188,0.86341465,-0.004878049,0.4368932,0.86341465
2018-1-10T13-49-0,1515588540189,0.86341465,-0.014634146,0.44660193,0.86341465
2018-1-10T13-49-0,1515588540190,0.84390247,-0.034146342,0.44660193,0.84390247
2018-1-10T13-49-0,1515588540191,0.8341463,-0.043902438,0.4368932,0.8341463
2018-1-10T13-49-0,1515588540192,0.82439023,-0.07317073,0.4563107,0.82439023
2018-1-10T13-49-0,1515588540193,0.82439023,-0.08292683,0.46601942,0.82439023
2018-1-10T13-49-0,1515588540194,0.8341463,-0.043902438,0.407767,0.8341463
2018-1-10T13-49-0,1515588540195,0.84390247,-0.043902438,0.4563107,0.84390247
2018-1-10T13-49-0,1515588540196,0.86341465,-0.024390243,0.4368932,0.86341465
2018-1-10T13-49-0,1515588540197,0.86341465,-0.014634146,0.4563107,0.86341465
2018-1-10T13-49-0,1515588540198,0.86341465,0.004878049,0.44660193,0.86341465
2018-1-10T13-49-0,1515588540199,0.87317073,0.004878049,0.44660193,0.87317073
2018-1-10T13-49-0,1515588540200,0.87317073,0.014634146,0.37864077,0.87317073
2018-1-10T13-49-0,1515588540201,0.85365856,0.004878049,0.4563107,0.85365856
2018-1-10T13-49-0,1515588540202,0.71707314,-0.014634146,0.4368932,0.71707314
2018-1-10T13-49-0,1515588540203,0.84390247,-0.014634146,0.41747573,0.84390247
2018-1-10T13-49-0,1515588540204,0.82439023,-0.014634146,0.42718446,0.82439023
2018-1-10T13-49-0,1515588540205,0.82439023,-0.014634146,0.46601942,0.82439023
2018-1-10T13-49-0,1515588540206,0.8341463,-0.014634146,0.44660193,0.8341463
2018-1-10T13-49-0,1515588540207,0.8341463,-0.004878049,0.4368932,0.8341463
2018-1-10T13-49-0,1515588540208,0.8341463,0.004878049,0.4368932,0.8341463
2018-1-10T13-49-0,1515588540209,0.84390247,0.004878049,0.4563107,0.84390247
2018-1-10T13-49-0,1515588540210,0.85365856,0.004878049,0.4563107,0.85365856
2018-1-10T13-49-0,1515588540211,0.85365856,0.014634146,0.4368932,0.85365856
2018-1-10T13-49-0,1515588540212,0.84390247,0.004878049,0.44660193,0.84390247
2018-1-10T13-49-0,1515588540213,0.84390247,-0.014634146,0.44660193,0.84390247
2018-1-10T13-49-0,1515588540214,0.84390247,-0.024390243,0.4563107,0.84390247
2018-1-10T13-49-0,1515588540215,0.84390247,-0.043902438,0.4368932,0.84390247
2018-1-10T13-49-0,1515588540216,0.8341463,-0.034146342,0.44660193,0.8341463
2018-1-10T13-49-0,1515588540217,0.8341463,-0.053658538,0.4368932,0.8341463
2018-1-10T13-49-0,1515588540218,0.8341463,-0.053658538,0.4368932,0.8341463
2018-1-10T13-49-0,1515588540219,0.81463414,-0.053658538,0.4563107,0.81463414
2018-1-10T13-49-0,1515588540220,0.8341463,-0.043902438,0.46601942,0.8341463
2018-1-10T13-49-0,1515588540221,0.87317073,-0.053658538,0.46601942,0.87317073
2018-1-10T13-49-0,1515588540222,0.85365856,-0.034146342,0.41747573,0.85365856
2018-1-10T13-49-0,1515588540223,0.86341465,-0.024390243,0.5048544,0.86341465
2018-1-10T13-49-0,1515588540224,0.8829268,0.06341463,0.46601942,0.8829268
2018-1-10T13-49-0,1515588540225,0.85365856,-0.004878049,0.4563107,0.85365856
2018-1-10T13-49-0,1515588540226,0.85365856,-0.004878049,0.46601942,0.85365856
2018-1-10T13-49-0,1515588540227,0.84390247,-0.014634146,0.4563107,0.84390247
2018-1-10T13-49-0,1515588540228,0.8341463,-0.004878049,0.44660193,0.8341463
2018-1-10T13-49-0,1515588540229,0.84390247,-0.024390243,0.41747573,0.84390247
2018-1-10T13-49-0,1515588540230,0.84390247,-0.034146342,0.4368932,0.84390247
2018-1-10T13-49-0,1515588540231,0.8341463,-0.024390243,0.4368932,0.8341463
2018-1-10T13-49-0,1515588540232,0.81463414,-0.034146342,0.44660193,0.81463414
2018-1-10T13-49-0,1515588540233,0.8341463,-0.024390243,0.4563107,0.8341463
2018-1-10T13-49-0,1515588540234,0.8341463,-0.014634146,0.46601942,0.8341463
2018-1-10T13-49-0,1515588540235,0.84390247,-0.024390243,0.46601942,0.84390247
2018-1-10T13-49-0,1515588540236,0.84390247,-0.014634146,0.44660193,0.84390247
2018-1-10T13-49-0,1515588540237,0.85365856,-0.014634146,0.42718446,0.85365856
2018-1-10T13-49-0,1515588540238,0.86341465,-0.014634146,0.4368932,0.86341465
2018-1-10T13-49-0,1515588540239,0.8341463,-0.024390243,0.4563107,0.8341463
2018-1-10T13-49-0,1515588540240,0.85365856,-0.024390243,0.46601942,0.85365856
2018-1-10T13-49-0,1515588540241,0.85365856,-0.08292683,0.42718446,0.85365856
2018-1-10T13-49-0,1515588540242,0.84390247,-0.024390243,0.4368932,0.84390247
2018-1-10T13-49-0,1515588540243,0.85365856,-0.034146342,0.4563107,0.85365856
2018-1-10T13-49-0,1515588540244,0.86341465,-0.024390243,0.4563107,0.86341465
2018-1-10T13-49-0,1515588540245,0.84390247,-0.034146342,0.44660193,0.84390247
2018-1-10T13-49-0,1515588540246,0.84390247,-0.034146342,0.44660193,0.84390247
2018-1-10T13-49-0,1515588540247,0.85365856,-0.034146342,0.44660193,0.85365856
2018-1-10T13-49-0,1515588540248,0.84390247,-0.043902438,0.46601942,0.84390247
2018-1-10T13-49-0,1515588540249,0.84390247,-0.043902438,0.4563107,0.84390247
2018-1-10T13-49-0,1515588540250,0.8341463,-0.034146342,0.4368932,0.8341463
2018-1-10T13-49-0,1515588540251,0.84390247,-0.024390243,0.42718446,0.84390247
2018-1-10T13-49-0,1515588540252,0.84390247,-0.014634146,0.46601942,0.84390247
2018-1-10T13-49-0,1515588540253,0.8341463,-0.004878049,0.44660193,0.8341463
2018-1-10T13-49-0,1515588540254,0.8341463,-0.034146342,0.4563107,0.8341463
2018-1-10T13-49-0,1515588540255,0.85365856,-0.014634146,0.44660193,0.85365856
2018-1-10T13-49-0,1515588540256,0.86341465,-0.004878049,0.46601942,0.86341465
2018-1-10T13-49-0,1515588540257,0.8341463,-0.004878049,0.44660193,0.8341463
2018-1-10T13-49-0,1515588540258,0.86341465,-0.024390243,0.46601942,0.86341465
2018-1-10T13-49-0,1515588540259,0.86341465,-0.024390243,0.4368932,0.86341465
2018-1-10T13-49-0,1515588540260,0.85365856,-0.014634146,0.44660193,0.85365856
2018-1-10T13-49-0,1515588540261,0.86341465,-0.034146342,0.44660193,0.86341465
2018-1-10T13-49-0,1515588540262,0.82439023,-0.034146342,0.49514562,0.82439023
2018-1-10T13-49-0,1515588540263,0.8341463,-0.024390243,0.44660193,0.8341463
2018-1-10T13-49-0,1515588540264,0.84390247,-0.024390243,0.4563107,0.84390247
2018-1-10T13-49-0,1515588540265,0.85365856,-0.024390243,0.4563107,0.85365856
2018-1-10T13-49-0,1515588540266,0.86341465,-0.024390243,0.44660193,0.86341465
2018-1-10T13-49-0,1515588540267,0.86341465,-0.024390243,0.44660193,0.86341465
2018-1-10T13-49-0,1515588540268,0.87317073,-0.014634146,0.44660193,0.87317073
2018-1-10T13-49-0,1515588540269,0.85365856,-0.024390243,0.4563107,0.85365856
2018-1-10T13-49-0,1515588540270,0.84390247,-0.043902438,0.44660193,0.84390247
2018-1-10T13-49-0,1515588540271,0.84390247,-0.053658538,0.44660193,0.84390247
2018-1-10T13-49-0,1515588540272,0.76585364,-0.053658538,0.4368932,0.76585364
2018-1-10T13-49-0,1515588540273,0.84390247,-0.043902438,0.44660193,0.84390247
2018-1-10T13-49-0,1515588540274,0.82439023,-0.053658538,0.44660193,0.82439023
2018-1-10T13-49-0,1515588540275,0.84390247,-0.043902438,0.44660193,0.84390247
2018-1-10T13-49-0,1515588540276,0.85365856,-0.034146342,0.46601942,0.85365856
2018-1-10T13-49-0,1515588540277,0.85365856,-0.004878049,0.39805827,0.85365856
2018-1-10T13-49-0,1515588540278,0.87317073,0.004878049,0.44660193,0.87317073
2018-1-10T13-49-0,1515588540279,0.87317073,-0.014634146,0.4563107,0.87317073
2018-1-10T13-49-0,1515588540280,0.84390247,0.004878049,0.4563107,0.84390247
2018-1-10T13-49-0,1515588540281,0.87317073,0.004878049,0.4563107,0.87317073
2018-1-10T13-49-0,1515588540282,0.87317073,0.004878049,0.4563107,0.87317073
2018-1-10T13-49-0,1515588540283,0.85365856,-0.004878049,0.44660193,0.85365856
2018-1-10T13-49-0,1515588540284,0.79512197,-0.004878049,0.4368932,0.79512197
2018-1-10T13-49-0,1515588540285,0.84390247,0.024390243,0.4368932,0.84390247
2018-1-10T13-49-0,1515588540286,0.8341463,-0.004878049,0.44660193,0.8341463
2018-1-10T13-49-0,1515588540287,0.82439023,-0.014634146,0.42718446,0.82439023
2018-1-10T13-49-0,1515588540288,0.82439023,-0.014634146,0.4368932,0.82439023
2018-1-10T13-49-0,1515588540289,0.8341463,-0.024390243,0.4368932,0.8341463
2018-1-10T13-49-0,1515588540290,0.85365856,-0.014634146,0.4563107,0.85365856
2018-1-10T13-49-0,1515588540291,0.8341463,-0.024390243,0.4563107,0.8341463
2018-1-10T13-49-0,1515588540292,0.84390247,-0.024390243,0.44660193,0.84390247
2018-1-10T13-49-0,1515588540293,0.8341463,-0.043902438,0.4563107,0.8341463
2018-1-10T13-49-0,1515588540294,0.85365856,-0.043902438,0.44660193,0.85365856
2018-1-10T13-49-0,1515588540295,0.86341465,-0.043902438,0.4563107,0.86341465
2018-1-10T13-49-0,1515588540296,0.84390247,-0.053658538,0.4563107,0.84390247
2018-1-10T13-49-0,1515588540297,0.8341463,-0.043902438,0.4563107,0.8341463
2018-1-10T13-49-0,1515588540298,0.8341463,-0.043902438,0.44660193,0.8341463
2018-1-10T13-49-0,1515588540299,0.84390247,-0.043902438,0.46601942,0.84390247
2018-1-10T13-49-0,1515588540300,0.84390247,-0.043902438,0.4563107,0.84390247
2018-1-10T13-49-0,1515588540301,0.84390247,-0.043902438,0.42718446,0.84390247
2018-1-10T13-49-0,1515588540302,0.84390247,-0.034146342,0.4368932,0.84390247
2018-1-10T13-49-0,1515588540303,0.85365856,-0.024390243,0.4563107,0.85365856
2018-1-10T13-49-0,1515588540304,0.8829268,-0.024390243,0.4854369,0.8829268
2018-1-10T13-49-0,1515588540305,0.86341465,-0.014634146,0.46601942,0.86341465
2018-1-10T13-49-0,1515588540306,0.85365856,-0.014634146,0.4368932,0.85365856
2018-1-10T13-49-0,1515588540307,0.85365856,-0.004878049,0.42718446,0.85365856
2018-1-10T13-49-0,1515588540308,0.85365856,-0.004878049,0.44660193,0.85365856
2018-1-10T13-49-0,1515588540309,0.84390247,-0.014634146,0.4368932,0.84390247
2018-1-10T13-49-0,1515588540310,0.8341463,-0.024390243,0.4368932,0.8341463
2018-1-10T13-49-0,1515588540311,0.82439023,-0.024390243,0.4368932,0.82439023
2018-1-10T13-49-0,1515588540312,0.81463414,-0.024390243,0.4563107,0.81463414
2018-1-10T13-49-0,1515588540313,0.84390247,-0.004878049,0.5145631,0.84390247
2018-1-10T13-49-0,1515588540314,0.86341465,0.004878049,0.44660193,0.86341465
2018-1-10T13-49-0,1515588540315,0.8829268,0.004878049,0.4368932,0.8829268
2018-1-10T13-49-0,1515588540316,0.86341465,-0.004878049,0.44660193,0.86341465
2018-1-10T13-49-0,1515588540317,0.85365856,-0.004878049,0.4563107,0.85365856
2018-1-10T13-49-0,1515588540318,0.84390247,-0.024390243,0.4563107,0.84390247
2018-1-10T13-49-0,1515588540319,0.85365856,-0.024390243,0.4563107,0.85365856
2018-1-10T13-49-0,1515588540320,0.8341463,-0.034146342,0.46601942,0.8341463
2018-1-10T13-49-0,1515588540321,0.79512197,0.004878049,0.44660193,0.79512197
2018-1-10T13-49-0,1515588540322,0.84390247,-0.034146342,0.4368932,0.84390247
2018-1-10T13-49-0,1515588540323,0.79512197,-0.053658538,0.4368932,0.79512197
2018-1-10T13-49-0,1515588540324,0.8341463,-0.043902438,0.44660193,0.8341463
2018-1-10T13-49-0,1515588540325,0.8341463,-0.043902438,0.46601942,0.8341463
2018-1-10T13-49-0,1515588540326,0.84390247,0.034146342,0.4563107,0.84390247
2018-1-10T13-49-0,1515588540327,0.84390247,-0.034146342,0.44660193,0.84390247
2018-1-10T13-49-0,1515588540328,0.86341465,-0.034146342,0.4563107,0.86341465
2018-1-10T13-49-0,1515588540329,0.86341465,-0.004878049,0.4563107,0.86341465
2018-1-10T13-49-0,1515588540330,0.86341465,-0.014634146,0.4563107,0.86341465
2018-1-10T13-49-0,1515588540331,0.86341465,-0.014634146,0.4368932,0.86341465
2018-1-10T13-49-0,1515588540332,0.85365856,-0.014634146,0.42718446,0.85365856
2018-1-10T13-49-0,1515588540333,0.84390247,0.004878049,0.44660193,0.84390247
2018-1-10T13-49-0,1515588540334,0.8341463,-0.043902438,0.46601942,0.8341463
2018-1-10T13-49-0,1515588540335,0.82439023,-0.06341463,0.4563107,0.82439023
2018-1-10T13-49-0,1515588540336,0.84390247,-0.024390243,0.46601942,0.84390247
2018-1-10T13-49-0,1515588540337,0.84390247,-0.014634146,0.42718446,0.84390247
2018-1-10T13-49-0,1515588540338,0.85365856,0.014634146,0.44660193,0.85365856
2018-1-10T13-49-0,1515588540339,0.86341465,0.004878049,0.4563107,0.86341465
2018-1-10T13-49-0,1515588540340,0.85365856,0.004878049,0.4563107,0.85365856
2018-1-10T13-49-0,1515588540341,0.86341465,0.004878049,0.44660193,0.86341465
2018-1-10T13-49-0,1515588540342,0.85365856,0.004878049,0.4368932,0.85365856
2018-1-10T13-49-0,1515588540343,0.85365856,-0.014634146,0.4563107,0.85365856
2018-1-10T13-49-0,1515588540344,0.84390247,-0.024390243,0.4563107,0.84390247
2018-1-10T13-49-0,1515588540345,0.85365856,-0.024390243,0.44660193,0.85365856
2018-1-10T13-49-0,1515588540346,0.85365856,-0.024390243,0.44660193,0.85365856
2018-1-10T13-49-0,1515588540347,0.85365856,-0.034146342,0.4368932,0.85365856
2018-1-10T13-49-0,1515588540348,0.84390247,-0.024390243,0.4368932,0.84390247
2018-1-10T13-49-0,1515588540349,0.84390247,-0.043902438,0.4368932,0.84390247
2018-1-10T13-49-0,1515588540350,0.84390247,-0.014634146,0.44660193,0.84390247
2018-1-10T13-49-0,1515588540351,0.84390247,-0.034146342,0.44660193,0.84390247
2018-1-10T13-49-0,1515588540352,0.84390247,-0.034146342,0.4368932,0.84390247
2018-1-10T13-49-0,1515588540353,0.84390247,-0.034146342,0.4563107,0.84390247
2018-1-10T13-49-0,1515588540354,0.85365856,-0.014634146,0.44660193,0.85365856
2018-1-10T13-49-0,1515588540355,0.84390247,-0.024390243,0.44660193,0.84390247
2018-1-10T13-49-0,1515588540356,0.84390247,-0.014634146,0.46601942,0.84390247
2018-1-10T13-49-0,1515588540357,0.86341465,-0.014634146,0.4368932,0.86341465
2018-1-10T13-49-0,1515588540358,0.84390247,-0.014634146,0.44660193,0.84390247
2018-1-10T13-49-0,1515588540359,0.8341463,-0.034146342,0.4563107,0.8341463
2018-1-10T13-49-0,1515588540360,0.84390247,-0.034146342,0.4563107,0.84390247
2018-1-10T13-49-0,1515588540361,0.84390247,-0.024390243,0.46601942,0.84390247
2018-1-10T13-49-0,1515588540362,0.85365856,-0.043902438,0.4563107,0.85365856
2018-1-10T13-49-0,1515588540363,0.85365856,-0.034146342,0.46601942,0.85365856
2018-1-10T13-49-0,1515588540364,0.85365856,-0.024390243,0.44660193,0.85365856
2018-1-10T13-49-0,1515588540365,0.84390247,-0.024390243,0.4563107,0.84390247
2018-1-10T13-49-0,1515588540366,0.86341465,-0.024390243,0.46601942,0.86341465
2018-1-10T13-49-0,1515588540367,0.84390247,-0.024390243,0.44660193,0.84390247
2018-1-10T13-49-0,1515588540368,0.84390247,-0.043902438,0.44660193,0.84390247
2018-1-10T13-49-0,1515588540369,0.86341465,-0.034146342,0.4563107,0.86341465
2018-1-10T13-49-0,1515588540370,0.84390247,-0.024390243,0.44660193,0.84390247
2018-1-10T13-49-0,1515588540371,0.84390247,-0.014634146,0.42718446,0.84390247
2018-1-10T13-49-0,1515588540372,0.84390247,-0.024390243,0.44660193,0.84390247
2018-1-10T13-49-0,1515588540373,0.84390247,-0.014634146,0.44660193,0.84390247
2018-1-10T13-49-0,1515588540374,0.8341463,-0.014634146,0.44660193,0.8341463
2018-1-10T13-49-0,1515588540375,0.84390247,-0.024390243,0.4368932,0.84390247
2018-1-10T13-49-0,1515588540376,0.8341463,-0.024390243,0.4563107,0.8341463
2018-1-10T13-49-0,1515588540377,0.92195123,-0.024390243,0.4368932,0.92195123
2018-1-10T13-49-0,1515588540378,0.8341463,-0.034146342,0.4368932,0.8341463
2018-1-10T13-49-0,1515588540379,0.8341463,-0.024390243,0.4368932,0.8341463
2018-1-10T13-49-0,1515588540380,0.8829268,-0.043902438,0.44660193,0.8829268
2018-1-10T13-49-0,1515588540381,0.8341463,-0.004878049,0.44660193,0.8341463
2018-1-10T13-49-0,1515588540382,0.84390247,-0.014634146,0.4368932,0.84390247
2018-1-10T13-49-0,1515588540383,0.85365856,0.014634146,0.4368932,0.85365856
2018-1-10T13-49-0,1515588540384,0.87317073,0.014634146,0.4368932,0.87317073
2018-1-10T13-49-0,1515588540385,0.902439,0.004878049,0.4368932,0.902439
2018-1-10T13-49-0,1515588540386,0.86341465,-0.004878049,0.4563107,0.86341465
2018-1-10T13-49-0,1515588540387,0.86341465,-0.014634146,0.44660193,0.86341465
2018-1-10T13-49-0,1515588540388,0.8341463,-0.024390243,0.44660193,0.8341463
2018-1-10T13-49-0,1515588540389,0.8341463,-0.024390243,0.4368932,0.8341463
2018-1-10T13-49-0,1515588540390,0.84390247,-0.014634146,0.44660193,0.84390247
2018-1-10T13-49-0,1515588540391,0.8341463,-0.024390243,0.4563107,0.8341463
2018-1-10T13-49-0,1515588540392,0.8341463,-0.043902438,0.44660193,0.8341463
2018-1-10T13-49-0,1515588540393,0.8341463,-0.024390243,0.44660193,0.8341463
2018-1-10T13-49-0,1515588540394,0.84390247,-0.034146342,0.4563107,0.84390247
2018-1-10T13-49-0,1515588540395,0.84390247,-0.034146342,0.44660193,0.84390247
2018-1-10T13-49-0,1515588540396,0.85365856,-0.09268293,0.4563107,0.85365856
2018-1-10T13-49-0,1515588540397,0.85365856,-0.024390243,0.46601942,0.85365856
2018-1-10T13-49-0,1515588540398,0.85365856,-0.014634146,0.4563107,0.85365856
2018-1-10T13-49-0,1515588540399,0.87317073,-0.014634146,0.44660193,0.87317073
2018-1-10T13-49-0,1515588540400,0.86341465,-0.024390243,0.47572815,0.86341465
2018-1-10T13-49-0,1515588540401,0.85365856,-0.024390243,0.44660193,0.85365856
2018-1-10T13-49-0,1515588540402,0.84390247,-0.043902438,0.4563107,0.84390247
2018-1-10T13-49-0,1515588540403,0.8341463,-0.043902438,0.44660193,0.8341463
2018-1-10T13-49-0,1515588540404,0.8341463,-0.034146342,0.4368932,0.8341463
2018-1-10T13-49-0,1515588540405,0.8341463,-0.014634146,0.4368932,0.8341463
2018-1-10T13-49-0,1515588540406,0.82439023,-0.034146342,0.44660193,0.82439023
2018-1-10T13-49-0,1515588540407,0.84390247,0.004878049,0.44660193,0.84390247
2018-1-10T13-49-0,1515588540408,0.84390247,-0.014634146,0.4563107,0.84390247
2018-1-10T13-49-0,1515588540409,0.85365856,-0.014634146,0.47572815,0.85365856
2018-1-10T13-49-0,1515588540410,0.85365856,-0.014634146,0.44660193,0.85365856
2018-1-10T13-49-0,1515588540411,0.84390247,-0.014634146,0.44660193,0.84390247
2018-1-10T13-49-0,1515588540412,0.87317073,-0.004878049,0.44660193,0.87317073
2018-1-10T13-49-0,1515588540413,0.85365856,-0.004878049,0.4368932,0.85365856
2018-1-10T13-49-0,1515588540414,0.86341465,-0.024390243,0.42718446,0.86341465
2018-1-10T13-49-0,1515588540415,0.8341463,-0.034146342,0.44660193,0.8341463
2018-1-10T13-49-0,1515588540416,0.8341463,-0.034146342,0.44660193,0.8341463
2018-1-10T13-49-0,1515588540417,0.8341463,-0.034146342,0.4563107,0.8341463
2018-1-10T13-49-0,1515588540418,0.84390247,-0.034146342,0.44660193,0.84390247
2018-1-10T13-49-0,1515588540419,0.84390247,-0.024390243,0.44660193,0.84390247
2018-1-10T13-49-0,1515588540420,0.85365856,-0.004878049,0.4563107,0.85365856
2018-1-10T13-49-0,1515588540421,0.86341465,-0.014634146,0.3883495,0.86341465
2018-1-10T13-49-0,1515588540422,0.86341465,-0.043902438,0.4563107,0.86341465
2018-1-10T13-49-0,1515588540423,0.81463414,-0.024390243,0.4563107,0.81463414
2018-1-10T13-49-0,1515588540424,0.86341465,-0.014634146,0.44660193,0.86341465
2018-1-10T13-49-0,1515588540425,0.86341465,-0.024390243,0.4563107,0.86341465
2018-1-10T13-49-0,1515588540426,0.84390247,-0.043902438,0.4563107,0.84390247
2018-1-10T13-49-0,1515588540427,0.8341463,-0.043902438,0.4368932,0.8341463
2018-1-10T13-49-0,1515588540428,0.85365856,-0.053658538,0.4368932,0.85365856
2018-1-10T13-49-0,1515588540429,0.8341463,-0.024390243,0.44660193,0.8341463
2018-1-10T13-49-0,1515588540430,0.82439023,-0.024390243,0.44660193,0.82439023
2018-1-10T13-49-0,1515588540431,0.82439023,-0.034146342,0.44660193,0.82439023
2018-1-10T13-49-0,1515588540432,0.82439023,-0.043902438,0.4563107,0.82439023
2018-1-10T13-49-0,1515588540433,0.85365856,-0.014634146,0.44660193,0.85365856
2018-1-10T13-49-0,1515588540434,0.85365856,-0.014634146,0.4368932,0.85365856
2018-1-10T13-49-0,1515588540435,0.85365856,0.024390243,0.44660193,0.85365856
2018-1-10T13-49-0,1515588540436,0.84390247,-0.004878049,0.4563107,0.84390247
2018-1-10T13-49-0,1515588540437,0.84390247,-0.014634146,0.44660193,0.84390247
2018-1-10T13-49-0,1515588540438,0.85365856,-0.024390243,0.4368932,0.85365856
2018-1-10T13-49-0,1515588540439,0.85365856,-0.024390243,0.44660193,0.85365856
2018-1-10T13-49-0,1515588540440,0.84390247,-0.014634146,0.4563107,0.84390247
2018-1-10T13-49-0,1515588540441,0.84390247,0.053658538,0.4563107,0.84390247
2018-1-10T13-49-0,1515588540442,0.8341463,-0.034146342,0.4368932,0.8341463
2018-1-10T13-49-0,1515588540443,0.8341463,-0.034146342,0.4368932,0.8341463
2018-1-10T13-49-0,1515588540444,0.8341463,-0.024390243,0.4563107,0.8341463
2018-1-10T13-49-0,1515588540445,0.8341463,-0.024390243,0.4563107,0.8341463
2018-1-10T13-49-0,1515588540446,0.85365856,-0.014634146,0.44660193,0.85365856
2018-1-10T13-49-0,1515588540447,0.84390247,-0.043902438,0.44660193,0.84390247
2018-1-10T13-49-0,1515588540448,0.84390247,-0.004878049,0.44660193,0.84390247
2018-1-10T13-49-0,1515588540449,0.84390247,-0.014634146,0.44660193,0.84390247
2018-1-10T13-49-0,1515588540450,0.84390247,-0.024390243,0.44660193,0.84390247
2018-1-10T13-49-0,1515588540451,0.87317073,-0.014634146,0.4563107,0.87317073
2018-1-10T13-49-0,1515588540452,0.85365856,-0.034146342,0.4563107,0.85365856
2018-1-10T13-49-0,1515588540453,0.84390247,-0.024390243,0.44660193,0.84390247
2018-1-10T13-49-0,1515588540454,0.85365856,-0.014634146,0.4563107,0.85365856
2018-1-10T13-49-0,1515588540455,0.86341465,-0.004878049,0.4563107,0.86341465
2018-1-10T13-49-0,1515588540456,0.91219515,-0.004878049,0.44660193,0.91219515
2018-1-10T13-49-0,1515588540457,0.84390247,-0.024390243,0.44660193,0.84390247
2018-1-10T13-49-0,1515588540458,0.84390247,-0.014634146,0.4563107,0.84390247
2018-1-10T13-49-0,1515588540459,0.85365856,-0.014634146,0.4563107,0.85365856
2018-1-10T13-49-0,1515588540460,0.8341463,-0.034146342,0.4563107,0.8341463
2018-1-10T13-49-0,1515588540461,0.82439023,-0.034146342,0.4563107,0.82439023
2018-1-10T13-49-0,1515588540462,0.84390247,-0.034146342,0.42718446,0.84390247
2018-1-10T13-49-0,1515588540463,0.84390247,-0.014634146,0.4368932,0.84390247
2018-1-10T13-49-0,1515588540464,0.84390247,-0.034146342,0.44660193,0.84390247
2018-1-10T13-49-0,1515588540465,0.81463414,-0.034146342,0.4563107,0.81463414
2018-1-10T13-49-0,1515588540466,0.84390247,-0.024390243,0.42718446,0.84390247
2018-1-10T13-49-0,1515588540467,0.84390247,-0.053658538,0.44660193,0.84390247
2018-1-10T13-49-0,1515588540468,0.84390247,-0.024390243,0.44660193,0.84390247
2018-1-10T13-49-0,1515588540469,0.86341465,-0.024390243,0.4563107,0.86341465
2018-1-10T13-49-0,1515588540470,0.85365856,-0.014634146,0.44660193,0.85365856
2018-1-10T13-49-0,1515588540471,0.86341465,-0.014634146,0.44660193,0.86341465
2018-1-10T13-49-0,1515588540472,0.84390247,-0.024390243,0.44660193,0.84390247
2018-1-10T13-49-0,1515588540473,0.8341463,-0.034146342,0.44660193,0.8341463
2018-1-10T13-49-0,1515588540474,0.8341463,-0.024390243,0.4563107,0.8341463
2018-1-10T13-49-0,1515588540475,0.84390247,-0.034146342,0.4563107,0.84390247
2018-1-10T13-49-0,1515588540476,0.84390247,-0.034146342,0.44660193,0.84390247
2018-1-10T13-49-0,1515588540477,0.84390247,-0.034146342,0.4368932,0.84390247
2018-1-10T13-49-0,1515588540478,0.86341465,-0.014634146,0.4368932,0.86341465
2018-1-10T13-49-0,1515588540479,0.82439023,-0.024390243,0.46601942,0.82439023
2018-1-10T13-49-0,1515588540480,0.85365856,-0.014634146,0.44660193,0.85365856
2018-1-10T13-49-0,1515588540481,0.84390247,-0.024390243,0.4563107,0.84390247
2018-1-10T13-49-0,1515588540482,0.85365856,-0.014634146,0.4563107,0.85365856
2018-1-10T13-49-0,1515588540483,0.85365856,-0.034146342,0.4563107,0.85365856
2018-1-10T13-49-0,1515588540484,0.84390247,-0.014634146,0.44660193,0.84390247
2018-1-10T13-49-0,1515588540485,0.84390247,-0.043902438,0.4368932,0.84390247
2018-1-10T13-49-0,1515588540486,0.84390247,-0.024390243,0.4368932,0.84390247
2018-1-10T13-49-0,1515588540487,0.84390247,-0.024390243,0.4563107,0.84390247
2018-1-10T13-49-0,1515588540488,0.85365856,-0.024390243,0.4563107,0.85365856
2018-1-10T13-49-0,1515588540489,0.86341465,-0.024390243,0.4368932,0.86341465
2018-1-10T13-49-0,1515588540490,0.84390247,-0.014634146,0.42718446,0.84390247
2018-1-10T13-49-0,1515588540491,0.85365856,-0.004878049,0.4563107,0.85365856
2018-1-10T13-49-0,1515588540492,0.86341465,-0.014634146,0.4563107,0.86341465
2018-1-10T13-49-0,1515588540493,0.84390247,-0.004878049,0.44660193,0.84390247
2018-1-10T13-49-0,1515588540494,0.85365856,0.004878049,0.4368932,0.85365856
2018-1-10T13-49-0,1515588540495,0.84390247,-0.014634146,0.42718446,0.84390247
2018-1-10T13-49-0,1515588540496,0.8341463,-0.014634146,0.4563107,0.8341463
2018-1-10T13-49-0,1515588540497,0.8341463,-0.004878049,0.3883495,0.8341463
2018-1-10T13-49-0,1515588540498,0.8341463,-0.024390243,0.42718446,0.8341463
2018-1-10T13-49-0,1515588540499,0.84390247,-0.004878049,0.44660193,0.84390247
2018-1-10T13-49-0,1515588540500,0.8341463,-0.014634146,0.44660193,0.8341463
2018-1-10T13-49-0,1515588540501,0.84390247,-0.004878049,0.46601942,0.84390247
2018-1-10T13-49-0,1515588540502,0.86341465,-0.014634146,0.4563107,0.86341465
2018-1-10T13-49-0,1515588540503,0.86341465,-0.004878049,0.4563107,0.86341465
2018-1-10T13-49-0,1515588540504,0.86341465,-0.004878049,0.4563107,0.86341465
2018-1-10T13-49-0,1515588540505,0.85365856,-0.014634146,0.44660193,0.85365856
2018-1-10T13-49-0,1515588540506,0.85365856,-0.034146342,0.4563107,0.85365856
2018-1-10T13-49-0,1515588540507,0.8829268,-0.034146342,0.4563107,0.8829268
2018-1-10T13-49-0,1515588540508,0.84390247,-0.043902438,0.4368932,0.84390247
2018-1-10T13-49-0,1515588540509,0.8341463,-0.034146342,0.44660193,0.8341463
2018-1-10T13-49-0,1515588540510,0.82439023,-0.034146342,0.44660193,0.82439023
2018-1-10T13-49-0,1515588540511,0.8341463,-0.053658538,0.44660193,0.8341463
2018-1-10T13-49-0,1515588540512,0.85365856,-0.043902438,0.44660193,0.85365856
2018-1-10T13-49-0,1515588540513,0.84390247,-0.043902438,0.44660193,0.84390247
2018-1-10T13-49-0,1515588540514,0.85365856,0.053658538,0.4563107,0.85365856
2018-1-10T13-49-0,1515588540515,0.86341465,-0.024390243,0.46601942,0.86341465
2018-1-10T13-49-0,1515588540516,0.86341465,-0.043902438,0.44660193,0.86341465
2018-1-10T13-49-0,1515588540517,0.85365856,-0.004878049,0.4368932,0.85365856
2018-1-10T13-49-0,1515588540518,0.85365856,-0.014634146,0.44660193,0.85365856
2018-1-10T13-49-0,1515588540519,0.82439023,-0.024390243,0.44660193,0.82439023
2018-1-10T13-49-0,1515588540520,0.8341463,-0.034146342,0.3883495,0.8341463
2018-1-10T13-49-0,1515588540521,0.8341463,-0.034146342,0.4368932,0.8341463
2018-1-10T13-49-0,1515588540522,0.8341463,-0.024390243,0.4563107,0.8341463
2018-1-10T13-49-0,1515588540523,0.8341463,-0.034146342,0.46601942,0.8341463
2018-1-10T13-49-0,1515588540524,0.8341463,-0.014634146,0.44660193,0.8341463
2018-1-10T13-49-0,1515588540525,0.86341465,-0.004878049,0.44660193,0.86341465
2018-1-10T13-49-0,1515588540526,0.85365856,0.004878049,0.44660193,0.85365856
2018-1-10T13-49-0,1515588540527,0.86341465,0.004878049,0.47572815,0.86341465
2018-1-10T13-49-0,1515588540528,0.902439,-0.004878049,0.4368932,0.902439
2018-1-10T13-49-0,1515588540529,0.84390247,-0.004878049,0.4563107,0.84390247
2018-1-10T13-49-0,1515588540530,0.85365856,-0.014634146,0.4563107,0.85365856
2018-1-10T13-49-0,1515588540531,0.84390247,-0.004878049,0.47572815,0.84390247
2018-1-10T13-49-0,1515588540532,0.8341463,-0.034146342,0.42718446,0.8341463
2018-1-10T13-49-0,1515588540533,0.8341463,-0.024390243,0.5436893,0.8341463
2018-1-10T13-49-0,1515588540534,0.82439023,-0.034146342,0.44660193,0.82439023
2018-1-10T13-49-0,1515588540535,0.82439023,-0.043902438,0.4368932,0.82439023
2018-1-10T13-49-0,1515588540536,0.82439023,-0.034146342,0.44660193,0.82439023
2018-1-10T13-49-0,1515588540537,0.84390247,-0.053658538,0.4563107,0.84390247
2018-1-10T13-49-0,1515588540538,0.8829268,-0.034146342,0.46601942,0.8829268
2018-1-10T13-49-0,1515588540539,0.86341465,-0.014634146,0.47572815,0.86341465
2018-1-10T13-49-0,1515588540540,0.86341465,-0.024390243,0.4563107,0.86341465
2018-1-10T13-49-0,1515588540541,0.86341465,-0.014634146,0.4563107,0.86341465
2018-1-10T13-49-0,1515588540542,0.86341465,-0.024390243,0.4563107,0.86341465
2018-1-10T13-49-0,1515588540543,0.84390247,-0.034146342,0.44660193,0.84390247
2018-1-10T13-49-0,1515588540544,0.84390247,-0.034146342,0.4563107,0.84390247
2018-1-10T13-49-0,1515588540545,0.8341463,-0.043902438,0.4563107,0.8341463
2018-1-10T13-49-0,1515588540546,0.8341463,-0.004878049,0.46601942,0.8341463
2018-1-10T13-49-0,1515588540547,0.8341463,-0.034146342,0.4368932,0.8341463
2018-1-10T13-49-0,1515588540548,0.85365856,-0.024390243,0.44660193,0.85365856
2018-1-10T13-49-0,1515588540549,0.85365856,-0.024390243,0.46601942,0.85365856
2018-1-10T13-49-0,1515588540550,0.86341465,-0.053658538,0.46601942,0.86341465
2018-1-10T13-49-0,1515588540551,0.84390247,-0.014634146,0.4563107,0.84390247
2018-1-10T13-49-0,1515588540552,0.8341463,-0.014634146,0.44660193,0.8341463
2018-1-10T13-49-0,1515588540553,0.84390247,-0.004878049,0.44660193,0.84390247
2018-1-10T13-49-0,1515588540554,0.85365856,-0.014634146,0.4368932,0.85365856
2018-1-10T13-49-0,1515588540555,0.82439023,-0.024390243,0.4368932,0.82439023
2018-1-10T13-49-0,1515588540556,0.8341463,-0.014634146,0.4368932,0.8341463
2018-1-10T13-49-0,1515588540557,0.85365856,-0.004878049,0.44660193,0.85365856
2018-1-10T13-49-0,1515588540558,0.8341463,0.004878049,0.44660193,0.8341463
2018-1-10T13-49-0,1515588540559,0.84390247,-0.014634146,0.44660193,0.84390247
2018-1-10T13-49-0,1515588540560,0.84390247,-0.014634146,0.4368932,0.84390247
2018-1-10T13-49-0,1515588540561,0.86341465,-0.014634146,0.4368932,0.86341465
2018-1-10T13-49-0,1515588540562,0.84390247,-0.024390243,0.46601942,0.84390247
2018-1-10T13-49-0,1515588540563,0.84390247,-0.034146342,0.4368932,0.84390247
2018-1-10T13-49-0,1515588540564,0.84390247,-0.043902438,0.4368932,0.84390247
2018-1-10T13-49-0,1515588540565,0.85365856,-0.014634146,0.4368932,0.85365856
2018-1-10T13-49-0,1515588540566,0.84390247,-0.024390243,0.46601942,0.84390247
2018-1-10T13-49-0,1515588540567,0.84390247,-0.024390243,0.4563107,0.84390247
2018-1-10T13-49-0,1515588540569,0.84390247,-0.034146342,0.42718446,0.84390247
2018-1-10T13-49-0,1515588540570,0.84390247,-0.024390243,0.4368932,0.84390247
2018-1-10T13-49-0,1515588540571,0.8341463,-0.024390243,0.4563107,0.8341463
2018-1-10T13-49-0,1515588540572,0.84390247,-0.014634146,0.44660193,0.84390247
2018-1-10T13-49-0,1515588540573,0.84390247,-0.034146342,0.44660193,0.84390247
2018-1-10T13-49-0,1515588540574,0.84390247,-0.024390243,0.47572815,0.84390247
2018-1-10T13-49-0,1515588540575,0.84390247,-0.014634146,0.44660193,0.84390247
2018-1-10T13-49-0,1515588540576,0.85365856,-0.024390243,0.44660193,0.85365856
2018-1-10T13-49-0,1515588540577,0.84390247,-0.024390243,0.44660193,0.84390247
2018-1-10T13-49-0,1515588540578,0.84390247,-0.024390243,0.4368932,0.84390247
2018-1-10T13-49-0,1515588540579,0.84390247,-0.014634146,0.4368932,0.84390247
2018-1-10T13-49-0,1515588540580,0.85365856,-0.014634146,0.4563107,0.85365856
2018-1-10T13-49-0,1515588540581,0.84390247,-0.024390243,0.4563107,0.84390247
2018-1-10T13-49-0,1515588540582,0.8341463,-0.034146342,0.44660193,0.8341463
2018-1-10T13-49-0,1515588540583,0.85365856,-0.024390243,0.44660193,0.85365856
2018-1-10T13-49-0,1515588540584,0.84390247,-0.014634146,0.4563107,0.84390247
2018-1-10T13-49-0,1515588540585,0.86341465,-0.034146342,0.47572815,0.86341465
2018-1-10T13-49-0,1515588540586,0.85365856,-0.024390243,0.4563107,0.85365856
2018-1-10T13-49-0,1515588540587,0.84390247,-0.034146342,0.44660193,0.84390247
2018-1-10T13-49-0,1515588540588,0.8341463,-0.014634146,0.4563107,0.8341463
2018-1-10T13-49-0,1515588540589,0.85365856,-0.024390243,0.44660193,0.85365856
2018-1-10T13-49-0,1515588540590,0.8341463,-0.034146342,0.4368932,0.8341463
2018-1-10T13-49-0,1515588540591,0.8341463,-0.043902438,0.4368932,0.8341463
2018-1-10T13-49-0,1515588540592,0.8341463,-0.034146342,0.4563107,0.8341463
2018-1-10T13-49-0,1515588540593,0.84390247,-0.043902438,0.4563107,0.84390247
2018-1-10T13-49-0,1515588540594,0.85365856,-0.034146342,0.44660193,0.85365856
2018-1-10T13-49-0,1515588540595,0.82439023,-0.004878049,0.4563107,0.82439023
2018-1-10T13-49-0,1515588540596,0.85365856,-0.004878049,0.44660193,0.85365856
2018-1-10T13-49-0,1515588540597,0.85365856,-0.014634146,0.44660193,0.85365856
2018-1-10T13-49-0,1515588540598,0.86341465,-0.004878049,0.44660193,0.86341465
2018-1-10T13-49-0,1515588540599,0.85365856,-0.004878049,0.4563107,0.85365856
2018-1-10T13-49-0,1515588540600,0.84390247,-0.024390243,0.4563107,0.84390247
2018-1-10T13-49-0,1515588540601,0.8341463,-0.034146342,0.4563107,0.8341463
2018-1-10T13-49-0,1515588540602,0.84390247,-0.034146342,0.4368932,0.84390247
2018-1-10T13-49-0,1515588540603,0.8341463,-0.024390243,0.4563107,0.8341463
2018-1-10T13-49-0,1515588540604,0.84390247,-0.034146342,0.42718446,0.84390247
2018-1-10T13-49-0,1515588540605,0.8341463,-0.043902438,0.42718446,0.8341463
2018-1-10T13-49-0,1515588540606,0.84390247,-0.034146342,0.44660193,0.84390247
2018-1-10T13-49-0,1515588540607,0.84390247,-0.024390243,0.44660193,0.84390247
2018-1-10T13-49-0,1515588540608,0.85365856,-0.024390243,0.46601942,0.85365856
2018-1-10T13-49-0,1515588540609,0.85365856,-0.014634146,0.5048544,0.85365856
2018-1-10T13-49-0,1515588540610,0.86341465,-0.004878049,0.4563107,0.86341465
2018-1-10T13-49-0,1515588540611,0.86341465,-0.014634146,0.4563107,0.86341465
2018-1-10T13-49-0,1515588540612,0.85365856,-0.004878049,0.44660193,0.85365856
2018-1-10T13-49-0,1515588540613,0.86341465,-0.004878049,0.3883495,0.86341465
2018-1-10T13-49-0,1515588540614,0.85365856,-0.014634146,0.44660193,0.85365856
2018-1-10T13-49-0,1515588540615,0.8341463,-0.024390243,0.46601942,0.8341463
2018-1-10T13-49-0,1515588540616,0.82439023,-0.043902438,0.44660193,0.82439023
2018-1-10T13-49-0,1515588540617,0.81463414,-0.053658538,0.42718446,0.81463414
2018-1-10T13-49-0,1515588540618,0.84390247,-0.034146342,0.4368932,0.84390247
2018-1-10T13-49-0,1515588540619,0.84390247,-0.034146342,0.44660193,0.84390247
2018-1-10T13-49-0,1515588540620,0.85365856,-0.014634146,0.4563107,0.85365856
2018-1-10T13-49-0,1515588540621,0.85365856,-0.014634146,0.46601942,0.85365856
2018-1-10T13-49-0,1515588540622,0.85365856,-0.014634146,0.44660193,0.85365856
2018-1-10T13-49-0,1515588540623,0.86341465,-0.024390243,0.44660193,0.86341465
2018-1-10T13-49-0,1515588540624,0.86341465,-0.014634146,0.42718446,0.86341465
2018-1-10T13-49-0,1515588540625,0.86341465,-0.014634146,0.44660193,0.86341465
2018-1-10T13-49-0,1515588540626,0.8341463,-0.024390243,0.4368932,0.8341463
2018-1-10T13-49-0,1515588540627,0.8341463,-0.034146342,0.41747573,0.8341463
2018-1-10T13-49-0,1515588540628,0.82439023,-0.014634146,0.4563107,0.82439023
2018-1-10T13-49-0,1515588540629,0.82439023,-0.024390243,0.47572815,0.82439023
2018-1-10T13-49-0,1515588540630,0.84390247,-0.034146342,0.4563107,0.84390247
2018-1-10T13-49-0,1515588540631,0.84390247,-0.024390243,0.4368932,0.84390247
2018-1-10T13-49-0,1515588540632,0.85365856,-0.024390243,0.46601942,0.85365856
2018-1-10T13-49-0,1515588540633,0.86341465,-0.043902438,0.4563107,0.86341465
2018-1-10T13-49-0,1515588540634,0.86341465,-0.024390243,0.47572815,0.86341465
2018-1-10T13-49-0,1515588540635,0.85365856,0.06341463,0.4563107,0.85365856
2018-1-10T13-49-0,1515588540636,0.86341465,-0.043902438,0.46601942,0.86341465
2018-1-10T13-49-0,1515588540637,0.84390247,-0.024390243,0.44660193,0.84390247
2018-1-10T13-49-0,1515588540638,0.84390247,0.053658538,0.44660193,0.84390247
2018-1-10T13-49-0,1515588540639,0.84390247,-0.014634146,0.41747573,0.84390247
2018-1-10T13-49-0,1515588540640,0.86341465,-0.024390243,0.42718446,0.86341465
2018-1-10T13-49-0,1515588540641,0.82439023,-0.024390243,0.44660193,0.82439023
2018-1-10T13-49-0,1515588540642,0.82439023,-0.043902438,0.44660193,0.82439023
2018-1-10T13-49-0,1515588540643,0.8341463,-0.043902438,0.4563107,0.8341463
2018-1-10T13-49-0,1515588540644,0.84390247,-0.024390243,0.46601942,0.84390247
2018-1-10T13-49-0,1515588540645,0.84390247,-0.004878049,0.4563107,0.84390247
2018-1-10T13-49-0,1515588540646,0.86341465,-0.004878049,0.4563107,0.86341465
2018-1-10T13-49-0,1515588540647,0.86341465,-0.004878049,0.4563107,0.86341465
2018-1-10T13-49-0,1515588540648,0.87317073,-0.004878049,0.44660193,0.87317073
2018-1-10T13-49-0,1515588540649,0.84390247,-0.014634146,0.4368932,0.84390247
2018-1-10T13-49-0,1515588540650,0.8341463,-0.024390243,0.44660193,0.8341463
2018-1-10T13-49-0,1515588540651,0.80487806,-0.024390243,0.4563107,0.80487806
2018-1-10T13-49-0,1515588540652,0.82439023,-0.034146342,0.4563107,0.82439023
2018-1-10T13-49-0,1515588540653,0.8341463,-0.014634146,0.4368932,0.8341463
2018-1-10T13-49-0,1515588540654,0.8341463,-0.024390243,0.41747573,0.8341463
2018-1-10T13-49-0,1515588540655,0.84390247,-0.034146342,0.4563107,0.84390247
2018-1-10T13-49-0,1515588540656,0.8341463,-0.034146342,0.46601942,0.8341463
2018-1-10T13-49-0,1515588540657,0.84390247,-0.034146342,0.4854369,0.84390247
2018-1-10T13-49-0,1515588540658,0.86341465,-0.014634146,0.4563107,0.86341465
2018-1-10T13-49-0,1515588540659,0.86341465,-0.043902438,0.44660193,0.86341465
2018-1-10T13-49-0,1515588540660,0.85365856,-0.034146342,0.41747573,0.85365856
2018-1-10T13-49-0,1515588540661,0.85365856,-0.034146342,0.44660193,0.85365856
2018-1-10T13-49-0,1515588540662,0.8341463,-0.034146342,0.4854369,0.8341463
2018-1-10T13-49-0,1515588540663,0.84390247,-0.034146342,0.42718446,0.84390247
2018-1-10T13-49-0,1515588540664,0.8341463,-0.043902438,0.44660193,0.8341463
2018-1-10T13-49-0,1515588540665,0.85365856,-0.034146342,0.44660193,0.85365856
2018-1-10T13-49-0,1515588540666,0.84390247,-0.024390243,0.44660193,0.84390247
2018-1-10T13-49-0,1515588540667,0.85365856,-0.004878049,0.44660193,0.85365856
2018-1-10T13-49-0,1515588540668,0.85365856,-0.004878049,0.44660193,0.85365856
2018-1-10T13-49-0,1515588540669,0.84390247,-0.014634146,0.44660193,0.84390247
2018-1-10T13-49-0,1515588540670,0.8341463,-0.024390243,0.44660193,0.8341463
2018-1-10T13-49-0,1515588540671,0.84390247,-0.034146342,0.4563107,0.84390247
2018-1-10T13-49-0,1515588540672,0.8341463,-0.053658538,0.4563107,0.8341463
2018-1-10T13-49-0,1515588540673,0.82439023,-0.043902438,0.4563107,0.82439023
2018-1-10T13-49-0,1515588540674,0.84390247,-0.004878049,0.44660193,0.84390247
2018-1-10T13-49-0,1515588540675,0.86341465,-0.004878049,0.41747573,0.86341465
2018-1-10T13-49-0,1515588540676,0.86341465,-0.014634146,0.4368932,0.86341465
2018-1-10T13-49-0,1515588540677,0.85365856,-0.014634146,0.4368932,0.85365856
2018-1-10T13-49-0,1515588540678,0.84390247,-0.014634146,0.4563107,0.84390247
2018-1-10T13-49-0,1515588540679,0.84390247,-0.024390243,0.4563107,0.84390247
2018-1-10T13-49-0,1515588540680,0.84390247,-0.014634146,0.4563107,0.84390247
2018-1-10T13-49-0,1515588540681,0.85365856,-0.004878049,0.44660193,0.85365856
2018-1-10T13-49-0,1515588540682,0.86341465,-0.024390243,0.46601942,0.86341465
2018-1-10T13-49-0,1515588540683,0.85365856,-0.004878049,0.46601942,0.85365856
2018-1-10T13-49-0,1515588540684,0.86341465,-0.014634146,0.4563107,0.86341465
2018-1-10T13-49-0,1515588540685,0.84390247,-0.053658538,0.44660193,0.84390247
2018-1-10T13-49-0,1515588540686,0.84390247,-0.024390243,0.44660193,0.84390247
2018-1-10T13-49-0,1515588540687,0.86341465,-0.024390243,0.44660193,0.86341465
2018-1-10T13-49-0,1515588540688,0.84390247,-0.024390243,0.46601942,0.84390247
2018-1-10T13-49-0,1515588540689,0.84390247,-0.034146342,0.44660193,0.84390247
2018-1-10T13-49-0,1515588540690,0.84390247,-0.034146342,0.39805827,0.84390247
2018-1-10T13-49-0,1515588540691,0.84390247,-0.024390243,0.42718446,0.84390247
2018-1-10T13-49-0,1515588540692,0.85365856,-0.043902438,0.44660193,0.85365856
2018-1-10T13-49-0,1515588540693,0.84390247,-0.024390243,0.44660193,0.84390247
2018-1-10T13-49-0,1515588540694,0.8341463,-0.034146342,0.42718446,0.8341463
2018-1-10T13-49-0,1515588540695,0.8341463,-0.034146342,0.42718446,0.8341463
2018-1-10T13-49-0,1515588540696,0.79512197,-0.034146342,0.4368932,0.79512197
2018-1-10T13-49-0,1515588540697,0.84390247,-0.034146342,0.4563107,0.84390247
2018-1-10T13-49-0,1515588540698,0.85365856,-0.024390243,0.4563107,0.85365856
2018-1-10T13-49-0,1515588540699,0.86341465,-0.004878049,0.4368932,0.86341465
2018-1-10T13-49-0,1515588540700,0.85365856,-0.06341463,0.5048544,0.85365856
2018-1-10T13-49-0,1515588540701,0.87317073,-0.004878049,0.4563107,0.87317073
2018-1-10T13-49-0,1515588540702,0.86341465,-0.004878049,0.44660193,0.86341465
2018-1-10T13-49-0,1515588540703,0.84390247,-0.014634146,0.4368932,0.84390247
2018-1-10T13-49-0,1515588540704,0.8829268,-0.034146342,0.4563107,0.8829268
2018-1-10T13-49-0,1515588540705,0.84390247,-0.024390243,0.4563107,0.84390247
2018-1-10T13-49-0,1515588540706,0.8341463,-0.024390243,0.46601942,0.8341463
2018-1-10T13-49-0,1515588540707,0.84390247,-0.024390243,0.44660193,0.84390247
2018-1-10T13-49-0,1515588540708,0.8341463,-0.034146342,0.44660193,0.8341463
2018-1-10T13-49-0,1515588540709,0.84390247,-0.034146342,0.46601942,0.84390247
2018-1-10T13-49-0,1515588540710,0.84390247,-0.043902438,0.4563107,0.84390247
2018-1-10T13-49-0,1515588540711,0.87317073,-0.043902438,0.44660193,0.87317073
2018-1-10T13-49-0,1515588540712,0.82439023,-0.043902438,0.4368932,0.82439023
2018-1-10T13-49-0,1515588540713,0.7853659,-0.024390243,0.46601942,0.7853659
2018-1-10T13-49-0,1515588540714,0.85365856,-0.043902438,0.39805827,0.85365856
2018-1-10T13-49-0,1515588540715,0.82439023,-0.034146342,0.44660193,0.82439023
2018-1-10T13-49-0,1515588540716,0.87317073,-0.014634146,0.44660193,0.87317073
2018-1-10T13-49-0,1515588540717,0.86341465,-0.024390243,0.44660193,0.86341465
2018-1-10T13-49-0,1515588540718,0.86341465,-0.024390243,0.4563107,0.86341465
2018-1-10T13-49-0,1515588540719,0.84390247,-0.024390243,0.42718446,0.84390247
2018-1-10T13-49-0,1515588540720,0.84390247,-0.053658538,0.4368932,0.84390247
2018-1-10T13-49-0,1515588540721,0.8341463,-0.034146342,0.4368932,0.8341463
2018-1-10T13-49-0,1515588540722,0.8341463,-0.053658538,0.4563107,0.8341463
2018-1-10T13-49-0,1515588540723,0.82439023,-0.043902438,0.46601942,0.82439023
2018-1-10T13-49-0,1515588540724,0.84390247,-0.034146342,0.44660193,0.84390247
2018-1-10T13-49-0,1515588540725,0.86341465,-0.004878049,0.4368932,0.86341465
2018-1-10T13-49-0,1515588540726,0.85365856,0.004878049,0.4563107,0.85365856
2018-1-10T13-49-0,1515588540727,0.84390247,-0.004878049,0.4563107,0.84390247
2018-1-10T13-49-0,1515588540728,0.84390247,-0.004878049,0.44660193,0.84390247
2018-1-10T13-49-0,1515588540729,0.86341465,-0.004878049,0.44660193,0.86341465
2018-1-10T13-49-0,1515588540730,0.85365856,-0.014634146,0.42718446,0.85365856
2018-1-10T13-49-0,1515588540731,0.8341463,-0.043902438,0.42718446,0.8341463
2018-1-10T13-49-0,1515588540732,0.5512195,-0.08292683,0.44660193,0.5512195
2018-1-10T13-49-0,1515588540733,0.8341463,-0.034146342,0.4563107,0.8341463
2018-1-10T13-49-0,1515588540734,0.85365856,-0.043902438,0.4368932,0.85365856
2018-1-10T13-49-0,1515588540735,0.8341463,-0.024390243,0.4368932,0.8341463
2018-1-10T13-49-0,1515588540736,0.82439023,-0.024390243,0.44660193,0.82439023
2018-1-10T13-49-0,1515588540737,0.86341465,-0.004878049,0.4563107,0.86341465
2018-1-10T13-49-0,1515588540738,0.85365856,0.004878049,0.46601942,0.85365856
2018-1-10T13-49-0,1515588540739,0.86341465,0.004878049,0.42718446,0.86341465
2018-1-10T13-49-0,1515588540740,0.85365856,-0.004878049,0.4368932,0.85365856
2018-1-10T13-49-0,1515588540741,0.86341465,-0.014634146,0.44660193,0.86341465
2018-1-10T13-49-0,1515588540742,0.86341465,-0.024390243,0.4563107,0.86341465
2018-1-10T13-49-0,1515588540743,0.85365856,-0.043902438,0.4563107,0.85365856
2018-1-10T13-49-0,1515588540744,0.8341463,-0.034146342,0.4368932,0.8341463
2018-1-10T13-49-0,1515588540745,0.8341463,-0.034146342,0.4368932,0.8341463
2018-1-10T13-49-0,1515588540746,0.8341463,-0.034146342,0.44660193,0.8341463
2018-1-10T13-49-0,1515588540747,0.81463414,-0.043902438,0.44660193,0.81463414
2018-1-10T13-49-0,1515588540748,0.8341463,-0.043902438,0.4368932,0.8341463
2018-1-10T13-49-0,1515588540749,0.85365856,-0.06341463,0.44660193,0.85365856
2018-1-10T13-49-0,1515588540750,0.85365856,-0.024390243,0.47572815,0.85365856
2018-1-10T13-49-0,1515588540751,0.85365856,-0.024390243,0.49514562,0.85365856
2018-1-10T13-49-0,1515588540752,0.87317073,-0.004878049,0.44660193,0.87317073
2018-1-10T13-49-0,1515588540753,0.8926829,0.004878049,0.4368932,0.8926829
2018-1-10T13-49-0,1515588540754,0.87317073,0.004878049,0.44660193,0.87317073
2018-1-10T13-49-0,1515588540755,0.85365856,-0.014634146,0.46601942,0.85365856
2018-1-10T13-49-0,1515588540756,0.8341463,-0.024390243,0.5339806,0.8341463
2018-1-10T13-49-0,1515588540757,0.8341463,-0.034146342,0.44660193,0.8341463
2018-1-10T13-49-0,1515588540758,0.8341463,-0.053658538,0.4368932,0.8341463
2018-1-10T13-49-0,1515588540759,0.84390247,-0.034146342,0.44660193,0.84390247
2018-1-10T13-49-0,1515588540760,0.8341463,0.014634146,0.4563107,0.8341463
2018-1-10T13-49-0,1515588540761,0.84390247,-0.024390243,0.44660193,0.84390247
2018-1-10T13-49-0,1515588540762,0.86341465,-0.014634146,0.42718446,0.86341465
2018-1-10T13-49-0,1515588540763,0.84390247,-0.014634146,0.4563107,0.84390247
2018-1-10T13-49-0,1515588540764,0.84390247,-0.034146342,0.4563107,0.84390247
2018-1-10T13-49-0,1515588540765,0.84390247,-0.004878049,0.4563107,0.84390247
2018-1-10T13-49-0,1515588540766,0.86341465,-0.024390243,0.44660193,0.86341465
2018-1-10T13-49-0,1515588540767,0.84390247,-0.034146342,0.4368932,0.84390247
2018-1-10T13-49-0,1515588540768,0.84390247,-0.034146342,0.4368932,0.84390247
2018-1-10T13-49-0,1515588540769,0.85365856,-0.034146342,0.4563107,0.85365856
2018-1-10T13-49-0,1515588540770,0.8341463,-0.024390243,0.46601942,0.8341463
2018-1-10T13-49-0,1515588540771,0.84390247,-0.034146342,0.4563107,0.84390247
2018-1-10T13-49-0,1515588540772,0.84390247,-0.024390243,0.4368932,0.84390247
2018-1-10T13-49-0,1515588540773,0.84390247,-0.034146342,0.44660193,0.84390247
2018-1-10T13-49-0,1515588540774,0.84390247,-0.014634146,0.4563107,0.84390247
2018-1-10T13-49-0,1515588540775,0.84390247,-0.014634146,0.44660193,0.84390247
2018-1-10T13-49-0,1515588540776,0.84390247,-0.024390243,0.4368932,0.84390247
2018-1-10T13-49-0,1515588540777,0.84390247,-0.024390243,0.44660193,0.84390247
2018-1-10T13-49-0,1515588540778,0.77560973,-0.004878049,0.44660193,0.77560973
2018-1-10T13-49-0,1515588540779,0.8341463,0.043902438,0.44660193,0.8341463
2018-1-10T13-49-0,1515588540780,0.84390247,-0.004878049,0.4368932,0.84390247
2018-1-10T13-49-0,1515588540781,0.85365856,-0.014634146,0.4368932,0.85365856
2018-1-10T13-49-0,1515588540782,0.84390247,-0.024390243,0.4368932,0.84390247
2018-1-10T13-49-0,1515588540783,0.84390247,-0.024390243,0.44660193,0.84390247
2018-1-10T13-49-0,1515588540784,0.85365856,-0.024390243,0.44660193,0.85365856
2018-1-10T13-49-0,1515588540785,0.86341465,-0.014634146,0.4563107,0.86341465
2018-1-10T13-49-0,1515588540786,0.86341465,-0.034146342,0.44660193,0.86341465
2018-1-10T13-49-0,1515588540787,0.81463414,-0.024390243,0.44660193,0.81463414
2018-1-10T13-49-0,1515588540788,0.84390247,-0.024390243,0.4854369,0.84390247
2018-1-10T13-49-0,1515588540789,0.85365856,-0.024390243,0.4563107,0.85365856
2018-1-10T13-49-0,1515588540790,0.84390247,-0.034146342,0.44660193,0.84390247
2018-1-10T13-49-0,1515588540791,0.8341463,-0.034146342,0.4563107,0.8341463
2018-1-10T13-49-0,1515588540792,0.84390247,-0.034146342,0.4563107,0.84390247
2018-1-10T13-49-0,1515588540793,0.86341465,-0.014634146,0.44660193,0.86341465
2018-1-10T13-49-0,1515588540794,0.8829268,-0.024390243,0.4368932,0.8829268
2018-1-10T13-49-0,1515588540795,0.85365856,-0.014634146,0.407767,0.85365856
2018-1-10T13-49-0,1515588540796,0.85365856,-0.014634146,0.4368932,0.85365856
2018-1-10T13-49-0,1515588540797,0.85365856,-0.014634146,0.46601942,0.85365856
2018-1-10T13-49-0,1515588540798,0.84390247,-0.014634146,0.46601942,0.84390247
2018-1-10T13-49-0,1515588540799,0.84390247,-0.024390243,0.44660193,0.84390247
2018-1-10T13-49-0,1515588540800,0.8341463,-0.043902438,0.44660193,0.8341463
2018-1-10T13-49-0,1515588540801,0.84390247,-0.034146342,0.4368932,0.84390247
2018-1-10T13-49-0,1515588540802,0.84390247,-0.043902438,0.4368932,0.84390247
2018-1-10T13-49-0,1515588540803,0.8341463,-0.034146342,0.44660193,0.8341463
2018-1-10T13-49-0,1515588540804,0.84390247,-0.034146342,0.4563107,0.84390247
2018-1-10T13-49-0,1515588540805,0.84390247,-0.034146342,0.44660193,0.84390247
2018-1-10T13-49-0,1515588540806,0.86341465,-0.014634146,0.44660193,0.86341465
2018-1-10T13-49-0,1515588540807,0.86341465,-0.014634146,0.4368932,0.86341465
2018-1-10T13-49-0,1515588540808,0.87317073,-0.004878049,0.44660193,0.87317073
2018-1-10T13-49-0,1515588540809,0.86341465,-0.004878049,0.46601942,0.86341465
2018-1-10T13-49-0,1515588540810,0.85365856,-0.004878049,0.4368932,0.85365856
2018-1-10T13-49-0,1515588540811,0.86341465,-0.004878049,0.4368932,0.86341465
2018-1-10T13-49-0,1515588540812,0.8341463,-0.024390243,0.4368932,0.8341463
2018-1-10T13-49-0,1515588540813,0.85365856,-0.014634146,0.44660193,0.85365856
2018-1-10T13-49-0,1515588540814,0.84390247,-0.034146342,0.4368932,0.84390247
2018-1-10T13-49-0,1515588540815,0.8341463,-0.034146342,0.42718446,0.8341463
2018-1-10T13-49-0,1515588540816,0.84390247,-0.043902438,0.4368932,0.84390247
2018-1-10T13-49-0,1515588540817,0.8341463,-0.024390243,0.44660193,0.8341463
2018-1-10T13-49-0,1515588540818,0.84390247,-0.024390243,0.4368932,0.84390247
2018-1-10T13-49-0,1515588540819,0.82439023,-0.024390243,0.4368932,0.82439023
2018-1-10T13-49-0,1515588540820,0.84390247,-0.014634146,0.4368932,0.84390247
2018-1-10T13-49-0,1515588540821,0.85365856,-0.004878049,0.46601942,0.85365856
2018-1-10T13-49-0,1515588540822,0.86341465,-0.004878049,0.44660193,0.86341465
2018-1-10T13-49-0,1515588540823,0.87317073,0.004878049,0.44660193,0.87317073
2018-1-10T13-49-0,1515588540824,0.8829268,-0.024390243,0.44660193,0.8829268
2018-1-10T13-49-0,1515588540825,0.84390247,-0.024390243,0.44660193,0.84390247
2018-1-10T13-49-0,1515588540826,0.8341463,-0.014634146,0.44660193,0.8341463
2018-1-10T13-49-0,1515588540827,0.8341463,-0.034146342,0.46601942,0.8341463
2018-1-10T13-49-0,1515588540828,0.85365856,-0.043902438,0.46601942,0.85365856
2018-1-10T13-49-0,1515588540829,0.8341463,-0.053658538,0.4368932,0.8341463
2018-1-10T13-49-0,1515588540830,0.8341463,-0.043902438,0.4368932,0.8341463
2018-1-10T13-49-0,1515588540831,0.85365856,-0.034146342,0.44660193,0.85365856
2018-1-10T13-49-0,1515588540832,0.85365856,0.024390243,0.4563107,0.85365856
2018-1-10T13-49-0,1515588540833,0.85365856,-0.024390243,0.4563107,0.85365856
2018-1-10T13-49-0,1515588540834,0.82439023,-0.014634146,0.4368932,0.82439023
2018-1-10T13-49-0,1515588540835,0.8829268,-0.004878049,0.44660193,0.8829268
2018-1-10T13-49-0,1515588540836,0.86341465,-0.024390243,0.4563107,0.86341465
2018-1-10T13-49-0,1515588540837,0.8829268,-0.014634146,0.4368932,0.8829268
2018-1-10T13-49-0,1515588540838,0.8341463,-0.034146342,0.42718446,0.8341463
2018-1-10T13-49-0,1515588540839,0.82439023,-0.043902438,0.47572815,0.82439023
2018-1-10T13-49-0,1515588540840,0.84390247,-0.024390243,0.4563107,0.84390247
2018-1-10T13-49-0,1515588540841,0.84390247,-0.034146342,0.44660193,0.84390247
2018-1-10T13-49-0,1515588540842,0.84390247,-0.014634146,0.44660193,0.84390247
2018-1-10T13-49-0,1515588540843,0.84390247,-0.014634146,0.44660193,0.84390247
2018-1-10T13-49-0,1515588540844,0.84390247,-0.004878049,0.4563107,0.84390247
2018-1-10T13-49-0,1515588540845,0.85365856,-0.014634146,0.4563107,0.85365856
2018-1-10T13-49-0,1515588540846,0.84390247,-0.014634146,0.4368932,0.84390247
2018-1-10T13-49-0,1515588540847,0.80487806,-0.024390243,0.46601942,0.80487806
2018-1-10T13-49-0,1515588540848,0.8341463,-0.024390243,0.4563107,0.8341463
2018-1-10T13-49-0,1515588540849,0.8341463,-0.014634146,0.4563107,0.8341463
2018-1-10T13-49-0,1515588540850,0.8341463,-0.024390243,0.42718446,0.8341463
2018-1-10T13-49-0,1515588540851,0.75609756,-0.034146342,0.42718446,0.75609756
2018-1-10T13-49-0,1515588540852,0.8341463,-0.024390243,0.407767,0.8341463
2018-1-10T13-49-0,1515588540853,0.82439023,-0.043902438,0.4563107,0.82439023
2018-1-10T13-49-0,1515588540854,0.8341463,-0.034146342,0.39805827,0.8341463
2018-1-10T13-49-0,1515588540855,0.85365856,-0.024390243,0.4563107,0.85365856
2018-1-10T13-49-0,1515588540856,0.86341465,-0.053658538,0.46601942,0.86341465
2018-1-10T13-49-0,1515588540857,0.87317073,-0.014634146,0.4563107,0.87317073
2018-1-10T13-49-0,1515588540858,0.87317073,-0.004878049,0.44660193,0.87317073
2018-1-10T13-49-0,1515588540859,0.87317073,-0.014634146,0.4368932,0.87317073
2018-1-10T13-49-0,1515588540860,0.84390247,-0.014634146,0.4563107,0.84390247
2018-1-10T13-49-0,1515588540861,0.84390247,-0.024390243,0.44660193,0.84390247
2018-1-10T13-49-0,1515588540862,0.8341463,-0.014634146,0.42718446,0.8341463
2018-1-10T13-49-0,1515588540863,0.84390247,-0.024390243,0.4368932,0.84390247
2018-1-10T13-49-0,1515588540864,0.8341463,-0.034146342,0.44660193,0.8341463
2018-1-10T13-49-0,1515588540865,0.84390247,-0.043902438,0.4368932,0.84390247
2018-1-10T13-49-0,1515588540866,0.8341463,-0.034146342,0.4368932,0.8341463
2018-1-10T13-49-0,1515588540867,0.84390247,-0.024390243,0.46601942,0.84390247
2018-1-10T13-49-0,1515588540868,0.84390247,-0.024390243,0.46601942,0.84390247
2018-1-10T13-49-0,1515588540869,0.85365856,-0.043902438,0.4563107,0.85365856
2018-1-10T13-49-0,1515588540870,0.86341465,-0.004878049,0.44660193,0.86341465
2018-1-10T13-49-0,1515588540871,0.85365856,-0.024390243,0.4368932,0.85365856
2018-1-10T13-49-0,1515588540872,0.85365856,0.004878049,0.44660193,0.85365856
2018-1-10T13-49-0,1515588540873,0.85365856,-0.014634146,0.4563107,0.85365856
2018-1-10T13-49-0,1515588540874,0.85365856,-0.024390243,0.4563107,0.85365856
2018-1-10T13-49-0,1515588540875,0.85365856,-0.014634146,0.44660193,0.85365856
2018-1-10T13-49-0,1515588540876,0.85365856,-0.024390243,0.44660193,0.85365856
2018-1-10T13-49-0,1515588540877,0.84390247,-0.034146342,0.4368932,0.84390247
2018-1-10T13-49-0,1515588540878,0.85365856,-0.034146342,0.44660193,0.85365856
2018-1-10T13-49-0,1515588540879,0.84390247,-0.034146342,0.4563107,0.84390247
2018-1-10T13-49-0,1515588540880,0.84390247,-0.024390243,0.4368932,0.84390247
2018-1-10T13-49-0,1515588540881,0.84390247,-0.034146342,0.4563107,0.84390247
2018-1-10T13-49-0,1515588540882,0.8341463,-0.034146342,0.46601942,0.8341463
2018-1-10T13-49-0,1515588540883,0.8341463,-0.034146342,0.4563107,0.8341463
2018-1-10T13-49-0,1515588540884,0.84390247,-0.024390243,0.407767,0.84390247
2018-1-10T13-49-0,1515588540885,0.85365856,-0.004878049,0.42718446,0.85365856
2018-1-10T13-49-0,1515588540886,0.85365856,-0.024390243,0.4368932,0.85365856
2018-1-10T13-49-0,1515588540887,0.84390247,-0.014634146,0.44660193,0.84390247
2018-1-10T13-49-0,1515588540888,0.84390247,-0.014634146,0.4368932,0.84390247
2018-1-10T13-49-0,1515588540889,0.85365856,-0.024390243,0.44660193,0.85365856
2018-1-10T13-49-0,1515588540890,0.8341463,-0.014634146,0.4563107,0.8341463
2018-1-10T13-49-0,1515588540891,0.84390247,-0.034146342,0.47572815,0.84390247
2018-1-10T13-49-0,1515588540892,0.84390247,0.043902438,0.44660193,0.84390247
2018-1-10T13-49-0,1515588540893,0.86341465,-0.014634146,0.4368932,0.86341465
2018-1-10T13-49-0,1515588540894,0.86341465,-0.004878049,0.46601942,0.86341465
2018-1-10T13-49-0,1515588540895,0.85365856,-0.014634146,0.4563107,0.85365856
2018-1-10T13-49-0,1515588540896,0.81463414,-0.014634146,0.4563107,0.81463414
2018-1-10T13-49-0,1515588540897,0.84390247,-0.024390243,0.44660193,0.84390247
2018-1-10T13-49-0,1515588540898,0.85365856,-0.024390243,0.4563107,0.85365856
2018-1-10T13-49-0,1515588540899,0.84390247,0.004878049,0.47572815,0.84390247
2018-1-10T13-49-0,1515588540900,0.84390247,-0.024390243,0.44660193,0.84390247
2018-1-10T13-49-0,1515588540901,0.84390247,-0.014634146,0.44660193,0.84390247
2018-1-10T13-49-0,1515588540902,0.87317073,-0.004878049,0.44660193,0.87317073
2018-1-10T13-49-0,1515588540903,0.85365856,-0.014634146,0.4563107,0.85365856
2018-1-10T13-49-0,1515588540904,0.84390247,-0.024390243,0.4563107,0.84390247
2018-1-10T13-49-0,1515588540905,0.85365856,-0.024390243,0.44660193,0.85365856
2018-1-10T13-49-0,1515588540906,0.8341463,-0.034146342,0.44660193,0.8341463
2018-1-10T13-49-0,1515588540907,0.85365856,-0.034146342,0.4368932,0.85365856
2018-1-10T13-49-0,1515588540908,0.8341463,-0.053658538,0.44660193,0.8341463
2018-1-10T13-49-0,1515588540909,0.7853659,-0.053658538,0.4563107,0.7853659
2018-1-10T13-49-0,1515588540910,0.84390247,-0.034146342,0.4563107,0.84390247
2018-1-10T13-49-0,1515588540911,0.84390247,-0.014634146,0.4368932,0.84390247
2018-1-10T13-49-0,1515588540912,0.84390247,-0.014634146,0.4368932,0.84390247
2018-1-10T13-49-0,1515588540913,0.84390247,-0.014634146,0.44660193,0.84390247
2018-1-10T13-49-0,1515588540914,0.85365856,-0.024390243,0.4368932,0.85365856
2018-1-10T13-49-0,1515588540915,0.86341465,-0.014634146,0.44660193,0.86341465
2018-1-10T13-49-0,1515588540916,0.84390247,-0.014634146,0.4368932,0.84390247
2018-1-10T13-49-0,1515588540917,0.8926829,-0.034146342,0.44660193,0.8926829
2018-1-10T13-49-0,1515588540918,0.8341463,-0.034146342,0.44660193,0.8341463
2018-1-10T13-49-0,1515588540919,0.8341463,-0.034146342,0.44660193,0.8341463
2018-1-10T13-49-0,1515588540920,0.8341463,-0.053658538,0.44660193,0.8341463
2018-1-10T13-49-0,1515588540921,0.76585364,-0.014634146,0.46601942,0.76585364
2018-1-10T13-49-0,1515588540922,0.8341463,-0.014634146,0.49514562,0.8341463
2018-1-10T13-49-0,1515588540923,0.84390247,-0.014634146,0.44660193,0.84390247
2018-1-10T13-49-0,1515588540924,0.85365856,-0.014634146,0.46601942,0.85365856
2018-1-10T13-49-0,1515588540925,0.86341465,0.043902438,0.4563107,0.86341465
2018-1-10T13-49-0,1515588540926,0.86341465,-0.004878049,0.46601942,0.86341465
2018-1-10T13-49-0,1515588540927,0.87317073,-0.004878049,0.44660193,0.87317073
2018-1-10T13-49-0,1515588540928,0.85365856,-0.004878049,0.44660193,0.85365856
2018-1-10T13-49-0,1515588540929,0.86341465,-0.004878049,0.44660193,0.86341465
2018-1-10T13-49-0,1515588540930,0.86341465,-0.024390243,0.44660193,0.86341465
2018-1-10T13-49-0,1515588540931,0.82439023,-0.043902438,0.4563107,0.82439023
2018-1-10T13-49-0,1515588540932,0.84390247,-0.043902438,0.44660193,0.84390247
2018-1-10T13-49-0,1515588540933,0.8341463,-0.053658538,0.44660193,0.8341463
2018-1-10T13-49-0,1515588540934,0.8341463,-0.053658538,0.44660193,0.8341463
2018-1-10T13-49-0,1515588540935,0.82439023,-0.034146342,0.44660193,0.82439023
2018-1-10T13-49-0,1515588540936,0.84390247,-0.034146342,0.4563107,0.84390247
2018-1-10T13-49-0,1515588540937,0.85365856,-0.024390243,0.44660193,0.85365856
2018-1-10T13-49-0,1515588540938,0.85365856,-0.034146342,0.46601942,0.85365856
2018-1-10T13-49-0,1515588540939,0.85365856,-0.024390243,0.4563107,0.85365856
2018-1-10T13-49-0,1515588540940,0.87317073,-0.014634146,0.4563107,0.87317073
2018-1-10T13-49-0,1515588540941,0.87317073,0.004878049,0.44660193,0.87317073
2018-1-10T13-49-0,1515588540942,0.86341465,-0.014634146,0.4368932,0.86341465
2018-1-10T13-49-0,1515588540943,0.84390247,-0.024390243,0.44660193,0.84390247
2018-1-10T13-49-0,1515588540944,0.8341463,-0.024390243,0.42718446,0.8341463
2018-1-10T13-49-0,1515588540945,0.8341463,-0.043902438,0.44660193,0.8341463
2018-1-10T13-49-0,1515588540946,0.82439023,-0.043902438,0.4368932,0.82439023
2018-1-10T13-49-0,1515588540947,0.84390247,-0.034146342,0.44660193,0.84390247
2018-1-10T13-49-0,1515588540948,0.84390247,-0.024390243,0.42718446,0.84390247
2018-1-10T13-49-0,1515588540949,0.85365856,-0.004878049,0.42718446,0.85365856
2018-1-10T13-49-0,1515588540950,0.85365856,-0.004878049,0.44660193,0.85365856
2018-1-10T13-49-0,1515588540951,0.85365856,-0.004878049,0.4563107,0.85365856
2018-1-10T13-49-0,1515588540952,0.85365856,-0.014634146,0.42718446,0.85365856
2018-1-10T13-49-0,1515588540953,0.84390247,-0.004878049,0.4368932,0.84390247
2018-1-10T13-49-0,1515588540954,0.85365856,0.004878049,0.46601942,0.85365856
2018-1-10T13-49-0,1515588540955,0.85365856,-0.024390243,0.4563107,0.85365856
2018-1-10T13-49-0,1515588540956,0.85365856,-0.014634146,0.44660193,0.85365856
2018-1-10T13-49-0,1515588540957,0.84390247,-0.014634146,0.42718446,0.84390247
2018-1-10T13-49-0,1515588540958,0.86341465,-0.024390243,0.42718446,0.86341465
2018-1-10T13-49-0,1515588540959,0.8341463,-0.024390243,0.42718446,0.8341463
2018-1-10T13-49-0,1515588540960,0.8341463,-0.043902438,0.4563107,0.8341463
2018-1-10T13-49-0,1515588540961,0.8341463,-0.043902438,0.46601942,0.8341463
2018-1-10T13-49-0,1515588540962,0.86341465,-0.043902438,0.4563107,0.86341465
2018-1-10T13-49-0,1515588540963,0.86341465,-0.024390243,0.44660193,0.86341465
2018-1-10T13-49-0,1515588540964,0.87317073,-0.004878049,0.5048544,0.87317073
2018-1-10T13-49-0,1515588540965,0.86341465,-0.014634146,0.44660193,0.86341465
2018-1-10T13-49-0,1515588540966,0.85365856,-0.024390243,0.44660193,0.85365856
2018-1-10T13-49-0,1515588540967,0.84390247,-0.034146342,0.44660193,0.84390247
2018-1-10T13-49-0,1515588540968,0.84390247,-0.034146342,0.4368932,0.84390247
2018-1-10T13-49-0,1515588540969,0.84390247,-0.043902438,0.4563107,0.84390247
2018-1-10T13-49-0,1515588540970,0.84390247,-0.043902438,0.44660193,0.84390247
2018-1-10T13-49-0,1515588540971,0.86341465,-0.043902438,0.4368932,0.86341465
2018-1-10T13-49-0,1515588540972,0.86341465,-0.024390243,0.44660193,0.86341465
2018-1-10T13-49-0,1515588540973,0.7853659,-0.024390243,0.44660193,0.7853659
2018-1-10T13-49-0,1515588540974,0.84390247,-0.024390243,0.4368932,0.84390247
2018-1-10T13-49-0,1515588540975,0.8341463,-0.024390243,0.4368932,0.8341463
2018-1-10T13-49-0,1515588540976,0.85365856,-0.014634146,0.44660193,0.85365856
2018-1-10T13-49-0,1515588540977,0.8341463,-0.024390243,0.44660193,0.8341463
2018-1-10T13-49-0,1515588540978,0.7853659,-0.024390243,0.44660193,0.7853659
2018-1-10T13-49-0,1515588540979,0.85365856,-0.024390243,0.4368932,0.85365856
2018-1-10T13-49-0,1515588540980,0.85365856,0.004878049,0.41747573,0.85365856
2018-1-10T13-49-0,1515588540981,0.84390247,-0.014634146,0.4563107,0.84390247
2018-1-10T13-49-0,1515588540982,0.85365856,-0.004878049,0.4563107,0.85365856
2018-1-10T13-49-0,1515588540983,0.84390247,-0.014634146,0.4563107,0.84390247
2018-1-10T13-49-0,1515588540984,0.84390247,-0.034146342,0.4563107,0.84390247
2018-1-10T13-49-0,1515588540985,0.85365856,-0.024390243,0.44660193,0.85365856
2018-1-10T13-49-0,1515588540986,0.87317073,-0.034146342,0.4563107,0.87317073
2018-1-10T13-49-0,1515588540987,0.84390247,-0.024390243,0.46601942,0.84390247
2018-1-10T13-49-0,1515588540988,0.85365856,-0.024390243,0.44660193,0.85365856
2018-1-10T13-49-0,1515588540989,0.85365856,-0.014634146,0.4563107,0.85365856
2018-1-10T13-49-0,1515588540990,0.86341465,-0.014634146,0.4368932,0.86341465
2018-1-10T13-49-0,1515588540991,0.8341463,-0.024390243,0.4854369,0.8341463
2018-1-10T13-49-0,1515588540992,0.85365856,-0.024390243,0.46601942,0.85365856
2018-1-10T13-49-0,1515588540993,0.8341463,-0.024390243,0.44660193,0.8341463
2018-1-10T13-49-0,1515588540994,0.84390247,-0.014634146,0.44660193,0.84390247
2018-1-10T13-49-0,1515588540995,0.84390247,-0.014634146,0.4368932,0.84390247
2018-1-10T13-49-0,1515588540996,0.84390247,-0.034146342,0.4368932,0.84390247
2018-1-10T13-49-0,1515588540997,0.84390247,-0.004878049,0.4563107,0.84390247
2018-1-10T13-49-0,1515588540998,0.77560973,-0.004878049,0.46601942,0.77560973
2018-1-10T13-49-0,1515588540999,0.7853659,-0.004878049,0.44660193,0.7853659
2018-1-10T13-49-1,1515588541000,0.84390247,-0.004878049,0.4368932,0.84390247
2018-1-10T13-49-1,1515588541001,0.8341463,-0.024390243,0.44660193,0.8341463
2018-1-10T13-49-1,1515588541002,0.84390247,-0.014634146,0.44660193,0.84390247
2018-1-10T13-49-1,1515588541003,0.85365856,0.043902438,0.4368932,0.85365856
2018-1-10T13-49-1,1515588541004,0.85365856,-0.024390243,0.44660193,0.85365856
2018-1-10T13-49-1,1515588541005,0.84390247,-0.034146342,0.4563107,0.84390247
2018-1-10T13-49-1,1515588541006,0.85365856,-0.024390243,0.44660193,0.85365856
2018-1-10T13-49-1,1515588541007,0.8341463,-0.024390243,0.42718446,0.8341463
2018-1-10T13-49-1,1515588541008,0.85365856,-0.014634146,0.4563107,0.85365856
2018-1-10T13-49-1,1515588541009,0.84390247,-0.024390243,0.4563107,0.84390247
2018-1-10T13-49-1,1515588541010,0.84390247,-0.014634146,0.4854369,0.84390247
2018-1-10T13-49-1,1515588541011,0.84390247,-0.024390243,0.44660193,0.84390247
2018-1-10T13-49-1,1515588541012,0.85365856,-0.034146342,0.4368932,0.85365856
2018-1-10T13-49-1,1515588541013,0.82439023,-0.034146342,0.44660193,0.82439023
2018-1-10T13-49-1,1515588541014,0.82439023,-0.043902438,0.46601942,0.82439023
2018-1-10T13-49-1,1515588541015,0.8341463,-0.043902438,0.4563107,0.8341463
2018-1-10T13-49-1,1515588541016,0.85365856,-0.034146342,0.44660193,0.85365856
2018-1-10T13-49-1,1515588541017,0.85365856,-0.024390243,0.46601942,0.85365856
2018-1-10T13-49-1,1515588541018,0.85365856,-0.024390243,0.46601942,0.85365856
2018-1-10T13-49-1,1515588541019,0.84390247,-0.09268293,0.42718446,0.84390247
2018-1-10T13-49-1,1515588541020,0.84390247,0.004878049,0.4368932,0.84390247
2018-1-10T13-49-1,1515588541021,0.85365856,0.004878049,0.44660193,0.85365856
2018-1-10T13-49-1,1515588541022,0.84390247,-0.034146342,0.4368932,0.84390247
2018-1-10T13-49-1,1515588541023,0.82439023,-0.043902438,0.44660193,0.82439023
2018-1-10T13-49-1,1515588541024,0.82439023,-0.10243902,0.44660193,0.82439023
2018-1-10T13-49-1,1515588541025,0.8341463,-0.034146342,0.4368932,0.8341463
2018-1-10T13-49-1,1515588541026,0.84390247,-0.034146342,0.4368932,0.84390247
2018-1-10T13-49-1,1515588541027,0.85365856,-0.043902438,0.4563107,0.85365856
2018-1-10T13-49-1,1515588541028,0.84390247,-0.034146342,0.47572815,0.84390247
2018-1-10T13-49-1,1515588541029,0.85365856,-0.034146342,0.46601942,0.85365856
2018-1-10T13-49-1,1515588541030,0.82439023,-0.014634146,0.44660193,0.82439023
2018-1-10T13-49-1,1515588541031,0.84390247,-0.024390243,0.44660193,0.84390247
2018-1-10T13-49-1,1515588541032,0.84390247,-0.043902438,0.46601942,0.84390247
2018-1-10T13-49-1,1515588541033,0.87317073,-0.09268293,0.46601942,0.87317073
2018-1-10T13-49-1,1515588541034,0.87317073,-0.014634146,0.44660193,0.87317073
2018-1-10T13-49-1,1515588541035,0.85365856,-0.014634146,0.4368932,0.85365856
2018-1-10T13-49-1,1515588541036,0.84390247,-0.043902438,0.41747573,0.84390247
2018-1-10T13-49-1,1515588541037,0.85365856,0.004878049,0.44660193,0.85365856
2018-1-10T13-49-1,1515588541038,0.8829268,-0.024390243,0.4563107,0.8829268
2018-1-10T13-49-1,1515588541039,0.81463414,-0.034146342,0.4563107,0.81463414
2018-1-10T13-49-1,1515588541040,0.8341463,-0.034146342,0.42718446,0.8341463
2018-1-10T13-49-1,1515588541041,0.85365856,-0.034146342,0.39805827,0.85365856
2018-1-10T13-49-1,1515588541042,0.85365856,-0.034146342,0.44660193,0.85365856
2018-1-10T13-49-1,1515588541043,0.85365856,-0.034146342,0.4563107,0.85365856
2018-1-10T13-49-1,1515588541044,0.85365856,-0.014634146,0.44660193,0.85365856
2018-1-10T13-49-1,1515588541045,0.84390247,0.014634146,0.44660193,0.84390247
2018-1-10T13-49-1,1515588541046,0.84390247,-0.014634146,0.44660193,0.84390247
2018-1-10T13-49-1,1515588541047,0.85365856,-0.034146342,0.4368932,0.85365856
2018-1-10T13-49-1,1515588541048,0.84390247,-0.014634146,0.4368932,0.84390247
2018-1-10T13-49-1,1515588541049,0.82439023,-0.034146342,0.42718446,0.82439023
2018-1-10T13-49-1,1515588541050,0.82439023,-0.034146342,0.44660193,0.82439023
2018-1-10T13-49-1,1515588541051,0.8341463,-0.043902438,0.4563107,0.8341463
2018-1-10T13-49-1,1515588541052,0.8341463,-0.034146342,0.4563107,0.8341463
2018-1-10T13-49-1,1515588541053,0.84390247,-0.014634146,0.4368932,0.84390247
2018-1-10T13-49-1,1515588541054,0.91219515,-0.014634146,0.4368932,0.91219515
2018-1-10T13-49-1,1515588541055,0.87317073,-0.004878049,0.4563107,0.87317073
2018-1-10T13-49-1,1515588541056,0.86341465,-0.004878049,0.46601942,0.86341465
2018-1-10T13-49-1,1515588541057,0.85365856,-0.024390243,0.4854369,0.85365856
2018-1-10T13-49-1,1515588541058,0.80487806,-0.034146342,0.46601942,0.80487806
2018-1-10T13-49-1,1515588541059,0.85365856,-0.024390243,0.47572815,0.85365856
2018-1-10T13-49-1,1515588541060,0.85365856,-0.034146342,0.44660193,0.85365856
2018-1-10T13-49-1,1515588541061,0.84390247,-0.043902438,0.42718446,0.84390247
2018-1-10T13-49-1,1515588541062,0.82439023,-0.08292683,0.42718446,0.82439023
2018-1-10T13-49-1,1515588541063,0.8341463,-0.053658538,0.44660193,0.8341463
2018-1-10T13-49-1,1515588541064,0.82439023,-0.053658538,0.4368932,0.82439023
2018-1-10T13-49-1,1515588541065,0.8341463,-0.053658538,0.44660193,0.8341463
2018-1-10T13-49-1,1515588541066,0.80487806,-0.034146342,0.46601942,0.80487806
2018-1-10T13-49-1,1515588541067,0.85365856,-0.024390243,0.46601942,0.85365856
2018-1-10T13-49-1,1515588541068,0.86341465,-0.014634146,0.46601942,0.86341465
2018-1-10T13-49-1,1515588541069,0.86341465,0.004878049,0.4563107,0.86341465
2018-1-10T13-49-1,1515588541070,0.86341465,-0.004878049,0.4563107,0.86341465
2018-1-10T13-49-1,1515588541071,0.85365856,-0.014634146,0.4563107,0.85365856
2018-1-10T13-49-1,1515588541072,0.84390247,-0.024390243,0.4368932,0.84390247
2018-1-10T13-49-1,1515588541073,0.85365856,-0.014634146,0.4368932,0.85365856
2018-1-10T13-49-1,1515588541074,0.84390247,-0.014634146,0.4563107,0.84390247
2018-1-10T13-49-1,1515588541075,0.8341463,-0.024390243,0.4368932,0.8341463
2018-1-10T13-49-1,1515588541076,0.80487806,-0.024390243,0.42718446,0.80487806
2018-1-10T13-49-1,1515588541077,0.86341465,-0.014634146,0.4368932,0.86341465
2018-1-10T13-49-1,1515588541078,0.85365856,-0.024390243,0.44660193,0.85365856
2018-1-10T13-49-1,1515588541079,0.85365856,-0.014634146,0.4563107,0.85365856
2018-1-10T13-49-1,1515588541080,0.8341463,-0.004878049,0.44660193,0.8341463
2018-1-10T13-49-1,1515588541081,0.85365856,-0.004878049,0.44660193,0.85365856
2018-1-10T13-49-1,1515588541082,0.85365856,0.004878049,0.4563107,0.85365856
2018-1-10T13-49-1,1515588541083,0.84390247,-0.014634146,0.4368932,0.84390247
2018-1-10T13-49-1,1515588541084,0.84390247,-0.034146342,0.44660193,0.84390247
2018-1-10T13-49-1,1515588541085,0.86341465,-0.053658538,0.4563107,0.86341465
2018-1-10T13-49-1,1515588541086,0.8341463,-0.06341463,0.46601942,0.8341463
2018-1-10T13-49-1,1515588541087,0.84390247,-0.034146342,0.4563107,0.84390247
2018-1-10T13-49-1,1515588541088,0.9317073,-0.024390243,0.47572815,0.9317073
2018-1-10T13-49-1,1515588541089,0.84390247,-0.024390243,0.44660193,0.84390247
2018-1-10T13-49-1,1515588541090,0.84390247,-0.034146342,0.4368932,0.84390247
2018-1-10T13-49-1,1515588541091,0.84390247,-0.014634146,0.4368932,0.84390247
2018-1-10T13-49-1,1515588541092,0.85365856,-0.034146342,0.44660193,0.85365856
2018-1-10T13-49-1,1515588541093,0.8341463,-0.034146342,0.44660193,0.8341463
2018-1-10T13-49-1,1515588541094,0.8341463,-0.034146342,0.44660193,0.8341463
2018-1-10T13-49-1,1515588541095,0.84390247,-0.024390243,0.44660193,0.84390247
2018-1-10T13-49-1,1515588541096,0.84390247,-0.004878049,0.42718446,0.84390247
2018-1-10T13-49-1,1515588541097,0.84390247,-0.034146342,0.4563107,0.84390247
2018-1-10T13-49-1,1515588541098,0.84390247,-0.004878049,0.4368932,0.84390247
2018-1-10T13-49-1,1515588541099,0.85365856,0.024390243,0.4368932,0.85365856
2018-1-10T13-49-1,1515588541100,0.84390247,-0.014634146,0.4368932,0.84390247
2018-1-10T13-49-1,1515588541101,0.84390247,-0.004878049,0.4563107,0.84390247
2018-1-10T13-49-1,1515588541102,0.8341463,-0.024390243,0.46601942,0.8341463
2018-1-10T13-49-1,1515588541103,0.8341463,0.004878049,0.44660193,0.8341463
2018-1-10T13-49-1,1515588541104,0.85365856,-0.014634146,0.4368932,0.85365856
2018-1-10T13-49-1,1515588541105,0.85365856,-0.014634146,0.44660193,0.85365856
2018-1-10T13-49-1,1515588541106,0.84390247,-0.014634146,0.4563107,0.84390247
2018-1-10T13-49-1,1515588541107,0.84390247,-0.014634146,0.4563107,0.84390247
2018-1-10T13-49-1,1515588541108,0.85365856,-0.004878049,0.4563107,0.85365856
2018-1-10T13-49-1,1515588541109,0.85365856,-0.014634146,0.44660193,0.85365856
2018-1-10T13-49-1,1515588541110,0.85365856,-0.024390243,0.44660193,0.85365856
2018-1-10T13-49-1,1515588541111,0.85365856,-0.034146342,0.44660193,0.85365856
2018-1-10T13-49-1,1515588541112,0.85365856,-0.004878049,0.44660193,0.85365856
2018-1-10T13-49-1,1515588541113,0.87317073,-0.014634146,0.4563107,0.87317073
2018-1-10T13-49-1,1515588541114,0.87317073,-0.024390243,0.4563107,0.87317073
2018-1-10T13-49-1,1515588541115,0.84390247,-0.043902438,0.44660193,0.84390247
2018-1-10T13-49-1,1515588541116,0.84390247,-0.043902438,0.44660193,0.84390247
2018-1-10T13-49-1,1515588541117,0.85365856,-0.043902438,0.42718446,0.85365856
2018-1-10T13-49-1,1515588541118,0.85365856,-0.034146342,0.4368932,0.85365856
2018-1-10T13-49-1,1515588541119,0.8341463,-0.034146342,0.4368932,0.8341463
2018-1-10T13-49-1,1515588541120,0.8341463,-0.043902438,0.44660193,0.8341463
2018-1-10T13-49-1,1515588541121,0.84390247,-0.034146342,0.44660193,0.84390247
2018-1-10T13-49-1,1515588541122,0.82439023,-0.024390243,0.44660193,0.82439023
2018-1-10T13-49-1,1515588541123,0.84390247,-0.014634146,0.39805827,0.84390247
2018-1-10T13-49-1,1515588541124,0.85365856,-0.014634146,0.44660193,0.85365856
2018-1-10T13-49-1,1515588541125,0.85365856,-0.014634146,0.44660193,0.85365856
2018-1-10T13-49-1,1515588541126,0.92195123,-0.004878049,0.4368932,0.92195123
2018-1-10T13-49-1,1515588541127,0.84390247,0.053658538,0.44660193,0.84390247
2018-1-10T13-49-1,1515588541128,0.84390247,-0.014634146,0.4368932,0.84390247
2018-1-10T13-49-1,1515588541129,0.84390247,-0.034146342,0.44660193,0.84390247
2018-1-10T13-49-1,1515588541130,0.8341463,-0.024390243,0.44660193,0.8341463
2018-1-10T13-49-1,1515588541131,0.84390247,0.004878049,0.4368932,0.84390247
2018-1-10T13-49-1,1515588541132,0.85365856,-0.024390243,0.42718446,0.85365856
2018-1-10T13-49-1,1515588541133,0.8341463,-0.024390243,0.4563107,0.8341463
2018-1-10T13-49-1,1515588541134,0.84390247,-0.034146342,0.46601942,0.84390247
2018-1-10T13-49-1,1515588541135,0.85365856,-0.034146342,0.44660193,0.85365856
2018-1-10T13-49-1,1515588541136,0.86341465,-0.014634146,0.44660193,0.86341465
2018-1-10T13-49-1,1515588541137,0.86341465,-0.014634146,0.4563107,0.86341465
2018-1-10T13-49-1,1515588541138,0.86341465,-0.014634146,0.46601942,0.86341465
2018-1-10T13-49-1,1515588541139,0.86341465,-0.024390243,0.44660193,0.86341465
2018-1-10T13-49-1,1515588541140,0.85365856,-0.024390243,0.4368932,0.85365856
2018-1-10T13-49-1,1515588541141,0.86341465,-0.034146342,0.44660193,0.86341465
2018-1-10T13-49-1,1515588541142,0.8341463,-0.043902438,0.4368932,0.8341463
2018-1-10T13-49-1,1515588541143,0.84390247,-0.053658538,0.4368932,0.84390247
2018-1-10T13-49-1,1515588541144,0.8341463,-0.034146342,0.4368932,0.8341463
2018-1-10T13-49-1,1515588541145,0.8341463,-0.034146342,0.44660193,0.8341463
2018-1-10T13-49-1,1515588541146,0.8341463,-0.06341463,0.4563107,0.8341463
2018-1-10T13-49-1,1515588541147,0.85365856,-0.034146342,0.4563107,0.85365856
2018-1-10T13-49-1,1515588541148,0.84390247,-0.014634146,0.46601942,0.84390247
2018-1-10T13-49-1,1515588541149,0.87317073,-0.014634146,0.4563107,0.87317073
2018-1-10T13-49-1,1515588541150,0.86341465,-0.004878049,0.4563107,0.86341465
2018-1-10T13-49-1,1515588541151,0.86341465,0.004878049,0.44660193,0.86341465
2018-1-10T13-49-1,1515588541152,0.84390247,-0.004878049,0.44660193,0.84390247
2018-1-10T13-49-1,1515588541153,0.84390247,-0.024390243,0.42718446,0.84390247
2018-1-10T13-49-1,1515588541154,0.8341463,-0.06341463,0.41747573,0.8341463
2018-1-10T13-49-1,1515588541155,0.8341463,0.014634146,0.407767,0.8341463
2018-1-10T13-49-1,1515588541156,0.82439023,-0.024390243,0.46601942,0.82439023
2018-1-10T13-49-1,1515588541157,0.82439023,-0.043902438,0.46601942,0.82439023
2018-1-10T13-49-1,1515588541158,0.84390247,-0.014634146,0.42718446,0.84390247
2018-1-10T13-49-1,1515588541159,0.85365856,-0.004878049,0.44660193,0.85365856
2018-1-10T13-49-1,1515588541160,0.86341465,0.004878049,0.4563107,0.86341465
2018-1-10T13-49-1,1515588541161,0.86341465,0.004878049,0.47572815,0.86341465
2018-1-10T13-49-1,1515588541162,0.86341465,-0.004878049,0.4563107,0.86341465
2018-1-10T13-49-1,1515588541163,0.86341465,-0.034146342,0.44660193,0.86341465
2018-1-10T13-49-1,1515588541164,0.85365856,-0.024390243,0.4563107,0.85365856
2018-1-10T13-49-1,1515588541165,0.84390247,-0.024390243,0.46601942,0.84390247
2018-1-10T13-49-1,1515588541166,0.84390247,-0.034146342,0.44660193,0.84390247
2018-1-10T13-49-1,1515588541167,0.84390247,-0.043902438,0.42718446,0.84390247
2018-1-10T13-49-1,1515588541168,0.8341463,-0.053658538,0.42718446,0.8341463
2018-1-10T13-49-1,1515588541169,0.86341465,-0.053658538,0.44660193,0.86341465
2018-1-10T13-49-1,1515588541170,0.82439023,-0.06341463,0.4563107,0.82439023
2018-1-10T13-49-1,1515588541171,0.82439023,-0.053658538,0.46601942,0.82439023
2018-1-10T13-49-1,1515588541172,0.85365856,-0.11219512,0.4563107,0.85365856
2018-1-10T13-49-1,1515588541173,0.87317073,-0.024390243,0.44660193,0.87317073
2018-1-10T13-49-1,1515588541174,0.87317073,-0.024390243,0.4563107,0.87317073
2018-1-10T13-49-1,1515588541175,0.87317073,-0.004878049,0.46601942,0.87317073
2018-1-10T13-49-1,1515588541176,0.85365856,-0.004878049,0.44660193,0.85365856
2018-1-10T13-49-1,1515588541177,0.86341465,-0.004878049,0.41747573,0.86341465
2018-1-10T13-49-1,1515588541178,0.84390247,0.034146342,0.42718446,0.84390247
2018-1-10T13-49-1,1515588541179,0.81463414,-0.014634146,0.44660193,0.81463414
2018-1-10T13-49-1,1515588541180,0.8341463,-0.024390243,0.44660193,0.8341463
2018-1-10T13-49-1,1515588541181,0.84390247,-0.024390243,0.42718446,0.84390247
2018-1-10T13-49-1,1515588541182,0.902439,-0.06341463,0.42718446,0.902439
2018-1-10T13-49-1,1515588541183,0.84390247,-0.014634146,0.4368932,0.84390247
2018-1-10T13-49-1,1515588541184,0.85365856,-0.004878049,0.44660193,0.85365856
2018-1-10T13-49-1,1515588541185,0.86341465,-0.004878049,0.44660193,0.86341465
2018-1-10T13-49-1,1515588541186,0.85365856,0.004878049,0.44660193,0.85365856
2018-1-10T13-49-1,1515588541187,0.85365856,-0.014634146,0.44660193,0.85365856
2018-1-10T13-49-1,1515588541188,0.85365856,-0.014634146,0.44660193,0.85365856
2018-1-10T13-49-1,1515588541189,0.84390247,-0.024390243,0.44660193,0.84390247
2018-1-10T13-49-1,1515588541190,0.85365856,-0.043902438,0.44660193,0.85365856
2018-1-10T13-49-1,1515588541191,0.8341463,-0.043902438,0.4563107,0.8341463
2018-1-10T13-49-1,1515588541192,0.82439023,-0.043902438,0.46601942,0.82439023
2018-1-10T13-49-1,1515588541193,0.84390247,0.053658538,0.4563107,0.84390247
2018-1-10T13-49-1,1515588541194,0.85365856,-0.024390243,0.4563107,0.85365856
2018-1-10T13-49-1,1515588541195,0.85365856,-0.024390243,0.4563107,0.85365856
2018-1-10T13-49-1,1515588541196,0.86341465,-0.014634146,0.46601942,0.86341465
2018-1-10T13-49-1,1515588541197,0.85365856,-0.024390243,0.46601942,0.85365856
2018-1-10T13-49-1,1515588541198,0.85365856,-0.024390243,0.46601942,0.85365856
2018-1-10T13-49-1,1515588541199,0.85365856,-0.014634146,0.4563107,0.85365856
2018-1-10T13-49-1,1515588541200,0.84390247,-0.024390243,0.4368932,0.84390247
2018-1-10T13-49-1,1515588541201,0.85365856,-0.034146342,0.42718446,0.85365856
2018-1-10T13-49-1,1515588541202,0.84390247,-0.014634146,0.4368932,0.84390247
2018-1-10T13-49-1,1515588541203,0.84390247,-0.014634146,0.44660193,0.84390247
2018-1-10T13-49-1,1515588541204,0.8341463,-0.024390243,0.49514562,0.8341463
2018-1-10T13-49-1,1515588541205,0.82439023,-0.024390243,0.407767,0.82439023
2018-1-10T13-49-1,1515588541206,0.8341463,-0.024390243,0.44660193,0.8341463
2018-1-10T13-49-1,1515588541207,0.82439023,-0.034146342,0.4563107,0.82439023
2018-1-10T13-49-1,1515588541208,0.85365856,-0.034146342,0.4563107,0.85365856
2018-1-10T13-49-1,1515588541209,0.84390247,-0.034146342,0.4563107,0.84390247
2018-1-10T13-49-1,1515588541210,0.86341465,-0.014634146,0.4563107,0.86341465
2018-1-10T13-49-1,1515588541211,0.87317073,-0.014634146,0.4563107,0.87317073
2018-1-10T13-49-1,1515588541212,0.86341465,-0.014634146,0.44660193,0.86341465
2018-1-10T13-49-1,1515588541213,0.86341465,-0.004878049,0.4368932,0.86341465
2018-1-10T13-49-1,1515588541214,0.8341463,-0.06341463,0.44660193,0.8341463
2018-1-10T13-49-1,1515588541215,0.82439023,-0.014634146,0.42718446,0.82439023
2018-1-10T13-49-1,1515588541216,0.8341463,-0.014634146,0.4368932,0.8341463
2018-1-10T13-49-1,1515588541217,0.84390247,-0.004878049,0.4368932,0.84390247
2018-1-10T13-49-1,1515588541218,0.84390247,-0.024390243,0.47572815,0.84390247
2018-1-10T13-49-1,1515588541219,0.85365856,-0.014634146,0.44660193,0.85365856
2018-1-10T13-49-1,1515588541220,0.86341465,-0.024390243,0.4368932,0.86341465
2018-1-10T13-49-1,1515588541221,0.87317073,-0.014634146,0.46601942,0.87317073
2018-1-10T13-49-1,1515588541222,0.85365856,-0.014634146,0.46601942,0.85365856
2018-1-10T13-49-1,1515588541223,0.84390247,-0.043902438,0.4368932,0.84390247
2018-1-10T13-49-1,1515588541224,0.84390247,-0.014634146,0.41747573,0.84390247
2018-1-10T13-49-1,1515588541225,0.82439023,-0.034146342,0.4563107,0.82439023
2018-1-10T13-49-1,1515588541226,0.82439023,-0.024390243,0.46601942,0.82439023
2018-1-10T13-49-1,1515588541227,0.80487806,-0.043902438,0.44660193,0.80487806
2018-1-10T13-49-1,1515588541228,0.84390247,-0.034146342,0.4368932,0.84390247
2018-1-10T13-49-1,1515588541229,0.85365856,-0.034146342,0.4563107,0.85365856
2018-1-10T13-49-1,1515588541230,0.85365856,-0.034146342,0.4563107,0.85365856
2018-1-10T13-49-1,1515588541231,0.81463414,-0.024390243,0.4563107,0.81463414
2018-1-10T13-49-1,1515588541232,0.8341463,-0.024390243,0.44660193,0.8341463
2018-1-10T13-49-1,1515588541233,0.85365856,-0.024390243,0.4563107,0.85365856
2018-1-10T13-49-1,1515588541234,0.86341465,-0.014634146,0.4563107,0.86341465
2018-1-10T13-49-1,1515588541235,0.86341465,-0.024390243,0.5631068,0.86341465
2018-1-10T13-49-1,1515588541236,0.85365856,-0.014634146,0.4368932,0.85365856
2018-1-10T13-49-1,1515588541237,0.84390247,-0.014634146,0.44660193,0.84390247
2018-1-10T13-49-1,1515588541238,0.84390247,-0.004878049,0.46601942,0.84390247
2018-1-10T13-49-1,1515588541239,0.85365856,-0.014634146,0.4563107,0.85365856
2018-1-10T13-49-1,1515588541240,0.85365856,-0.043902438,0.46601942,0.85365856
2018-1-10T13-49-1,1515588541241,0.85365856,-0.014634146,0.46601942,0.85365856
2018-1-10T13-49-1,1515588541242,0.86341465,-0.014634146,0.4563107,0.86341465
2018-1-10T13-49-1,1515588541243,0.86341465,-0.014634146,0.4368932,0.86341465
2018-1-10T13-49-1,1515588541244,0.82439023,-0.014634146,0.44660193,0.82439023
2018-1-10T13-49-1,1515588541245,0.82439023,-0.024390243,0.4563107,0.82439023
2018-1-10T13-49-1,1515588541246,0.8341463,-0.004878049,0.44660193,0.8341463
2018-1-10T13-49-1,1515588541247,0.82439023,-0.004878049,0.41747573,0.82439023
2018-1-10T13-49-1,1515588541248,0.8341463,0.004878049,0.42718446,0.8341463
2018-1-10T13-49-1,1515588541249,0.8341463,-0.004878049,0.44660193,0.8341463
2018-1-10T13-49-1,1515588541250,0.8341463,0.014634146,0.44660193,0.8341463
2018-1-10T13-49-1,1515588541251,0.86341465,-0.014634146,0.42718446,0.86341465
2018-1-10T13-49-1,1515588541252,0.85365856,-0.014634146,0.44660193,0.85365856
2018-1-10T13-49-1,1515588541253,0.85365856,-0.014634146,0.4563107,0.85365856
2018-1-10T13-49-1,1515588541254,0.84390247,-0.024390243,0.46601942,0.84390247
2018-1-10T13-49-1,1515588541255,0.8341463,-0.043902438,0.46601942,0.8341463
2018-1-10T13-49-1,1515588541256,0.8341463,-0.034146342,0.46601942,0.8341463
2018-1-10T13-49-1,1515588541257,0.86341465,-0.024390243,0.4368932,0.86341465
2018-1-10T13-49-1,1515588541258,0.85365856,-0.014634146,0.42718446,0.85365856
2018-1-10T13-49-1,1515588541259,0.9902439,-0.024390243,0.4563107,0.9902439
2018-1-10T13-49-1,1515588541260,0.86341465,-0.014634146,0.44660193,0.86341465
2018-1-10T13-49-1,1515588541261,0.84390247,-0.014634146,0.41747573,0.84390247
2018-1-10T13-49-1,1515588541262,0.85365856,-0.004878049,0.44660193,0.85365856
2018-1-10T13-49-1,1515588541263,0.85365856,-0.024390243,0.46601942,0.85365856
2018-1-10T13-49-1,1515588541264,0.85365856,-0.034146342,0.47572815,0.85365856
2018-1-10T13-49-1,1515588541265,0.85365856,-0.034146342,0.4563107,0.85365856
2018-1-10T13-49-1,1515588541266,0.87317073,-0.034146342,0.4563107,0.87317073
2018-1-10T13-49-1,1515588541267,0.85365856,-0.034146342,0.44660193,0.85365856
2018-1-10T13-49-1,1515588541268,0.84390247,-0.024390243,0.46601942,0.84390247
2018-1-10T13-49-1,1515588541269,0.8341463,-0.034146342,0.44660193,0.8341463
2018-1-10T13-49-1,1515588541270,0.81463414,-0.043902438,0.41747573,0.81463414
2018-1-10T13-49-1,1515588541271,0.82439023,-0.034146342,0.42718446,0.82439023
2018-1-10T13-49-1,1515588541272,0.82439023,-0.024390243,0.44660193,0.82439023
2018-1-10T13-49-1,1515588541273,0.8341463,-0.014634146,0.44660193,0.8341463
2018-1-10T13-49-1,1515588541274,0.87317073,-0.024390243,0.44660193,0.87317073
2018-1-10T13-49-1,1515588541275,0.86341465,0.004878049,0.44660193,0.86341465
2018-1-10T13-49-1,1515588541276,0.8829268,-0.004878049,0.4563107,0.8829268
2018-1-10T13-49-1,1515588541277,0.87317073,0.014634146,0.44660193,0.87317073
2018-1-10T13-49-1,1515588541278,0.84390247,-0.024390243,0.4368932,0.84390247
2018-1-10T13-49-1,1515588541279,0.84390247,-0.034146342,0.4563107,0.84390247
2018-1-10T13-49-1,1515588541280,0.84390247,-0.043902438,0.4563107,0.84390247
2018-1-10T13-49-1,1515588541281,0.8341463,-0.053658538,0.4368932,0.8341463
2018-1-10T13-49-1,1515588541282,0.81463414,-0.043902438,0.42718446,0.81463414
2018-1-10T13-49-1,1515588541283,0.8341463,-0.034146342,0.41747573,0.8341463
2018-1-10T13-49-1,1515588541284,0.8341463,-0.043902438,0.44660193,0.8341463
2018-1-10T13-49-1,1515588541285,0.82439023,-0.043902438,0.4563107,0.82439023
2018-1-10T13-49-1,1515588541286,0.8341463,-0.053658538,0.46601942,0.8341463
2018-1-10T13-49-1,1515588541287,0.86341465,-0.06341463,0.46601942,0.86341465
2018-1-10T13-49-1,1515588541288,0.85365856,-0.053658538,0.46601942,0.85365856
2018-1-10T13-49-1,1515588541289,0.85365856,-0.014634146,0.44660193,0.85365856
2018-1-10T13-49-1,1515588541290,0.87317073,0.004878049,0.4563107,0.87317073
2018-1-10T13-49-1,1515588541291,0.902439,-0.004878049,0.47572815,0.902439
2018-1-10T13-49-1,1515588541292,0.8829268,0.014634146,0.4563107,0.8829268
2018-1-10T13-49-1,1515588541293,0.902439,0.034146342,0.46601942,0.902439
2018-1-10T13-49-1,1515588541294,0.8829268,0.18048781,0.4563107,0.8829268
2018-1-10T13-49-1,1515588541295,0.84390247,-0.004878049,0.42718446,0.84390247
2018-1-10T13-49-1,1515588541296,0.84390247,0.004878049,0.4368932,0.84390247
2018-1-10T13-49-1,1515588541297,0.82439023,-0.024390243,0.42718446,0.82439023
2018-1-10T13-49-1,1515588541298,0.80487806,-0.06341463,0.4563107,0.80487806
2018-1-10T13-49-1,1515588541299,0.81463414,-0.034146342,0.44660193,0.81463414
2018-1-10T13-49-1,1515588541300,0.8341463,-0.043902438,0.4368932,0.8341463
2018-1-10T13-49-1,1515588541301,0.82439023,-0.053658538,0.44660193,0.82439023
2018-1-10T13-49-1,1515588541302,0.84390247,-0.024390243,0.44660193,0.84390247
2018-1-10T13-49-1,1515588541303,0.87317073,0.004878049,0.4563107,0.87317073
2018-1-10T13-49-1,1515588541304,0.87317073,-0.004878049,0.4368932,0.87317073
2018-1-10T13-49-1,1515588541305,0.84390247,0.004878049,0.4563107,0.84390247
2018-1-10T13-49-1,1515588541306,0.85365856,-0.034146342,0.46601942,0.85365856
2018-1-10T13-49-1,1515588541307,0.85365856,-0.024390243,0.44660193,0.85365856
2018-1-10T13-49-1,1515588541308,0.8341463,-0.024390243,0.42718446,0.8341463
2018-1-10T13-49-1,1515588541309,0.8341463,-0.034146342,0.4368932,0.8341463
2018-1-10T13-49-1,1515588541310,0.85365856,-0.034146342,0.46601942,0.85365856
2018-1-10T13-49-1,1515588541311,0.82439023,-0.034146342,0.4563107,0.82439023
2018-1-10T13-49-1,1515588541312,0.82439023,-0.053658538,0.44660193,0.82439023
2018-1-10T13-49-1,1515588541313,0.8829268,-0.043902438,0.4368932,0.8829268
2018-1-10T13-49-1,1515588541314,0.8341463,-0.053658538,0.4563107,0.8341463
2018-1-10T13-49-1,1515588541315,0.8341463,-0.034146342,0.46601942,0.8341463
2018-1-10T13-49-1,1515588541316,0.86341465,-0.043902438,0.46601942,0.86341465
2018-1-10T13-49-1,1515588541317,0.87317073,-0.053658538,0.4563107,0.87317073
2018-1-10T13-49-1,1515588541318,0.87317073,-0.004878049,0.44660193,0.87317073
2018-1-10T13-49-1,1515588541319,0.84390247,-0.014634146,0.44660193,0.84390247
2018-1-10T13-49-1,1515588541320,0.7853659,-0.014634146,0.44660193,0.7853659
2018-1-10T13-49-1,1515588541321,0.84390247,-0.034146342,0.42718446,0.84390247
2018-1-10T13-49-1,1515588541322,0.85365856,-0.004878049,0.41747573,0.85365856
2018-1-10T13-49-1,1515588541323,0.85365856,0.004878049,0.4368932,0.85365856
2018-1-10T13-49-1,1515588541324,0.86341465,0.014634146,0.42718446,0.86341465
2018-1-10T13-49-1,1515588541325,0.8341463,0.004878049,0.44660193,0.8341463
2018-1-10T13-49-1,1515588541326,0.81463414,0.004878049,0.4368932,0.81463414
2018-1-10T13-49-1,1515588541327,0.86341465,0.004878049,0.4368932,0.86341465
2018-1-10T13-49-1,1515588541328,0.8341463,-0.004878049,0.4368932,0.8341463
2018-1-10T13-49-1,1515588541329,0.7268293,-0.014634146,0.4563107,0.7268293
2018-1-10T13-49-1,1515588541330,0.8341463,-0.06341463,0.4368932,0.8341463
2018-1-10T13-49-1,1515588541331,0.8341463,-0.07317073,0.46601942,0.8341463
2018-1-10T13-49-1,1515588541332,0.84390247,-0.06341463,0.39805827,0.84390247
2018-1-10T13-49-1,1515588541333,0.85365856,-0.043902438,0.4368932,0.85365856
2018-1-10T13-49-1,1515588541334,0.87317073,-0.053658538,0.47572815,0.87317073
2018-1-10T13-49-1,1515588541335,0.8341463,-0.034146342,0.4563107,0.8341463
2018-1-10T13-49-1,1515588541336,0.86341465,-0.034146342,0.4563107,0.86341465
2018-1-10T13-49-1,1515588541337,0.85365856,-0.034146342,0.44660193,0.85365856
2018-1-10T13-49-1,1515588541338,0.82439023,-0.024390243,0.4368932,0.82439023
2018-1-10T13-49-1,1515588541339,0.84390247,-0.024390243,0.4563107,0.84390247
2018-1-10T13-49-1,1515588541340,0.85365856,-0.024390243,0.46601942,0.85365856
2018-1-10T13-49-1,1515588541341,0.85365856,-0.014634146,0.44660193,0.85365856
2018-1-10T13-49-1,1515588541342,0.87317073,-0.034146342,0.4368932,0.87317073
2018-1-10T13-49-1,1515588541343,0.87317073,0.014634146,0.4368932,0.87317073
2018-1-10T13-49-1,1515588541344,0.8926829,0.014634146,0.46601942,0.8926829
2018-1-10T13-49-1,1515588541345,0.84390247,0.014634146,0.4368932,0.84390247
2018-1-10T13-49-1,1515588541346,0.82439023,0.014634146,0.41747573,0.82439023
2018-1-10T13-49-1,1515588541347,0.902439,0.004878049,0.42718446,0.902439
2018-1-10T13-49-1,1515588541348,0.82439023,-0.004878049,0.4563107,0.82439023
2018-1-10T13-49-1,1515588541349,0.8341463,-0.004878049,0.46601942,0.8341463
2018-1-10T13-49-1,1515588541350,0.86341465,-0.004878049,0.5145631,0.86341465
2018-1-10T13-49-1,1515588541351,0.8341463,-0.024390243,0.41747573,0.8341463
2018-1-10T13-49-1,1515588541352,0.8341463,0.004878049,0.4368932,0.8341463
2018-1-10T13-49-1,1515588541353,0.85365856,-0.10243902,0.46601942,0.85365856
2018-1-10T13-49-1,1515588541354,0.84390247,-0.024390243,0.46601942,0.84390247
2018-1-10T13-49-1,1515588541355,0.8341463,-0.034146342,0.4368932,0.8341463
2018-1-10T13-49-1,1515588541356,0.8341463,-0.043902438,0.4368932,0.8341463
2018-1-10T13-49-1,1515588541357,0.85365856,-0.053658538,0.4563107,0.85365856
2018-1-10T13-49-1,1515588541358,0.84390247,-0.07317073,0.46601942,0.84390247
2018-1-10T13-49-1,1515588541359,0.84390247,-0.043902438,0.4854369,0.84390247
2018-1-10T13-49-1,1515588541360,0.87317073,-0.043902438,0.4563107,0.87317073
2018-1-10T13-49-1,1515588541361,0.8829268,-0.043902438,0.44660193,0.8829268
2018-1-10T13-49-1,1515588541362,0.85365856,-0.034146342,0.44660193,0.85365856
2018-1-10T13-49-1,1515588541363,0.84390247,-0.034146342,0.44660193,0.84390247
2018-1-10T13-49-1,1515588541364,0.82439023,-0.043902438,0.44660193,0.82439023
2018-1-10T13-49-1,1515588541365,0.82439023,-0.034146342,0.44660193,0.82439023
2018-1-10T13-49-1,1515588541366,0.84390247,-0.034146342,0.4368932,0.84390247
2018-1-10T13-49-1,1515588541367,0.84390247,-0.034146342,0.4563107,0.84390247
2018-1-10T13-49-1,1515588541368,0.84390247,-0.034146342,0.4563107,0.84390247
2018-1-10T13-49-1,1515588541369,0.84390247,-0.014634146,0.4563107,0.84390247
2018-1-10T13-49-1,1515588541370,0.84390247,-0.034146342,0.4368932,0.84390247
2018-1-10T13-49-1,1515588541371,0.84390247,-0.004878049,0.42718446,0.84390247
2018-1-10T13-49-1,1515588541372,0.8341463,0.004878049,0.4368932,0.8341463
2018-1-10T13-49-1,1515588541373,0.8341463,-0.014634146,0.4563107,0.8341463
2018-1-10T13-49-1,1515588541374,0.8341463,-0.004878049,0.46601942,0.8341463
2018-1-10T13-49-1,1515588541375,0.84390247,-0.024390243,0.4563107,0.84390247
2018-1-10T13-49-1,1515588541376,0.86341465,-0.024390243,0.4368932,0.86341465
2018-1-10T13-49-1,1515588541377,0.86341465,-0.014634146,0.4854369,0.86341465
2018-1-10T13-49-1,1515588541378,0.85365856,-0.014634146,0.42718446,0.85365856
2018-1-10T13-49-1,1515588541379,0.85365856,0.024390243,0.4368932,0.85365856
2018-1-10T13-49-1,1515588541380,0.84390247,-0.004878049,0.41747573,0.84390247
2018-1-10T13-49-1,1515588541381,0.84390247,-0.004878049,0.44660193,0.84390247
2018-1-10T13-49-1,1515588541382,0.84390247,-0.024390243,0.44660193,0.84390247
2018-1-10T13-49-1,1515588541383,0.84390247,-0.043902438,0.44660193,0.84390247
2018-1-10T13-49-1,1515588541384,0.85365856,-0.053658538,0.46601942,0.85365856
2018-1-10T13-49-1,1515588541385,0.84390247,-0.06341463,0.47572815,0.84390247
2018-1-10T13-49-1,1515588541386,0.85365856,-0.06341463,0.4563107,0.85365856
2018-1-10T13-49-1,1515588541387,0.84390247,-0.053658538,0.44660193,0.84390247
2018-1-10T13-49-1,1515588541388,0.8341463,-0.034146342,0.44660193,0.8341463
2018-1-10T13-49-1,1515588541389,0.84390247,-0.024390243,0.4563107,0.84390247
2018-1-10T13-49-1,1515588541390,0.84390247,-0.024390243,0.44660193,0.84390247
2018-1-10T13-49-1,1515588541391,0.8341463,-0.004878049,0.44660193,0.8341463
2018-1-10T13-49-1,1515588541392,0.91219515,-0.004878049,0.4563107,0.91219515
2018-1-10T13-49-1,1515588541393,0.85365856,-0.024390243,0.46601942,0.85365856
2018-1-10T13-49-1,1515588541394,0.87317073,-0.004878049,0.44660193,0.87317073
2018-1-10T13-49-1,1515588541395,0.8341463,-0.004878049,0.4563107,0.8341463
2018-1-10T13-49-1,1515588541396,0.84390247,-0.004878049,0.44660193,0.84390247
2018-1-10T13-49-1,1515588541397,0.85365856,-0.004878049,0.4563107,0.85365856
2018-1-10T13-49-1,1515588541398,0.85365856,0.014634146,0.46601942,0.85365856
2018-1-10T13-49-1,1515588541399,0.86341465,0.004878049,0.4368932,0.86341465
2018-1-10T13-49-1,1515588541400,0.85365856,0.07317073,0.42718446,0.85365856
2018-1-10T13-49-1,1515588541401,0.85365856,0.014634146,0.41747573,0.85365856
2018-1-10T13-49-1,1515588541402,0.84390247,0.09268293,0.44660193,0.84390247
2018-1-10T13-49-1,1515588541403,0.84390247,-0.014634146,0.44660193,0.84390247
2018-1-10T13-49-1,1515588541404,0.84390247,-0.053658538,0.4368932,0.84390247
2018-1-10T13-49-1,1515588541405,0.85365856,0.004878049,0.4368932,0.85365856
2018-1-10T13-49-1,1515588541406,0.86341465,0.014634146,0.44660193,0.86341465
2018-1-10T13-49-1,1515588541407,0.84390247,-0.024390243,0.4368932,0.84390247
2018-1-10T13-49-1,1515588541408,0.84390247,-0.014634146,0.44660193,0.84390247
2018-1-10T13-49-1,1515588541409,0.85365856,-0.014634146,0.44660193,0.85365856
2018-1-10T13-49-1,1515588541410,0.84390247,-0.024390243,0.4563107,0.84390247
2018-1-10T13-49-1,1515588541411,0.84390247,-0.043902438,0.46601942,0.84390247
2018-1-10T13-49-1,1515588541412,0.84390247,-0.043902438,0.4563107,0.84390247
2018-1-10T13-49-1,1515588541413,0.85365856,-0.043902438,0.4368932,0.85365856
2018-1-10T13-49-1,1515588541414,0.75609756,-0.034146342,0.4368932,0.75609756
2018-1-10T13-49-1,1515588541415,0.84390247,-0.043902438,0.4368932,0.84390247
2018-1-10T13-49-1,1515588541416,0.85365856,-0.043902438,0.44660193,0.85365856
2018-1-10T13-49-1,1515588541417,0.8341463,-0.053658538,0.4563107,0.8341463
2018-1-10T13-49-1,1515588541418,0.8341463,-0.043902438,0.4563107,0.8341463
2018-1-10T13-49-1,1515588541419,0.84390247,0.004878049,0.39805827,0.84390247
2018-1-10T13-49-1,1515588541420,0.8341463,-0.043902438,0.41747573,0.8341463
2018-1-10T13-49-1,1515588541421,0.81463414,-0.034146342,0.4368932,0.81463414
2018-1-10T13-49-1,1515588541422,0.8341463,-0.07317073,0.46601942,0.8341463
2018-1-10T13-49-1,1515588541423,0.85365856,-0.014634146,0.407767,0.85365856
2018-1-10T13-49-1,1515588541424,0.8341463,-0.014634146,0.44660193,0.8341463
2018-1-10T13-49-1,1515588541425,0.84390247,-0.014634146,0.4563107,0.84390247
2018-1-10T13-49-1,1515588541426,0.86341465,-0.014634146,0.4563107,0.86341465
2018-1-10T13-49-1,1515588541427,0.85365856,-0.004878049,0.44660193,0.85365856
2018-1-10T13-49-1,1515588541428,0.86341465,0.004878049,0.4368932,0.86341465
2018-1-10T13-49-1,1515588541429,0.86341465,0.004878049,0.44660193,0.86341465
2018-1-10T13-49-1,1515588541430,0.86341465,0.004878049,0.44660193,0.86341465
2018-1-10T13-49-1,1515588541431,0.85365856,-0.004878049,0.4368932,0.85365856
2018-1-10T13-49-1,1515588541432,0.85365856,-0.014634146,0.41747573,0.85365856
2018-1-10T13-49-1,1515588541433,0.8341463,-0.043902438,0.44660193,0.8341463
2018-1-10T13-49-1,1515588541434,0.82439023,-0.034146342,0.4563107,0.82439023
2018-1-10T13-49-1,1515588541435,0.84390247,-0.043902438,0.47572815,0.84390247
2018-1-10T13-49-1,1515588541436,0.85365856,-0.06341463,0.44660193,0.85365856
2018-1-10T13-49-1,1515588541437,0.84390247,-0.034146342,0.4368932,0.84390247
2018-1-10T13-49-1,1515588541438,0.84390247,-0.024390243,0.44660193,0.84390247
2018-1-10T13-49-1,1515588541439,0.9317073,0.014634146,0.4563107,0.9317073
2018-1-10T13-49-1,1515588541440,0.86341465,0.004878049,0.44660193,0.86341465
2018-1-10T13-49-1,1515588541441,0.85365856,0.034146342,0.4368932,0.85365856
2018-1-10T13-49-1,1515588541442,0.86341465,-0.004878049,0.47572815,0.86341465
2018-1-10T13-49-1,1515588541443,0.86341465,-0.014634146,0.4368932,0.86341465
2018-1-10T13-49-1,1515588541444,0.81463414,-0.024390243,0.42718446,0.81463414
2018-1-10T13-49-1,1515588541445,0.8341463,-0.043902438,0.4563107,0.8341463
2018-1-10T13-49-1,1515588541446,0.84390247,-0.053658538,0.46601942,0.84390247
2018-1-10T13-49-1,1515588541447,0.8341463,-0.06341463,0.4563107,0.8341463
2018-1-10T13-49-1,1515588541448,0.84390247,-0.053658538,0.46601942,0.84390247
2018-1-10T13-49-1,1515588541449,0.84390247,-0.053658538,0.4563107,0.84390247
2018-1-10T13-49-1,1515588541450,0.85365856,-0.043902438,0.4563107,0.85365856
2018-1-10T13-49-1,1515588541451,0.7853659,-0.034146342,0.46601942,0.7853659
2018-1-10T13-49-1,1515588541452,0.85365856,-0.024390243,0.46601942,0.85365856
2018-1-10T13-49-1,1515588541453,0.87317073,-0.024390243,0.44660193,0.87317073
2018-1-10T13-49-1,1515588541454,0.85365856,-0.014634146,0.4563107,0.85365856
2018-1-10T13-49-1,1515588541455,0.85365856,-0.043902438,0.44660193,0.85365856
2018-1-10T13-49-1,1515588541456,0.84390247,-0.034146342,0.4368932,0.84390247
2018-1-10T13-49-1,1515588541457,0.8341463,-0.024390243,0.44660193,0.8341463
2018-1-10T13-49-1,1515588541458,0.8341463,-0.024390243,0.4368932,0.8341463
2018-1-10T13-49-1,1515588541459,0.84390247,-0.034146342,0.4368932,0.84390247
2018-1-10T13-49-1,1515588541460,0.84390247,-0.024390243,0.4368932,0.84390247
2018-1-10T13-49-1,1515588541461,0.82439023,-0.034146342,0.44660193,0.82439023
2018-1-10T13-49-1,1515588541462,0.84390247,-0.034146342,0.4563107,0.84390247
2018-1-10T13-49-1,1515588541463,0.84390247,-0.034146342,0.44660193,0.84390247
2018-1-10T13-49-1,1515588541464,0.85365856,-0.024390243,0.4368932,0.85365856
2018-1-10T13-49-1,1515588541465,0.86341465,-0.014634146,0.4563107,0.86341465
2018-1-10T13-49-1,1515588541466,0.86341465,-0.014634146,0.4563107,0.86341465
2018-1-10T13-49-1,1515588541467,0.8341463,-0.024390243,0.44660193,0.8341463
2018-1-10T13-49-1,1515588541468,0.84390247,-0.024390243,0.4368932,0.84390247
2018-1-10T13-49-1,1515588541469,0.8341463,-0.043902438,0.42718446,0.8341463
2018-1-10T13-49-1,1515588541470,0.8341463,-0.024390243,0.42718446,0.8341463
2018-1-10T13-49-1,1515588541471,0.8341463,-0.034146342,0.44660193,0.8341463
2018-1-10T13-49-1,1515588541472,0.85365856,-0.024390243,0.46601942,0.85365856
2018-1-10T13-49-1,1515588541473,0.84390247,0.004878049,0.4563107,0.84390247
2018-1-10T13-49-1,1515588541474,0.85365856,-0.004878049,0.4368932,0.85365856
2018-1-10T13-49-1,1515588541475,0.87317073,-0.004878049,0.44660193,0.87317073
2018-1-10T13-49-1,1515588541476,0.87317073,-0.004878049,0.44660193,0.87317073
2018-1-10T13-49-1,1515588541477,0.86341465,0.004878049,0.4563107,0.86341465
2018-1-10T13-49-1,1515588541478,0.86341465,0.004878049,0.44660193,0.86341465
2018-1-10T13-49-1,1515588541479,0.86341465,0.004878049,0.44660193,0.86341465
2018-1-10T13-49-1,1515588541480,0.84390247,-0.014634146,0.42718446,0.84390247
2018-1-10T13-49-1,1515588541481,0.8341463,-0.034146342,0.41747573,0.8341463
2018-1-10T13-49-1,1515588541482,0.82439023,-0.034146342,0.41747573,0.82439023
2018-1-10T13-49-1,1515588541483,0.79512197,-0.053658538,0.4368932,0.79512197
2018-1-10T13-49-1,1515588541484,0.81463414,-0.014634146,0.44660193,0.81463414
2018-1-10T13-49-1,1515588541485,0.82439023,-0.053658538,0.4563107,0.82439023
2018-1-10T13-49-1,1515588541486,0.84390247,-0.043902438,0.4563107,0.84390247
2018-1-10T13-49-1,1515588541487,0.84390247,-0.034146342,0.47572815,0.84390247
2018-1-10T13-49-1,1515588541488,0.86341465,-0.09268293,0.46601942,0.86341465
2018-1-10T13-49-1,1515588541489,0.8829268,-0.034146342,0.46601942,0.8829268
2018-1-10T13-49-1,1515588541490,0.87317073,-0.004878049,0.44660193,0.87317073
2018-1-10T13-49-1,1515588541491,0.8926829,0.014634146,0.4563107,0.8926829
2018-1-10T13-49-1,1515588541492,0.8829268,-0.004878049,0.44660193,0.8829268
2018-1-10T13-49-1,1515588541493,0.86341465,-0.014634146,0.44660193,0.86341465
2018-1-10T13-49-1,1515588541494,0.82439023,-0.034146342,0.41747573,0.82439023
2018-1-10T13-49-1,1515588541495,0.8341463,-0.024390243,0.44660193,0.8341463
2018-1-10T13-49-1,1515588541496,0.8341463,-0.043902438,0.4563107,0.8341463
2018-1-10T13-49-1,1515588541497,0.85365856,-0.034146342,0.4563107,0.85365856
2018-1-10T13-49-1,1515588541498,0.82439023,-0.034146342,0.44660193,0.82439023
2018-1-10T13-49-1,1515588541499,0.84390247,-0.014634146,0.44660193,0.84390247
2018-1-10T13-49-1,1515588541500,0.86341465,-0.014634146,0.46601942,0.86341465
2018-1-10T13-49-1,1515588541501,0.85365856,-0.014634146,0.4854369,0.85365856
2018-1-10T13-49-1,1515588541502,0.85365856,-0.024390243,0.44660193,0.85365856
2018-1-10T13-49-1,1515588541503,0.84390247,-0.004878049,0.41747573,0.84390247
2018-1-10T13-49-1,1515588541504,0.8341463,-0.004878049,0.42718446,0.8341463
2018-1-10T13-49-1,1515588541505,0.82439023,-0.014634146,0.407767,0.82439023
2018-1-10T13-49-1,1515588541506,0.81463414,-0.024390243,0.4368932,0.81463414
2018-1-10T13-49-1,1515588541507,0.8341463,-0.014634146,0.44660193,0.8341463
2018-1-10T13-49-1,1515588541508,0.85365856,-0.024390243,0.44660193,0.85365856
2018-1-10T13-49-1,1515588541509,0.85365856,-0.014634146,0.44660193,0.85365856
2018-1-10T13-49-1,1515588541510,0.85365856,0.004878049,0.46601942,0.85365856
2018-1-10T13-49-1,1515588541511,0.87317073,-0.004878049,0.47572815,0.87317073
2018-1-10T13-49-1,1515588541512,0.86341465,-0.014634146,0.4563107,0.86341465
2018-1-10T13-49-1,1515588541513,0.87317073,-0.014634146,0.4368932,0.87317073
2018-1-10T13-49-1,1515588541514,0.86341465,-0.024390243,0.4563107,0.86341465
2018-1-10T13-49-1,1515588541515,0.85365856,-0.034146342,0.4563107,0.85365856
2018-1-10T13-49-1,1515588541516,0.8341463,-0.034146342,0.47572815,0.8341463
2018-1-10T13-49-1,1515588541517,0.86341465,-0.043902438,0.4563107,0.86341465
2018-1-10T13-49-1,1515588541518,0.84390247,-0.034146342,0.3883495,0.84390247
2018-1-10T13-49-1,1515588541519,0.8341463,-0.034146342,0.42718446,0.8341463
2018-1-10T13-49-1,1515588541520,0.8341463,-0.034146342,0.44660193,0.8341463
2018-1-10T13-49-1,1515588541521,0.8341463,-0.034146342,0.4563107,0.8341463
2018-1-10T13-49-1,1515588541522,0.84390247,-0.024390243,0.49514562,0.84390247
2018-1-10T13-49-1,1515588541523,0.85365856,-0.014634146,0.41747573,0.85365856
2018-1-10T13-49-1,1515588541524,0.85365856,-0.024390243,0.44660193,0.85365856
2018-1-10T13-49-1,1515588541525,0.8926829,-0.034146342,0.44660193,0.8926829
2018-1-10T13-49-1,1515588541526,0.84390247,-0.014634146,0.4368932,0.84390247
2018-1-10T13-49-1,1515588541527,0.84390247,-0.014634146,0.44660193,0.84390247
2018-1-10T13-49-1,1515588541528,0.8341463,-0.024390243,0.44660193,0.8341463
2018-1-10T13-49-1,1515588541529,0.82439023,-0.024390243,0.4563107,0.82439023
2018-1-10T13-49-1,1515588541530,0.82439023,-0.034146342,0.4563107,0.82439023
2018-1-10T13-49-1,1515588541531,0.84390247,-0.024390243,0.4368932,0.84390247
2018-1-10T13-49-1,1515588541532,0.85365856,-0.024390243,0.4368932,0.85365856
2018-1-10T13-49-1,1515588541533,0.85365856,-0.004878049,0.42718446,0.85365856
2018-1-10T13-49-1,1515588541534,0.85365856,-0.014634146,0.41747573,0.85365856
2018-1-10T13-49-1,1515588541535,0.92195123,0.004878049,0.42718446,0.92195123
2018-1-10T13-49-1,1515588541536,0.82439023,-0.024390243,0.4563107,0.82439023
2018-1-10T13-49-1,1515588541537,0.8341463,-0.053658538,0.4563107,0.8341463
2018-1-10T13-49-1,1515588541538,0.84390247,-0.024390243,0.44660193,0.84390247
2018-1-10T13-49-1,1515588541539,0.84390247,-0.024390243,0.44660193,0.84390247
2018-1-10T13-49-1,1515588541540,0.87317073,-0.004878049,0.47572815,0.87317073
2018-1-10T13-49-1,1515588541541,0.86341465,-0.024390243,0.47572815,0.86341465
2018-1-10T13-49-1,1515588541542,0.85365856,-0.034146342,0.4368932,0.85365856
2018-1-10T13-49-1,1515588541543,0.85365856,-0.014634146,0.42718446,0.85365856
2018-1-10T13-49-1,1515588541544,0.84390247,-0.034146342,0.42718446,0.84390247
2018-1-10T13-49-1,1515588541545,0.8341463,-0.024390243,0.46601942,0.8341463
2018-1-10T13-49-1,1515588541546,0.8341463,-0.024390243,0.44660193,0.8341463
2018-1-10T13-49-1,1515588541547,0.84390247,-0.034146342,0.4368932,0.84390247
2018-1-10T13-49-1,1515588541548,0.85365856,-0.014634146,0.44660193,0.85365856
2018-1-10T13-49-1,1515588541549,0.85365856,0.024390243,0.44660193,0.85365856
2018-1-10T13-49-1,1515588541550,0.87317073,-0.004878049,0.44660193,0.87317073
2018-1-10T13-49-1,1515588541551,0.86341465,-0.014634146,0.4563107,0.86341465
2018-1-10T13-49-1,1515588541552,0.902439,-0.014634146,0.4563107,0.902439
2018-1-10T13-49-1,1515588541553,0.85365856,-0.014634146,0.49514562,0.85365856
2018-1-10T13-49-1,1515588541554,0.85365856,-0.024390243,0.4563107,0.85365856
2018-1-10T13-49-1,1515588541555,0.8341463,-0.024390243,0.4368932,0.8341463
2018-1-10T13-49-1,1515588541556,0.85365856,-0.024390243,0.4368932,0.85365856
2018-1-10T13-49-1,1515588541557,0.85365856,-0.004878049,0.42718446,0.85365856
2018-1-10T13-49-1,1515588541558,0.8341463,-0.014634146,0.3883495,0.8341463
2018-1-10T13-49-1,1515588541559,0.81463414,-0.014634146,0.4368932,0.81463414
2018-1-10T13-49-1,1515588541560,0.82439023,-0.014634146,0.4563107,0.82439023
2018-1-10T13-49-1,1515588541561,0.80487806,-0.024390243,0.4368932,0.80487806
2018-1-10T13-49-1,1515588541562,0.84390247,-0.014634146,0.44660193,0.84390247
2018-1-10T13-49-1,1515588541563,0.85365856,-0.024390243,0.4563107,0.85365856
2018-1-10T13-49-1,1515588541564,0.86341465,-0.014634146,0.46601942,0.86341465
2018-1-10T13-49-1,1515588541565,0.84390247,-0.024390243,0.4563107,0.84390247
2018-1-10T13-49-1,1515588541566,0.84390247,-0.034146342,0.41747573,0.84390247
2018-1-10T13-49-1,1515588541567,0.84390247,-0.11219512,0.4854369,0.84390247
2018-1-10T13-49-1,1515588541568,0.82439023,-0.034146342,0.44660193,0.82439023
2018-1-10T13-49-1,1515588541569,0.8341463,-0.053658538,0.4563107,0.8341463
2018-1-10T13-49-1,1515588541570,0.8341463,-0.06341463,0.4563107,0.8341463
2018-1-10T13-49-1,1515588541571,0.85365856,-0.053658538,0.4563107,0.85365856
2018-1-10T13-49-1,1515588541572,0.86341465,-0.034146342,0.44660193,0.86341465
2018-1-10T13-49-1,1515588541573,0.9317073,-0.034146342,0.4563107,0.9317073
2018-1-10T13-49-1,1515588541574,0.86341465,-0.034146342,0.46601942,0.86341465
2018-1-10T13-49-1,1515588541575,0.86341465,-0.014634146,0.44660193,0.86341465
2018-1-10T13-49-1,1515588541576,0.86341465,-0.043902438,0.4563107,0.86341465
2018-1-10T13-49-1,1515588541577,0.85365856,-0.024390243,0.42718446,0.85365856
2018-1-10T13-49-1,1515588541578,0.8341463,-0.004878049,0.46601942,0.8341463
2018-1-10T13-49-1,1515588541579,0.8341463,-0.024390243,0.4368932,0.8341463
2018-1-10T13-49-1,1515588541580,0.85365856,-0.004878049,0.3883495,0.85365856
2018-1-10T13-49-1,1515588541581,0.86341465,0.004878049,0.39805827,0.86341465
2018-1-10T13-49-1,1515588541582,0.85365856,0.014634146,0.4563107,0.85365856
2018-1-10T13-49-1,1515588541583,0.85365856,-0.004878049,0.47572815,0.85365856
2018-1-10T13-49-1,1515588541584,0.85365856,0.004878049,0.44660193,0.85365856
2018-1-10T13-49-1,1515588541585,0.84390247,-0.004878049,0.4368932,0.84390247
2018-1-10T13-49-1,1515588541586,0.84390247,0.043902438,0.4368932,0.84390247
2018-1-10T13-49-1,1515588541587,0.85365856,-0.043902438,0.44660193,0.85365856
2018-1-10T13-49-1,1515588541588,0.84390247,-0.043902438,0.4563107,0.84390247
2018-1-10T13-49-1,1515588541589,0.86341465,-0.024390243,0.4563107,0.86341465
2018-1-10T13-49-1,1515588541590,0.85365856,-0.034146342,0.4368932,0.85365856
2018-1-10T13-49-1,1515588541591,0.84390247,-0.034146342,0.4563107,0.84390247
2018-1-10T13-49-1,1515588541592,0.84390247,-0.024390243,0.42718446,0.84390247
2018-1-10T13-49-1,1515588541593,0.87317073,-0.053658538,0.44660193,0.87317073
2018-1-10T13-49-1,1515588541594,0.8341463,-0.043902438,0.44660193,0.8341463
2018-1-10T13-49-1,1515588541595,0.84390247,-0.043902438,0.44660193,0.84390247
2018-1-10T13-49-1,1515588541596,0.8341463,-0.043902438,0.4368932,0.8341463
2018-1-10T13-49-1,1515588541597,0.84390247,-0.043902438,0.4563107,0.84390247
2018-1-10T13-49-1,1515588541598,0.85365856,-0.034146342,0.46601942,0.85365856
2018-1-10T13-49-1,1515588541599,0.87317073,-0.014634146,0.46601942,0.87317073
2018-1-10T13-49-1,1515588541600,0.8829268,-0.004878049,0.44660193,0.8829268
2018-1-10T13-49-1,1515588541601,0.86341465,0.014634146,0.4368932,0.86341465
2018-1-10T13-49-1,1515588541602,0.86341465,0.014634146,0.42718446,0.86341465
2018-1-10T13-49-1,1515588541603,0.8341463,-0.014634146,0.4368932,0.8341463
2018-1-10T13-49-1,1515588541604,0.82439023,-0.024390243,0.46601942,0.82439023
2018-1-10T13-49-1,1515588541605,0.8341463,-0.014634146,0.44660193,0.8341463
2018-1-10T13-49-1,1515588541606,0.8341463,-0.043902438,0.4563107,0.8341463
2018-1-10T13-49-1,1515588541607,0.84390247,-0.024390243,0.4563107,0.84390247
2018-1-10T13-49-1,1515588541608,0.84390247,-0.024390243,0.47572815,0.84390247
2018-1-10T13-49-1,1515588541609,0.86341465,-0.014634146,0.4563107,0.86341465
2018-1-10T13-49-1,1515588541610,0.85365856,-0.004878049,0.47572815,0.85365856
2018-1-10T13-49-1,1515588541611,0.84390247,0.004878049,0.42718446,0.84390247
2018-1-10T13-49-1,1515588541612,0.86341465,0.014634146,0.42718446,0.86341465
2018-1-10T13-49-1,1515588541613,0.85365856,0.004878049,0.44660193,0.85365856
2018-1-10T13-49-1,1515588541614,0.87317073,0.004878049,0.4563107,0.87317073
2018-1-10T13-49-1,1515588541615,0.84390247,0.004878049,0.5048544,0.84390247
2018-1-10T13-49-1,1515588541616,0.84390247,-0.014634146,0.44660193,0.84390247
2018-1-10T13-49-1,1515588541617,0.84390247,-0.024390243,0.44660193,0.84390247
2018-1-10T13-49-1,1515588541618,0.8341463,-0.034146342,0.44660193,0.8341463
2018-1-10T13-49-1,1515588541619,0.84390247,-0.043902438,0.46601942,0.84390247
2018-1-10T13-49-1,1515588541620,0.8341463,-0.06341463,0.47572815,0.8341463
2018-1-10T13-49-1,1515588541621,0.82439023,-0.07317073,0.4854369,0.82439023
2018-1-10T13-49-1,1515588541622,0.85365856,-0.06341463,0.47572815,0.85365856
2018-1-10T13-49-1,1515588541623,0.84390247,-0.034146342,0.42718446,0.84390247
2018-1-10T13-49-1,1515588541624,0.85365856,-0.024390243,0.42718446,0.85365856
2018-1-10T13-49-1,1515588541625,0.87317073,-0.014634146,0.4368932,0.87317073
2018-1-10T13-49-1,1515588541626,0.85365856,-0.014634146,0.4368932,0.85365856
2018-1-10T13-49-1,1515588541627,0.84390247,-0.004878049,0.42718446,0.84390247
2018-1-10T13-49-1,1515588541628,0.79512197,-0.004878049,0.42718446,0.79512197
2018-1-10T13-49-1,1515588541629,0.82439023,-0.034146342,0.44660193,0.82439023
2018-1-10T13-49-1,1515588541630,0.80487806,-0.053658538,0.4563107,0.80487806
2018-1-10T13-49-1,1515588541631,0.8341463,-0.043902438,0.4563107,0.8341463
2018-1-10T13-49-1,1515588541632,0.8926829,-0.043902438,0.47572815,0.8926829
2018-1-10T13-49-1,1515588541633,0.8341463,-0.053658538,0.4368932,0.8341463
2018-1-10T13-49-1,1515588541634,0.8341463,-0.024390243,0.44660193,0.8341463
2018-1-10T13-49-1,1515588541635,0.85365856,-0.014634146,0.44660193,0.85365856
2018-1-10T13-49-1,1515588541636,0.8341463,-0.014634146,0.44660193,0.8341463
2018-1-10T13-49-1,1515588541637,0.84390247,-0.014634146,0.44660193,0.84390247
2018-1-10T13-49-1,1515588541638,0.8341463,-0.014634146,0.46601942,0.8341463
2018-1-10T13-49-1,1515588541639,0.87317073,-0.034146342,0.46601942,0.87317073
2018-1-10T13-49-1,1515588541640,0.86341465,-0.004878049,0.4368932,0.86341465
2018-1-10T13-49-1,1515588541641,0.85365856,-0.024390243,0.4368932,0.85365856
2018-1-10T13-49-1,1515588541642,0.85365856,-0.024390243,0.44660193,0.85365856
2018-1-10T13-49-1,1515588541643,0.84390247,-0.043902438,0.4563107,0.84390247
2018-1-10T13-49-1,1515588541644,0.82439023,-0.11219512,0.46601942,0.82439023
2018-1-10T13-49-1,1515588541645,0.34634146,0.024390243,0.4563107,0.34634146
2018-1-10T13-49-1,1515588541646,0.80487806,0.004878049,0.44660193,0.80487806
2018-1-10T13-49-1,1515588541647,0.8341463,-0.004878049,0.4368932,0.8341463
2018-1-10T13-49-1,1515588541648,0.85365856,-0.004878049,0.42718446,0.85365856
2018-1-10T13-49-1,1515588541649,0.85365856,-0.004878049,0.4563107,0.85365856
2018-1-10T13-49-1,1515588541650,0.85365856,0.004878049,0.46601942,0.85365856
2018-1-10T13-49-1,1515588541651,0.86341465,-0.1902439,0.44660193,0.86341465
2018-1-10T13-49-1,1515588541652,0.86341465,-0.004878049,0.4563107,0.86341465
2018-1-10T13-49-1,1515588541653,0.86341465,-0.004878049,0.44660193,0.86341465
2018-1-10T13-49-1,1515588541654,0.8829268,-0.014634146,0.4563107,0.8829268
2018-1-10T13-49-1,1515588541655,0.87317073,-0.004878049,0.44660193,0.87317073
2018-1-10T13-49-1,1515588541656,0.85365856,-0.024390243,0.4368932,0.85365856
2018-1-10T13-49-1,1515588541657,0.80487806,-0.034146342,0.4368932,0.80487806
2018-1-10T13-49-1,1515588541658,0.8341463,0.33658537,0.46601942,0.8341463
2018-1-10T13-49-1,1515588541659,0.8341463,-0.034146342,0.42718446,0.8341463
2018-1-10T13-49-1,1515588541660,0.8341463,-0.024390243,0.41747573,0.8341463
2018-1-10T13-49-1,1515588541661,0.8341463,-0.034146342,0.44660193,0.8341463
2018-1-10T13-49-1,1515588541662,0.84390247,-0.034146342,0.44660193,0.84390247
2018-1-10T13-49-1,1515588541663,0.85365856,-0.014634146,0.44660193,0.85365856
2018-1-10T13-49-1,1515588541664,0.84390247,-0.014634146,0.4563107,0.84390247
2018-1-10T13-49-1,1515588541665,0.84390247,-0.043902438,0.4563107,0.84390247
2018-1-10T13-49-1,1515588541666,0.84390247,-0.043902438,0.4368932,0.84390247
2018-1-10T13-49-1,1515588541667,0.8341463,-0.053658538,0.407767,0.8341463
2018-1-10T13-49-1,1515588541668,0.8341463,-0.053658538,0.4563107,0.8341463
2018-1-10T13-49-1,1515588541669,0.84390247,-0.06341463,0.4563107,0.84390247
2018-1-10T13-49-1,1515588541670,0.8341463,-0.004878049,0.4368932,0.8341463
2018-1-10T13-49-1,1515588541671,0.84390247,-0.034146342,0.44660193,0.84390247
2018-1-10T13-49-1,1515588541672,0.85365856,-0.034146342,0.44660193,0.85365856
2018-1-10T13-49-1,1515588541673,0.85365856,-0.024390243,0.4854369,0.85365856
2018-1-10T13-49-1,1515588541674,0.85365856,-0.004878049,0.4563107,0.85365856
2018-1-10T13-49-1,1515588541675,0.86341465,-0.004878049,0.44660193,0.86341465
2018-1-10T13-49-1,1515588541676,0.85365856,0.004878049,0.4563107,0.85365856
2018-1-10T13-49-1,1515588541677,0.84390247,-0.004878049,0.44660193,0.84390247
2018-1-10T13-49-1,1515588541678,0.84390247,0.004878049,0.4368932,0.84390247
2018-1-10T13-49-1,1515588541679,0.8341463,-0.034146342,0.407767,0.8341463
2018-1-10T13-49-1,1515588541680,0.84390247,-0.014634146,0.4563107,0.84390247
2018-1-10T13-49-1,1515588541681,0.8341463,-0.014634146,0.44660193,0.8341463
2018-1-10T13-49-1,1515588541682,0.84390247,-0.014634146,0.4854369,0.84390247
2018-1-10T13-49-1,1515588541683,0.84390247,-0.014634146,0.42718446,0.84390247
2018-1-10T13-49-1,1515588541684,0.84390247,-0.004878049,0.4563107,0.84390247
2018-1-10T13-49-1,1515588541685,0.86341465,-0.024390243,0.44660193,0.86341465
2018-1-10T13-49-1,1515588541686,0.86341465,-0.004878049,0.46601942,0.86341465
2018-1-10T13-49-1,1515588541687,0.85365856,-0.004878049,0.46601942,0.85365856
2018-1-10T13-49-1,1515588541688,0.86341465,-0.024390243,0.44660193,0.86341465
2018-1-10T13-49-1,1515588541689,0.8341463,-0.034146342,0.41747573,0.8341463
2018-1-10T13-49-1,1515588541690,0.82439023,-0.034146342,0.4368932,0.82439023
2018-1-10T13-49-1,1515588541691,0.8341463,-0.053658538,0.44660193,0.8341463
2018-1-10T13-49-1,1515588541692,0.82439023,-0.034146342,0.44660193,0.82439023
2018-1-10T13-49-1,1515588541693,0.8341463,-0.053658538,0.44660193,0.8341463
2018-1-10T13-49-1,1515588541694,0.84390247,-0.043902438,0.5048544,0.84390247
2018-1-10T13-49-1,1515588541695,0.86341465,-0.043902438,0.44660193,0.86341465
2018-1-10T13-49-1,1515588541696,0.86341465,-0.024390243,0.44660193,0.86341465
2018-1-10T13-49-1,1515588541697,0.8341463,-0.053658538,0.44660193,0.8341463
2018-1-10T13-49-1,1515588541698,0.87317073,-0.06341463,0.44660193,0.87317073
2018-1-10T13-49-1,1515588541699,0.84390247,-0.024390243,0.4368932,0.84390247
2018-1-10T13-49-1,1515588541700,0.8341463,-0.004878049,0.4368932,0.8341463
2018-1-10T13-49-1,1515588541701,0.8341463,-0.034146342,0.46601942,0.8341463
2018-1-10T13-49-1,1515588541702,0.8341463,-0.024390243,0.4368932,0.8341463
2018-1-10T13-49-1,1515588541703,0.81463414,0.004878049,0.4563107,0.81463414
2018-1-10T13-49-1,1515588541704,0.85365856,0.004878049,0.46601942,0.85365856
2018-1-10T13-49-1,1515588541705,0.86341465,-0.06341463,0.4563107,0.86341465
2018-1-10T13-49-1,1515588541706,0.85365856,-0.004878049,0.44660193,0.85365856
2018-1-10T13-49-1,1515588541707,0.85365856,-0.004878049,0.4368932,0.85365856
2018-1-10T13-49-1,1515588541708,0.86341465,-0.014634146,0.4563107,0.86341465
2018-1-10T13-49-1,1515588541709,0.85365856,-0.004878049,0.46601942,0.85365856
2018-1-10T13-49-1,1515588541710,0.85365856,-0.004878049,0.4563107,0.85365856
2018-1-10T13-49-1,1515588541711,0.86341465,-0.014634146,0.4368932,0.86341465
2018-1-10T13-49-1,1515588541712,0.84390247,0.004878049,0.42718446,0.84390247
2018-1-10T13-49-1,1515588541713,0.85365856,0.004878049,0.42718446,0.85365856
2018-1-10T13-49-1,1515588541714,0.8341463,-0.014634146,0.407767,0.8341463
2018-1-10T13-49-1,1515588541715,0.81463414,-0.004878049,0.4368932,0.81463414
2018-1-10T13-49-1,1515588541716,0.81463414,-0.014634146,0.4563107,0.81463414
2018-1-10T13-49-1,1515588541717,0.84390247,-0.024390243,0.4563107,0.84390247
2018-1-10T13-49-1,1515588541718,0.85365856,-0.014634146,0.4563107,0.85365856
2018-1-10T13-49-1,1515588541719,0.8829268,-0.024390243,0.4563107,0.8829268
2018-1-10T13-49-1,1515588541720,0.87317073,-0.014634146,0.5048544,0.87317073
2018-1-10T13-49-1,1515588541721,0.87317073,-0.034146342,0.44660193,0.87317073
2018-1-10T13-49-1,1515588541722,0.79512197,-0.043902438,0.46601942,0.79512197
2018-1-10T13-49-1,1515588541723,0.87317073,-0.043902438,0.44660193,0.87317073
2018-1-10T13-49-1,1515588541724,0.84390247,-0.043902438,0.46601942,0.84390247
2018-1-10T13-49-1,1515588541725,0.7853659,-0.06341463,0.44660193,0.7853659
2018-1-10T13-49-1,1515588541726,0.8341463,-0.06341463,0.42718446,0.8341463
2018-1-10T13-49-1,1515588541727,0.86341465,-0.06341463,0.407767,0.86341465
2018-1-10T13-49-1,1515588541728,0.81463414,-0.14146341,0.4368932,0.81463414
2018-1-10T13-49-1,1515588541729,0.79512197,-0.034146342,0.4368932,0.79512197
2018-1-10T13-49-1,1515588541730,0.81463414,-0.024390243,0.4563107,0.81463414
2018-1-10T13-49-1,1515588541731,0.81463414,-0.053658538,0.44660193,0.81463414
2018-1-10T13-49-1,1515588541732,0.82439023,-0.034146342,0.49514562,0.82439023
2018-1-10T13-49-1,1515588541733,0.85365856,-0.004878049,0.4563107,0.85365856
2018-1-10T13-49-1,1515588541734,0.8829268,0.004878049,0.41747573,0.8829268
2018-1-10T13-49-1,1515588541735,0.8829268,0.024390243,0.44660193,0.8829268
2018-1-10T13-49-1,1515588541736,0.902439,0.034146342,0.4563107,0.902439
2018-1-10T13-49-1,1515588541737,0.8926829,0.024390243,0.44660193,0.8926829
2018-1-10T13-49-1,1515588541738,0.87317073,0.034146342,0.4368932,0.87317073
2018-1-10T13-49-1,1515588541739,0.86341465,-0.004878049,0.4563107,0.86341465
2018-1-10T13-49-1,1515588541740,0.8341463,-0.024390243,0.46601942,0.8341463
2018-1-10T13-49-1,1515588541741,0.8341463,-0.034146342,0.42718446,0.8341463
2018-1-10T13-49-1,1515588541742,0.8341463,-0.043902438,0.4563107,0.8341463
2018-1-10T13-49-1,1515588541743,0.84390247,-0.043902438,0.46601942,0.84390247
2018-1-10T13-49-1,1515588541744,0.84390247,-0.06341463,0.46601942,0.84390247
2018-1-10T13-49-1,1515588541745,0.84390247,-0.034146342,0.52427185,0.84390247
2018-1-10T13-49-1,1515588541746,0.85365856,-0.024390243,0.44660193,0.85365856
2018-1-10T13-49-1,1515588541747,0.85365856,-0.034146342,0.4563107,0.85365856
2018-1-10T13-49-1,1515588541748,0.85365856,-0.024390243,0.4368932,0.85365856
2018-1-10T13-49-1,1515588541749,0.84390247,-0.014634146,0.4368932,0.84390247
2018-1-10T13-49-1,1515588541750,0.8341463,-0.024390243,0.37864077,0.8341463
2018-1-10T13-49-1,1515588541751,0.8341463,-0.004878049,0.41747573,0.8341463
2018-1-10T13-49-1,1515588541752,0.82439023,0.07317073,0.4368932,0.82439023
2018-1-10T13-49-1,1515588541753,0.84390247,-0.034146342,0.4368932,0.84390247
2018-1-10T13-49-1,1515588541754,0.84390247,-0.034146342,0.42718446,0.84390247
2018-1-10T13-49-1,1515588541755,0.82439023,-0.034146342,0.42718446,0.82439023
2018-1-10T13-49-1,1515588541756,0.84390247,-0.043902438,0.4368932,0.84390247
2018-1-10T13-49-1,1515588541757,0.84390247,-0.043902438,0.46601942,0.84390247
2018-1-10T13-49-1,1515588541758,0.8341463,-0.024390243,0.4563107,0.8341463
2018-1-10T13-49-1,1515588541759,0.8341463,-0.024390243,0.4563107,0.8341463
2018-1-10T13-49-1,1515588541760,0.84390247,-0.024390243,0.46601942,0.84390247
2018-1-10T13-49-1,1515588541761,0.86341465,-0.024390243,0.46601942,0.86341465
2018-1-10T13-49-1,1515588541762,0.86341465,0.004878049,0.44660193,0.86341465
2018-1-10T13-49-1,1515588541763,0.86341465,-0.004878049,0.42718446,0.86341465
2018-1-10T13-49-1,1515588541764,0.81463414,0.004878049,0.42718446,0.81463414
2018-1-10T13-49-1,1515588541765,0.84390247,0.014634146,0.44660193,0.84390247
2018-1-10T13-49-1,1515588541766,0.84390247,0.004878049,0.4563107,0.84390247
2018-1-10T13-49-1,1515588541767,0.84390247,0.004878049,0.4563107,0.84390247
2018-1-10T13-49-1,1515588541768,0.86341465,0.004878049,0.4563107,0.86341465
2018-1-10T13-49-1,1515588541769,0.85365856,0.014634146,0.4563107,0.85365856
2018-1-10T13-49-1,1515588541770,0.86341465,-0.014634146,0.4563107,0.86341465
2018-1-10T13-49-1,1515588541771,0.86341465,-0.014634146,0.46601942,0.86341465
2018-1-10T13-49-1,1515588541772,0.85365856,0.053658538,0.44660193,0.85365856
2018-1-10T13-49-1,1515588541773,0.86341465,0.014634146,0.4368932,0.86341465
2018-1-10T13-49-1,1515588541774,0.84390247,-0.024390243,0.4368932,0.84390247
2018-1-10T13-49-1,1515588541775,0.81463414,-0.004878049,0.44660193,0.81463414
2018-1-10T13-49-1,1515588541776,0.8341463,-0.043902438,0.4368932,0.8341463
2018-1-10T13-49-1,1515588541777,0.8341463,-0.06341463,0.42718446,0.8341463
2018-1-10T13-49-1,1515588541778,0.8341463,-0.043902438,0.42718446,0.8341463
2018-1-10T13-49-1,1515588541779,0.82439023,-0.043902438,0.44660193,0.82439023
2018-1-10T13-49-1,1515588541780,0.8341463,-0.053658538,0.46601942,0.8341463
2018-1-10T13-49-1,1515588541781,0.82439023,-0.043902438,0.4563107,0.82439023
2018-1-10T13-49-1,1515588541782,0.85365856,-0.034146342,0.4368932,0.85365856
2018-1-10T13-49-1,1515588541783,0.85365856,-0.043902438,0.44660193,0.85365856
2018-1-10T13-49-1,1515588541784,0.86341465,-0.034146342,0.46601942,0.86341465
2018-1-10T13-49-1,1515588541785,0.87317073,0.024390243,0.46601942,0.87317073
2018-1-10T13-49-1,1515588541786,0.8829268,-0.043902438,0.44660193,0.8829268
2018-1-10T13-49-1,1515588541787,0.85365856,-0.043902438,0.407767,0.85365856
2018-1-10T13-49-1,1515588541788,0.79512197,-0.034146342,0.42718446,0.79512197
2018-1-10T13-49-1,1515588541789,0.82439023,-0.024390243,0.407767,0.82439023
2018-1-10T13-49-1,1515588541790,0.80487806,-0.034146342,0.44660193,0.80487806
2018-1-10T13-49-1,1515588541791,0.82439023,-0.014634146,0.4368932,0.82439023
2018-1-10T13-49-1,1515588541792,0.84390247,0.07317073,0.41747573,0.84390247
2018-1-10T13-49-1,1515588541793,0.86341465,-0.014634146,0.44660193,0.86341465
2018-1-10T13-49-1,1515588541794,0.86341465,0.014634146,0.46601942,0.86341465
2018-1-10T13-49-1,1515588541795,0.87317073,-0.024390243,0.46601942,0.87317073
2018-1-10T13-49-1,1515588541796,0.8829268,0.014634146,0.44660193,0.8829268
2018-1-10T13-49-1,1515588541797,0.8926829,0.024390243,0.44660193,0.8926829
2018-1-10T13-49-1,1515588541798,0.85365856,0.004878049,0.44660193,0.85365856
2018-1-10T13-49-1,1515588541799,0.85365856,-0.004878049,0.4368932,0.85365856
2018-1-10T13-49-1,1515588541800,0.85365856,-0.034146342,0.4368932,0.85365856
2018-1-10T13-49-1,1515588541801,0.8341463,-0.014634146,0.44660193,0.8341463
2018-1-10T13-49-1,1515588541802,0.84390247,-0.014634146,0.42718446,0.84390247
2018-1-10T13-49-1,1515588541803,0.8341463,-0.034146342,0.4368932,0.8341463
2018-1-10T13-49-1,1515588541804,0.8341463,-0.024390243,0.4368932,0.8341463
2018-1-10T13-49-1,1515588541805,0.82439023,-0.024390243,0.407767,0.82439023
2018-1-10T13-49-1,1515588541806,0.87317073,-0.024390243,0.44660193,0.87317073
2018-1-10T13-49-1,1515588541807,0.82439023,-0.09268293,0.46601942,0.82439023
2018-1-10T13-49-1,1515588541808,0.8341463,0.014634146,0.407767,0.8341463
2018-1-10T13-49-1,1515588541809,0.85365856,-0.053658538,0.5048544,0.85365856
2018-1-10T13-49-1,1515588541810,0.85365856,-0.034146342,0.4563107,0.85365856
2018-1-10T13-49-1,1515588541811,0.84390247,-0.043902438,0.44660193,0.84390247
2018-1-10T13-49-1,1515588541812,0.85365856,-0.043902438,0.4368932,0.85365856
2018-1-10T13-49-1,1515588541813,0.84390247,-0.053658538,0.42718446,0.84390247
2018-1-10T13-49-1,1515588541814,0.82439023,-0.06341463,0.42718446,0.82439023
2018-1-10T13-49-1,1515588541815,0.84390247,-0.053658538,0.44660193,0.84390247
2018-1-10T13-49-1,1515588541816,0.84390247,-0.043902438,0.46601942,0.84390247
2018-1-10T13-49-1,1515588541817,0.86341465,-0.043902438,0.46601942,0.86341465
2018-1-10T13-49-1,1515588541818,0.86341465,0.004878049,0.46601942,0.86341465
2018-1-10T13-49-1,1515588541819,0.8926829,-0.004878049,0.4563107,0.8926829
2018-1-10T13-49-1,1515588541820,0.86341465,-0.004878049,0.4563107,0.86341465
2018-1-10T13-49-1,1515588541821,0.86341465,0.004878049,0.46601942,0.86341465
2018-1-10T13-49-1,1515588541822,0.85365856,0.014634146,0.4854369,0.85365856
2018-1-10T13-49-1,1515588541823,0.85365856,0.09268293,0.46601942,0.85365856
2018-1-10T13-49-1,1515588541824,0.84390247,0.014634146,0.44660193,0.84390247
2018-1-10T13-49-1,1515588541825,0.8341463,0.014634146,0.4368932,0.8341463
2018-1-10T13-49-1,1515588541826,0.8926829,-0.004878049,0.4368932,0.8926829
2018-1-10T13-49-1,1515588541827,0.82439023,0.014634146,0.4368932,0.82439023
2018-1-10T13-49-1,1515588541828,0.8341463,-0.034146342,0.4368932,0.8341463
2018-1-10T13-49-1,1515588541829,0.8341463,-0.034146342,0.4368932,0.8341463
2018-1-10T13-49-1,1515588541830,0.82439023,-0.014634146,0.4368932,0.82439023
2018-1-10T13-49-1,1515588541831,0.82439023,-0.014634146,0.41747573,0.82439023
2018-1-10T13-49-1,1515588541832,0.84390247,-0.08292683,0.4368932,0.84390247
2018-1-10T13-49-1,1515588541833,0.8341463,-0.034146342,0.4563107,0.8341463
2018-1-10T13-49-1,1515588541834,0.86341465,-0.034146342,0.44660193,0.86341465
2018-1-10T13-49-1,1515588541835,0.85365856,-0.034146342,0.4368932,0.85365856
2018-1-10T13-49-1,1515588541836,0.86341465,-0.024390243,0.407767,0.86341465
2018-1-10T13-49-1,1515588541837,0.84390247,-0.034146342,0.49514562,0.84390247
2018-1-10T13-49-1,1515588541838,0.84390247,-0.034146342,0.4368932,0.84390247
2018-1-10T13-49-1,1515588541839,0.84390247,-0.053658538,0.4563107,0.84390247
2018-1-10T13-49-1,1515588541840,0.85365856,-0.053658538,0.47572815,0.85365856
2018-1-10T13-49-1,1515588541841,0.85365856,-0.053658538,0.46601942,0.85365856
2018-1-10T13-49-1,1515588541842,0.87317073,-0.053658538,0.4368932,0.87317073
2018-1-10T13-49-1,1515588541843,0.86341465,-0.043902438,0.46601942,0.86341465
2018-1-10T13-49-1,1515588541844,0.85365856,-0.004878049,0.4563107,0.85365856
2018-1-10T13-49-1,1515588541845,0.8829268,-0.034146342,0.47572815,0.8829268
2018-1-10T13-49-1,1515588541846,0.85365856,-0.014634146,0.4368932,0.85365856
2018-1-10T13-49-1,1515588541847,0.85365856,-0.024390243,0.5145631,0.85365856
2018-1-10T13-49-1,1515588541848,0.8341463,0.06341463,0.44660193,0.8341463
2018-1-10T13-49-1,1515588541849,0.84390247,-0.014634146,0.407767,0.84390247
2018-1-10T13-49-1,1515588541850,0.82439023,-0.014634146,0.4368932,0.82439023
2018-1-10T13-49-1,1515588541851,0.84390247,-0.014634146,0.44660193,0.84390247
2018-1-10T13-49-1,1515588541852,0.8341463,-0.034146342,0.42718446,0.8341463
2018-1-10T13-49-1,1515588541853,0.82439023,0.024390243,0.42718446,0.82439023
2018-1-10T13-49-1,1515588541854,0.82439023,-0.024390243,0.44660193,0.82439023
2018-1-10T13-49-1,1515588541855,0.85365856,-0.014634146,0.407767,0.85365856
2018-1-10T13-49-1,1515588541856,0.84390247,-0.004878049,0.4368932,0.84390247
2018-1-10T13-49-1,1515588541857,0.85365856,0.014634146,0.46601942,0.85365856
2018-1-10T13-49-1,1515588541858,0.86341465,0.004878049,0.4563107,0.86341465
2018-1-10T13-49-1,1515588541859,0.9414634,0.014634146,0.44660193,0.9414634
2018-1-10T13-49-1,1515588541860,0.87317073,0.024390243,0.44660193,0.87317073
2018-1-10T13-49-1,1515588541861,0.86341465,-0.5707317,0.4563107,0.86341465
2018-1-10T13-49-1,1515588541862,0.85365856,0.004878049,0.4368932,0.85365856
2018-1-10T13-49-1,1515588541863,0.8341463,-0.004878049,0.42718446,0.8341463
2018-1-10T13-49-1,1515588541864,0.84390247,-0.034146342,0.4563107,0.84390247
2018-1-10T13-49-1,1515588541865,0.82439023,-0.053658538,0.49514562,0.82439023
2018-1-10T13-49-1,1515588541866,0.82439023,-0.053658538,0.44660193,0.82439023
2018-1-10T13-49-1,1515588541867,0.8829268,-0.053658538,0.4368932,0.8829268
2018-1-10T13-49-1,1515588541868,0.84390247,-0.06341463,0.46601942,0.84390247
2018-1-10T13-49-1,1515588541869,0.84390247,-0.024390243,0.4563107,0.84390247
2018-1-10T13-49-1,1515588541870,0.84390247,-0.034146342,0.4563107,0.84390247
2018-1-10T13-49-1,1515588541871,0.85365856,-0.024390243,0.5145631,0.85365856
2018-1-10T13-49-1,1515588541872,0.85365856,-0.014634146,0.4368932,0.85365856
2018-1-10T13-49-1,1515588541873,0.84390247,-0.014634146,0.4368932,0.84390247
2018-1-10T13-49-1,1515588541874,0.85365856,-0.014634146,0.42718446,0.85365856
2018-1-10T13-49-1,1515588541875,0.84390247,-0.014634146,0.42718446,0.84390247
2018-1-10T13-49-1,1515588541876,0.84390247,0.034146342,0.4854369,0.84390247
2018-1-10T13-49-1,1515588541877,0.84390247,-0.043902438,0.44660193,0.84390247
2018-1-10T13-49-1,1515588541878,0.86341465,-0.024390243,0.4368932,0.86341465
2018-1-10T13-49-1,1515588541879,0.84390247,-0.034146342,0.42718446,0.84390247
2018-1-10T13-49-1,1515588541880,0.84390247,-0.024390243,0.44660193,0.84390247
2018-1-10T13-49-1,1515588541881,0.86341465,-0.034146342,0.46601942,0.86341465
2018-1-10T13-49-1,1515588541882,0.84390247,-0.034146342,0.4368932,0.84390247
2018-1-10T13-49-1,1515588541883,0.81463414,-0.034146342,0.4563107,0.81463414
2018-1-10T13-49-1,1515588541884,0.86341465,-0.024390243,0.4368932,0.86341465
2018-1-10T13-49-1,1515588541885,0.84390247,-0.043902438,0.4563107,0.84390247
2018-1-10T13-49-1,1515588541886,0.8341463,-0.024390243,0.4368932,0.8341463
2018-1-10T13-49-1,1515588541887,0.85365856,-0.014634146,0.42718446,0.85365856
2018-1-10T13-49-1,1515588541888,0.82439023,-0.034146342,0.4368932,0.82439023
2018-1-10T13-49-1,1515588541889,0.8341463,-0.004878049,0.4563107,0.8341463
2018-1-10T13-49-1,1515588541890,0.8341463,0.004878049,0.44660193,0.8341463
2018-1-10T13-49-1,1515588541891,0.85365856,0.004878049,0.44660193,0.85365856
2018-1-10T13-49-1,1515588541892,0.86341465,0.004878049,0.4368932,0.86341465
2018-1-10T13-49-1,1515588541893,0.86341465,0.014634146,0.44660193,0.86341465
2018-1-10T13-49-1,1515588541894,0.87317073,0.014634146,0.4563107,0.87317073
2018-1-10T13-49-1,1515588541895,0.85365856,0.004878049,0.44660193,0.85365856
2018-1-10T13-49-1,1515588541896,0.84390247,0.004878049,0.4368932,0.84390247
2018-1-10T13-49-1,1515588541897,0.84390247,0.004878049,0.4368932,0.84390247
2018-1-10T13-49-1,1515588541898,0.82439023,-0.024390243,0.4368932,0.82439023
2018-1-10T13-49-1,1515588541899,0.81463414,-0.043902438,0.44660193,0.81463414
2018-1-10T13-49-1,1515588541900,0.82439023,-0.034146342,0.4563107,0.82439023
2018-1-10T13-49-1,1515588541901,0.86341465,-0.053658538,0.4854369,0.86341465
2018-1-10T13-49-1,1515588541902,0.85365856,0.034146342,0.49514562,0.85365856
2018-1-10T13-49-1,1515588541903,0.85365856,-0.024390243,0.47572815,0.85365856
2018-1-10T13-49-1,1515588541904,0.87317073,-0.024390243,0.44660193,0.87317073
2018-1-10T13-49-1,1515588541905,0.86341465,-0.014634146,0.4563107,0.86341465
2018-1-10T13-49-1,1515588541906,0.85365856,-0.014634146,0.4563107,0.85365856
2018-1-10T13-49-1,1515588541907,0.85365856,-0.034146342,0.4563107,0.85365856
2018-1-10T13-49-1,1515588541908,0.84390247,-0.043902438,0.4368932,0.84390247
2018-1-10T13-49-1,1515588541909,0.8341463,-0.034146342,0.4368932,0.8341463
2018-1-10T13-49-1,1515588541910,0.82439023,-0.043902438,0.42718446,0.82439023
2018-1-10T13-49-1,1515588541911,0.81463414,-0.043902438,0.407767,0.81463414
2018-1-10T13-49-1,1515588541912,0.80487806,-0.053658538,0.407767,0.80487806
2018-1-10T13-49-1,1515588541913,0.81463414,-0.034146342,0.4563107,0.81463414
2018-1-10T13-49-1,1515588541914,0.8341463,-0.004878049,0.46601942,0.8341463
2018-1-10T13-49-1,1515588541915,0.86341465,-0.043902438,0.44660193,0.86341465
2018-1-10T13-49-1,1515588541916,0.86341465,-0.043902438,0.4563107,0.86341465
2018-1-10T13-49-1,1515588541917,0.8829268,-0.004878049,0.4854369,0.8829268
2018-1-10T13-49-1,1515588541918,0.8926829,-0.014634146,0.4854369,0.8926829
2018-1-10T13-49-1,1515588541919,0.86341465,0.014634146,0.44660193,0.86341465
2018-1-10T13-49-1,1515588541920,0.86341465,0.024390243,0.4368932,0.86341465
2018-1-10T13-49-1,1515588541921,0.85365856,0.004878049,0.4368932,0.85365856
2018-1-10T13-49-1,1515588541922,0.82439023,0.014634146,0.44660193,0.82439023
2018-1-10T13-49-1,1515588541923,0.81463414,-0.004878049,0.42718446,0.81463414
2018-1-10T13-49-1,1515588541924,0.81463414,-0.034146342,0.4368932,0.81463414
2018-1-10T13-49-1,1515588541925,0.82439023,-0.043902438,0.44660193,0.82439023
2018-1-10T13-49-1,1515588541926,0.84390247,-0.034146342,0.47572815,0.84390247
2018-1-10T13-49-1,1515588541927,0.79512197,-0.024390243,0.46601942,0.79512197
2018-1-10T13-49-1,1515588541928,0.87317073,-0.034146342,0.41747573,0.87317073
2018-1-10T13-49-1,1515588541929,0.85365856,-0.014634146,0.4563107,0.85365856
2018-1-10T13-49-1,1515588541930,0.87317073,-0.014634146,0.46601942,0.87317073
2018-1-10T13-49-1,1515588541931,0.86341465,-0.024390243,0.47572815,0.86341465
2018-1-10T13-49-1,1515588541932,0.85365856,-0.004878049,0.4368932,0.85365856
2018-1-10T13-49-1,1515588541933,0.85365856,-0.014634146,0.44660193,0.85365856
2018-1-10T13-49-1,1515588541934,0.85365856,-0.053658538,0.4563107,0.85365856
2018-1-10T13-49-1,1515588541935,0.8341463,-0.034146342,0.46601942,0.8341463
2018-1-10T13-49-1,1515588541936,0.84390247,-0.043902438,0.4368932,0.84390247
2018-1-10T13-49-1,1515588541937,0.82439023,-0.043902438,0.44660193,0.82439023
2018-1-10T13-49-1,1515588541938,0.84390247,-0.034146342,0.44660193,0.84390247
2018-1-10T13-49-1,1515588541939,0.8341463,-0.024390243,0.4563107,0.8341463
2018-1-10T13-49-1,1515588541940,0.8341463,-0.034146342,0.46601942,0.8341463
2018-1-10T13-49-1,1515588541941,0.8341463,-0.024390243,0.4563107,0.8341463
2018-1-10T13-49-1,1515588541942,0.86341465,-0.014634146,0.4563107,0.86341465
2018-1-10T13-49-1,1515588541943,0.87317073,-0.024390243,0.47572815,0.87317073
2018-1-10T13-49-1,1515588541944,0.8926829,-0.014634146,0.4368932,0.8926829
2018-1-10T13-49-1,1515588541945,0.86341465,-0.014634146,0.4854369,0.86341465
2018-1-10T13-49-1,1515588541946,0.86341465,-0.004878049,0.44660193,0.86341465
2018-1-10T13-49-1,1515588541947,0.85365856,-0.014634146,0.4368932,0.85365856
2018-1-10T13-49-1,1515588541948,0.8341463,-0.014634146,0.41747573,0.8341463
2018-1-10T13-49-1,1515588541949,0.84390247,-0.004878049,0.4368932,0.84390247
2018-1-10T13-49-1,1515588541950,0.82439023,-0.034146342,0.4563107,0.82439023
2018-1-10T13-49-1,1515588541951,0.79512197,-0.034146342,0.3398058,0.79512197
2018-1-10T13-49-1,1515588541952,0.81463414,-0.034146342,0.4368932,0.81463414
2018-1-10T13-49-1,1515588541953,0.84390247,-0.07317073,0.4368932,0.84390247
2018-1-10T13-49-1,1515588541954,0.82439023,-0.053658538,0.4563107,0.82439023
2018-1-10T13-49-1,1515588541955,0.84390247,-0.024390243,0.44660193,0.84390247
2018-1-10T13-49-1,1515588541956,0.86341465,-0.014634146,0.4563107,0.86341465
2018-1-10T13-49-1,1515588541957,0.85365856,-0.034146342,0.4563107,0.85365856
2018-1-10T13-49-1,1515588541958,0.85365856,-0.024390243,0.44660193,0.85365856
2018-1-10T13-49-1,1515588541959,0.87317073,0.034146342,0.4563107,0.87317073
2018-1-10T13-49-1,1515588541960,0.87317073,-0.014634146,0.4563107,0.87317073
2018-1-10T13-49-1,1515588541961,0.8341463,-0.014634146,0.4563107,0.8341463
2018-1-10T13-49-1,1515588541962,0.84390247,-0.014634146,0.46601942,0.84390247
2018-1-10T13-49-1,1515588541963,0.85365856,-0.024390243,0.4563107,0.85365856
2018-1-10T13-49-1,1515588541964,0.84390247,-0.024390243,0.44660193,0.84390247
2018-1-10T13-49-1,1515588541965,0.84390247,-0.014634146,0.4368932,0.84390247
2018-1-10T13-49-1,1515588541966,0.84390247,-0.034146342,0.44660193,0.84390247
2018-1-10T13-49-1,1515588541967,0.8341463,-0.034146342,0.42718446,0.8341463
2018-1-10T13-49-1,1515588541968,0.8341463,-0.014634146,0.4368932,0.8341463
2018-1-10T13-49-1,1515588541969,0.8341463,-0.004878049,0.46601942,0.8341463
2018-1-10T13-49-1,1515588541970,0.86341465,-0.024390243,0.46601942,0.86341465
2018-1-10T13-49-1,1515588541971,0.86341465,-0.024390243,0.4368932,0.86341465
2018-1-10T13-49-1,1515588541972,0.86341465,-0.014634146,0.42718446,0.86341465
2018-1-10T13-49-1,1515588541973,0.86341465,-0.024390243,0.42718446,0.86341465
2018-1-10T13-49-1,1515588541974,0.82439023,-0.024390243,0.44660193,0.82439023
2018-1-10T13-49-1,1515588541975,0.84390247,-0.043902438,0.4368932,0.84390247
2018-1-10T13-49-1,1515588541976,0.85365856,-0.024390243,0.44660193,0.85365856
2018-1-10T13-49-1,1515588541977,0.8829268,-0.053658538,0.44660193,0.8829268
2018-1-10T13-49-1,1515588541978,0.76585364,-0.043902438,0.41747573,0.76585364
2018-1-10T13-49-1,1515588541979,0.85365856,-0.06341463,0.46601942,0.85365856
2018-1-10T13-49-1,1515588541980,0.86341465,-0.053658538,0.4563107,0.86341465
2018-1-10T13-49-1,1515588541981,0.87317073,-0.014634146,0.46601942,0.87317073
2018-1-10T13-49-1,1515588541982,0.8829268,-0.004878049,0.4563107,0.8829268
2018-1-10T13-49-1,1515588541983,0.87317073,-0.014634146,0.44660193,0.87317073
2018-1-10T13-49-1,1515588541984,0.84390247,0.07317073,0.42718446,0.84390247
2018-1-10T13-49-1,1515588541985,0.84390247,-0.08292683,0.4368932,0.84390247
2018-1-10T13-49-1,1515588541986,0.8341463,-0.034146342,0.4563107,0.8341463
2018-1-10T13-49-1,1515588541987,0.8341463,-0.08292683,0.4368932,0.8341463
2018-1-10T13-49-1,1515588541988,0.82439023,-0.053658538,0.42718446,0.82439023
2018-1-10T13-49-1,1515588541989,0.8341463,-0.034146342,0.42718446,0.8341463
2018-1-10T13-49-1,1515588541990,0.8341463,-0.004878049,0.4368932,0.8341463
2018-1-10T13-49-1,1515588541991,0.85365856,0.004878049,0.4563107,0.85365856
2018-1-10T13-49-1,1515588541992,0.86341465,0.004878049,0.4368932,0.86341465
2018-1-10T13-49-1,1515588541993,0.85365856,0.004878049,0.42718446,0.85365856
2018-1-10T13-49-1,1515588541994,0.85365856,0.014634146,0.4368932,0.85365856
2018-1-10T13-49-1,1515588541995,0.85365856,-0.004878049,0.49514562,0.85365856
2018-1-10T13-49-1,1515588541996,0.80487806,-0.014634146,0.4563107,0.80487806
2018-1-10T13-49-1,1515588541997,0.85365856,0.024390243,0.5436893,0.85365856
2018-1-10T13-49-1,1515588541998,0.86341465,-0.004878049,0.407767,0.86341465
2018-1-10T13-49-1,1515588541999,0.9317073,-0.014634146,0.44660193,0.9317073
2018-1-10T13-49-2,1515588542000,0.84390247,-0.004878049,0.4368932,0.84390247
2018-1-10T13-49-2,1515588542001,0.81463414,-0.014634146,0.44660193,0.81463414
2018-1-10T13-49-2,1515588542002,0.8829268,-0.024390243,0.46601942,0.8829268
2018-1-10T13-49-2,1515588542003,0.86341465,-0.034146342,0.4854369,0.86341465
2018-1-10T13-49-2,1515588542004,0.86341465,-0.024390243,0.47572815,0.86341465
2018-1-10T13-49-2,1515588542005,0.86341465,-0.043902438,0.44660193,0.86341465
2018-1-10T13-49-2,1515588542006,0.87317073,-0.053658538,0.4563107,0.87317073
2018-1-10T13-49-2,1515588542007,0.8341463,-0.043902438,0.4563107,0.8341463
2018-1-10T13-49-2,1515588542008,0.82439023,-0.053658538,0.4563107,0.82439023
2018-1-10T13-49-2,1515588542009,0.82439023,-0.07317073,0.42718446,0.82439023
2018-1-10T13-49-2,1515588542010,0.81463414,-0.06341463,0.3883495,0.81463414
2018-1-10T13-49-2,1515588542011,0.84390247,-0.06341463,0.4368932,0.84390247
2018-1-10T13-49-2,1515588542012,0.82439023,-0.034146342,0.44660193,0.82439023
2018-1-10T13-49-2,1515588542013,0.87317073,-0.034146342,0.4563107,0.87317073
2018-1-10T13-49-2,1515588542014,0.87317073,0.40487805,0.44660193,0.87317073
2018-1-10T13-49-2,1515588542015,0.902439,0.014634146,0.4563107,0.902439
2018-1-10T13-49-2,1515588542016,0.8829268,0.024390243,0.44660193,0.8829268
2018-1-10T13-49-2,1515588542017,0.87317073,0.043902438,0.44660193,0.87317073
2018-1-10T13-49-2,1515588542018,0.87317073,0.004878049,0.46601942,0.87317073
2018-1-10T13-49-2,1515588542019,0.85365856,-0.014634146,0.4563107,0.85365856
2018-1-10T13-49-2,1515588542020,0.8341463,-0.024390243,0.44660193,0.8341463
2018-1-10T13-49-2,1515588542021,0.81463414,-0.024390243,0.4368932,0.81463414
2018-1-10T13-49-2,1515588542022,0.80487806,-0.024390243,0.42718446,0.80487806
2018-1-10T13-49-2,1515588542023,0.81463414,-0.024390243,0.4563107,0.81463414
2018-1-10T13-49-2,1515588542024,0.8341463,-0.034146342,0.44660193,0.8341463
2018-1-10T13-49-2,1515588542025,0.77560973,-0.043902438,0.4368932,0.77560973
2018-1-10T13-49-2,1515588542026,0.8341463,-0.034146342,0.4563107,0.8341463
2018-1-10T13-49-2,1515588542027,0.8341463,-0.043902438,0.47572815,0.8341463
2018-1-10T13-49-2,1515588542028,0.86341465,0.004878049,0.4854369,0.86341465
2018-1-10T13-49-2,1515588542029,0.86341465,-0.034146342,0.41747573,0.86341465
2018-1-10T13-49-2,1515588542030,0.8829268,-0.024390243,0.46601942,0.8829268
2018-1-10T13-49-2,1515588542031,0.87317073,-0.004878049,0.46601942,0.87317073
2018-1-10T13-49-2,1515588542032,0.8829268,-0.014634146,0.52427185,0.8829268
2018-1-10T13-49-2,1515588542033,0.86341465,0.014634146,0.42718446,0.86341465
2018-1-10T13-49-2,1515588542034,0.85365856,-0.014634146,0.42718446,0.85365856
2018-1-10T13-49-2,1515588542035,0.85365856,-0.024390243,0.39805827,0.85365856
2018-1-10T13-49-2,1515588542036,0.82439023,-0.024390243,0.46601942,0.82439023
2018-1-10T13-49-2,1515588542037,0.82439023,-0.06341463,0.4368932,0.82439023
2018-1-10T13-49-2,1515588542038,0.8341463,-0.043902438,0.407767,0.8341463
2018-1-10T13-49-2,1515588542039,0.8341463,-0.043902438,0.42718446,0.8341463
2018-1-10T13-49-2,1515588542040,0.7853659,-0.034146342,0.4563107,0.7853659
2018-1-10T13-49-2,1515588542041,0.8341463,-0.043902438,0.4854369,0.8341463
2018-1-10T13-49-2,1515588542042,0.84390247,-0.034146342,0.4563107,0.84390247
2018-1-10T13-49-2,1515588542043,0.86341465,-0.014634146,0.4368932,0.86341465
2018-1-10T13-49-2,1515588542044,0.87317073,-0.024390243,0.44660193,0.87317073
2018-1-10T13-49-2,1515588542045,0.87317073,-0.014634146,0.46601942,0.87317073
2018-1-10T13-49-2,1515588542046,0.85365856,-0.014634146,0.37864077,0.85365856
2018-1-10T13-49-2,1515588542047,0.85365856,0.004878049,0.4563107,0.85365856
2018-1-10T13-49-2,1515588542048,0.86341465,-0.004878049,0.4563107,0.86341465
2018-1-10T13-49-2,1515588542049,0.84390247,-0.004878049,0.4563107,0.84390247
2018-1-10T13-49-2,1515588542050,0.8341463,-0.004878049,0.46601942,0.8341463
2018-1-10T13-49-2,1515588542051,0.84390247,-0.034146342,0.46601942,0.84390247
2018-1-10T13-49-2,1515588542052,0.84390247,-0.034146342,0.4563107,0.84390247
2018-1-10T13-49-2,1515588542053,0.86341465,-0.08292683,0.1262136,0.86341465
2018-1-10T13-49-2,1515588542054,0.84390247,-0.043902438,0.4563107,0.84390247
2018-1-10T13-49-2,1515588542055,0.9804878,-0.043902438,0.46601942,0.9804878
2018-1-10T13-49-2,1515588542056,0.8341463,-0.034146342,0.44660193,0.8341463
2018-1-10T13-49-2,1515588542057,0.8341463,-0.053658538,0.4368932,0.8341463
2018-1-10T13-49-2,1515588542058,0.84390247,-0.053658538,0.42718446,0.84390247
2018-1-10T13-49-2,1515588542059,0.8341463,-0.043902438,0.42718446,0.8341463
2018-1-10T13-49-2,1515588542060,0.84390247,-0.034146342,0.41747573,0.84390247
2018-1-10T13-49-2,1515588542061,0.84390247,-0.004878049,0.44660193,0.84390247
2018-1-10T13-49-2,1515588542062,0.86341465,-0.014634146,0.4563107,0.86341465
2018-1-10T13-49-2,1515588542063,0.85365856,-0.004878049,0.4368932,0.85365856
2018-1-10T13-49-2,1515588542064,0.86341465,0.004878049,0.4368932,0.86341465
2018-1-10T13-49-2,1515588542065,0.87317073,0.014634146,0.4368932,0.87317073
2018-1-10T13-49-2,1515588542066,0.85365856,0.014634146,0.47572815,0.85365856
2018-1-10T13-49-2,1515588542067,0.84390247,-0.014634146,0.46601942,0.84390247
2018-1-10T13-49-2,1515588542068,0.84390247,-0.014634146,0.4563107,0.84390247
2018-1-10T13-49-2,1515588542069,0.84390247,-0.034146342,0.4563107,0.84390247
2018-1-10T13-49-2,1515588542070,0.8341463,-0.034146342,0.5145631,0.8341463
2018-1-10T13-49-2,1515588542071,0.84390247,-0.11219512,0.4368932,0.84390247
2018-1-10T13-49-2,1515588542072,0.80487806,-0.043902438,0.4368932,0.80487806
2018-1-10T13-49-2,1515588542073,0.79512197,-0.034146342,0.4563107,0.79512197
2018-1-10T13-49-2,1515588542074,0.84390247,-0.034146342,0.4368932,0.84390247
2018-1-10T13-49-2,1515588542075,0.84390247,-0.034146342,0.44660193,0.84390247
2018-1-10T13-49-2,1515588542076,0.87317073,-0.014634146,0.42718446,0.87317073
2018-1-10T13-49-2,1515588542077,0.87317073,-0.004878049,0.44660193,0.87317073
2018-1-10T13-49-2,1515588542078,0.87317073,-0.004878049,0.4563107,0.87317073
2018-1-10T13-49-2,1515588542079,0.86341465,-0.004878049,0.4563107,0.86341465
2018-1-10T13-49-2,1515588542080,0.86341465,-0.014634146,0.46601942,0.86341465
2018-1-10T13-49-2,1515588542081,0.85365856,-0.034146342,0.44660193,0.85365856
2018-1-10T13-49-2,1515588542082,0.82439023,-0.024390243,0.41747573,0.82439023
2018-1-10T13-49-2,1515588542083,0.81463414,-0.034146342,0.42718446,0.81463414
2018-1-10T13-49-2,1515588542084,0.82439023,-0.053658538,0.4368932,0.82439023
2018-1-10T13-49-2,1515588542085,0.82439023,-0.053658538,0.4563107,0.82439023
2018-1-10T13-49-2,1515588542086,0.8341463,-0.043902438,0.4368932,0.8341463
2018-1-10T13-49-2,1515588542087,0.84390247,-0.043902438,0.4563107,0.84390247
2018-1-10T13-49-2,1515588542088,0.84390247,-0.034146342,0.44660193,0.84390247
2018-1-10T13-49-2,1515588542089,0.84390247,-0.014634146,0.4563107,0.84390247
2018-1-10T13-49-2,1515588542090,0.84390247,-0.004878049,0.44660193,0.84390247
2018-1-10T13-49-2,1515588542091,0.86341465,-0.014634146,0.4368932,0.86341465
2018-1-10T13-49-2,1515588542092,0.85365856,-0.014634146,0.44660193,0.85365856
2018-1-10T13-49-2,1515588542093,0.84390247,-0.014634146,0.4854369,0.84390247
2018-1-10T13-49-2,1515588542094,0.85365856,-0.034146342,0.46601942,0.85365856
2018-1-10T13-49-2,1515588542095,0.86341465,-0.034146342,0.4368932,0.86341465
2018-1-10T13-49-2,1515588542096,0.84390247,-0.014634146,0.3398058,0.84390247
2018-1-10T13-49-2,1515588542097,0.87317073,-0.014634146,0.42718446,0.87317073
2018-1-10T13-49-2,1515588542098,0.85365856,-0.004878049,0.44660193,0.85365856
2018-1-10T13-49-2,1515588542099,0.8829268,-0.034146342,0.41747573,0.8829268
2018-1-10T13-49-2,1515588542100,0.8341463,-0.014634146,0.4368932,0.8341463
2018-1-10T13-49-2,1515588542101,0.84390247,-0.034146342,0.46601942,0.84390247
2018-1-10T13-49-2,1515588542102,0.8341463,-0.004878049,0.42718446,0.8341463
2018-1-10T13-49-2,1515588542103,0.84390247,-0.024390243,0.52427185,0.84390247
2018-1-10T13-49-2,1515588542104,0.86341465,-0.024390243,0.44660193,0.86341465
2018-1-10T13-49-2,1515588542105,0.84390247,-0.024390243,0.46601942,0.84390247
2018-1-10T13-49-2,1515588542106,0.86341465,-0.024390243,0.4563107,0.86341465
2018-1-10T13-49-2,1515588542107,0.84390247,-0.034146342,0.42718446,0.84390247
2018-1-10T13-49-2,1515588542108,0.8341463,0.014634146,0.42718446,0.8341463
2018-1-10T13-49-2,1515588542109,0.8341463,-0.004878049,0.42718446,0.8341463
2018-1-10T13-49-2,1515588542110,0.8341463,-0.004878049,0.44660193,0.8341463
2018-1-10T13-49-2,1515588542111,0.8926829,-0.024390243,0.42718446,0.8926829
2018-1-10T13-49-2,1515588542112,0.902439,-0.014634146,0.44660193,0.902439
2018-1-10T13-49-2,1515588542113,0.84390247,-0.034146342,0.46601942,0.84390247
2018-1-10T13-49-2,1515588542114,0.84390247,-0.053658538,0.46601942,0.84390247
2018-1-10T13-49-2,1515588542115,0.82439023,-0.043902438,0.46601942,0.82439023
2018-1-10T13-49-2,1515588542116,0.85365856,-0.034146342,0.44660193,0.85365856
2018-1-10T13-49-2,1515588542117,0.86341465,-0.014634146,0.4368932,0.86341465
2018-1-10T13-49-2,1515588542118,0.84390247,-0.014634146,0.4563107,0.84390247
2018-1-10T13-49-2,1515588542119,0.8926829,-0.014634146,0.4368932,0.8926829
2018-1-10T13-49-2,1515588542120,0.84390247,-0.024390243,0.42718446,0.84390247
2018-1-10T13-49-2,1515588542121,0.8341463,-0.034146342,0.4368932,0.8341463
2018-1-10T13-49-2,1515588542122,0.8341463,-0.024390243,0.4563107,0.8341463
2018-1-10T13-49-2,1515588542123,0.84390247,-0.034146342,0.4563107,0.84390247
2018-1-10T13-49-2,1515588542124,0.84390247,-0.034146342,0.42718446,0.84390247
2018-1-10T13-49-2,1515588542125,0.92195123,-0.024390243,0.4368932,0.92195123
2018-1-10T13-49-2,1515588542126,0.84390247,-0.034146342,0.41747573,0.84390247
2018-1-10T13-49-2,1515588542127,0.84390247,-0.053658538,0.46601942,0.84390247
2018-1-10T13-49-2,1515588542128,0.84390247,-0.09268293,0.4563107,0.84390247
2018-1-10T13-49-2,1515588542129,0.84390247,-0.024390243,0.4563107,0.84390247
2018-1-10T13-49-2,1515588542130,0.8341463,-0.004878049,0.4563107,0.8341463
2018-1-10T13-49-2,1515588542131,0.85365856,-0.004878049,0.44660193,0.85365856
2018-1-10T13-49-2,1515588542132,0.85365856,-0.004878049,0.4563107,0.85365856
2018-1-10T13-49-2,1515588542133,0.86341465,-0.014634146,0.44660193,0.86341465
2018-1-10T13-49-2,1515588542134,0.84390247,-0.024390243,0.44660193,0.84390247
2018-1-10T13-49-2,1515588542135,0.84390247,-0.004878049,0.44660193,0.84390247
2018-1-10T13-49-2,1515588542136,0.81463414,-0.024390243,0.42718446,0.81463414
2018-1-10T13-49-2,1515588542137,0.84390247,-0.034146342,0.44660193,0.84390247
2018-1-10T13-49-2,1515588542138,0.8341463,-0.043902438,0.4563107,0.8341463
2018-1-10T13-49-2,1515588542139,0.8829268,-0.024390243,0.44660193,0.8829268
2018-1-10T13-49-2,1515588542140,0.84390247,-0.034146342,0.46601942,0.84390247
2018-1-10T13-49-2,1515588542141,0.82439023,-0.014634146,0.4368932,0.82439023
2018-1-10T13-49-2,1515588542142,0.84390247,-0.014634146,0.4368932,0.84390247
2018-1-10T13-49-2,1515588542143,0.84390247,-0.053658538,0.4563107,0.84390247
2018-1-10T13-49-2,1515588542144,0.84390247,-0.024390243,0.41747573,0.84390247
2018-1-10T13-49-2,1515588542145,0.80487806,-0.014634146,0.44660193,0.80487806
2018-1-10T13-49-2,1515588542146,0.8926829,-0.024390243,0.44660193,0.8926829
2018-1-10T13-49-2,1515588542147,0.86341465,-0.034146342,0.46601942,0.86341465
2018-1-10T13-49-2,1515588542148,0.84390247,-0.043902438,0.4563107,0.84390247
2018-1-10T13-49-2,1515588542149,0.84390247,-0.07317073,0.46601942,0.84390247
2018-1-10T13-49-2,1515588542150,0.86341465,-0.043902438,0.42718446,0.86341465
2018-1-10T13-49-2,1515588542151,0.8341463,-0.034146342,0.4368932,0.8341463
2018-1-10T13-49-2,1515588542152,0.8341463,-0.053658538,0.5048544,0.8341463
2018-1-10T13-49-2,1515588542153,0.8341463,0.004878049,0.46601942,0.8341463
2018-1-10T13-49-2,1515588542154,0.8829268,-0.043902438,0.4368932,0.8829268
2018-1-10T13-49-2,1515588542155,0.84390247,0.004878049,0.44660193,0.84390247
2018-1-10T13-49-2,1515588542156,0.86341465,-0.034146342,0.44660193,0.86341465
2018-1-10T13-49-2,1515588542157,0.84390247,-0.034146342,0.44660193,0.84390247
2018-1-10T13-49-2,1515588542158,0.87317073,-0.014634146,0.4368932,0.87317073
2018-1-10T13-49-2,1515588542159,0.85365856,-0.024390243,0.4563107,0.85365856
2018-1-10T13-49-2,1515588542160,0.86341465,-0.043902438,0.44660193,0.86341465
2018-1-10T13-49-2,1515588542161,0.84390247,0.014634146,0.4368932,0.84390247
2018-1-10T13-49-2,1515588542162,0.85365856,0.004878049,0.4368932,0.85365856
2018-1-10T13-49-2,1515588542163,0.86341465,0.014634146,0.4368932,0.86341465
2018-1-10T13-49-2,1515588542164,0.8341463,0.024390243,0.4368932,0.8341463
2018-1-10T13-49-2,1515588542165,0.8341463,0.024390243,0.44660193,0.8341463
2018-1-10T13-49-2,1515588542166,0.9317073,0.004878049,0.5145631,0.9317073
2018-1-10T13-49-2,1515588542167,0.8341463,0.004878049,0.4563107,0.8341463
2018-1-10T13-49-2,1515588542168,0.84390247,-0.014634146,0.42718446,0.84390247
2018-1-10T13-49-2,1515588542169,0.87317073,-0.014634146,0.42718446,0.87317073
2018-1-10T13-49-2,1515588542170,0.85365856,0.014634146,0.4368932,0.85365856
2018-1-10T13-49-2,1515588542171,0.85365856,-0.024390243,0.46601942,0.85365856
2018-1-10T13-49-2,1515588542172,0.86341465,-0.024390243,0.4563107,0.86341465
2018-1-10T13-49-2,1515588542173,0.8341463,-0.024390243,0.42718446,0.8341463
2018-1-10T13-49-2,1515588542174,0.81463414,-0.034146342,0.42718446,0.81463414
2018-1-10T13-49-2,1515588542175,0.81463414,-0.043902438,0.5145631,0.81463414
2018-1-10T13-49-2,1515588542176,0.82439023,-0.043902438,0.4563107,0.82439023
2018-1-10T13-49-2,1515588542177,0.8341463,-0.024390243,0.4563107,0.8341463
2018-1-10T13-49-2,1515588542178,0.85365856,-0.024390243,0.4563107,0.85365856
2018-1-10T13-49-2,1515588542179,0.86341465,-0.043902438,0.4563107,0.86341465
2018-1-10T13-49-2,1515588542180,0.85365856,-0.034146342,0.44660193,0.85365856
2018-1-10T13-49-2,1515588542181,0.85365856,-0.014634146,0.44660193,0.85365856
2018-1-10T13-49-2,1515588542182,0.87317073,-0.014634146,0.4563107,0.87317073
2018-1-10T13-49-2,1515588542183,0.86341465,-0.014634146,0.4563107,0.86341465
2018-1-10T13-49-2,1515588542184,0.87317073,-0.004878049,0.4368932,0.87317073
2018-1-10T13-49-2,1515588542185,0.87317073,-0.004878049,0.44660193,0.87317073
2018-1-10T13-49-2,1515588542186,0.86341465,-0.004878049,0.42718446,0.86341465
2018-1-10T13-49-2,1515588542187,0.84390247,-0.004878049,0.44660193,0.84390247
2018-1-10T13-49-2,1515588542188,0.84390247,0.004878049,0.44660193,0.84390247
2018-1-10T13-49-2,1515588542189,0.8341463,-0.014634146,0.44660193,0.8341463
2018-1-10T13-49-2,1515588542190,0.8341463,-0.014634146,0.4368932,0.8341463
2018-1-10T13-49-2,1515588542191,0.8341463,-0.024390243,0.4563107,0.8341463
2018-1-10T13-49-2,1515588542192,0.84390247,-0.034146342,0.47572815,0.84390247
2018-1-10T13-49-2,1515588542193,0.81463414,0.024390243,0.4563107,0.81463414
2018-1-10T13-49-2,1515588542194,0.8341463,-0.034146342,0.42718446,0.8341463
2018-1-10T13-49-2,1515588542195,0.84390247,-0.024390243,0.46601942,0.84390247
2018-1-10T13-49-2,1515588542196,0.84390247,-0.043902438,0.44660193,0.84390247
2018-1-10T13-49-2,1515588542197,0.82439023,-0.024390243,0.4563107,0.82439023
2018-1-10T13-49-2,1515588542198,0.84390247,-0.06341463,0.44660193,0.84390247
2018-1-10T13-49-2,1515588542199,0.86341465,-0.06341463,0.4563107,0.86341465
2018-1-10T13-49-2,1515588542200,0.84390247,-0.024390243,0.42718446,0.84390247
2018-1-10T13-49-2,1515588542201,0.87317073,-0.034146342,0.4563107,0.87317073
2018-1-10T13-49-2,1515588542202,0.86341465,-0.043902438,0.4563107,0.86341465
2018-1-10T13-49-2,1515588542203,0.81463414,-0.034146342,0.4368932,0.81463414
2018-1-10T13-49-2,1515588542204,0.82439023,-0.004878049,0.4368932,0.82439023
2018-1-10T13-49-2,1515588542205,0.82439023,-0.034146342,0.42718446,0.82439023
2018-1-10T13-49-2,1515588542206,0.80487806,-0.043902438,0.4368932,0.80487806
2018-1-10T13-49-2,1515588542207,0.82439023,-0.053658538,0.4563107,0.82439023
2018-1-10T13-49-2,1515588542208,0.902439,-0.043902438,0.5048544,0.902439
2018-1-10T13-49-2,1515588542209,0.84390247,0.053658538,0.44660193,0.84390247
2018-1-10T13-49-2,1515588542210,0.85365856,-0.014634146,0.4563107,0.85365856
2018-1-10T13-49-2,1515588542211,0.902439,-0.014634146,0.46601942,0.902439
2018-1-10T13-49-2,1515588542212,0.8829268,-0.004878049,0.4563107,0.8829268
2018-1-10T13-49-2,1515588542213,0.82439023,0.034146342,0.44660193,0.82439023
2018-1-10T13-49-2,1515588542214,0.86341465,-0.07317073,0.46601942,0.86341465
2018-1-10T13-49-2,1515588542215,0.86341465,-0.004878049,0.47572815,0.86341465
2018-1-10T13-49-2,1515588542216,0.84390247,-0.014634146,0.4563107,0.84390247
2018-1-10T13-49-2,1515588542217,0.8341463,-0.004878049,0.41747573,0.8341463
2018-1-10T13-49-2,1515588542218,0.80487806,-0.034146342,0.42718446,0.80487806
2018-1-10T13-49-2,1515588542219,0.81463414,-0.034146342,0.42718446,0.81463414
2018-1-10T13-49-2,1515588542220,0.80487806,-0.034146342,0.4563107,0.80487806
2018-1-10T13-49-2,1515588542221,0.82439023,-0.043902438,0.4563107,0.82439023
2018-1-10T13-49-2,1515588542222,0.84390247,-0.043902438,0.4368932,0.84390247
2018-1-10T13-49-2,1515588542223,0.8341463,-0.034146342,0.4368932,0.8341463
2018-1-10T13-49-2,1515588542224,0.85365856,-0.024390243,0.4563107,0.85365856
2018-1-10T13-49-2,1515588542225,0.87317073,-0.014634146,0.42718446,0.87317073
2018-1-10T13-49-2,1515588542226,0.85365856,-0.024390243,0.44660193,0.85365856
2018-1-10T13-49-2,1515588542227,0.8829268,-0.004878049,0.4368932,0.8829268
2018-1-10T13-49-2,1515588542228,0.86341465,-0.014634146,0.44660193,0.86341465
2018-1-10T13-49-2,1515588542229,0.86341465,-0.014634146,0.44660193,0.86341465
2018-1-10T13-49-2,1515588542230,0.70731705,-0.024390243,0.4368932,0.70731705
2018-1-10T13-49-2,1515588542231,0.81463414,-0.024390243,0.4368932,0.81463414
2018-1-10T13-49-2,1515588542232,0.8341463,-0.034146342,0.44660193,0.8341463
2018-1-10T13-49-2,1515588542233,0.85365856,-0.024390243,0.44660193,0.85365856
2018-1-10T13-49-2,1515588542234,0.84390247,-0.024390243,0.41747573,0.84390247
2018-1-10T13-49-2,1515588542235,0.85365856,-0.004878049,0.44660193,0.85365856
2018-1-10T13-49-2,1515588542236,0.84390247,-0.024390243,0.4563107,0.84390247
2018-1-10T13-49-2,1515588542237,0.85365856,-0.024390243,0.4563107,0.85365856
2018-1-10T13-49-2,1515588542238,0.81463414,-0.034146342,0.44660193,0.81463414
2018-1-10T13-49-2,1515588542239,0.81463414,-0.034146342,0.44660193,0.81463414
2018-1-10T13-49-2,1515588542240,0.8341463,-0.024390243,0.4368932,0.8341463
2018-1-10T13-49-2,1515588542241,0.84390247,-0.004878049,0.4563107,0.84390247
2018-1-10T13-49-2,1515588542242,0.82439023,-0.043902438,0.44660193,0.82439023
2018-1-10T13-49-2,1515588542243,0.8341463,-0.024390243,0.44660193,0.8341463
2018-1-10T13-49-2,1515588542244,0.85365856,-0.004878049,0.4368932,0.85365856
2018-1-10T13-49-2,1515588542245,0.85365856,-0.004878049,0.41747573,0.85365856
2018-1-10T13-49-2,1515588542246,0.8341463,0.004878049,0.4368932,0.8341463
2018-1-10T13-49-2,1515588542247,0.85365856,0.014634146,0.4368932,0.85365856
2018-1-10T13-49-2,1515588542248,0.92195123,-0.014634146,0.4368932,0.92195123
2018-1-10T13-49-2,1515588542249,0.86341465,-0.024390243,0.44660193,0.86341465
2018-1-10T13-49-2,1515588542250,0.85365856,-0.034146342,0.44660193,0.85365856
2018-1-10T13-49-2,1515588542251,0.87317073,-0.014634146,0.5145631,0.87317073
2018-1-10T13-49-2,1515588542252,0.86341465,-0.034146342,0.46601942,0.86341465
2018-1-10T13-49-2,1515588542253,0.86341465,-0.024390243,0.44660193,0.86341465
2018-1-10T13-49-2,1515588542254,0.82439023,-0.034146342,0.37864077,0.82439023
2018-1-10T13-49-2,1515588542255,0.84390247,-0.043902438,0.4368932,0.84390247
2018-1-10T13-49-2,1515588542256,0.82439023,-0.024390243,0.4368932,0.82439023
2018-1-10T13-49-2,1515588542257,0.84390247,-0.024390243,0.4854369,0.84390247
2018-1-10T13-49-2,1515588542258,0.8341463,-0.07317073,0.44660193,0.8341463
2018-1-10T13-49-2,1515588542259,0.8341463,-0.014634146,0.44660193,0.8341463
2018-1-10T13-49-2,1515588542260,0.84390247,0.014634146,0.44660193,0.84390247
2018-1-10T13-49-2,1515588542261,0.85365856,-0.014634146,0.41747573,0.85365856
2018-1-10T13-49-2,1515588542262,0.85365856,-0.014634146,0.4563107,0.85365856
2018-1-10T13-49-2,1515588542263,0.85365856,-0.004878049,0.46601942,0.85365856
2018-1-10T13-49-2,1515588542264,0.87317073,-0.004878049,0.44660193,0.87317073
2018-1-10T13-49-2,1515588542265,0.85365856,-0.014634146,0.4368932,0.85365856
2018-1-10T13-49-2,1515588542266,0.8341463,-0.004878049,0.4368932,0.8341463
2018-1-10T13-49-2,1515588542267,0.85365856,-0.024390243,0.44660193,0.85365856
2018-1-10T13-49-2,1515588542268,0.8341463,-0.043902438,0.44660193,0.8341463
2018-1-10T13-49-2,1515588542269,0.8341463,-0.034146342,0.4368932,0.8341463
2018-1-10T13-49-2,1515588542270,0.84390247,-0.034146342,0.4368932,0.84390247
2018-1-10T13-49-2,1515588542271,0.84390247,-0.043902438,0.4368932,0.84390247
2018-1-10T13-49-2,1515588542272,0.84390247,-0.024390243,0.41747573,0.84390247
2018-1-10T13-49-2,1515588542273,0.84390247,-0.024390243,0.44660193,0.84390247
2018-1-10T13-49-2,1515588542274,0.85365856,-0.053658538,0.46601942,0.85365856
2018-1-10T13-49-2,1515588542275,0.85365856,-0.024390243,0.4563107,0.85365856
2018-1-10T13-49-2,1515588542276,0.8829268,-0.004878049,0.46601942,0.8829268
2018-1-10T13-49-2,1515588542277,0.87317073,-0.004878049,0.44660193,0.87317073
2018-1-10T13-49-2,1515588542278,0.85365856,0.09268293,0.42718446,0.85365856
2018-1-10T13-49-2,1515588542279,0.81463414,0.07317073,0.42718446,0.81463414
2018-1-10T13-49-2,1515588542280,0.82439023,0.014634146,0.44660193,0.82439023
2018-1-10T13-49-2,1515588542281,0.80487806,-0.043902438,0.4368932,0.80487806
2018-1-10T13-49-2,1515588542282,0.80487806,-0.034146342,0.44660193,0.80487806
2018-1-10T13-49-2,1515588542283,0.84390247,-0.043902438,0.44660193,0.84390247
2018-1-10T13-49-2,1515588542284,0.84390247,-0.034146342,0.4368932,0.84390247
2018-1-10T13-49-2,1515588542285,0.85365856,-0.053658538,0.44660193,0.85365856
2018-1-10T13-49-2,1515588542286,0.86341465,-0.024390243,0.4563107,0.86341465
2018-1-10T13-49-2,1515588542287,0.87317073,-0.024390243,0.4563107,0.87317073
2018-1-10T13-49-2,1515588542288,0.86341465,-0.014634146,0.4563107,0.86341465
2018-1-10T13-49-2,1515588542289,0.85365856,-0.024390243,0.4563107,0.85365856
2018-1-10T13-49-2,1515588542290,0.85365856,-0.034146342,0.4563107,0.85365856
2018-1-10T13-49-2,1515588542291,0.84390247,-0.034146342,0.44660193,0.84390247
2018-1-10T13-49-2,1515588542292,0.81463414,-0.014634146,0.44660193,0.81463414
2018-1-10T13-49-2,1515588542293,0.85365856,-0.024390243,0.4368932,0.85365856
2018-1-10T13-49-2,1515588542294,0.84390247,-0.014634146,0.41747573,0.84390247
2018-1-10T13-49-2,1515588542295,0.8341463,-0.014634146,0.4368932,0.8341463
2018-1-10T13-49-2,1515588542296,0.8341463,-0.014634146,0.4563107,0.8341463
2018-1-10T13-49-2,1515588542297,0.84390247,-0.014634146,0.47572815,0.84390247
2018-1-10T13-49-2,1515588542298,0.85365856,0.014634146,0.4563107,0.85365856
2018-1-10T13-49-2,1515588542299,0.86341465,-0.004878049,0.44660193,0.86341465
2018-1-10T13-49-2,1515588542300,0.9609756,-0.014634146,0.47572815,0.9609756
2018-1-10T13-49-2,1515588542301,0.8341463,-0.004878049,0.44660193,0.8341463
2018-1-10T13-49-2,1515588542302,0.82439023,-0.043902438,0.44660193,0.82439023
2018-1-10T13-49-2,1515588542303,0.85365856,-0.004878049,0.42718446,0.85365856
2018-1-10T13-49-2,1515588542304,0.7853659,-0.034146342,0.41747573,0.7853659
2018-1-10T13-49-2,1515588542305,0.79512197,-0.024390243,0.44660193,0.79512197
2018-1-10T13-49-2,1515588542306,0.82439023,-0.034146342,0.44660193,0.82439023
2018-1-10T13-49-2,1515588542307,0.8341463,-0.034146342,0.4854369,0.8341463
2018-1-10T13-49-2,1515588542308,0.86341465,-0.004878049,0.4368932,0.86341465
2018-1-10T13-49-2,1515588542309,0.86341465,-0.004878049,0.4368932,0.86341465
2018-1-10T13-49-2,1515588542310,0.85365856,-0.034146342,0.4563107,0.85365856
2018-1-10T13-49-2,1515588542311,0.86341465,-0.014634146,0.46601942,0.86341465
2018-1-10T13-49-2,1515588542312,0.86341465,-0.024390243,0.46601942,0.86341465
2018-1-10T13-49-2,1515588542313,0.85365856,-0.024390243,0.4563107,0.85365856
2018-1-10T13-49-2,1515588542314,0.8341463,-0.043902438,0.4563107,0.8341463
2018-1-10T13-49-2,1515588542315,0.8341463,-0.053658538,0.4563107,0.8341463
2018-1-10T13-49-2,1515588542316,0.86341465,-0.043902438,0.41747573,0.86341465
2018-1-10T13-49-2,1515588542317,0.8341463,-0.034146342,0.41747573,0.8341463
2018-1-10T13-49-2,1515588542318,0.8341463,-0.024390243,0.4563107,0.8341463
2018-1-10T13-49-2,1515588542319,0.87317073,-0.034146342,0.46601942,0.87317073
2018-1-10T13-49-2,1515588542320,0.8341463,-0.06341463,0.46601942,0.8341463
2018-1-10T13-49-2,1515588542321,0.84390247,-0.034146342,0.46601942,0.84390247
2018-1-10T13-49-2,1515588542322,0.8829268,-0.043902438,0.44660193,0.8829268
2018-1-10T13-49-2,1515588542323,0.85365856,-0.034146342,0.4563107,0.85365856
2018-1-10T13-49-2,1515588542324,0.9414634,-0.014634146,0.46601942,0.9414634
2018-1-10T13-49-2,1515588542325,0.8341463,0.004878049,0.47572815,0.8341463
2018-1-10T13-49-2,1515588542326,0.86341465,0.004878049,0.44660193,0.86341465
2018-1-10T13-49-2,1515588542327,0.8341463,0.004878049,0.41747573,0.8341463
2018-1-10T13-49-2,1515588542328,0.8341463,-0.004878049,0.4563107,0.8341463
2018-1-10T13-49-2,1515588542329,0.85365856,-0.024390243,0.4368932,0.85365856
2018-1-10T13-49-2,1515588542330,0.85365856,-0.014634146,0.4368932,0.85365856
2018-1-10T13-49-2,1515588542331,0.80487806,-0.014634146,0.4368932,0.80487806
2018-1-10T13-49-2,1515588542332,0.7853659,-0.014634146,0.4563107,0.7853659
2018-1-10T13-49-2,1515588542333,0.84390247,-0.014634146,0.42718446,0.84390247
2018-1-10T13-49-2,1515588542334,0.82439023,-0.004878049,0.44660193,0.82439023
2018-1-10T13-49-2,1515588542335,0.82439023,0.004878049,0.44660193,0.82439023
2018-1-10T13-49-2,1515588542336,0.81463414,-0.004878049,0.4563107,0.81463414
2018-1-10T13-49-2,1515588542337,0.85365856,-0.024390243,0.47572815,0.85365856
2018-1-10T13-49-2,1515588542338,0.85365856,-0.034146342,0.46601942,0.85365856
2018-1-10T13-49-2,1515588542339,0.86341465,-0.034146342,0.4563107,0.86341465
2018-1-10T13-49-2,1515588542340,0.85365856,-0.09268293,0.44660193,0.85365856
2018-1-10T13-49-2,1515588542341,0.85365856,-0.024390243,0.44660193,0.85365856
2018-1-10T13-49-2,1515588542342,0.85365856,-0.004878049,0.42718446,0.85365856
2018-1-10T13-49-2,1515588542343,0.85365856,-0.014634146,0.4368932,0.85365856
2018-1-10T13-49-2,1515588542344,0.82439023,-0.024390243,0.44660193,0.82439023
2018-1-10T13-49-2,1515588542345,0.85365856,0.004878049,0.44660193,0.85365856
2018-1-10T13-49-2,1515588542346,0.84390247,-0.043902438,0.4368932,0.84390247
2018-1-10T13-49-2,1515588542347,0.8341463,-0.024390243,0.4368932,0.8341463
2018-1-10T13-49-2,1515588542348,0.91219515,-0.024390243,0.4368932,0.91219515
2018-1-10T13-49-2,1515588542349,0.85365856,-0.043902438,0.42718446,0.85365856
2018-1-10T13-49-2,1515588542350,0.85365856,-0.024390243,0.46601942,0.85365856
2018-1-10T13-49-2,1515588542351,0.84390247,-0.014634146,0.44660193,0.84390247
2018-1-10T13-49-2,1515588542352,0.84390247,-0.024390243,0.4563107,0.84390247
2018-1-10T13-49-2,1515588542353,0.8341463,-0.014634146,0.42718446,0.8341463
2018-1-10T13-49-2,1515588542354,0.82439023,-0.004878049,0.44660193,0.82439023
2018-1-10T13-49-2,1515588542355,0.81463414,-0.014634146,0.4563107,0.81463414
2018-1-10T13-49-2,1515588542356,0.8341463,-0.014634146,0.4563107,0.8341463
2018-1-10T13-49-2,1515588542357,0.84390247,-0.014634146,0.44660193,0.84390247
2018-1-10T13-49-2,1515588542358,0.84390247,-0.024390243,0.4563107,0.84390247
2018-1-10T13-49-2,1515588542359,0.86341465,-0.004878049,0.4368932,0.86341465
2018-1-10T13-49-2,1515588542360,0.85365856,-0.004878049,0.4368932,0.85365856
2018-1-10T13-49-2,1515588542361,0.85365856,0.014634146,0.4563107,0.85365856
2018-1-10T13-49-2,1515588542362,0.85365856,-0.024390243,0.47572815,0.85365856
2018-1-10T13-49-2,1515588542363,0.85365856,-0.014634146,0.47572815,0.85365856
2018-1-10T13-49-2,1515588542364,0.84390247,-0.043902438,0.4563107,0.84390247
2018-1-10T13-49-2,1515588542365,0.84390247,-0.043902438,0.4368932,0.84390247
2018-1-10T13-49-2,1515588542366,0.76585364,-0.053658538,0.4368932,0.76585364
2018-1-10T13-49-2,1515588542367,0.81463414,-0.043902438,0.44660193,0.81463414
2018-1-10T13-49-2,1515588542368,0.8341463,-0.043902438,0.42718446,0.8341463
2018-1-10T13-49-2,1515588542369,0.82439023,-0.043902438,0.41747573,0.82439023
2018-1-10T13-49-2,1515588542370,0.81463414,-0.034146342,0.36893204,0.81463414
2018-1-10T13-49-2,1515588542371,0.84390247,-0.043902438,0.4563107,0.84390247
2018-1-10T13-49-2,1515588542372,0.85365856,-0.034146342,0.4563107,0.85365856
2018-1-10T13-49-2,1515588542373,0.84390247,-0.024390243,0.46601942,0.84390247
2018-1-10T13-49-2,1515588542374,0.86341465,0.004878049,0.4563107,0.86341465
2018-1-10T13-49-2,1515588542375,0.8829268,-0.004878049,0.4563107,0.8829268
2018-1-10T13-49-2,1515588542376,0.86341465,0.004878049,0.4368932,0.86341465
2018-1-10T13-49-2,1515588542377,0.85365856,0.014634146,0.42718446,0.85365856
2018-1-10T13-49-2,1515588542378,0.85365856,0.004878049,0.4563107,0.85365856
2018-1-10T13-49-2,1515588542379,0.84390247,-0.004878049,0.44660193,0.84390247
2018-1-10T13-49-2,1515588542380,0.8341463,-0.004878049,0.47572815,0.8341463
2018-1-10T13-49-2,1515588542381,0.86341465,-0.034146342,0.4368932,0.86341465
2018-1-10T13-49-2,1515588542382,0.82439023,-0.043902438,0.4368932,0.82439023
2018-1-10T13-49-2,1515588542383,0.82439023,-0.024390243,0.4368932,0.82439023
2018-1-10T13-49-2,1515588542384,0.81463414,-0.014634146,0.4368932,0.81463414
2018-1-10T13-49-2,1515588542385,0.8341463,-0.024390243,0.44660193,0.8341463
2018-1-10T13-49-2,1515588542386,0.8341463,-0.024390243,0.4368932,0.8341463
2018-1-10T13-49-2,1515588542387,0.84390247,-0.024390243,0.4368932,0.84390247
2018-1-10T13-49-2,1515588542388,0.8341463,-0.024390243,0.44660193,0.8341463
2018-1-10T13-49-2,1515588542389,0.84390247,-0.043902438,0.5145631,0.84390247
2018-1-10T13-49-2,1515588542390,0.84390247,-0.043902438,0.4368932,0.84390247
2018-1-10T13-49-2,1515588542391,0.86341465,-0.043902438,0.4368932,0.86341465
2018-1-10T13-49-2,1515588542392,0.86341465,-0.024390243,0.42718446,0.86341465
2018-1-10T13-49-2,1515588542393,0.8341463,-0.034146342,0.44660193,0.8341463
2018-1-10T13-49-2,1515588542394,0.82439023,-0.33658537,0.4563107,0.82439023
2018-1-10T13-49-2,1515588542395,0.85365856,-0.043902438,0.44660193,0.85365856
2018-1-10T13-49-2,1515588542396,0.84390247,-0.024390243,0.42718446,0.84390247
2018-1-10T13-49-2,1515588542397,0.86341465,-0.024390243,0.4368932,0.86341465
2018-1-10T13-49-2,1515588542398,0.8829268,-0.024390243,0.47572815,0.8829268
2018-1-10T13-49-2,1515588542399,0.85365856,-0.004878049,0.46601942,0.85365856
2018-1-10T13-49-2,1515588542400,0.85365856,-0.004878049,0.4368932,0.85365856
2018-1-10T13-49-2,1515588542401,0.84390247,-0.014634146,0.4368932,0.84390247
2018-1-10T13-49-2,1515588542402,0.84390247,-0.014634146,0.42718446,0.84390247
2018-1-10T13-49-2,1515588542403,0.81463414,0.043902438,0.44660193,0.81463414
2018-1-10T13-49-2,1515588542404,0.85365856,-0.014634146,0.44660193,0.85365856
2018-1-10T13-49-2,1515588542405,0.84390247,0.004878049,0.42718446,0.84390247
2018-1-10T13-49-2,1515588542406,0.8341463,-0.014634146,0.41747573,0.8341463
2018-1-10T13-49-2,1515588542407,0.8341463,-0.07317073,0.44660193,0.8341463
2018-1-10T13-49-2,1515588542408,0.8341463,-0.004878049,0.44660193,0.8341463
2018-1-10T13-49-2,1515588542409,0.8341463,0.004878049,0.44660193,0.8341463
2018-1-10T13-49-2,1515588542410,0.85365856,0.08292683,0.4563107,0.85365856
2018-1-10T13-49-2,1515588542411,0.8341463,-0.014634146,0.46601942,0.8341463
2018-1-10T13-49-2,1515588542412,0.85365856,-0.043902438,0.4563107,0.85365856
2018-1-10T13-49-2,1515588542413,0.86341465,-0.024390243,0.4563107,0.86341465
2018-1-10T13-49-2,1515588542414,0.8926829,-0.024390243,0.39805827,0.8926829
2018-1-10T13-49-2,1515588542415,0.85365856,-0.024390243,0.4368932,0.85365856
2018-1-10T13-49-2,1515588542416,0.84390247,-0.024390243,0.46601942,0.84390247
2018-1-10T13-49-2,1515588542417,0.8341463,-0.043902438,0.41747573,0.8341463
2018-1-10T13-49-2,1515588542418,0.84390247,-0.034146342,0.42718446,0.84390247
2018-1-10T13-49-2,1515588542419,0.84390247,-0.034146342,0.41747573,0.84390247
2018-1-10T13-49-2,1515588542420,0.85365856,-0.034146342,0.4563107,0.85365856
2018-1-10T13-49-2,1515588542421,0.85365856,-0.034146342,0.46601942,0.85365856
2018-1-10T13-49-2,1515588542422,0.85365856,-0.024390243,0.46601942,0.85365856
2018-1-10T13-49-2,1515588542423,0.86341465,-0.014634146,0.44660193,0.86341465
2018-1-10T13-49-2,1515588542424,0.87317073,-0.034146342,0.42718446,0.87317073
2018-1-10T13-49-2,1515588542425,0.82439023,-0.043902438,0.4368932,0.82439023
2018-1-10T13-49-2,1515588542426,0.79512197,-0.043902438,0.44660193,0.79512197
2018-1-10T13-49-2,1515588542427,0.8341463,-0.053658538,0.44660193,0.8341463
2018-1-10T13-49-2,1515588542428,0.80487806,-0.043902438,0.4563107,0.80487806
2018-1-10T13-49-2,1515588542429,0.8341463,-0.043902438,0.44660193,0.8341463
2018-1-10T13-49-2,1515588542430,0.84390247,-0.024390243,0.44660193,0.84390247
2018-1-10T13-49-2,1515588542431,0.87317073,-0.014634146,0.41747573,0.87317073
2018-1-10T13-49-2,1515588542432,0.85365856,0.004878049,0.44660193,0.85365856
2018-1-10T13-49-2,1515588542433,0.85365856,0.004878049,0.4563107,0.85365856
2018-1-10T13-49-2,1515588542434,0.87317073,-0.014634146,0.4563107,0.87317073
2018-1-10T13-49-2,1515588542435,0.84390247,-0.004878049,0.4368932,0.84390247
2018-1-10T13-49-2,1515588542436,0.87317073,-0.004878049,0.4563107,0.87317073
2018-1-10T13-49-2,1515588542437,0.85365856,-0.014634146,0.47572815,0.85365856
2018-1-10T13-49-2,1515588542438,0.85365856,-0.014634146,0.4368932,0.85365856
2018-1-10T13-49-2,1515588542439,0.85365856,-0.004878049,0.4563107,0.85365856
2018-1-10T13-49-2,1515588542440,0.84390247,-0.004878049,0.4563107,0.84390247
2018-1-10T13-49-2,1515588542441,0.85365856,-0.024390243,0.4368932,0.85365856
2018-1-10T13-49-2,1515588542442,0.84390247,-0.034146342,0.4368932,0.84390247
2018-1-10T13-49-2,1515588542443,0.86341465,-0.034146342,0.44660193,0.86341465
2018-1-10T13-49-2,1515588542444,0.902439,-0.043902438,0.44660193,0.902439
2018-1-10T13-49-2,1515588542445,0.82439023,-0.053658538,0.4563107,0.82439023
2018-1-10T13-49-2,1515588542446,0.84390247,-0.034146342,0.44660193,0.84390247
2018-1-10T13-49-2,1515588542447,0.84390247,-0.034146342,0.4563107,0.84390247
2018-1-10T13-49-2,1515588542448,0.84390247,-0.034146342,0.4368932,0.84390247
2018-1-10T13-49-2,1515588542449,0.85365856,-0.034146342,0.42718446,0.85365856
2018-1-10T13-49-2,1515588542450,0.8341463,-0.043902438,0.42718446,0.8341463
2018-1-10T13-49-2,1515588542451,0.82439023,-0.043902438,0.4368932,0.82439023
2018-1-10T13-49-2,1515588542452,0.7365854,-0.043902438,0.46601942,0.7365854
2018-1-10T13-49-2,1515588542453,0.84390247,-0.053658538,0.4563107,0.84390247
2018-1-10T13-49-2,1515588542454,0.84390247,-0.043902438,0.4368932,0.84390247
2018-1-10T13-49-2,1515588542455,0.8341463,-0.014634146,0.44660193,0.8341463
2018-1-10T13-49-2,1515588542456,0.86341465,-0.004878049,0.46601942,0.86341465
2018-1-10T13-49-2,1515588542457,0.86341465,-0.004878049,0.44660193,0.86341465
2018-1-10T13-49-2,1515588542458,0.85365856,0.014634146,0.44660193,0.85365856
2018-1-10T13-49-2,1515588542459,0.87317073,-0.004878049,0.44660193,0.87317073
2018-1-10T13-49-2,1515588542460,0.87317073,-0.004878049,0.46601942,0.87317073
2018-1-10T13-49-2,1515588542461,0.85365856,0.004878049,0.44660193,0.85365856
2018-1-10T13-49-2,1515588542462,0.84390247,-0.034146342,0.407767,0.84390247
2018-1-10T13-49-2,1515588542463,0.85365856,-0.014634146,0.44660193,0.85365856
2018-1-10T13-49-2,1515588542464,0.8341463,-0.014634146,0.4563107,0.8341463
2018-1-10T13-49-2,1515588542465,0.81463414,-0.014634146,0.3883495,0.81463414
2018-1-10T13-49-2,1515588542466,0.82439023,-0.043902438,0.4368932,0.82439023
2018-1-10T13-49-2,1515588542467,0.81463414,-0.034146342,0.42718446,0.81463414
2018-1-10T13-49-2,1515588542468,0.80487806,-0.034146342,0.44660193,0.80487806
2018-1-10T13-49-2,1515588542469,0.902439,-0.043902438,0.46601942,0.902439
2018-1-10T13-49-2,1515588542470,0.85365856,-0.034146342,0.4563107,0.85365856
2018-1-10T13-49-2,1515588542471,0.87317073,-0.034146342,0.4563107,0.87317073
2018-1-10T13-49-2,1515588542472,0.82439023,-0.043902438,0.4563107,0.82439023
2018-1-10T13-49-2,1515588542473,0.8829268,0.014634146,0.44660193,0.8829268
2018-1-10T13-49-2,1515588542474,0.85365856,-0.004878049,0.42718446,0.85365856
2018-1-10T13-49-2,1515588542475,0.82439023,0.014634146,0.42718446,0.82439023
2018-1-10T13-49-2,1515588542476,0.86341465,-0.014634146,0.4368932,0.86341465
2018-1-10T13-49-2,1515588542477,0.80487806,-0.024390243,0.4368932,0.80487806
2018-1-10T13-49-2,1515588542478,0.8341463,-0.06341463,0.41747573,0.8341463
2018-1-10T13-49-2,1515588542479,0.82439023,-0.014634146,0.4368932,0.82439023
2018-1-10T13-49-2,1515588542480,0.902439,-0.024390243,0.44660193,0.902439
2018-1-10T13-49-2,1515588542481,0.85365856,-0.014634146,0.52427185,0.85365856
2018-1-10T13-49-2,1515588542482,0.9317073,0.053658538,0.47572815,0.9317073
2018-1-10T13-49-2,1515588542483,0.86341465,0.014634146,0.46601942,0.86341465
2018-1-10T13-49-2,1515588542484,0.84390247,-0.014634146,0.44660193,0.84390247
2018-1-10T13-49-2,1515588542485,0.85365856,-0.043902438,0.4563107,0.85365856
2018-1-10T13-49-2,1515588542486,0.85365856,-0.053658538,0.4563107,0.85365856
2018-1-10T13-49-2,1515588542487,0.8341463,-0.053658538,0.44660193,0.8341463
2018-1-10T13-49-2,1515588542488,0.81463414,-0.043902438,0.41747573,0.81463414
2018-1-10T13-49-2,1515588542489,0.82439023,-0.034146342,0.42718446,0.82439023
2018-1-10T13-49-2,1515588542490,0.85365856,-0.06341463,0.4368932,0.85365856
2018-1-10T13-49-2,1515588542491,0.81463414,-0.053658538,0.4563107,0.81463414
2018-1-10T13-49-2,1515588542492,0.84390247,-0.024390243,0.44660193,0.84390247
2018-1-10T13-49-2,1515588542493,0.86341465,-0.024390243,0.4563107,0.86341465
2018-1-10T13-49-2,1515588542494,0.86341465,-0.024390243,0.46601942,0.86341465
2018-1-10T13-49-2,1515588542495,0.87317073,-0.004878049,0.46601942,0.87317073
2018-1-10T13-49-2,1515588542496,0.8926829,0.024390243,0.4563107,0.8926829
2018-1-10T13-49-2,1515588542497,0.87317073,-0.004878049,0.46601942,0.87317073
2018-1-10T13-49-2,1515588542498,0.86341465,-0.004878049,0.4368932,0.86341465
2018-1-10T13-49-2,1515588542499,0.79512197,-0.13170731,0.41747573,0.79512197
2018-1-10T13-49-2,1515588542500,0.8341463,-0.034146342,0.42718446,0.8341463
2018-1-10T13-49-2,1515588542501,0.84390247,-0.07317073,0.44660193,0.84390247
2018-1-10T13-49-2,1515588542502,0.8341463,-0.053658538,0.4563107,0.8341463
2018-1-10T13-49-2,1515588542503,0.82439023,-0.053658538,0.44660193,0.82439023
2018-1-10T13-49-2,1515588542504,0.79512197,-0.014634146,0.4368932,0.79512197
2018-1-10T13-49-2,1515588542505,0.85365856,-0.034146342,0.4563107,0.85365856
2018-1-10T13-49-2,1515588542506,0.86341465,-0.004878049,0.46601942,0.86341465
2018-1-10T13-49-2,1515588542507,0.86341465,0.014634146,0.4563107,0.86341465
2018-1-10T13-49-2,1515588542508,0.7853659,-0.034146342,0.4563107,0.7853659
2018-1-10T13-49-2,1515588542509,0.87317073,-0.004878049,0.44660193,0.87317073
2018-1-10T13-49-2,1515588542510,0.8341463,-0.014634146,0.44660193,0.8341463
2018-1-10T13-49-2,1515588542511,0.82439023,-0.034146342,0.46601942,0.82439023
2018-1-10T13-49-2,1515588542512,0.8341463,-0.034146342,0.407767,0.8341463
2018-1-10T13-49-2,1515588542513,0.82439023,-0.034146342,0.41747573,0.82439023
2018-1-10T13-49-2,1515588542514,0.82439023,-0.014634146,0.41747573,0.82439023
2018-1-10T13-49-2,1515588542515,0.8341463,-0.024390243,0.4368932,0.8341463
2018-1-10T13-49-2,1515588542516,0.77560973,-0.034146342,0.4368932,0.77560973
2018-1-10T13-49-2,1515588542517,0.84390247,-0.024390243,0.42718446,0.84390247
2018-1-10T13-49-2,1515588542518,0.85365856,-0.024390243,0.4563107,0.85365856
2018-1-10T13-49-2,1515588542519,0.84390247,-0.043902438,0.46601942,0.84390247
2018-1-10T13-49-2,1515588542520,0.86341465,-0.024390243,0.46601942,0.86341465
2018-1-10T13-49-2,1515588542521,0.87317073,-0.034146342,0.46601942,0.87317073
2018-1-10T13-49-2,1515588542522,0.8926829,-0.014634146,0.44660193,0.8926829
2018-1-10T13-49-2,1515588542523,0.85365856,-0.034146342,0.44660193,0.85365856
2018-1-10T13-49-2,1515588542524,0.84390247,-0.034146342,0.44660193,0.84390247
2018-1-10T13-49-2,1515588542525,0.84390247,-0.053658538,0.44660193,0.84390247
2018-1-10T13-49-2,1515588542526,0.8341463,-0.024390243,0.4368932,0.8341463
2018-1-10T13-49-2,1515588542527,0.87317073,-0.024390243,0.4368932,0.87317073
2018-1-10T13-49-2,1515588542528,0.85365856,-0.014634146,0.44660193,0.85365856
2018-1-10T13-49-2,1515588542529,0.8926829,-0.004878049,0.4368932,0.8926829
2018-1-10T13-49-2,1515588542530,0.8341463,-0.004878049,0.4563107,0.8341463
2018-1-10T13-49-2,1515588542531,0.86341465,-0.014634146,0.47572815,0.86341465
2018-1-10T13-49-2,1515588542532,0.84390247,0.004878049,0.42718446,0.84390247
2018-1-10T13-49-2,1515588542533,0.84390247,-0.004878049,0.4368932,0.84390247
2018-1-10T13-49-2,1515588542534,0.8341463,0.004878049,0.46601942,0.8341463
2018-1-10T13-49-2,1515588542535,0.8829268,-0.004878049,0.407767,0.8829268
2018-1-10T13-49-2,1515588542536,0.84390247,-0.014634146,0.42718446,0.84390247
2018-1-10T13-49-2,1515588542537,0.8341463,-0.014634146,0.4368932,0.8341463
2018-1-10T13-49-2,1515588542538,0.84390247,-0.034146342,0.4563107,0.84390247
2018-1-10T13-49-2,1515588542539,0.79512197,-0.004878049,0.44660193,0.79512197
2018-1-10T13-49-2,1515588542540,0.84390247,-0.004878049,0.42718446,0.84390247
2018-1-10T13-49-2,1515588542541,0.85365856,-0.034146342,0.42718446,0.85365856
2018-1-10T13-49-2,1515588542542,0.85365856,-0.014634146,0.4563107,0.85365856
2018-1-10T13-49-2,1515588542543,0.86341465,-0.043902438,0.4563107,0.86341465
2018-1-10T13-49-2,1515588542544,0.84390247,-0.034146342,0.42718446,0.84390247
2018-1-10T13-49-2,1515588542545,0.85365856,-0.043902438,0.44660193,0.85365856
2018-1-10T13-49-2,1515588542546,0.85365856,-0.034146342,0.4368932,0.85365856
2018-1-10T13-49-2,1515588542547,0.85365856,-0.004878049,0.44660193,0.85365856
2018-1-10T13-49-2,1515588542548,0.8341463,-0.053658538,0.3883495,0.8341463
2018-1-10T13-49-2,1515588542549,0.8341463,-0.06341463,0.42718446,0.8341463
2018-1-10T13-49-2,1515588542550,0.82439023,-0.043902438,0.41747573,0.82439023
2018-1-10T13-49-2,1515588542551,0.82439023,-0.08292683,0.44660193,0.82439023
2018-1-10T13-49-2,1515588542552,0.84390247,-0.043902438,0.46601942,0.84390247
2018-1-10T13-49-2,1515588542553,0.84390247,-0.024390243,0.44660193,0.84390247
2018-1-10T13-49-2,1515588542554,0.80487806,0.004878049,0.4368932,0.80487806
2018-1-10T13-49-2,1515588542555,0.87317073,0.004878049,0.4368932,0.87317073
2018-1-10T13-49-2,1515588542556,0.86341465,0.004878049,0.44660193,0.86341465
2018-1-10T13-49-2,1515588542557,0.84390247,0.024390243,0.4563107,0.84390247
2018-1-10T13-49-2,1515588542558,0.86341465,0.004878049,0.46601942,0.86341465
2018-1-10T13-49-2,1515588542559,0.85365856,-0.014634146,0.4563107,0.85365856
2018-1-10T13-49-2,1515588542560,0.84390247,-0.014634146,0.4368932,0.84390247
2018-1-10T13-49-2,1515588542561,0.84390247,-0.043902438,0.4563107,0.84390247
2018-1-10T13-49-2,1515588542562,0.84390247,-0.024390243,0.407767,0.84390247
2018-1-10T13-49-2,1515588542563,0.8341463,-0.014634146,0.4563107,0.8341463
2018-1-10T13-49-2,1515588542564,0.85365856,-0.043902438,0.44660193,0.85365856
2018-1-10T13-49-2,1515588542565,0.77560973,-0.024390243,0.4368932,0.77560973
2018-1-10T13-49-2,1515588542566,0.8341463,-0.034146342,0.4368932,0.8341463
2018-1-10T13-49-2,1515588542567,0.85365856,-0.034146342,0.4563107,0.85365856
2018-1-10T13-49-2,1515588542568,0.85365856,-0.024390243,0.4563107,0.85365856
2018-1-10T13-49-2,1515588542569,0.85365856,-0.024390243,0.44660193,0.85365856
2018-1-10T13-49-2,1515588542570,0.87317073,-0.004878049,0.46601942,0.87317073
2018-1-10T13-49-2,1515588542571,0.84390247,-0.004878049,0.4563107,0.84390247
2018-1-10T13-49-2,1515588542572,0.86341465,-0.014634146,0.4368932,0.86341465
2018-1-10T13-49-2,1515588542573,0.8341463,-0.014634146,0.41747573,0.8341463
2018-1-10T13-49-2,1515588542574,0.82439023,-0.004878049,0.4563107,0.82439023
2018-1-10T13-49-2,1515588542575,0.82439023,-0.043902438,0.44660193,0.82439023
2018-1-10T13-49-2,1515588542576,0.82439023,-0.034146342,0.44660193,0.82439023
2018-1-10T13-49-2,1515588542577,0.8341463,-0.043902438,0.44660193,0.8341463
2018-1-10T13-49-2,1515588542578,0.86341465,0.06341463,0.4368932,0.86341465
2018-1-10T13-49-2,1515588542579,0.8341463,-0.09268293,0.44660193,0.8341463
2018-1-10T13-49-2,1515588542580,0.87317073,0.014634146,0.46601942,0.87317073
2018-1-10T13-49-2,1515588542581,0.87317073,0.014634146,0.44660193,0.87317073
2018-1-10T13-49-2,1515588542582,0.86341465,0.004878049,0.4368932,0.86341465
2018-1-10T13-49-2,1515588542583,0.86341465,0.014634146,0.44660193,0.86341465
2018-1-10T13-49-2,1515588542584,0.80487806,-0.024390243,0.4563107,0.80487806
2018-1-10T13-49-2,1515588542585,0.81463414,-0.034146342,0.4368932,0.81463414
2018-1-10T13-49-2,1515588542586,0.82439023,-0.014634146,0.44660193,0.82439023
2018-1-10T13-49-2,1515588542587,0.8341463,-0.014634146,0.44660193,0.8341463
2018-1-10T13-49-2,1515588542588,0.84390247,-0.024390243,0.46601942,0.84390247
2018-1-10T13-49-2,1515588542589,0.8341463,-0.014634146,0.42718446,0.8341463
2018-1-10T13-49-2,1515588542590,0.85365856,-0.024390243,0.407767,0.85365856
2018-1-10T13-49-2,1515588542591,0.85365856,-0.08292683,0.4368932,0.85365856
2018-1-10T13-49-2,1515588542592,0.84390247,-0.024390243,0.46601942,0.84390247
2018-1-10T13-49-2,1515588542593,0.85365856,-0.024390243,0.46601942,0.85365856
2018-1-10T13-49-2,1515588542594,0.84390247,-0.034146342,0.46601942,0.84390247
2018-1-10T13-49-2,1515588542595,0.86341465,-0.024390243,0.4563107,0.86341465
2018-1-10T13-49-2,1515588542596,0.84390247,0.004878049,0.4368932,0.84390247
2018-1-10T13-49-2,1515588542597,0.85365856,-0.034146342,0.4368932,0.85365856
2018-1-10T13-49-2,1515588542598,0.8341463,-0.034146342,0.4368932,0.8341463
2018-1-10T13-49-2,1515588542599,0.84390247,-0.014634146,0.4563107,0.84390247
2018-1-10T13-49-2,1515588542600,0.85365856,-0.024390243,0.44660193,0.85365856
2018-1-10T13-49-2,1515588542601,0.84390247,-0.014634146,0.44660193,0.84390247
2018-1-10T13-49-2,1515588542602,0.85365856,0.004878049,0.44660193,0.85365856
2018-1-10T13-49-2,1515588542603,0.85365856,-0.004878049,0.44660193,0.85365856
2018-1-10T13-49-2,1515588542604,0.86341465,-0.014634146,0.4368932,0.86341465
2018-1-10T13-49-2,1515588542605,0.84390247,-0.053658538,0.4563107,0.84390247
2018-1-10T13-49-2,1515588542606,0.8341463,-0.004878049,0.44660193,0.8341463
2018-1-10T13-49-2,1515588542607,0.8341463,-0.053658538,0.4563107,0.8341463
2018-1-10T13-49-2,1515588542608,0.81463414,-0.053658538,0.4368932,0.81463414
2018-1-10T13-49-2,1515588542609,0.82439023,-0.014634146,0.42718446,0.82439023
2018-1-10T13-49-2,1515588542610,0.8341463,-0.034146342,0.44660193,0.8341463
2018-1-10T13-49-2,1515588542611,0.8341463,-0.034146342,0.46601942,0.8341463
2018-1-10T13-49-2,1515588542612,0.84390247,-0.014634146,0.49514562,0.84390247
2018-1-10T13-49-2,1515588542613,0.8829268,-0.014634146,0.44660193,0.8829268
2018-1-10T13-49-2,1515588542614,0.86341465,-0.024390243,0.4368932,0.86341465
2018-1-10T13-49-2,1515588542615,0.87317073,-0.004878049,0.42718446,0.87317073
2018-1-10T13-49-2,1515588542616,0.84390247,-0.004878049,0.44660193,0.84390247
2018-1-10T13-49-2,1515588542617,0.85365856,0.004878049,0.4563107,0.85365856
2018-1-10T13-49-2,1515588542618,0.79512197,-0.014634146,0.44660193,0.79512197
2018-1-10T13-49-2,1515588542619,0.84390247,-0.004878049,0.4563107,0.84390247
2018-1-10T13-49-2,1515588542620,0.86341465,-0.024390243,0.44660193,0.86341465
2018-1-10T13-49-2,1515588542621,0.84390247,-0.014634146,0.42718446,0.84390247
2018-1-10T13-49-2,1515588542622,0.84390247,-0.043902438,0.44660193,0.84390247
2018-1-10T13-49-2,1515588542623,0.8341463,-0.053658538,0.44660193,0.8341463
2018-1-10T13-49-2,1515588542624,0.82439023,-0.06341463,0.47572815,0.82439023
2018-1-10T13-49-2,1515588542625,0.8341463,-0.043902438,0.4563107,0.8341463
2018-1-10T13-49-2,1515588542626,0.84390247,-0.043902438,0.44660193,0.84390247
2018-1-10T13-49-2,1515588542627,0.84390247,-0.053658538,0.44660193,0.84390247
2018-1-10T13-49-2,1515588542628,0.82439023,-0.024390243,0.4563107,0.82439023
2018-1-10T13-49-2,1515588542629,0.85365856,-0.004878049,0.44660193,0.85365856
2018-1-10T13-49-2,1515588542630,0.86341465,0.004878049,0.44660193,0.86341465
2018-1-10T13-49-2,1515588542631,0.85365856,-0.014634146,0.46601942,0.85365856
2018-1-10T13-49-2,1515588542632,0.8829268,-0.014634146,0.4368932,0.8829268
2018-1-10T13-49-2,1515588542633,0.86341465,0.014634146,0.4368932,0.86341465
2018-1-10T13-49-2,1515588542634,0.85365856,-0.004878049,0.46601942,0.85365856
2018-1-10T13-49-2,1515588542635,0.85365856,0.004878049,0.44660193,0.85365856
2018-1-10T13-49-2,1515588542636,0.85365856,-0.004878049,0.44660193,0.85365856
2018-1-10T13-49-2,1515588542637,0.85365856,-0.014634146,0.4563107,0.85365856
2018-1-10T13-49-2,1515588542638,0.85365856,-0.014634146,0.4563107,0.85365856
2018-1-10T13-49-2,1515588542639,0.86341465,-0.034146342,0.4563107,0.86341465
2018-1-10T13-49-2,1515588542640,0.8341463,-0.034146342,0.4368932,0.8341463
2018-1-10T13-49-2,1515588542641,0.8341463,-0.014634146,0.4563107,0.8341463
2018-1-10T13-49-2,1515588542642,0.85365856,-0.024390243,0.46601942,0.85365856
2018-1-10T13-49-2,1515588542643,0.86341465,-0.014634146,0.4563107,0.86341465
2018-1-10T13-49-2,1515588542644,0.84390247,-0.024390243,0.407767,0.84390247
2018-1-10T13-49-2,1515588542645,0.84390247,-0.034146342,0.4368932,0.84390247
2018-1-10T13-49-2,1515588542646,0.84390247,-0.034146342,0.44660193,0.84390247
2018-1-10T13-49-2,1515588542647,0.82439023,-0.053658538,0.4563107,0.82439023
2018-1-10T13-49-2,1515588542648,0.81463414,-0.053658538,0.46601942,0.81463414
2018-1-10T13-49-2,1515588542649,0.85365856,-0.06341463,0.5145631,0.85365856
2018-1-10T13-49-2,1515588542650,0.84390247,-0.06341463,0.44660193,0.84390247
2018-1-10T13-49-2,1515588542651,0.84390247,-0.004878049,0.47572815,0.84390247
2018-1-10T13-49-2,1515588542652,0.84390247,-0.004878049,0.4368932,0.84390247
2018-1-10T13-49-2,1515588542653,0.84390247,0.004878049,0.44660193,0.84390247
2018-1-10T13-49-2,1515588542654,0.85365856,0.004878049,0.4563107,0.85365856
2018-1-10T13-49-2,1515588542655,0.86341465,0.014634146,0.4563107,0.86341465
2018-1-10T13-49-2,1515588542656,0.86341465,-0.014634146,0.4563107,0.86341465
2018-1-10T13-49-2,1515588542657,0.84390247,-0.014634146,0.44660193,0.84390247
2018-1-10T13-49-2,1515588542658,0.84390247,-0.004878049,0.42718446,0.84390247
2018-1-10T13-49-2,1515588542659,0.84390247,-0.014634146,0.407767,0.84390247
2018-1-10T13-49-2,1515588542660,0.8341463,-0.024390243,0.42718446,0.8341463
2018-1-10T13-49-2,1515588542661,0.81463414,-0.034146342,0.4563107,0.81463414
2018-1-10T13-49-2,1515588542662,0.87317073,-0.053658538,0.42718446,0.87317073
2018-1-10T13-49-2,1515588542663,0.8341463,-0.034146342,0.42718446,0.8341463
2018-1-10T13-49-2,1515588542664,0.84390247,-0.024390243,0.4563107,0.84390247
2018-1-10T13-49-2,1515588542665,0.85365856,-0.014634146,0.47572815,0.85365856
2018-1-10T13-49-2,1515588542666,0.86341465,-0.004878049,0.47572815,0.86341465
2018-1-10T13-49-2,1515588542667,0.87317073,0.024390243,0.4563107,0.87317073
2018-1-10T13-49-2,1515588542668,0.91219515,0.024390243,0.44660193,0.91219515
2018-1-10T13-49-2,1515588542669,0.8341463,0.004878049,0.44660193,0.8341463
2018-1-10T13-49-2,1515588542670,0.84390247,-0.004878049,0.407767,0.84390247
2018-1-10T13-49-2,1515588542671,0.8341463,-0.014634146,0.42718446,0.8341463
2018-1-10T13-49-2,1515588542672,0.82439023,-0.034146342,0.4368932,0.82439023
2018-1-10T13-49-2,1515588542673,0.8341463,-0.034146342,0.4563107,0.8341463
2018-1-10T13-49-2,1515588542674,0.8341463,-0.034146342,0.4563107,0.8341463
2018-1-10T13-49-2,1515588542675,0.84390247,-0.07317073,0.44660193,0.84390247
2018-1-10T13-49-2,1515588542676,0.86341465,-0.024390243,0.44660193,0.86341465
2018-1-10T13-49-2,1515588542677,0.85365856,-0.034146342,0.46601942,0.85365856
2018-1-10T13-49-2,1515588542678,0.85365856,-0.043902438,0.4563107,0.85365856
2018-1-10T13-49-2,1515588542679,0.82439023,-0.053658538,0.44660193,0.82439023
2018-1-10T13-49-2,1515588542680,0.84390247,-0.053658538,0.46601942,0.84390247
2018-1-10T13-49-2,1515588542681,0.84390247,-0.004878049,0.4563107,0.84390247
2018-1-10T13-49-2,1515588542682,0.84390247,-0.043902438,0.4368932,0.84390247
2018-1-10T13-49-2,1515588542683,0.82439023,-0.06341463,0.3883495,0.82439023
2018-1-10T13-49-2,1515588542684,0.81463414,-0.024390243,0.4368932,0.81463414
2018-1-10T13-49-2,1515588542685,0.8341463,-0.034146342,0.4368932,0.8341463
2018-1-10T13-49-2,1515588542686,0.82439023,-0.034146342,0.4368932,0.82439023
2018-1-10T13-49-2,1515588542687,0.82439023,-0.014634146,0.4368932,0.82439023
2018-1-10T13-49-2,1515588542688,0.84390247,-0.024390243,0.44660193,0.84390247
2018-1-10T13-49-2,1515588542689,0.85365856,-0.024390243,0.4563107,0.85365856
2018-1-10T13-49-2,1515588542690,0.85365856,-0.004878049,0.44660193,0.85365856
2018-1-10T13-49-2,1515588542691,0.86341465,-0.004878049,0.46601942,0.86341465
2018-1-10T13-49-2,1515588542692,0.8829268,-0.004878049,0.46601942,0.8829268
2018-1-10T13-49-2,1515588542693,0.8829268,-0.004878049,0.47572815,0.8829268
2018-1-10T13-49-2,1515588542694,0.85365856,0.004878049,0.44660193,0.85365856
2018-1-10T13-49-2,1515588542695,0.85365856,-0.034146342,0.407767,0.85365856
2018-1-10T13-49-2,1515588542696,0.8341463,-0.024390243,0.42718446,0.8341463
2018-1-10T13-49-2,1515588542697,0.82439023,0.004878049,0.4563107,0.82439023
2018-1-10T13-49-2,1515588542698,0.84390247,-0.043902438,0.4563107,0.84390247
2018-1-10T13-49-2,1515588542699,0.8829268,-0.014634146,0.41747573,0.8829268
2018-1-10T13-49-2,1515588542700,0.85365856,-0.014634146,0.44660193,0.85365856
2018-1-10T13-49-2,1515588542701,0.85365856,0.004878049,0.46601942,0.85365856
2018-1-10T13-49-2,1515588542702,0.86341465,-0.014634146,0.46601942,0.86341465
2018-1-10T13-49-2,1515588542703,0.85365856,-0.004878049,0.4368932,0.85365856
2018-1-10T13-49-2,1515588542704,0.8341463,-0.014634146,0.4563107,0.8341463
2018-1-10T13-49-2,1515588542705,0.84390247,-0.034146342,0.44660193,0.84390247
2018-1-10T13-49-2,1515588542706,0.81463414,-0.004878049,0.42718446,0.81463414
2018-1-10T13-49-2,1515588542707,0.82439023,-0.043902438,0.49514562,0.82439023
2018-1-10T13-49-2,1515588542708,0.82439023,-0.043902438,0.44660193,0.82439023
2018-1-10T13-49-2,1515588542709,0.81463414,-0.06341463,0.44660193,0.81463414
2018-1-10T13-49-2,1515588542710,0.84390247,-0.043902438,0.49514562,0.84390247
2018-1-10T13-49-2,1515588542711,0.81463414,-0.043902438,0.44660193,0.81463414
2018-1-10T13-49-2,1515588542712,0.87317073,-0.043902438,0.41747573,0.87317073
2018-1-10T13-49-2,1515588542713,0.82439023,-0.024390243,0.44660193,0.82439023
2018-1-10T13-49-2,1515588542714,0.85365856,-0.004878049,0.46601942,0.85365856
2018-1-10T13-49-2,1515588542715,0.8829268,-0.024390243,0.46601942,0.8829268
2018-1-10T13-49-2,1515588542716,0.8829268,-0.014634146,0.47572815,0.8829268
2018-1-10T13-49-2,1515588542717,0.9512195,-0.004878049,0.47572815,0.9512195
2018-1-10T13-49-2,1515588542718,0.8926829,0.024390243,0.44660193,0.8926829
2018-1-10T13-49-2,1515588542719,0.8926829,-0.004878049,0.44660193,0.8926829
2018-1-10T13-49-2,1515588542720,0.82439023,-0.034146342,0.5631068,0.82439023
2018-1-10T13-49-2,1515588542721,0.8341463,-0.034146342,0.42718446,0.8341463
2018-1-10T13-49-2,1515588542722,0.80487806,-0.034146342,0.42718446,0.80487806
2018-1-10T13-49-2,1515588542723,0.80487806,-0.024390243,0.4368932,0.80487806
2018-1-10T13-49-2,1515588542724,0.8341463,-0.014634146,0.4368932,0.8341463
2018-1-10T13-49-2,1515588542725,0.84390247,-0.004878049,0.4368932,0.84390247
2018-1-10T13-49-2,1515588542726,0.84390247,0.004878049,0.4368932,0.84390247
2018-1-10T13-49-2,1515588542727,0.85365856,0.004878049,0.4368932,0.85365856
2018-1-10T13-49-2,1515588542728,0.84390247,0.004878049,0.4368932,0.84390247
2018-1-10T13-49-2,1515588542729,0.84390247,-0.014634146,0.4368932,0.84390247
2018-1-10T13-49-2,1515588542730,0.8341463,-0.004878049,0.3883495,0.8341463
2018-1-10T13-49-2,1515588542731,0.85365856,-0.024390243,0.4368932,0.85365856
2018-1-10T13-49-2,1515588542732,0.8341463,-0.043902438,0.41747573,0.8341463
2018-1-10T13-49-2,1515588542733,0.84390247,-0.034146342,0.42718446,0.84390247
2018-1-10T13-49-2,1515588542734,0.8829268,-0.053658538,0.407767,0.8829268
2018-1-10T13-49-2,1515588542735,0.86341465,-0.034146342,0.44660193,0.86341465
2018-1-10T13-49-2,1515588542736,0.7853659,-0.053658538,0.44660193,0.7853659
2018-1-10T13-49-2,1515588542737,0.84390247,-0.043902438,0.4563107,0.84390247
2018-1-10T13-49-2,1515588542738,0.85365856,-0.06341463,0.4368932,0.85365856
2018-1-10T13-49-2,1515588542739,0.8341463,-0.024390243,0.46601942,0.8341463
2018-1-10T13-49-2,1515588542740,0.86341465,-0.014634146,0.49514562,0.86341465
2018-1-10T13-49-2,1515588542741,0.8829268,-0.034146342,0.47572815,0.8829268
2018-1-10T13-49-2,1515588542742,0.87317073,-0.014634146,0.4368932,0.87317073
2018-1-10T13-49-2,1515588542743,0.87317073,-0.024390243,0.41747573,0.87317073
2018-1-10T13-49-2,1515588542744,0.85365856,-0.034146342,0.42718446,0.85365856
2018-1-10T13-49-2,1515588542745,0.8341463,-0.10243902,0.4368932,0.8341463
2018-1-10T13-49-2,1515588542746,0.82439023,-0.034146342,0.4368932,0.82439023
2018-1-10T13-49-2,1515588542747,0.82439023,-0.043902438,0.4368932,0.82439023
2018-1-10T13-49-2,1515588542748,0.80487806,-0.024390243,0.44660193,0.80487806
2018-1-10T13-49-2,1515588542749,0.84390247,-0.004878049,0.44660193,0.84390247
2018-1-10T13-49-2,1515588542750,0.85365856,0.014634146,0.42718446,0.85365856
2018-1-10T13-49-2,1515588542751,0.87317073,-0.043902438,0.46601942,0.87317073
2018-1-10T13-49-2,1515588542752,0.86341465,0.014634146,0.42718446,0.86341465
2018-1-10T13-49-2,1515588542753,0.85365856,0.014634146,0.4368932,0.85365856
2018-1-10T13-49-2,1515588542754,0.8341463,-0.004878049,0.44660193,0.8341463
2018-1-10T13-49-2,1515588542755,0.82439023,-0.014634146,0.44660193,0.82439023
2018-1-10T13-49-2,1515588542756,0.81463414,-0.07317073,0.4368932,0.81463414
2018-1-10T13-49-2,1515588542757,0.82439023,-0.07317073,0.4368932,0.82439023
2018-1-10T13-49-2,1515588542758,0.8341463,-0.034146342,0.42718446,0.8341463
2018-1-10T13-49-2,1515588542759,0.84390247,-0.014634146,0.4368932,0.84390247
2018-1-10T13-49-2,1515588542760,0.82439023,0.034146342,0.44660193,0.82439023
2018-1-10T13-49-2,1515588542761,0.86341465,-0.034146342,0.42718446,0.86341465
2018-1-10T13-49-2,1515588542762,0.8341463,-0.034146342,0.44660193,0.8341463
2018-1-10T13-49-2,1515588542763,0.85365856,-0.043902438,0.47572815,0.85365856
2018-1-10T13-49-2,1515588542764,0.87317073,-0.053658538,0.47572815,0.87317073
2018-1-10T13-49-2,1515588542765,0.8829268,-0.043902438,0.46601942,0.8829268
2018-1-10T13-49-2,1515588542766,0.8926829,-0.034146342,0.4563107,0.8926829
2018-1-10T13-49-2,1515588542767,0.87317073,-0.024390243,0.44660193,0.87317073
2018-1-10T13-49-2,1515588542768,0.74634147,-0.034146342,0.42718446,0.74634147
2018-1-10T13-49-2,1515588542769,0.81463414,-0.034146342,0.4368932,0.81463414
2018-1-10T13-49-2,1515588542770,0.81463414,-0.06341463,0.4563107,0.81463414
2018-1-10T13-49-2,1515588542771,0.81463414,-0.07317073,0.44660193,0.81463414
2018-1-10T13-49-2,1515588542772,0.81463414,-0.053658538,0.4368932,0.81463414
2018-1-10T13-49-2,1515588542773,0.8341463,-0.034146342,0.4368932,0.8341463
2018-1-10T13-49-2,1515588542774,0.85365856,-0.034146342,0.44660193,0.85365856
2018-1-10T13-49-2,1515588542775,0.85365856,-0.004878049,0.44660193,0.85365856
2018-1-10T13-49-2,1515588542776,0.84390247,0.004878049,0.4854369,0.84390247
2018-1-10T13-49-2,1515588542777,0.85365856,0.004878049,0.44660193,0.85365856
2018-1-10T13-49-2,1515588542778,0.86341465,0.004878049,0.46601942,0.86341465
2018-1-10T13-49-2,1515588542779,0.85365856,0.004878049,0.4563107,0.85365856
2018-1-10T13-49-2,1515588542780,0.85365856,-0.004878049,0.4368932,0.85365856
2018-1-10T13-49-2,1515588542781,0.86341465,-0.014634146,0.4368932,0.86341465
2018-1-10T13-49-2,1515588542782,0.84390247,0.004878049,0.4368932,0.84390247
2018-1-10T13-49-2,1515588542783,0.902439,-0.014634146,0.44660193,0.902439
2018-1-10T13-49-2,1515588542784,0.84390247,-0.014634146,0.39805827,0.84390247
2018-1-10T13-49-2,1515588542785,0.8341463,-0.004878049,0.4368932,0.8341463
2018-1-10T13-49-2,1515588542786,0.84390247,-0.014634146,0.4368932,0.84390247
2018-1-10T13-49-2,1515588542787,0.85365856,-0.024390243,0.44660193,0.85365856
2018-1-10T13-49-2,1515588542788,0.84390247,-0.024390243,0.46601942,0.84390247
2018-1-10T13-49-2,1515588542789,0.86341465,-0.034146342,0.46601942,0.86341465
2018-1-10T13-49-2,1515588542790,0.86341465,-0.014634146,0.4563107,0.86341465
2018-1-10T13-49-2,1515588542791,0.87317073,-0.024390243,0.4563107,0.87317073
2018-1-10T13-49-2,1515588542792,0.85365856,-0.034146342,0.4563107,0.85365856
2018-1-10T13-49-2,1515588542793,0.85365856,-0.034146342,0.4368932,0.85365856
2018-1-10T13-49-2,1515588542794,0.82439023,-0.053658538,0.407767,0.82439023
2018-1-10T13-49-2,1515588542795,0.82439023,-0.043902438,0.42718446,0.82439023
2018-1-10T13-49-2,1515588542796,0.82439023,-0.043902438,0.4563107,0.82439023
2018-1-10T13-49-2,1515588542797,0.84390247,-0.053658538,0.46601942,0.84390247
2018-1-10T13-49-2,1515588542798,0.8341463,-0.034146342,0.44660193,0.8341463
2018-1-10T13-49-2,1515588542799,0.85365856,-0.024390243,0.44660193,0.85365856
2018-1-10T13-49-2,1515588542800,0.86341465,-0.024390243,0.4563107,0.86341465
2018-1-10T13-49-2,1515588542801,0.86341465,-0.024390243,0.44660193,0.86341465
2018-1-10T13-49-2,1515588542802,0.8341463,0.014634146,0.46601942,0.8341463
2018-1-10T13-49-2,1515588542803,0.86341465,-0.014634146,0.5048544,0.86341465
2018-1-10T13-49-2,1515588542804,0.84390247,-0.014634146,0.4368932,0.84390247
2018-1-10T13-49-2,1515588542805,0.84390247,-0.004878049,0.44660193,0.84390247
2018-1-10T13-49-2,1515588542806,0.85365856,-0.014634146,0.4368932,0.85365856
2018-1-10T13-49-2,1515588542807,0.84390247,-0.004878049,0.44660193,0.84390247
2018-1-10T13-49-2,1515588542808,0.84390247,-0.034146342,0.4368932,0.84390247
2018-1-10T13-49-2,1515588542809,0.902439,0.004878049,0.4368932,0.902439
2018-1-10T13-49-2,1515588542810,0.85365856,0.014634146,0.4368932,0.85365856
2018-1-10T13-49-2,1515588542811,0.84390247,-0.004878049,0.4368932,0.84390247
2018-1-10T13-49-2,1515588542812,0.86341465,0.004878049,0.4368932,0.86341465
2018-1-10T13-49-2,1515588542813,0.85365856,-0.034146342,0.44660193,0.85365856
2018-1-10T13-49-2,1515588542814,0.8341463,0.053658538,0.44660193,0.8341463
2018-1-10T13-49-2,1515588542815,0.84390247,-0.024390243,0.4563107,0.84390247
2018-1-10T13-49-2,1515588542816,0.84390247,-0.024390243,0.46601942,0.84390247
2018-1-10T13-49-2,1515588542817,0.8341463,-0.043902438,0.44660193,0.8341463
2018-1-10T13-49-2,1515588542818,0.8341463,0.014634146,0.4368932,0.8341463
2018-1-10T13-49-2,1515588542819,0.8926829,-0.11219512,0.44660193,0.8926829
2018-1-10T13-49-2,1515588542820,0.84390247,-0.053658538,0.44660193,0.84390247
2018-1-10T13-49-2,1515588542821,0.84390247,-0.034146342,0.4368932,0.84390247
2018-1-10T13-49-2,1515588542822,0.84390247,-0.024390243,0.4368932,0.84390247
2018-1-10T13-49-2,1515588542823,0.84390247,-0.043902438,0.4368932,0.84390247
2018-1-10T13-49-2,1515588542824,0.81463414,-0.043902438,0.44660193,0.81463414
2018-1-10T13-49-2,1515588542825,0.82439023,-0.034146342,0.44660193,0.82439023
2018-1-10T13-49-2,1515588542826,0.84390247,0.034146342,0.42718446,0.84390247
2018-1-10T13-49-2,1515588542827,0.8341463,-0.043902438,0.42718446,0.8341463
2018-1-10T13-49-2,1515588542828,0.82439023,-0.034146342,0.44660193,0.82439023
2018-1-10T13-49-2,1515588542829,0.8341463,-0.034146342,0.4563107,0.8341463
2018-1-10T13-49-2,1515588542830,0.79512197,-0.09268293,0.46601942,0.79512197
2018-1-10T13-49-2,1515588542831,0.85365856,-0.034146342,0.46601942,0.85365856
2018-1-10T13-49-2,1515588542832,0.902439,-0.043902438,0.4563107,0.902439
2018-1-10T13-49-2,1515588542833,0.87317073,-0.014634146,0.4563107,0.87317073
2018-1-10T13-49-2,1515588542834,0.91219515,-0.004878049,0.44660193,0.91219515
2018-1-10T13-49-2,1515588542835,0.8829268,-0.004878049,0.44660193,0.8829268
2018-1-10T13-49-2,1515588542836,0.86341465,-0.004878049,0.4368932,0.86341465
2018-1-10T13-49-2,1515588542837,0.8341463,-0.004878049,0.42718446,0.8341463
2018-1-10T13-49-2,1515588542838,0.8341463,0.014634146,0.4368932,0.8341463
2018-1-10T13-49-2,1515588542839,0.8341463,-0.004878049,0.4368932,0.8341463
2018-1-10T13-49-2,1515588542840,0.8341463,-0.024390243,0.44660193,0.8341463
2018-1-10T13-49-2,1515588542841,0.8341463,0.004878049,0.41747573,0.8341463
2018-1-10T13-49-2,1515588542842,0.84390247,-0.004878049,0.42718446,0.84390247
2018-1-10T13-49-2,1515588542843,0.8341463,0.004878049,0.42718446,0.8341463
2018-1-10T13-49-2,1515588542844,0.82439023,-0.014634146,0.47572815,0.82439023
2018-1-10T13-49-2,1515588542845,0.85365856,-0.014634146,0.44660193,0.85365856
2018-1-10T13-49-2,1515588542846,0.84390247,0.004878049,0.47572815,0.84390247
2018-1-10T13-49-2,1515588542847,0.8341463,-0.014634146,0.42718446,0.8341463
2018-1-10T13-49-2,1515588542848,0.85365856,-0.014634146,0.4563107,0.85365856
2018-1-10T13-49-2,1515588542849,0.8341463,-0.034146342,0.4563107,0.8341463
2018-1-10T13-49-2,1515588542850,0.85365856,-0.024390243,0.42718446,0.85365856
2018-1-10T13-49-2,1515588542851,0.85365856,-0.034146342,0.4563107,0.85365856
2018-1-10T13-49-2,1515588542852,0.85365856,-0.034146342,0.407767,0.85365856
2018-1-10T13-49-2,1515588542853,0.85365856,-0.043902438,0.44660193,0.85365856
2018-1-10T13-49-2,1515588542854,0.84390247,-0.014634146,0.4368932,0.84390247
2018-1-10T13-49-2,1515588542855,0.85365856,-0.034146342,0.46601942,0.85365856
2018-1-10T13-49-2,1515588542856,0.8341463,-0.043902438,0.4563107,0.8341463
2018-1-10T13-49-2,1515588542857,0.8341463,-0.024390243,0.46601942,0.8341463
2018-1-10T13-49-2,1515588542858,0.8341463,-0.043902438,0.44660193,0.8341463
2018-1-10T13-49-2,1515588542859,0.76585364,-0.043902438,0.4368932,0.76585364
2018-1-10T13-49-2,1515588542860,0.82439023,-0.09268293,0.4368932,0.82439023
2018-1-10T13-49-2,1515588542861,0.86341465,-0.043902438,0.4563107,0.86341465
2018-1-10T13-49-2,1515588542862,0.84390247,-0.043902438,0.4368932,0.84390247
2018-1-10T13-49-2,1515588542863,0.8926829,-0.034146342,0.4563107,0.8926829
2018-1-10T13-49-2,1515588542864,0.86341465,0.034146342,0.46601942,0.86341465
2018-1-10T13-49-2,1515588542865,0.86341465,-0.024390243,0.44660193,0.86341465
2018-1-10T13-49-2,1515588542866,0.86341465,-0.024390243,0.4368932,0.86341465
2018-1-10T13-49-2,1515588542867,0.8341463,-0.014634146,0.47572815,0.8341463
2018-1-10T13-49-2,1515588542868,0.8341463,-0.034146342,0.4563107,0.8341463
2018-1-10T13-49-2,1515588542869,0.81463414,-0.034146342,0.4563107,0.81463414
2018-1-10T13-49-2,1515588542870,0.8341463,-0.043902438,0.44660193,0.8341463
2018-1-10T13-49-2,1515588542871,0.86341465,-0.034146342,0.44660193,0.86341465
2018-1-10T13-49-2,1515588542872,0.84390247,-0.024390243,0.44660193,0.84390247
2018-1-10T13-49-2,1515588542873,0.85365856,-0.004878049,0.42718446,0.85365856
2018-1-10T13-49-2,1515588542874,0.84390247,-0.014634146,0.4563107,0.84390247
2018-1-10T13-49-2,1515588542875,0.85365856,-0.004878049,0.42718446,0.85365856
2018-1-10T13-49-2,1515588542876,0.85365856,-0.004878049,0.44660193,0.85365856
2018-1-10T13-49-2,1515588542877,0.85365856,0.014634146,0.44660193,0.85365856
2018-1-10T13-49-2,1515588542878,0.86341465,0.004878049,0.42718446,0.86341465
2018-1-10T13-49-2,1515588542879,0.85365856,-0.004878049,0.46601942,0.85365856
2018-1-10T13-49-2,1515588542880,0.8341463,0.014634146,0.42718446,0.8341463
2018-1-10T13-49-2,1515588542881,0.86341465,0.014634146,0.42718446,0.86341465
2018-1-10T13-49-2,1515588542882,0.84390247,-0.004878049,0.44660193,0.84390247
2018-1-10T13-49-2,1515588542883,0.8341463,-0.014634146,0.4368932,0.8341463
2018-1-10T13-49-2,1515588542884,0.81463414,-0.024390243,0.44660193,0.81463414
2018-1-10T13-49-2,1515588542885,0.82439023,-0.043902438,0.4368932,0.82439023
2018-1-10T13-49-2,1515588542886,0.82439023,-0.043902438,0.41747573,0.82439023
2018-1-10T13-49-2,1515588542887,0.8341463,-0.06341463,0.4368932,0.8341463
2018-1-10T13-49-2,1515588542888,0.87317073,-0.053658538,0.46601942,0.87317073
2018-1-10T13-49-2,1515588542889,0.86341465,-0.043902438,0.5339806,0.86341465
2018-1-10T13-49-2,1515588542890,0.86341465,-0.034146342,0.4563107,0.86341465
2018-1-10T13-49-2,1515588542891,0.87317073,-0.034146342,0.42718446,0.87317073
2018-1-10T13-49-2,1515588542892,0.85365856,-0.004878049,0.44660193,0.85365856
2018-1-10T13-49-2,1515588542893,0.84390247,-0.034146342,0.4563107,0.84390247
2018-1-10T13-49-2,1515588542894,0.85365856,-0.014634146,0.46601942,0.85365856
2018-1-10T13-49-2,1515588542895,0.87317073,-0.014634146,0.4563107,0.87317073
2018-1-10T13-49-2,1515588542896,0.86341465,-0.004878049,0.4563107,0.86341465
2018-1-10T13-49-2,1515588542897,0.85365856,0.014634146,0.46601942,0.85365856
2018-1-10T13-49-2,1515588542898,0.87317073,-0.014634146,0.46601942,0.87317073
2018-1-10T13-49-2,1515588542899,0.85365856,-0.014634146,0.42718446,0.85365856
2018-1-10T13-49-2,1515588542900,0.85365856,-0.014634146,0.44660193,0.85365856
2018-1-10T13-49-2,1515588542901,0.84390247,-0.034146342,0.4563107,0.84390247
2018-1-10T13-49-2,1515588542902,0.85365856,-0.014634146,0.4563107,0.85365856
2018-1-10T13-49-2,1515588542903,0.82439023,-0.004878049,0.4368932,0.82439023
2018-1-10T13-49-2,1515588542904,0.84390247,-0.034146342,0.44660193,0.84390247
2018-1-10T13-49-2,1515588542905,0.8829268,-0.024390243,0.4368932,0.8829268
2018-1-10T13-49-2,1515588542906,0.84390247,-0.004878049,0.39805827,0.84390247
2018-1-10T13-49-2,1515588542907,0.84390247,0.004878049,0.4368932,0.84390247
2018-1-10T13-49-2,1515588542908,0.84390247,-0.014634146,0.46601942,0.84390247
2018-1-10T13-49-2,1515588542909,0.8341463,-0.014634146,0.44660193,0.8341463
2018-1-10T13-49-2,1515588542910,0.8341463,-0.004878049,0.4368932,0.8341463
2018-1-10T13-49-2,1515588542911,0.79512197,-0.034146342,0.42718446,0.79512197
2018-1-10T13-49-2,1515588542912,0.8341463,-0.024390243,0.44660193,0.8341463
2018-1-10T13-49-2,1515588542913,0.84390247,-0.07317073,0.46601942,0.84390247
2018-1-10T13-49-2,1515588542914,0.86341465,-0.043902438,0.4563107,0.86341465
2018-1-10T13-49-2,1515588542915,0.85365856,-0.053658538,0.42718446,0.85365856
2018-1-10T13-49-2,1515588542916,0.8341463,-0.07317073,0.4368932,0.8341463
2018-1-10T13-49-2,1515588542917,0.81463414,-0.08292683,0.46601942,0.81463414
2018-1-10T13-49-2,1515588542918,0.80487806,-0.043902438,0.46601942,0.80487806
2018-1-10T13-49-2,1515588542919,0.84390247,-0.024390243,0.42718446,0.84390247
2018-1-10T13-49-2,1515588542920,0.85365856,-0.014634146,0.4368932,0.85365856
2018-1-10T13-49-2,1515588542921,0.87317073,-0.004878049,0.4563107,0.87317073
2018-1-10T13-49-2,1515588542922,0.80487806,-0.014634146,0.49514562,0.80487806
2018-1-10T13-49-2,1515588542923,0.87317073,0.004878049,0.46601942,0.87317073
2018-1-10T13-49-2,1515588542924,0.87317073,-0.004878049,0.4368932,0.87317073
2018-1-10T13-49-2,1515588542925,0.85365856,0.014634146,0.46601942,0.85365856
2018-1-10T13-49-2,1515588542926,0.85365856,-0.004878049,0.46601942,0.85365856
2018-1-10T13-49-2,1515588542927,0.85365856,-0.034146342,0.4368932,0.85365856
2018-1-10T13-49-2,1515588542928,0.82439023,-0.034146342,0.407767,0.82439023
2018-1-10T13-49-2,1515588542929,0.82439023,-0.014634146,0.42718446,0.82439023
2018-1-10T13-49-2,1515588542930,0.8341463,-0.034146342,0.4563107,0.8341463
2018-1-10T13-49-2,1515588542931,0.81463414,-0.034146342,0.4563107,0.81463414
2018-1-10T13-49-2,1515588542932,0.82439023,-0.034146342,0.44660193,0.82439023
2018-1-10T13-49-2,1515588542933,0.85365856,-0.014634146,0.44660193,0.85365856
2018-1-10T13-49-2,1515588542934,0.85365856,-0.024390243,0.44660193,0.85365856
2018-1-10T13-49-2,1515588542935,0.81463414,-0.024390243,0.4563107,0.81463414
2018-1-10T13-49-2,1515588542936,1.0195122,-0.014634146,0.44660193,1.0195122
2018-1-10T13-49-2,1515588542937,0.87317073,-0.024390243,0.4368932,0.87317073
2018-1-10T13-49-2,1515588542938,0.85365856,-0.014634146,0.4368932,0.85365856
2018-1-10T13-49-2,1515588542939,0.8341463,-0.024390243,0.4368932,0.8341463
2018-1-10T13-49-2,1515588542940,0.6878049,-0.034146342,0.4563107,0.6878049
2018-1-10T13-49-2,1515588542941,0.8341463,-0.053658538,0.4368932,0.8341463
2018-1-10T13-49-2,1515588542942,0.8341463,-0.024390243,0.44660193,0.8341463
2018-1-10T13-49-2,1515588542943,0.8341463,-0.024390243,0.4563107,0.8341463
2018-1-10T13-49-2,1515588542944,0.8341463,-0.034146342,0.44660193,0.8341463
2018-1-10T13-49-2,1515588542945,0.87317073,-0.024390243,0.4563107,0.87317073
2018-1-10T13-49-2,1515588542946,0.86341465,-0.024390243,0.44660193,0.86341465
2018-1-10T13-49-2,1515588542947,0.8829268,-0.014634146,0.4368932,0.8829268
2018-1-10T13-49-2,1515588542948,0.84390247,-0.024390243,0.4563107,0.84390247
2018-1-10T13-49-2,1515588542949,0.85365856,-0.014634146,0.47572815,0.85365856
2018-1-10T13-49-2,1515588542950,0.87317073,-0.034146342,0.47572815,0.87317073
2018-1-10T13-49-2,1515588542951,0.91219515,-0.034146342,0.44660193,0.91219515
2018-1-10T13-49-2,1515588542952,0.84390247,-0.024390243,0.42718446,0.84390247
2018-1-10T13-49-2,1515588542953,0.82439023,0.053658538,0.4368932,0.82439023
2018-1-10T13-49-2,1515588542954,0.8341463,-0.014634146,0.44660193,0.8341463
2018-1-10T13-49-2,1515588542955,0.82439023,-0.004878049,0.4563107,0.82439023
2018-1-10T13-49-2,1515588542956,0.84390247,-0.034146342,0.44660193,0.84390247
2018-1-10T13-49-2,1515588542957,0.84390247,-0.034146342,0.44660193,0.84390247
2018-1-10T13-49-2,1515588542958,0.84390247,-0.004878049,0.37864077,0.84390247
2018-1-10T13-49-2,1515588542959,0.86341465,-0.014634146,0.39805827,0.86341465
2018-1-10T13-49-2,1515588542960,0.8829268,0.004878049,0.4563107,0.8829268
2018-1-10T13-49-2,1515588542961,0.87317073,0.004878049,0.44660193,0.87317073
2018-1-10T13-49-2,1515588542962,0.86341465,-0.004878049,0.4563107,0.86341465
2018-1-10T13-49-2,1515588542963,0.86341465,0.004878049,0.4563107,0.86341465
2018-1-10T13-49-2,1515588542964,0.86341465,0.014634146,0.4368932,0.86341465
2018-1-10T13-49-2,1515588542965,0.8341463,-0.014634146,0.4368932,0.8341463
2018-1-10T13-49-2,1515588542966,0.8341463,-0.034146342,0.4368932,0.8341463
2018-1-10T13-49-2,1515588542967,0.8341463,-0.024390243,0.44660193,0.8341463
2018-1-10T13-49-2,1515588542968,0.8341463,-0.06341463,0.4368932,0.8341463
2018-1-10T13-49-2,1515588542969,0.8341463,-0.043902438,0.4368932,0.8341463
2018-1-10T13-49-2,1515588542970,0.81463414,-0.043902438,0.42718446,0.81463414
2018-1-10T13-49-2,1515588542971,0.84390247,-0.014634146,0.44660193,0.84390247
2018-1-10T13-49-2,1515588542972,0.82439023,-0.014634146,0.46601942,0.82439023
2018-1-10T13-49-2,1515588542973,0.86341465,-0.014634146,0.44660193,0.86341465
2018-1-10T13-49-2,1515588542974,0.82439023,0.004878049,0.44660193,0.82439023
2018-1-10T13-49-2,1515588542975,0.85365856,-0.024390243,0.44660193,0.85365856
2018-1-10T13-49-2,1515588542976,0.85365856,-0.034146342,0.4368932,0.85365856
2018-1-10T13-49-2,1515588542977,0.80487806,-0.043902438,0.44660193,0.80487806
2018-1-10T13-49-2,1515588542978,0.8341463,-0.034146342,0.44660193,0.8341463
2018-1-10T13-49-2,1515588542979,0.85365856,-0.034146342,0.42718446,0.85365856
2018-1-10T13-49-2,1515588542980,0.84390247,-0.034146342,0.4368932,0.84390247
2018-1-10T13-49-2,1515588542981,0.82439023,-0.024390243,0.44660193,0.82439023
2018-1-10T13-49-2,1515588542982,0.84390247,0.043902438,0.4563107,0.84390247
2018-1-10T13-49-2,1515588542983,0.85365856,-0.024390243,0.4563107,0.85365856
2018-1-10T13-49-2,1515588542984,0.84390247,-0.034146342,0.4563107,0.84390247
2018-1-10T13-49-2,1515588542985,0.87317073,-0.014634146,0.44660193,0.87317073
2018-1-10T13-49-2,1515588542986,0.8829268,-0.024390243,0.4368932,0.8829268
2018-1-10T13-49-2,1515588542987,0.85365856,-0.024390243,0.46601942,0.85365856
2018-1-10T13-49-2,1515588542988,0.8341463,-0.004878049,0.44660193,0.8341463
2018-1-10T13-49-2,1515588542989,0.85365856,-0.024390243,0.46601942,0.85365856
2018-1-10T13-49-2,1515588542990,0.81463414,-0.043902438,0.44660193,0.81463414
2018-1-10T13-49-2,1515588542991,0.7853659,-0.043902438,0.4368932,0.7853659
2018-1-10T13-49-2,1515588542992,0.8341463,-0.043902438,0.44660193,0.8341463
2018-1-10T13-49-2,1515588542993,0.82439023,-0.043902438,0.5048544,0.82439023
2018-1-10T13-49-2,1515588542994,0.84390247,-0.024390243,0.44660193,0.84390247
2018-1-10T13-49-2,1515588542995,0.85365856,-0.014634146,0.46601942,0.85365856
2018-1-10T13-49-2,1515588542996,0.84390247,-0.034146342,0.44660193,0.84390247
2018-1-10T13-49-2,1515588542997,0.82439023,-0.004878049,0.42718446,0.82439023
2018-1-10T13-49-2,1515588542998,0.86341465,-0.004878049,0.4563107,0.86341465
2018-1-10T13-49-2,1515588542999,0.87317073,-0.024390243,0.46601942,0.87317073
2018-1-10T13-49-3,1515588543000,0.86341465,-0.004878049,0.44660193,0.86341465
2018-1-10T13-49-3,1515588543001,0.86341465,0.004878049,0.4368932,0.86341465
2018-1-10T13-49-3,1515588543002,0.86341465,-0.004878049,0.4368932,0.86341465
2018-1-10T13-49-3,1515588543003,0.84390247,-0.053658538,0.44660193,0.84390247
2018-1-10T13-49-3,1515588543004,0.84390247,0.06341463,0.4368932,0.84390247
2018-1-10T13-49-3,1515588543005,0.84390247,-0.004878049,0.4368932,0.84390247
2018-1-10T13-49-3,1515588543006,0.81463414,-0.024390243,0.42718446,0.81463414
2018-1-10T13-49-3,1515588543007,0.7853659,-0.034146342,0.41747573,0.7853659
2018-1-10T13-49-3,1515588543008,0.82439023,-0.034146342,0.4563107,0.82439023
2018-1-10T13-49-3,1515588543009,0.8341463,-0.043902438,0.4563107,0.8341463
2018-1-10T13-49-3,1515588543010,0.84390247,-0.024390243,0.46601942,0.84390247
2018-1-10T13-49-3,1515588543011,0.85365856,-0.024390243,0.47572815,0.85365856
2018-1-10T13-49-3,1515588543012,0.87317073,-0.043902438,0.4563107,0.87317073
2018-1-10T13-49-3,1515588543013,0.87317073,-0.034146342,0.42718446,0.87317073
2018-1-10T13-49-3,1515588543014,0.84390247,-0.034146342,0.39805827,0.84390247
2018-1-10T13-49-3,1515588543015,0.85365856,-0.024390243,0.44660193,0.85365856
2018-1-10T13-49-3,1515588543016,0.86341465,-0.034146342,0.46601942,0.86341465
2018-1-10T13-49-3,1515588543017,0.8341463,-0.09268293,0.44660193,0.8341463
2018-1-10T13-49-3,1515588543018,0.84390247,-0.024390243,0.41747573,0.84390247
2018-1-10T13-49-3,1515588543019,0.8341463,-0.014634146,0.42718446,0.8341463
2018-1-10T13-49-3,1515588543020,0.84390247,-0.014634146,0.42718446,0.84390247
2018-1-10T13-49-3,1515588543021,0.85365856,-0.004878049,0.46601942,0.85365856
2018-1-10T13-49-3,1515588543022,0.86341465,-0.024390243,0.41747573,0.86341465
2018-1-10T13-49-3,1515588543023,0.85365856,-0.004878049,0.44660193,0.85365856
2018-1-10T13-49-3,1515588543024,0.85365856,-0.014634146,0.4563107,0.85365856
2018-1-10T13-49-3,1515588543025,0.82439023,-0.004878049,0.4854369,0.82439023
2018-1-10T13-49-3,1515588543026,0.8341463,-0.024390243,0.44660193,0.8341463
2018-1-10T13-49-3,1515588543027,0.81463414,-0.024390243,0.44660193,0.81463414
2018-1-10T13-49-3,1515588543028,0.84390247,-0.034146342,0.44660193,0.84390247
2018-1-10T13-49-3,1515588543029,0.8341463,-0.034146342,0.44660193,0.8341463
2018-1-10T13-49-3,1515588543030,0.8341463,-0.034146342,0.42718446,0.8341463
2018-1-10T13-49-3,1515588543031,0.8341463,-0.034146342,0.4563107,0.8341463
2018-1-10T13-49-3,1515588543032,0.86341465,-0.053658538,0.44660193,0.86341465
2018-1-10T13-49-3,1515588543033,0.84390247,-0.034146342,0.4563107,0.84390247
2018-1-10T13-49-3,1515588543034,0.85365856,-0.014634146,0.4563107,0.85365856
2018-1-10T13-49-3,1515588543035,0.84390247,-0.034146342,0.4563107,0.84390247
2018-1-10T13-49-3,1515588543036,0.84390247,-0.034146342,0.42718446,0.84390247
2018-1-10T13-49-3,1515588543037,0.84390247,-0.024390243,0.4368932,0.84390247
2018-1-10T13-49-3,1515588543038,0.8341463,-0.024390243,0.42718446,0.8341463
2018-1-10T13-49-3,1515588543039,0.80487806,-0.024390243,0.41747573,0.80487806
2018-1-10T13-49-3,1515588543040,0.77560973,-0.024390243,0.44660193,0.77560973
2018-1-10T13-49-3,1515588543041,0.82439023,-0.014634146,0.44660193,0.82439023
2018-1-10T13-49-3,1515588543042,0.81463414,-0.024390243,0.4563107,0.81463414
2018-1-10T13-49-3,1515588543043,0.8829268,-0.053658538,0.4563107,0.8829268
2018-1-10T13-49-3,1515588543044,0.8926829,-0.014634146,0.407767,0.8926829
2018-1-10T13-49-3,1515588543045,0.8829268,-0.024390243,0.44660193,0.8829268
2018-1-10T13-49-3,1515588543046,0.86341465,-0.014634146,0.4563107,0.86341465
2018-1-10T13-49-3,1515588543047,0.82439023,-0.004878049,0.44660193,0.82439023
2018-1-10T13-49-3,1515588543048,0.86341465,0.06341463,0.47572815,0.86341465
2018-1-10T13-49-3,1515588543049,0.87317073,-0.014634146,0.4563107,0.87317073
2018-1-10T13-49-3,1515588543050,0.84390247,-0.034146342,0.4368932,0.84390247
2018-1-10T13-49-3,1515588543051,0.86341465,-0.024390243,0.42718446,0.86341465
2018-1-10T13-49-3,1515588543052,0.84390247,-0.043902438,0.44660193,0.84390247
2018-1-10T13-49-3,1515588543053,0.84390247,-0.004878049,0.44660193,0.84390247
2018-1-10T13-49-3,1515588543054,0.84390247,-0.024390243,0.44660193,0.84390247
2018-1-10T13-49-3,1515588543055,0.79512197,-0.024390243,0.4368932,0.79512197
2018-1-10T13-49-3,1515588543056,0.82439023,-0.014634146,0.4368932,0.82439023
2018-1-10T13-49-3,1515588543057,0.8341463,-0.004878049,0.44660193,0.8341463
2018-1-10T13-49-3,1515588543058,0.84390247,-0.024390243,0.4563107,0.84390247
2018-1-10T13-49-3,1515588543059,0.84390247,0.034146342,0.4854369,0.84390247
2018-1-10T13-49-3,1515588543060,0.85365856,0.014634146,0.44660193,0.85365856
2018-1-10T13-49-3,1515588543061,0.85365856,-0.034146342,0.4563107,0.85365856
2018-1-10T13-49-3,1515588543062,0.84390247,-0.024390243,0.4368932,0.84390247
2018-1-10T13-49-3,1515588543063,0.82439023,-0.024390243,0.49514562,0.82439023
2018-1-10T13-49-3,1515588543064,0.8341463,-0.024390243,0.41747573,0.8341463
2018-1-10T13-49-3,1515588543065,0.7853659,-0.024390243,0.42718446,0.7853659
2018-1-10T13-49-3,1515588543066,0.81463414,-0.034146342,0.4368932,0.81463414
2018-1-10T13-49-3,1515588543067,0.85365856,-0.034146342,0.4563107,0.85365856
2018-1-10T13-49-3,1515588543068,0.84390247,-0.034146342,0.4563107,0.84390247
2018-1-10T13-49-3,1515588543069,0.86341465,-0.024390243,0.46601942,0.86341465
2018-1-10T13-49-3,1515588543070,0.86341465,0.024390243,0.46601942,0.86341465
2018-1-10T13-49-3,1515588543071,0.85365856,-0.06341463,0.44660193,0.85365856
2018-1-10T13-49-3,1515588543072,0.84390247,-0.024390243,0.4368932,0.84390247
2018-1-10T13-49-3,1515588543073,0.84390247,-0.034146342,0.46601942,0.84390247
2018-1-10T13-49-3,1515588543074,0.84390247,-0.024390243,0.46601942,0.84390247
2018-1-10T13-49-3,1515588543075,0.84390247,-0.043902438,0.42718446,0.84390247
2018-1-10T13-49-3,1515588543076,0.85365856,-0.024390243,0.4368932,0.85365856
2018-1-10T13-49-3,1515588543077,0.85365856,-0.014634146,0.44660193,0.85365856
2018-1-10T13-49-3,1515588543078,0.84390247,-0.053658538,0.4563107,0.84390247
2018-1-10T13-49-3,1515588543079,0.84390247,-0.014634146,0.4563107,0.84390247
2018-1-10T13-49-3,1515588543080,0.84390247,-0.024390243,0.4563107,0.84390247
2018-1-10T13-49-3,1515588543081,0.8341463,-0.024390243,0.4563107,0.8341463
2018-1-10T13-49-3,1515588543082,0.81463414,-0.024390243,0.46601942,0.81463414
2018-1-10T13-49-3,1515588543083,0.8341463,-0.043902438,0.4563107,0.8341463
2018-1-10T13-49-3,1515588543084,0.82439023,-0.034146342,0.42718446,0.82439023
2018-1-10T13-49-3,1515588543085,0.85365856,-0.014634146,0.44660193,0.85365856
2018-1-10T13-49-3,1515588543086,0.84390247,0.004878049,0.4368932,0.84390247
2018-1-10T13-49-3,1515588543087,0.85365856,0.024390243,0.42718446,0.85365856
2018-1-10T13-49-3,1515588543088,0.8341463,0.014634146,0.42718446,0.8341463
2018-1-10T13-49-3,1515588543089,0.82439023,-0.024390243,0.44660193,0.82439023
2018-1-10T13-49-3,1515588543090,0.85365856,-0.024390243,0.44660193,0.85365856
2018-1-10T13-49-3,1515588543091,0.8341463,-0.043902438,0.4368932,0.8341463
2018-1-10T13-49-3,1515588543092,0.84390247,-0.034146342,0.46601942,0.84390247
2018-1-10T13-49-3,1515588543093,0.85365856,-0.053658538,0.44660193,0.85365856
2018-1-10T13-49-3,1515588543094,0.84390247,-0.06341463,0.4368932,0.84390247
2018-1-10T13-49-3,1515588543095,0.82439023,-0.043902438,0.4368932,0.82439023
2018-1-10T13-49-3,1515588543096,0.82439023,-0.034146342,0.47572815,0.82439023
2018-1-10T13-49-3,1515588543097,0.84390247,-0.043902438,0.47572815,0.84390247
2018-1-10T13-49-3,1515588543098,0.86341465,-0.034146342,0.47572815,0.86341465
2018-1-10T13-49-3,1515588543099,0.8829268,-0.014634146,0.44660193,0.8829268
2018-1-10T13-49-3,1515588543100,0.902439,-0.014634146,0.42718446,0.902439
2018-1-10T13-49-3,1515588543101,0.87317073,-0.004878049,0.4368932,0.87317073
2018-1-10T13-49-3,1515588543102,0.86341465,0.004878049,0.44660193,0.86341465
2018-1-10T13-49-3,1515588543103,0.902439,-0.004878049,0.4563107,0.902439
2018-1-10T13-49-3,1515588543104,0.82439023,-0.024390243,0.42718446,0.82439023
2018-1-10T13-49-3,1515588543105,0.81463414,-0.024390243,0.41747573,0.81463414
2018-1-10T13-49-3,1515588543106,0.8341463,-0.08292683,0.4563107,0.8341463
2018-1-10T13-49-3,1515588543107,0.8341463,-0.043902438,0.46601942,0.8341463
2018-1-10T13-49-3,1515588543108,0.8341463,-0.043902438,0.46601942,0.8341463
2018-1-10T13-49-3,1515588543109,0.85365856,-0.004878049,0.4563107,0.85365856
2018-1-10T13-49-3,1515588543110,0.85365856,-0.053658538,0.44660193,0.85365856
2018-1-10T13-49-3,1515588543111,0.8341463,-0.024390243,0.4368932,0.8341463
2018-1-10T13-49-3,1515588543112,0.82439023,-0.034146342,0.4368932,0.82439023
2018-1-10T13-49-3,1515588543113,0.8341463,-0.024390243,0.46601942,0.8341463
2018-1-10T13-49-3,1515588543114,0.85365856,-0.034146342,0.4368932,0.85365856
2018-1-10T13-49-3,1515588543115,0.8341463,0.014634146,0.4368932,0.8341463
2018-1-10T13-49-3,1515588543116,0.85365856,-0.004878049,0.44660193,0.85365856
2018-1-10T13-49-3,1515588543117,0.84390247,-0.004878049,0.44660193,0.84390247
2018-1-10T13-49-3,1515588543118,0.8341463,0.034146342,0.4368932,0.8341463
2018-1-10T13-49-3,1515588543119,0.84390247,-0.004878049,0.41747573,0.84390247
2018-1-10T13-49-3,1515588543120,0.82439023,-0.014634146,0.42718446,0.82439023
2018-1-10T13-49-3,1515588543121,0.82439023,-0.024390243,0.46601942,0.82439023
2018-1-10T13-49-3,1515588543122,0.86341465,-0.034146342,0.5145631,0.86341465
2018-1-10T13-49-3,1515588543123,0.84390247,-0.043902438,0.46601942,0.84390247
2018-1-10T13-49-3,1515588543124,0.84390247,-0.043902438,0.4563107,0.84390247
2018-1-10T13-49-3,1515588543125,0.8829268,-0.034146342,0.46601942,0.8829268
2018-1-10T13-49-3,1515588543126,0.8926829,-0.034146342,0.46601942,0.8926829
2018-1-10T13-49-3,1515588543127,0.8829268,0.004878049,0.4368932,0.8829268
2018-1-10T13-49-3,1515588543128,0.85365856,0.014634146,0.4368932,0.85365856
2018-1-10T13-49-3,1515588543129,0.85365856,0.053658538,0.44660193,0.85365856
2018-1-10T13-49-3,1515588543130,0.9902439,-0.004878049,0.44660193,0.9902439
2018-1-10T13-49-3,1515588543131,0.902439,0.014634146,0.42718446,0.902439
2018-1-10T13-49-3,1515588543132,0.85365856,-0.004878049,0.44660193,0.85365856
2018-1-10T13-49-3,1515588543133,0.84390247,-0.014634146,0.46601942,0.84390247
2018-1-10T13-49-3,1515588543134,0.8341463,-0.034146342,0.46601942,0.8341463
2018-1-10T13-49-3,1515588543135,0.84390247,0.014634146,0.44660193,0.84390247
2018-1-10T13-49-3,1515588543136,0.82439023,-0.034146342,0.4563107,0.82439023
2018-1-10T13-49-3,1515588543137,0.81463414,-0.034146342,0.42718446,0.81463414
2018-1-10T13-49-3,1515588543138,0.82439023,-0.024390243,0.47572815,0.82439023
2018-1-10T13-49-3,1515588543139,0.82439023,-0.043902438,0.4368932,0.82439023
2018-1-10T13-49-3,1515588543140,0.80487806,-0.043902438,0.4368932,0.80487806
2018-1-10T13-49-3,1515588543141,0.8341463,0.024390243,0.4368932,0.8341463
2018-1-10T13-49-3,1515588543142,0.85365856,-0.043902438,0.42718446,0.85365856
2018-1-10T13-49-3,1515588543143,0.85365856,-0.024390243,0.4368932,0.85365856
2018-1-10T13-49-3,1515588543144,0.84390247,0.004878049,0.4368932,0.84390247
2018-1-10T13-49-3,1515588543145,0.85365856,-0.014634146,0.44660193,0.85365856
2018-1-10T13-49-3,1515588543146,0.85365856,-0.024390243,0.44660193,0.85365856
2018-1-10T13-49-3,1515588543147,0.8341463,-0.024390243,0.44660193,0.8341463
2018-1-10T13-49-3,1515588543148,0.85365856,-0.043902438,0.47572815,0.85365856
2018-1-10T13-49-3,1515588543149,0.87317073,-0.07317073,0.4563107,0.87317073
2018-1-10T13-49-3,1515588543150,0.84390247,-0.043902438,0.42718446,0.84390247
2018-1-10T13-49-3,1515588543151,0.85365856,-0.024390243,0.4563107,0.85365856
2018-1-10T13-49-3,1515588543152,0.80487806,-0.024390243,0.44660193,0.80487806
2018-1-10T13-49-3,1515588543153,0.84390247,-0.024390243,0.4368932,0.84390247
2018-1-10T13-49-3,1515588543154,0.8341463,0.004878049,0.4368932,0.8341463
2018-1-10T13-49-3,1515588543155,0.8341463,-0.004878049,0.44660193,0.8341463
2018-1-10T13-49-3,1515588543156,0.84390247,-0.024390243,0.46601942,0.84390247
2018-1-10T13-49-3,1515588543157,0.85365856,-0.024390243,0.4854369,0.85365856
2018-1-10T13-49-3,1515588543158,0.8829268,-0.024390243,0.46601942,0.8829268
2018-1-10T13-49-3,1515588543159,0.87317073,-0.034146342,0.4563107,0.87317073
2018-1-10T13-49-3,1515588543160,0.85365856,-0.043902438,0.46601942,0.85365856
2018-1-10T13-49-3,1515588543161,0.92195123,-0.014634146,0.4368932,0.92195123
2018-1-10T13-49-3,1515588543162,0.85365856,-0.034146342,0.4563107,0.85365856
2018-1-10T13-49-3,1515588543163,0.82439023,-0.034146342,0.44660193,0.82439023
2018-1-10T13-49-3,1515588543164,0.81463414,-0.024390243,0.42718446,0.81463414
2018-1-10T13-49-3,1515588543165,0.82439023,-0.014634146,0.42718446,0.82439023
2018-1-10T13-49-3,1515588543166,0.84390247,-0.014634146,0.44660193,0.84390247
2018-1-10T13-49-3,1515588543167,0.8341463,-0.004878049,0.39805827,0.8341463
2018-1-10T13-49-3,1515588543168,0.86341465,-0.014634146,0.4368932,0.86341465
2018-1-10T13-49-3,1515588543169,0.84390247,-0.024390243,0.4368932,0.84390247
2018-1-10T13-49-3,1515588543170,0.84390247,-0.014634146,0.407767,0.84390247
2018-1-10T13-49-3,1515588543171,0.8341463,-0.004878049,0.44660193,0.8341463
2018-1-10T13-49-3,1515588543172,0.8341463,-0.034146342,0.4368932,0.8341463
2018-1-10T13-49-3,1515588543173,0.82439023,-0.034146342,0.42718446,0.82439023
2018-1-10T13-49-3,1515588543174,0.8341463,-0.024390243,0.4368932,0.8341463
2018-1-10T13-49-3,1515588543175,0.8341463,-0.024390243,0.4563107,0.8341463
2018-1-10T13-49-3,1515588543176,0.79512197,-0.034146342,0.4563107,0.79512197
2018-1-10T13-49-3,1515588543177,0.8341463,-0.053658538,0.44660193,0.8341463
2018-1-10T13-49-3,1515588543178,0.8341463,-0.06341463,0.44660193,0.8341463
2018-1-10T13-49-3,1515588543179,0.86341465,-0.053658538,0.4563107,0.86341465
2018-1-10T13-49-3,1515588543180,0.79512197,-0.043902438,0.4563107,0.79512197
2018-1-10T13-49-3,1515588543181,0.86341465,-0.034146342,0.4563107,0.86341465
2018-1-10T13-49-3,1515588543182,0.8829268,-0.004878049,0.4563107,0.8829268
2018-1-10T13-49-3,1515588543183,0.86341465,-0.004878049,0.44660193,0.86341465
2018-1-10T13-49-3,1515588543184,0.86341465,0.004878049,0.44660193,0.86341465
2018-1-10T13-49-3,1515588543185,0.8341463,-0.014634146,0.42718446,0.8341463
2018-1-10T13-49-3,1515588543186,0.8341463,-0.004878049,0.4563107,0.8341463
2018-1-10T13-49-3,1515588543187,0.85365856,-0.014634146,0.47572815,0.85365856
2018-1-10T13-49-3,1515588543188,0.84390247,-0.024390243,0.41747573,0.84390247
2018-1-10T13-49-3,1515588543189,0.84390247,-0.043902438,0.44660193,0.84390247
2018-1-10T13-49-3,1515588543190,0.85365856,-0.034146342,0.4563107,0.85365856
2018-1-10T13-49-3,1515588543191,0.85365856,-0.024390243,0.46601942,0.85365856
2018-1-10T13-49-3,1515588543192,0.84390247,-0.12195122,0.44660193,0.84390247
2018-1-10T13-49-3,1515588543193,0.84390247,-0.043902438,0.41747573,0.84390247
2018-1-10T13-49-3,1515588543194,0.84390247,-0.034146342,0.4563107,0.84390247
2018-1-10T13-49-3,1515588543195,0.8341463,-0.034146342,0.4563107,0.8341463
2018-1-10T13-49-3,1515588543196,0.82439023,-0.024390243,0.4368932,0.82439023
2018-1-10T13-49-3,1515588543197,0.85365856,-0.004878049,0.39805827,0.85365856
2018-1-10T13-49-3,1515588543198,0.8341463,-0.004878049,0.41747573,0.8341463
2018-1-10T13-49-3,1515588543199,0.8341463,-0.024390243,0.42718446,0.8341463
2018-1-10T13-49-3,1515588543200,0.8341463,-0.004878049,0.5048544,0.8341463
2018-1-10T13-49-3,1515588543201,0.8341463,-0.014634146,0.42718446,0.8341463
2018-1-10T13-49-3,1515588543202,0.82439023,0.034146342,0.4368932,0.82439023
2018-1-10T13-49-3,1515588543203,0.8341463,-0.034146342,0.4563107,0.8341463
2018-1-10T13-49-3,1515588543204,0.85365856,-0.024390243,0.47572815,0.85365856
2018-1-10T13-49-3,1515588543205,0.87317073,-0.034146342,0.4563107,0.87317073
2018-1-10T13-49-3,1515588543206,0.84390247,-0.014634146,0.4368932,0.84390247
2018-1-10T13-49-3,1515588543207,0.86341465,-0.014634146,0.42718446,0.86341465
2018-1-10T13-49-3,1515588543208,0.85365856,-0.034146342,0.4368932,0.85365856
2018-1-10T13-49-3,1515588543209,0.84390247,-0.034146342,0.4563107,0.84390247
2018-1-10T13-49-3,1515588543210,0.82439023,-0.024390243,0.4563107,0.82439023
2018-1-10T13-49-3,1515588543211,0.84390247,-0.043902438,0.44660193,0.84390247
2018-1-10T13-49-3,1515588543212,0.8341463,-0.034146342,0.4563107,0.8341463
2018-1-10T13-49-3,1515588543213,0.84390247,-0.014634146,0.4563107,0.84390247
2018-1-10T13-49-3,1515588543214,0.86341465,0.004878049,0.44660193,0.86341465
2018-1-10T13-49-3,1515588543215,0.85365856,0.004878049,0.44660193,0.85365856
2018-1-10T13-49-3,1515588543216,0.85365856,-0.004878049,0.44660193,0.85365856
2018-1-10T13-49-3,1515588543217,0.84390247,-0.014634146,0.44660193,0.84390247
2018-1-10T13-49-3,1515588543218,0.81463414,-0.09268293,0.46601942,0.81463414
2018-1-10T13-49-3,1515588543219,0.82439023,-0.024390243,0.41747573,0.82439023
2018-1-10T13-49-3,1515588543220,0.80487806,-0.024390243,0.407767,0.80487806
2018-1-10T13-49-3,1515588543221,0.81463414,-0.024390243,0.41747573,0.81463414
2018-1-10T13-49-3,1515588543222,0.80487806,-0.024390243,0.4563107,0.80487806
2018-1-10T13-49-3,1515588543223,0.84390247,-0.024390243,0.47572815,0.84390247
2018-1-10T13-49-3,1515588543224,0.86341465,-0.004878049,0.44660193,0.86341465
2018-1-10T13-49-3,1515588543225,0.87317073,-0.004878049,0.44660193,0.87317073
2018-1-10T13-49-3,1515588543226,0.87317073,-0.004878049,0.44660193,0.87317073
2018-1-10T13-49-3,1515588543227,0.8829268,-0.004878049,0.46601942,0.8829268
2018-1-10T13-49-3,1515588543228,0.85365856,-0.004878049,0.47572815,0.85365856
2018-1-10T13-49-3,1515588543229,0.84390247,-0.024390243,0.47572815,0.84390247
2018-1-10T13-49-3,1515588543230,0.86341465,-0.014634146,0.4563107,0.86341465
2018-1-10T13-49-3,1515588543231,0.84390247,-0.024390243,0.44660193,0.84390247
2018-1-10T13-49-3,1515588543232,0.86341465,-0.014634146,0.4854369,0.86341465
2018-1-10T13-49-3,1515588543233,0.81463414,-0.024390243,0.47572815,0.81463414
2018-1-10T13-49-3,1515588543234,0.84390247,-0.043902438,0.407767,0.84390247
2018-1-10T13-49-3,1515588543235,0.81463414,-0.053658538,0.4563107,0.81463414
2018-1-10T13-49-3,1515588543236,0.84390247,-0.043902438,0.42718446,0.84390247
2018-1-10T13-49-3,1515588543237,0.81463414,-0.043902438,0.4368932,0.81463414
2018-1-10T13-49-3,1515588543238,0.80487806,-0.06341463,0.41747573,0.80487806
2018-1-10T13-49-3,1515588543239,0.79512197,-0.043902438,0.41747573,0.79512197
2018-1-10T13-49-3,1515588543240,0.80487806,-0.12195122,0.4563107,0.80487806
2018-1-10T13-49-3,1515588543241,0.84390247,-0.053658538,0.4368932,0.84390247
2018-1-10T13-49-3,1515588543242,0.84390247,-0.034146342,0.4368932,0.84390247
2018-1-10T13-49-3,1515588543243,0.87317073,-0.024390243,0.42718446,0.87317073
2018-1-10T13-49-3,1515588543244,0.85365856,-0.024390243,0.41747573,0.85365856
2018-1-10T13-49-3,1515588543245,0.86341465,-0.024390243,0.44660193,0.86341465
2018-1-10T13-49-3,1515588543246,0.84390247,-0.004878049,0.44660193,0.84390247
2018-1-10T13-49-3,1515588543247,0.8341463,-0.004878049,0.4563107,0.8341463
2018-1-10T13-49-3,1515588543248,0.8926829,-0.024390243,0.46601942,0.8926829
2018-1-10T13-49-3,1515588543249,0.8829268,-0.004878049,0.47572815,0.8829268
2018-1-10T13-49-3,1515588543250,0.8829268,-0.004878049,0.44660193,0.8829268
2018-1-10T13-49-3,1515588543251,0.87317073,-0.004878049,0.42718446,0.87317073
2018-1-10T13-49-3,1515588543252,0.84390247,-0.004878049,0.44660193,0.84390247
2018-1-10T13-49-3,1515588543253,0.8341463,-0.034146342,0.4368932,0.8341463
2018-1-10T13-49-3,1515588543254,0.80487806,0.004878049,0.4368932,0.80487806
2018-1-10T13-49-3,1515588543255,0.80487806,0.004878049,0.4368932,0.80487806
2018-1-10T13-49-3,1515588543256,0.79512197,-0.004878049,0.4368932,0.79512197
2018-1-10T13-49-3,1515588543257,0.84390247,0.004878049,0.4368932,0.84390247
2018-1-10T13-49-3,1515588543258,0.87317073,-0.024390243,0.42718446,0.87317073
2018-1-10T13-49-3,1515588543259,0.902439,-0.004878049,0.44660193,0.902439
2018-1-10T13-49-3,1515588543260,0.86341465,0.014634146,0.4368932,0.86341465
2018-1-10T13-49-3,1515588543261,0.8341463,0.004878049,0.42718446,0.8341463
2018-1-10T13-49-3,1515588543262,0.8341463,0.024390243,0.44660193,0.8341463
2018-1-10T13-49-3,1515588543263,0.86341465,0.024390243,0.46601942,0.86341465
2018-1-10T13-49-3,1515588543264,0.84390247,-0.053658538,0.4563107,0.84390247
2018-1-10T13-49-3,1515588543265,0.86341465,-0.07317073,0.41747573,0.86341465
2018-1-10T13-49-3,1515588543266,0.87317073,-0.06341463,0.44660193,0.87317073
2018-1-10T13-49-3,1515588543267,0.87317073,-0.06341463,0.49514562,0.87317073
2018-1-10T13-49-3,1515588543268,0.87317073,-0.06341463,0.46601942,0.87317073
2018-1-10T13-49-3,1515588543269,0.85365856,-0.06341463,0.44660193,0.85365856
2018-1-10T13-49-3,1515588543270,0.84390247,-0.004878049,0.46601942,0.84390247
2018-1-10T13-49-3,1515588543271,0.84390247,-0.014634146,0.46601942,0.84390247
2018-1-10T13-49-3,1515588543272,0.8341463,-0.06341463,0.46601942,0.8341463
2018-1-10T13-49-3,1515588543273,0.82439023,-0.043902438,0.41747573,0.82439023
2018-1-10T13-49-3,1515588543274,0.82439023,-0.043902438,0.44660193,0.82439023
2018-1-10T13-49-3,1515588543275,0.8341463,-0.043902438,0.46601942,0.8341463
2018-1-10T13-49-3,1515588543276,0.81463414,0.024390243,0.47572815,0.81463414
2018-1-10T13-49-3,1515588543277,0.84390247,-0.043902438,0.407767,0.84390247
2018-1-10T13-49-3,1515588543278,0.84390247,-0.004878049,0.41747573,0.84390247
2018-1-10T13-49-3,1515588543279,0.82439023,-0.004878049,0.42718446,0.82439023
2018-1-10T13-49-3,1515588543280,0.84390247,-0.004878049,0.44660193,0.84390247
2018-1-10T13-49-3,1515588543281,0.84390247,0.004878049,0.41747573,0.84390247
2018-1-10T13-49-3,1515588543282,0.87317073,0.053658538,0.42718446,0.87317073
2018-1-10T13-49-3,1515588543283,0.86341465,0.09268293,0.44660193,0.86341465
2018-1-10T13-49-3,1515588543284,0.86341465,0.053658538,0.42718446,0.86341465
2018-1-10T13-49-3,1515588543285,0.86341465,0.024390243,0.44660193,0.86341465
2018-1-10T13-49-3,1515588543286,0.81463414,0.043902438,0.4563107,0.81463414
2018-1-10T13-49-3,1515588543287,0.82439023,-0.004878049,0.44660193,0.82439023
2018-1-10T13-49-3,1515588543288,0.8341463,-0.024390243,0.44660193,0.8341463
2018-1-10T13-49-3,1515588543289,0.8341463,-0.043902438,0.46601942,0.8341463
2018-1-10T13-49-3,1515588543290,0.82439023,-0.06341463,0.4563107,0.82439023
2018-1-10T13-49-3,1515588543291,0.84390247,-0.053658538,0.4563107,0.84390247
2018-1-10T13-49-3,1515588543292,0.86341465,-0.034146342,0.4563107,0.86341465
2018-1-10T13-49-3,1515588543293,0.86341465,-0.043902438,0.46601942,0.86341465
2018-1-10T13-49-3,1515588543294,0.86341465,-0.043902438,0.46601942,0.86341465
2018-1-10T13-49-3,1515588543295,0.86341465,-0.053658538,0.4563107,0.86341465
2018-1-10T13-49-3,1515588543296,0.85365856,-0.004878049,0.4563107,0.85365856
2018-1-10T13-49-3,1515588543297,0.84390247,-0.034146342,0.44660193,0.84390247
2018-1-10T13-49-3,1515588543298,0.82439023,-0.043902438,0.4368932,0.82439023
2018-1-10T13-49-3,1515588543299,0.82439023,-0.053658538,0.44660193,0.82439023
2018-1-10T13-49-3,1515588543300,0.8341463,-0.07317073,0.4563107,0.8341463
2018-1-10T13-49-3,1515588543301,0.8341463,-0.06341463,0.42718446,0.8341463
2018-1-10T13-49-3,1515588543302,0.84390247,-0.043902438,0.4368932,0.84390247
2018-1-10T13-49-3,1515588543303,0.8341463,-0.053658538,0.46601942,0.8341463
2018-1-10T13-49-3,1515588543304,0.82439023,0.004878049,0.4563107,0.82439023
2018-1-10T13-49-3,1515588543305,0.82439023,0.004878049,0.42718446,0.82439023
2018-1-10T13-49-3,1515588543306,0.85365856,0.034146342,0.4368932,0.85365856
2018-1-10T13-49-3,1515588543307,0.85365856,0.004878049,0.46601942,0.85365856
2018-1-10T13-49-3,1515588543308,0.84390247,0.004878049,0.4368932,0.84390247
2018-1-10T13-49-3,1515588543309,0.85365856,-0.004878049,0.44660193,0.85365856
2018-1-10T13-49-3,1515588543310,0.86341465,-0.053658538,0.44660193,0.86341465
2018-1-10T13-49-3,1515588543311,0.84390247,-0.024390243,0.4563107,0.84390247
2018-1-10T13-49-3,1515588543312,0.84390247,-0.034146342,0.41747573,0.84390247
2018-1-10T13-49-3,1515588543313,0.80487806,-0.034146342,0.4563107,0.80487806
2018-1-10T13-49-3,1515588543314,0.81463414,-0.043902438,0.4854369,0.81463414
2018-1-10T13-49-3,1515588543315,0.82439023,-0.06341463,0.42718446,0.82439023
2018-1-10T13-49-3,1515588543316,0.85365856,-0.034146342,0.407767,0.85365856
2018-1-10T13-49-3,1515588543317,0.86341465,-0.024390243,0.42718446,0.86341465
2018-1-10T13-49-3,1515588543318,0.86341465,-0.014634146,0.47572815,0.86341465
2018-1-10T13-49-3,1515588543319,0.87317073,-0.09268293,0.5533981,0.87317073
2018-1-10T13-49-3,1515588543320,0.86341465,-0.024390243,0.47572815,0.86341465
2018-1-10T13-49-3,1515588543321,0.87317073,0.004878049,0.4368932,0.87317073
2018-1-10T13-49-3,1515588543322,0.86341465,0.024390243,0.36893204,0.86341465
2018-1-10T13-49-3,1515588543323,0.85365856,0.004878049,0.44660193,0.85365856
2018-1-10T13-49-3,1515588543324,0.87317073,0.004878049,0.4368932,0.87317073
2018-1-10T13-49-3,1515588543325,0.84390247,-0.014634146,0.3883495,0.84390247
2018-1-10T13-49-3,1515588543326,0.8341463,0.014634146,0.41747573,0.8341463
2018-1-10T13-49-3,1515588543327,0.40487805,-0.024390243,0.44660193,0.40487805
2018-1-10T13-49-3,1515588543328,0.79512197,-0.024390243,0.4368932,0.79512197
2018-1-10T13-49-3,1515588543329,0.81463414,-0.034146342,0.407767,0.81463414
2018-1-10T13-49-3,1515588543330,0.79512197,-0.043902438,0.42718446,0.79512197
2018-1-10T13-49-3,1515588543331,0.82439023,-0.053658538,0.4563107,0.82439023
2018-1-10T13-49-3,1515588543332,0.84390247,-0.06341463,0.47572815,0.84390247
2018-1-10T13-49-3,1515588543333,0.86341465,-0.06341463,0.46601942,0.86341465
2018-1-10T13-49-3,1515588543334,0.86341465,-0.014634146,0.44660193,0.86341465
2018-1-10T13-49-3,1515588543335,0.86341465,-0.034146342,0.47572815,0.86341465
2018-1-10T13-49-3,1515588543336,0.8829268,-0.014634146,0.46601942,0.8829268
2018-1-10T13-49-3,1515588543337,0.86341465,-0.004878049,0.4368932,0.86341465
2018-1-10T13-49-3,1515588543338,0.80487806,0.004878049,0.41747573,0.80487806
2018-1-10T13-49-3,1515588543339,0.86341465,0.004878049,0.44660193,0.86341465
2018-1-10T13-49-3,1515588543340,0.82439023,-0.014634146,0.46601942,0.82439023
2018-1-10T13-49-3,1515588543341,0.82439023,-0.034146342,0.44660193,0.82439023
2018-1-10T13-49-3,1515588543342,0.8341463,-0.06341463,0.41747573,0.8341463
2018-1-10T13-49-3,1515588543343,0.84390247,-0.06341463,0.4368932,0.84390247
2018-1-10T13-49-3,1515588543344,0.8829268,-0.08292683,0.4563107,0.8829268
2018-1-10T13-49-3,1515588543345,0.8341463,-0.053658538,0.4854369,0.8341463
2018-1-10T13-49-3,1515588543346,0.84390247,-0.053658538,0.4854369,0.84390247
2018-1-10T13-49-3,1515588543347,0.87317073,-0.053658538,0.4854369,0.87317073
2018-1-10T13-49-3,1515588543348,0.8829268,-0.034146342,0.4368932,0.8829268
2018-1-10T13-49-3,1515588543349,0.8829268,0.004878049,0.407767,0.8829268
2018-1-10T13-49-3,1515588543350,0.85365856,0.024390243,0.44660193,0.85365856
2018-1-10T13-49-3,1515588543351,0.84390247,0.004878049,0.4563107,0.84390247
2018-1-10T13-49-3,1515588543352,0.8341463,-0.034146342,0.42718446,0.8341463
2018-1-10T13-49-3,1515588543353,0.81463414,0.014634146,0.3592233,0.81463414
2018-1-10T13-49-3,1515588543354,0.80487806,0.004878049,0.41747573,0.80487806
2018-1-10T13-49-3,1515588543355,0.79512197,-0.014634146,0.47572815,0.79512197
2018-1-10T13-49-3,1515588543356,0.8341463,-0.034146342,0.4854369,0.8341463
2018-1-10T13-49-3,1515588543357,0.86341465,-0.043902438,0.4563107,0.86341465
2018-1-10T13-49-3,1515588543358,0.87317073,-0.004878049,0.41747573,0.87317073
2018-1-10T13-49-3,1515588543359,0.84390247,-0.024390243,0.42718446,0.84390247
2018-1-10T13-49-3,1515588543360,0.9317073,-0.053658538,0.46601942,0.9317073
2018-1-10T13-49-3,1515588543361,0.8341463,-0.034146342,0.47572815,0.8341463
2018-1-10T13-49-3,1515588543362,0.79512197,-0.024390243,0.4563107,0.79512197
2018-1-10T13-49-3,1515588543363,0.87317073,-0.004878049,0.4368932,0.87317073
2018-1-10T13-49-3,1515588543364,0.8829268,0.004878049,0.407767,0.8829268
2018-1-10T13-49-3,1515588543365,0.87317073,-0.004878049,0.49514562,0.87317073
2018-1-10T13-49-3,1515588543366,0.87317073,-0.014634146,0.4368932,0.87317073
2018-1-10T13-49-3,1515588543367,0.8341463,-0.024390243,0.44660193,0.8341463
2018-1-10T13-49-3,1515588543368,0.8341463,-0.06341463,0.4563107,0.8341463
2018-1-10T13-49-3,1515588543369,0.76585364,-0.08292683,0.4563107,0.76585364
2018-1-10T13-49-3,1515588543370,0.7853659,-0.034146342,0.44660193,0.7853659
2018-1-10T13-49-3,1515588543371,0.86341465,-0.06341463,0.46601942,0.86341465
2018-1-10T13-49-3,1515588543372,0.8341463,-0.06341463,0.47572815,0.8341463
2018-1-10T13-49-3,1515588543373,0.85365856,-0.024390243,0.44660193,0.85365856
2018-1-10T13-49-3,1515588543374,0.87317073,-0.004878049,0.41747573,0.87317073
2018-1-10T13-49-3,1515588543375,0.85365856,0.014634146,0.4368932,0.85365856
2018-1-10T13-49-3,1515588543376,0.84390247,0.053658538,0.4563107,0.84390247
2018-1-10T13-49-3,1515588543377,0.82439023,0.004878049,0.47572815,0.82439023
2018-1-10T13-49-3,1515588543378,0.80487806,-0.004878049,0.42718446,0.80487806
2018-1-10T13-49-3,1515588543379,0.8341463,0.014634146,0.42718446,0.8341463
2018-1-10T13-49-3,1515588543380,0.81463414,0.014634146,0.4563107,0.81463414
2018-1-10T13-49-3,1515588543381,0.8829268,0.004878049,0.4563107,0.8829268
2018-1-10T13-49-3,1515588543382,0.86341465,-0.004878049,0.44660193,0.86341465
2018-1-10T13-49-3,1515588543383,0.86341465,-0.004878049,0.5145631,0.86341465
2018-1-10T13-49-3,1515588543384,0.86341465,0.004878049,0.44660193,0.86341465
2018-1-10T13-49-3,1515588543385,0.84390247,-0.014634146,0.42718446,0.84390247
2018-1-10T13-49-3,1515588543386,0.85365856,-0.024390243,0.47572815,0.85365856
2018-1-10T13-49-3,1515588543387,0.86341465,-0.024390243,0.47572815,0.86341465
2018-1-10T13-49-3,1515588543388,0.85365856,-0.034146342,0.44660193,0.85365856
2018-1-10T13-49-3,1515588543389,0.87317073,-0.014634146,0.42718446,0.87317073
2018-1-10T13-49-3,1515588543390,0.84390247,-0.043902438,0.42718446,0.84390247
2018-1-10T13-49-3,1515588543391,0.80487806,-0.08292683,0.44660193,0.80487806
2018-1-10T13-49-3,1515588543392,0.8341463,-0.043902438,0.4563107,0.8341463
2018-1-10T13-49-3,1515588543393,0.86341465,-0.034146342,0.44660193,0.86341465
2018-1-10T13-49-3,1515588543394,0.84390247,-0.024390243,0.4368932,0.84390247
2018-1-10T13-49-3,1515588543395,0.8341463,-0.034146342,0.42718446,0.8341463
2018-1-10T13-49-3,1515588543396,0.8341463,-0.024390243,0.41747573,0.8341463
2018-1-10T13-49-3,1515588543397,0.82439023,-0.004878049,0.42718446,0.82439023
2018-1-10T13-49-3,1515588543398,0.81463414,-0.024390243,0.41747573,0.81463414
2018-1-10T13-49-3,1515588543399,0.81463414,-0.014634146,0.42718446,0.81463414
2018-1-10T13-49-3,1515588543400,0.81463414,-0.053658538,0.44660193,0.81463414
2018-1-10T13-49-3,1515588543401,0.8341463,-0.06341463,0.47572815,0.8341463
2018-1-10T13-49-3,1515588543402,0.87317073,-0.043902438,0.47572815,0.87317073
2018-1-10T13-49-3,1515588543403,0.8829268,-0.034146342,0.41747573,0.8829268
2018-1-10T13-49-3,1515588543404,0.902439,-0.004878049,0.46601942,0.902439
2018-1-10T13-49-3,1515588543405,0.92195123,0.004878049,0.46601942,0.92195123
2018-1-10T13-49-3,1515588543406,0.902439,0.024390243,0.46601942,0.902439
2018-1-10T13-49-3,1515588543407,0.87317073,-0.034146342,0.44660193,0.87317073
2018-1-10T13-49-3,1515588543408,0.82439023,-0.024390243,0.42718446,0.82439023
2018-1-10T13-49-3,1515588543409,0.7853659,-0.043902438,0.3883495,0.7853659
2018-1-10T13-49-3,1515588543410,0.75609756,-0.13170731,0.407767,0.75609756
2018-1-10T13-49-3,1515588543411,0.7853659,-0.043902438,0.4563107,0.7853659
2018-1-10T13-49-3,1515588543412,0.85365856,-0.053658538,0.4563107,0.85365856
2018-1-10T13-49-3,1515588543413,0.8341463,-0.004878049,0.44660193,0.8341463
2018-1-10T13-49-3,1515588543414,0.8926829,-0.014634146,0.4368932,0.8926829
2018-1-10T13-49-3,1515588543415,0.8926829,0.024390243,0.42718446,0.8926829
2018-1-10T13-49-3,1515588543416,0.87317073,0.053658538,0.44660193,0.87317073
2018-1-10T13-49-3,1515588543417,0.86341465,-0.004878049,0.4563107,0.86341465
2018-1-10T13-49-3,1515588543418,0.9317073,0.024390243,0.4854369,0.9317073
2018-1-10T13-49-3,1515588543419,0.86341465,0.004878049,0.4563107,0.86341465
2018-1-10T13-49-3,1515588543420,0.8341463,-0.004878049,0.42718446,0.8341463
2018-1-10T13-49-3,1515588543421,0.82439023,-0.034146342,0.4563107,0.82439023
2018-1-10T13-49-3,1515588543422,0.82439023,-0.07317073,0.4854369,0.82439023
2018-1-10T13-49-3,1515588543423,0.8341463,0.014634146,0.47572815,0.8341463
2018-1-10T13-49-3,1515588543424,0.902439,-0.06341463,0.41747573,0.902439
2018-1-10T13-49-3,1515588543425,0.84390247,-0.043902438,0.42718446,0.84390247
2018-1-10T13-49-3,1515588543426,0.8341463,-0.014634146,0.46601942,0.8341463
2018-1-10T13-49-3,1515588543427,0.84390247,-0.014634146,0.46601942,0.84390247
2018-1-10T13-49-3,1515588543428,0.85365856,-0.014634146,0.47572815,0.85365856
2018-1-10T13-49-3,1515588543429,0.8926829,-0.004878049,0.4368932,0.8926829
2018-1-10T13-49-3,1515588543430,0.8829268,-0.004878049,0.41747573,0.8829268
2018-1-10T13-49-3,1515588543431,0.84390247,-0.024390243,0.4563107,0.84390247
2018-1-10T13-49-3,1515588543432,0.8341463,-0.10243902,0.44660193,0.8341463
2018-1-10T13-49-3,1515588543433,0.81463414,-0.004878049,0.407767,0.81463414
2018-1-10T13-49-3,1515588543434,0.7853659,-0.043902438,0.3883495,0.7853659
2018-1-10T13-49-3,1515588543435,0.7853659,-0.034146342,0.42718446,0.7853659
2018-1-10T13-49-3,1515588543436,0.84390247,-0.053658538,0.47572815,0.84390247
2018-1-10T13-49-3,1515588543437,0.8341463,0.024390243,0.49514562,0.8341463
2018-1-10T13-49-3,1515588543438,0.85365856,-0.06341463,0.4854369,0.85365856
2018-1-10T13-49-3,1515588543439,0.87317073,-0.034146342,0.44660193,0.87317073
2018-1-10T13-49-3,1515588543440,0.8926829,-0.014634146,0.41747573,0.8926829
2018-1-10T13-49-3,1515588543441,0.85365856,-0.18048781,0.44660193,0.85365856
2018-1-10T13-49-3,1515588543442,0.84390247,-0.034146342,0.4563107,0.84390247
2018-1-10T13-49-3,1515588543443,0.8341463,0.004878049,0.4563107,0.8341463
2018-1-10T13-49-3,1515588543444,0.8341463,-0.024390243,0.4563107,0.8341463
2018-1-10T13-49-3,1515588543445,0.85365856,-0.024390243,0.44660193,0.85365856
2018-1-10T13-49-3,1515588543446,0.85365856,-0.004878049,0.44660193,0.85365856
2018-1-10T13-49-3,1515588543447,0.87317073,0.014634146,0.42718446,0.87317073
2018-1-10T13-49-3,1515588543448,0.85365856,0.014634146,0.41747573,0.85365856
2018-1-10T13-49-3,1515588543449,0.79512197,0.024390243,0.3883495,0.79512197
2018-1-10T13-49-3,1515588543450,0.79512197,0.004878049,0.47572815,0.79512197
2018-1-10T13-49-3,1515588543451,0.80487806,-0.024390243,0.4563107,0.80487806
2018-1-10T13-49-3,1515588543452,0.8341463,-0.034146342,0.46601942,0.8341463
2018-1-10T13-49-3,1515588543453,0.92195123,-0.053658538,0.46601942,0.92195123
2018-1-10T13-49-3,1515588543454,0.8829268,-0.024390243,0.4368932,0.8829268
2018-1-10T13-49-3,1515588543455,0.8829268,-0.024390243,0.4563107,0.8829268
2018-1-10T13-49-3,1515588543456,0.87317073,-0.004878049,0.47572815,0.87317073
2018-1-10T13-49-3,1515588543457,0.87317073,-0.014634146,0.4563107,0.87317073
2018-1-10T13-49-3,1515588543458,0.84390247,-0.004878049,0.4368932,0.84390247
2018-1-10T13-49-3,1515588543459,0.86341465,-0.004878049,0.36893204,0.86341465
2018-1-10T13-49-3,1515588543460,0.84390247,-0.014634146,0.42718446,0.84390247
2018-1-10T13-49-3,1515588543461,0.85365856,-0.034146342,0.4368932,0.85365856
2018-1-10T13-49-3,1515588543462,0.8341463,-0.034146342,0.44660193,0.8341463
2018-1-10T13-49-3,1515588543463,0.84390247,-0.053658538,0.46601942,0.84390247
2018-1-10T13-49-3,1515588543464,0.8341463,-0.07317073,0.47572815,0.8341463
2018-1-10T13-49-3,1515588543465,0.81463414,-0.07317073,0.4368932,0.81463414
2018-1-10T13-49-3,1515588543466,0.77560973,-0.07317073,0.407767,0.77560973
2018-1-10T13-49-3,1515588543467,0.81463414,-0.053658538,0.42718446,0.81463414
2018-1-10T13-49-3,1515588543468,0.81463414,-0.06341463,0.47572815,0.81463414
2018-1-10T13-49-3,1515588543469,0.8341463,-0.06341463,0.46601942,0.8341463
2018-1-10T13-49-3,1515588543470,0.85365856,-0.043902438,0.407767,0.85365856
2018-1-10T13-49-3,1515588543471,0.81463414,0.024390243,0.39805827,0.81463414
2018-1-10T13-49-3,1515588543472,0.85365856,0.014634146,0.42718446,0.85365856
2018-1-10T13-49-3,1515588543473,0.86341465,0.014634146,0.47572815,0.86341465
2018-1-10T13-49-3,1515588543474,0.86341465,-0.004878049,0.46601942,0.86341465
2018-1-10T13-49-3,1515588543475,0.8829268,-0.004878049,0.42718446,0.8829268
2018-1-10T13-49-3,1515588543476,0.86341465,0.014634146,0.4368932,0.86341465
2018-1-10T13-49-3,1515588543477,0.87317073,0.004878049,0.407767,0.87317073
2018-1-10T13-49-3,1515588543478,0.85365856,-0.014634146,0.49514562,0.85365856
2018-1-10T13-49-3,1515588543479,0.79512197,-0.034146342,0.47572815,0.79512197
2018-1-10T13-49-3,1515588543480,0.85365856,-0.024390243,0.4368932,0.85365856
2018-1-10T13-49-3,1515588543481,0.86341465,-0.024390243,0.4563107,0.86341465
2018-1-10T13-49-3,1515588543482,0.9317073,-0.09268293,0.46601942,0.9317073
2018-1-10T13-49-3,1515588543483,0.86341465,-0.034146342,0.4563107,0.86341465
2018-1-10T13-49-3,1515588543484,0.85365856,-0.043902438,0.4854369,0.85365856
2018-1-10T13-49-3,1515588543485,0.84390247,0.004878049,0.4368932,0.84390247
2018-1-10T13-49-3,1515588543486,0.84390247,0.024390243,0.39805827,0.84390247
2018-1-10T13-49-3,1515588543487,0.82439023,-0.08292683,0.42718446,0.82439023
2018-1-10T13-49-3,1515588543488,0.8926829,-0.034146342,0.44660193,0.8926829
2018-1-10T13-49-3,1515588543489,0.82439023,-0.024390243,0.4563107,0.82439023
2018-1-10T13-49-3,1515588543490,0.84390247,-0.024390243,0.42718446,0.84390247
2018-1-10T13-49-3,1515588543491,0.85365856,-0.024390243,0.41747573,0.85365856
2018-1-10T13-49-3,1515588543492,0.84390247,-0.034146342,0.4368932,0.84390247
2018-1-10T13-49-3,1515588543493,0.8341463,-0.043902438,0.46601942,0.8341463
2018-1-10T13-49-3,1515588543494,0.8341463,-0.053658538,0.44660193,0.8341463
2018-1-10T13-49-3,1515588543495,0.82439023,-0.06341463,0.4563107,0.82439023
2018-1-10T13-49-3,1515588543496,0.8341463,-0.08292683,0.4563107,0.8341463
2018-1-10T13-49-3,1515588543497,0.8341463,-0.07317073,0.4368932,0.8341463
2018-1-10T13-49-3,1515588543498,0.8341463,-0.053658538,0.41747573,0.8341463
2018-1-10T13-49-3,1515588543499,0.82439023,-0.034146342,0.42718446,0.82439023
2018-1-10T13-49-3,1515588543500,0.82439023,-0.034146342,0.4563107,0.82439023
2018-1-10T13-49-3,1515588543501,0.84390247,-0.034146342,0.46601942,0.84390247
2018-1-10T13-49-3,1515588543502,0.86341465,-0.004878049,0.46601942,0.86341465
2018-1-10T13-49-3,1515588543503,0.86341465,-0.014634146,0.4368932,0.86341465
2018-1-10T13-49-3,1515588543504,0.87317073,-0.004878049,0.4368932,0.87317073
2018-1-10T13-49-3,1515588543505,0.86341465,0.014634146,0.44660193,0.86341465
2018-1-10T13-49-3,1515588543506,0.84390247,-0.004878049,0.44660193,0.84390247
2018-1-10T13-49-3,1515588543507,0.85365856,0.004878049,0.44660193,0.85365856
2018-1-10T13-49-3,1515588543508,0.84390247,-0.004878049,0.4563107,0.84390247
2018-1-10T13-49-3,1515588543509,0.86341465,-0.004878049,0.46601942,0.86341465
2018-1-10T13-49-3,1515588543510,0.86341465,-0.004878049,0.4563107,0.86341465
2018-1-10T13-49-3,1515588543511,0.81463414,0.004878049,0.47572815,0.81463414
2018-1-10T13-49-3,1515588543512,0.8829268,0.014634146,0.4563107,0.8829268
2018-1-10T13-49-3,1515588543513,0.84390247,-0.004878049,0.4368932,0.84390247
2018-1-10T13-49-3,1515588543514,0.8341463,-0.004878049,0.44660193,0.8341463
2018-1-10T13-49-3,1515588543515,0.82439023,-0.024390243,0.4563107,0.82439023
2018-1-10T13-49-3,1515588543516,0.82439023,-0.034146342,0.4854369,0.82439023
2018-1-10T13-49-3,1515588543517,0.84390247,-0.043902438,0.4854369,0.84390247
2018-1-10T13-49-3,1515588543518,0.86341465,-0.043902438,0.4563107,0.86341465
2018-1-10T13-49-3,1515588543519,0.84390247,-0.053658538,0.42718446,0.84390247
2018-1-10T13-49-3,1515588543520,0.85365856,-0.024390243,0.42718446,0.85365856
2018-1-10T13-49-3,1515588543521,0.81463414,-0.07317073,0.49514562,0.81463414
2018-1-10T13-49-3,1515588543522,0.80487806,-0.053658538,0.4368932,0.80487806
2018-1-10T13-49-3,1515588543523,0.80487806,-0.06341463,0.49514562,0.80487806
2018-1-10T13-49-3,1515588543524,0.81463414,-0.053658538,0.44660193,0.81463414
2018-1-10T13-49-3,1515588543525,0.85365856,-0.053658538,0.46601942,0.85365856
2018-1-10T13-49-3,1515588543526,0.87317073,-0.043902438,0.4563107,0.87317073
2018-1-10T13-49-3,1515588543527,0.902439,-0.004878049,0.47572815,0.902439
2018-1-10T13-49-3,1515588543528,0.902439,-0.014634146,0.4563107,0.902439
2018-1-10T13-49-3,1515588543529,0.8829268,0.014634146,0.46601942,0.8829268
2018-1-10T13-49-3,1515588543530,0.86341465,-0.004878049,0.47572815,0.86341465
2018-1-10T13-49-3,1515588543531,0.8341463,-0.004878049,0.4563107,0.8341463
2018-1-10T13-49-3,1515588543532,0.80487806,-0.024390243,0.4368932,0.80487806
2018-1-10T13-49-3,1515588543533,0.79512197,-0.024390243,0.407767,0.79512197
2018-1-10T13-49-3,1515588543534,0.77560973,-0.034146342,0.39805827,0.77560973
2018-1-10T13-49-3,1515588543535,0.7268293,0.043902438,0.42718446,0.7268293
2018-1-10T13-49-3,1515588543536,0.8341463,-0.024390243,0.46601942,0.8341463
2018-1-10T13-49-3,1515588543537,0.87317073,-0.024390243,0.47572815,0.87317073
2018-1-10T13-49-3,1515588543538,0.86341465,-0.004878049,0.4563107,0.86341465
2018-1-10T13-49-3,1515588543539,0.8926829,0.024390243,0.46601942,0.8926829
2018-1-10T13-49-3,1515588543540,0.9512195,0.024390243,0.47572815,0.9512195
2018-1-10T13-49-3,1515588543541,0.91219515,0.034146342,0.47572815,0.91219515
2018-1-10T13-49-3,1515588543542,0.8926829,0.07317073,0.46601942,0.8926829
2018-1-10T13-49-3,1515588543543,0.8829268,0.004878049,0.4563107,0.8829268
2018-1-10T13-49-3,1515588543544,0.85365856,-0.014634146,0.4368932,0.85365856
2018-1-10T13-49-3,1515588543545,0.84390247,-0.08292683,0.42718446,0.84390247
2018-1-10T13-49-3,1515588543546,0.82439023,-0.024390243,0.41747573,0.82439023
2018-1-10T13-49-3,1515588543547,0.77560973,0.034146342,0.44660193,0.77560973
2018-1-10T13-49-3,1515588543548,0.80487806,-0.043902438,0.4563107,0.80487806
2018-1-10T13-49-3,1515588543549,0.86341465,-0.014634146,0.4368932,0.86341465
2018-1-10T13-49-3,1515588543550,0.85365856,-0.034146342,0.407767,0.85365856
2018-1-10T13-49-3,1515588543551,0.82439023,-0.014634146,0.4368932,0.82439023
2018-1-10T13-49-3,1515588543552,0.8341463,-0.024390243,0.4563107,0.8341463
2018-1-10T13-49-3,1515588543553,0.80487806,-0.014634146,0.49514562,0.80487806
2018-1-10T13-49-3,1515588543554,0.79512197,-0.043902438,0.46601942,0.79512197
2018-1-10T13-49-3,1515588543555,0.84390247,-0.034146342,0.41747573,0.84390247
2018-1-10T13-49-3,1515588543556,0.84390247,0.014634146,0.46601942,0.84390247
2018-1-10T13-49-3,1515588543557,0.82439023,-0.034146342,0.407767,0.82439023
2018-1-10T13-49-3,1515588543558,0.80487806,-0.053658538,0.44660193,0.80487806
2018-1-10T13-49-3,1515588543559,0.79512197,-0.07317073,0.42718446,0.79512197
2018-1-10T13-49-3,1515588543560,0.80487806,-0.07317073,0.44660193,0.80487806
2018-1-10T13-49-3,1515588543561,0.902439,-0.08292683,0.47572815,0.902439
2018-1-10T13-49-3,1515588543562,0.86341465,-0.06341463,0.47572815,0.86341465
2018-1-10T13-49-3,1515588543563,0.8926829,0.004878049,0.46601942,0.8926829
2018-1-10T13-49-3,1515588543564,0.91219515,-0.014634146,0.49514562,0.91219515
2018-1-10T13-49-3,1515588543565,0.91219515,-0.004878049,0.47572815,0.91219515
2018-1-10T13-49-3,1515588543566,0.902439,-0.004878049,0.44660193,0.902439
2018-1-10T13-49-3,1515588543567,0.85365856,-0.014634146,0.4368932,0.85365856
2018-1-10T13-49-3,1515588543568,0.82439023,-0.014634146,0.407767,0.82439023
2018-1-10T13-49-3,1515588543569,0.7853659,-0.024390243,0.407767,0.7853659
2018-1-10T13-49-3,1515588543570,0.80487806,-0.043902438,0.4563107,0.80487806
2018-1-10T13-49-3,1515588543571,0.8341463,-0.034146342,0.4563107,0.8341463
2018-1-10T13-49-3,1515588543572,0.86341465,-0.024390243,0.4368932,0.86341465
2018-1-10T13-49-3,1515588543573,0.8829268,-0.014634146,0.41747573,0.8829268
2018-1-10T13-49-3,1515588543574,0.8829268,-0.004878049,0.4563107,0.8829268
2018-1-10T13-49-3,1515588543575,0.86341465,0.004878049,0.47572815,0.86341465
2018-1-10T13-49-3,1515588543576,0.86341465,0.004878049,0.46601942,0.86341465
2018-1-10T13-49-3,1515588543577,0.8341463,0.024390243,0.44660193,0.8341463
2018-1-10T13-49-3,1515588543578,0.82439023,0.024390243,0.4563107,0.82439023
2018-1-10T13-49-3,1515588543579,0.84390247,0.014634146,0.46601942,0.84390247
2018-1-10T13-49-3,1515588543580,0.84390247,-0.004878049,0.4368932,0.84390247
2018-1-10T13-49-3,1515588543581,0.8341463,-0.004878049,0.407767,0.8341463
2018-1-10T13-49-3,1515588543582,0.80487806,-0.014634146,0.407767,0.80487806
2018-1-10T13-49-3,1515588543583,0.80487806,-0.043902438,0.42718446,0.80487806
2018-1-10T13-49-3,1515588543584,0.81463414,-0.043902438,0.4563107,0.81463414
2018-1-10T13-49-3,1515588543585,0.82439023,-0.043902438,0.46601942,0.82439023
2018-1-10T13-49-3,1515588543586,0.8341463,-0.024390243,0.407767,0.8341463
2018-1-10T13-49-3,1515588543587,0.87317073,-0.043902438,0.46601942,0.87317073
2018-1-10T13-49-3,1515588543588,0.8829268,-0.043902438,0.5145631,0.8829268
2018-1-10T13-49-3,1515588543589,0.91219515,-0.043902438,0.4854369,0.91219515
2018-1-10T13-49-3,1515588543590,0.86341465,-0.043902438,0.407767,0.86341465
2018-1-10T13-49-3,1515588543591,0.84390247,-0.034146342,0.3883495,0.84390247
2018-1-10T13-49-3,1515588543592,0.82439023,-0.024390243,0.3883495,0.82439023
2018-1-10T13-49-3,1515588543593,0.7853659,-0.2195122,0.4368932,0.7853659
2018-1-10T13-49-3,1515588543594,0.77560973,-0.09268293,0.41747573,0.77560973
2018-1-10T13-49-3,1515588543595,0.79512197,-0.08292683,0.47572815,0.79512197
2018-1-10T13-49-3,1515588543596,0.85365856,-0.08292683,0.46601942,0.85365856
2018-1-10T13-49-3,1515588543597,0.8926829,-0.043902438,0.41747573,0.8926829
2018-1-10T13-49-3,1515588543598,0.8926829,0.014634146,0.46601942,0.8926829
2018-1-10T13-49-3,1515588543599,0.8926829,0.004878049,0.4563107,0.8926829
2018-1-10T13-49-3,1515588543600,0.86341465,0.014634146,0.4563107,0.86341465
2018-1-10T13-49-3,1515588543601,0.84390247,0.014634146,0.4563107,0.84390247
2018-1-10T13-49-3,1515588543602,0.85365856,-0.014634146,0.46601942,0.85365856
2018-1-10T13-49-3,1515588543603,0.84390247,-0.004878049,0.44660193,0.84390247
2018-1-10T13-49-3,1515588543604,0.84390247,-0.004878049,0.42718446,0.84390247
2018-1-10T13-49-3,1515588543605,0.84390247,0.004878049,0.42718446,0.84390247
2018-1-10T13-49-3,1515588543606,0.8341463,-0.024390243,0.407767,0.8341463
2018-1-10T13-49-3,1515588543607,0.80487806,0.014634146,0.42718446,0.80487806
2018-1-10T13-49-3,1515588543608,0.82439023,0.014634146,0.4563107,0.82439023
2018-1-10T13-49-3,1515588543609,0.81463414,-0.024390243,0.47572815,0.81463414
2018-1-10T13-49-3,1515588543610,0.84390247,-0.034146342,0.46601942,0.84390247
2018-1-10T13-49-3,1515588543611,0.8341463,-0.024390243,0.4368932,0.8341463
2018-1-10T13-49-3,1515588543612,0.87317073,-0.014634146,0.4368932,0.87317073
2018-1-10T13-49-3,1515588543613,0.87317073,-0.004878049,0.4563107,0.87317073
2018-1-10T13-49-3,1515588543614,0.81463414,-0.014634146,0.4368932,0.81463414
2018-1-10T13-49-3,1515588543615,0.8341463,-0.024390243,0.41747573,0.8341463
2018-1-10T13-49-3,1515588543616,0.81463414,-0.014634146,0.4368932,0.81463414
2018-1-10T13-49-3,1515588543617,0.80487806,-0.034146342,0.4368932,0.80487806
2018-1-10T13-49-3,1515588543618,0.8341463,0.034146342,0.44660193,0.8341463
2018-1-10T13-49-3,1515588543619,0.84390247,-0.043902438,0.4563107,0.84390247
2018-1-10T13-49-3,1515588543620,0.8926829,0.004878049,0.4563107,0.8926829
2018-1-10T13-49-3,1515588543621,0.902439,-0.004878049,0.4563107,0.902439
2018-1-10T13-49-3,1515588543622,0.8926829,-0.004878049,0.4368932,0.8926829
2018-1-10T13-49-3,1515588543623,0.85365856,0.2682927,0.44660193,0.85365856
2018-1-10T13-49-3,1515588543624,0.87317073,-0.024390243,0.4563107,0.87317073
2018-1-10T13-49-3,1515588543625,0.80487806,-0.034146342,0.4563107,0.80487806
2018-1-10T13-49-3,1515588543626,0.79512197,-0.014634146,0.44660193,0.79512197
2018-1-10T13-49-3,1515588543627,0.82439023,-0.014634146,0.4563107,0.82439023
2018-1-10T13-49-3,1515588543628,0.84390247,-0.014634146,0.46601942,0.84390247
2018-1-10T13-49-3,1515588543629,0.8829268,-0.024390243,0.4854369,0.8829268
2018-1-10T13-49-3,1515588543630,0.8829268,-0.024390243,0.36893204,0.8829268
2018-1-10T13-49-3,1515588543631,0.86341465,-0.024390243,0.4563107,0.86341465
2018-1-10T13-49-3,1515588543632,0.80487806,-0.043902438,0.4563107,0.80487806
2018-1-10T13-49-3,1515588543633,0.81463414,-0.043902438,0.46601942,0.81463414
2018-1-10T13-49-3,1515588543634,0.82439023,-0.053658538,0.4563107,0.82439023
2018-1-10T13-49-3,1515588543635,0.8341463,0.004878049,0.4563107,0.8341463
2018-1-10T13-49-3,1515588543636,0.8341463,-0.034146342,0.44660193,0.8341463
2018-1-10T13-49-3,1515588543637,0.86341465,0.024390243,0.44660193,0.86341465
2018-1-10T13-49-3,1515588543638,0.86341465,-0.024390243,0.4563107,0.86341465
2018-1-10T13-49-3,1515588543639,0.85365856,-0.004878049,0.4563107,0.85365856
2018-1-10T13-49-3,1515588543640,0.84390247,0.004878049,0.4368932,0.84390247
2018-1-10T13-49-3,1515588543641,0.84390247,0.004878049,0.42718446,0.84390247
2018-1-10T13-49-3,1515588543642,0.82439023,-0.004878049,0.49514562,0.82439023
2018-1-10T13-49-3,1515588543643,0.84390247,-0.004878049,0.4563107,0.84390247
2018-1-10T13-49-3,1515588543644,0.85365856,-0.034146342,0.4563107,0.85365856
2018-1-10T13-49-3,1515588543645,0.85365856,-0.043902438,0.4368932,0.85365856
2018-1-10T13-49-3,1515588543646,0.84390247,-0.06341463,0.4563107,0.84390247
2018-1-10T13-49-3,1515588543647,0.8341463,0.014634146,0.46601942,0.8341463
2018-1-10T13-49-3,1515588543648,0.85365856,-0.024390243,0.44660193,0.85365856
2018-1-10T13-49-3,1515588543649,0.8341463,-0.024390243,0.4368932,0.8341463
2018-1-10T13-49-3,1515588543650,0.8341463,-0.024390243,0.41747573,0.8341463
2018-1-10T13-49-3,1515588543651,0.84390247,-0.043902438,0.44660193,0.84390247
2018-1-10T13-49-3,1515588543652,0.85365856,0.053658538,0.47572815,0.85365856
2018-1-10T13-49-3,1515588543653,0.8926829,-0.014634146,0.4563107,0.8926829
2018-1-10T13-49-3,1515588543654,0.86341465,-0.014634146,0.4368932,0.86341465
2018-1-10T13-49-3,1515588543655,0.84390247,0.004878049,0.46601942,0.84390247
2018-1-10T13-49-3,1515588543656,0.85365856,0.024390243,0.44660193,0.85365856
2018-1-10T13-49-3,1515588543657,0.84390247,-0.014634146,0.4368932,0.84390247
2018-1-10T13-49-3,1515588543658,0.85365856,0.004878049,0.41747573,0.85365856
2018-1-10T13-49-3,1515588543659,0.82439023,-0.024390243,0.42718446,0.82439023
2018-1-10T13-49-3,1515588543660,0.81463414,-0.07317073,0.4563107,0.81463414
2018-1-10T13-49-3,1515588543661,0.8341463,-0.053658538,0.4368932,0.8341463
2018-1-10T13-49-3,1515588543662,0.79512197,-0.034146342,0.42718446,0.79512197
2018-1-10T13-49-3,1515588543663,0.85365856,-0.024390243,0.4368932,0.85365856
2018-1-10T13-49-3,1515588543664,0.84390247,-0.034146342,0.46601942,0.84390247
2018-1-10T13-49-3,1515588543665,0.902439,-0.014634146,0.4854369,0.902439
2018-1-10T13-49-3,1515588543666,0.86341465,-0.034146342,0.46601942,0.86341465
2018-1-10T13-49-3,1515588543667,0.86341465,-0.024390243,0.4368932,0.86341465
2018-1-10T13-49-3,1515588543668,0.85365856,-0.043902438,0.4563107,0.85365856
2018-1-10T13-49-3,1515588543669,0.86341465,-0.06341463,0.49514562,0.86341465
2018-1-10T13-49-3,1515588543670,0.86341465,-0.043902438,0.49514562,0.86341465
2018-1-10T13-49-3,1515588543671,0.86341465,-0.034146342,0.4854369,0.86341465
2018-1-10T13-49-3,1515588543672,0.87317073,-0.024390243,0.4368932,0.87317073
2018-1-10T13-49-3,1515588543673,0.84390247,-0.014634146,0.41747573,0.84390247
2018-1-10T13-49-3,1515588543674,0.84390247,-0.024390243,0.42718446,0.84390247
2018-1-10T13-49-3,1515588543675,0.8341463,0.004878049,0.4563107,0.8341463
2018-1-10T13-49-3,1515588543676,0.8341463,-0.004878049,0.44660193,0.8341463
2018-1-10T13-49-3,1515588543677,0.82439023,-0.004878049,0.407767,0.82439023
2018-1-10T13-49-3,1515588543678,0.81463414,-0.014634146,0.41747573,0.81463414
2018-1-10T13-49-3,1515588543679,0.80487806,-0.024390243,0.42718446,0.80487806
2018-1-10T13-49-3,1515588543680,0.82439023,-0.024390243,0.46601942,0.82439023
2018-1-10T13-49-3,1515588543681,0.8341463,-0.024390243,0.44660193,0.8341463
2018-1-10T13-49-3,1515588543682,0.87317073,-0.014634146,0.44660193,0.87317073
2018-1-10T13-49-3,1515588543683,0.85365856,-0.014634146,0.46601942,0.85365856
2018-1-10T13-49-3,1515588543684,0.85365856,0.034146342,0.4854369,0.85365856
2018-1-10T13-49-3,1515588543685,0.8829268,-0.014634146,0.47572815,0.8829268
2018-1-10T13-49-3,1515588543686,0.87317073,-0.024390243,0.41747573,0.87317073
2018-1-10T13-49-3,1515588543687,0.86341465,-0.024390243,0.4563107,0.86341465
2018-1-10T13-49-3,1515588543688,0.85365856,-0.034146342,0.44660193,0.85365856
2018-1-10T13-49-3,1515588543689,0.8341463,-0.043902438,0.44660193,0.8341463
2018-1-10T13-49-3,1515588543690,0.80487806,-0.06341463,0.4368932,0.80487806
2018-1-10T13-49-3,1515588543691,0.81463414,-0.06341463,0.4563107,0.81463414
2018-1-10T13-49-3,1515588543692,0.81463414,-0.06341463,0.5048544,0.81463414
2018-1-10T13-49-3,1515588543693,0.86341465,-0.043902438,0.4368932,0.86341465
2018-1-10T13-49-3,1515588543694,0.85365856,-0.004878049,0.42718446,0.85365856
2018-1-10T13-49-3,1515588543695,0.87317073,-0.07317073,0.42718446,0.87317073
2018-1-10T13-49-3,1515588543696,0.8829268,0.014634146,0.47572815,0.8829268
2018-1-10T13-49-3,1515588543697,0.86341465,0.024390243,0.4854369,0.86341465
2018-1-10T13-49-3,1515588543698,0.85365856,-0.043902438,0.44660193,0.85365856
2018-1-10T13-49-3,1515588543699,0.86341465,0.014634146,0.44660193,0.86341465
2018-1-10T13-49-3,1515588543700,0.87317073,0.024390243,0.407767,0.87317073
2018-1-10T13-49-3,1515588543701,0.85365856,0.014634146,0.407767,0.85365856
2018-1-10T13-49-3,1515588543702,0.82439023,0.004878049,0.39805827,0.82439023
2018-1-10T13-49-3,1515588543703,0.82439023,-0.024390243,0.44660193,0.82439023
2018-1-10T13-49-3,1515588543704,0.82439023,-0.043902438,0.47572815,0.82439023
2018-1-10T13-49-3,1515588543705,0.84390247,-0.034146342,0.44660193,0.84390247
2018-1-10T13-49-3,1515588543706,0.7853659,-0.07317073,0.4563107,0.7853659
2018-1-10T13-49-3,1515588543707,0.85365856,-0.06341463,0.4563107,0.85365856
2018-1-10T13-49-3,1515588543708,0.85365856,-0.043902438,0.4854369,0.85365856
2018-1-10T13-49-3,1515588543709,0.86341465,-0.053658538,0.46601942,0.86341465
2018-1-10T13-49-3,1515588543710,0.84390247,-0.043902438,0.41747573,0.84390247
2018-1-10T13-49-3,1515588543711,0.84390247,-0.014634146,0.407767,0.84390247
2018-1-10T13-49-3,1515588543712,0.86341465,-0.034146342,0.46601942,0.86341465
2018-1-10T13-49-3,1515588543713,0.82439023,-0.043902438,0.49514562,0.82439023
2018-1-10T13-49-3,1515588543714,0.84390247,-0.043902438,0.4563107,0.84390247
2018-1-10T13-49-3,1515588543715,0.86341465,-0.053658538,0.3883495,0.86341465
2018-1-10T13-49-3,1515588543716,0.8341463,0.043902438,0.407767,0.8341463
2018-1-10T13-49-3,1515588543717,0.8341463,-0.043902438,0.42718446,0.8341463
2018-1-10T13-49-3,1515588543718,0.81463414,-0.034146342,0.4563107,0.81463414
2018-1-10T13-49-3,1515588543719,0.82439023,-0.034146342,0.44660193,0.82439023
2018-1-10T13-49-3,1515588543720,0.9317073,-0.024390243,0.4368932,0.9317073
2018-1-10T13-49-3,1515588543721,0.85365856,-0.014634146,0.44660193,0.85365856
2018-1-10T13-49-3,1515588543722,0.87317073,0.004878049,0.46601942,0.87317073
2018-1-10T13-49-3,1515588543723,0.87317073,-0.004878049,0.47572815,0.87317073
2018-1-10T13-49-3,1515588543724,0.87317073,-0.014634146,0.4563107,0.87317073
2018-1-10T13-49-3,1515588543725,0.85365856,-0.034146342,0.41747573,0.85365856
2018-1-10T13-49-3,1515588543726,0.81463414,-0.08292683,0.41747573,0.81463414
2018-1-10T13-49-3,1515588543727,0.81463414,-0.024390243,0.4563107,0.81463414
2018-1-10T13-49-3,1515588543728,0.81463414,-0.06341463,0.4854369,0.81463414
2018-1-10T13-49-3,1515588543729,0.85365856,-0.014634146,0.4563107,0.85365856
2018-1-10T13-49-3,1515588543730,0.85365856,-0.004878049,0.407767,0.85365856
2018-1-10T13-49-3,1515588543731,0.86341465,0.004878049,0.4368932,0.86341465
2018-1-10T13-49-3,1515588543732,0.86341465,-0.043902438,0.4563107,0.86341465
2018-1-10T13-49-3,1515588543733,0.85365856,-0.004878049,0.47572815,0.85365856
2018-1-10T13-49-3,1515588543734,0.86341465,0.014634146,0.44660193,0.86341465
2018-1-10T13-49-3,1515588543735,0.85365856,0.004878049,0.44660193,0.85365856
2018-1-10T13-49-3,1515588543736,0.85365856,-0.024390243,0.4563107,0.85365856
2018-1-10T13-49-3,1515588543737,0.85365856,-0.024390243,0.44660193,0.85365856
2018-1-10T13-49-3,1515588543738,0.85365856,-0.043902438,0.4368932,0.85365856
2018-1-10T13-49-3,1515588543739,0.902439,-0.043902438,0.44660193,0.902439
2018-1-10T13-49-3,1515588543740,0.8341463,-0.034146342,0.42718446,0.8341463
2018-1-10T13-49-3,1515588543741,0.8341463,-0.034146342,0.4563107,0.8341463
2018-1-10T13-49-3,1515588543742,0.82439023,-0.034146342,0.47572815,0.82439023
2018-1-10T13-49-3,1515588543743,0.79512197,-0.024390243,0.49514562,0.79512197
2018-1-10T13-49-3,1515588543744,0.86341465,-0.024390243,0.4368932,0.86341465
2018-1-10T13-49-3,1515588543745,0.86341465,-0.024390243,0.42718446,0.86341465
2018-1-10T13-49-3,1515588543746,0.85365856,-0.043902438,0.42718446,0.85365856
2018-1-10T13-49-3,1515588543747,0.8341463,-0.043902438,0.47572815,0.8341463
2018-1-10T13-49-3,1515588543748,0.82439023,-0.06341463,0.5048544,0.82439023
2018-1-10T13-49-3,1515588543749,0.8341463,-0.053658538,0.47572815,0.8341463
2018-1-10T13-49-3,1515588543750,0.8341463,-0.053658538,0.44660193,0.8341463
2018-1-10T13-49-3,1515588543751,0.84390247,-0.034146342,0.41747573,0.84390247
2018-1-10T13-49-3,1515588543752,0.8341463,-0.004878049,0.44660193,0.8341463
2018-1-10T13-49-3,1515588543753,0.84390247,0.014634146,0.42718446,0.84390247
2018-1-10T13-49-3,1515588543754,0.81463414,-0.014634146,0.41747573,0.81463414
2018-1-10T13-49-3,1515588543755,0.81463414,-0.004878049,0.4563107,0.81463414
2018-1-10T13-49-3,1515588543756,0.85365856,0.014634146,0.46601942,0.85365856
2018-1-10T13-49-3,1515588543757,0.87317073,-0.004878049,0.47572815,0.87317073
2018-1-10T13-49-3,1515588543758,0.8829268,0.024390243,0.41747573,0.8829268
2018-1-10T13-49-3,1515588543759,0.8829268,-0.06341463,0.44660193,0.8829268
2018-1-10T13-49-3,1515588543760,0.92195123,0.014634146,0.4563107,0.92195123
2018-1-10T13-49-3,1515588543761,0.8829268,0.024390243,0.4854369,0.8829268
2018-1-10T13-49-3,1515588543762,0.86341465,-0.014634146,0.4368932,0.86341465
2018-1-10T13-49-3,1515588543763,0.8341463,-0.09268293,0.41747573,0.8341463
2018-1-10T13-49-3,1515588543764,0.80487806,-0.024390243,0.41747573,0.80487806
2018-1-10T13-49-3,1515588543765,0.84390247,-0.024390243,0.41747573,0.84390247
2018-1-10T13-49-3,1515588543766,0.80487806,-0.034146342,0.44660193,0.80487806
2018-1-10T13-49-3,1515588543767,0.81463414,-0.043902438,0.42718446,0.81463414
2018-1-10T13-49-3,1515588543768,0.81463414,-0.043902438,0.41747573,0.81463414
2018-1-10T13-49-3,1515588543769,0.8341463,-0.034146342,0.44660193,0.8341463
2018-1-10T13-49-3,1515588543770,0.81463414,-0.043902438,0.4563107,0.81463414
2018-1-10T13-49-3,1515588543771,0.82439023,-0.053658538,0.47572815,0.82439023
2018-1-10T13-49-3,1515588543772,0.85365856,-0.034146342,0.47572815,0.85365856
2018-1-10T13-49-3,1515588543773,0.87317073,-0.034146342,0.4854369,0.87317073
2018-1-10T13-49-3,1515588543774,0.87317073,0.014634146,0.42718446,0.87317073
2018-1-10T13-49-3,1515588543775,0.87317073,-0.034146342,0.4563107,0.87317073
2018-1-10T13-49-3,1515588543776,0.8926829,-0.014634146,0.44660193,0.8926829
2018-1-10T13-49-3,1515588543777,0.86341465,0.014634146,0.47572815,0.86341465
2018-1-10T13-49-3,1515588543778,0.85365856,0.014634146,0.4368932,0.85365856
2018-1-10T13-49-3,1515588543779,0.80487806,0.004878049,0.4368932,0.80487806
2018-1-10T13-49-3,1515588543780,0.85365856,0.004878049,0.4563107,0.85365856
2018-1-10T13-49-3,1515588543781,0.86341465,-0.004878049,0.46601942,0.86341465
2018-1-10T13-49-3,1515588543782,0.87317073,0.034146342,0.44660193,0.87317073
2018-1-10T13-49-3,1515588543783,0.86341465,-0.014634146,0.46601942,0.86341465
2018-1-10T13-49-3,1515588543784,0.87317073,-0.024390243,0.46601942,0.87317073
2018-1-10T13-49-3,1515588543785,0.85365856,-0.024390243,0.44660193,0.85365856
2018-1-10T13-49-3,1515588543786,0.84390247,-0.014634146,0.42718446,0.84390247
2018-1-10T13-49-3,1515588543787,0.79512197,-0.014634146,0.46601942,0.79512197
2018-1-10T13-49-3,1515588543788,0.82439023,-0.043902438,0.46601942,0.82439023
2018-1-10T13-49-3,1515588543789,0.5707317,-0.024390243,0.37864077,0.5707317
2018-1-10T13-49-3,1515588543790,0.85365856,0.004878049,0.407767,0.85365856
2018-1-10T13-49-3,1515588543791,0.84390247,0.014634146,0.3883495,0.84390247
2018-1-10T13-49-3,1515588543792,0.84390247,0.014634146,0.4368932,0.84390247
2018-1-10T13-49-3,1515588543793,0.85365856,-0.004878049,0.4368932,0.85365856
2018-1-10T13-49-3,1515588543794,0.8341463,-0.07317073,0.42718446,0.8341463
2018-1-10T13-49-3,1515588543795,0.81463414,-0.024390243,0.4368932,0.81463414
2018-1-10T13-49-3,1515588543796,0.85365856,-0.043902438,0.4368932,0.85365856
2018-1-10T13-49-3,1515588543797,0.84390247,0.034146342,0.44660193,0.84390247
2018-1-10T13-49-3,1515588543798,0.84390247,-0.08292683,0.44660193,0.84390247
2018-1-10T13-49-3,1515588543799,0.85365856,-0.053658538,0.4563107,0.85365856
2018-1-10T13-49-3,1515588543800,0.84390247,-0.06341463,0.4368932,0.84390247
2018-1-10T13-49-3,1515588543801,0.84390247,-0.053658538,0.41747573,0.84390247
2018-1-10T13-49-3,1515588543802,0.74634147,-0.07317073,0.4368932,0.74634147
2018-1-10T13-49-3,1515588543803,0.8341463,-0.053658538,0.46601942,0.8341463
2018-1-10T13-49-3,1515588543804,0.8341463,-0.07317073,0.4563107,0.8341463
2018-1-10T13-49-3,1515588543805,0.85365856,-0.06341463,0.44660193,0.85365856
2018-1-10T13-49-3,1515588543806,0.902439,-0.034146342,0.4368932,0.902439
2018-1-10T13-49-3,1515588543807,0.87317073,-0.034146342,0.4368932,0.87317073
2018-1-10T13-49-3,1515588543808,0.87317073,-0.004878049,0.44660193,0.87317073
2018-1-10T13-49-3,1515588543809,0.85365856,0.014634146,0.44660193,0.85365856
2018-1-10T13-49-3,1515588543810,0.85365856,-0.043902438,0.44660193,0.85365856
2018-1-10T13-49-3,1515588543811,0.85365856,-0.034146342,0.49514562,0.85365856
2018-1-10T13-49-3,1515588543812,0.87317073,-0.004878049,0.4854369,0.87317073
2018-1-10T13-49-3,1515588543813,0.8926829,0.024390243,0.44660193,0.8926829
2018-1-10T13-49-3,1515588543814,0.85365856,0.004878049,0.407767,0.85365856
2018-1-10T13-49-3,1515588543815,0.86341465,0.024390243,0.42718446,0.86341465
2018-1-10T13-49-3,1515588543816,0.85365856,0.09268293,0.4563107,0.85365856
2018-1-10T13-49-3,1515588543817,0.82439023,-0.014634146,0.42718446,0.82439023
2018-1-10T13-49-3,1515588543818,0.75609756,0.004878049,0.4368932,0.75609756
2018-1-10T13-49-3,1515588543819,0.80487806,-0.043902438,0.44660193,0.80487806
2018-1-10T13-49-3,1515588543820,0.82439023,-0.053658538,0.44660193,0.82439023
2018-1-10T13-49-3,1515588543821,0.87317073,-0.034146342,0.42718446,0.87317073
2018-1-10T13-49-3,1515588543822,0.86341465,-0.014634146,0.44660193,0.86341465
2018-1-10T13-49-3,1515588543823,0.8829268,-0.014634146,0.4563107,0.8829268
2018-1-10T13-49-3,1515588543824,0.85365856,0.024390243,0.4563107,0.85365856
2018-1-10T13-49-3,1515588543825,0.84390247,0.034146342,0.4368932,0.84390247
2018-1-10T13-49-3,1515588543826,0.84390247,-0.034146342,0.42718446,0.84390247
2018-1-10T13-49-3,1515588543827,0.85365856,-0.004878049,0.4368932,0.85365856
2018-1-10T13-49-3,1515588543828,0.86341465,-0.014634146,0.44660193,0.86341465
2018-1-10T13-49-3,1515588543829,0.87317073,-0.004878049,0.44660193,0.87317073
2018-1-10T13-49-3,1515588543830,0.9414634,-0.024390243,0.42718446,0.9414634
2018-1-10T13-49-3,1515588543831,0.85365856,-0.004878049,0.42718446,0.85365856
2018-1-10T13-49-3,1515588543832,0.82439023,-0.034146342,0.42718446,0.82439023
2018-1-10T13-49-3,1515588543833,0.79512197,-0.053658538,0.44660193,0.79512197
2018-1-10T13-49-3,1515588543834,0.7853659,-0.06341463,0.44660193,0.7853659
2018-1-10T13-49-3,1515588543835,0.5902439,-0.08292683,0.4368932,0.5902439
2018-1-10T13-49-3,1515588543836,0.8341463,-0.06341463,0.4368932,0.8341463
2018-1-10T13-49-3,1515588543837,0.82439023,-0.06341463,0.46601942,0.82439023
2018-1-10T13-49-3,1515588543838,0.8341463,-0.07317073,0.4854369,0.8341463
2018-1-10T13-49-3,1515588543839,0.86341465,-0.06341463,0.46601942,0.86341465
2018-1-10T13-49-3,1515588543840,0.86341465,-0.034146342,0.4368932,0.86341465
2018-1-10T13-49-3,1515588543841,0.85365856,-0.004878049,0.407767,0.85365856
2018-1-10T13-49-3,1515588543842,0.8926829,0.004878049,0.46601942,0.8926829
2018-1-10T13-49-3,1515588543843,0.86341465,0.014634146,0.4854369,0.86341465
2018-1-10T13-49-3,1515588543844,0.91219515,0.034146342,0.4854369,0.91219515
2018-1-10T13-49-3,1515588543845,0.902439,0.024390243,0.46601942,0.902439
2018-1-10T13-49-3,1515588543846,0.902439,0.024390243,0.44660193,0.902439
2018-1-10T13-49-3,1515588543847,0.8829268,0.024390243,0.42718446,0.8829268
2018-1-10T13-49-3,1515588543848,0.87317073,0.014634146,0.44660193,0.87317073
2018-1-10T13-49-3,1515588543849,0.80487806,-0.034146342,0.42718446,0.80487806
2018-1-10T13-49-3,1515588543850,0.79512197,-0.034146342,0.407767,0.79512197
2018-1-10T13-49-3,1515588543851,0.75609756,-0.06341463,0.44660193,0.75609756
2018-1-10T13-49-3,1515588543852,0.81463414,-0.08292683,0.46601942,0.81463414
2018-1-10T13-49-3,1515588543853,0.8341463,-0.034146342,0.46601942,0.8341463
2018-1-10T13-49-3,1515588543854,0.85365856,-0.024390243,0.42718446,0.85365856
2018-1-10T13-49-3,1515588543855,0.87317073,0.004878049,0.407767,0.87317073
2018-1-10T13-49-3,1515588543856,0.85365856,0.014634146,0.42718446,0.85365856
2018-1-10T13-49-3,1515588543857,0.82439023,0.004878049,0.44660193,0.82439023
2018-1-10T13-49-3,1515588543858,0.8341463,0.004878049,0.47572815,0.8341463
2018-1-10T13-49-3,1515588543859,0.84390247,-0.004878049,0.4563107,0.84390247
2018-1-10T13-49-3,1515588543860,0.84390247,-0.034146342,0.407767,0.84390247
2018-1-10T13-49-3,1515588543861,0.8341463,-0.034146342,0.42718446,0.8341463
2018-1-10T13-49-3,1515588543862,0.80487806,-0.053658538,0.4563107,0.80487806
2018-1-10T13-49-3,1515588543863,0.82439023,-0.06341463,0.5145631,0.82439023
2018-1-10T13-49-3,1515588543864,0.84390247,-0.06341463,0.46601942,0.84390247
2018-1-10T13-49-3,1515588543865,0.84390247,-0.043902438,0.4563107,0.84390247
2018-1-10T13-49-3,1515588543866,0.86341465,-0.043902438,0.5533981,0.86341465
2018-1-10T13-49-3,1515588543867,0.84390247,-0.014634146,0.4854369,0.84390247
2018-1-10T13-49-3,1515588543868,0.8829268,-0.014634146,0.46601942,0.8829268
2018-1-10T13-49-3,1515588543869,0.87317073,-0.053658538,0.41747573,0.87317073
2018-1-10T13-49-3,1515588543870,0.87317073,0.004878049,0.3883495,0.87317073
2018-1-10T13-49-3,1515588543871,0.84390247,-0.014634146,0.4368932,0.84390247
2018-1-10T13-49-3,1515588543872,0.81463414,-0.024390243,0.46601942,0.81463414
2018-1-10T13-49-3,1515588543873,0.80487806,0.014634146,0.46601942,0.80487806
2018-1-10T13-49-3,1515588543874,0.82439023,-0.024390243,0.44660193,0.82439023
2018-1-10T13-49-3,1515588543875,0.84390247,-0.004878049,0.4368932,0.84390247
2018-1-10T13-49-3,1515588543876,0.85365856,0.014634146,0.46601942,0.85365856
2018-1-10T13-49-3,1515588543877,0.8829268,0.004878049,0.47572815,0.8829268
2018-1-10T13-49-3,1515588543878,0.8926829,-0.014634146,0.46601942,0.8926829
2018-1-10T13-49-3,1515588543879,0.87317073,0.024390243,0.5048544,0.87317073
2018-1-10T13-49-3,1515588543880,0.84390247,0.07317073,0.407767,0.84390247
2018-1-10T13-49-3,1515588543881,0.79512197,0.004878049,0.41747573,0.79512197
2018-1-10T13-49-3,1515588543882,0.79512197,0.004878049,0.44660193,0.79512197
2018-1-10T13-49-3,1515588543883,0.8341463,-0.024390243,0.4563107,0.8341463
2018-1-10T13-49-3,1515588543884,0.8341463,-0.024390243,0.4368932,0.8341463
2018-1-10T13-49-3,1515588543885,0.84390247,-0.004878049,0.41747573,0.84390247
2018-1-10T13-49-3,1515588543886,0.85365856,-0.004878049,0.407767,0.85365856
2018-1-10T13-49-3,1515588543887,0.7853659,-0.024390243,0.42718446,0.7853659
2018-1-10T13-49-3,1515588543888,0.84390247,-0.034146342,0.46601942,0.84390247
2018-1-10T13-49-3,1515588543889,0.82439023,-0.053658538,0.46601942,0.82439023
2018-1-10T13-49-3,1515588543890,0.85365856,-0.07317073,0.47572815,0.85365856
2018-1-10T13-49-3,1515588543891,0.84390247,-0.10243902,0.47572815,0.84390247
2018-1-10T13-49-3,1515588543892,0.85365856,-0.09268293,0.4563107,0.85365856
2018-1-10T13-49-3,1515588543893,0.8926829,-0.08292683,0.4368932,0.8926829
2018-1-10T13-49-3,1515588543894,0.85365856,-0.053658538,0.4563107,0.85365856
2018-1-10T13-49-3,1515588543895,0.84390247,-0.034146342,0.46601942,0.84390247
2018-1-10T13-49-3,1515588543896,0.85365856,-0.043902438,0.47572815,0.85365856
2018-1-10T13-49-3,1515588543897,0.84390247,-0.024390243,0.4368932,0.84390247
2018-1-10T13-49-3,1515588543898,0.84390247,-0.014634146,0.44660193,0.84390247
2018-1-10T13-49-3,1515588543899,0.85365856,-0.014634146,0.44660193,0.85365856
2018-1-10T13-49-3,1515588543900,0.86341465,-0.004878049,0.46601942,0.86341465
2018-1-10T13-49-3,1515588543901,0.86341465,-0.024390243,0.4368932,0.86341465
2018-1-10T13-49-3,1515588543902,0.86341465,-0.024390243,0.4368932,0.86341465
2018-1-10T13-49-3,1515588543903,0.81463414,-0.014634146,0.41747573,0.81463414
2018-1-10T13-49-3,1515588543904,0.77560973,-0.024390243,0.42718446,0.77560973
2018-1-10T13-49-3,1515588543905,0.7853659,-0.024390243,0.4563107,0.7853659
2018-1-10T13-49-3,1515588543906,0.80487806,-0.043902438,0.4563107,0.80487806
2018-1-10T13-49-3,1515588543907,0.8341463,-0.014634146,0.4563107,0.8341463
2018-1-10T13-49-3,1515588543908,0.87317073,-0.053658538,0.44660193,0.87317073
2018-1-10T13-49-3,1515588543909,0.8926829,0.024390243,0.4368932,0.8926829
2018-1-10T13-49-3,1515588543910,0.87317073,0.034146342,0.44660193,0.87317073
2018-1-10T13-49-3,1515588543911,0.87317073,0.043902438,0.4563107,0.87317073
2018-1-10T13-49-3,1515588543912,0.87317073,0.014634146,0.46601942,0.87317073
2018-1-10T13-49-3,1515588543913,0.8341463,-0.014634146,0.4368932,0.8341463
2018-1-10T13-49-3,1515588543914,0.82439023,-0.014634146,0.4368932,0.82439023
2018-1-10T13-49-3,1515588543915,0.8341463,-0.024390243,0.44660193,0.8341463
2018-1-10T13-49-3,1515588543916,0.84390247,-0.034146342,0.4368932,0.84390247
2018-1-10T13-49-3,1515588543917,0.82439023,-0.043902438,0.41747573,0.82439023
2018-1-10T13-49-3,1515588543918,0.79512197,-0.053658538,0.47572815,0.79512197
2018-1-10T13-49-3,1515588543919,0.82439023,-0.07317073,0.4368932,0.82439023
2018-1-10T13-49-3,1515588543920,0.8341463,-0.043902438,0.44660193,0.8341463
2018-1-10T13-49-3,1515588543921,0.8341463,-0.053658538,0.47572815,0.8341463
2018-1-10T13-49-3,1515588543922,0.86341465,-0.06341463,0.4854369,0.86341465
2018-1-10T13-49-3,1515588543923,0.87317073,-0.06341463,0.44660193,0.87317073
2018-1-10T13-49-3,1515588543924,0.8829268,-0.024390243,0.4368932,0.8829268
2018-1-10T13-49-3,1515588543925,0.8829268,-0.004878049,0.44660193,0.8829268
2018-1-10T13-49-3,1515588543926,0.902439,-0.024390243,0.47572815,0.902439
2018-1-10T13-49-3,1515588543927,0.85365856,-0.014634146,0.4563107,0.85365856
2018-1-10T13-49-3,1515588543928,0.85365856,-0.034146342,0.41747573,0.85365856
2018-1-10T13-49-3,1515588543929,0.84390247,-0.014634146,0.41747573,0.84390247
2018-1-10T13-49-3,1515588543930,0.82439023,-0.014634146,0.44660193,0.82439023
2018-1-10T13-49-3,1515588543931,0.82439023,-0.014634146,0.46601942,0.82439023
2018-1-10T13-49-3,1515588543932,0.8341463,-0.024390243,0.44660193,0.8341463
2018-1-10T13-49-3,1515588543933,0.8341463,-0.014634146,0.42718446,0.8341463
2018-1-10T13-49-3,1515588543934,0.8341463,-0.004878049,0.4368932,0.8341463
2018-1-10T13-49-3,1515588543935,0.85365856,0.004878049,0.47572815,0.85365856
2018-1-10T13-49-3,1515588543936,0.902439,0.014634146,0.47572815,0.902439
2018-1-10T13-49-3,1515588543937,0.86341465,0.014634146,0.4563107,0.86341465
2018-1-10T13-49-3,1515588543938,0.87317073,0.034146342,0.407767,0.87317073
2018-1-10T13-49-3,1515588543939,0.84390247,0.034146342,0.42718446,0.84390247
2018-1-10T13-49-3,1515588543940,0.8829268,0.024390243,0.4563107,0.8829268
2018-1-10T13-49-3,1515588543941,0.87317073,0.004878049,0.47572815,0.87317073
2018-1-10T13-49-3,1515588543942,0.85365856,-0.004878049,0.44660193,0.85365856
2018-1-10T13-49-3,1515588543943,0.86341465,-0.024390243,0.41747573,0.86341465
2018-1-10T13-49-3,1515588543944,0.84390247,-0.024390243,0.42718446,0.84390247
2018-1-10T13-49-3,1515588543945,0.82439023,-0.034146342,0.4563107,0.82439023
2018-1-10T13-49-3,1515588543946,0.82439023,-0.053658538,0.4854369,0.82439023
2018-1-10T13-49-3,1515588543947,0.84390247,-0.06341463,0.47572815,0.84390247
2018-1-10T13-49-3,1515588543948,0.902439,-0.043902438,0.4563107,0.902439
2018-1-10T13-49-3,1515588543949,0.84390247,-0.053658538,0.42718446,0.84390247
2018-1-10T13-49-3,1515588543950,0.86341465,-0.043902438,0.4368932,0.86341465
2018-1-10T13-49-3,1515588543951,0.85365856,-0.024390243,0.4368932,0.85365856
2018-1-10T13-49-3,1515588543952,0.82439023,-0.024390243,0.41747573,0.82439023
2018-1-10T13-49-3,1515588543953,0.81463414,-0.043902438,0.42718446,0.81463414
2018-1-10T13-49-3,1515588543954,0.80487806,-0.024390243,0.42718446,0.80487806
2018-1-10T13-49-3,1515588543955,0.85365856,-0.043902438,0.44660193,0.85365856
2018-1-10T13-49-3,1515588543956,0.82439023,-0.004878049,0.42718446,0.82439023
2018-1-10T13-49-3,1515588543957,0.79512197,-0.024390243,0.4368932,0.79512197
2018-1-10T13-49-3,1515588543958,0.86341465,-0.024390243,0.4368932,0.86341465
2018-1-10T13-49-3,1515588543959,0.86341465,-0.024390243,0.44660193,0.86341465
2018-1-10T13-49-3,1515588543960,0.86341465,-0.034146342,0.46601942,0.86341465
2018-1-10T13-49-3,1515588543961,0.8829268,0.014634146,0.4563107,0.8829268
2018-1-10T13-49-3,1515588543962,0.85365856,-0.06341463,0.4563107,0.85365856
2018-1-10T13-49-3,1515588543963,0.86341465,-0.024390243,0.44660193,0.86341465
2018-1-10T13-49-3,1515588543964,0.85365856,-0.024390243,0.41747573,0.85365856
2018-1-10T13-49-3,1515588543965,0.85365856,-0.024390243,0.4368932,0.85365856
2018-1-10T13-49-3,1515588543966,0.84390247,0.004878049,0.46601942,0.84390247
2018-1-10T13-49-3,1515588543967,0.84390247,0.004878049,0.42718446,0.84390247
2018-1-10T13-49-3,1515588543968,0.82439023,0.014634146,0.41747573,0.82439023
2018-1-10T13-49-3,1515588543969,0.8341463,0.004878049,0.4563107,0.8341463
2018-1-10T13-49-3,1515588543970,0.84390247,-0.004878049,0.4368932,0.84390247
2018-1-10T13-49-3,1515588543971,0.86341465,-0.004878049,0.4854369,0.86341465
2018-1-10T13-49-3,1515588543972,0.86341465,0.004878049,0.4368932,0.86341465
2018-1-10T13-49-3,1515588543973,0.84390247,0.004878049,0.44660193,0.84390247
2018-1-10T13-49-3,1515588543974,0.8341463,-0.024390243,0.44660193,0.8341463
2018-1-10T13-49-3,1515588543975,0.84390247,-0.034146342,0.47572815,0.84390247
2018-1-10T13-49-3,1515588543976,0.84390247,-0.043902438,0.4368932,0.84390247
2018-1-10T13-49-3,1515588543977,0.8341463,-0.053658538,0.4854369,0.8341463
2018-1-10T13-49-3,1515588543978,0.8341463,-0.034146342,0.44660193,0.8341463
2018-1-10T13-49-3,1515588543979,0.84390247,-0.043902438,0.44660193,0.84390247
2018-1-10T13-49-3,1515588543980,0.84390247,-0.024390243,0.4563107,0.84390247
2018-1-10T13-49-3,1515588543981,0.84390247,-0.043902438,0.4368932,0.84390247
2018-1-10T13-49-3,1515588543982,0.85365856,-0.06341463,0.47572815,0.85365856
2018-1-10T13-49-3,1515588543983,0.86341465,-0.053658538,0.49514562,0.86341465
2018-1-10T13-49-3,1515588543984,0.86341465,-0.034146342,0.44660193,0.86341465
2018-1-10T13-49-3,1515588543985,0.85365856,-0.08292683,0.42718446,0.85365856
2018-1-10T13-49-3,1515588543986,0.82439023,-0.014634146,0.46601942,0.82439023
2018-1-10T13-49-3,1515588543987,0.86341465,-0.014634146,0.49514562,0.86341465
2018-1-10T13-49-3,1515588543988,0.87317073,-0.024390243,0.46601942,0.87317073
2018-1-10T13-49-3,1515588543989,0.87317073,-0.024390243,0.42718446,0.87317073
2018-1-10T13-49-3,1515588543990,0.86341465,-0.004878049,0.42718446,0.86341465
2018-1-10T13-49-3,1515588543991,0.84390247,-0.004878049,0.44660193,0.84390247
2018-1-10T13-49-3,1515588543992,0.80487806,-0.024390243,0.44660193,0.80487806
2018-1-10T13-49-3,1515588543993,0.82439023,-0.004878049,0.44660193,0.82439023
2018-1-10T13-49-3,1515588543994,0.8341463,-0.024390243,0.41747573,0.8341463
2018-1-10T13-49-3,1515588543995,0.8341463,-0.004878049,0.42718446,0.8341463
2018-1-10T13-49-3,1515588543996,0.82439023,-0.004878049,0.4368932,0.82439023
2018-1-10T13-49-3,1515588543997,0.8341463,0.004878049,0.39805827,0.8341463
2018-1-10T13-49-3,1515588543998,0.84390247,-0.014634146,0.4368932,0.84390247
2018-1-10T13-49-3,1515588543999,0.84390247,-0.014634146,0.4368932,0.84390247
2018-1-10T13-49-4,1515588544000,0.8341463,-0.024390243,0.4368932,0.8341463
2018-1-10T13-49-4,1515588544001,0.85365856,-0.034146342,0.4563107,0.85365856
2018-1-10T13-49-4,1515588544002,0.85365856,-0.034146342,0.46601942,0.85365856
2018-1-10T13-49-4,1515588544003,0.86341465,-0.034146342,0.4563107,0.86341465
2018-1-10T13-49-4,1515588544004,0.86341465,-0.034146342,0.47572815,0.86341465
2018-1-10T13-49-4,1515588544005,0.82439023,-0.06341463,0.4368932,0.82439023
2018-1-10T13-49-4,1515588544006,0.82439023,-0.053658538,0.44660193,0.82439023
2018-1-10T13-49-4,1515588544007,0.8341463,-0.034146342,0.44660193,0.8341463
2018-1-10T13-49-4,1515588544008,0.80487806,-0.053658538,0.4368932,0.80487806
2018-1-10T13-49-4,1515588544009,0.82439023,-0.053658538,0.44660193,0.82439023
2018-1-10T13-49-4,1515588544010,0.82439023,-0.2,0.44660193,0.82439023
2018-1-10T13-49-4,1515588544011,0.84390247,0.004878049,0.44660193,0.84390247
2018-1-10T13-49-4,1515588544012,0.87317073,-0.053658538,0.4368932,0.87317073
2018-1-10T13-49-4,1515588544013,0.85365856,-0.024390243,0.42718446,0.85365856
2018-1-10T13-49-4,1515588544014,0.84390247,-0.014634146,0.4368932,0.84390247
2018-1-10T13-49-4,1515588544015,0.8926829,-0.014634146,0.41747573,0.8926829
2018-1-10T13-49-4,1515588544016,0.8341463,-0.004878049,0.407767,0.8341463
2018-1-10T13-49-4,1515588544017,0.902439,0.31707317,0.41747573,0.902439
2018-1-10T13-49-4,1515588544018,0.80487806,-0.014634146,0.4368932,0.80487806
2018-1-10T13-49-4,1515588544019,0.8341463,-0.014634146,0.4563107,0.8341463
2018-1-10T13-49-4,1515588544020,0.87317073,0.004878049,0.4563107,0.87317073
2018-1-10T13-49-4,1515588544021,0.84390247,0.004878049,0.4563107,0.84390247
2018-1-10T13-49-4,1515588544022,0.85365856,0.004878049,0.4368932,0.85365856
2018-1-10T13-49-4,1515588544023,0.87317073,0.014634146,0.4368932,0.87317073
2018-1-10T13-49-4,1515588544024,0.86341465,0.014634146,0.46601942,0.86341465
2018-1-10T13-49-4,1515588544025,0.86341465,0.004878049,0.46601942,0.86341465
2018-1-10T13-49-4,1515588544026,0.8829268,0.004878049,0.4563107,0.8829268
2018-1-10T13-49-4,1515588544027,0.85365856,-0.014634146,0.46601942,0.85365856
2018-1-10T13-49-4,1515588544028,0.87317073,-0.034146342,0.4368932,0.87317073
2018-1-10T13-49-4,1515588544029,0.85365856,-0.024390243,0.4368932,0.85365856
2018-1-10T13-49-4,1515588544030,0.84390247,-0.014634146,0.42718446,0.84390247
2018-1-10T13-49-4,1515588544031,0.85365856,-0.07317073,0.42718446,0.85365856
2018-1-10T13-49-4,1515588544032,0.84390247,-0.024390243,0.4368932,0.84390247
2018-1-10T13-49-4,1515588544033,0.80487806,-0.034146342,0.44660193,0.80487806
2018-1-10T13-49-4,1515588544034,0.82439023,-0.034146342,0.44660193,0.82439023
2018-1-10T13-49-4,1515588544035,0.8341463,-0.014634146,0.46601942,0.8341463
2018-1-10T13-49-4,1515588544036,0.8341463,-0.043902438,0.44660193,0.8341463
2018-1-10T13-49-4,1515588544037,0.8926829,-0.024390243,0.49514562,0.8926829
2018-1-10T13-49-4,1515588544038,0.85365856,-0.034146342,0.44660193,0.85365856
2018-1-10T13-49-4,1515588544039,0.85365856,-0.024390243,0.4368932,0.85365856
2018-1-10T13-49-4,1515588544040,0.82439023,-0.024390243,0.4368932,0.82439023
2018-1-10T13-49-4,1515588544041,0.81463414,-0.08292683,0.42718446,0.81463414
2018-1-10T13-49-4,1515588544042,0.82439023,-0.034146342,0.4563107,0.82439023
2018-1-10T13-49-4,1515588544043,0.91219515,0.053658538,0.47572815,0.91219515
2018-1-10T13-49-4,1515588544044,0.85365856,-0.014634146,0.44660193,0.85365856
2018-1-10T13-49-4,1515588544045,0.86341465,-0.004878049,0.4563107,0.86341465
2018-1-10T13-49-4,1515588544046,0.8829268,-0.014634146,0.4368932,0.8829268
2018-1-10T13-49-4,1515588544047,0.85365856,-0.014634146,0.44660193,0.85365856
2018-1-10T13-49-4,1515588544048,0.82439023,0.004878049,0.4563107,0.82439023
2018-1-10T13-49-4,1515588544049,0.84390247,-0.024390243,0.44660193,0.84390247
2018-1-10T13-49-4,1515588544050,0.84390247,-0.034146342,0.4368932,0.84390247
2018-1-10T13-49-4,1515588544051,0.8926829,-0.034146342,0.4563107,0.8926829
2018-1-10T13-49-4,1515588544052,0.85365856,-0.034146342,0.46601942,0.85365856
2018-1-10T13-49-4,1515588544053,0.8341463,-0.034146342,0.41747573,0.8341463
2018-1-10T13-49-4,1515588544054,0.8341463,-0.014634146,0.42718446,0.8341463
2018-1-10T13-49-4,1515588544055,0.86341465,-0.024390243,0.407767,0.86341465
2018-1-10T13-49-4,1515588544056,0.84390247,-0.004878049,0.4368932,0.84390247
2018-1-10T13-49-4,1515588544057,0.8341463,-0.014634146,0.4563107,0.8341463
2018-1-10T13-49-4,1515588544058,0.87317073,-0.014634146,0.49514562,0.87317073
2018-1-10T13-49-4,1515588544059,0.87317073,-0.034146342,0.5048544,0.87317073
2018-1-10T13-49-4,1515588544060,0.84390247,-0.08292683,0.4368932,0.84390247
2018-1-10T13-49-4,1515588544061,0.87317073,-0.034146342,0.42718446,0.87317073
2018-1-10T13-49-4,1515588544062,0.86341465,-0.014634146,0.46601942,0.86341465
2018-1-10T13-49-4,1515588544063,0.84390247,-0.014634146,0.4854369,0.84390247
2018-1-10T13-49-4,1515588544064,0.81463414,-0.024390243,0.4854369,0.81463414
2018-1-10T13-49-4,1515588544065,0.82439023,-0.004878049,0.39805827,0.82439023
2018-1-10T13-49-4,1515588544066,0.82439023,-0.034146342,0.407767,0.82439023
2018-1-10T13-49-4,1515588544067,0.81463414,-0.034146342,0.4368932,0.81463414
2018-1-10T13-49-4,1515588544068,0.84390247,-0.053658538,0.44660193,0.84390247
2018-1-10T13-49-4,1515588544069,0.84390247,-0.06341463,0.44660193,0.84390247
2018-1-10T13-49-4,1515588544070,0.85365856,-0.024390243,0.5048544,0.85365856
2018-1-10T13-49-4,1515588544071,0.86341465,-0.004878049,0.44660193,0.86341465
2018-1-10T13-49-4,1515588544072,0.85365856,-0.004878049,0.44660193,0.85365856
2018-1-10T13-49-4,1515588544073,0.86341465,0.024390243,0.44660193,0.86341465
2018-1-10T13-49-4,1515588544074,0.86341465,-0.004878049,0.4563107,0.86341465
2018-1-10T13-49-4,1515588544075,0.85365856,-0.004878049,0.44660193,0.85365856
2018-1-10T13-49-4,1515588544076,0.85365856,-0.024390243,0.46601942,0.85365856
2018-1-10T13-49-4,1515588544077,0.84390247,-0.024390243,0.4368932,0.84390247
2018-1-10T13-49-4,1515588544078,0.8341463,-0.043902438,0.4368932,0.8341463
2018-1-10T13-49-4,1515588544079,0.84390247,-0.014634146,0.41747573,0.84390247
2018-1-10T13-49-4,1515588544080,0.81463414,0.06341463,0.4854369,0.81463414
2018-1-10T13-49-4,1515588544081,0.82439023,0.004878049,0.4368932,0.82439023
2018-1-10T13-49-4,1515588544082,0.84390247,0.014634146,0.44660193,0.84390247
2018-1-10T13-49-4,1515588544083,0.85365856,0.004878049,0.44660193,0.85365856
2018-1-10T13-49-4,1515588544084,0.85365856,-0.004878049,0.41747573,0.85365856
2018-1-10T13-49-4,1515588544085,0.84390247,-0.024390243,0.4368932,0.84390247
2018-1-10T13-49-4,1515588544086,0.82439023,-0.024390243,0.4563107,0.82439023
2018-1-10T13-49-4,1515588544087,0.85365856,-0.024390243,0.46601942,0.85365856
2018-1-10T13-49-4,1515588544088,0.85365856,-0.014634146,0.41747573,0.85365856
2018-1-10T13-49-4,1515588544089,0.84390247,-0.043902438,0.42718446,0.84390247
2018-1-10T13-49-4,1515588544090,0.8341463,-0.034146342,0.44660193,0.8341463
2018-1-10T13-49-4,1515588544091,0.8341463,-0.043902438,0.4563107,0.8341463
2018-1-10T13-49-4,1515588544092,0.8829268,-0.06341463,0.44660193,0.8829268
2018-1-10T13-49-4,1515588544093,0.8341463,-0.09268293,0.4368932,0.8341463
2018-1-10T13-49-4,1515588544094,0.85365856,-0.043902438,0.4563107,0.85365856
2018-1-10T13-49-4,1515588544095,0.84390247,0.034146342,0.4854369,0.84390247
2018-1-10T13-49-4,1515588544096,0.87317073,-0.12195122,0.4563107,0.87317073
2018-1-10T13-49-4,1515588544097,0.85365856,-0.053658538,0.4368932,0.85365856
2018-1-10T13-49-4,1515588544098,0.85365856,-0.014634146,0.42718446,0.85365856
2018-1-10T13-49-4,1515588544099,0.84390247,-0.014634146,0.46601942,0.84390247
2018-1-10T13-49-4,1515588544100,0.84390247,-0.014634146,0.44660193,0.84390247
2018-1-10T13-49-4,1515588544101,0.84390247,-0.014634146,0.5048544,0.84390247
2018-1-10T13-49-4,1515588544102,0.84390247,-0.004878049,0.407767,0.84390247
2018-1-10T13-49-4,1515588544103,0.8341463,-0.014634146,0.39805827,0.8341463
2018-1-10T13-49-4,1515588544104,0.80487806,-0.024390243,0.4368932,0.80487806
2018-1-10T13-49-4,1515588544105,0.81463414,-0.034146342,0.47572815,0.81463414
2018-1-10T13-49-4,1515588544106,0.8341463,-0.034146342,0.49514562,0.8341463
2018-1-10T13-49-4,1515588544107,0.84390247,-0.014634146,0.4368932,0.84390247
2018-1-10T13-49-4,1515588544108,0.86341465,0.004878049,0.39805827,0.86341465
2018-1-10T13-49-4,1515588544109,0.87317073,0.043902438,0.44660193,0.87317073
2018-1-10T13-49-4,1515588544110,0.85365856,0.014634146,0.4563107,0.85365856
2018-1-10T13-49-4,1515588544111,0.87317073,0.014634146,0.4563107,0.87317073
2018-1-10T13-49-4,1515588544112,0.84390247,0.004878049,0.41747573,0.84390247
2018-1-10T13-49-4,1515588544113,0.85365856,-0.004878049,0.4854369,0.85365856
2018-1-10T13-49-4,1515588544114,0.8341463,-0.034146342,0.42718446,0.8341463
2018-1-10T13-49-4,1515588544115,0.81463414,0.004878049,0.46601942,0.81463414
2018-1-10T13-49-4,1515588544116,0.8341463,-0.043902438,0.44660193,0.8341463
2018-1-10T13-49-4,1515588544117,0.82439023,-0.053658538,0.46601942,0.82439023
2018-1-10T13-49-4,1515588544118,0.86341465,-0.053658538,0.4368932,0.86341465
2018-1-10T13-49-4,1515588544119,0.81463414,-0.06341463,0.4563107,0.81463414
2018-1-10T13-49-4,1515588544120,0.84390247,-0.06341463,0.46601942,0.84390247
2018-1-10T13-49-4,1515588544121,0.8341463,-0.053658538,0.4368932,0.8341463
2018-1-10T13-49-4,1515588544122,0.84390247,-0.043902438,0.44660193,0.84390247
2018-1-10T13-49-4,1515588544123,0.84390247,-0.053658538,0.46601942,0.84390247
2018-1-10T13-49-4,1515588544124,0.84390247,-0.034146342,0.42718446,0.84390247
2018-1-10T13-49-4,1515588544125,0.86341465,-0.043902438,0.46601942,0.86341465
2018-1-10T13-49-4,1515588544126,0.8926829,-0.014634146,0.4563107,0.8926829
2018-1-10T13-49-4,1515588544127,0.87317073,-0.014634146,0.4563107,0.87317073
2018-1-10T13-49-4,1515588544128,0.86341465,-0.004878049,0.44660193,0.86341465
2018-1-10T13-49-4,1515588544129,0.85365856,-0.014634146,0.44660193,0.85365856
2018-1-10T13-49-4,1515588544130,0.84390247,-0.024390243,0.47572815,0.84390247
2018-1-10T13-49-4,1515588544131,0.84390247,0.014634146,0.44660193,0.84390247
2018-1-10T13-49-4,1515588544132,0.8341463,-0.034146342,0.4368932,0.8341463
2018-1-10T13-49-4,1515588544133,0.81463414,-0.034146342,0.4368932,0.81463414
2018-1-10T13-49-4,1515588544134,0.81463414,-0.024390243,0.4368932,0.81463414
2018-1-10T13-49-4,1515588544135,0.84390247,-0.014634146,0.4368932,0.84390247
2018-1-10T13-49-4,1515588544136,0.81463414,-0.014634146,0.41747573,0.81463414
2018-1-10T13-49-4,1515588544137,0.84390247,0.014634146,0.42718446,0.84390247
2018-1-10T13-49-4,1515588544138,0.87317073,0.004878049,0.4563107,0.87317073
2018-1-10T13-49-4,1515588544139,0.87317073,0.014634146,0.4563107,0.87317073
2018-1-10T13-49-4,1515588544140,0.85365856,0.014634146,0.42718446,0.85365856
2018-1-10T13-49-4,1515588544141,0.84390247,-0.004878049,0.4368932,0.84390247
2018-1-10T13-49-4,1515588544142,0.84390247,-0.014634146,0.4563107,0.84390247
2018-1-10T13-49-4,1515588544143,0.77560973,-0.034146342,0.4563107,0.77560973
2018-1-10T13-49-4,1515588544144,0.82439023,-0.043902438,0.4368932,0.82439023
2018-1-10T13-49-4,1515588544145,0.82439023,-0.06341463,0.42718446,0.82439023
2018-1-10T13-49-4,1515588544146,0.79512197,-0.07317073,0.4368932,0.79512197
2018-1-10T13-49-4,1515588544147,0.8341463,-0.08292683,0.4563107,0.8341463
2018-1-10T13-49-4,1515588544148,0.82439023,-0.08292683,0.4563107,0.82439023
2018-1-10T13-49-4,1515588544149,0.85365856,-0.053658538,0.44660193,0.85365856
2018-1-10T13-49-4,1515588544150,0.85365856,-0.004878049,0.39805827,0.85365856
2018-1-10T13-49-4,1515588544151,0.8829268,-0.09268293,0.47572815,0.8829268
2018-1-10T13-49-4,1515588544152,0.8829268,-0.034146342,0.49514562,0.8829268
2018-1-10T13-49-4,1515588544153,0.87317073,-0.004878049,0.46601942,0.87317073
2018-1-10T13-49-4,1515588544154,0.8926829,0.004878049,0.42718446,0.8926829
2018-1-10T13-49-4,1515588544155,0.8341463,0.014634146,0.4368932,0.8341463
2018-1-10T13-49-4,1515588544156,0.91219515,0.034146342,0.4368932,0.91219515
2018-1-10T13-49-4,1515588544157,0.82439023,-0.004878049,0.44660193,0.82439023
2018-1-10T13-49-4,1515588544158,0.81463414,0.024390243,0.44660193,0.81463414
2018-1-10T13-49-4,1515588544159,0.82439023,-0.004878049,0.42718446,0.82439023
2018-1-10T13-49-4,1515588544160,0.82439023,-0.004878049,0.4368932,0.82439023
2018-1-10T13-49-4,1515588544161,0.82439023,-0.004878049,0.42718446,0.82439023
2018-1-10T13-49-4,1515588544162,0.8341463,0.024390243,0.44660193,0.8341463
2018-1-10T13-49-4,1515588544163,0.8341463,0.024390243,0.4563107,0.8341463
2018-1-10T13-49-4,1515588544164,0.8341463,-0.004878049,0.44660193,0.8341463
2018-1-10T13-49-4,1515588544165,0.86341465,-0.004878049,0.4563107,0.86341465
2018-1-10T13-49-4,1515588544166,0.77560973,-0.014634146,0.44660193,0.77560973
2018-1-10T13-49-4,1515588544167,0.84390247,-0.034146342,0.42718446,0.84390247
2018-1-10T13-49-4,1515588544168,0.80487806,-0.043902438,0.407767,0.80487806
2018-1-10T13-49-4,1515588544169,0.81463414,-0.043902438,0.407767,0.81463414
2018-1-10T13-49-4,1515588544170,0.86341465,-0.043902438,0.4368932,0.86341465
2018-1-10T13-49-4,1515588544171,0.84390247,-0.06341463,0.4563107,0.84390247
2018-1-10T13-49-4,1515588544172,0.84390247,-0.06341463,0.4368932,0.84390247
2018-1-10T13-49-4,1515588544173,0.85365856,-0.06341463,0.4563107,0.85365856
2018-1-10T13-49-4,1515588544174,0.8829268,-0.004878049,0.47572815,0.8829268
2018-1-10T13-49-4,1515588544175,0.87317073,-0.034146342,0.4368932,0.87317073
2018-1-10T13-49-4,1515588544176,0.84390247,-0.043902438,0.47572815,0.84390247
2018-1-10T13-49-4,1515588544177,0.8829268,-0.043902438,0.49514562,0.8829268
2018-1-10T13-49-4,1515588544178,0.81463414,-0.034146342,0.4854369,0.81463414
2018-1-10T13-49-4,1515588544179,0.8926829,-0.034146342,0.4563107,0.8926829
2018-1-10T13-49-4,1515588544180,0.87317073,-0.014634146,0.4368932,0.87317073
2018-1-10T13-49-4,1515588544181,0.85365856,0.014634146,0.407767,0.85365856
2018-1-10T13-49-4,1515588544182,0.85365856,0.034146342,0.42718446,0.85365856
2018-1-10T13-49-4,1515588544183,0.84390247,0.004878049,0.4368932,0.84390247
2018-1-10T13-49-4,1515588544184,0.80487806,-0.024390243,0.4563107,0.80487806
2018-1-10T13-49-4,1515588544185,0.84390247,-0.014634146,0.4563107,0.84390247
2018-1-10T13-49-4,1515588544186,0.8341463,-0.014634146,0.4368932,0.8341463
2018-1-10T13-49-4,1515588544187,0.8341463,-0.024390243,0.41747573,0.8341463
2018-1-10T13-49-4,1515588544188,0.82439023,0.014634146,0.41747573,0.82439023
2018-1-10T13-49-4,1515588544189,0.8341463,0.014634146,0.42718446,0.8341463
2018-1-10T13-49-4,1515588544190,0.86341465,0.014634146,0.47572815,0.86341465
2018-1-10T13-49-4,1515588544191,0.86341465,0.014634146,0.4854369,0.86341465
2018-1-10T13-49-4,1515588544192,0.8829268,0.014634146,0.44660193,0.8829268
2018-1-10T13-49-4,1515588544193,0.8829268,0.004878049,0.4368932,0.8829268
2018-1-10T13-49-4,1515588544194,0.87317073,0.004878049,0.4563107,0.87317073
2018-1-10T13-49-4,1515588544195,0.87317073,0.004878049,0.4563107,0.87317073
2018-1-10T13-49-4,1515588544196,0.87317073,-0.053658538,0.42718446,0.87317073
2018-1-10T13-49-4,1515588544197,0.82439023,-0.043902438,0.42718446,0.82439023
2018-1-10T13-49-4,1515588544198,0.79512197,-0.043902438,0.41747573,0.79512197
2018-1-10T13-49-4,1515588544199,0.77560973,-0.07317073,0.4368932,0.77560973
2018-1-10T13-49-4,1515588544200,0.79512197,-0.09268293,0.47572815,0.79512197
2018-1-10T13-49-4,1515588544201,0.82439023,-0.10243902,0.4854369,0.82439023
2018-1-10T13-49-4,1515588544202,0.86341465,-0.09268293,0.46601942,0.86341465
2018-1-10T13-49-4,1515588544203,0.8926829,-0.053658538,0.4368932,0.8926829
2018-1-10T13-49-4,1515588544204,0.8829268,-0.034146342,0.4368932,0.8829268
2018-1-10T13-49-4,1515588544205,0.86341465,-0.004878049,0.4563107,0.86341465
2018-1-10T13-49-4,1515588544206,0.86341465,-0.004878049,0.4368932,0.86341465
2018-1-10T13-49-4,1515588544207,0.8341463,-0.004878049,0.42718446,0.8341463
2018-1-10T13-49-4,1515588544208,0.82439023,-0.014634146,0.4368932,0.82439023
2018-1-10T13-49-4,1515588544209,0.85365856,0.004878049,0.44660193,0.85365856
2018-1-10T13-49-4,1515588544210,0.8341463,-0.004878049,0.46601942,0.8341463
2018-1-10T13-49-4,1515588544211,0.86341465,0.014634146,0.44660193,0.86341465
2018-1-10T13-49-4,1515588544212,0.86341465,-0.014634146,0.41747573,0.86341465
2018-1-10T13-49-4,1515588544213,0.84390247,-0.004878049,0.42718446,0.84390247
2018-1-10T13-49-4,1515588544214,0.82439023,0.004878049,0.41747573,0.82439023
2018-1-10T13-49-4,1515588544215,0.85365856,0.034146342,0.44660193,0.85365856
2018-1-10T13-49-4,1515588544216,0.79512197,-0.034146342,0.44660193,0.79512197
2018-1-10T13-49-4,1515588544217,0.81463414,-0.043902438,0.5145631,0.81463414
2018-1-10T13-49-4,1515588544218,0.79512197,-0.024390243,0.44660193,0.79512197
2018-1-10T13-49-4,1515588544219,0.87317073,0.004878049,0.4368932,0.87317073
2018-1-10T13-49-4,1515588544220,0.87317073,0.004878049,0.4368932,0.87317073
2018-1-10T13-49-4,1515588544221,0.87317073,0.09268293,0.44660193,0.87317073
2018-1-10T13-49-4,1515588544222,0.92195123,0.004878049,0.39805827,0.92195123
2018-1-10T13-49-4,1515588544223,0.87317073,-0.004878049,0.4368932,0.87317073
2018-1-10T13-49-4,1515588544224,0.87317073,-0.034146342,0.44660193,0.87317073
2018-1-10T13-49-4,1515588544225,0.8829268,0.004878049,0.4563107,0.8829268
2018-1-10T13-49-4,1515588544226,0.86341465,-0.034146342,0.46601942,0.86341465
2018-1-10T13-49-4,1515588544227,0.86341465,-0.043902438,0.4563107,0.86341465
2018-1-10T13-49-4,1515588544228,0.84390247,-0.014634146,0.4368932,0.84390247
2018-1-10T13-49-4,1515588544229,0.82439023,-0.034146342,0.42718446,0.82439023
2018-1-10T13-49-4,1515588544230,0.79512197,-0.034146342,0.4368932,0.79512197
2018-1-10T13-49-4,1515588544231,0.80487806,-0.024390243,0.42718446,0.80487806
2018-1-10T13-49-4,1515588544232,0.80487806,-0.034146342,0.407767,0.80487806
2018-1-10T13-49-4,1515588544233,0.86341465,-0.08292683,0.42718446,0.86341465
2018-1-10T13-49-4,1515588544234,0.8341463,-0.07317073,0.41747573,0.8341463
2018-1-10T13-49-4,1515588544235,0.84390247,-0.09268293,0.4563107,0.84390247
2018-1-10T13-49-4,1515588544236,0.86341465,-0.043902438,0.44660193,0.86341465
2018-1-10T13-49-4,1515588544237,0.85365856,-0.034146342,0.46601942,0.85365856
2018-1-10T13-49-4,1515588544238,0.85365856,-0.004878049,0.44660193,0.85365856
2018-1-10T13-49-4,1515588544239,0.87317073,0.014634146,0.4854369,0.87317073
2018-1-10T13-49-4,1515588544240,0.86341465,0.004878049,0.5048544,0.86341465
2018-1-10T13-49-4,1515588544241,0.87317073,0.004878049,0.46601942,0.87317073
2018-1-10T13-49-4,1515588544242,0.8829268,-0.004878049,0.46601942,0.8829268
2018-1-10T13-49-4,1515588544243,0.87317073,-0.024390243,0.4563107,0.87317073
2018-1-10T13-49-4,1515588544244,0.84390247,0.043902438,0.41747573,0.84390247
2018-1-10T13-49-4,1515588544245,0.80487806,-0.043902438,0.44660193,0.80487806
2018-1-10T13-49-4,1515588544246,0.82439023,-0.024390243,0.4368932,0.82439023
2018-1-10T13-49-4,1515588544247,0.79512197,-0.034146342,0.4368932,0.79512197
2018-1-10T13-49-4,1515588544248,0.8341463,-0.014634146,0.4368932,0.8341463
2018-1-10T13-49-4,1515588544249,0.84390247,0.004878049,0.4368932,0.84390247
2018-1-10T13-49-4,1515588544250,0.87317073,0.004878049,0.46601942,0.87317073
2018-1-10T13-49-4,1515588544251,0.902439,0.004878049,0.46601942,0.902439
2018-1-10T13-49-4,1515588544252,0.8829268,-0.004878049,0.47572815,0.8829268
2018-1-10T13-49-4,1515588544253,0.8829268,-0.004878049,0.42718446,0.8829268
2018-1-10T13-49-4,1515588544254,0.84390247,-0.024390243,0.44660193,0.84390247
2018-1-10T13-49-4,1515588544255,0.82439023,-0.034146342,0.4563107,0.82439023
2018-1-10T13-49-4,1515588544256,0.82439023,-0.053658538,0.4368932,0.82439023
2018-1-10T13-49-4,1515588544257,0.76585364,-0.034146342,0.4368932,0.76585364
2018-1-10T13-49-4,1515588544258,0.84390247,-0.024390243,0.4563107,0.84390247
2018-1-10T13-49-4,1515588544259,0.85365856,-0.043902438,0.4563107,0.85365856
2018-1-10T13-49-4,1515588544260,0.86341465,-0.034146342,0.44660193,0.86341465
2018-1-10T13-49-4,1515588544261,0.86341465,-0.014634146,0.4563107,0.86341465
2018-1-10T13-49-4,1515588544262,0.86341465,-0.004878049,0.44660193,0.86341465
2018-1-10T13-49-4,1515588544263,0.84390247,-0.014634146,0.44660193,0.84390247
2018-1-10T13-49-4,1515588544264,0.85365856,-0.004878049,0.44660193,0.85365856
2018-1-10T13-49-4,1515588544265,0.85365856,-0.034146342,0.47572815,0.85365856
2018-1-10T13-49-4,1515588544266,0.85365856,-0.034146342,0.407767,0.85365856
2018-1-10T13-49-4,1515588544267,0.82439023,-0.043902438,0.407767,0.82439023
2018-1-10T13-49-4,1515588544268,0.80487806,-0.024390243,0.3883495,0.80487806
2018-1-10T13-49-4,1515588544269,0.80487806,-0.06341463,0.42718446,0.80487806
2018-1-10T13-49-4,1515588544270,0.79512197,-0.06341463,0.3883495,0.79512197
2018-1-10T13-49-4,1515588544271,0.79512197,-0.043902438,0.4368932,0.79512197
2018-1-10T13-49-4,1515588544272,0.8341463,-0.024390243,0.42718446,0.8341463
2018-1-10T13-49-4,1515588544273,0.85365856,-0.014634146,0.4563107,0.85365856
2018-1-10T13-49-4,1515588544274,0.8829268,-0.004878049,0.49514562,0.8829268
2018-1-10T13-49-4,1515588544275,0.92195123,0.004878049,0.5145631,0.92195123
2018-1-10T13-49-4,1515588544276,0.91219515,-0.004878049,0.4854369,0.91219515
2018-1-10T13-49-4,1515588544277,0.91219515,-0.053658538,0.46601942,0.91219515
2018-1-10T13-49-4,1515588544278,0.87317073,-0.004878049,0.4368932,0.87317073
2018-1-10T13-49-4,1515588544279,0.82439023,-0.024390243,0.407767,0.82439023
2018-1-10T13-49-4,1515588544280,0.7853659,-0.034146342,0.39805827,0.7853659
2018-1-10T13-49-4,1515588544281,0.77560973,-0.043902438,0.42718446,0.77560973
2018-1-10T13-49-4,1515588544282,0.80487806,-0.043902438,0.4368932,0.80487806
2018-1-10T13-49-4,1515588544283,0.80487806,-0.043902438,0.44660193,0.80487806
2018-1-10T13-49-4,1515588544284,0.84390247,-0.024390243,0.46601942,0.84390247
2018-1-10T13-49-4,1515588544285,0.87317073,0.004878049,0.47572815,0.87317073
2018-1-10T13-49-4,1515588544286,0.8829268,0.004878049,0.49514562,0.8829268
2018-1-10T13-49-4,1515588544287,0.87317073,0.014634146,0.46601942,0.87317073
2018-1-10T13-49-4,1515588544288,0.8829268,-0.014634146,0.47572815,0.8829268
2018-1-10T13-49-4,1515588544289,0.87317073,-0.014634146,0.46601942,0.87317073
2018-1-10T13-49-4,1515588544290,0.8926829,0.053658538,0.4368932,0.8926829
2018-1-10T13-49-4,1515588544291,0.82439023,-0.004878049,0.407767,0.82439023
2018-1-10T13-49-4,1515588544292,0.82439023,-0.034146342,0.42718446,0.82439023
2018-1-10T13-49-4,1515588544293,0.81463414,-0.014634146,0.42718446,0.81463414
2018-1-10T13-49-4,1515588544294,0.82439023,-0.014634146,0.44660193,0.82439023
2018-1-10T13-49-4,1515588544295,0.82439023,-0.024390243,0.4563107,0.82439023
2018-1-10T13-49-4,1515588544296,0.85365856,-0.043902438,0.42718446,0.85365856
2018-1-10T13-49-4,1515588544297,0.86341465,-0.034146342,0.46601942,0.86341465
2018-1-10T13-49-4,1515588544298,0.85365856,-0.024390243,0.47572815,0.85365856
2018-1-10T13-49-4,1515588544299,0.8341463,-0.014634146,0.4563107,0.8341463
2018-1-10T13-49-4,1515588544300,0.84390247,-0.004878049,0.44660193,0.84390247
2018-1-10T13-49-4,1515588544301,0.8341463,-0.043902438,0.46601942,0.8341463
2018-1-10T13-49-4,1515588544302,0.8341463,0.014634146,0.41747573,0.8341463
2018-1-10T13-49-4,1515588544303,0.8341463,-0.034146342,0.42718446,0.8341463
2018-1-10T13-49-4,1515588544304,0.7853659,-0.024390243,0.3883495,0.7853659
2018-1-10T13-49-4,1515588544305,0.84390247,-0.034146342,0.41747573,0.84390247
2018-1-10T13-49-4,1515588544306,0.84390247,-0.004878049,0.41747573,0.84390247
2018-1-10T13-49-4,1515588544307,0.84390247,-0.024390243,0.46601942,0.84390247
2018-1-10T13-49-4,1515588544308,0.8341463,-0.034146342,0.44660193,0.8341463
2018-1-10T13-49-4,1515588544309,0.86341465,-0.043902438,0.47572815,0.86341465
2018-1-10T13-49-4,1515588544310,0.85365856,-0.034146342,0.4563107,0.85365856
2018-1-10T13-49-4,1515588544311,0.85365856,-0.024390243,0.47572815,0.85365856
2018-1-10T13-49-4,1515588544312,0.85365856,-0.024390243,0.4563107,0.85365856
2018-1-10T13-49-4,1515588544313,0.86341465,-0.024390243,0.46601942,0.86341465
2018-1-10T13-49-4,1515588544314,0.86341465,-0.024390243,0.4368932,0.86341465
2018-1-10T13-49-4,1515588544315,0.85365856,-0.014634146,0.407767,0.85365856
2018-1-10T13-49-4,1515588544316,0.80487806,-0.024390243,0.4368932,0.80487806
2018-1-10T13-49-4,1515588544317,0.82439023,-0.004878049,0.4563107,0.82439023
2018-1-10T13-49-4,1515588544318,0.81463414,-0.004878049,0.5145631,0.81463414
2018-1-10T13-49-4,1515588544319,0.8926829,0.004878049,0.44660193,0.8926829
2018-1-10T13-49-4,1515588544320,0.8926829,0.014634146,0.44660193,0.8926829
2018-1-10T13-49-4,1515588544321,0.8926829,-0.09268293,0.47572815,0.8926829
2018-1-10T13-49-4,1515588544322,0.902439,-0.014634146,0.4854369,0.902439
2018-1-10T13-49-4,1515588544323,0.8926829,0.014634146,0.46601942,0.8926829
2018-1-10T13-49-4,1515588544324,0.84390247,-0.004878049,0.41747573,0.84390247
2018-1-10T13-49-4,1515588544325,0.84390247,-0.004878049,0.407767,0.84390247
2018-1-10T13-49-4,1515588544326,0.77560973,-0.034146342,0.39805827,0.77560973
2018-1-10T13-49-4,1515588544327,0.76585364,-0.053658538,0.42718446,0.76585364
2018-1-10T13-49-4,1515588544328,0.79512197,-0.024390243,0.41747573,0.79512197
2018-1-10T13-49-4,1515588544329,0.81463414,-0.034146342,0.5048544,0.81463414
2018-1-10T13-49-4,1515588544330,0.87317073,-0.004878049,0.44660193,0.87317073
2018-1-10T13-49-4,1515588544331,0.86341465,-0.053658538,0.4563107,0.86341465
2018-1-10T13-49-4,1515588544332,0.8926829,-0.014634146,0.46601942,0.8926829
2018-1-10T13-49-4,1515588544333,0.87317073,-0.014634146,0.4563107,0.87317073
2018-1-10T13-49-4,1515588544334,0.87317073,-0.034146342,0.4563107,0.87317073
2018-1-10T13-49-4,1515588544335,0.84390247,-0.034146342,0.42718446,0.84390247
2018-1-10T13-49-4,1515588544336,0.75609756,-0.034146342,0.44660193,0.75609756
2018-1-10T13-49-4,1515588544337,0.84390247,-0.053658538,0.44660193,0.84390247
2018-1-10T13-49-4,1515588544338,0.81463414,0.004878049,0.44660193,0.81463414
2018-1-10T13-49-4,1515588544339,0.84390247,-0.06341463,0.4563107,0.84390247
2018-1-10T13-49-4,1515588544340,0.84390247,-0.06341463,0.4563107,0.84390247
2018-1-10T13-49-4,1515588544341,0.86341465,-0.014634146,0.4563107,0.86341465
2018-1-10T13-49-4,1515588544342,0.8829268,-0.034146342,0.4563107,0.8829268
2018-1-10T13-49-4,1515588544343,0.87317073,-0.014634146,0.42718446,0.87317073
2018-1-10T13-49-4,1515588544344,0.8829268,-0.004878049,0.44660193,0.8829268
2018-1-10T13-49-4,1515588544345,0.84390247,-0.034146342,0.42718446,0.84390247
2018-1-10T13-49-4,1515588544346,0.8341463,-0.024390243,0.42718446,0.8341463
2018-1-10T13-49-4,1515588544347,0.82439023,-0.024390243,0.41747573,0.82439023
2018-1-10T13-49-4,1515588544348,0.81463414,-0.034146342,0.44660193,0.81463414
2018-1-10T13-49-4,1515588544349,0.82439023,-0.024390243,0.4563107,0.82439023
2018-1-10T13-49-4,1515588544350,0.8341463,-0.014634146,0.4368932,0.8341463
2018-1-10T13-49-4,1515588544351,0.86341465,0.004878049,0.42718446,0.86341465
2018-1-10T13-49-4,1515588544352,0.86341465,0.014634146,0.44660193,0.86341465
2018-1-10T13-49-4,1515588544353,0.86341465,0.014634146,0.47572815,0.86341465
2018-1-10T13-49-4,1515588544354,0.8829268,-0.004878049,0.47572815,0.8829268
2018-1-10T13-49-4,1515588544355,0.87317073,-0.004878049,0.46601942,0.87317073
2018-1-10T13-49-4,1515588544356,0.92195123,-0.004878049,0.4368932,0.92195123
2018-1-10T13-49-4,1515588544357,0.84390247,-0.014634146,0.41747573,0.84390247
2018-1-10T13-49-4,1515588544358,0.84390247,-0.014634146,0.42718446,0.84390247
2018-1-10T13-49-4,1515588544359,0.8341463,0.004878049,0.407767,0.8341463
2018-1-10T13-49-4,1515588544360,0.8341463,-0.043902438,0.44660193,0.8341463
2018-1-10T13-49-4,1515588544361,0.86341465,-0.034146342,0.42718446,0.86341465
2018-1-10T13-49-4,1515588544362,0.84390247,-0.024390243,0.41747573,0.84390247
2018-1-10T13-49-4,1515588544363,0.82439023,-0.034146342,0.42718446,0.82439023
2018-1-10T13-49-4,1515588544364,0.82439023,-0.043902438,0.4368932,0.82439023
2018-1-10T13-49-4,1515588544365,0.82439023,-0.06341463,0.44660193,0.82439023
2018-1-10T13-49-4,1515588544366,0.81463414,-0.053658538,0.46601942,0.81463414
2018-1-10T13-49-4,1515588544367,0.82439023,-0.06341463,0.47572815,0.82439023
2018-1-10T13-49-4,1515588544368,0.87317073,-0.014634146,0.46601942,0.87317073
2018-1-10T13-49-4,1515588544369,0.85365856,-0.024390243,0.44660193,0.85365856
2018-1-10T13-49-4,1515588544370,0.87317073,-0.004878049,0.42718446,0.87317073
2018-1-10T13-49-4,1515588544371,0.86341465,-0.004878049,0.4563107,0.86341465
2018-1-10T13-49-4,1515588544372,0.87317073,0.004878049,0.4854369,0.87317073
2018-1-10T13-49-4,1515588544373,0.8829268,0.004878049,0.4563107,0.8829268
2018-1-10T13-49-4,1515588544374,0.9317073,-0.014634146,0.42718446,0.9317073
2018-1-10T13-49-4,1515588544375,0.8341463,-0.014634146,0.42718446,0.8341463
2018-1-10T13-49-4,1515588544376,0.82439023,0.024390243,0.4368932,0.82439023
2018-1-10T13-49-4,1515588544377,0.80487806,-0.09268293,0.4563107,0.80487806
2018-1-10T13-49-4,1515588544378,0.82439023,-0.034146342,0.3592233,0.82439023
2018-1-10T13-49-4,1515588544379,0.81463414,-0.034146342,0.4368932,0.81463414
2018-1-10T13-49-4,1515588544380,0.84390247,-0.004878049,0.44660193,0.84390247
2018-1-10T13-49-4,1515588544381,0.86341465,-0.004878049,0.4368932,0.86341465
2018-1-10T13-49-4,1515588544382,0.85365856,0.014634146,0.44660193,0.85365856
2018-1-10T13-49-4,1515588544383,0.87317073,0.004878049,0.4563107,0.87317073
2018-1-10T13-49-4,1515588544384,0.87317073,0.024390243,0.46601942,0.87317073
2018-1-10T13-49-4,1515588544385,0.91219515,0.08292683,0.46601942,0.91219515
2018-1-10T13-49-4,1515588544386,0.8829268,0.014634146,0.4368932,0.8829268
2018-1-10T13-49-4,1515588544387,0.85365856,-0.024390243,0.44660193,0.85365856
2018-1-10T13-49-4,1515588544388,0.85365856,-0.014634146,0.44660193,0.85365856
2018-1-10T13-49-4,1515588544389,0.85365856,-0.034146342,0.44660193,0.85365856
2018-1-10T13-49-4,1515588544390,0.8341463,-0.08292683,0.4368932,0.8341463
2018-1-10T13-49-4,1515588544391,0.84390247,-0.043902438,0.4368932,0.84390247
2018-1-10T13-49-4,1515588544392,0.84390247,-0.12195122,0.4563107,0.84390247
2018-1-10T13-49-4,1515588544393,0.81463414,-0.053658538,0.49514562,0.81463414
2018-1-10T13-49-4,1515588544394,0.81463414,-0.004878049,0.41747573,0.81463414
2018-1-10T13-49-4,1515588544395,0.80487806,-0.2292683,0.42718446,0.80487806
2018-1-10T13-49-4,1515588544396,0.81463414,-0.06341463,0.4368932,0.81463414
2018-1-10T13-49-4,1515588544397,0.82439023,-0.06341463,0.42718446,0.82439023
2018-1-10T13-49-4,1515588544398,0.81463414,-0.043902438,0.4368932,0.81463414
2018-1-10T13-49-4,1515588544399,0.85365856,-0.024390243,0.44660193,0.85365856
2018-1-10T13-49-4,1515588544400,0.8341463,-0.024390243,0.4854369,0.8341463
2018-1-10T13-49-4,1515588544401,0.8829268,-0.043902438,0.47572815,0.8829268
2018-1-10T13-49-4,1515588544402,0.8926829,-0.034146342,0.4854369,0.8926829
2018-1-10T13-49-4,1515588544403,0.902439,-0.004878049,0.39805827,0.902439
2018-1-10T13-49-4,1515588544404,0.902439,0.06341463,0.44660193,0.902439
2018-1-10T13-49-4,1515588544405,0.86341465,0.014634146,0.4563107,0.86341465
2018-1-10T13-49-4,1515588544406,0.8341463,0.024390243,0.4368932,0.8341463
2018-1-10T13-49-4,1515588544407,0.80487806,0.004878049,0.41747573,0.80487806
2018-1-10T13-49-4,1515588544408,0.8341463,0.004878049,0.39805827,0.8341463
2018-1-10T13-49-4,1515588544409,0.85365856,-0.024390243,0.42718446,0.85365856
2018-1-10T13-49-4,1515588544410,0.84390247,0.004878049,0.42718446,0.84390247
2018-1-10T13-49-4,1515588544411,0.85365856,0.014634146,0.44660193,0.85365856
2018-1-10T13-49-4,1515588544412,0.85365856,-0.09268293,0.46601942,0.85365856
2018-1-10T13-49-4,1515588544413,0.84390247,-0.024390243,0.46601942,0.84390247
2018-1-10T13-49-4,1515588544414,0.87317073,-0.014634146,0.4563107,0.87317073
2018-1-10T13-49-4,1515588544415,0.87317073,-0.004878049,0.44660193,0.87317073
2018-1-10T13-49-4,1515588544416,0.86341465,-0.004878049,0.4563107,0.86341465
2018-1-10T13-49-4,1515588544417,0.8829268,-0.004878049,0.47572815,0.8829268
2018-1-10T13-49-4,1515588544418,0.85365856,-0.034146342,0.44660193,0.85365856
2018-1-10T13-49-4,1515588544419,0.8341463,-0.053658538,0.407767,0.8341463
2018-1-10T13-49-4,1515588544420,0.8341463,-0.014634146,0.41747573,0.8341463
2018-1-10T13-49-4,1515588544421,0.82439023,0.024390243,0.44660193,0.82439023
2018-1-10T13-49-4,1515588544422,0.80487806,-0.06341463,0.4368932,0.80487806
2018-1-10T13-49-4,1515588544423,0.81463414,-0.06341463,0.4368932,0.81463414
2018-1-10T13-49-4,1515588544424,0.8341463,-0.07317073,0.44660193,0.8341463
2018-1-10T13-49-4,1515588544425,0.86341465,-0.004878049,0.4368932,0.86341465
2018-1-10T13-49-4,1515588544426,0.86341465,-0.053658538,0.4368932,0.86341465
2018-1-10T13-49-4,1515588544427,0.84390247,-0.014634146,0.4563107,0.84390247
2018-1-10T13-49-4,1515588544428,0.85365856,-0.034146342,0.41747573,0.85365856
2018-1-10T13-49-4,1515588544429,0.8926829,-0.004878049,0.44660193,0.8926829
2018-1-10T13-49-4,1515588544430,0.86341465,0.014634146,0.4368932,0.86341465
2018-1-10T13-49-4,1515588544431,0.8926829,0.004878049,0.44660193,0.8926829
2018-1-10T13-49-4,1515588544432,0.87317073,0.014634146,0.4368932,0.87317073
2018-1-10T13-49-4,1515588544433,0.8341463,0.004878049,0.44660193,0.8341463
2018-1-10T13-49-4,1515588544434,0.86341465,0.014634146,0.4563107,0.86341465
2018-1-10T13-49-4,1515588544435,0.85365856,-0.014634146,0.46601942,0.85365856
2018-1-10T13-49-4,1515588544436,0.85365856,-0.014634146,0.44660193,0.85365856
2018-1-10T13-49-4,1515588544437,0.82439023,0.004878049,0.4368932,0.82439023
2018-1-10T13-49-4,1515588544438,0.8341463,0.004878049,0.407767,0.8341463
2018-1-10T13-49-4,1515588544439,0.8341463,-0.004878049,0.44660193,0.8341463
2018-1-10T13-49-4,1515588544440,0.82439023,-0.004878049,0.41747573,0.82439023
2018-1-10T13-49-4,1515588544441,0.8926829,-0.014634146,0.4368932,0.8926829
2018-1-10T13-49-4,1515588544442,0.8341463,-0.024390243,0.4563107,0.8341463
2018-1-10T13-49-4,1515588544443,0.86341465,-0.024390243,0.44660193,0.86341465
2018-1-10T13-49-4,1515588544444,0.85365856,-0.024390243,0.44660193,0.85365856
2018-1-10T13-49-4,1515588544445,0.84390247,-0.014634146,0.44660193,0.84390247
2018-1-10T13-49-4,1515588544446,0.84390247,-0.014634146,0.42718446,0.84390247
2018-1-10T13-49-4,1515588544447,0.86341465,-0.014634146,0.42718446,0.86341465
2018-1-10T13-49-4,1515588544448,0.8341463,0.004878049,0.4563107,0.8341463
2018-1-10T13-49-4,1515588544449,0.85365856,-0.043902438,0.46601942,0.85365856
2018-1-10T13-49-4,1515588544450,0.85365856,-0.053658538,0.44660193,0.85365856
2018-1-10T13-49-4,1515588544451,0.84390247,-0.08292683,0.44660193,0.84390247
2018-1-10T13-49-4,1515588544452,0.8341463,-0.06341463,0.4563107,0.8341463
2018-1-10T13-49-4,1515588544453,0.8341463,-0.06341463,0.5048544,0.8341463
2018-1-10T13-49-4,1515588544454,0.85365856,-0.053658538,0.4368932,0.85365856
2018-1-10T13-49-4,1515588544455,0.86341465,-0.043902438,0.46601942,0.86341465
2018-1-10T13-49-4,1515588544456,0.85365856,-0.034146342,0.4563107,0.85365856
2018-1-10T13-49-4,1515588544457,0.87317073,-0.004878049,0.4368932,0.87317073
2018-1-10T13-49-4,1515588544458,0.84390247,-0.004878049,0.42718446,0.84390247
2018-1-10T13-49-4,1515588544459,0.84390247,0.014634146,0.46601942,0.84390247
2018-1-10T13-49-4,1515588544460,0.84390247,-0.024390243,0.44660193,0.84390247
2018-1-10T13-49-4,1515588544461,0.81463414,-0.004878049,0.44660193,0.81463414
2018-1-10T13-49-4,1515588544462,0.81463414,0.024390243,0.407767,0.81463414
2018-1-10T13-49-4,1515588544463,0.81463414,0.014634146,0.4368932,0.81463414
2018-1-10T13-49-4,1515588544464,0.80487806,-0.004878049,0.3883495,0.80487806
2018-1-10T13-49-4,1515588544465,0.8341463,0.004878049,0.4563107,0.8341463
2018-1-10T13-49-4,1515588544466,0.8341463,-0.004878049,0.4368932,0.8341463
2018-1-10T13-49-4,1515588544467,0.86341465,-0.07317073,0.4563107,0.86341465
2018-1-10T13-49-4,1515588544468,0.902439,0.004878049,0.46601942,0.902439
2018-1-10T13-49-4,1515588544469,0.8829268,0.014634146,0.4854369,0.8829268
2018-1-10T13-49-4,1515588544470,0.87317073,-0.024390243,0.4563107,0.87317073
2018-1-10T13-49-4,1515588544471,0.81463414,-0.014634146,0.44660193,0.81463414
2018-1-10T13-49-4,1515588544472,0.86341465,-0.043902438,0.41747573,0.86341465
2018-1-10T13-49-4,1515588544473,0.85365856,-0.043902438,0.4368932,0.85365856
2018-1-10T13-49-4,1515588544474,0.82439023,-0.07317073,0.4368932,0.82439023
2018-1-10T13-49-4,1515588544475,0.82439023,-0.07317073,0.4563107,0.82439023
2018-1-10T13-49-4,1515588544476,0.84390247,-0.06341463,0.4563107,0.84390247
2018-1-10T13-49-4,1515588544477,0.82439023,-0.09268293,0.4368932,0.82439023
2018-1-10T13-49-4,1515588544478,0.82439023,-0.06341463,0.44660193,0.82439023
2018-1-10T13-49-4,1515588544479,0.85365856,-0.043902438,0.4368932,0.85365856
2018-1-10T13-49-4,1515588544480,0.85365856,-0.034146342,0.44660193,0.85365856
2018-1-10T13-49-4,1515588544481,0.86341465,0.004878049,0.41747573,0.86341465
2018-1-10T13-49-4,1515588544482,0.84390247,-0.014634146,0.44660193,0.84390247
2018-1-10T13-49-4,1515588544483,0.85365856,-0.053658538,0.4563107,0.85365856
2018-1-10T13-49-4,1515588544484,0.91219515,-0.024390243,0.4368932,0.91219515
2018-1-10T13-49-4,1515588544485,0.85365856,-0.014634146,0.5048544,0.85365856
2018-1-10T13-49-4,1515588544486,0.85365856,-0.034146342,0.44660193,0.85365856
2018-1-10T13-49-4,1515588544487,0.85365856,-0.034146342,0.44660193,0.85365856
2018-1-10T13-49-4,1515588544488,0.85365856,-0.014634146,0.44660193,0.85365856
2018-1-10T13-49-4,1515588544489,0.85365856,0.004878049,0.407767,0.85365856
2018-1-10T13-49-4,1515588544490,0.8341463,0.034146342,0.34951457,0.8341463
2018-1-10T13-49-4,1515588544491,0.81463414,0.014634146,0.44660193,0.81463414
2018-1-10T13-49-4,1515588544492,0.8341463,0.014634146,0.4368932,0.8341463
2018-1-10T13-49-4,1515588544493,0.85365856,0.004878049,0.46601942,0.85365856
2018-1-10T13-49-4,1515588544494,0.87317073,0.014634146,0.44660193,0.87317073
2018-1-10T13-49-4,1515588544495,0.902439,-0.06341463,0.44660193,0.902439
2018-1-10T13-49-4,1515588544496,0.8829268,0.014634146,0.46601942,0.8829268
2018-1-10T13-49-4,1515588544497,0.8829268,0.004878049,0.4563107,0.8829268
2018-1-10T13-49-4,1515588544498,0.87317073,-0.004878049,0.46601942,0.87317073
2018-1-10T13-49-4,1515588544499,0.87317073,-0.004878049,0.44660193,0.87317073
2018-1-10T13-49-4,1515588544500,0.85365856,-0.014634146,0.42718446,0.85365856
2018-1-10T13-49-4,1515588544501,0.84390247,-0.014634146,0.4368932,0.84390247
2018-1-10T13-49-4,1515588544502,0.8341463,-0.043902438,0.42718446,0.8341463
2018-1-10T13-49-4,1515588544503,0.82439023,-0.043902438,0.4368932,0.82439023
2018-1-10T13-49-4,1515588544504,0.82439023,-0.034146342,0.4368932,0.82439023
2018-1-10T13-49-4,1515588544505,0.84390247,-0.014634146,0.46601942,0.84390247
2018-1-10T13-49-4,1515588544506,0.82439023,-0.07317073,0.44660193,0.82439023
2018-1-10T13-49-4,1515588544507,0.8341463,-0.12195122,0.42718446,0.8341463
2018-1-10T13-49-4,1515588544508,0.82439023,-0.07317073,0.42718446,0.82439023
2018-1-10T13-49-4,1515588544509,0.82439023,-0.024390243,0.4368932,0.82439023
2018-1-10T13-49-4,1515588544510,0.82439023,-0.08292683,0.44660193,0.82439023
2018-1-10T13-49-4,1515588544511,0.8341463,-0.06341463,0.4563107,0.8341463
2018-1-10T13-49-4,1515588544512,0.84390247,-0.043902438,0.4563107,0.84390247
2018-1-10T13-49-4,1515588544513,0.8829268,-0.024390243,0.46601942,0.8829268
2018-1-10T13-49-4,1515588544514,0.87317073,-0.08292683,0.4854369,0.87317073
2018-1-10T13-49-4,1515588544515,0.8829268,0.004878049,0.46601942,0.8829268
2018-1-10T13-49-4,1515588544516,0.92195123,0.004878049,0.47572815,0.92195123
2018-1-10T13-49-4,1515588544517,0.8926829,-0.004878049,0.4854369,0.8926829
2018-1-10T13-49-4,1515588544518,0.8829268,0.004878049,0.44660193,0.8829268
2018-1-10T13-49-4,1515588544519,0.86341465,0.053658538,0.4563107,0.86341465
2018-1-10T13-49-4,1515588544520,0.82439023,-0.024390243,0.42718446,0.82439023
2018-1-10T13-49-4,1515588544521,0.85365856,-0.043902438,0.39805827,0.85365856
2018-1-10T13-49-4,1515588544522,0.77560973,-0.034146342,0.39805827,0.77560973
2018-1-10T13-49-4,1515588544523,0.76585364,-0.034146342,0.4368932,0.76585364
2018-1-10T13-49-4,1515588544524,0.82439023,-0.034146342,0.4368932,0.82439023
2018-1-10T13-49-4,1515588544525,0.82439023,-0.09268293,0.4368932,0.82439023
2018-1-10T13-49-4,1515588544526,0.85365856,0.014634146,0.42718446,0.85365856
2018-1-10T13-49-4,1515588544527,0.87317073,0.043902438,0.4563107,0.87317073
2018-1-10T13-49-4,1515588544528,0.8926829,0.024390243,0.46601942,0.8926829
2018-1-10T13-49-4,1515588544529,0.902439,0.024390243,0.44660193,0.902439
2018-1-10T13-49-4,1515588544530,0.8829268,0.004878049,0.4563107,0.8829268
2018-1-10T13-49-4,1515588544531,0.86341465,-0.014634146,0.4563107,0.86341465
2018-1-10T13-49-4,1515588544532,0.8341463,-0.024390243,0.49514562,0.8341463
2018-1-10T13-49-4,1515588544533,0.84390247,-0.034146342,0.44660193,0.84390247
2018-1-10T13-49-4,1515588544534,0.8341463,-0.043902438,0.4563107,0.8341463
2018-1-10T13-49-4,1515588544535,0.85365856,-0.043902438,0.4368932,0.85365856
2018-1-10T13-49-4,1515588544536,0.87317073,-0.034146342,0.42718446,0.87317073
2018-1-10T13-49-4,1515588544537,0.84390247,-0.014634146,0.44660193,0.84390247
2018-1-10T13-49-4,1515588544538,0.84390247,-0.034146342,0.46601942,0.84390247
2018-1-10T13-49-4,1515588544539,0.8341463,-0.014634146,0.4563107,0.8341463
2018-1-10T13-49-4,1515588544540,0.84390247,-0.043902438,0.4854369,0.84390247
2018-1-10T13-49-4,1515588544541,0.8341463,-0.024390243,0.4563107,0.8341463
2018-1-10T13-49-4,1515588544542,0.84390247,-0.034146342,0.4368932,0.84390247
2018-1-10T13-49-4,1515588544543,0.85365856,-0.024390243,0.4563107,0.85365856
2018-1-10T13-49-4,1515588544544,0.85365856,-0.024390243,0.4563107,0.85365856
2018-1-10T13-49-4,1515588544545,0.8341463,-0.053658538,0.4368932,0.8341463
2018-1-10T13-49-4,1515588544546,0.80487806,-0.024390243,0.42718446,0.80487806
2018-1-10T13-49-4,1515588544547,0.81463414,-0.034146342,0.42718446,0.81463414
2018-1-10T13-49-4,1515588544548,0.79512197,-0.034146342,0.42718446,0.79512197
2018-1-10T13-49-4,1515588544549,0.79512197,-0.043902438,0.44660193,0.79512197
2018-1-10T13-49-4,1515588544550,0.84390247,-0.043902438,0.4563107,0.84390247
2018-1-10T13-49-4,1515588544551,0.85365856,-0.18048781,0.46601942,0.85365856
2018-1-10T13-49-4,1515588544552,0.8829268,-0.004878049,0.4368932,0.8829268
2018-1-10T13-49-4,1515588544553,0.8926829,0.014634146,0.42718446,0.8926829
2018-1-10T13-49-4,1515588544554,0.902439,-0.034146342,0.46601942,0.902439
2018-1-10T13-49-4,1515588544555,0.86341465,-0.014634146,0.4563107,0.86341465
2018-1-10T13-49-4,1515588544556,0.85365856,-0.024390243,0.4368932,0.85365856
2018-1-10T13-49-4,1515588544557,0.86341465,-0.024390243,0.4563107,0.86341465
2018-1-10T13-49-4,1515588544558,0.86341465,-0.043902438,0.4854369,0.86341465
2018-1-10T13-49-4,1515588544559,0.84390247,-0.034146342,0.4563107,0.84390247
2018-1-10T13-49-4,1515588544560,0.85365856,-0.004878049,0.44660193,0.85365856
2018-1-10T13-49-4,1515588544561,0.86341465,-0.004878049,0.42718446,0.86341465
2018-1-10T13-49-4,1515588544562,0.86341465,-0.014634146,0.4563107,0.86341465
2018-1-10T13-49-4,1515588544563,0.8341463,-0.014634146,0.4563107,0.8341463
2018-1-10T13-49-4,1515588544564,0.8341463,-0.043902438,0.116504855,0.8341463
2018-1-10T13-49-4,1515588544565,0.82439023,-0.014634146,0.49514562,0.82439023
2018-1-10T13-49-4,1515588544566,0.82439023,-0.014634146,0.44660193,0.82439023
2018-1-10T13-49-4,1515588544567,0.82439023,-0.004878049,0.44660193,0.82439023
2018-1-10T13-49-4,1515588544568,0.82439023,-0.004878049,0.4368932,0.82439023
2018-1-10T13-49-4,1515588544569,0.86341465,-0.014634146,0.41747573,0.86341465
2018-1-10T13-49-4,1515588544570,0.85365856,0.004878049,0.41747573,0.85365856
2018-1-10T13-49-4,1515588544571,0.8341463,0.004878049,0.4368932,0.8341463
2018-1-10T13-49-4,1515588544572,0.82439023,-0.024390243,0.44660193,0.82439023
2018-1-10T13-49-4,1515588544573,0.84390247,-0.034146342,0.46601942,0.84390247
2018-1-10T13-49-4,1515588544574,0.84390247,-0.053658538,0.44660193,0.84390247
2018-1-10T13-49-4,1515588544575,0.85365856,-0.053658538,0.3883495,0.85365856
2018-1-10T13-49-4,1515588544576,0.85365856,-0.06341463,0.4563107,0.85365856
2018-1-10T13-49-4,1515588544577,0.84390247,-0.043902438,0.47572815,0.84390247
2018-1-10T13-49-4,1515588544578,0.84390247,0.053658538,0.44660193,0.84390247
2018-1-10T13-49-4,1515588544579,0.84390247,-0.07317073,0.4368932,0.84390247
2018-1-10T13-49-4,1515588544580,0.84390247,-0.043902438,0.44660193,0.84390247
2018-1-10T13-49-4,1515588544581,0.82439023,-0.053658538,0.4563107,0.82439023
2018-1-10T13-49-4,1515588544582,0.76585364,-0.043902438,0.46601942,0.76585364
2018-1-10T13-49-4,1515588544583,0.9414634,-0.024390243,0.46601942,0.9414634
2018-1-10T13-49-4,1515588544584,0.87317073,0.014634146,0.44660193,0.87317073
2018-1-10T13-49-4,1515588544585,0.82439023,-0.014634146,0.4368932,0.82439023
2018-1-10T13-49-4,1515588544586,0.8341463,-0.004878049,0.4368932,0.8341463
2018-1-10T13-49-4,1515588544587,0.85365856,0.004878049,0.47572815,0.85365856
2018-1-10T13-49-4,1515588544588,0.8341463,0.014634146,0.42718446,0.8341463
2018-1-10T13-49-4,1515588544589,0.81463414,-0.004878049,0.42718446,0.81463414
2018-1-10T13-49-4,1515588544590,0.82439023,-0.014634146,0.41747573,0.82439023
2018-1-10T13-49-4,1515588544591,0.82439023,0.004878049,0.4854369,0.82439023
2018-1-10T13-49-4,1515588544592,0.84390247,-0.024390243,0.46601942,0.84390247
2018-1-10T13-49-4,1515588544593,0.85365856,0.07317073,0.4563107,0.85365856
2018-1-10T13-49-4,1515588544594,0.86341465,-0.024390243,0.4368932,0.86341465
2018-1-10T13-49-4,1515588544595,0.85365856,-0.004878049,0.4563107,0.85365856
2018-1-10T13-49-4,1515588544596,0.902439,-0.004878049,0.4563107,0.902439
2018-1-10T13-49-4,1515588544597,0.85365856,-0.024390243,0.4368932,0.85365856
2018-1-10T13-49-4,1515588544598,0.84390247,-0.014634146,0.4563107,0.84390247
2018-1-10T13-49-4,1515588544599,0.86341465,-0.024390243,0.44660193,0.86341465
2018-1-10T13-49-4,1515588544600,0.85365856,-0.043902438,0.4368932,0.85365856
2018-1-10T13-49-4,1515588544601,0.85365856,-0.014634146,0.42718446,0.85365856
2018-1-10T13-49-4,1515588544602,0.81463414,-0.024390243,0.4368932,0.81463414
2018-1-10T13-49-4,1515588544603,0.84390247,-0.024390243,0.44660193,0.84390247
2018-1-10T13-49-4,1515588544604,0.8341463,-0.034146342,0.4563107,0.8341463
2018-1-10T13-49-4,1515588544605,0.8341463,-0.06341463,0.4368932,0.8341463
2018-1-10T13-49-4,1515588544606,0.8341463,-0.034146342,0.42718446,0.8341463
2018-1-10T13-49-4,1515588544607,0.84390247,-0.024390243,0.4563107,0.84390247
2018-1-10T13-49-4,1515588544608,0.84390247,-0.043902438,0.44660193,0.84390247
2018-1-10T13-49-4,1515588544609,0.84390247,-0.043902438,0.4368932,0.84390247
2018-1-10T13-49-4,1515588544610,0.85365856,-0.034146342,0.4368932,0.85365856
2018-1-10T13-49-4,1515588544611,0.8829268,-0.014634146,0.44660193,0.8829268
2018-1-10T13-49-4,1515588544612,0.85365856,-0.034146342,0.46601942,0.85365856
2018-1-10T13-49-4,1515588544613,0.85365856,-0.024390243,0.41747573,0.85365856
2018-1-10T13-49-4,1515588544614,0.8341463,-0.024390243,0.4563107,0.8341463
2018-1-10T13-49-4,1515588544615,0.85365856,-0.014634146,0.46601942,0.85365856
2018-1-10T13-49-4,1515588544616,0.85365856,-0.004878049,0.4368932,0.85365856
2018-1-10T13-49-4,1515588544617,0.8341463,-0.014634146,0.4368932,0.8341463
2018-1-10T13-49-4,1515588544618,0.84390247,-0.043902438,0.41747573,0.84390247
2018-1-10T13-49-4,1515588544619,0.8341463,-0.06341463,0.4563107,0.8341463
2018-1-10T13-49-4,1515588544620,0.82439023,-0.024390243,0.47572815,0.82439023
2018-1-10T13-49-4,1515588544621,0.80487806,-0.014634146,0.44660193,0.80487806
2018-1-10T13-49-4,1515588544622,0.85365856,-0.024390243,0.42718446,0.85365856
2018-1-10T13-49-4,1515588544623,0.8341463,-0.024390243,0.46601942,0.8341463
2018-1-10T13-49-4,1515588544624,0.8829268,0.004878049,0.44660193,0.8829268
2018-1-10T13-49-4,1515588544625,0.87317073,-0.004878049,0.4368932,0.87317073
2018-1-10T13-49-4,1515588544626,0.8829268,0.014634146,0.4368932,0.8829268
2018-1-10T13-49-4,1515588544627,0.84390247,0.014634146,0.39805827,0.84390247
2018-1-10T13-49-4,1515588544628,0.86341465,-0.014634146,0.47572815,0.86341465
2018-1-10T13-49-4,1515588544629,0.84390247,-0.014634146,0.4368932,0.84390247
2018-1-10T13-49-4,1515588544630,0.81463414,-0.024390243,0.44660193,0.81463414
2018-1-10T13-49-4,1515588544631,0.82439023,-0.043902438,0.42718446,0.82439023
2018-1-10T13-49-4,1515588544632,0.8341463,-0.043902438,0.42718446,0.8341463
2018-1-10T13-49-4,1515588544633,0.82439023,-0.043902438,0.4368932,0.82439023
2018-1-10T13-49-4,1515588544634,0.82439023,-0.053658538,0.44660193,0.82439023
2018-1-10T13-49-4,1515588544635,0.81463414,-0.034146342,0.4368932,0.81463414
2018-1-10T13-49-4,1515588544636,0.82439023,-0.043902438,0.4563107,0.82439023
2018-1-10T13-49-4,1515588544637,0.86341465,-0.043902438,0.4854369,0.86341465
2018-1-10T13-49-4,1515588544638,0.86341465,-0.024390243,0.4854369,0.86341465
2018-1-10T13-49-4,1515588544639,0.902439,-0.004878049,0.4563107,0.902439
2018-1-10T13-49-4,1515588544640,0.8829268,0.014634146,0.407767,0.8829268
2018-1-10T13-49-4,1515588544641,0.84390247,0.004878049,0.41747573,0.84390247
2018-1-10T13-49-4,1515588544642,0.82439023,-0.024390243,0.42718446,0.82439023
2018-1-10T13-49-4,1515588544643,0.86341465,-0.034146342,0.44660193,0.86341465
2018-1-10T13-49-4,1515588544644,0.79512197,-0.043902438,0.44660193,0.79512197
2018-1-10T13-49-4,1515588544645,0.82439023,-0.034146342,0.42718446,0.82439023
2018-1-10T13-49-4,1515588544646,0.84390247,-0.043902438,0.4368932,0.84390247
2018-1-10T13-49-4,1515588544647,0.85365856,-0.034146342,0.4854369,0.85365856
2018-1-10T13-49-4,1515588544648,0.86341465,0.07317073,0.4368932,0.86341465
2018-1-10T13-49-4,1515588544649,0.85365856,-0.004878049,0.41747573,0.85365856
2018-1-10T13-49-4,1515588544650,0.84390247,-0.014634146,0.44660193,0.84390247
2018-1-10T13-49-4,1515588544651,0.82439023,-0.024390243,0.52427185,0.82439023
2018-1-10T13-49-4,1515588544652,0.84390247,-0.034146342,0.46601942,0.84390247
2018-1-10T13-49-4,1515588544653,0.85365856,-0.043902438,0.4563107,0.85365856
2018-1-10T13-49-4,1515588544654,0.86341465,-0.034146342,0.41747573,0.86341465
2018-1-10T13-49-4,1515588544655,0.8829268,-0.034146342,0.4368932,0.8829268
2018-1-10T13-49-4,1515588544656,0.87317073,-0.004878049,0.44660193,0.87317073
2018-1-10T13-49-4,1515588544657,0.8341463,-0.034146342,0.4368932,0.8341463
2018-1-10T13-49-4,1515588544658,0.82439023,-0.014634146,0.42718446,0.82439023
2018-1-10T13-49-4,1515588544659,0.80487806,-0.014634146,0.4368932,0.80487806
2018-1-10T13-49-4,1515588544660,0.79512197,-0.024390243,0.4563107,0.79512197
2018-1-10T13-49-4,1515588544661,0.8341463,-0.024390243,0.47572815,0.8341463
2018-1-10T13-49-4,1515588544662,0.86341465,-0.024390243,0.47572815,0.86341465
2018-1-10T13-49-4,1515588544663,0.8926829,0.004878049,0.4368932,0.8926829
2018-1-10T13-49-4,1515588544664,0.902439,0.034146342,0.4563107,0.902439
2018-1-10T13-49-4,1515588544665,0.86341465,0.024390243,0.4854369,0.86341465
2018-1-10T13-49-4,1515588544666,0.87317073,-0.004878049,0.47572815,0.87317073
2018-1-10T13-49-4,1515588544667,0.85365856,0.06341463,0.44660193,0.85365856
2018-1-10T13-49-4,1515588544668,0.85365856,-0.014634146,0.4368932,0.85365856
2018-1-10T13-49-4,1515588544669,0.86341465,-0.024390243,0.44660193,0.86341465
2018-1-10T13-49-4,1515588544670,0.86341465,-0.024390243,0.5048544,0.86341465
2018-1-10T13-49-4,1515588544671,0.86341465,-0.014634146,0.44660193,0.86341465
2018-1-10T13-49-4,1515588544672,0.84390247,-0.004878049,0.42718446,0.84390247
2018-1-10T13-49-4,1515588544673,0.81463414,-0.024390243,0.407767,0.81463414
2018-1-10T13-49-4,1515588544674,0.79512197,-0.043902438,0.41747573,0.79512197
2018-1-10T13-49-4,1515588544675,0.7853659,-0.043902438,0.42718446,0.7853659
2018-1-10T13-49-4,1515588544676,0.7853659,-0.043902438,0.44660193,0.7853659
2018-1-10T13-49-4,1515588544677,0.80487806,-0.09268293,0.4368932,0.80487806
2018-1-10T13-49-4,1515588544678,0.82439023,-0.053658538,0.4368932,0.82439023
2018-1-10T13-49-4,1515588544679,0.84390247,-0.034146342,0.4563107,0.84390247
2018-1-10T13-49-4,1515588544680,0.86341465,-0.024390243,0.4563107,0.86341465
2018-1-10T13-49-4,1515588544681,0.8829268,-0.014634146,0.44660193,0.8829268
2018-1-10T13-49-4,1515588544682,0.902439,-0.034146342,0.4368932,0.902439
2018-1-10T13-49-4,1515588544683,0.84390247,-0.024390243,0.44660193,0.84390247
2018-1-10T13-49-4,1515588544684,0.82439023,-0.014634146,0.46601942,0.82439023
2018-1-10T13-49-4,1515588544685,0.902439,-0.024390243,0.4854369,0.902439
2018-1-10T13-49-4,1515588544686,0.80487806,-0.024390243,0.44660193,0.80487806
2018-1-10T13-49-4,1515588544687,0.86341465,-0.024390243,0.46601942,0.86341465
2018-1-10T13-49-4,1515588544688,0.87317073,-0.014634146,0.46601942,0.87317073
2018-1-10T13-49-4,1515588544689,0.86341465,-0.034146342,0.4854369,0.86341465
2018-1-10T13-49-4,1515588544690,0.84390247,-0.014634146,0.44660193,0.84390247
2018-1-10T13-49-4,1515588544691,0.8341463,-0.004878049,0.41747573,0.8341463
2018-1-10T13-49-4,1515588544692,0.8341463,0.004878049,0.41747573,0.8341463
2018-1-10T13-49-4,1515588544693,0.8341463,0.004878049,0.44660193,0.8341463
2018-1-10T13-49-4,1515588544694,0.85365856,0.004878049,0.47572815,0.85365856
2018-1-10T13-49-4,1515588544695,0.9317073,-0.004878049,0.4563107,0.9317073
2018-1-10T13-49-4,1515588544696,0.86341465,0.004878049,0.4854369,0.86341465
2018-1-10T13-49-4,1515588544697,0.86341465,0.004878049,0.4368932,0.86341465
2018-1-10T13-49-4,1515588544698,0.85365856,-0.004878049,0.42718446,0.85365856
2018-1-10T13-49-4,1515588544699,0.84390247,-0.014634146,0.44660193,0.84390247
2018-1-10T13-49-4,1515588544700,0.80487806,-0.034146342,0.4368932,0.80487806
2018-1-10T13-49-4,1515588544701,0.8341463,-0.034146342,0.44660193,0.8341463
2018-1-10T13-49-4,1515588544702,0.84390247,-0.043902438,0.46601942,0.84390247
2018-1-10T13-49-4,1515588544703,0.86341465,-0.043902438,0.4563107,0.86341465
2018-1-10T13-49-4,1515588544704,0.86341465,-0.043902438,0.4368932,0.86341465
2018-1-10T13-49-4,1515588544705,0.902439,-0.043902438,0.3883495,0.902439
2018-1-10T13-49-4,1515588544706,0.8341463,-0.043902438,0.42718446,0.8341463
2018-1-10T13-49-4,1515588544707,0.81463414,-0.053658538,0.4563107,0.81463414
2018-1-10T13-49-4,1515588544708,0.81463414,-0.07317073,0.46601942,0.81463414
2018-1-10T13-49-4,1515588544709,0.82439023,-0.07317073,0.4563107,0.82439023
2018-1-10T13-49-4,1515588544710,0.85365856,-0.053658538,0.46601942,0.85365856
2018-1-10T13-49-4,1515588544711,0.85365856,-0.034146342,0.4368932,0.85365856
2018-1-10T13-49-4,1515588544712,0.87317073,-0.024390243,0.4368932,0.87317073
2018-1-10T13-49-4,1515588544713,0.902439,-0.014634146,0.4368932,0.902439
2018-1-10T13-49-4,1515588544714,0.84390247,0.004878049,0.46601942,0.84390247
2018-1-10T13-49-4,1515588544715,0.8341463,-0.004878049,0.46601942,0.8341463
2018-1-10T13-49-4,1515588544716,0.84390247,0.004878049,0.44660193,0.84390247
2018-1-10T13-49-4,1515588544717,0.85365856,0.004878049,0.42718446,0.85365856
2018-1-10T13-49-4,1515588544718,0.84390247,0.004878049,0.4368932,0.84390247
2018-1-10T13-49-4,1515588544719,0.85365856,0.004878049,0.46601942,0.85365856
2018-1-10T13-49-4,1515588544720,0.86341465,-0.024390243,0.4854369,0.86341465
2018-1-10T13-49-4,1515588544721,0.86341465,-0.024390243,0.46601942,0.86341465
2018-1-10T13-49-4,1515588544722,0.84390247,-0.004878049,0.4368932,0.84390247
2018-1-10T13-49-4,1515588544723,0.84390247,0.004878049,0.42718446,0.84390247
2018-1-10T13-49-4,1515588544724,0.8341463,0.004878049,0.4368932,0.8341463
2018-1-10T13-49-4,1515588544725,0.8341463,-0.004878049,0.47572815,0.8341463
2018-1-10T13-49-4,1515588544726,0.85365856,-0.004878049,0.46601942,0.85365856
2018-1-10T13-49-4,1515588544727,0.7853659,-0.014634146,0.44660193,0.7853659
2018-1-10T13-49-4,1515588544728,0.86341465,-0.07317073,0.42718446,0.86341465
2018-1-10T13-49-4,1515588544729,0.85365856,-0.014634146,0.4368932,0.85365856
2018-1-10T13-49-4,1515588544730,0.84390247,-0.004878049,0.4563107,0.84390247
2018-1-10T13-49-4,1515588544731,0.8341463,-0.024390243,0.46601942,0.8341463
2018-1-10T13-49-4,1515588544732,0.84390247,-0.053658538,0.44660193,0.84390247
2018-1-10T13-49-4,1515588544733,0.85365856,-0.014634146,0.41747573,0.85365856
2018-1-10T13-49-4,1515588544734,0.87317073,0.014634146,0.46601942,0.87317073
2018-1-10T13-49-4,1515588544735,0.86341465,-0.043902438,0.46601942,0.86341465
2018-1-10T13-49-4,1515588544736,0.84390247,-0.043902438,0.41747573,0.84390247
2018-1-10T13-49-4,1515588544737,0.82439023,-0.053658538,0.407767,0.82439023
2018-1-10T13-49-4,1515588544738,0.82439023,-0.034146342,0.4368932,0.82439023
2018-1-10T13-49-4,1515588544739,0.82439023,-0.07317073,0.4563107,0.82439023
2018-1-10T13-49-4,1515588544740,0.80487806,-0.053658538,0.4368932,0.80487806
2018-1-10T13-49-4,1515588544741,0.82439023,-0.034146342,0.4368932,0.82439023
2018-1-10T13-49-4,1515588544742,0.8341463,-0.06341463,0.5145631,0.8341463
2018-1-10T13-49-4,1515588544743,0.77560973,-0.034146342,0.44660193,0.77560973
2018-1-10T13-49-4,1515588544744,0.82439023,-0.034146342,0.42718446,0.82439023
2018-1-10T13-49-4,1515588544745,0.8341463,-0.004878049,0.4368932,0.8341463
2018-1-10T13-49-4,1515588544746,0.84390247,-0.004878049,0.4563107,0.84390247
2018-1-10T13-49-4,1515588544747,0.79512197,-0.014634146,0.41747573,0.79512197
2018-1-10T13-49-4,1515588544748,0.82439023,-0.014634146,0.4368932,0.82439023
2018-1-10T13-49-4,1515588544749,0.85365856,-0.043902438,0.4368932,0.85365856
2018-1-10T13-49-4,1515588544750,0.86341465,-0.014634146,0.4563107,0.86341465
2018-1-10T13-49-4,1515588544751,0.85365856,-0.08292683,0.4563107,0.85365856
2018-1-10T13-49-4,1515588544752,0.9512195,-0.004878049,0.46601942,0.9512195
2018-1-10T13-49-4,1515588544753,0.86341465,-0.014634146,0.47572815,0.86341465
2018-1-10T13-49-4,1515588544754,0.87317073,-0.014634146,0.4563107,0.87317073
2018-1-10T13-49-4,1515588544755,0.8926829,-0.024390243,0.4368932,0.8926829
2018-1-10T13-49-4,1515588544756,0.86341465,-0.004878049,0.4563107,0.86341465
2018-1-10T13-49-4,1515588544757,0.8341463,-0.014634146,0.47572815,0.8341463
2018-1-10T13-49-4,1515588544758,0.8341463,-0.053658538,0.5145631,0.8341463
2018-1-10T13-49-4,1515588544759,0.84390247,-0.024390243,0.4368932,0.84390247
2018-1-10T13-49-4,1515588544760,0.84390247,-0.034146342,0.42718446,0.84390247
2018-1-10T13-49-4,1515588544761,0.82439023,-0.043902438,0.4368932,0.82439023
2018-1-10T13-49-4,1515588544762,0.8341463,-0.034146342,0.4368932,0.8341463
2018-1-10T13-49-4,1515588544763,0.8341463,-0.043902438,0.44660193,0.8341463
2018-1-10T13-49-4,1515588544764,0.82439023,-0.034146342,0.4368932,0.82439023
2018-1-10T13-49-4,1515588544765,0.8926829,-0.043902438,0.44660193,0.8926829
2018-1-10T13-49-4,1515588544766,0.84390247,-0.034146342,0.47572815,0.84390247
2018-1-10T13-49-4,1515588544767,0.8341463,-0.034146342,0.4368932,0.8341463
2018-1-10T13-49-4,1515588544768,0.84390247,-0.024390243,0.42718446,0.84390247
2018-1-10T13-49-4,1515588544769,0.8341463,-0.024390243,0.4368932,0.8341463
2018-1-10T13-49-4,1515588544770,0.8341463,-0.024390243,0.44660193,0.8341463
2018-1-10T13-49-4,1515588544771,0.82439023,-0.053658538,0.44660193,0.82439023
2018-1-10T13-49-4,1515588544772,0.8341463,-0.034146342,0.44660193,0.8341463
2018-1-10T13-49-4,1515588544773,0.86341465,-0.024390243,0.44660193,0.86341465
2018-1-10T13-49-4,1515588544774,0.85365856,-0.014634146,0.47572815,0.85365856
2018-1-10T13-49-4,1515588544775,0.87317073,-0.014634146,0.4563107,0.87317073
2018-1-10T13-49-4,1515588544776,0.87317073,-0.004878049,0.44660193,0.87317073
2018-1-10T13-49-4,1515588544777,0.902439,0.004878049,0.41747573,0.902439
2018-1-10T13-49-4,1515588544778,0.86341465,0.004878049,0.41747573,0.86341465
2018-1-10T13-49-4,1515588544779,0.84390247,-0.004878049,0.4563107,0.84390247
2018-1-10T13-49-4,1515588544780,0.81463414,-0.014634146,0.5048544,0.81463414
2018-1-10T13-49-4,1515588544781,0.8341463,-0.024390243,0.47572815,0.8341463
2018-1-10T13-49-4,1515588544782,0.87317073,-0.024390243,0.47572815,0.87317073
2018-1-10T13-49-4,1515588544783,0.8926829,-0.034146342,0.4368932,0.8926829
2018-1-10T13-49-4,1515588544784,0.86341465,-0.024390243,0.36893204,0.86341465
2018-1-10T13-49-4,1515588544785,0.85365856,-0.014634146,0.4563107,0.85365856
2018-1-10T13-49-4,1515588544786,0.8341463,-0.024390243,0.47572815,0.8341463
2018-1-10T13-49-4,1515588544787,0.85365856,-0.014634146,0.44660193,0.85365856
2018-1-10T13-49-4,1515588544788,0.8341463,-0.024390243,0.39805827,0.8341463
2018-1-10T13-49-4,1515588544789,0.82439023,-0.014634146,0.41747573,0.82439023
2018-1-10T13-49-4,1515588544790,0.8341463,-0.024390243,0.42718446,0.8341463
2018-1-10T13-49-4,1515588544791,0.82439023,-0.024390243,0.39805827,0.82439023
2018-1-10T13-49-4,1515588544792,0.81463414,-0.014634146,0.42718446,0.81463414
2018-1-10T13-49-4,1515588544793,0.84390247,-0.043902438,0.4368932,0.84390247
2018-1-10T13-49-4,1515588544794,0.8341463,-0.024390243,0.4563107,0.8341463
2018-1-10T13-49-4,1515588544795,0.85365856,-0.004878049,0.4854369,0.85365856
2018-1-10T13-49-4,1515588544796,0.87317073,-0.014634146,0.4563107,0.87317073
2018-1-10T13-49-4,1515588544797,0.8829268,-0.024390243,0.4854369,0.8829268
2018-1-10T13-49-4,1515588544798,0.8926829,-0.034146342,0.46601942,0.8926829
2018-1-10T13-49-4,1515588544799,0.87317073,-0.034146342,0.44660193,0.87317073
2018-1-10T13-49-4,1515588544800,0.84390247,-0.034146342,0.4368932,0.84390247
2018-1-10T13-49-4,1515588544801,0.79512197,-0.043902438,0.407767,0.79512197
2018-1-10T13-49-4,1515588544802,0.77560973,-0.07317073,0.39805827,0.77560973
2018-1-10T13-49-4,1515588544803,0.75609756,-0.08292683,0.407767,0.75609756
2018-1-10T13-49-4,1515588544804,0.77560973,-0.06341463,0.4368932,0.77560973
2018-1-10T13-49-4,1515588544805,0.82439023,-0.043902438,0.47572815,0.82439023
2018-1-10T13-49-4,1515588544806,0.86341465,-0.034146342,0.47572815,0.86341465
2018-1-10T13-49-4,1515588544807,0.87317073,0.06341463,0.4368932,0.87317073
2018-1-10T13-49-4,1515588544808,0.8926829,0.034146342,0.46601942,0.8926829
2018-1-10T13-49-4,1515588544809,0.87317073,0.014634146,0.47572815,0.87317073
2018-1-10T13-49-4,1515588544810,0.87317073,0.014634146,0.4854369,0.87317073
2018-1-10T13-49-4,1515588544811,0.91219515,-0.014634146,0.46601942,0.91219515
2018-1-10T13-49-4,1515588544812,0.84390247,-0.034146342,0.42718446,0.84390247
2018-1-10T13-49-4,1515588544813,0.85365856,-0.034146342,0.41747573,0.85365856
2018-1-10T13-49-4,1515588544814,0.8341463,-0.004878049,0.41747573,0.8341463
2018-1-10T13-49-4,1515588544815,0.8341463,-0.004878049,0.44660193,0.8341463
2018-1-10T13-49-4,1515588544816,0.82439023,-0.014634146,0.46601942,0.82439023
2018-1-10T13-49-4,1515588544817,0.8341463,-0.014634146,0.4563107,0.8341463
2018-1-10T13-49-4,1515588544818,0.86341465,-0.024390243,0.4563107,0.86341465
2018-1-10T13-49-4,1515588544819,0.87317073,-0.004878049,0.44660193,0.87317073
2018-1-10T13-49-4,1515588544820,0.87317073,-0.004878049,0.47572815,0.87317073
2018-1-10T13-49-4,1515588544821,0.86341465,-0.004878049,0.47572815,0.86341465
2018-1-10T13-49-4,1515588544822,0.87317073,-0.004878049,0.46601942,0.87317073
2018-1-10T13-49-4,1515588544823,0.86341465,-0.053658538,0.4854369,0.86341465
2018-1-10T13-49-4,1515588544824,0.85365856,-0.014634146,0.46601942,0.85365856
2018-1-10T13-49-4,1515588544825,0.85365856,-0.043902438,0.42718446,0.85365856
2018-1-10T13-49-4,1515588544826,0.8341463,-0.034146342,0.3883495,0.8341463
2018-1-10T13-49-4,1515588544827,0.80487806,-0.024390243,0.37864077,0.80487806
2018-1-10T13-49-4,1515588544828,0.81463414,-0.034146342,0.42718446,0.81463414
2018-1-10T13-49-4,1515588544829,0.81463414,-0.053658538,0.44660193,0.81463414
2018-1-10T13-49-4,1515588544830,0.81463414,-0.034146342,0.44660193,0.81463414
2018-1-10T13-49-4,1515588544831,0.85365856,-0.024390243,0.46601942,0.85365856
2018-1-10T13-49-4,1515588544832,0.8926829,-0.024390243,0.47572815,0.8926829
2018-1-10T13-49-4,1515588544833,0.8926829,-0.014634146,0.47572815,0.8926829
2018-1-10T13-49-4,1515588544834,0.8926829,-0.014634146,0.46601942,0.8926829
2018-1-10T13-49-4,1515588544835,0.8829268,-0.004878049,0.44660193,0.8829268
2018-1-10T13-49-4,1515588544836,0.8341463,-0.024390243,0.42718446,0.8341463
2018-1-10T13-49-4,1515588544837,0.8341463,-0.034146342,0.4368932,0.8341463
2018-1-10T13-49-4,1515588544838,0.79512197,-0.043902438,0.47572815,0.79512197
2018-1-10T13-49-4,1515588544839,0.81463414,-0.053658538,0.41747573,0.81463414
2018-1-10T13-49-4,1515588544840,0.80487806,-0.043902438,0.407767,0.80487806
2018-1-10T13-49-4,1515588544841,0.82439023,-0.014634146,0.4368932,0.82439023
2018-1-10T13-49-4,1515588544842,0.85365856,0.053658538,0.46601942,0.85365856
2018-1-10T13-49-4,1515588544843,0.86341465,-0.004878049,0.46601942,0.86341465
2018-1-10T13-49-4,1515588544844,0.87317073,0.004878049,0.4368932,0.87317073
2018-1-10T13-49-4,1515588544845,0.8829268,0.014634146,0.44660193,0.8829268
2018-1-10T13-49-4,1515588544846,0.87317073,0.043902438,0.47572815,0.87317073
2018-1-10T13-49-4,1515588544847,0.85365856,-0.043902438,0.4368932,0.85365856
2018-1-10T13-49-4,1515588544848,0.81463414,-0.024390243,0.44660193,0.81463414
2018-1-10T13-49-4,1515588544849,0.84390247,-0.034146342,0.4368932,0.84390247
2018-1-10T13-49-4,1515588544850,0.8341463,-0.014634146,0.3883495,0.8341463
2018-1-10T13-49-4,1515588544851,0.8341463,-0.024390243,0.4368932,0.8341463
2018-1-10T13-49-4,1515588544852,0.84390247,-0.014634146,0.4368932,0.84390247
2018-1-10T13-49-4,1515588544853,0.85365856,0.014634146,0.4854369,0.85365856
2018-1-10T13-49-4,1515588544854,0.8926829,0.014634146,0.4368932,0.8926829
2018-1-10T13-49-4,1515588544855,0.87317073,-0.014634146,0.44660193,0.87317073
2018-1-10T13-49-4,1515588544856,0.84390247,-0.034146342,0.4563107,0.84390247
2018-1-10T13-49-4,1515588544857,0.84390247,-0.043902438,0.47572815,0.84390247
2018-1-10T13-49-4,1515588544858,0.85365856,-0.053658538,0.4854369,0.85365856
2018-1-10T13-49-4,1515588544859,0.84390247,-0.06341463,0.4563107,0.84390247
2018-1-10T13-49-4,1515588544860,0.86341465,-0.053658538,0.4368932,0.86341465
2018-1-10T13-49-4,1515588544861,0.82439023,-0.053658538,0.42718446,0.82439023
2018-1-10T13-49-4,1515588544862,0.81463414,-0.053658538,0.42718446,0.81463414
2018-1-10T13-49-4,1515588544863,0.82439023,-0.06341463,0.41747573,0.82439023
2018-1-10T13-49-4,1515588544864,0.79512197,-0.06341463,0.4368932,0.79512197
2018-1-10T13-49-4,1515588544865,0.80487806,-0.053658538,0.42718446,0.80487806
2018-1-10T13-49-4,1515588544866,0.84390247,-0.053658538,0.39805827,0.84390247
2018-1-10T13-49-4,1515588544867,0.82439023,-0.043902438,0.44660193,0.82439023
2018-1-10T13-49-4,1515588544868,0.85365856,-0.014634146,0.42718446,0.85365856
2018-1-10T13-49-4,1515588544869,0.84390247,0.053658538,0.4563107,0.84390247
2018-1-10T13-49-4,1515588544870,0.85365856,-0.014634146,0.4563107,0.85365856
2018-1-10T13-49-4,1515588544871,0.8829268,-0.004878049,0.47572815,0.8829268
2018-1-10T13-49-4,1515588544872,0.86341465,0.014634146,0.44660193,0.86341465
2018-1-10T13-49-4,1515588544873,0.8829268,0.014634146,0.44660193,0.8829268
2018-1-10T13-49-4,1515588544874,0.902439,0.07317073,0.4563107,0.902439
2018-1-10T13-49-4,1515588544875,0.86341465,-0.014634146,0.44660193,0.86341465
2018-1-10T13-49-4,1515588544876,0.84390247,-0.004878049,0.4563107,0.84390247
2018-1-10T13-49-4,1515588544877,0.8341463,0.014634146,0.4368932,0.8341463
2018-1-10T13-49-4,1515588544878,0.8341463,0.004878049,0.39805827,0.8341463
2018-1-10T13-49-4,1515588544879,0.85365856,0.024390243,0.41747573,0.85365856
2018-1-10T13-49-4,1515588544880,0.81463414,-0.014634146,0.4368932,0.81463414
2018-1-10T13-49-4,1515588544881,0.84390247,-0.014634146,0.47572815,0.84390247
2018-1-10T13-49-4,1515588544882,0.84390247,0.014634146,0.4563107,0.84390247
2018-1-10T13-49-4,1515588544883,0.85365856,-0.034146342,0.4368932,0.85365856
2018-1-10T13-49-4,1515588544884,0.86341465,-0.014634146,0.41747573,0.86341465
2018-1-10T13-49-4,1515588544885,0.86341465,-0.014634146,0.4563107,0.86341465
2018-1-10T13-49-4,1515588544886,0.8341463,-0.014634146,0.46601942,0.8341463
2018-1-10T13-49-4,1515588544887,0.8341463,-0.06341463,0.46601942,0.8341463
2018-1-10T13-49-4,1515588544888,0.85365856,-0.11219512,0.42718446,0.85365856
2018-1-10T13-49-4,1515588544889,0.80487806,-0.07317073,0.42718446,0.80487806
2018-1-10T13-49-4,1515588544890,0.8341463,-0.06341463,0.44660193,0.8341463
2018-1-10T13-49-4,1515588544891,0.82439023,-0.06341463,0.44660193,0.82439023
2018-1-10T13-49-4,1515588544892,0.82439023,-0.06341463,0.42718446,0.82439023
2018-1-10T13-49-4,1515588544893,0.8341463,-0.014634146,0.44660193,0.8341463
2018-1-10T13-49-4,1515588544894,0.86341465,-0.004878049,0.4368932,0.86341465
2018-1-10T13-49-4,1515588544895,0.87317073,-0.014634146,0.4854369,0.87317073
2018-1-10T13-49-4,1515588544896,0.8829268,-0.004878049,0.61165047,0.8829268
2018-1-10T13-49-4,1515588544897,0.8829268,0.004878049,0.4563107,0.8829268
2018-1-10T13-49-4,1515588544898,0.902439,-0.004878049,0.4368932,0.902439
2018-1-10T13-49-4,1515588544899,0.86341465,-0.004878049,0.407767,0.86341465
2018-1-10T13-49-4,1515588544900,0.82439023,0.07317073,0.44660193,0.82439023
2018-1-10T13-49-4,1515588544901,0.82439023,-0.014634146,0.4563107,0.82439023
2018-1-10T13-49-4,1515588544902,0.84390247,-0.014634146,0.4854369,0.84390247
2018-1-10T13-49-4,1515588544903,0.85365856,-0.004878049,0.42718446,0.85365856
2018-1-10T13-49-4,1515588544904,0.87317073,0.014634146,0.41747573,0.87317073
2018-1-10T13-49-4,1515588544905,0.86341465,0.014634146,0.44660193,0.86341465
2018-1-10T13-49-4,1515588544906,0.85365856,0.014634146,0.46601942,0.85365856
2018-1-10T13-49-4,1515588544907,0.84390247,-0.004878049,0.44660193,0.84390247
2018-1-10T13-49-4,1515588544908,0.8341463,-0.004878049,0.42718446,0.8341463
2018-1-10T13-49-4,1515588544909,0.8341463,0.014634146,0.46601942,0.8341463
2018-1-10T13-49-4,1515588544910,0.82439023,-0.034146342,0.44660193,0.82439023
2018-1-10T13-49-4,1515588544911,0.85365856,-0.014634146,0.37864077,0.85365856
2018-1-10T13-49-4,1515588544912,0.86341465,-0.053658538,0.37864077,0.86341465
2018-1-10T13-49-4,1515588544913,0.84390247,-0.034146342,0.3883495,0.84390247
2018-1-10T13-49-4,1515588544914,0.8341463,-0.053658538,0.46601942,0.8341463
2018-1-10T13-49-4,1515588544915,0.81463414,-0.10243902,0.4563107,0.81463414
2018-1-10T13-49-4,1515588544916,0.86341465,-0.08292683,0.4368932,0.86341465
2018-1-10T13-49-4,1515588544917,0.84390247,-0.08292683,0.46601942,0.84390247
2018-1-10T13-49-4,1515588544918,0.79512197,-0.08292683,0.44660193,0.79512197
2018-1-10T13-49-4,1515588544919,0.85365856,-0.07317073,0.44660193,0.85365856
2018-1-10T13-49-4,1515588544920,0.86341465,-0.043902438,0.44660193,0.86341465
2018-1-10T13-49-4,1515588544921,0.8829268,-0.053658538,0.4563107,0.8829268
2018-1-10T13-49-4,1515588544922,0.84390247,-0.034146342,0.39805827,0.84390247
2018-1-10T13-49-4,1515588544923,0.86341465,-0.024390243,0.4368932,0.86341465
2018-1-10T13-49-4,1515588544924,0.85365856,-0.004878049,0.4368932,0.85365856
2018-1-10T13-49-4,1515588544925,0.79512197,0.014634146,0.46601942,0.79512197
2018-1-10T13-49-4,1515588544926,0.87317073,0.024390243,0.4368932,0.87317073
2018-1-10T13-49-4,1515588544927,0.84390247,0.09268293,0.44660193,0.84390247
2018-1-10T13-49-4,1515588544928,0.85365856,0.014634146,0.4368932,0.85365856
2018-1-10T13-49-4,1515588544929,0.84390247,0.014634146,0.44660193,0.84390247
2018-1-10T13-49-4,1515588544930,0.8341463,0.014634146,0.4368932,0.8341463
2018-1-10T13-49-4,1515588544931,0.84390247,0.004878049,0.407767,0.84390247
2018-1-10T13-49-4,1515588544932,0.84390247,-0.014634146,0.44660193,0.84390247
2018-1-10T13-49-4,1515588544933,0.81463414,-0.004878049,0.44660193,0.81463414
2018-1-10T13-49-4,1515588544934,0.84390247,-0.004878049,0.4368932,0.84390247
2018-1-10T13-49-4,1515588544935,0.82439023,0.004878049,0.44660193,0.82439023
2018-1-10T13-49-4,1515588544936,0.85365856,-0.014634146,0.41747573,0.85365856
2018-1-10T13-49-4,1515588544937,0.85365856,-0.014634146,0.4368932,0.85365856
2018-1-10T13-49-4,1515588544938,0.86341465,-0.024390243,0.42718446,0.86341465
2018-1-10T13-49-4,1515588544939,0.84390247,-0.004878049,0.4368932,0.84390247
2018-1-10T13-49-4,1515588544940,0.85365856,-0.014634146,0.47572815,0.85365856
2018-1-10T13-49-4,1515588544941,0.84390247,0.024390243,0.5048544,0.84390247
2018-1-10T13-49-4,1515588544942,0.8926829,-0.053658538,0.49514562,0.8926829
2018-1-10T13-49-4,1515588544943,0.8926829,-0.053658538,0.46601942,0.8926829
2018-1-10T13-49-4,1515588544944,0.87317073,-0.06341463,0.44660193,0.87317073
2018-1-10T13-49-4,1515588544945,0.87317073,-0.053658538,0.4368932,0.87317073
2018-1-10T13-49-4,1515588544946,0.8341463,-0.11219512,0.4368932,0.8341463
2018-1-10T13-49-4,1515588544947,0.81463414,-0.07317073,0.39805827,0.81463414
2018-1-10T13-49-4,1515588544948,0.80487806,-0.08292683,0.44660193,0.80487806
2018-1-10T13-49-4,1515588544949,0.79512197,-0.08292683,0.4563107,0.79512197
2018-1-10T13-49-4,1515588544950,0.80487806,-0.08292683,0.4368932,0.80487806
2018-1-10T13-49-4,1515588544951,0.81463414,-0.06341463,0.41747573,0.81463414
2018-1-10T13-49-4,1515588544952,0.82439023,-0.024390243,0.407767,0.82439023
2018-1-10T13-49-4,1515588544953,0.77560973,-0.004878049,0.42718446,0.77560973
2018-1-10T13-49-4,1515588544954,0.8341463,-0.004878049,0.4368932,0.8341463
2018-1-10T13-49-4,1515588544955,0.8341463,0.014634146,0.407767,0.8341463
2018-1-10T13-49-4,1515588544956,0.80487806,0.024390243,0.4368932,0.80487806
2018-1-10T13-49-4,1515588544957,0.86341465,0.024390243,0.4854369,0.86341465
2018-1-10T13-49-4,1515588544958,0.8829268,0.014634146,0.4854369,0.8829268
2018-1-10T13-49-4,1515588544959,0.8926829,0.014634146,0.46601942,0.8926829
2018-1-10T13-49-4,1515588544960,0.8926829,0.004878049,0.44660193,0.8926829
2018-1-10T13-49-4,1515588544961,0.8926829,0.014634146,0.4563107,0.8926829
2018-1-10T13-49-4,1515588544962,0.87317073,0.004878049,0.42718446,0.87317073
2018-1-10T13-49-4,1515588544963,0.8341463,-0.004878049,0.42718446,0.8341463
2018-1-10T13-49-4,1515588544964,0.82439023,-0.034146342,0.42718446,0.82439023
2018-1-10T13-49-4,1515588544965,0.82439023,-0.043902438,0.46601942,0.82439023
2018-1-10T13-49-4,1515588544966,0.8341463,-0.043902438,0.4854369,0.8341463
2018-1-10T13-49-4,1515588544967,0.85365856,-0.034146342,0.44660193,0.85365856
2018-1-10T13-49-4,1515588544968,0.8829268,-0.014634146,0.44660193,0.8829268
2018-1-10T13-49-4,1515588544969,0.8926829,-0.014634146,0.47572815,0.8926829
2018-1-10T13-49-4,1515588544970,0.86341465,-0.004878049,0.4563107,0.86341465
2018-1-10T13-49-4,1515588544971,0.85365856,-0.004878049,0.41747573,0.85365856
2018-1-10T13-49-4,1515588544972,0.82439023,-0.004878049,0.41747573,0.82439023
2018-1-10T13-49-4,1515588544973,0.81463414,-0.014634146,0.4368932,0.81463414
2018-1-10T13-49-4,1515588544974,0.7853659,-0.043902438,0.39805827,0.7853659
2018-1-10T13-49-4,1515588544975,0.81463414,-0.053658538,0.4368932,0.81463414
2018-1-10T13-49-4,1515588544976,0.81463414,-0.07317073,0.42718446,0.81463414
2018-1-10T13-49-4,1515588544977,0.8341463,-0.06341463,0.42718446,0.8341463
2018-1-10T13-49-4,1515588544978,0.7853659,-0.043902438,0.41747573,0.7853659
2018-1-10T13-49-4,1515588544979,0.84390247,-0.034146342,0.44660193,0.84390247
2018-1-10T13-49-4,1515588544980,0.8341463,-0.053658538,0.46601942,0.8341463
2018-1-10T13-49-4,1515588544981,0.8341463,-0.053658538,0.4368932,0.8341463
2018-1-10T13-49-4,1515588544982,0.85365856,-0.043902438,0.41747573,0.85365856
2018-1-10T13-49-4,1515588544983,0.85365856,-0.014634146,0.44660193,0.85365856
2018-1-10T13-49-4,1515588544984,0.84390247,-0.024390243,0.46601942,0.84390247
2018-1-10T13-49-4,1515588544985,0.8341463,-0.034146342,0.4563107,0.8341463
2018-1-10T13-49-4,1515588544986,0.84390247,-0.004878049,0.44660193,0.84390247
2018-1-10T13-49-4,1515588544987,0.87317073,0.33658537,0.46601942,0.87317073
2018-1-10T13-49-4,1515588544988,0.8829268,0.004878049,0.46601942,0.8829268
2018-1-10T13-49-4,1515588544989,0.8926829,-0.034146342,0.46601942,0.8926829
2018-1-10T13-49-4,1515588544990,0.902439,0.004878049,0.4563107,0.902439
2018-1-10T13-49-4,1515588544991,0.902439,0.024390243,0.42718446,0.902439
2018-1-10T13-49-4,1515588544992,0.91219515,0.014634146,0.44660193,0.91219515
2018-1-10T13-49-4,1515588544993,0.8341463,0.004878049,0.44660193,0.8341463
2018-1-10T13-49-4,1515588544994,0.8341463,-0.014634146,0.42718446,0.8341463
2018-1-10T13-49-4,1515588544995,0.81463414,-0.034146342,0.42718446,0.81463414
2018-1-10T13-49-4,1515588544996,0.80487806,-0.024390243,0.41747573,0.80487806
2018-1-10T13-49-4,1515588544997,0.79512197,-0.024390243,0.4563107,0.79512197
2018-1-10T13-49-4,1515588544998,0.80487806,-0.034146342,0.4368932,0.80487806
2018-1-10T13-49-4,1515588544999,0.79512197,-0.024390243,0.4368932,0.79512197
2018-1-10T13-49-5,1515588545000,0.8341463,-0.024390243,0.4368932,0.8341463
2018-1-10T13-49-5,1515588545001,0.8341463,-0.034146342,0.42718446,0.8341463
2018-1-10T13-49-5,1515588545002,0.84390247,-0.043902438,0.44660193,0.84390247
2018-1-10T13-49-5,1515588545003,0.84390247,-0.024390243,0.4563107,0.84390247
2018-1-10T13-49-5,1515588545004,0.82439023,-0.024390243,0.4368932,0.82439023
2018-1-10T13-49-5,1515588545005,0.86341465,-0.034146342,0.4368932,0.86341465
2018-1-10T13-49-5,1515588545006,0.85365856,-0.043902438,0.4563107,0.85365856
2018-1-10T13-49-5,1515588545007,0.84390247,-0.053658538,0.4563107,0.84390247
2018-1-10T13-49-5,1515588545008,0.87317073,-0.034146342,0.4563107,0.87317073
2018-1-10T13-49-5,1515588545009,0.87317073,-0.053658538,0.44660193,0.87317073
2018-1-10T13-49-5,1515588545010,0.86341465,-0.014634146,0.44660193,0.86341465
2018-1-10T13-49-5,1515588545011,0.85365856,-0.034146342,0.4563107,0.85365856
2018-1-10T13-49-5,1515588545012,0.8341463,-0.024390243,0.46601942,0.8341463
2018-1-10T13-49-5,1515588545013,0.8341463,-0.034146342,0.4854369,0.8341463
2018-1-10T13-49-5,1515588545014,0.85365856,-0.034146342,0.4563107,0.85365856
2018-1-10T13-49-5,1515588545015,0.85365856,-0.053658538,0.4368932,0.85365856
2018-1-10T13-49-5,1515588545016,0.84390247,-0.034146342,0.42718446,0.84390247
2018-1-10T13-49-5,1515588545017,0.85365856,-0.024390243,0.4563107,0.85365856
2018-1-10T13-49-5,1515588545018,0.8341463,-0.014634146,0.44660193,0.8341463
2018-1-10T13-49-5,1515588545019,0.84390247,-0.004878049,0.41747573,0.84390247
2018-1-10T13-49-5,1515588545020,0.8341463,-0.024390243,0.41747573,0.8341463
2018-1-10T13-49-5,1515588545021,0.84390247,0.014634146,0.4563107,0.84390247
2018-1-10T13-49-5,1515588545022,0.85365856,0.043902438,0.47572815,0.85365856
2018-1-10T13-49-5,1515588545023,0.86341465,0.014634146,0.46601942,0.86341465
2018-1-10T13-49-5,1515588545024,0.86341465,0.043902438,0.46601942,0.86341465
2018-1-10T13-49-5,1515588545025,0.902439,0.004878049,0.44660193,0.902439
2018-1-10T13-49-5,1515588545026,0.86341465,-0.024390243,0.4368932,0.86341465
2018-1-10T13-49-5,1515588545027,0.8341463,-0.06341463,0.4368932,0.8341463
2018-1-10T13-49-5,1515588545028,0.81463414,-0.014634146,0.4368932,0.81463414
2018-1-10T13-49-5,1515588545029,0.82439023,-0.043902438,0.44660193,0.82439023
2018-1-10T13-49-5,1515588545030,0.8341463,-0.034146342,0.407767,0.8341463
2018-1-10T13-49-5,1515588545031,0.81463414,-0.043902438,0.4368932,0.81463414
2018-1-10T13-49-5,1515588545032,0.82439023,-0.024390243,0.46601942,0.82439023
2018-1-10T13-49-5,1515588545033,0.84390247,-0.034146342,0.46601942,0.84390247
2018-1-10T13-49-5,1515588545034,0.85365856,-0.043902438,0.44660193,0.85365856
2018-1-10T13-49-5,1515588545035,0.9317073,-0.053658538,0.42718446,0.9317073
2018-1-10T13-49-5,1515588545036,0.7853659,-0.043902438,0.4368932,0.7853659
2018-1-10T13-49-5,1515588545037,0.81463414,-0.053658538,0.4368932,0.81463414
2018-1-10T13-49-5,1515588545038,0.8341463,-0.053658538,0.4368932,0.8341463
2018-1-10T13-49-5,1515588545039,0.80487806,-0.053658538,0.41747573,0.80487806
2018-1-10T13-49-5,1515588545040,0.81463414,-0.014634146,0.42718446,0.81463414
2018-1-10T13-49-5,1515588545041,0.8341463,-0.034146342,0.47572815,0.8341463
2018-1-10T13-49-5,1515588545042,0.85365856,-0.024390243,0.47572815,0.85365856
2018-1-10T13-49-5,1515588545043,0.86341465,-0.014634146,0.4368932,0.86341465
2018-1-10T13-49-5,1515588545044,0.82439023,0.034146342,0.41747573,0.82439023
2018-1-10T13-49-5,1515588545045,0.87317073,0.014634146,0.4368932,0.87317073
2018-1-10T13-49-5,1515588545046,0.86341465,-0.004878049,0.47572815,0.86341465
2018-1-10T13-49-5,1515588545047,0.81463414,-0.024390243,0.47572815,0.81463414
2018-1-10T13-49-5,1515588545048,0.8341463,-0.034146342,0.47572815,0.8341463
2018-1-10T13-49-5,1515588545049,0.86341465,-0.034146342,0.4563107,0.86341465
2018-1-10T13-49-5,1515588545050,0.86341465,-0.043902438,0.4563107,0.86341465
2018-1-10T13-49-5,1515588545051,0.86341465,-0.034146342,0.4563107,0.86341465
2018-1-10T13-49-5,1515588545052,0.86341465,-0.014634146,0.4368932,0.86341465
2018-1-10T13-49-5,1515588545053,0.8341463,-0.004878049,0.42718446,0.8341463
2018-1-10T13-49-5,1515588545054,0.8341463,-0.014634146,0.4368932,0.8341463
2018-1-10T13-49-5,1515588545055,0.82439023,-0.034146342,0.44660193,0.82439023
2018-1-10T13-49-5,1515588545056,0.81463414,-0.053658538,0.4563107,0.81463414
2018-1-10T13-49-5,1515588545057,0.82439023,-0.053658538,0.4368932,0.82439023
2018-1-10T13-49-5,1515588545058,0.82439023,-0.053658538,0.44660193,0.82439023
2018-1-10T13-49-5,1515588545059,0.8341463,-0.034146342,0.46601942,0.8341463
2018-1-10T13-49-5,1515588545060,0.85365856,-0.024390243,0.44660193,0.85365856
2018-1-10T13-49-5,1515588545061,0.85365856,0.004878049,0.4368932,0.85365856
2018-1-10T13-49-5,1515588545062,0.86341465,0.004878049,0.42718446,0.86341465
2018-1-10T13-49-5,1515588545063,0.87317073,0.024390243,0.42718446,0.87317073
2018-1-10T13-49-5,1515588545064,0.8829268,0.024390243,0.4563107,0.8829268
2018-1-10T13-49-5,1515588545065,0.902439,-0.004878049,0.44660193,0.902439
2018-1-10T13-49-5,1515588545066,0.85365856,-0.014634146,0.49514562,0.85365856
2018-1-10T13-49-5,1515588545067,0.84390247,-0.024390243,0.42718446,0.84390247
2018-1-10T13-49-5,1515588545068,0.82439023,-0.053658538,0.4368932,0.82439023
2018-1-10T13-49-5,1515588545069,0.81463414,-0.053658538,0.4368932,0.81463414
2018-1-10T13-49-5,1515588545070,0.7853659,-0.06341463,0.44660193,0.7853659
2018-1-10T13-49-5,1515588545071,0.82439023,-0.034146342,0.46601942,0.82439023
2018-1-10T13-49-5,1515588545072,0.8829268,-0.034146342,0.4563107,0.8829268
2018-1-10T13-49-5,1515588545073,0.8829268,-0.024390243,0.47572815,0.8829268
2018-1-10T13-49-5,1515588545074,0.87317073,-0.014634146,0.4368932,0.87317073
2018-1-10T13-49-5,1515588545075,0.87317073,-0.004878049,0.44660193,0.87317073
2018-1-10T13-49-5,1515588545076,0.85365856,-0.014634146,0.4563107,0.85365856
2018-1-10T13-49-5,1515588545077,0.84390247,-0.014634146,0.4368932,0.84390247
2018-1-10T13-49-5,1515588545078,0.86341465,0.034146342,0.4368932,0.86341465
2018-1-10T13-49-5,1515588545079,0.8341463,-0.07317073,0.4563107,0.8341463
2018-1-10T13-49-5,1515588545080,0.84390247,-0.014634146,0.4563107,0.84390247
2018-1-10T13-49-5,1515588545081,0.8926829,-0.024390243,0.42718446,0.8926829
2018-1-10T13-49-5,1515588545082,0.80487806,-0.004878049,0.41747573,0.80487806
2018-1-10T13-49-5,1515588545083,0.86341465,-0.014634146,0.46601942,0.86341465
2018-1-10T13-49-5,1515588545084,0.8341463,-0.014634146,0.4368932,0.8341463
2018-1-10T13-49-5,1515588545085,0.82439023,-0.024390243,0.44660193,0.82439023
2018-1-10T13-49-5,1515588545086,0.81463414,0.014634146,0.4368932,0.81463414
2018-1-10T13-49-5,1515588545087,0.81463414,-0.024390243,0.4368932,0.81463414
2018-1-10T13-49-5,1515588545088,0.82439023,-0.08292683,0.4368932,0.82439023
2018-1-10T13-49-5,1515588545089,0.82439023,-0.034146342,0.42718446,0.82439023
2018-1-10T13-49-5,1515588545090,0.84390247,-0.297561,0.4368932,0.84390247
2018-1-10T13-49-5,1515588545091,0.81463414,-0.024390243,0.46601942,0.81463414
2018-1-10T13-49-5,1515588545092,0.87317073,-0.06341463,0.47572815,0.87317073
2018-1-10T13-49-5,1515588545093,0.86341465,-0.034146342,0.44660193,0.86341465
2018-1-10T13-49-5,1515588545094,0.85365856,-0.034146342,0.46601942,0.85365856
2018-1-10T13-49-5,1515588545095,0.85365856,-0.024390243,0.44660193,0.85365856
2018-1-10T13-49-5,1515588545096,0.84390247,-0.024390243,0.49514562,0.84390247
2018-1-10T13-49-5,1515588545097,0.85365856,-0.024390243,0.4854369,0.85365856
2018-1-10T13-49-5,1515588545098,0.85365856,-0.024390243,0.44660193,0.85365856
2018-1-10T13-49-5,1515588545099,0.85365856,-0.014634146,0.44660193,0.85365856
2018-1-10T13-49-5,1515588545100,0.85365856,-0.043902438,0.44660193,0.85365856
2018-1-10T13-49-5,1515588545101,0.85365856,-0.004878049,0.44660193,0.85365856
2018-1-10T13-49-5,1515588545102,0.82439023,-0.014634146,0.42718446,0.82439023
2018-1-10T13-49-5,1515588545103,0.82439023,-0.034146342,0.407767,0.82439023
2018-1-10T13-49-5,1515588545104,0.8341463,-0.014634146,0.44660193,0.8341463
2018-1-10T13-49-5,1515588545105,0.84390247,-0.024390243,0.44660193,0.84390247
2018-1-10T13-49-5,1515588545106,0.82439023,-0.043902438,0.4368932,0.82439023
2018-1-10T13-49-5,1515588545107,0.82439023,-0.043902438,0.42718446,0.82439023
2018-1-10T13-49-5,1515588545108,0.86341465,0.004878049,0.44660193,0.86341465
2018-1-10T13-49-5,1515588545109,0.8341463,-0.043902438,0.46601942,0.8341463
2018-1-10T13-49-5,1515588545110,0.84390247,-0.034146342,0.4563107,0.84390247
2018-1-10T13-49-5,1515588545111,0.8829268,-0.043902438,0.44660193,0.8829268
2018-1-10T13-49-5,1515588545112,0.8829268,-0.004878049,0.4563107,0.8829268
2018-1-10T13-49-5,1515588545113,0.86341465,0.024390243,0.4563107,0.86341465
2018-1-10T13-49-5,1515588545114,0.86341465,0.004878049,0.44660193,0.86341465
2018-1-10T13-49-5,1515588545115,0.87317073,0.004878049,0.4563107,0.87317073
2018-1-10T13-49-5,1515588545116,0.87317073,0.034146342,0.4563107,0.87317073
2018-1-10T13-49-5,1515588545117,0.86341465,-0.004878049,0.4368932,0.86341465
2018-1-10T13-49-5,1515588545118,0.8341463,-0.024390243,0.4563107,0.8341463
2018-1-10T13-49-5,1515588545119,0.81463414,-0.034146342,0.44660193,0.81463414
2018-1-10T13-49-5,1515588545120,0.81463414,-0.053658538,0.44660193,0.81463414
2018-1-10T13-49-5,1515588545121,0.82439023,-0.053658538,0.44660193,0.82439023
2018-1-10T13-49-5,1515588545122,0.81463414,-0.07317073,0.4368932,0.81463414
2018-1-10T13-49-5,1515588545123,0.82439023,-0.024390243,0.30097088,0.82439023
2018-1-10T13-49-5,1515588545124,0.84390247,-0.014634146,0.5048544,0.84390247
2018-1-10T13-49-5,1515588545125,0.86341465,-0.024390243,0.46601942,0.86341465
2018-1-10T13-49-5,1515588545126,0.84390247,-0.014634146,0.37864077,0.84390247
2018-1-10T13-49-5,1515588545127,0.87317073,-0.014634146,0.42718446,0.87317073
2018-1-10T13-49-5,1515588545128,0.79512197,-0.043902438,0.4563107,0.79512197
2018-1-10T13-49-5,1515588545129,0.8341463,-0.043902438,0.4563107,0.8341463
2018-1-10T13-49-5,1515588545130,0.84390247,-0.034146342,0.47572815,0.84390247
2018-1-10T13-49-5,1515588545131,0.86341465,-0.034146342,0.4563107,0.86341465
2018-1-10T13-49-5,1515588545132,0.85365856,-0.034146342,0.4563107,0.85365856
2018-1-10T13-49-5,1515588545133,0.87317073,-0.014634146,0.42718446,0.87317073
2018-1-10T13-49-5,1515588545134,0.86341465,-0.014634146,0.46601942,0.86341465
2018-1-10T13-49-5,1515588545135,0.8926829,-0.014634146,0.4854369,0.8926829
2018-1-10T13-49-5,1515588545136,0.86341465,-0.034146342,0.44660193,0.86341465
2018-1-10T13-49-5,1515588545137,0.84390247,-0.043902438,0.44660193,0.84390247
2018-1-10T13-49-5,1515588545138,0.8341463,-0.024390243,0.4368932,0.8341463
2018-1-10T13-49-5,1515588545139,0.8341463,-0.024390243,0.44660193,0.8341463
2018-1-10T13-49-5,1515588545140,0.8341463,-0.024390243,0.4563107,0.8341463
2018-1-10T13-49-5,1515588545141,0.82439023,-0.024390243,0.4368932,0.82439023
2018-1-10T13-49-5,1515588545142,0.84390247,-0.024390243,0.42718446,0.84390247
2018-1-10T13-49-5,1515588545143,0.80487806,-0.024390243,0.4563107,0.80487806
2018-1-10T13-49-5,1515588545144,0.85365856,-0.07317073,0.4563107,0.85365856
2018-1-10T13-49-5,1515588545145,0.86341465,-0.004878049,0.4563107,0.86341465
2018-1-10T13-49-5,1515588545146,0.86341465,-0.004878049,0.44660193,0.86341465
2018-1-10T13-49-5,1515588545147,0.77560973,0.014634146,0.46601942,0.77560973
2018-1-10T13-49-5,1515588545148,0.86341465,0.004878049,0.44660193,0.86341465
2018-1-10T13-49-5,1515588545149,0.86341465,-0.004878049,0.5048544,0.86341465
2018-1-10T13-49-5,1515588545150,0.85365856,-0.014634146,0.42718446,0.85365856
2018-1-10T13-49-5,1515588545151,0.85365856,-0.043902438,0.4563107,0.85365856
2018-1-10T13-49-5,1515588545152,0.84390247,-0.043902438,0.47572815,0.84390247
2018-1-10T13-49-5,1515588545153,0.8341463,-0.06341463,0.4368932,0.8341463
2018-1-10T13-49-5,1515588545154,0.9414634,-0.053658538,0.41747573,0.9414634
2018-1-10T13-49-5,1515588545155,0.82439023,-0.043902438,0.44660193,0.82439023
2018-1-10T13-49-5,1515588545156,0.8341463,-0.06341463,0.47572815,0.8341463
2018-1-10T13-49-5,1515588545157,0.81463414,-0.06341463,0.4368932,0.81463414
2018-1-10T13-49-5,1515588545158,0.82439023,-0.043902438,0.41747573,0.82439023
2018-1-10T13-49-5,1515588545159,0.8341463,-0.043902438,0.44660193,0.8341463
2018-1-10T13-49-5,1515588545160,0.85365856,-0.034146342,0.49514562,0.85365856
2018-1-10T13-49-5,1515588545161,0.86341465,-0.004878049,0.44660193,0.86341465
2018-1-10T13-49-5,1515588545162,0.86341465,-0.004878049,0.44660193,0.86341465
2018-1-10T13-49-5,1515588545163,0.8829268,-0.004878049,0.41747573,0.8829268
2018-1-10T13-49-5,1515588545164,0.85365856,0.004878049,0.44660193,0.85365856
2018-1-10T13-49-5,1515588545165,0.84390247,-0.004878049,0.4563107,0.84390247
2018-1-10T13-49-5,1515588545166,0.84390247,-0.014634146,0.44660193,0.84390247
2018-1-10T13-49-5,1515588545167,0.84390247,-0.043902438,0.4368932,0.84390247
2018-1-10T13-49-5,1515588545168,0.85365856,-0.004878049,0.4368932,0.85365856
2018-1-10T13-49-5,1515588545169,0.85365856,-0.053658538,0.4563107,0.85365856
2018-1-10T13-49-5,1515588545170,0.8341463,-0.014634146,0.44660193,0.8341463
2018-1-10T13-49-5,1515588545171,0.81463414,-0.014634146,0.42718446,0.81463414
2018-1-10T13-49-5,1515588545172,0.8341463,-0.014634146,0.44660193,0.8341463
2018-1-10T13-49-5,1515588545173,0.82439023,-0.014634146,0.42718446,0.82439023
2018-1-10T13-49-5,1515588545174,0.9609756,-0.034146342,0.4368932,0.9609756
2018-1-10T13-49-5,1515588545175,0.79512197,-0.053658538,0.46601942,0.79512197
2018-1-10T13-49-5,1515588545176,0.85365856,-0.034146342,0.44660193,0.85365856
2018-1-10T13-49-5,1515588545177,0.85365856,-0.004878049,0.4368932,0.85365856
2018-1-10T13-49-5,1515588545178,0.86341465,0.004878049,0.4563107,0.86341465
2018-1-10T13-49-5,1515588545179,0.87317073,-0.024390243,0.5145631,0.87317073
2018-1-10T13-49-5,1515588545180,0.8829268,0.004878049,0.4854369,0.8829268
2018-1-10T13-49-5,1515588545181,0.91219515,0.014634146,0.46601942,0.91219515
2018-1-10T13-49-5,1515588545182,0.902439,0.024390243,0.47572815,0.902439
2018-1-10T13-49-5,1515588545183,0.8926829,-0.014634146,0.4563107,0.8926829
2018-1-10T13-49-5,1515588545184,0.86341465,-0.043902438,0.44660193,0.86341465
2018-1-10T13-49-5,1515588545185,0.8341463,-0.034146342,0.42718446,0.8341463
2018-1-10T13-49-5,1515588545186,0.80487806,-0.053658538,0.39805827,0.80487806
2018-1-10T13-49-5,1515588545187,0.70731705,-0.06341463,0.407767,0.70731705
2018-1-10T13-49-5,1515588545188,0.77560973,-0.053658538,0.47572815,0.77560973
2018-1-10T13-49-5,1515588545189,0.77560973,-0.053658538,0.42718446,0.77560973
2018-1-10T13-49-5,1515588545190,0.84390247,-0.07317073,0.41747573,0.84390247
2018-1-10T13-49-5,1515588545191,0.84390247,-0.043902438,0.4563107,0.84390247
2018-1-10T13-49-5,1515588545192,0.84390247,-0.043902438,0.44660193,0.84390247
2018-1-10T13-49-5,1515588545193,0.85365856,-0.043902438,0.4563107,0.85365856
2018-1-10T13-49-5,1515588545194,0.82439023,-0.043902438,0.4368932,0.82439023
2018-1-10T13-49-5,1515588545195,0.87317073,-0.034146342,0.4368932,0.87317073
2018-1-10T13-49-5,1515588545196,0.86341465,-0.043902438,0.4854369,0.86341465
2018-1-10T13-49-5,1515588545197,0.8829268,-0.024390243,0.4854369,0.8829268
2018-1-10T13-49-5,1515588545198,0.86341465,-0.024390243,0.46601942,0.86341465
2018-1-10T13-49-5,1515588545199,0.91219515,-0.004878049,0.42718446,0.91219515
2018-1-10T13-49-5,1515588545200,0.902439,0.004878049,0.42718446,0.902439
2018-1-10T13-49-5,1515588545201,0.84390247,-0.004878049,0.4563107,0.84390247
2018-1-10T13-49-5,1515588545202,0.8341463,-0.024390243,0.4368932,0.8341463
2018-1-10T13-49-5,1515588545203,0.81463414,-0.014634146,0.46601942,0.81463414
2018-1-10T13-49-5,1515588545204,0.80487806,-0.034146342,0.42718446,0.80487806
2018-1-10T13-49-5,1515588545205,0.79512197,-0.043902438,0.4368932,0.79512197
2018-1-10T13-49-5,1515588545206,0.80487806,-0.034146342,0.4368932,0.80487806
2018-1-10T13-49-5,1515588545207,0.81463414,0.043902438,0.4368932,0.81463414
2018-1-10T13-49-5,1515588545208,0.86341465,0.004878049,0.4368932,0.86341465
2018-1-10T13-49-5,1515588545209,0.8341463,0.004878049,0.41747573,0.8341463
2018-1-10T13-49-5,1515588545210,0.85365856,0.014634146,0.41747573,0.85365856
2018-1-10T13-49-5,1515588545211,0.87317073,0.014634146,0.4368932,0.87317073
2018-1-10T13-49-5,1515588545212,0.85365856,0.004878049,0.46601942,0.85365856
2018-1-10T13-49-5,1515588545213,0.85365856,0.004878049,0.44660193,0.85365856
2018-1-10T13-49-5,1515588545214,0.86341465,0.004878049,0.42718446,0.86341465
2018-1-10T13-49-5,1515588545215,0.86341465,-0.024390243,0.4368932,0.86341465
2018-1-10T13-49-5,1515588545216,0.86341465,-0.004878049,0.47572815,0.86341465
2018-1-10T13-49-5,1515588545217,0.85365856,-0.034146342,0.5533981,0.85365856
2018-1-10T13-49-5,1515588545218,0.85365856,-0.053658538,0.5048544,0.85365856
2018-1-10T13-49-5,1515588545219,0.85365856,-0.034146342,0.4563107,0.85365856
2018-1-10T13-49-5,1515588545220,0.84390247,0.53170735,0.4368932,0.84390247
2018-1-10T13-49-5,1515588545221,0.7853659,-0.043902438,0.44660193,0.7853659
2018-1-10T13-49-5,1515588545222,0.84390247,-0.06341463,0.37864077,0.84390247
2018-1-10T13-49-5,1515588545223,0.84390247,-0.053658538,0.4368932,0.84390247
2018-1-10T13-49-5,1515588545224,0.81463414,-0.053658538,0.44660193,0.81463414
2018-1-10T13-49-5,1515588545225,0.79512197,-0.053658538,0.4368932,0.79512197
2018-1-10T13-49-5,1515588545226,0.80487806,-0.053658538,0.44660193,0.80487806
2018-1-10T13-49-5,1515588545227,0.8341463,-0.043902438,0.4563107,0.8341463
2018-1-10T13-49-5,1515588545228,0.85365856,-0.024390243,0.4563107,0.85365856
2018-1-10T13-49-5,1515588545229,0.8926829,-0.004878049,0.44660193,0.8926829
2018-1-10T13-49-5,1515588545230,0.8926829,0.004878049,0.46601942,0.8926829
2018-1-10T13-49-5,1515588545231,0.86341465,-0.004878049,0.47572815,0.86341465
2018-1-10T13-49-5,1515588545232,0.87317073,0.004878049,0.44660193,0.87317073
2018-1-10T13-49-5,1515588545233,0.8341463,0.043902438,0.39805827,0.8341463
2018-1-10T13-49-5,1515588545234,0.8341463,-0.024390243,0.4368932,0.8341463
2018-1-10T13-49-5,1515588545235,0.82439023,-0.004878049,0.44660193,0.82439023
2018-1-10T13-49-5,1515588545236,0.84390247,-0.014634146,0.42718446,0.84390247
2018-1-10T13-49-5,1515588545237,0.86341465,0.014634146,0.407767,0.86341465
2018-1-10T13-49-5,1515588545238,0.8341463,-0.014634146,0.3883495,0.8341463
2018-1-10T13-49-5,1515588545239,0.8341463,-0.004878049,0.44660193,0.8341463
2018-1-10T13-49-5,1515588545240,0.8341463,-0.004878049,0.4854369,0.8341463
2018-1-10T13-49-5,1515588545241,0.84390247,-0.024390243,0.46601942,0.84390247
2018-1-10T13-49-5,1515588545242,0.85365856,-0.004878049,0.4368932,0.85365856
2018-1-10T13-49-5,1515588545243,0.87317073,-0.014634146,0.46601942,0.87317073
2018-1-10T13-49-5,1515588545244,0.85365856,-0.014634146,0.46601942,0.85365856
2018-1-10T13-49-5,1515588545245,0.85365856,-0.004878049,0.44660193,0.85365856
2018-1-10T13-49-5,1515588545246,0.84390247,0.014634146,0.4368932,0.84390247
2018-1-10T13-49-5,1515588545247,0.82439023,-0.53170735,0.44660193,0.82439023
2018-1-10T13-49-5,1515588545248,0.8341463,-0.043902438,0.4368932,0.8341463
2018-1-10T13-49-5,1515588545249,0.81463414,-0.034146342,0.42718446,0.81463414
2018-1-10T13-49-5,1515588545250,0.82439023,-0.053658538,0.44660193,0.82439023
2018-1-10T13-49-5,1515588545251,0.8341463,-0.07317073,0.47572815,0.8341463
2018-1-10T13-49-5,1515588545252,0.84390247,-0.06341463,0.4563107,0.84390247
2018-1-10T13-49-5,1515588545253,0.86341465,-0.07317073,0.4563107,0.86341465
2018-1-10T13-49-5,1515588545254,0.85365856,-0.043902438,0.4563107,0.85365856
2018-1-10T13-49-5,1515588545255,0.86341465,-0.004878049,0.44660193,0.86341465
2018-1-10T13-49-5,1515588545256,0.86341465,-0.034146342,0.4368932,0.86341465
2018-1-10T13-49-5,1515588545257,0.84390247,-0.034146342,0.4368932,0.84390247
2018-1-10T13-49-5,1515588545258,0.8341463,-0.024390243,0.4368932,0.8341463
2018-1-10T13-49-5,1515588545259,0.82439023,0.004878049,0.4368932,0.82439023
2018-1-10T13-49-5,1515588545260,0.79512197,0.004878049,0.47572815,0.79512197
2018-1-10T13-49-5,1515588545261,0.86341465,-0.024390243,0.52427185,0.86341465
2018-1-10T13-49-5,1515588545262,0.87317073,0.004878049,0.41747573,0.87317073
2018-1-10T13-49-5,1515588545263,0.8926829,0.024390243,0.3883495,0.8926829
2018-1-10T13-49-5,1515588545264,0.82439023,0.014634146,0.42718446,0.82439023
2018-1-10T13-49-5,1515588545265,0.81463414,-0.024390243,0.46601942,0.81463414
2018-1-10T13-49-5,1515588545266,0.82439023,-0.034146342,0.46601942,0.82439023
2018-1-10T13-49-5,1515588545267,0.82439023,-0.014634146,0.41747573,0.82439023
2018-1-10T13-49-5,1515588545268,0.8341463,-0.014634146,0.37864077,0.8341463
2018-1-10T13-49-5,1515588545269,0.74634147,-0.034146342,0.3883495,0.74634147
2018-1-10T13-49-5,1515588545270,0.81463414,-0.034146342,0.41747573,0.81463414
2018-1-10T13-49-5,1515588545271,0.82439023,-0.08292683,0.5048544,0.82439023
2018-1-10T13-49-5,1515588545272,0.86341465,-0.004878049,0.47572815,0.86341465
2018-1-10T13-49-5,1515588545273,0.8926829,-0.004878049,0.41747573,0.8926829
2018-1-10T13-49-5,1515588545274,0.8926829,-0.004878049,0.44660193,0.8926829
2018-1-10T13-49-5,1515588545275,0.8829268,-0.034146342,0.5048544,0.8829268
2018-1-10T13-49-5,1515588545276,0.8829268,-0.024390243,0.4563107,0.8829268
2018-1-10T13-49-5,1515588545277,0.86341465,-0.053658538,0.44660193,0.86341465
2018-1-10T13-49-5,1515588545278,0.84390247,-0.053658538,0.42718446,0.84390247
2018-1-10T13-49-5,1515588545279,0.82439023,-0.034146342,0.4563107,0.82439023
2018-1-10T13-49-5,1515588545280,0.8341463,-0.014634146,0.47572815,0.8341463
2018-1-10T13-49-5,1515588545281,0.8341463,0.004878049,0.4368932,0.8341463
2018-1-10T13-49-5,1515588545282,0.80487806,-0.053658538,0.42718446,0.80487806
2018-1-10T13-49-5,1515588545283,0.87317073,-0.004878049,0.4563107,0.87317073
2018-1-10T13-49-5,1515588545284,0.8829268,-0.034146342,0.44660193,0.8829268
2018-1-10T13-49-5,1515588545285,0.82439023,0.004878049,0.4563107,0.82439023
2018-1-10T13-49-5,1515588545286,0.84390247,-0.004878049,0.47572815,0.84390247
2018-1-10T13-49-5,1515588545287,0.87317073,-0.034146342,0.4854369,0.87317073
2018-1-10T13-49-5,1515588545288,0.84390247,-0.024390243,0.44660193,0.84390247
2018-1-10T13-49-5,1515588545289,0.8341463,-0.024390243,0.37864077,0.8341463
2018-1-10T13-49-5,1515588545290,0.8341463,-0.024390243,0.407767,0.8341463
2018-1-10T13-49-5,1515588545291,0.82439023,-0.034146342,0.44660193,0.82439023
2018-1-10T13-49-5,1515588545292,0.80487806,-0.07317073,0.4368932,0.80487806
2018-1-10T13-49-5,1515588545293,0.79512197,-0.053658538,0.42718446,0.79512197
2018-1-10T13-49-5,1515588545294,0.81463414,-0.034146342,0.407767,0.81463414
2018-1-10T13-49-5,1515588545295,0.82439023,-0.024390243,0.42718446,0.82439023
2018-1-10T13-49-5,1515588545296,0.85365856,-0.004878049,0.46601942,0.85365856
2018-1-10T13-49-5,1515588545297,0.8926829,-0.07317073,0.4854369,0.8926829
2018-1-10T13-49-5,1515588545298,0.8829268,0.004878049,0.4563107,0.8829268
2018-1-10T13-49-5,1515588545299,0.8829268,0.014634146,0.4368932,0.8829268
2018-1-10T13-49-5,1515588545300,0.8829268,0.07317073,0.4368932,0.8829268
2018-1-10T13-49-5,1515588545301,0.84390247,-0.004878049,0.4563107,0.84390247
2018-1-10T13-49-5,1515588545302,0.84390247,-0.034146342,0.47572815,0.84390247
2018-1-10T13-49-5,1515588545303,0.85365856,-0.014634146,0.4854369,0.85365856
2018-1-10T13-49-5,1515588545304,0.84390247,-0.034146342,0.46601942,0.84390247
2018-1-10T13-49-5,1515588545305,0.87317073,-0.024390243,0.42718446,0.87317073
2018-1-10T13-49-5,1515588545306,0.86341465,-0.024390243,0.39805827,0.86341465
2018-1-10T13-49-5,1515588545307,0.82439023,-0.004878049,0.4368932,0.82439023
2018-1-10T13-49-5,1515588545308,0.8341463,-0.004878049,0.4368932,0.8341463
2018-1-10T13-49-5,1515588545309,0.81463414,-0.014634146,0.47572815,0.81463414
2018-1-10T13-49-5,1515588545310,0.82439023,-0.034146342,0.4368932,0.82439023
2018-1-10T13-49-5,1515588545311,0.86341465,-0.034146342,0.42718446,0.86341465
2018-1-10T13-49-5,1515588545312,0.91219515,-0.014634146,0.4563107,0.91219515
2018-1-10T13-49-5,1515588545313,0.8926829,-0.004878049,0.4563107,0.8926829
2018-1-10T13-49-5,1515588545314,0.8829268,-0.024390243,0.4563107,0.8829268
2018-1-10T13-49-5,1515588545315,0.84390247,-0.004878049,0.37864077,0.84390247
2018-1-10T13-49-5,1515588545316,0.75609756,-0.004878049,0.407767,0.75609756
2018-1-10T13-49-5,1515588545317,0.79512197,-0.014634146,0.4563107,0.79512197
2018-1-10T13-49-5,1515588545318,0.82439023,-0.12195122,0.47572815,0.82439023
2018-1-10T13-49-5,1515588545319,0.82439023,-0.053658538,0.4368932,0.82439023
2018-1-10T13-49-5,1515588545320,0.82439023,-0.08292683,0.4368932,0.82439023
2018-1-10T13-49-5,1515588545321,0.8829268,-0.06341463,0.41747573,0.8829268
2018-1-10T13-49-5,1515588545322,0.84390247,-0.043902438,0.44660193,0.84390247
2018-1-10T13-49-5,1515588545323,0.8341463,-0.06341463,0.3883495,0.8341463
2018-1-10T13-49-5,1515588545324,0.81463414,-0.06341463,0.44660193,0.81463414
2018-1-10T13-49-5,1515588545325,0.82439023,-0.043902438,0.46601942,0.82439023
2018-1-10T13-49-5,1515588545326,0.84390247,-0.043902438,0.4854369,0.84390247
2018-1-10T13-49-5,1515588545327,0.8829268,-0.043902438,0.46601942,0.8829268
2018-1-10T13-49-5,1515588545328,0.8829268,-0.004878049,0.4368932,0.8829268
2018-1-10T13-49-5,1515588545329,0.902439,0.004878049,0.44660193,0.902439
2018-1-10T13-49-5,1515588545330,0.86341465,-0.014634146,0.42718446,0.86341465
2018-1-10T13-49-5,1515588545331,0.8341463,-0.014634146,0.44660193,0.8341463
2018-1-10T13-49-5,1515588545332,0.7853659,-0.014634146,0.407767,0.7853659
2018-1-10T13-49-5,1515588545333,0.71707314,-0.034146342,0.42718446,0.71707314
2018-1-10T13-49-5,1515588545334,0.81463414,-0.014634146,0.42718446,0.81463414
2018-1-10T13-49-5,1515588545335,0.6682927,0.004878049,0.42718446,0.6682927
2018-1-10T13-49-5,1515588545336,0.84390247,0.014634146,0.42718446,0.84390247
2018-1-10T13-49-5,1515588545337,0.87317073,0.043902438,0.4563107,0.87317073
2018-1-10T13-49-5,1515588545338,0.87317073,0.014634146,0.4563107,0.87317073
2018-1-10T13-49-5,1515588545339,0.8829268,0.024390243,0.46601942,0.8829268
2018-1-10T13-49-5,1515588545340,0.8829268,-0.004878049,0.44660193,0.8829268
2018-1-10T13-49-5,1515588545341,0.86341465,0.004878049,0.47572815,0.86341465
2018-1-10T13-49-5,1515588545342,0.8829268,0.014634146,0.5048544,0.8829268
2018-1-10T13-49-5,1515588545343,0.8926829,0.014634146,0.4563107,0.8926829
2018-1-10T13-49-5,1515588545344,0.87317073,-0.014634146,0.44660193,0.87317073
2018-1-10T13-49-5,1515588545345,0.86341465,-0.034146342,0.4563107,0.86341465
2018-1-10T13-49-5,1515588545346,0.86341465,-0.034146342,0.4563107,0.86341465
2018-1-10T13-49-5,1515588545347,0.8341463,-0.034146342,0.44660193,0.8341463
2018-1-10T13-49-5,1515588545348,0.82439023,-0.024390243,0.41747573,0.82439023
2018-1-10T13-49-5,1515588545349,0.80487806,-0.034146342,0.42718446,0.80487806
2018-1-10T13-49-5,1515588545350,0.81463414,0.024390243,0.4368932,0.81463414
2018-1-10T13-49-5,1515588545351,0.80487806,-0.014634146,0.46601942,0.80487806
2018-1-10T13-49-5,1515588545352,0.84390247,-0.043902438,0.47572815,0.84390247
2018-1-10T13-49-5,1515588545353,0.85365856,-0.08292683,0.42718446,0.85365856
2018-1-10T13-49-5,1515588545354,0.81463414,-0.06341463,0.407767,0.81463414
2018-1-10T13-49-5,1515588545355,0.82439023,-0.08292683,0.4368932,0.82439023
2018-1-10T13-49-5,1515588545356,0.82439023,-0.08292683,0.42718446,0.82439023
2018-1-10T13-49-5,1515588545357,0.80487806,-0.08292683,0.42718446,0.80487806
2018-1-10T13-49-5,1515588545358,0.81463414,-0.024390243,0.41747573,0.81463414
2018-1-10T13-49-5,1515588545359,0.86341465,-0.014634146,0.44660193,0.86341465
2018-1-10T13-49-5,1515588545360,0.87317073,-0.034146342,0.4854369,0.87317073
2018-1-10T13-49-5,1515588545361,0.902439,-0.024390243,0.46601942,0.902439
2018-1-10T13-49-5,1515588545362,0.902439,0.06341463,0.41747573,0.902439
2018-1-10T13-49-5,1515588545363,0.86341465,0.004878049,0.44660193,0.86341465
2018-1-10T13-49-5,1515588545364,0.86341465,0.024390243,0.46601942,0.86341465
2018-1-10T13-49-5,1515588545365,0.85365856,-0.004878049,0.44660193,0.85365856
2018-1-10T13-49-5,1515588545366,0.81463414,-0.034146342,0.4368932,0.81463414
2018-1-10T13-49-5,1515588545367,0.82439023,-0.034146342,0.46601942,0.82439023
2018-1-10T13-49-5,1515588545368,0.84390247,-0.034146342,0.4854369,0.84390247
2018-1-10T13-49-5,1515588545369,0.85365856,-0.034146342,0.42718446,0.85365856
2018-1-10T13-49-5,1515588545370,0.8341463,0.004878049,0.41747573,0.8341463
2018-1-10T13-49-5,1515588545371,0.86341465,-0.004878049,0.47572815,0.86341465
2018-1-10T13-49-5,1515588545372,0.87317073,-0.004878049,0.4854369,0.87317073
2018-1-10T13-49-5,1515588545373,0.85365856,0.014634146,0.44660193,0.85365856
2018-1-10T13-49-5,1515588545374,0.8829268,0.004878049,0.44660193,0.8829268
2018-1-10T13-49-5,1515588545375,0.87317073,-0.024390243,0.4854369,0.87317073
2018-1-10T13-49-5,1515588545376,0.85365856,-0.014634146,0.41747573,0.85365856
2018-1-10T13-49-5,1515588545377,0.84390247,-0.004878049,0.37864077,0.84390247
2018-1-10T13-49-5,1515588545378,0.81463414,-0.014634146,0.46601942,0.81463414
2018-1-10T13-49-5,1515588545379,0.84390247,-0.034146342,0.4854369,0.84390247
2018-1-10T13-49-5,1515588545380,0.8341463,-0.053658538,0.47572815,0.8341463
2018-1-10T13-49-5,1515588545381,0.84390247,-0.034146342,0.42718446,0.84390247
2018-1-10T13-49-5,1515588545382,0.8341463,-0.024390243,0.37864077,0.8341463
2018-1-10T13-49-5,1515588545383,0.81463414,-0.06341463,0.4368932,0.81463414
2018-1-10T13-49-5,1515588545384,0.79512197,-0.06341463,0.47572815,0.79512197
2018-1-10T13-49-5,1515588545385,0.81463414,-0.043902438,0.44660193,0.81463414
2018-1-10T13-49-5,1515588545386,0.8341463,-0.053658538,0.4563107,0.8341463
2018-1-10T13-49-5,1515588545387,0.86341465,-0.043902438,0.4854369,0.86341465
2018-1-10T13-49-5,1515588545388,0.87317073,-0.043902438,0.49514562,0.87317073
2018-1-10T13-49-5,1515588545389,0.8829268,-0.034146342,0.7669903,0.8829268
2018-1-10T13-49-5,1515588545390,0.902439,0.004878049,0.46601942,0.902439
2018-1-10T13-49-5,1515588545391,0.91219515,-0.004878049,0.42718446,0.91219515
2018-1-10T13-49-5,1515588545392,0.8829268,-0.014634146,0.44660193,0.8829268
2018-1-10T13-49-5,1515588545393,0.84390247,-0.014634146,0.4368932,0.84390247
2018-1-10T13-49-5,1515588545394,0.79512197,-0.004878049,0.42718446,0.79512197
2018-1-10T13-49-5,1515588545395,0.81463414,-0.043902438,0.42718446,0.81463414
2018-1-10T13-49-5,1515588545396,0.77560973,-0.024390243,0.407767,0.77560973
2018-1-10T13-49-5,1515588545397,0.80487806,-0.043902438,0.42718446,0.80487806
2018-1-10T13-49-5,1515588545398,0.80487806,-0.053658538,0.407767,0.80487806
2018-1-10T13-49-5,1515588545399,0.7853659,-0.043902438,0.41747573,0.7853659
2018-1-10T13-49-5,1515588545400,0.80487806,-0.053658538,0.407767,0.80487806
2018-1-10T13-49-5,1515588545401,0.79512197,-0.034146342,0.4368932,0.79512197
2018-1-10T13-49-5,1515588545402,0.86341465,-0.014634146,0.46601942,0.86341465
2018-1-10T13-49-5,1515588545403,0.87317073,-0.004878049,0.4854369,0.87317073
2018-1-10T13-49-5,1515588545404,0.902439,0.014634146,0.4854369,0.902439
2018-1-10T13-49-5,1515588545405,0.9317073,0.014634146,0.4854369,0.9317073
2018-1-10T13-49-5,1515588545406,0.9512195,0.014634146,0.407767,0.9512195
2018-1-10T13-49-5,1515588545407,0.84390247,0.014634146,0.46601942,0.84390247
2018-1-10T13-49-5,1515588545408,0.902439,0.024390243,0.4563107,0.902439
2018-1-10T13-49-5,1515588545409,0.87317073,-0.004878049,0.47572815,0.87317073
2018-1-10T13-49-5,1515588545410,0.85365856,-0.014634146,0.4854369,0.85365856
2018-1-10T13-49-5,1515588545411,0.86341465,-0.014634146,0.4368932,0.86341465
2018-1-10T13-49-5,1515588545412,0.82439023,-0.043902438,0.42718446,0.82439023
2018-1-10T13-49-5,1515588545413,0.80487806,-0.034146342,0.407767,0.80487806
2018-1-10T13-49-5,1515588545414,0.8341463,-0.034146342,0.41747573,0.8341463
2018-1-10T13-49-5,1515588545415,0.82439023,-0.034146342,0.4563107,0.82439023
2018-1-10T13-49-5,1515588545416,0.76585364,-0.07317073,0.4563107,0.76585364
2018-1-10T13-49-5,1515588545417,0.82439023,-0.034146342,0.42718446,0.82439023
2018-1-10T13-49-5,1515588545418,0.84390247,-0.043902438,0.42718446,0.84390247
2018-1-10T13-49-5,1515588545419,0.85365856,-0.024390243,0.407767,0.85365856
2018-1-10T13-49-5,1515588545420,0.84390247,-0.024390243,0.42718446,0.84390247
2018-1-10T13-49-5,1515588545421,0.84390247,-0.053658538,0.4368932,0.84390247
2018-1-10T13-49-5,1515588545422,0.86341465,-0.043902438,0.42718446,0.86341465
2018-1-10T13-49-5,1515588545423,0.84390247,-0.053658538,0.44660193,0.84390247
2018-1-10T13-49-5,1515588545424,0.8341463,-0.053658538,0.4563107,0.8341463
2018-1-10T13-49-5,1515588545425,0.8341463,-0.043902438,0.47572815,0.8341463
2018-1-10T13-49-5,1515588545426,0.8829268,-0.014634146,0.47572815,0.8829268
2018-1-10T13-49-5,1515588545427,0.91219515,-0.024390243,0.47572815,0.91219515
2018-1-10T13-49-5,1515588545428,0.91219515,-0.004878049,0.47572815,0.91219515
2018-1-10T13-49-5,1515588545429,0.91219515,-0.06341463,0.4854369,0.91219515
2018-1-10T13-49-5,1515588545430,0.8926829,-0.014634146,0.46601942,0.8926829
2018-1-10T13-49-5,1515588545431,0.87317073,-0.024390243,0.44660193,0.87317073
2018-1-10T13-49-5,1515588545432,0.85365856,-0.014634146,0.41747573,0.85365856
2018-1-10T13-49-5,1515588545433,0.81463414,-0.014634146,0.42718446,0.81463414
2018-1-10T13-49-5,1515588545434,0.80487806,-0.043902438,0.42718446,0.80487806
2018-1-10T13-49-5,1515588545435,0.80487806,-0.024390243,0.41747573,0.80487806
2018-1-10T13-49-5,1515588545436,0.79512197,-0.024390243,0.42718446,0.79512197
2018-1-10T13-49-5,1515588545437,0.81463414,-0.004878049,0.44660193,0.81463414
2018-1-10T13-49-5,1515588545438,0.84390247,-0.014634146,0.41747573,0.84390247
2018-1-10T13-49-5,1515588545439,0.8341463,-0.014634146,0.4368932,0.8341463
2018-1-10T13-49-5,1515588545440,0.85365856,-0.014634146,0.4368932,0.85365856
2018-1-10T13-49-5,1515588545441,0.86341465,0.004878049,0.42718446,0.86341465
2018-1-10T13-49-5,1515588545442,0.84390247,-0.034146342,0.4368932,0.84390247
2018-1-10T13-49-5,1515588545443,0.81463414,-0.024390243,0.4368932,0.81463414
2018-1-10T13-49-5,1515588545444,0.82439023,-0.043902438,0.4563107,0.82439023
2018-1-10T13-49-5,1515588545445,0.8926829,-0.08292683,0.46601942,0.8926829
2018-1-10T13-49-5,1515588545446,0.86341465,-0.034146342,0.44660193,0.86341465
2018-1-10T13-49-5,1515588545447,0.86341465,-0.014634146,0.407767,0.86341465
2018-1-10T13-49-5,1515588545448,0.87317073,0.024390243,0.41747573,0.87317073
2018-1-10T13-49-5,1515588545449,0.86341465,-0.014634146,0.47572815,0.86341465
2018-1-10T13-49-5,1515588545450,0.9414634,-0.034146342,0.52427185,0.9414634
2018-1-10T13-49-5,1515588545451,0.87317073,-0.053658538,0.44660193,0.87317073
2018-1-10T13-49-5,1515588545452,0.84390247,-0.034146342,0.39805827,0.84390247
2018-1-10T13-49-5,1515588545453,0.84390247,-0.09268293,0.42718446,0.84390247
2018-1-10T13-49-5,1515588545454,0.82439023,-0.034146342,0.5145631,0.82439023
2018-1-10T13-49-5,1515588545455,0.8341463,-0.053658538,0.5145631,0.8341463
2018-1-10T13-49-5,1515588545456,0.8341463,-0.024390243,0.4368932,0.8341463
2018-1-10T13-49-5,1515588545457,0.86341465,-0.024390243,0.42718446,0.86341465
2018-1-10T13-49-5,1515588545458,0.84390247,-0.024390243,0.42718446,0.84390247
2018-1-10T13-49-5,1515588545459,0.80487806,-0.014634146,0.4368932,0.80487806
2018-1-10T13-49-5,1515588545460,0.80487806,-0.014634146,0.407767,0.80487806
2018-1-10T13-49-5,1515588545461,0.81463414,-0.024390243,0.4368932,0.81463414
2018-1-10T13-49-5,1515588545462,0.82439023,-0.024390243,0.4563107,0.82439023
2018-1-10T13-49-5,1515588545463,0.86341465,-0.024390243,0.46601942,0.86341465
2018-1-10T13-49-5,1515588545464,0.8829268,-0.004878049,0.44660193,0.8829268
2018-1-10T13-49-5,1515588545465,0.81463414,0.024390243,0.44660193,0.81463414
2018-1-10T13-49-5,1515588545466,0.87317073,0.014634146,0.4368932,0.87317073
2018-1-10T13-49-5,1515588545467,0.86341465,0.014634146,0.4563107,0.86341465
2018-1-10T13-49-5,1515588545468,0.84390247,-0.014634146,0.407767,0.84390247
2018-1-10T13-49-5,1515588545469,0.85365856,-0.004878049,0.4563107,0.85365856
2018-1-10T13-49-5,1515588545470,0.84390247,0.014634146,0.4368932,0.84390247
2018-1-10T13-49-5,1515588545471,0.85365856,-0.024390243,0.4563107,0.85365856
2018-1-10T13-49-5,1515588545472,0.85365856,-0.07317073,0.44660193,0.85365856
2018-1-10T13-49-5,1515588545473,0.86341465,-0.014634146,0.42718446,0.86341465
2018-1-10T13-49-5,1515588545474,0.902439,-0.014634146,0.407767,0.902439
2018-1-10T13-49-5,1515588545475,0.81463414,-0.024390243,0.42718446,0.81463414
2018-1-10T13-49-5,1515588545476,0.75609756,-0.024390243,0.44660193,0.75609756
2018-1-10T13-49-5,1515588545477,0.80487806,-0.053658538,0.47572815,0.80487806
2018-1-10T13-49-5,1515588545478,0.82439023,-0.043902438,0.4854369,0.82439023
2018-1-10T13-49-5,1515588545479,0.86341465,-0.034146342,0.42718446,0.86341465
2018-1-10T13-49-5,1515588545480,0.86341465,-0.034146342,0.42718446,0.86341465
2018-1-10T13-49-5,1515588545481,0.85365856,-0.043902438,0.4563107,0.85365856
2018-1-10T13-49-5,1515588545482,0.82439023,-0.034146342,0.5145631,0.82439023
2018-1-10T13-49-5,1515588545483,0.7853659,-0.043902438,0.42718446,0.7853659
2018-1-10T13-49-5,1515588545484,0.80487806,-0.034146342,0.42718446,0.80487806
2018-1-10T13-49-5,1515588545485,0.80487806,-0.034146342,0.4368932,0.80487806
2018-1-10T13-49-5,1515588545486,0.82439023,-0.043902438,0.4854369,0.82439023
2018-1-10T13-49-5,1515588545487,0.84390247,-0.053658538,0.47572815,0.84390247
2018-1-10T13-49-5,1515588545488,0.902439,-0.024390243,0.4563107,0.902439
2018-1-10T13-49-5,1515588545489,0.9317073,-0.004878049,0.4563107,0.9317073
2018-1-10T13-49-5,1515588545490,0.8829268,-0.024390243,0.4563107,0.8829268
2018-1-10T13-49-5,1515588545491,0.86341465,-0.004878049,0.47572815,0.86341465
2018-1-10T13-49-5,1515588545492,0.85365856,-0.024390243,0.4563107,0.85365856
2018-1-10T13-49-5,1515588545493,1.0,-0.014634146,0.4368932,1.0
2018-1-10T13-49-5,1515588545494,0.84390247,-0.014634146,0.4368932,0.84390247
2018-1-10T13-49-5,1515588545495,0.81463414,-0.034146342,0.4368932,0.81463414
2018-1-10T13-49-5,1515588545496,0.84390247,-0.004878049,0.44660193,0.84390247
2018-1-10T13-49-5,1515588545497,0.84390247,0.004878049,0.44660193,0.84390247
2018-1-10T13-49-5,1515588545498,0.84390247,-0.004878049,0.41747573,0.84390247
2018-1-10T13-49-5,1515588545499,0.84390247,0.034146342,0.4368932,0.84390247
2018-1-10T13-49-5,1515588545500,0.87317073,0.053658538,0.49514562,0.87317073
2018-1-10T13-49-5,1515588545501,0.80487806,-0.014634146,0.4563107,0.80487806
2018-1-10T13-49-5,1515588545502,0.86341465,-0.004878049,0.44660193,0.86341465
2018-1-10T13-49-5,1515588545503,0.86341465,-0.034146342,0.407767,0.86341465
2018-1-10T13-49-5,1515588545504,0.82439023,-0.043902438,0.44660193,0.82439023
2018-1-10T13-49-5,1515588545505,0.8341463,-0.034146342,0.4563107,0.8341463
2018-1-10T13-49-5,1515588545506,0.8341463,-0.034146342,0.407767,0.8341463
2018-1-10T13-49-5,1515588545507,0.80487806,-0.034146342,0.407767,0.80487806
2018-1-10T13-49-5,1515588545508,0.80487806,-0.034146342,0.42718446,0.80487806
2018-1-10T13-49-5,1515588545509,0.80487806,-0.024390243,0.49514562,0.80487806
2018-1-10T13-49-5,1515588545510,0.81463414,-0.024390243,0.47572815,0.81463414
2018-1-10T13-49-5,1515588545511,0.87317073,-0.024390243,0.44660193,0.87317073
2018-1-10T13-49-5,1515588545512,0.86341465,-0.034146342,0.4854369,0.86341465
2018-1-10T13-49-5,1515588545513,0.8926829,-0.014634146,0.47572815,0.8926829
2018-1-10T13-49-5,1515588545514,0.87317073,-0.004878049,0.47572815,0.87317073
2018-1-10T13-49-5,1515588545515,0.86341465,-0.07317073,0.42718446,0.86341465
2018-1-10T13-49-5,1515588545516,0.8341463,-0.024390243,0.4368932,0.8341463
2018-1-10T13-49-5,1515588545517,0.82439023,-0.034146342,0.46601942,0.82439023
2018-1-10T13-49-5,1515588545518,0.85365856,-0.043902438,0.52427185,0.85365856
2018-1-10T13-49-5,1515588545519,0.84390247,0.034146342,0.41747573,0.84390247
2018-1-10T13-49-5,1515588545520,0.84390247,-0.034146342,0.42718446,0.84390247
2018-1-10T13-49-5,1515588545521,0.84390247,0.043902438,0.44660193,0.84390247
2018-1-10T13-49-5,1515588545522,0.8829268,-0.024390243,0.46601942,0.8829268
2018-1-10T13-49-5,1515588545523,0.84390247,-0.004878049,0.44660193,0.84390247
2018-1-10T13-49-5,1515588545524,0.86341465,0.014634146,0.4368932,0.86341465
2018-1-10T13-49-5,1515588545525,0.84390247,0.004878049,0.46601942,0.84390247
2018-1-10T13-49-5,1515588545526,0.85365856,-0.014634146,0.46601942,0.85365856
2018-1-10T13-49-5,1515588545527,0.84390247,-0.014634146,0.47572815,0.84390247
2018-1-10T13-49-5,1515588545528,0.84390247,-0.11219512,0.407767,0.84390247
2018-1-10T13-49-5,1515588545529,0.81463414,-0.043902438,0.42718446,0.81463414
2018-1-10T13-49-5,1515588545530,0.82439023,-0.034146342,0.49514562,0.82439023
2018-1-10T13-49-5,1515588545531,0.8341463,-0.15121952,0.4854369,0.8341463
2018-1-10T13-49-5,1515588545532,0.8829268,0.024390243,0.41747573,0.8829268
2018-1-10T13-49-5,1515588545533,0.87317073,0.004878049,0.41747573,0.87317073
2018-1-10T13-49-5,1515588545534,0.8829268,-0.014634146,0.47572815,0.8829268
2018-1-10T13-49-5,1515588545535,0.85365856,-0.034146342,0.5048544,0.85365856
2018-1-10T13-49-5,1515588545536,0.85365856,-0.034146342,0.46601942,0.85365856
2018-1-10T13-49-5,1515588545537,0.86341465,-0.014634146,0.42718446,0.86341465
2018-1-10T13-49-5,1515588545538,0.91219515,-0.024390243,0.44660193,0.91219515
2018-1-10T13-49-5,1515588545539,0.9609756,-0.053658538,0.46601942,0.9609756
2018-1-10T13-49-5,1515588545540,0.82439023,-0.07317073,0.4563107,0.82439023
2018-1-10T13-49-5,1515588545541,0.81463414,-0.014634146,0.41747573,0.81463414
2018-1-10T13-49-5,1515588545542,0.84390247,-0.004878049,0.3883495,0.84390247
2018-1-10T13-49-5,1515588545543,0.80487806,-0.014634146,0.41747573,0.80487806
2018-1-10T13-49-5,1515588545544,0.79512197,-0.024390243,0.41747573,0.79512197
2018-1-10T13-49-5,1515588545545,0.81463414,-0.014634146,0.4368932,0.81463414
2018-1-10T13-49-5,1515588545546,0.85365856,0.004878049,0.4563107,0.85365856
2018-1-10T13-49-5,1515588545547,0.85365856,-0.004878049,0.5048544,0.85365856
2018-1-10T13-49-5,1515588545548,0.85365856,0.024390243,0.44660193,0.85365856
2018-1-10T13-49-5,1515588545549,0.85365856,0.004878049,0.4563107,0.85365856
2018-1-10T13-49-5,1515588545550,0.87317073,0.014634146,0.46601942,0.87317073
2018-1-10T13-49-5,1515588545551,0.87317073,-0.014634146,0.44660193,0.87317073
2018-1-10T13-49-5,1515588545552,0.86341465,-0.034146342,0.42718446,0.86341465
2018-1-10T13-49-5,1515588545553,0.85365856,-0.08292683,0.44660193,0.85365856
2018-1-10T13-49-5,1515588545554,0.84390247,-0.043902438,0.42718446,0.84390247
2018-1-10T13-49-5,1515588545555,0.8341463,-0.043902438,0.4563107,0.8341463
2018-1-10T13-49-5,1515588545556,0.85365856,-0.024390243,0.42718446,0.85365856
2018-1-10T13-49-5,1515588545557,0.8341463,-0.043902438,0.41747573,0.8341463
2018-1-10T13-49-5,1515588545558,0.84390247,0.024390243,0.44660193,0.84390247
2018-1-10T13-49-5,1515588545559,0.8341463,-0.014634146,0.46601942,0.8341463
2018-1-10T13-49-5,1515588545560,0.85365856,-0.053658538,0.47572815,0.85365856
2018-1-10T13-49-5,1515588545561,0.86341465,-0.09268293,0.4368932,0.86341465
2018-1-10T13-49-5,1515588545562,0.84390247,-0.043902438,0.4368932,0.84390247
2018-1-10T13-49-5,1515588545563,0.84390247,-0.034146342,0.46601942,0.84390247
2018-1-10T13-49-5,1515588545564,0.8341463,-0.06341463,0.44660193,0.8341463
2018-1-10T13-49-5,1515588545565,0.82439023,-0.053658538,0.41747573,0.82439023
2018-1-10T13-49-5,1515588545566,0.81463414,-0.034146342,0.39805827,0.81463414
2018-1-10T13-49-5,1515588545567,0.82439023,-0.024390243,0.4368932,0.82439023
2018-1-10T13-49-5,1515588545568,0.84390247,-0.004878049,0.46601942,0.84390247
2018-1-10T13-49-5,1515588545569,0.86341465,0.004878049,0.46601942,0.86341465
2018-1-10T13-49-5,1515588545570,0.85365856,0.004878049,0.46601942,0.85365856
2018-1-10T13-49-5,1515588545571,0.8829268,0.004878049,0.42718446,0.8829268
2018-1-10T13-49-5,1515588545572,0.86341465,-0.004878049,0.41747573,0.86341465
2018-1-10T13-49-5,1515588545573,0.84390247,0.014634146,0.44660193,0.84390247
2018-1-10T13-49-5,1515588545574,0.8341463,-0.053658538,0.49514562,0.8341463
2018-1-10T13-49-5,1515588545575,0.8341463,-0.043902438,0.47572815,0.8341463
2018-1-10T13-49-5,1515588545576,0.92195123,-0.024390243,0.41747573,0.92195123
2018-1-10T13-49-5,1515588545577,0.86341465,0.004878049,0.407767,0.86341465
2018-1-10T13-49-5,1515588545578,0.902439,0.004878049,0.42718446,0.902439
2018-1-10T13-49-5,1515588545579,0.82439023,-0.014634146,0.4563107,0.82439023
2018-1-10T13-49-5,1515588545580,0.82439023,0.004878049,0.44660193,0.82439023
2018-1-10T13-49-5,1515588545581,0.82439023,0.004878049,0.4368932,0.82439023
2018-1-10T13-49-5,1515588545582,0.87317073,-0.004878049,0.4563107,0.87317073
2018-1-10T13-49-5,1515588545583,0.85365856,-0.004878049,0.46601942,0.85365856
2018-1-10T13-49-5,1515588545584,0.87317073,-0.014634146,0.4368932,0.87317073
2018-1-10T13-49-5,1515588545585,0.84390247,-0.034146342,0.44660193,0.84390247
2018-1-10T13-49-5,1515588545586,0.84390247,-0.043902438,0.41747573,0.84390247
2018-1-10T13-49-5,1515588545587,0.81463414,-0.07317073,0.407767,0.81463414
2018-1-10T13-49-5,1515588545588,0.79512197,-0.08292683,0.4563107,0.79512197
2018-1-10T13-49-5,1515588545589,0.80487806,-0.07317073,0.47572815,0.80487806
2018-1-10T13-49-5,1515588545590,0.82439023,-0.08292683,0.41747573,0.82439023
2018-1-10T13-49-5,1515588545591,0.8341463,-0.043902438,0.407767,0.8341463
2018-1-10T13-49-5,1515588545592,0.42439026,-0.014634146,0.4563107,0.42439026
2018-1-10T13-49-5,1515588545593,0.902439,-0.07317073,0.5048544,0.902439
2018-1-10T13-49-5,1515588545594,0.902439,-0.004878049,0.4854369,0.902439
2018-1-10T13-49-5,1515588545595,0.902439,0.014634146,0.4368932,0.902439
2018-1-10T13-49-5,1515588545596,0.87317073,0.014634146,0.44660193,0.87317073
2018-1-10T13-49-5,1515588545597,0.86341465,0.004878049,0.44660193,0.86341465
2018-1-10T13-49-5,1515588545598,0.84390247,-0.014634146,0.4563107,0.84390247
2018-1-10T13-49-5,1515588545599,0.8341463,-0.09268293,0.46601942,0.8341463
2018-1-10T13-49-5,1515588545600,0.84390247,-0.034146342,0.4368932,0.84390247
2018-1-10T13-49-5,1515588545601,0.84390247,-0.014634146,0.42718446,0.84390247
2018-1-10T13-49-5,1515588545602,0.82439023,-0.034146342,0.407767,0.82439023
2018-1-10T13-49-5,1515588545603,0.81463414,0.014634146,0.41747573,0.81463414
2018-1-10T13-49-5,1515588545604,0.82439023,0.024390243,0.49514562,0.82439023
2018-1-10T13-49-5,1515588545605,0.82439023,-0.024390243,0.4563107,0.82439023
2018-1-10T13-49-5,1515588545606,0.85365856,-0.014634146,0.39805827,0.85365856
2018-1-10T13-49-5,1515588545607,0.87317073,0.004878049,0.41747573,0.87317073
2018-1-10T13-49-5,1515588545608,0.86341465,0.004878049,0.42718446,0.86341465
2018-1-10T13-49-5,1515588545609,0.86341465,-0.004878049,0.47572815,0.86341465
2018-1-10T13-49-5,1515588545610,0.86341465,-0.024390243,0.36893204,0.86341465
2018-1-10T13-49-5,1515588545611,0.86341465,-0.024390243,0.4563107,0.86341465
2018-1-10T13-49-5,1515588545612,0.87317073,-0.024390243,0.407767,0.87317073
2018-1-10T13-49-5,1515588545613,0.87317073,-0.024390243,0.41747573,0.87317073
2018-1-10T13-49-5,1515588545614,0.8341463,-0.034146342,0.4368932,0.8341463
2018-1-10T13-49-5,1515588545615,0.71707314,-0.043902438,0.44660193,0.71707314
2018-1-10T13-49-5,1515588545616,0.84390247,-0.034146342,0.47572815,0.84390247
2018-1-10T13-49-5,1515588545617,0.84390247,-0.053658538,0.5145631,0.84390247
2018-1-10T13-49-5,1515588545618,0.85365856,-0.06341463,0.47572815,0.85365856
2018-1-10T13-49-5,1515588545619,0.84390247,-0.043902438,0.42718446,0.84390247
2018-1-10T13-49-5,1515588545620,0.85365856,-0.034146342,0.4368932,0.85365856
2018-1-10T13-49-5,1515588545621,0.84390247,-0.034146342,0.42718446,0.84390247
2018-1-10T13-49-5,1515588545622,0.82439023,-0.034146342,0.407767,0.82439023
2018-1-10T13-49-5,1515588545623,0.7853659,-0.014634146,0.42718446,0.7853659
2018-1-10T13-49-5,1515588545624,0.80487806,-0.034146342,0.39805827,0.80487806
2018-1-10T13-49-5,1515588545625,0.82439023,-0.014634146,0.4368932,0.82439023
2018-1-10T13-49-5,1515588545626,0.84390247,-0.014634146,0.42718446,0.84390247
2018-1-10T13-49-5,1515588545627,0.85365856,0.004878049,0.4368932,0.85365856
2018-1-10T13-49-5,1515588545628,0.8829268,-0.024390243,0.46601942,0.8829268
2018-1-10T13-49-5,1515588545629,0.91219515,-0.024390243,0.42718446,0.91219515
2018-1-10T13-49-5,1515588545630,0.8829268,0.024390243,0.46601942,0.8829268
2018-1-10T13-49-5,1515588545631,0.87317073,0.034146342,0.46601942,0.87317073
2018-1-10T13-49-5,1515588545632,0.8829268,-0.004878049,0.4368932,0.8829268
2018-1-10T13-49-5,1515588545633,0.85365856,-0.014634146,0.44660193,0.85365856
2018-1-10T13-49-5,1515588545634,0.84390247,-0.034146342,0.44660193,0.84390247
2018-1-10T13-49-5,1515588545635,0.80487806,-0.043902438,0.4368932,0.80487806
2018-1-10T13-49-5,1515588545636,0.82439023,-0.043902438,0.42718446,0.82439023
2018-1-10T13-49-5,1515588545637,0.8341463,-0.053658538,0.49514562,0.8341463
2018-1-10T13-49-5,1515588545638,0.86341465,-0.053658538,0.46601942,0.86341465
2018-1-10T13-49-5,1515588545639,0.84390247,-0.034146342,0.4368932,0.84390247
2018-1-10T13-49-5,1515588545640,0.86341465,0.004878049,0.4368932,0.86341465
2018-1-10T13-49-5,1515588545641,0.8829268,0.014634146,0.47572815,0.8829268
2018-1-10T13-49-5,1515588545642,0.87317073,0.08292683,0.46601942,0.87317073
2018-1-10T13-49-5,1515588545643,0.87317073,-0.004878049,0.42718446,0.87317073
2018-1-10T13-49-5,1515588545644,0.82439023,-0.024390243,0.41747573,0.82439023
2018-1-10T13-49-5,1515588545645,0.82439023,-0.034146342,0.4563107,0.82439023
2018-1-10T13-49-5,1515588545646,0.81463414,-0.06341463,0.4854369,0.81463414
2018-1-10T13-49-5,1515588545647,0.81463414,-0.09268293,0.4368932,0.81463414
2018-1-10T13-49-5,1515588545648,0.7853659,-0.053658538,0.3592233,0.7853659
2018-1-10T13-49-5,1515588545649,0.77560973,-0.08292683,0.39805827,0.77560973
2018-1-10T13-49-5,1515588545650,0.80487806,-0.07317073,0.47572815,0.80487806
2018-1-10T13-49-5,1515588545651,0.80487806,-0.06341463,0.46601942,0.80487806
2018-1-10T13-49-5,1515588545652,0.86341465,-0.053658538,0.4563107,0.86341465
2018-1-10T13-49-5,1515588545653,0.902439,-0.024390243,0.47572815,0.902439
2018-1-10T13-49-5,1515588545654,0.91219515,-0.014634146,0.5048544,0.91219515
2018-1-10T13-49-5,1515588545655,0.91219515,-0.004878049,0.4854369,0.91219515
2018-1-10T13-49-5,1515588545656,0.92195123,0.034146342,0.4368932,0.92195123
2018-1-10T13-49-5,1515588545657,0.902439,0.014634146,0.46601942,0.902439
2018-1-10T13-49-5,1515588545658,0.87317073,0.004878049,0.4563107,0.87317073
2018-1-10T13-49-5,1515588545659,0.81463414,-0.043902438,0.42718446,0.81463414
2018-1-10T13-49-5,1515588545660,0.7853659,-0.004878049,0.3883495,0.7853659
2018-1-10T13-49-5,1515588545661,0.77560973,-0.034146342,0.39805827,0.77560973
2018-1-10T13-49-5,1515588545662,0.80487806,-0.004878049,0.42718446,0.80487806
2018-1-10T13-49-5,1515588545663,0.79512197,-0.024390243,0.44660193,0.79512197
2018-1-10T13-49-5,1515588545664,0.82439023,0.043902438,0.4368932,0.82439023
2018-1-10T13-49-5,1515588545665,0.8341463,-0.004878049,0.42718446,0.8341463
2018-1-10T13-49-5,1515588545666,0.87317073,0.014634146,0.41747573,0.87317073
2018-1-10T13-49-5,1515588545667,0.84390247,-0.004878049,0.4563107,0.84390247
2018-1-10T13-49-5,1515588545668,0.84390247,-0.014634146,0.46601942,0.84390247
2018-1-10T13-49-5,1515588545669,0.91219515,-0.034146342,0.46601942,0.91219515
2018-1-10T13-49-5,1515588545670,0.85365856,-0.024390243,0.42718446,0.85365856
2018-1-10T13-49-5,1515588545671,0.8829268,0.08292683,0.4368932,0.8829268
2018-1-10T13-49-5,1515588545672,0.87317073,-0.024390243,0.4563107,0.87317073
2018-1-10T13-49-5,1515588545673,0.8829268,-0.014634146,0.4563107,0.8829268
2018-1-10T13-49-5,1515588545674,0.902439,0.014634146,0.4368932,0.902439
2018-1-10T13-49-5,1515588545675,0.86341465,-0.004878049,0.41747573,0.86341465
2018-1-10T13-49-5,1515588545676,0.86341465,-0.034146342,0.4563107,0.86341465
2018-1-10T13-49-5,1515588545677,0.8926829,-0.08292683,0.47572815,0.8926829
2018-1-10T13-49-5,1515588545678,0.87317073,-0.043902438,0.5145631,0.87317073
2018-1-10T13-49-5,1515588545679,0.8829268,-0.053658538,0.4854369,0.8829268
2018-1-10T13-49-5,1515588545680,0.79512197,-0.043902438,0.4368932,0.79512197
2018-1-10T13-49-5,1515588545681,0.86341465,-0.034146342,0.3592233,0.86341465
2018-1-10T13-49-5,1515588545682,0.82439023,-0.024390243,0.42718446,0.82439023
2018-1-10T13-49-5,1515588545683,0.81463414,0.034146342,0.4563107,0.81463414
2018-1-10T13-49-5,1515588545684,0.7853659,-0.024390243,0.39805827,0.7853659
2018-1-10T13-49-5,1515588545685,0.81463414,-0.024390243,0.37864077,0.81463414
2018-1-10T13-49-5,1515588545686,0.80487806,-0.034146342,0.4563107,0.80487806
2018-1-10T13-49-5,1515588545687,0.82439023,-0.043902438,0.47572815,0.82439023
2018-1-10T13-49-5,1515588545688,0.85365856,-0.043902438,0.44660193,0.85365856
2018-1-10T13-49-5,1515588545689,0.7853659,-0.004878049,0.42718446,0.7853659
2018-1-10T13-49-5,1515588545690,0.87317073,-0.024390243,0.42718446,0.87317073
2018-1-10T13-49-5,1515588545691,0.84390247,-0.043902438,0.47572815,0.84390247
2018-1-10T13-49-5,1515588545692,0.81463414,-0.024390243,0.42718446,0.81463414
2018-1-10T13-49-5,1515588545693,0.84390247,-0.004878049,0.41747573,0.84390247
2018-1-10T13-49-5,1515588545694,0.8341463,-0.034146342,0.4854369,0.8341463
2018-1-10T13-49-5,1515588545695,0.87317073,-0.034146342,0.47572815,0.87317073
2018-1-10T13-49-5,1515588545696,0.86341465,-0.014634146,0.44660193,0.86341465
2018-1-10T13-49-5,1515588545697,0.87317073,0.043902438,0.66019416,0.87317073
2018-1-10T13-49-5,1515588545698,0.91219515,0.004878049,0.4563107,0.91219515
2018-1-10T13-49-5,1515588545699,0.87317073,0.004878049,0.4563107,0.87317073
2018-1-10T13-49-5,1515588545700,0.9317073,-0.014634146,0.42718446,0.9317073
2018-1-10T13-49-5,1515588545701,0.82439023,0.014634146,0.39805827,0.82439023
2018-1-10T13-49-5,1515588545702,0.80487806,0.004878049,0.41747573,0.80487806
2018-1-10T13-49-5,1515588545703,0.79512197,-0.004878049,0.44660193,0.79512197
2018-1-10T13-49-5,1515588545704,0.79512197,-0.024390243,0.46601942,0.79512197
2018-1-10T13-49-5,1515588545705,0.85365856,-0.043902438,0.46601942,0.85365856
2018-1-10T13-49-5,1515588545706,0.87317073,-0.024390243,0.4368932,0.87317073
2018-1-10T13-49-5,1515588545707,0.87317073,-0.014634146,0.4368932,0.87317073
2018-1-10T13-49-5,1515588545708,0.86341465,-0.014634146,0.4563107,0.86341465
2018-1-10T13-49-5,1515588545709,0.85365856,-0.024390243,0.4854369,0.85365856
2018-1-10T13-49-5,1515588545710,0.84390247,-0.034146342,0.42718446,0.84390247
2018-1-10T13-49-5,1515588545711,0.8341463,-0.034146342,0.39805827,0.8341463
2018-1-10T13-49-5,1515588545712,0.7853659,-0.043902438,0.42718446,0.7853659
2018-1-10T13-49-5,1515588545713,0.81463414,-0.06341463,0.4563107,0.81463414
2018-1-10T13-49-5,1515588545714,0.84390247,-0.07317073,0.46601942,0.84390247
2018-1-10T13-49-5,1515588545715,0.84390247,-0.053658538,0.4368932,0.84390247
2018-1-10T13-49-5,1515588545716,0.85365856,-0.004878049,0.39805827,0.85365856
2018-1-10T13-49-5,1515588545717,0.84390247,-0.004878049,0.41747573,0.84390247
2018-1-10T13-49-5,1515588545718,0.8341463,0.004878049,0.4854369,0.8341463
2018-1-10T13-49-5,1515588545719,0.8829268,-0.004878049,0.5145631,0.8829268
2018-1-10T13-49-5,1515588545720,0.8829268,0.014634146,0.44660193,0.8829268
2018-1-10T13-49-5,1515588545721,0.87317073,-0.024390243,0.407767,0.87317073
2018-1-10T13-49-5,1515588545722,0.902439,-0.014634146,0.44660193,0.902439
2018-1-10T13-49-5,1515588545723,0.84390247,-0.034146342,0.47572815,0.84390247
2018-1-10T13-49-5,1515588545724,0.84390247,-0.034146342,0.44660193,0.84390247
2018-1-10T13-49-5,1515588545725,0.8341463,-0.024390243,0.39805827,0.8341463
2018-1-10T13-49-5,1515588545726,0.84390247,-0.004878049,0.41747573,0.84390247
2018-1-10T13-49-5,1515588545727,0.82439023,-0.004878049,0.4563107,0.82439023
2018-1-10T13-49-5,1515588545728,0.81463414,-0.014634146,0.44660193,0.81463414
2018-1-10T13-49-5,1515588545729,0.8829268,0.004878049,0.42718446,0.8829268
2018-1-10T13-49-5,1515588545730,0.86341465,0.004878049,0.44660193,0.86341465
2018-1-10T13-49-5,1515588545731,0.87317073,-0.043902438,0.4563107,0.87317073
2018-1-10T13-49-5,1515588545732,0.8341463,-0.053658538,0.4368932,0.8341463
2018-1-10T13-49-5,1515588545733,0.81463414,-0.11219512,0.42718446,0.81463414
2018-1-10T13-49-5,1515588545734,0.82439023,-0.024390243,0.42718446,0.82439023
2018-1-10T13-49-5,1515588545735,0.80487806,-0.053658538,0.4368932,0.80487806
2018-1-10T13-49-5,1515588545736,0.81463414,-0.043902438,0.44660193,0.81463414
2018-1-10T13-49-5,1515588545737,0.85365856,-0.034146342,0.47572815,0.85365856
2018-1-10T13-49-5,1515588545738,0.87317073,-0.034146342,0.44660193,0.87317073
2018-1-10T13-49-5,1515588545739,0.902439,-0.053658538,0.46601942,0.902439
2018-1-10T13-49-5,1515588545740,0.8926829,-0.014634146,0.44660193,0.8926829
2018-1-10T13-49-5,1515588545741,0.86341465,-0.004878049,0.44660193,0.86341465
2018-1-10T13-49-5,1515588545742,0.87317073,0.004878049,0.47572815,0.87317073
2018-1-10T13-49-5,1515588545743,0.84390247,-0.014634146,0.42718446,0.84390247
2018-1-10T13-49-5,1515588545744,0.80487806,-0.034146342,0.407767,0.80487806
2018-1-10T13-49-5,1515588545745,0.81463414,-0.034146342,0.42718446,0.81463414
2018-1-10T13-49-5,1515588545746,0.81463414,-0.06341463,0.5145631,0.81463414
2018-1-10T13-49-5,1515588545747,0.82439023,-0.053658538,0.47572815,0.82439023
2018-1-10T13-49-5,1515588545748,0.8829268,-0.014634146,0.407767,0.8829268
2018-1-10T13-49-5,1515588545749,0.85365856,0.004878049,0.39805827,0.85365856
2018-1-10T13-49-5,1515588545750,0.86341465,-0.004878049,0.42718446,0.86341465
2018-1-10T13-49-5,1515588545751,0.80487806,-0.024390243,0.47572815,0.80487806
2018-1-10T13-49-5,1515588545752,0.82439023,-0.034146342,0.4563107,0.82439023
2018-1-10T13-49-5,1515588545753,0.84390247,0.004878049,0.44660193,0.84390247
2018-1-10T13-49-5,1515588545754,0.86341465,-0.053658538,0.42718446,0.86341465
2018-1-10T13-49-5,1515588545755,0.8926829,-0.08292683,0.4563107,0.8926829
2018-1-10T13-49-5,1515588545756,0.85365856,-0.043902438,0.4563107,0.85365856
2018-1-10T13-49-5,1515588545757,0.86341465,0.004878049,0.4368932,0.86341465
2018-1-10T13-49-5,1515588545758,0.86341465,-0.004878049,0.4563107,0.86341465
2018-1-10T13-49-5,1515588545759,0.87317073,-0.034146342,0.47572815,0.87317073
2018-1-10T13-49-5,1515588545760,0.85365856,-0.043902438,0.4854369,0.85365856
2018-1-10T13-49-5,1515588545761,0.87317073,-0.014634146,0.4368932,0.87317073
2018-1-10T13-49-5,1515588545762,0.85365856,-0.014634146,0.39805827,0.85365856
2018-1-10T13-49-5,1515588545763,0.82439023,-0.034146342,0.407767,0.82439023
2018-1-10T13-49-5,1515588545764,0.82439023,-0.043902438,0.44660193,0.82439023
2018-1-10T13-49-5,1515588545765,0.81463414,0.034146342,0.4563107,0.81463414
2018-1-10T13-49-5,1515588545766,0.82439023,-0.043902438,0.4563107,0.82439023
2018-1-10T13-49-5,1515588545767,0.82439023,-0.034146342,0.42718446,0.82439023
2018-1-10T13-49-5,1515588545768,0.82439023,0.024390243,0.407767,0.82439023
2018-1-10T13-49-5,1515588545769,0.84390247,0.004878049,0.44660193,0.84390247
2018-1-10T13-49-5,1515588545770,0.86341465,0.034146342,0.49514562,0.86341465
2018-1-10T13-49-5,1515588545771,0.91219515,0.004878049,0.44660193,0.91219515
2018-1-10T13-49-5,1515588545772,0.8926829,-0.014634146,0.42718446,0.8926829
2018-1-10T13-49-5,1515588545773,0.7853659,-0.004878049,0.407767,0.7853659
2018-1-10T13-49-5,1515588545774,0.79512197,-0.043902438,0.407767,0.79512197
2018-1-10T13-49-5,1515588545775,0.74634147,-0.06341463,0.44660193,0.74634147
2018-1-10T13-49-5,1515588545776,0.7853659,-0.07317073,0.46601942,0.7853659
2018-1-10T13-49-5,1515588545777,0.8341463,-0.11219512,0.47572815,0.8341463
2018-1-10T13-49-5,1515588545778,0.87317073,-0.053658538,0.4563107,0.87317073
2018-1-10T13-49-5,1515588545779,0.8926829,-0.053658538,0.42718446,0.8926829
2018-1-10T13-49-5,1515588545780,0.87317073,0.024390243,0.42718446,0.87317073
2018-1-10T13-49-5,1515588545781,0.80487806,0.014634146,0.44660193,0.80487806
2018-1-10T13-49-5,1515588545782,0.84390247,0.014634146,0.47572815,0.84390247
2018-1-10T13-49-5,1515588545783,0.8341463,-0.034146342,0.4563107,0.8341463
2018-1-10T13-49-5,1515588545784,0.86341465,0.014634146,0.47572815,0.86341465
2018-1-10T13-49-5,1515588545785,0.8829268,-0.014634146,0.4854369,0.8829268
2018-1-10T13-49-5,1515588545786,0.87317073,-0.014634146,0.46601942,0.87317073
2018-1-10T13-49-5,1515588545787,0.8829268,0.004878049,0.42718446,0.8829268
2018-1-10T13-49-5,1515588545788,0.86341465,-0.004878049,0.42718446,0.86341465
2018-1-10T13-49-5,1515588545789,0.81463414,0.014634146,0.46601942,0.81463414
2018-1-10T13-49-5,1515588545790,0.81463414,-0.004878049,0.4563107,0.81463414
2018-1-10T13-49-5,1515588545791,0.81463414,-0.034146342,0.46601942,0.81463414
2018-1-10T13-49-5,1515588545792,0.81463414,-0.053658538,0.44660193,0.81463414
2018-1-10T13-49-5,1515588545793,0.84390247,-0.053658538,0.4563107,0.84390247
2018-1-10T13-49-5,1515588545794,0.84390247,-0.06341463,0.4368932,0.84390247
2018-1-10T13-49-5,1515588545795,0.86341465,-0.043902438,0.4563107,0.86341465
2018-1-10T13-49-5,1515588545796,0.85365856,-0.024390243,0.4563107,0.85365856
2018-1-10T13-49-5,1515588545797,0.8341463,-0.034146342,0.407767,0.8341463
2018-1-10T13-49-5,1515588545798,0.80487806,-0.024390243,0.39805827,0.80487806
2018-1-10T13-49-5,1515588545799,0.74634147,-0.034146342,0.41747573,0.74634147
2018-1-10T13-49-5,1515588545800,0.80487806,-0.043902438,0.4563107,0.80487806
2018-1-10T13-49-5,1515588545801,0.82439023,-0.043902438,0.44660193,0.82439023
2018-1-10T13-49-5,1515588545802,0.87317073,-0.053658538,0.41747573,0.87317073
2018-1-10T13-49-5,1515588545803,0.91219515,-0.034146342,0.49514562,0.91219515
2018-1-10T13-49-5,1515588545804,0.92195123,-0.004878049,0.49514562,0.92195123
2018-1-10T13-49-5,1515588545805,0.902439,-0.043902438,0.4563107,0.902439
2018-1-10T13-49-5,1515588545806,0.87317073,0.014634146,0.47572815,0.87317073
2018-1-10T13-49-5,1515588545807,0.84390247,-0.024390243,0.42718446,0.84390247
2018-1-10T13-49-5,1515588545808,0.80487806,-0.014634146,0.41747573,0.80487806
2018-1-10T13-49-5,1515588545809,0.77560973,-0.034146342,0.407767,0.77560973
2018-1-10T13-49-5,1515588545810,0.7853659,-0.043902438,0.41747573,0.7853659
2018-1-10T13-49-5,1515588545811,0.79512197,-0.07317073,0.407767,0.79512197
2018-1-10T13-49-5,1515588545812,0.85365856,-0.034146342,0.42718446,0.85365856
2018-1-10T13-49-5,1515588545813,0.8341463,-0.014634146,0.44660193,0.8341463
2018-1-10T13-49-5,1515588545814,0.84390247,-0.004878049,0.47572815,0.84390247
2018-1-10T13-49-5,1515588545815,0.86341465,-0.004878049,0.46601942,0.86341465
2018-1-10T13-49-5,1515588545816,0.902439,0.034146342,0.4368932,0.902439
2018-1-10T13-49-5,1515588545817,0.8926829,0.004878049,0.47572815,0.8926829
2018-1-10T13-49-5,1515588545818,0.91219515,0.004878049,0.4854369,0.91219515
2018-1-10T13-49-5,1515588545819,0.8829268,-0.014634146,0.4854369,0.8829268
2018-1-10T13-49-5,1515588545820,0.8829268,-0.024390243,0.4368932,0.8829268
2018-1-10T13-49-5,1515588545821,0.87317073,0.014634146,0.407767,0.87317073
2018-1-10T13-49-5,1515588545822,0.81463414,-0.014634146,0.46601942,0.81463414
2018-1-10T13-49-5,1515588545823,0.7853659,-0.043902438,0.47572815,0.7853659
2018-1-10T13-49-5,1515588545824,0.8341463,-0.043902438,0.47572815,0.8341463
2018-1-10T13-49-5,1515588545825,0.87317073,-0.043902438,0.44660193,0.87317073
2018-1-10T13-49-5,1515588545826,0.86341465,-0.043902438,0.407767,0.86341465
2018-1-10T13-49-5,1515588545827,0.8341463,-0.053658538,0.46601942,0.8341463
2018-1-10T13-49-5,1515588545828,0.82439023,-0.053658538,0.4854369,0.82439023
2018-1-10T13-49-5,1515588545829,0.82439023,-0.043902438,0.4368932,0.82439023
2018-1-10T13-49-5,1515588545830,0.80487806,-0.043902438,0.407767,0.80487806
2018-1-10T13-49-5,1515588545831,0.79512197,-0.034146342,0.4368932,0.79512197
2018-1-10T13-49-5,1515588545832,0.82439023,-0.034146342,0.39805827,0.82439023
2018-1-10T13-49-5,1515588545833,0.8341463,-0.004878049,0.41747573,0.8341463
2018-1-10T13-49-5,1515588545834,0.86341465,0.004878049,0.407767,0.86341465
2018-1-10T13-49-5,1515588545835,0.87317073,-0.004878049,0.42718446,0.87317073
2018-1-10T13-49-5,1515588545836,0.86341465,0.004878049,0.47572815,0.86341465
2018-1-10T13-49-5,1515588545837,0.85365856,0.034146342,0.47572815,0.85365856
2018-1-10T13-49-5,1515588545838,0.85365856,-0.024390243,0.47572815,0.85365856
2018-1-10T13-49-5,1515588545839,0.84390247,-0.024390243,0.46601942,0.84390247
2018-1-10T13-49-5,1515588545840,0.82439023,-0.024390243,0.46601942,0.82439023
2018-1-10T13-49-5,1515588545841,0.87317073,-0.024390243,0.41747573,0.87317073
2018-1-10T13-49-5,1515588545842,0.85365856,-0.014634146,0.4854369,0.85365856
2018-1-10T13-49-5,1515588545843,0.84390247,-0.004878049,0.4368932,0.84390247
2018-1-10T13-49-5,1515588545844,0.76585364,-0.004878049,0.4368932,0.76585364
2018-1-10T13-49-5,1515588545845,0.82439023,-0.034146342,0.46601942,0.82439023
2018-1-10T13-49-5,1515588545846,0.84390247,-0.024390243,0.4368932,0.84390247
2018-1-10T13-49-5,1515588545847,0.86341465,0.004878049,0.46601942,0.86341465
2018-1-10T13-49-5,1515588545848,0.86341465,0.004878049,0.44660193,0.86341465
2018-1-10T13-49-5,1515588545849,0.86341465,0.004878049,0.4368932,0.86341465
2018-1-10T13-49-5,1515588545850,0.84390247,-0.004878049,0.4854369,0.84390247
2018-1-10T13-49-5,1515588545851,0.86341465,-0.004878049,0.46601942,0.86341465
2018-1-10T13-49-5,1515588545852,0.86341465,-0.004878049,0.4368932,0.86341465
2018-1-10T13-49-5,1515588545853,0.8341463,-0.014634146,0.39805827,0.8341463
2018-1-10T13-49-5,1515588545854,0.84390247,-0.06341463,0.44660193,0.84390247
2018-1-10T13-49-5,1515588545855,0.8341463,-0.024390243,0.47572815,0.8341463
2018-1-10T13-49-5,1515588545856,0.8341463,-0.053658538,0.46601942,0.8341463
2018-1-10T13-49-5,1515588545857,0.8341463,-0.06341463,0.42718446,0.8341463
2018-1-10T13-49-5,1515588545858,0.82439023,-0.07317073,0.407767,0.82439023
2018-1-10T13-49-5,1515588545859,0.81463414,-0.07317073,0.44660193,0.81463414
2018-1-10T13-49-5,1515588545860,0.82439023,-0.07317073,0.4563107,0.82439023
2018-1-10T13-49-5,1515588545861,0.8341463,-0.043902438,0.44660193,0.8341463
2018-1-10T13-49-5,1515588545862,0.84390247,-0.043902438,0.4368932,0.84390247
2018-1-10T13-49-5,1515588545863,0.86341465,-0.024390243,0.4563107,0.86341465
2018-1-10T13-49-5,1515588545864,0.87317073,-0.004878049,0.4563107,0.87317073
2018-1-10T13-49-5,1515588545865,0.87317073,-0.014634146,0.47572815,0.87317073
2018-1-10T13-49-5,1515588545866,0.87317073,-0.024390243,0.4563107,0.87317073
2018-1-10T13-49-5,1515588545867,0.85365856,-0.004878049,0.4368932,0.85365856
2018-1-10T13-49-5,1515588545868,0.84390247,0.034146342,0.41747573,0.84390247
2018-1-10T13-49-5,1515588545869,0.82439023,0.014634146,0.42718446,0.82439023
2018-1-10T13-49-5,1515588545870,0.82439023,0.004878049,0.44660193,0.82439023
2018-1-10T13-49-5,1515588545871,0.84390247,-0.004878049,0.4368932,0.84390247
2018-1-10T13-49-5,1515588545872,0.81463414,-0.024390243,0.407767,0.81463414
2018-1-10T13-49-5,1515588545873,0.8341463,-0.004878049,0.46601942,0.8341463
2018-1-10T13-49-5,1515588545874,0.8829268,-0.004878049,0.4854369,0.8829268
2018-1-10T13-49-5,1515588545875,0.85365856,-0.014634146,0.5048544,0.85365856
2018-1-10T13-49-5,1515588545876,0.84390247,0.014634146,0.407767,0.84390247
2018-1-10T13-49-5,1515588545877,0.85365856,0.014634146,0.42718446,0.85365856
2018-1-10T13-49-5,1515588545878,0.8341463,-0.034146342,0.47572815,0.8341463
2018-1-10T13-49-5,1515588545879,0.8341463,-0.024390243,0.4854369,0.8341463
2018-1-10T13-49-5,1515588545880,0.79512197,-0.024390243,0.42718446,0.79512197
2018-1-10T13-49-5,1515588545881,0.86341465,-0.024390243,0.407767,0.86341465
2018-1-10T13-49-5,1515588545882,0.84390247,-0.014634146,0.4563107,0.84390247
2018-1-10T13-49-5,1515588545883,0.81463414,-0.014634146,0.4854369,0.81463414
2018-1-10T13-49-5,1515588545884,0.86341465,-0.004878049,0.44660193,0.86341465
2018-1-10T13-49-5,1515588545885,0.8341463,-0.014634146,0.41747573,0.8341463
2018-1-10T13-49-5,1515588545886,0.8341463,0.034146342,0.42718446,0.8341463
2018-1-10T13-49-5,1515588545887,0.81463414,-0.024390243,0.44660193,0.81463414
2018-1-10T13-49-5,1515588545888,0.81463414,-0.053658538,0.4563107,0.81463414
2018-1-10T13-49-5,1515588545889,0.8341463,-0.07317073,0.47572815,0.8341463
2018-1-10T13-49-5,1515588545890,0.8341463,-0.07317073,0.4563107,0.8341463
2018-1-10T13-49-5,1515588545891,0.85365856,-0.07317073,0.4563107,0.85365856
2018-1-10T13-49-5,1515588545892,0.8829268,-0.053658538,0.44660193,0.8829268
2018-1-10T13-49-5,1515588545893,0.87317073,-0.08292683,0.4854369,0.87317073
2018-1-10T13-49-5,1515588545894,0.84390247,-0.034146342,0.42718446,0.84390247
2018-1-10T13-49-5,1515588545895,0.8341463,0.024390243,0.3883495,0.8341463
2018-1-10T13-49-5,1515588545896,0.8341463,0.09268293,0.4368932,0.8341463
2018-1-10T13-49-5,1515588545897,0.82439023,-0.024390243,0.46601942,0.82439023
2018-1-10T13-49-5,1515588545898,0.8341463,-0.034146342,0.4368932,0.8341463
2018-1-10T13-49-5,1515588545899,0.84390247,0.004878049,0.36893204,0.84390247
2018-1-10T13-49-5,1515588545900,0.8829268,-0.014634146,0.47572815,0.8829268
2018-1-10T13-49-5,1515588545901,0.86341465,-0.043902438,0.5145631,0.86341465
2018-1-10T13-49-5,1515588545902,0.8926829,0.024390243,0.46601942,0.8926829
2018-1-10T13-49-5,1515588545903,0.8829268,0.043902438,0.42718446,0.8829268
2018-1-10T13-49-5,1515588545904,0.85365856,-0.024390243,0.4368932,0.85365856
2018-1-10T13-49-5,1515588545905,0.86341465,0.08292683,0.4368932,0.86341465
2018-1-10T13-49-5,1515588545906,0.8829268,-0.004878049,0.46601942,0.8829268
2018-1-10T13-49-5,1515588545907,0.8341463,-0.034146342,0.49514562,0.8341463
2018-1-10T13-49-5,1515588545908,0.86341465,-0.053658538,0.49514562,0.86341465
2018-1-10T13-49-5,1515588545909,0.86341465,-0.06341463,0.4368932,0.86341465
2018-1-10T13-49-5,1515588545910,0.85365856,-0.034146342,0.3592233,0.85365856
2018-1-10T13-49-5,1515588545911,0.8341463,-0.004878049,0.42718446,0.8341463
2018-1-10T13-49-5,1515588545912,0.81463414,-0.043902438,0.46601942,0.81463414
2018-1-10T13-49-5,1515588545913,0.81463414,-0.034146342,0.4368932,0.81463414
2018-1-10T13-49-5,1515588545914,0.80487806,-0.014634146,0.39805827,0.80487806
2018-1-10T13-49-5,1515588545915,0.82439023,-0.08292683,0.42718446,0.82439023
2018-1-10T13-49-5,1515588545916,0.86341465,-0.053658538,0.4854369,0.86341465
2018-1-10T13-49-5,1515588545917,0.86341465,-0.053658538,0.4854369,0.86341465
2018-1-10T13-49-5,1515588545918,0.86341465,-0.07317073,0.4368932,0.86341465
2018-1-10T13-49-5,1515588545919,0.86341465,-0.014634146,0.42718446,0.86341465
2018-1-10T13-49-5,1515588545920,0.86341465,-0.043902438,0.42718446,0.86341465
2018-1-10T13-49-5,1515588545921,0.84390247,-0.014634146,0.4563107,0.84390247
2018-1-10T13-49-5,1515588545922,0.84390247,-0.043902438,0.46601942,0.84390247
2018-1-10T13-49-5,1515588545923,0.85365856,-0.024390243,0.44660193,0.85365856
2018-1-10T13-49-5,1515588545924,0.86341465,-0.014634146,0.46601942,0.86341465
2018-1-10T13-49-5,1515588545925,0.87317073,-0.004878049,0.47572815,0.87317073
2018-1-10T13-49-5,1515588545926,0.87317073,0.004878049,0.46601942,0.87317073
2018-1-10T13-49-5,1515588545927,0.86341465,0.024390243,0.4368932,0.86341465
2018-1-10T13-49-5,1515588545928,0.86341465,0.014634146,0.42718446,0.86341465
2018-1-10T13-49-5,1515588545929,0.8341463,0.043902438,0.4368932,0.8341463
2018-1-10T13-49-5,1515588545930,0.82439023,-0.014634146,0.44660193,0.82439023
2018-1-10T13-49-5,1515588545931,0.79512197,-0.004878049,0.44660193,0.79512197
2018-1-10T13-49-5,1515588545932,0.8341463,-0.024390243,0.42718446,0.8341463
2018-1-10T13-49-5,1515588545933,0.8341463,-0.014634146,0.46601942,0.8341463
2018-1-10T13-49-5,1515588545934,0.86341465,0.024390243,0.44660193,0.86341465
2018-1-10T13-49-5,1515588545935,0.84390247,-0.053658538,0.592233,0.84390247
2018-1-10T13-49-5,1515588545936,0.82439023,-0.014634146,0.407767,0.82439023
2018-1-10T13-49-5,1515588545937,0.79512197,0.024390243,0.42718446,0.79512197
2018-1-10T13-49-5,1515588545938,0.79512197,-0.043902438,0.407767,0.79512197
2018-1-10T13-49-5,1515588545939,0.81463414,-0.053658538,0.407767,0.81463414
2018-1-10T13-49-5,1515588545940,0.80487806,-0.07317073,0.5048544,0.80487806
2018-1-10T13-49-5,1515588545941,0.85365856,-0.09268293,0.47572815,0.85365856
2018-1-10T13-49-5,1515588545942,0.8829268,-0.10243902,0.407767,0.8829268
2018-1-10T13-49-5,1515588545943,0.8926829,-0.053658538,0.47572815,0.8926829
2018-1-10T13-49-5,1515588545944,0.84390247,-0.024390243,0.46601942,0.84390247
2018-1-10T13-49-5,1515588545945,0.902439,-0.034146342,0.49514562,0.902439
2018-1-10T13-49-5,1515588545946,0.91219515,-0.024390243,0.5145631,0.91219515
2018-1-10T13-49-5,1515588545947,0.92195123,-0.024390243,0.47572815,0.92195123
2018-1-10T13-49-5,1515588545948,0.8829268,-0.034146342,0.4368932,0.8829268
2018-1-10T13-49-5,1515588545949,0.8829268,0.004878049,0.407767,0.8829268
2018-1-10T13-49-5,1515588545950,0.82439023,-0.07317073,0.4368932,0.82439023
2018-1-10T13-49-5,1515588545951,0.74634147,-0.053658538,0.44660193,0.74634147
2018-1-10T13-49-5,1515588545952,0.7268293,-0.07317073,0.39805827,0.7268293
2018-1-10T13-49-5,1515588545953,0.7365854,0.014634146,0.3592233,0.7365854
2018-1-10T13-49-5,1515588545954,0.7365854,-0.08292683,0.42718446,0.7365854
2018-1-10T13-49-5,1515588545955,0.77560973,-0.08292683,0.47572815,0.77560973
2018-1-10T13-49-5,1515588545956,0.81463414,-0.043902438,0.44660193,0.81463414
2018-1-10T13-49-5,1515588545957,0.86341465,0.004878049,0.41747573,0.86341465
2018-1-10T13-49-5,1515588545958,0.91219515,0.014634146,0.44660193,0.91219515
2018-1-10T13-49-5,1515588545959,0.91219515,0.043902438,0.4854369,0.91219515
2018-1-10T13-49-5,1515588545960,0.92195123,0.08292683,0.47572815,0.92195123
2018-1-10T13-49-5,1515588545961,0.92195123,0.06341463,0.4563107,0.92195123
2018-1-10T13-49-5,1515588545962,0.91219515,0.07317073,0.46601942,0.91219515
2018-1-10T13-49-5,1515588545963,0.8926829,0.014634146,0.4563107,0.8926829
2018-1-10T13-49-5,1515588545964,0.86341465,0.024390243,0.44660193,0.86341465
2018-1-10T13-49-5,1515588545965,0.86341465,0.004878049,0.4368932,0.86341465
2018-1-10T13-49-5,1515588545966,0.85365856,-0.014634146,0.4563107,0.85365856
2018-1-10T13-49-5,1515588545967,0.81463414,-0.053658538,0.4563107,0.81463414
2018-1-10T13-49-5,1515588545968,0.82439023,-0.08292683,0.44660193,0.82439023
2018-1-10T13-49-5,1515588545969,0.79512197,-0.07317073,0.44660193,0.79512197
2018-1-10T13-49-5,1515588545970,0.82439023,-0.06341463,0.4368932,0.82439023
2018-1-10T13-49-5,1515588545971,0.81463414,-0.06341463,0.4563107,0.81463414
2018-1-10T13-49-5,1515588545972,0.81463414,-0.034146342,0.44660193,0.81463414
2018-1-10T13-49-5,1515588545973,0.81463414,-0.053658538,0.37864077,0.81463414
2018-1-10T13-49-5,1515588545974,0.7853659,-0.043902438,0.34951457,0.7853659
2018-1-10T13-49-5,1515588545975,0.77560973,-0.053658538,0.39805827,0.77560973
2018-1-10T13-49-5,1515588545976,0.76585364,-0.06341463,0.47572815,0.76585364
2018-1-10T13-49-5,1515588545977,0.81463414,-0.08292683,0.47572815,0.81463414
2018-1-10T13-49-5,1515588545978,0.85365856,-0.043902438,0.44660193,0.85365856
2018-1-10T13-49-5,1515588545979,0.902439,-0.024390243,0.4563107,0.902439
2018-1-10T13-49-5,1515588545980,0.9317073,-0.014634146,0.5145631,0.9317073
2018-1-10T13-49-5,1515588545981,0.9414634,-0.004878049,0.5339806,0.9414634
2018-1-10T13-49-5,1515588545982,0.9512195,0.014634146,0.4854369,0.9512195
2018-1-10T13-49-5,1515588545983,0.86341465,0.034146342,0.44660193,0.86341465
2018-1-10T13-49-5,1515588545984,0.8926829,-0.034146342,0.42718446,0.8926829
2018-1-10T13-49-5,1515588545985,0.80487806,-0.014634146,0.4563107,0.80487806
2018-1-10T13-49-5,1515588545986,0.77560973,-0.053658538,0.44660193,0.77560973
2018-1-10T13-49-5,1515588545987,0.7365854,-0.053658538,0.41747573,0.7365854
2018-1-10T13-49-5,1515588545988,0.76585364,-0.06341463,0.34951457,0.76585364
2018-1-10T13-49-5,1515588545989,0.77560973,-0.06341463,0.37864077,0.77560973
2018-1-10T13-49-5,1515588545990,0.74634147,-0.043902438,0.44660193,0.74634147
2018-1-10T13-49-5,1515588545991,0.79512197,0.034146342,0.4854369,0.79512197
2018-1-10T13-49-5,1515588545992,0.81463414,-0.024390243,0.44660193,0.81463414
2018-1-10T13-49-5,1515588545993,0.8829268,0.014634146,0.42718446,0.8829268
2018-1-10T13-49-5,1515588545994,0.91219515,0.043902438,0.4854369,0.91219515
2018-1-10T13-49-5,1515588545995,0.9317073,0.12195122,0.5339806,0.9317073
2018-1-10T13-49-5,1515588545996,0.92195123,0.024390243,0.49514562,0.92195123
2018-1-10T13-49-5,1515588545997,0.9512195,0.043902438,0.4368932,0.9512195
2018-1-10T13-49-5,1515588545998,0.902439,0.07317073,0.46601942,0.902439
2018-1-10T13-49-5,1515588545999,0.87317073,0.014634146,0.4563107,0.87317073
2018-1-10T13-49-6,1515588546000,0.86341465,-0.024390243,0.5048544,0.86341465
2018-1-10T13-49-6,1515588546001,0.84390247,-0.024390243,0.44660193,0.84390247
2018-1-10T13-49-6,1515588546002,0.8341463,-0.014634146,0.41747573,0.8341463
2018-1-10T13-49-6,1515588546003,0.8341463,-0.034146342,0.4368932,0.8341463
2018-1-10T13-49-6,1515588546004,0.7853659,-0.07317073,0.4563107,0.7853659
2018-1-10T13-49-6,1515588546005,0.7268293,-0.10243902,0.42718446,0.7268293
2018-1-10T13-49-6,1515588546006,0.7853659,-0.07317073,0.42718446,0.7853659
2018-1-10T13-49-6,1515588546007,0.76585364,-0.10243902,0.37864077,0.76585364
2018-1-10T13-49-6,1515588546008,0.75609756,-0.08292683,0.407767,0.75609756
2018-1-10T13-49-6,1515588546009,0.80487806,-0.06341463,0.4563107,0.80487806
2018-1-10T13-49-6,1515588546010,0.902439,-0.08292683,0.4368932,0.902439
2018-1-10T13-49-6,1515588546011,0.87317073,-0.024390243,0.42718446,0.87317073
2018-1-10T13-49-6,1515588546012,0.92195123,0.014634146,0.4368932,0.92195123
2018-1-10T13-49-6,1515588546013,0.9804878,0.024390243,0.49514562,0.9804878
2018-1-10T13-49-6,1515588546014,0.9512195,0.043902438,0.5339806,0.9512195
2018-1-10T13-49-6,1515588546015,0.9317073,0.034146342,0.4854369,0.9317073
2018-1-10T13-49-6,1515588546016,0.91219515,0.014634146,0.41747573,0.91219515
2018-1-10T13-49-6,1515588546017,0.86341465,-0.014634146,0.42718446,0.86341465
2018-1-10T13-49-6,1515588546018,0.81463414,-0.043902438,0.4563107,0.81463414
2018-1-10T13-49-6,1515588546019,0.77560973,-0.024390243,0.44660193,0.77560973
2018-1-10T13-49-6,1515588546020,0.77560973,-0.053658538,0.42718446,0.77560973
2018-1-10T13-49-6,1515588546021,0.7853659,-0.053658538,0.39805827,0.7853659
2018-1-10T13-49-6,1515588546022,0.81463414,-0.024390243,0.41747573,0.81463414
2018-1-10T13-49-6,1515588546023,0.79512197,-0.034146342,0.4368932,0.79512197
2018-1-10T13-49-6,1515588546024,0.84390247,-0.004878049,0.4563107,0.84390247
2018-1-10T13-49-6,1515588546025,0.85365856,-0.004878049,0.49514562,0.85365856
2018-1-10T13-49-6,1515588546026,0.86341465,-0.004878049,0.47572815,0.86341465
2018-1-10T13-49-6,1515588546027,0.97073174,-0.034146342,0.46601942,0.97073174
2018-1-10T13-49-6,1515588546028,0.8829268,-0.053658538,0.4368932,0.8829268
2018-1-10T13-49-6,1515588546029,0.87317073,-0.034146342,0.41747573,0.87317073
2018-1-10T13-49-6,1515588546030,0.80487806,-0.034146342,0.44660193,0.80487806
2018-1-10T13-49-6,1515588546031,0.80487806,-0.043902438,0.46601942,0.80487806
2018-1-10T13-49-6,1515588546032,0.84390247,-0.034146342,0.44660193,0.84390247
2018-1-10T13-49-6,1515588546033,0.85365856,-0.024390243,0.3106796,0.85365856
2018-1-10T13-49-6,1515588546034,0.8926829,0.004878049,0.47572815,0.8926829
2018-1-10T13-49-6,1515588546035,0.8926829,-0.004878049,0.47572815,0.8926829
2018-1-10T13-49-6,1515588546036,0.902439,0.024390243,0.46601942,0.902439
2018-1-10T13-49-6,1515588546037,0.92195123,0.004878049,0.4854369,0.92195123
2018-1-10T13-49-6,1515588546038,0.87317073,0.004878049,0.47572815,0.87317073
2018-1-10T13-49-6,1515588546039,0.86341465,0.004878049,0.4368932,0.86341465
2018-1-10T13-49-6,1515588546040,0.80487806,0.004878049,0.4368932,0.80487806
2018-1-10T13-49-6,1515588546041,0.80487806,-0.034146342,0.42718446,0.80487806
2018-1-10T13-49-6,1515588546042,0.77560973,-0.034146342,0.41747573,0.77560973
2018-1-10T13-49-6,1515588546043,0.7853659,-0.034146342,0.37864077,0.7853659
2018-1-10T13-49-6,1515588546044,0.79512197,0.014634146,0.39805827,0.79512197
2018-1-10T13-49-6,1515588546045,0.79512197,-0.034146342,0.42718446,0.79512197
2018-1-10T13-49-6,1515588546046,0.80487806,-0.024390243,0.44660193,0.80487806
2018-1-10T13-49-6,1515588546047,0.902439,-0.024390243,0.4368932,0.902439
2018-1-10T13-49-6,1515588546048,0.85365856,-0.024390243,0.42718446,0.85365856
2018-1-10T13-49-6,1515588546049,0.7853659,-0.034146342,0.407767,0.7853659
2018-1-10T13-49-6,1515588546050,0.81463414,-0.014634146,0.407767,0.81463414
2018-1-10T13-49-6,1515588546051,0.82439023,-0.024390243,0.47572815,0.82439023
2018-1-10T13-49-6,1515588546052,0.86341465,-0.034146342,0.5048544,0.86341465
2018-1-10T13-49-6,1515588546053,0.8829268,-0.043902438,0.4854369,0.8829268
2018-1-10T13-49-6,1515588546054,0.902439,-0.004878049,0.4368932,0.902439
2018-1-10T13-49-6,1515588546055,0.92195123,-0.004878049,0.49514562,0.92195123
2018-1-10T13-49-6,1515588546056,0.9317073,0.034146342,0.5145631,0.9317073
2018-1-10T13-49-6,1515588546057,0.9317073,-0.024390243,0.5048544,0.9317073
2018-1-10T13-49-6,1515588546058,0.902439,-0.034146342,0.4563107,0.902439
2018-1-10T13-49-6,1515588546059,0.86341465,-0.024390243,0.5145631,0.86341465
2018-1-10T13-49-6,1515588546060,0.82439023,-0.034146342,0.42718446,0.82439023
2018-1-10T13-49-6,1515588546061,0.77560973,-0.043902438,0.4368932,0.77560973
2018-1-10T13-49-6,1515588546062,0.74634147,-0.06341463,0.3883495,0.74634147
2018-1-10T13-49-6,1515588546063,0.7268293,-0.053658538,0.3883495,0.7268293
2018-1-10T13-49-6,1515588546064,0.76585364,-0.053658538,0.4368932,0.76585364
2018-1-10T13-49-6,1515588546065,0.80487806,-0.06341463,0.4368932,0.80487806
2018-1-10T13-49-6,1515588546066,0.85365856,-0.014634146,0.44660193,0.85365856
2018-1-10T13-49-6,1515588546067,0.8341463,0.004878049,0.44660193,0.8341463
2018-1-10T13-49-6,1515588546068,0.91219515,0.014634146,0.4563107,0.91219515
2018-1-10T13-49-6,1515588546069,0.91219515,0.024390243,0.4563107,0.91219515
2018-1-10T13-49-6,1515588546070,0.902439,0.08292683,0.4563107,0.902439
2018-1-10T13-49-6,1515588546071,0.8926829,0.024390243,0.44660193,0.8926829
2018-1-10T13-49-6,1515588546072,0.86341465,0.024390243,0.4563107,0.86341465
2018-1-10T13-49-6,1515588546073,0.84390247,0.004878049,0.44660193,0.84390247
2018-1-10T13-49-6,1515588546074,0.84390247,-0.014634146,0.41747573,0.84390247
2018-1-10T13-49-6,1515588546075,0.80487806,-0.043902438,0.41747573,0.80487806
2018-1-10T13-49-6,1515588546076,0.74634147,-0.043902438,0.34951457,0.74634147
2018-1-10T13-49-6,1515588546077,0.8341463,-0.053658538,0.4854369,0.8341463
2018-1-10T13-49-6,1515588546078,0.85365856,-0.06341463,0.5339806,0.85365856
2018-1-10T13-49-6,1515588546079,0.87317073,-0.07317073,0.42718446,0.87317073
2018-1-10T13-49-6,1515588546080,0.87317073,-0.034146342,0.4368932,0.87317073
2018-1-10T13-49-6,1515588546081,0.85365856,-0.043902438,0.407767,0.85365856
2018-1-10T13-49-6,1515588546082,0.85365856,-0.024390243,0.46601942,0.85365856
2018-1-10T13-49-6,1515588546083,0.8341463,-0.053658538,0.4563107,0.8341463
2018-1-10T13-49-6,1515588546084,0.80487806,-0.06341463,0.39805827,0.80487806
2018-1-10T13-49-6,1515588546085,0.77560973,-0.053658538,0.36893204,0.77560973
2018-1-10T13-49-6,1515588546086,0.77560973,-0.053658538,0.3883495,0.77560973
2018-1-10T13-49-6,1515588546087,0.79512197,-0.034146342,0.41747573,0.79512197
2018-1-10T13-49-6,1515588546088,0.82439023,-0.014634146,0.4563107,0.82439023
2018-1-10T13-49-6,1515588546089,0.86341465,-0.004878049,0.46601942,0.86341465
2018-1-10T13-49-6,1515588546090,0.8829268,0.034146342,0.4368932,0.8829268
2018-1-10T13-49-6,1515588546091,0.9317073,0.004878049,0.4854369,0.9317073
2018-1-10T13-49-6,1515588546092,0.902439,0.014634146,0.5631068,0.902439
2018-1-10T13-49-6,1515588546093,0.902439,0.014634146,0.5436893,0.902439
2018-1-10T13-49-6,1515588546094,0.8829268,-0.043902438,0.46601942,0.8829268
2018-1-10T13-49-6,1515588546095,0.8829268,-0.024390243,0.407767,0.8829268
2018-1-10T13-49-6,1515588546096,0.85365856,-0.034146342,0.41747573,0.85365856
2018-1-10T13-49-6,1515588546097,0.79512197,-0.034146342,0.407767,0.79512197
2018-1-10T13-49-6,1515588546098,0.76585364,-0.024390243,0.3883495,0.76585364
2018-1-10T13-49-6,1515588546099,0.75609756,-0.024390243,0.42718446,0.75609756
2018-1-10T13-49-6,1515588546100,0.81463414,-0.024390243,0.47572815,0.81463414
2018-1-10T13-49-6,1515588546101,0.84390247,0.043902438,0.5048544,0.84390247
2018-1-10T13-49-6,1515588546102,0.82439023,0.024390243,0.4854369,0.82439023
2018-1-10T13-49-6,1515588546103,0.9317073,0.014634146,0.4368932,0.9317073
2018-1-10T13-49-6,1515588546104,0.91219515,0.053658538,0.4368932,0.91219515
2018-1-10T13-49-6,1515588546105,0.86341465,0.024390243,0.41747573,0.86341465
2018-1-10T13-49-6,1515588546106,0.80487806,0.024390243,0.39805827,0.80487806
2018-1-10T13-49-6,1515588546107,0.79512197,0.014634146,0.4368932,0.79512197
2018-1-10T13-49-6,1515588546108,0.82439023,0.06341463,0.4563107,0.82439023
2018-1-10T13-49-6,1515588546109,0.8341463,-0.06341463,0.4563107,0.8341463
2018-1-10T13-49-6,1515588546110,0.86341465,-0.053658538,0.41747573,0.86341465
2018-1-10T13-49-6,1515588546111,0.87317073,-0.053658538,0.41747573,0.87317073
2018-1-10T13-49-6,1515588546112,0.85365856,-0.034146342,0.47572815,0.85365856
2018-1-10T13-49-6,1515588546113,0.86341465,-0.053658538,0.5048544,0.86341465
2018-1-10T13-49-6,1515588546114,0.76585364,-0.06341463,0.4854369,0.76585364
2018-1-10T13-49-6,1515588546115,0.84390247,-0.06341463,0.4854369,0.84390247
2018-1-10T13-49-6,1515588546116,0.86341465,-0.06341463,0.4854369,0.86341465
2018-1-10T13-49-6,1515588546117,0.86341465,-0.053658538,0.41747573,0.86341465
2018-1-10T13-49-6,1515588546118,0.84390247,-0.043902438,0.39805827,0.84390247
2018-1-10T13-49-6,1515588546119,0.80487806,-0.053658538,0.3883495,0.80487806
2018-1-10T13-49-6,1515588546120,0.7853659,-0.053658538,0.407767,0.7853659
2018-1-10T13-49-6,1515588546121,0.81463414,-0.034146342,0.44660193,0.81463414
2018-1-10T13-49-6,1515588546122,0.81463414,-0.024390243,0.46601942,0.81463414
2018-1-10T13-49-6,1515588546123,0.8341463,-0.014634146,0.42718446,0.8341463
2018-1-10T13-49-6,1515588546124,0.8926829,-0.014634146,0.4368932,0.8926829
2018-1-10T13-49-6,1515588546125,0.92195123,0.034146342,0.4854369,0.92195123
2018-1-10T13-49-6,1515588546126,0.9317073,0.004878049,0.49514562,0.9317073
2018-1-10T13-49-6,1515588546127,0.92195123,-0.034146342,0.47572815,0.92195123
2018-1-10T13-49-6,1515588546128,0.86341465,0.004878049,0.47572815,0.86341465
2018-1-10T13-49-6,1515588546129,0.8341463,-0.014634146,0.42718446,0.8341463
2018-1-10T13-49-6,1515588546130,0.77560973,-0.043902438,0.42718446,0.77560973
2018-1-10T13-49-6,1515588546131,0.75609756,-0.043902438,0.3592233,0.75609756
2018-1-10T13-49-6,1515588546132,0.7268293,-0.12195122,0.37864077,0.7268293
2018-1-10T13-49-6,1515588546133,0.79512197,-0.06341463,0.41747573,0.79512197
2018-1-10T13-49-6,1515588546134,0.79512197,-0.014634146,0.407767,0.79512197
2018-1-10T13-49-6,1515588546135,0.8926829,0.024390243,0.4563107,0.8926829
2018-1-10T13-49-6,1515588546136,0.86341465,0.014634146,0.46601942,0.86341465
2018-1-10T13-49-6,1515588546137,0.8926829,0.024390243,0.39805827,0.8926829
2018-1-10T13-49-6,1515588546138,0.91219515,0.034146342,0.44660193,0.91219515
2018-1-10T13-49-6,1515588546139,0.9414634,0.043902438,0.4854369,0.9414634
2018-1-10T13-49-6,1515588546140,0.92195123,0.014634146,0.5339806,0.92195123
2018-1-10T13-49-6,1515588546141,0.92195123,-0.004878049,0.5145631,0.92195123
2018-1-10T13-49-6,1515588546142,0.91219515,-0.014634146,0.4563107,0.91219515
2018-1-10T13-49-6,1515588546143,0.8829268,-0.024390243,0.407767,0.8829268
2018-1-10T13-49-6,1515588546144,0.8341463,-0.004878049,0.41747573,0.8341463
2018-1-10T13-49-6,1515588546145,0.7853659,-0.043902438,0.4563107,0.7853659
2018-1-10T13-49-6,1515588546146,0.80487806,-0.053658538,0.44660193,0.80487806
2018-1-10T13-49-6,1515588546147,0.85365856,-0.014634146,0.42718446,0.85365856
2018-1-10T13-49-6,1515588546148,0.84390247,-0.034146342,0.42718446,0.84390247
2018-1-10T13-49-6,1515588546149,0.8341463,-0.053658538,0.44660193,0.8341463
2018-1-10T13-49-6,1515588546150,0.81463414,-0.06341463,0.46601942,0.81463414
2018-1-10T13-49-6,1515588546151,0.81463414,0.46341464,0.39805827,0.81463414
2018-1-10T13-49-6,1515588546152,0.80487806,-0.07317073,0.3883495,0.80487806
2018-1-10T13-49-6,1515588546153,0.79512197,-0.053658538,0.39805827,0.79512197
2018-1-10T13-49-6,1515588546154,0.75609756,-0.08292683,0.46601942,0.75609756
2018-1-10T13-49-6,1515588546155,0.80487806,-0.08292683,0.46601942,0.80487806
2018-1-10T13-49-6,1515588546156,0.85365856,-0.034146342,0.4368932,0.85365856
2018-1-10T13-49-6,1515588546157,0.91219515,0.024390243,0.4563107,0.91219515
2018-1-10T13-49-6,1515588546158,0.97073174,0.034146342,0.47572815,0.97073174
2018-1-10T13-49-6,1515588546159,0.9512195,0.034146342,0.49514562,0.9512195
2018-1-10T13-49-6,1515588546160,0.92195123,0.043902438,0.46601942,0.92195123
2018-1-10T13-49-6,1515588546161,0.8926829,0.043902438,0.4368932,0.8926829
2018-1-10T13-49-6,1515588546162,0.80487806,0.014634146,0.4368932,0.80487806
2018-1-10T13-49-6,1515588546163,0.80487806,-0.043902438,0.4563107,0.80487806
2018-1-10T13-49-6,1515588546164,0.77560973,-0.09268293,0.46601942,0.77560973
2018-1-10T13-49-6,1515588546165,0.80487806,-0.10243902,0.42718446,0.80487806
2018-1-10T13-49-6,1515588546166,0.81463414,-0.07317073,0.36893204,0.81463414
2018-1-10T13-49-6,1515588546167,0.7853659,-0.053658538,0.37864077,0.7853659
2018-1-10T13-49-6,1515588546168,0.77560973,-0.053658538,0.41747573,0.77560973
2018-1-10T13-49-6,1515588546169,0.80487806,-0.014634146,0.4563107,0.80487806
2018-1-10T13-49-6,1515588546170,0.85365856,0.034146342,0.4368932,0.85365856
2018-1-10T13-49-6,1515588546171,0.85365856,0.043902438,0.4563107,0.85365856
2018-1-10T13-49-6,1515588546172,0.92195123,0.034146342,0.49514562,0.92195123
2018-1-10T13-49-6,1515588546173,0.92195123,0.024390243,0.4854369,0.92195123
2018-1-10T13-49-6,1515588546174,0.9414634,0.053658538,0.4368932,0.9414634
2018-1-10T13-49-6,1515588546175,0.91219515,0.043902438,0.42718446,0.91219515
2018-1-10T13-49-6,1515588546176,0.87317073,0.024390243,0.44660193,0.87317073
2018-1-10T13-49-6,1515588546177,0.81463414,0.043902438,0.46601942,0.81463414
2018-1-10T13-49-6,1515588546178,0.80487806,-0.014634146,0.4368932,0.80487806
2018-1-10T13-49-6,1515588546179,0.81463414,-0.034146342,0.44660193,0.81463414
2018-1-10T13-49-6,1515588546180,0.79512197,-0.053658538,0.4563107,0.79512197
2018-1-10T13-49-6,1515588546181,0.84390247,-0.06341463,0.4563107,0.84390247
2018-1-10T13-49-6,1515588546182,0.85365856,-0.07317073,0.44660193,0.85365856
2018-1-10T13-49-6,1515588546183,0.85365856,-0.06341463,0.4368932,0.85365856
2018-1-10T13-49-6,1515588546184,0.82439023,-0.07317073,0.4368932,0.82439023
2018-1-10T13-49-6,1515588546185,0.79512197,-0.07317073,0.44660193,0.79512197
2018-1-10T13-49-6,1515588546186,0.79512197,-0.06341463,0.4368932,0.79512197
2018-1-10T13-49-6,1515588546187,0.80487806,-0.07317073,0.4368932,0.80487806
2018-1-10T13-49-6,1515588546188,0.8341463,-0.034146342,0.42718446,0.8341463
2018-1-10T13-49-6,1515588546189,0.87317073,-0.06341463,0.407767,0.87317073
2018-1-10T13-49-6,1515588546190,0.84390247,-0.014634146,0.41747573,0.84390247
2018-1-10T13-49-6,1515588546191,0.85365856,-0.004878049,0.44660193,0.85365856
2018-1-10T13-49-6,1515588546192,0.8341463,0.004878049,0.49514562,0.8341463
2018-1-10T13-49-6,1515588546193,0.8829268,0.004878049,0.5145631,0.8829268
2018-1-10T13-49-6,1515588546194,0.91219515,0.004878049,0.407767,0.91219515
2018-1-10T13-49-6,1515588546195,0.87317073,0.034146342,0.39805827,0.87317073
2018-1-10T13-49-6,1515588546196,0.86341465,-0.004878049,0.44660193,0.86341465
2018-1-10T13-49-6,1515588546197,0.85365856,-0.004878049,0.5145631,0.85365856
2018-1-10T13-49-6,1515588546198,0.84390247,-0.004878049,0.5048544,0.84390247
2018-1-10T13-49-6,1515588546199,0.87317073,-0.024390243,0.4368932,0.87317073
2018-1-10T13-49-6,1515588546200,0.84390247,-0.014634146,0.3883495,0.84390247
2018-1-10T13-49-6,1515588546201,0.80487806,-0.004878049,0.39805827,0.80487806
2018-1-10T13-49-6,1515588546202,0.82439023,-0.004878049,0.39805827,0.82439023
2018-1-10T13-49-6,1515588546203,0.80487806,-0.004878049,0.4563107,0.80487806
2018-1-10T13-49-6,1515588546204,0.82439023,-0.014634146,0.42718446,0.82439023
2018-1-10T13-49-6,1515588546205,0.76585364,0.004878049,0.4368932,0.76585364
2018-1-10T13-49-6,1515588546206,0.86341465,-0.004878049,0.4854369,0.86341465
2018-1-10T13-49-6,1515588546207,0.8829268,-0.034146342,0.5825243,0.8829268
2018-1-10T13-49-6,1515588546208,0.87317073,-0.004878049,0.44660193,0.87317073
2018-1-10T13-49-6,1515588546209,0.8829268,0.004878049,0.39805827,0.8829268
2018-1-10T13-49-6,1515588546210,0.8829268,-0.004878049,0.41747573,0.8829268
2018-1-10T13-49-6,1515588546211,0.75609756,-0.043902438,0.42718446,0.75609756
2018-1-10T13-49-6,1515588546212,0.76585364,-0.08292683,0.407767,0.76585364
2018-1-10T13-49-6,1515588546213,0.74634147,-0.11219512,0.3883495,0.74634147
2018-1-10T13-49-6,1515588546214,0.74634147,-0.13170731,0.42718446,0.74634147
2018-1-10T13-49-6,1515588546215,0.7853659,-0.12195122,0.4563107,0.7853659
2018-1-10T13-49-6,1515588546216,0.8341463,-0.10243902,0.4563107,0.8341463
2018-1-10T13-49-6,1515588546217,0.87317073,-0.07317073,0.4563107,0.87317073
2018-1-10T13-49-6,1515588546218,0.91219515,0.053658538,0.46601942,0.91219515
2018-1-10T13-49-6,1515588546219,0.9317073,0.024390243,0.49514562,0.9317073
2018-1-10T13-49-6,1515588546220,0.92195123,0.034146342,0.5048544,0.92195123
2018-1-10T13-49-6,1515588546221,0.9317073,0.043902438,0.5145631,0.9317073
2018-1-10T13-49-6,1515588546222,0.9317073,0.024390243,0.49514562,0.9317073
2018-1-10T13-49-6,1515588546223,0.92195123,0.024390243,0.47572815,0.92195123
2018-1-10T13-49-6,1515588546224,0.86341465,-0.004878049,0.44660193,0.86341465
2018-1-10T13-49-6,1515588546225,0.75609756,-0.004878049,0.44660193,0.75609756
2018-1-10T13-49-6,1515588546226,0.80487806,-0.014634146,0.44660193,0.80487806
2018-1-10T13-49-6,1515588546227,0.76585364,-0.004878049,0.39805827,0.76585364
2018-1-10T13-49-6,1515588546228,0.74634147,-0.014634146,0.407767,0.74634147
2018-1-10T13-49-6,1515588546229,0.76585364,-0.024390243,0.3883495,0.76585364
2018-1-10T13-49-6,1515588546230,0.7365854,0.004878049,0.42718446,0.7365854
2018-1-10T13-49-6,1515588546231,0.79512197,-0.004878049,0.4368932,0.79512197
2018-1-10T13-49-6,1515588546232,0.82439023,0.004878049,0.41747573,0.82439023
2018-1-10T13-49-6,1515588546233,0.8341463,0.004878049,0.44660193,0.8341463
2018-1-10T13-49-6,1515588546234,0.8829268,0.004878049,0.47572815,0.8829268
2018-1-10T13-49-6,1515588546235,0.8829268,0.004878049,0.5048544,0.8829268
2018-1-10T13-49-6,1515588546236,0.8926829,0.004878049,0.44660193,0.8926829
2018-1-10T13-49-6,1515588546237,0.8829268,0.004878049,0.407767,0.8829268
2018-1-10T13-49-6,1515588546238,0.8829268,0.004878049,0.49514562,0.8829268
2018-1-10T13-49-6,1515588546239,0.8829268,-0.034146342,0.4563107,0.8829268
2018-1-10T13-49-6,1515588546240,0.85365856,-0.06341463,0.49514562,0.85365856
2018-1-10T13-49-6,1515588546241,0.9317073,-0.043902438,0.47572815,0.9317073
2018-1-10T13-49-6,1515588546242,0.87317073,-0.06341463,0.39805827,0.87317073
2018-1-10T13-49-6,1515588546243,0.84390247,-0.053658538,0.44660193,0.84390247
2018-1-10T13-49-6,1515588546244,0.82439023,-0.053658538,0.4563107,0.82439023
2018-1-10T13-49-6,1515588546245,0.86341465,-0.053658538,0.49514562,0.86341465
2018-1-10T13-49-6,1515588546246,0.86341465,-0.06341463,0.4854369,0.86341465
2018-1-10T13-49-6,1515588546247,0.85365856,-0.043902438,0.407767,0.85365856
2018-1-10T13-49-6,1515588546248,0.84390247,-0.034146342,0.41747573,0.84390247
2018-1-10T13-49-6,1515588546249,0.84390247,-0.053658538,0.4854369,0.84390247
2018-1-10T13-49-6,1515588546250,0.81463414,-0.043902438,0.4854369,0.81463414
2018-1-10T13-49-6,1515588546251,0.8341463,-0.034146342,0.41747573,0.8341463
2018-1-10T13-49-6,1515588546252,0.84390247,-0.034146342,0.37864077,0.84390247
2018-1-10T13-49-6,1515588546253,0.81463414,-0.024390243,0.39805827,0.81463414
2018-1-10T13-49-6,1515588546254,0.82439023,-0.024390243,0.47572815,0.82439023
2018-1-10T13-49-6,1515588546255,0.8341463,-0.014634146,0.44660193,0.8341463
2018-1-10T13-49-6,1515588546256,0.82439023,-0.014634146,0.44660193,0.82439023
2018-1-10T13-49-6,1515588546257,0.85365856,0.014634146,0.4563107,0.85365856
2018-1-10T13-49-6,1515588546258,0.8926829,0.004878049,0.4854369,0.8926829
2018-1-10T13-49-6,1515588546259,0.8829268,0.024390243,0.46601942,0.8829268
2018-1-10T13-49-6,1515588546260,0.902439,0.014634146,0.41747573,0.902439
2018-1-10T13-49-6,1515588546261,0.87317073,0.004878049,0.4368932,0.87317073
2018-1-10T13-49-6,1515588546262,0.84390247,-0.024390243,0.4563107,0.84390247
2018-1-10T13-49-6,1515588546263,0.85365856,-0.034146342,0.4563107,0.85365856
2018-1-10T13-49-6,1515588546264,0.81463414,-0.06341463,0.46601942,0.81463414
2018-1-10T13-49-6,1515588546265,0.84390247,-0.07317073,0.4563107,0.84390247
2018-1-10T13-49-6,1515588546266,0.85365856,-0.08292683,0.46601942,0.85365856
2018-1-10T13-49-6,1515588546267,0.85365856,-0.053658538,0.42718446,0.85365856
2018-1-10T13-49-6,1515588546268,0.86341465,-0.034146342,0.407767,0.86341465
2018-1-10T13-49-6,1515588546269,0.82439023,-0.034146342,0.44660193,0.82439023
2018-1-10T13-49-6,1515588546270,0.82439023,-0.024390243,0.4854369,0.82439023
2018-1-10T13-49-6,1515588546271,0.84390247,0.004878049,0.47572815,0.84390247
2018-1-10T13-49-6,1515588546272,0.8341463,-0.014634146,0.41747573,0.8341463
2018-1-10T13-49-6,1515588546273,0.81463414,-0.014634146,0.37864077,0.81463414
2018-1-10T13-49-6,1515588546274,0.82439023,0.004878049,0.42718446,0.82439023
2018-1-10T13-49-6,1515588546275,0.84390247,-0.024390243,0.49514562,0.84390247
2018-1-10T13-49-6,1515588546276,0.82439023,-0.034146342,0.4563107,0.82439023
2018-1-10T13-49-6,1515588546277,0.82439023,-0.014634146,0.37864077,0.82439023
2018-1-10T13-49-6,1515588546278,0.8341463,0.004878049,0.39805827,0.8341463
2018-1-10T13-49-6,1515588546279,0.85365856,0.014634146,0.5048544,0.85365856
2018-1-10T13-49-6,1515588546280,0.8829268,-0.024390243,0.49514562,0.8829268
2018-1-10T13-49-6,1515588546281,0.86341465,-0.004878049,0.4368932,0.86341465
2018-1-10T13-49-6,1515588546282,0.902439,-0.004878049,0.5145631,0.902439
2018-1-10T13-49-6,1515588546283,0.902439,-0.034146342,0.5048544,0.902439
2018-1-10T13-49-6,1515588546284,0.8829268,-0.034146342,0.4368932,0.8829268
2018-1-10T13-49-6,1515588546285,0.84390247,-0.034146342,0.3883495,0.84390247
2018-1-10T13-49-6,1515588546286,0.79512197,-0.043902438,0.407767,0.79512197
2018-1-10T13-49-6,1515588546287,0.79512197,-0.07317073,0.44660193,0.79512197
2018-1-10T13-49-6,1515588546288,0.77560973,-0.053658538,0.44660193,0.77560973
2018-1-10T13-49-6,1515588546289,0.79512197,-0.053658538,0.41747573,0.79512197
2018-1-10T13-49-6,1515588546290,0.85365856,-0.043902438,0.4368932,0.85365856
2018-1-10T13-49-6,1515588546291,0.8829268,-0.024390243,0.4368932,0.8829268
2018-1-10T13-49-6,1515588546292,0.902439,-0.004878049,0.4854369,0.902439
2018-1-10T13-49-6,1515588546293,0.902439,0.024390243,0.4854369,0.902439
2018-1-10T13-49-6,1515588546294,0.92195123,0.034146342,0.46601942,0.92195123
2018-1-10T13-49-6,1515588546295,0.92195123,0.014634146,0.41747573,0.92195123
2018-1-10T13-49-6,1515588546296,0.8341463,-0.014634146,0.4368932,0.8341463
2018-1-10T13-49-6,1515588546297,0.85365856,-0.043902438,0.4563107,0.85365856
2018-1-10T13-49-6,1515588546298,0.7853659,-0.053658538,0.4368932,0.7853659
2018-1-10T13-49-6,1515588546299,0.80487806,-0.024390243,0.41747573,0.80487806
2018-1-10T13-49-6,1515588546300,0.82439023,-0.13170731,0.42718446,0.82439023
2018-1-10T13-49-6,1515588546301,0.8341463,-0.034146342,0.44660193,0.8341463
2018-1-10T13-49-6,1515588546302,0.87317073,-0.004878049,0.44660193,0.87317073
2018-1-10T13-49-6,1515588546303,0.87317073,0.014634146,0.4854369,0.87317073
2018-1-10T13-49-6,1515588546304,0.902439,0.014634146,0.47572815,0.902439
2018-1-10T13-49-6,1515588546305,0.8926829,-0.004878049,0.46601942,0.8926829
2018-1-10T13-49-6,1515588546306,0.8926829,-0.014634146,0.46601942,0.8926829
2018-1-10T13-49-6,1515588546307,0.902439,-0.46341464,0.46601942,0.902439
2018-1-10T13-49-6,1515588546308,0.86341465,-0.024390243,0.4563107,0.86341465
2018-1-10T13-49-6,1515588546309,0.8341463,-0.014634146,0.3883495,0.8341463
2018-1-10T13-49-6,1515588546310,0.82439023,-0.024390243,0.4368932,0.82439023
2018-1-10T13-49-6,1515588546311,0.81463414,-0.034146342,0.37864077,0.81463414
2018-1-10T13-49-6,1515588546312,0.79512197,-0.034146342,0.39805827,0.79512197
2018-1-10T13-49-6,1515588546313,0.8341463,-0.034146342,0.41747573,0.8341463
2018-1-10T13-49-6,1515588546314,0.8341463,-0.024390243,0.47572815,0.8341463
2018-1-10T13-49-6,1515588546315,0.82439023,-0.024390243,0.5048544,0.82439023
2018-1-10T13-49-6,1515588546316,0.87317073,-0.043902438,0.4368932,0.87317073
2018-1-10T13-49-6,1515588546317,0.8926829,-0.014634146,0.4368932,0.8926829
2018-1-10T13-49-6,1515588546318,0.91219515,-0.014634146,0.4854369,0.91219515
2018-1-10T13-49-6,1515588546319,0.86341465,-0.004878049,0.49514562,0.86341465
2018-1-10T13-49-6,1515588546320,0.82439023,-0.06341463,0.41747573,0.82439023
2018-1-10T13-49-6,1515588546321,0.81463414,-0.06341463,0.37864077,0.81463414
2018-1-10T13-49-6,1515588546322,0.8341463,-0.07317073,0.39805827,0.8341463
2018-1-10T13-49-6,1515588546323,0.75609756,-0.09268293,0.407767,0.75609756
2018-1-10T13-49-6,1515588546324,0.84390247,-0.09268293,0.44660193,0.84390247
2018-1-10T13-49-6,1515588546325,0.85365856,-0.14146341,0.47572815,0.85365856
2018-1-10T13-49-6,1515588546326,0.84390247,-0.053658538,0.4563107,0.84390247
2018-1-10T13-49-6,1515588546327,0.8926829,-0.004878049,0.42718446,0.8926829
2018-1-10T13-49-6,1515588546328,0.92195123,0.014634146,0.47572815,0.92195123
2018-1-10T13-49-6,1515588546329,0.9317073,0.024390243,0.5145631,0.9317073
2018-1-10T13-49-6,1515588546330,0.902439,0.034146342,0.47572815,0.902439
2018-1-10T13-49-6,1515588546331,0.92195123,-0.024390243,0.41747573,0.92195123
2018-1-10T13-49-6,1515588546332,0.86341465,0.014634146,0.42718446,0.86341465
2018-1-10T13-49-6,1515588546333,0.82439023,-0.014634146,0.4368932,0.82439023
2018-1-10T13-49-6,1515588546334,0.85365856,-0.034146342,0.41747573,0.85365856
2018-1-10T13-49-6,1515588546335,0.77560973,-0.06341463,0.407767,0.77560973
2018-1-10T13-49-6,1515588546336,0.7853659,-0.034146342,0.39805827,0.7853659
2018-1-10T13-49-6,1515588546337,0.7853659,-0.053658538,0.3883495,0.7853659
2018-1-10T13-49-6,1515588546338,0.7853659,-0.024390243,0.42718446,0.7853659
2018-1-10T13-49-6,1515588546339,0.8341463,-0.004878049,0.4368932,0.8341463
2018-1-10T13-49-6,1515588546340,0.8829268,0.014634146,0.47572815,0.8829268
2018-1-10T13-49-6,1515588546341,0.87317073,-0.014634146,0.49514562,0.87317073
2018-1-10T13-49-6,1515588546342,0.8926829,0.014634146,0.4563107,0.8926829
2018-1-10T13-49-6,1515588546343,0.902439,0.014634146,0.4368932,0.902439
2018-1-10T13-49-6,1515588546344,0.8926829,0.014634146,0.4368932,0.8926829
2018-1-10T13-49-6,1515588546345,0.86341465,-0.004878049,0.46601942,0.86341465
2018-1-10T13-49-6,1515588546346,0.87317073,-0.004878049,0.47572815,0.87317073
2018-1-10T13-49-6,1515588546347,0.87317073,-0.014634146,0.4368932,0.87317073
2018-1-10T13-49-6,1515588546348,0.86341465,-0.004878049,0.42718446,0.86341465
2018-1-10T13-49-6,1515588546349,0.84390247,-0.014634146,0.44660193,0.84390247
2018-1-10T13-49-6,1515588546350,0.85365856,-0.014634146,0.47572815,0.85365856
2018-1-10T13-49-6,1515588546351,0.8341463,-0.024390243,0.4854369,0.8341463
2018-1-10T13-49-6,1515588546352,0.85365856,-0.024390243,0.4563107,0.85365856
2018-1-10T13-49-6,1515588546353,0.82439023,-0.053658538,0.4368932,0.82439023
2018-1-10T13-49-6,1515588546354,0.81463414,-0.08292683,0.49514562,0.81463414
2018-1-10T13-49-6,1515588546355,0.81463414,-0.08292683,0.4368932,0.81463414
2018-1-10T13-49-6,1515588546356,0.76585364,-0.09268293,0.3883495,0.76585364
2018-1-10T13-49-6,1515588546357,0.76585364,-0.08292683,0.36893204,0.76585364
2018-1-10T13-49-6,1515588546358,0.74634147,-0.07317073,0.42718446,0.74634147
2018-1-10T13-49-6,1515588546359,0.82439023,-0.08292683,0.42718446,0.82439023
2018-1-10T13-49-6,1515588546360,0.80487806,-0.034146342,0.46601942,0.80487806
2018-1-10T13-49-6,1515588546361,0.87317073,-0.004878049,0.4563107,0.87317073
2018-1-10T13-49-6,1515588546362,0.9317073,0.043902438,0.4563107,0.9317073
2018-1-10T13-49-6,1515588546363,0.9609756,0.053658538,0.4854369,0.9609756
2018-1-10T13-49-6,1515588546364,0.9804878,0.053658538,0.5048544,0.9804878
2018-1-10T13-49-6,1515588546365,0.9609756,0.034146342,0.5436893,0.9609756
2018-1-10T13-49-6,1515588546366,0.92195123,0.024390243,0.4854369,0.92195123
2018-1-10T13-49-6,1515588546367,0.85365856,-0.10243902,0.4563107,0.85365856
2018-1-10T13-49-6,1515588546368,0.7853659,-0.053658538,0.44660193,0.7853659
2018-1-10T13-49-6,1515588546369,0.70731705,-0.024390243,0.41747573,0.70731705
2018-1-10T13-49-6,1515588546370,0.8341463,-0.07317073,0.4368932,0.8341463
2018-1-10T13-49-6,1515588546371,0.86341465,-0.07317073,0.3883495,0.86341465
2018-1-10T13-49-6,1515588546372,0.79512197,-0.043902438,0.44660193,0.79512197
2018-1-10T13-49-6,1515588546373,0.82439023,-0.014634146,0.46601942,0.82439023
2018-1-10T13-49-6,1515588546374,0.84390247,-0.014634146,0.47572815,0.84390247
2018-1-10T13-49-6,1515588546375,0.86341465,0.024390243,0.44660193,0.86341465
2018-1-10T13-49-6,1515588546376,0.86341465,0.024390243,0.4368932,0.86341465
2018-1-10T13-49-6,1515588546377,0.8829268,-0.024390243,0.49514562,0.8829268
2018-1-10T13-49-6,1515588546378,0.8926829,0.004878049,0.47572815,0.8926829
2018-1-10T13-49-6,1515588546379,0.87317073,-0.004878049,0.42718446,0.87317073
2018-1-10T13-49-6,1515588546380,0.8341463,-0.014634146,0.39805827,0.8341463
2018-1-10T13-49-6,1515588546381,0.8341463,-0.043902438,0.3883495,0.8341463
2018-1-10T13-49-6,1515588546382,0.75609756,-0.06341463,0.4368932,0.75609756
2018-1-10T13-49-6,1515588546383,0.75609756,-0.08292683,0.42718446,0.75609756
2018-1-10T13-49-6,1515588546384,0.79512197,-0.08292683,0.4368932,0.79512197
2018-1-10T13-49-6,1515588546385,0.82439023,-0.06341463,0.44660193,0.82439023
2018-1-10T13-49-6,1515588546386,0.87317073,-0.06341463,0.47572815,0.87317073
2018-1-10T13-49-6,1515588546387,0.8341463,-0.004878049,0.5048544,0.8341463
2018-1-10T13-49-6,1515588546388,0.9414634,-0.004878049,0.4854369,0.9414634
2018-1-10T13-49-6,1515588546389,0.9317073,0.004878049,0.5436893,0.9317073
2018-1-10T13-49-6,1515588546390,0.91219515,-0.004878049,0.52427185,0.91219515
2018-1-10T13-49-6,1515588546391,0.8829268,-0.004878049,0.44660193,0.8829268
2018-1-10T13-49-6,1515588546392,0.85365856,-0.024390243,0.4563107,0.85365856
2018-1-10T13-49-6,1515588546393,0.8341463,-0.024390243,0.4368932,0.8341463
2018-1-10T13-49-6,1515588546394,0.8341463,-0.024390243,0.37864077,0.8341463
2018-1-10T13-49-6,1515588546395,0.7853659,0.053658538,0.37864077,0.7853659
2018-1-10T13-49-6,1515588546396,0.76585364,0.034146342,0.36893204,0.76585364
2018-1-10T13-49-6,1515588546397,0.76585364,-0.043902438,0.42718446,0.76585364
2018-1-10T13-49-6,1515588546398,0.80487806,-0.014634146,0.4854369,0.80487806
2018-1-10T13-49-6,1515588546399,0.84390247,-0.004878049,0.47572815,0.84390247
2018-1-10T13-49-6,1515588546400,0.84390247,-0.024390243,0.4368932,0.84390247
2018-1-10T13-49-6,1515588546401,0.87317073,0.014634146,0.44660193,0.87317073
2018-1-10T13-49-6,1515588546402,0.8829268,0.014634146,0.47572815,0.8829268
2018-1-10T13-49-6,1515588546403,0.86341465,0.024390243,0.47572815,0.86341465
2018-1-10T13-49-6,1515588546404,0.84390247,-0.024390243,0.44660193,0.84390247
2018-1-10T13-49-6,1515588546405,0.81463414,-0.024390243,0.37864077,0.81463414
2018-1-10T13-49-6,1515588546406,0.79512197,-0.024390243,0.407767,0.79512197
2018-1-10T13-49-6,1515588546407,0.81463414,-0.014634146,0.4563107,0.81463414
2018-1-10T13-49-6,1515588546408,0.82439023,-0.014634146,0.47572815,0.82439023
2018-1-10T13-49-6,1515588546409,0.8829268,-0.034146342,0.46601942,0.8829268
2018-1-10T13-49-6,1515588546410,0.91219515,-0.024390243,0.4563107,0.91219515
2018-1-10T13-49-6,1515588546411,0.91219515,-0.034146342,0.46601942,0.91219515
2018-1-10T13-49-6,1515588546412,0.91219515,-0.004878049,0.5048544,0.91219515
2018-1-10T13-49-6,1515588546413,0.902439,-0.024390243,0.4854369,0.902439
2018-1-10T13-49-6,1515588546414,0.87317073,-0.034146342,0.4854369,0.87317073
2018-1-10T13-49-6,1515588546415,0.85365856,-0.034146342,0.47572815,0.85365856
2018-1-10T13-49-6,1515588546416,0.80487806,-0.06341463,0.41747573,0.80487806
2018-1-10T13-49-6,1515588546417,0.75609756,-0.07317073,0.3883495,0.75609756
2018-1-10T13-49-6,1515588546418,0.75609756,-0.06341463,0.37864077,0.75609756
2018-1-10T13-49-6,1515588546419,0.71707314,-0.053658538,0.39805827,0.71707314
2018-1-10T13-49-6,1515588546420,0.77560973,-0.024390243,0.39805827,0.77560973
2018-1-10T13-49-6,1515588546421,0.82439023,-0.014634146,0.36893204,0.82439023
2018-1-10T13-49-6,1515588546422,0.8341463,-0.004878049,0.44660193,0.8341463
2018-1-10T13-49-6,1515588546423,0.8829268,0.014634146,0.4368932,0.8829268
2018-1-10T13-49-6,1515588546424,0.902439,0.043902438,0.4563107,0.902439
2018-1-10T13-49-6,1515588546425,0.8926829,0.014634146,0.49514562,0.8926829
2018-1-10T13-49-6,1515588546426,0.902439,-0.004878049,0.52427185,0.902439
2018-1-10T13-49-6,1515588546427,0.8829268,-0.024390243,0.5048544,0.8829268
2018-1-10T13-49-6,1515588546428,0.902439,-0.024390243,0.42718446,0.902439
2018-1-10T13-49-6,1515588546429,0.8829268,-0.004878049,0.3883495,0.8829268
2018-1-10T13-49-6,1515588546430,0.8341463,-0.024390243,0.44660193,0.8341463
2018-1-10T13-49-6,1515588546431,0.81463414,-0.043902438,0.4368932,0.81463414
2018-1-10T13-49-6,1515588546432,0.80487806,-0.06341463,0.39805827,0.80487806
2018-1-10T13-49-6,1515588546433,0.81463414,-0.053658538,0.41747573,0.81463414
2018-1-10T13-49-6,1515588546434,0.8341463,-0.07317073,0.44660193,0.8341463
2018-1-10T13-49-6,1515588546435,0.8341463,-0.043902438,0.4854369,0.8341463
2018-1-10T13-49-6,1515588546436,0.84390247,-0.09268293,0.44660193,0.84390247
2018-1-10T13-49-6,1515588546437,0.84390247,0.004878049,0.41747573,0.84390247
2018-1-10T13-49-6,1515588546438,0.87317073,0.004878049,0.47572815,0.87317073
2018-1-10T13-49-6,1515588546439,0.86341465,-0.034146342,0.52427185,0.86341465
2018-1-10T13-49-6,1515588546440,0.86341465,-0.004878049,0.4563107,0.86341465
2018-1-10T13-49-6,1515588546441,0.86341465,0.004878049,0.3883495,0.86341465
2018-1-10T13-49-6,1515588546442,0.82439023,0.014634146,0.37864077,0.82439023
2018-1-10T13-49-6,1515588546443,0.81463414,0.014634146,0.407767,0.81463414
2018-1-10T13-49-6,1515588546444,0.7853659,-0.024390243,0.4368932,0.7853659
2018-1-10T13-49-6,1515588546445,0.79512197,0.004878049,0.42718446,0.79512197
2018-1-10T13-49-6,1515588546446,0.81463414,0.024390243,0.41747573,0.81463414
2018-1-10T13-49-6,1515588546447,0.86341465,-0.004878049,0.4368932,0.86341465
2018-1-10T13-49-6,1515588546448,0.85365856,-0.024390243,0.44660193,0.85365856
2018-1-10T13-49-6,1515588546449,0.8341463,-0.024390243,0.46601942,0.8341463
2018-1-10T13-49-6,1515588546450,0.85365856,-0.043902438,0.47572815,0.85365856
2018-1-10T13-49-6,1515588546451,0.8341463,-0.053658538,0.4854369,0.8341463
2018-1-10T13-49-6,1515588546452,0.84390247,-0.053658538,0.44660193,0.84390247
2018-1-10T13-49-6,1515588546453,0.82439023,-0.07317073,0.4563107,0.82439023
2018-1-10T13-49-6,1515588546454,0.8341463,-0.043902438,0.44660193,0.8341463
2018-1-10T13-49-6,1515588546455,0.87317073,-0.034146342,0.4563107,0.87317073
2018-1-10T13-49-6,1515588546456,0.84390247,-0.014634146,0.4563107,0.84390247
2018-1-10T13-49-6,1515588546457,0.902439,0.004878049,0.4563107,0.902439
2018-1-10T13-49-6,1515588546458,0.8829268,0.004878049,0.4368932,0.8829268
2018-1-10T13-49-6,1515588546459,0.902439,-0.014634146,0.42718446,0.902439
2018-1-10T13-49-6,1515588546460,0.85365856,-0.034146342,0.42718446,0.85365856
2018-1-10T13-49-6,1515588546461,0.81463414,-0.024390243,0.49514562,0.81463414
2018-1-10T13-49-6,1515588546462,0.77560973,-0.08292683,0.5048544,0.77560973
2018-1-10T13-49-6,1515588546463,0.80487806,-0.024390243,0.407767,0.80487806
2018-1-10T13-49-6,1515588546464,0.84390247,0.004878049,0.3883495,0.84390247
2018-1-10T13-49-6,1515588546465,0.86341465,0.014634146,0.407767,0.86341465
2018-1-10T13-49-6,1515588546466,0.82439023,0.014634146,0.4854369,0.82439023
2018-1-10T13-49-6,1515588546467,0.85365856,-0.004878049,0.46601942,0.85365856
2018-1-10T13-49-6,1515588546468,0.8341463,0.004878049,0.41747573,0.8341463
2018-1-10T13-49-6,1515588546469,0.87317073,0.004878049,0.44660193,0.87317073
2018-1-10T13-49-6,1515588546470,0.84390247,-0.014634146,0.46601942,0.84390247
2018-1-10T13-49-6,1515588546471,0.84390247,-0.034146342,0.5048544,0.84390247
2018-1-10T13-49-6,1515588546472,0.86341465,-0.024390243,0.4368932,0.86341465
2018-1-10T13-49-6,1515588546473,0.85365856,-0.014634146,0.3883495,0.85365856
2018-1-10T13-49-6,1515588546474,0.8341463,-0.034146342,0.42718446,0.8341463
2018-1-10T13-49-6,1515588546475,0.79512197,-0.034146342,0.46601942,0.79512197
2018-1-10T13-49-6,1515588546476,0.80487806,-0.07317073,0.46601942,0.80487806
2018-1-10T13-49-6,1515588546477,0.80487806,-0.07317073,0.41747573,0.80487806
2018-1-10T13-49-6,1515588546478,0.8341463,-0.06341463,0.41747573,0.8341463
2018-1-10T13-49-6,1515588546479,0.84390247,-0.053658538,0.44660193,0.84390247
2018-1-10T13-49-6,1515588546480,0.82439023,0.004878049,0.5048544,0.82439023
2018-1-10T13-49-6,1515588546481,0.8926829,-0.024390243,0.4854369,0.8926829
2018-1-10T13-49-6,1515588546482,0.91219515,-0.32682925,0.4563107,0.91219515
2018-1-10T13-49-6,1515588546483,0.84390247,-0.004878049,0.4563107,0.84390247
2018-1-10T13-49-6,1515588546484,0.8829268,-0.06341463,0.4368932,0.8829268
2018-1-10T13-49-6,1515588546485,0.8341463,-0.034146342,0.41747573,0.8341463
2018-1-10T13-49-6,1515588546486,0.85365856,-0.024390243,0.46601942,0.85365856
2018-1-10T13-49-6,1515588546487,0.82439023,-0.024390243,0.46601942,0.82439023
2018-1-10T13-49-6,1515588546488,0.8341463,-0.014634146,0.407767,0.8341463
2018-1-10T13-49-6,1515588546489,0.80487806,-0.004878049,0.407767,0.80487806
2018-1-10T13-49-6,1515588546490,0.85365856,-0.024390243,0.4563107,0.85365856
2018-1-10T13-49-6,1515588546491,0.82439023,-0.053658538,0.44660193,0.82439023
2018-1-10T13-49-6,1515588546492,0.82439023,-0.004878049,0.44660193,0.82439023
2018-1-10T13-49-6,1515588546493,0.84390247,-0.024390243,0.4563107,0.84390247
2018-1-10T13-49-6,1515588546494,0.85365856,-0.034146342,0.44660193,0.85365856
2018-1-10T13-49-6,1515588546495,0.82439023,-0.034146342,0.46601942,0.82439023
2018-1-10T13-49-6,1515588546496,0.84390247,-0.014634146,0.4368932,0.84390247
2018-1-10T13-49-6,1515588546497,0.8341463,-0.014634146,0.42718446,0.8341463
2018-1-10T13-49-6,1515588546498,0.84390247,-0.034146342,0.44660193,0.84390247
2018-1-10T13-49-6,1515588546499,0.86341465,0.014634146,0.44660193,0.86341465
2018-1-10T13-49-6,1515588546500,0.87317073,0.034146342,0.4563107,0.87317073
2018-1-10T13-49-6,1515588546501,0.91219515,0.004878049,0.4368932,0.91219515
2018-1-10T13-49-6,1515588546502,0.91219515,0.004878049,0.4563107,0.91219515
2018-1-10T13-49-6,1515588546503,0.87317073,-0.014634146,0.4854369,0.87317073
2018-1-10T13-49-6,1515588546504,0.87317073,-0.004878049,0.44660193,0.87317073
2018-1-10T13-49-6,1515588546505,0.85365856,-0.024390243,0.44660193,0.85365856
2018-1-10T13-49-6,1515588546506,0.80487806,-0.06341463,0.4854369,0.80487806
2018-1-10T13-49-6,1515588546507,0.8341463,-0.07317073,0.4563107,0.8341463
2018-1-10T13-49-6,1515588546508,0.82439023,-0.08292683,0.39805827,0.82439023
2018-1-10T13-49-6,1515588546509,0.81463414,-0.053658538,0.39805827,0.81463414
2018-1-10T13-49-6,1515588546510,0.82439023,-0.12195122,0.4563107,0.82439023
2018-1-10T13-49-6,1515588546511,0.8341463,-0.08292683,0.47572815,0.8341463
2018-1-10T13-49-6,1515588546512,0.8341463,-0.053658538,0.44660193,0.8341463
2018-1-10T13-49-6,1515588546513,0.81463414,-0.053658538,0.39805827,0.81463414
2018-1-10T13-49-6,1515588546514,0.8341463,-0.004878049,0.41747573,0.8341463
2018-1-10T13-49-6,1515588546515,0.84390247,-0.024390243,0.4854369,0.84390247
2018-1-10T13-49-6,1515588546516,0.86341465,-0.024390243,0.4854369,0.86341465
2018-1-10T13-49-6,1515588546517,0.86341465,0.004878049,0.41747573,0.86341465
2018-1-10T13-49-6,1515588546518,0.85365856,-0.004878049,0.407767,0.85365856
2018-1-10T13-49-6,1515588546519,0.8341463,0.024390243,0.44660193,0.8341463
2018-1-10T13-49-6,1515588546520,0.85365856,-0.024390243,0.5048544,0.85365856
2018-1-10T13-49-6,1515588546521,0.8341463,-0.034146342,0.44660193,0.8341463
2018-1-10T13-49-6,1515588546522,0.8829268,-0.014634146,0.41747573,0.8829268
2018-1-10T13-49-6,1515588546523,0.86341465,-0.004878049,0.41747573,0.86341465
2018-1-10T13-49-6,1515588546524,0.85365856,0.004878049,0.49514562,0.85365856
2018-1-10T13-49-6,1515588546525,0.87317073,0.024390243,0.4854369,0.87317073
2018-1-10T13-49-6,1515588546526,0.8829268,-0.004878049,0.4368932,0.8829268
2018-1-10T13-49-6,1515588546527,0.86341465,-0.004878049,0.407767,0.86341465
2018-1-10T13-49-6,1515588546528,0.85365856,0.004878049,0.407767,0.85365856
2018-1-10T13-49-6,1515588546529,0.82439023,-0.014634146,0.4563107,0.82439023
2018-1-10T13-49-6,1515588546530,0.7853659,-0.014634146,0.4368932,0.7853659
2018-1-10T13-49-6,1515588546531,0.84390247,-0.014634146,0.42718446,0.84390247
2018-1-10T13-49-6,1515588546532,0.80487806,-0.043902438,0.46601942,0.80487806
2018-1-10T13-49-6,1515588546533,0.87317073,-0.034146342,0.4854369,0.87317073
2018-1-10T13-49-6,1515588546534,0.8926829,-0.034146342,0.46601942,0.8926829
2018-1-10T13-49-6,1515588546535,0.8926829,-0.08292683,0.407767,0.8926829
2018-1-10T13-49-6,1515588546536,0.86341465,-0.014634146,0.3883495,0.86341465
2018-1-10T13-49-6,1515588546537,0.81463414,-0.024390243,0.47572815,0.81463414
2018-1-10T13-49-6,1515588546538,0.7365854,-0.08292683,0.4563107,0.7365854
2018-1-10T13-49-6,1515588546539,0.82439023,-0.053658538,0.49514562,0.82439023
2018-1-10T13-49-6,1515588546540,0.84390247,-0.06341463,0.4563107,0.84390247
2018-1-10T13-49-6,1515588546541,0.85365856,-0.034146342,0.407767,0.85365856
2018-1-10T13-49-6,1515588546542,0.85365856,0.014634146,0.42718446,0.85365856
2018-1-10T13-49-6,1515588546543,0.8829268,-0.034146342,0.44660193,0.8829268
2018-1-10T13-49-6,1515588546544,0.8341463,-0.15121952,0.44660193,0.8341463
2018-1-10T13-49-6,1515588546545,0.8341463,-0.014634146,0.47572815,0.8341463
2018-1-10T13-49-6,1515588546546,0.8829268,-0.024390243,0.47572815,0.8829268
2018-1-10T13-49-6,1515588546547,0.8341463,-0.024390243,0.46601942,0.8341463
2018-1-10T13-49-6,1515588546548,0.8341463,-0.004878049,0.44660193,0.8341463
2018-1-10T13-49-6,1515588546549,0.87317073,-0.004878049,0.44660193,0.87317073
2018-1-10T13-49-6,1515588546550,0.84390247,-0.004878049,0.4563107,0.84390247
2018-1-10T13-49-6,1515588546551,0.902439,0.014634146,0.42718446,0.902439
2018-1-10T13-49-6,1515588546552,0.86341465,0.014634146,0.41747573,0.86341465
2018-1-10T13-49-6,1515588546553,0.8829268,0.014634146,0.4563107,0.8829268
2018-1-10T13-49-6,1515588546554,0.82439023,0.043902438,0.46601942,0.82439023
2018-1-10T13-49-6,1515588546555,0.82439023,0.014634146,0.4563107,0.82439023
2018-1-10T13-49-6,1515588546556,0.85365856,-0.024390243,0.42718446,0.85365856
2018-1-10T13-49-6,1515588546557,0.87317073,-0.004878049,0.42718446,0.87317073
2018-1-10T13-49-6,1515588546558,0.8926829,-0.053658538,0.44660193,0.8926829
2018-1-10T13-49-6,1515588546559,0.85365856,-0.034146342,0.4368932,0.85365856
2018-1-10T13-49-6,1515588546560,0.80487806,-0.014634146,0.4368932,0.80487806
2018-1-10T13-49-6,1515588546561,0.80487806,-0.034146342,0.4368932,0.80487806
2018-1-10T13-49-6,1515588546562,0.7853659,-0.053658538,0.4368932,0.7853659
2018-1-10T13-49-6,1515588546563,0.80487806,-0.08292683,0.42718446,0.80487806
2018-1-10T13-49-6,1515588546564,0.82439023,-0.053658538,0.4368932,0.82439023
2018-1-10T13-49-6,1515588546565,0.85365856,-0.053658538,0.4563107,0.85365856
2018-1-10T13-49-6,1515588546566,0.84390247,-0.043902438,0.46601942,0.84390247
2018-1-10T13-49-6,1515588546567,0.92195123,-0.014634146,0.4854369,0.92195123
2018-1-10T13-49-6,1515588546568,0.8926829,-0.024390243,0.5145631,0.8926829
2018-1-10T13-49-6,1515588546569,0.91219515,-0.014634146,0.47572815,0.91219515
2018-1-10T13-49-6,1515588546570,0.91219515,-0.004878049,0.46601942,0.91219515
2018-1-10T13-49-6,1515588546571,0.8829268,-0.014634146,0.4563107,0.8829268
2018-1-10T13-49-6,1515588546572,0.87317073,-0.024390243,0.407767,0.87317073
2018-1-10T13-49-6,1515588546573,0.86341465,-0.034146342,0.44660193,0.86341465
2018-1-10T13-49-6,1515588546574,0.8341463,-0.06341463,0.42718446,0.8341463
2018-1-10T13-49-6,1515588546575,0.80487806,-0.053658538,0.44660193,0.80487806
2018-1-10T13-49-6,1515588546576,0.7853659,-0.06341463,0.42718446,0.7853659
2018-1-10T13-49-6,1515588546577,0.77560973,-0.07317073,0.41747573,0.77560973
2018-1-10T13-49-6,1515588546578,0.77560973,-0.043902438,0.37864077,0.77560973
2018-1-10T13-49-6,1515588546579,0.80487806,-0.014634146,0.39805827,0.80487806
2018-1-10T13-49-6,1515588546580,0.84390247,0.004878049,0.4563107,0.84390247
2018-1-10T13-49-6,1515588546581,0.84390247,0.004878049,0.4854369,0.84390247
2018-1-10T13-49-6,1515588546582,0.87317073,0.004878049,0.44660193,0.87317073
2018-1-10T13-49-6,1515588546583,0.8829268,0.024390243,0.42718446,0.8829268
2018-1-10T13-49-6,1515588546584,0.8926829,-0.034146342,0.46601942,0.8926829
2018-1-10T13-49-6,1515588546585,0.902439,0.034146342,0.4854369,0.902439
2018-1-10T13-49-6,1515588546586,0.902439,0.043902438,0.4854369,0.902439
2018-1-10T13-49-6,1515588546587,0.8926829,0.043902438,0.39805827,0.8926829
2018-1-10T13-49-6,1515588546588,0.86341465,0.024390243,0.46601942,0.86341465
2018-1-10T13-49-6,1515588546589,0.85365856,0.004878049,0.47572815,0.85365856
2018-1-10T13-49-6,1515588546590,0.84390247,-0.034146342,0.47572815,0.84390247
2018-1-10T13-49-6,1515588546591,0.8341463,0.004878049,0.42718446,0.8341463
2018-1-10T13-49-6,1515588546592,0.7268293,-0.043902438,0.39805827,0.7268293
2018-1-10T13-49-6,1515588546593,0.81463414,-0.053658538,0.42718446,0.81463414
2018-1-10T13-49-6,1515588546594,0.77560973,-0.043902438,0.44660193,0.77560973
2018-1-10T13-49-6,1515588546595,0.77560973,-0.08292683,0.4563107,0.77560973
2018-1-10T13-49-6,1515588546596,0.79512197,-0.053658538,0.42718446,0.79512197
2018-1-10T13-49-6,1515588546597,0.82439023,-0.06341463,0.407767,0.82439023
2018-1-10T13-49-6,1515588546598,0.81463414,-0.08292683,0.4368932,0.81463414
2018-1-10T13-49-6,1515588546599,0.5219512,-0.053658538,0.41747573,0.5219512
2018-1-10T13-49-6,1515588546600,0.8341463,-0.034146342,0.42718446,0.8341463
2018-1-10T13-49-6,1515588546601,0.82439023,-0.024390243,0.4563107,0.82439023
2018-1-10T13-49-6,1515588546602,0.87317073,-0.034146342,0.5145631,0.87317073
2018-1-10T13-49-6,1515588546603,0.902439,-0.034146342,0.47572815,0.902439
2018-1-10T13-49-6,1515588546604,0.9317073,-0.014634146,0.44660193,0.9317073
2018-1-10T13-49-6,1515588546605,0.91219515,-0.004878049,0.41747573,0.91219515
2018-1-10T13-49-6,1515588546606,0.87317073,-0.014634146,0.4563107,0.87317073
2018-1-10T13-49-6,1515588546607,0.82439023,-0.034146342,0.4563107,0.82439023
2018-1-10T13-49-6,1515588546608,0.80487806,-0.053658538,0.46601942,0.80487806
2018-1-10T13-49-6,1515588546609,0.79512197,-0.09268293,0.4563107,0.79512197
2018-1-10T13-49-6,1515588546610,0.82439023,-0.053658538,0.4368932,0.82439023
2018-1-10T13-49-6,1515588546611,0.8341463,-0.034146342,0.4368932,0.8341463
2018-1-10T13-49-6,1515588546612,0.79512197,-0.034146342,0.44660193,0.79512197
2018-1-10T13-49-6,1515588546613,0.87317073,0.004878049,0.44660193,0.87317073
2018-1-10T13-49-6,1515588546614,0.85365856,0.024390243,0.46601942,0.85365856
2018-1-10T13-49-6,1515588546615,0.902439,0.014634146,0.4854369,0.902439
2018-1-10T13-49-6,1515588546616,0.84390247,0.004878049,0.4854369,0.84390247
2018-1-10T13-49-6,1515588546617,0.84390247,0.004878049,0.46601942,0.84390247
2018-1-10T13-49-6,1515588546618,0.85365856,0.014634146,0.4368932,0.85365856
2018-1-10T13-49-6,1515588546619,0.84390247,0.014634146,0.39805827,0.84390247
2018-1-10T13-49-6,1515588546620,0.8341463,0.004878049,0.39805827,0.8341463
2018-1-10T13-49-6,1515588546621,0.80487806,-0.004878049,0.44660193,0.80487806
2018-1-10T13-49-6,1515588546622,0.84390247,-0.014634146,0.4563107,0.84390247
2018-1-10T13-49-6,1515588546623,0.8341463,-0.024390243,0.4563107,0.8341463
2018-1-10T13-49-6,1515588546624,0.85365856,-0.034146342,0.46601942,0.85365856
2018-1-10T13-49-6,1515588546625,0.86341465,-0.034146342,0.44660193,0.86341465
2018-1-10T13-49-6,1515588546626,0.86341465,-0.014634146,0.39805827,0.86341465
2018-1-10T13-49-6,1515588546627,0.84390247,-0.004878049,0.44660193,0.84390247
2018-1-10T13-49-6,1515588546628,0.85365856,-0.014634146,0.46601942,0.85365856
2018-1-10T13-49-6,1515588546629,0.84390247,-0.053658538,0.47572815,0.84390247
2018-1-10T13-49-6,1515588546630,0.84390247,-0.12195122,0.4368932,0.84390247
2018-1-10T13-49-6,1515588546631,0.79512197,-0.043902438,0.41747573,0.79512197
2018-1-10T13-49-6,1515588546632,0.84390247,-0.024390243,0.4854369,0.84390247
2018-1-10T13-49-6,1515588546633,0.8341463,-0.024390243,0.41747573,0.8341463
2018-1-10T13-49-6,1515588546634,0.8341463,-0.014634146,0.47572815,0.8341463
2018-1-10T13-49-6,1515588546635,0.87317073,-0.014634146,0.4854369,0.87317073
2018-1-10T13-49-6,1515588546636,0.87317073,-0.034146342,0.5048544,0.87317073
2018-1-10T13-49-6,1515588546637,0.86341465,-0.034146342,0.44660193,0.86341465
2018-1-10T13-49-6,1515588546638,0.86341465,-0.024390243,0.4368932,0.86341465
2018-1-10T13-49-6,1515588546639,0.82439023,-0.06341463,0.4563107,0.82439023
2018-1-10T13-49-6,1515588546640,0.80487806,-0.034146342,0.41747573,0.80487806
2018-1-10T13-49-6,1515588546641,0.7853659,-0.024390243,0.37864077,0.7853659
2018-1-10T13-49-6,1515588546642,0.77560973,-0.053658538,0.41747573,0.77560973
2018-1-10T13-49-6,1515588546643,0.77560973,-0.06341463,0.4368932,0.77560973
2018-1-10T13-49-6,1515588546644,0.80487806,-0.053658538,0.4368932,0.80487806
2018-1-10T13-49-6,1515588546645,0.84390247,-0.024390243,0.4368932,0.84390247
2018-1-10T13-49-6,1515588546646,0.91219515,0.024390243,0.4368932,0.91219515
2018-1-10T13-49-6,1515588546647,0.9317073,0.014634146,0.5339806,0.9317073
2018-1-10T13-49-6,1515588546648,0.9512195,0.014634146,0.47572815,0.9512195
2018-1-10T13-49-6,1515588546649,1.0097561,0.043902438,0.44660193,1.0097561
2018-1-10T13-49-6,1515588546650,0.87317073,-0.043902438,0.4563107,0.87317073
2018-1-10T13-49-6,1515588546651,0.84390247,-0.014634146,0.47572815,0.84390247
2018-1-10T13-49-6,1515588546652,0.8341463,-0.014634146,0.4563107,0.8341463
2018-1-10T13-49-6,1515588546653,0.82439023,-0.024390243,0.407767,0.82439023
2018-1-10T13-49-6,1515588546654,0.80487806,-0.034146342,0.41747573,0.80487806
2018-1-10T13-49-6,1515588546655,0.81463414,-0.004878049,0.4368932,0.81463414
2018-1-10T13-49-6,1515588546656,0.82439023,-0.024390243,0.44660193,0.82439023
2018-1-10T13-49-6,1515588546657,0.82439023,-0.034146342,0.41747573,0.82439023
2018-1-10T13-49-6,1515588546658,0.81463414,-0.024390243,0.41747573,0.81463414
2018-1-10T13-49-6,1515588546659,0.8341463,-0.034146342,0.4563107,0.8341463
2018-1-10T13-49-6,1515588546660,0.8341463,-0.034146342,0.4854369,0.8341463
2018-1-10T13-49-6,1515588546661,0.86341465,0.014634146,0.4368932,0.86341465
2018-1-10T13-49-6,1515588546662,0.84390247,-0.053658538,0.407767,0.84390247
2018-1-10T13-49-6,1515588546663,0.8341463,-0.024390243,0.44660193,0.8341463
2018-1-10T13-49-6,1515588546664,0.85365856,-0.034146342,0.4854369,0.85365856
2018-1-10T13-49-6,1515588546665,0.84390247,-0.043902438,0.44660193,0.84390247
2018-1-10T13-49-6,1515588546666,0.86341465,-0.06341463,0.42718446,0.86341465
2018-1-10T13-49-6,1515588546667,0.85365856,-0.024390243,0.407767,0.85365856
2018-1-10T13-49-6,1515588546668,0.84390247,-0.024390243,0.4563107,0.84390247
2018-1-10T13-49-6,1515588546669,0.86341465,-0.014634146,0.42718446,0.86341465
2018-1-10T13-49-6,1515588546670,0.85365856,-0.004878049,0.4563107,0.85365856
2018-1-10T13-49-6,1515588546671,0.87317073,-0.004878049,0.49514562,0.87317073
2018-1-10T13-49-6,1515588546672,0.902439,-0.034146342,0.4854369,0.902439
2018-1-10T13-49-6,1515588546673,0.8829268,0.014634146,0.46601942,0.8829268
2018-1-10T13-49-6,1515588546674,0.87317073,-0.014634146,0.44660193,0.87317073
2018-1-10T13-49-6,1515588546675,0.86341465,0.004878049,0.4368932,0.86341465
2018-1-10T13-49-6,1515588546676,0.82439023,-0.014634146,0.407767,0.82439023
2018-1-10T13-49-6,1515588546677,0.80487806,-0.024390243,0.36893204,0.80487806
2018-1-10T13-49-6,1515588546678,0.70731705,-0.014634146,0.37864077,0.70731705
2018-1-10T13-49-6,1515588546679,0.76585364,-0.024390243,0.39805827,0.76585364
2018-1-10T13-49-6,1515588546680,0.77560973,-0.053658538,0.4563107,0.77560973
2018-1-10T13-49-6,1515588546681,0.81463414,-0.07317073,0.49514562,0.81463414
2018-1-10T13-49-6,1515588546682,0.8926829,-0.053658538,0.47572815,0.8926829
2018-1-10T13-49-6,1515588546683,0.8829268,-0.06341463,0.42718446,0.8829268
2018-1-10T13-49-6,1515588546684,0.8829268,-0.014634146,0.42718446,0.8829268
2018-1-10T13-49-6,1515588546685,0.8829268,0.053658538,0.44660193,0.8829268
2018-1-10T13-49-6,1515588546686,0.84390247,-0.004878049,0.44660193,0.84390247
2018-1-10T13-49-6,1515588546687,0.85365856,0.004878049,0.47572815,0.85365856
2018-1-10T13-49-6,1515588546688,0.87317073,-0.034146342,0.3883495,0.87317073
2018-1-10T13-49-6,1515588546689,0.79512197,-0.014634146,0.407767,0.79512197
2018-1-10T13-49-6,1515588546690,0.82439023,-0.053658538,0.47572815,0.82439023
2018-1-10T13-49-6,1515588546691,0.86341465,-0.053658538,0.5048544,0.86341465
2018-1-10T13-49-6,1515588546692,0.85365856,-0.12195122,0.4563107,0.85365856
2018-1-10T13-49-6,1515588546693,0.85365856,-0.034146342,0.407767,0.85365856
2018-1-10T13-49-6,1515588546694,0.86341465,-0.014634146,0.4563107,0.86341465
2018-1-10T13-49-6,1515588546695,0.8341463,-0.043902438,0.5145631,0.8341463
2018-1-10T13-49-6,1515588546696,0.85365856,-0.043902438,0.46601942,0.85365856
2018-1-10T13-49-6,1515588546697,0.86341465,-0.014634146,0.42718446,0.86341465
2018-1-10T13-49-6,1515588546698,0.86341465,-0.043902438,0.44660193,0.86341465
2018-1-10T13-49-6,1515588546699,0.85365856,-0.024390243,0.4563107,0.85365856
2018-1-10T13-49-6,1515588546700,0.80487806,-0.034146342,0.42718446,0.80487806
2018-1-10T13-49-6,1515588546701,0.79512197,-0.014634146,0.3883495,0.79512197
2018-1-10T13-49-6,1515588546702,0.79512197,0.004878049,0.39805827,0.79512197
2018-1-10T13-49-6,1515588546703,0.81463414,0.004878049,0.39805827,0.81463414
2018-1-10T13-49-6,1515588546704,0.85365856,0.004878049,0.4368932,0.85365856
2018-1-10T13-49-6,1515588546705,0.81463414,0.014634146,0.4563107,0.81463414
2018-1-10T13-49-6,1515588546706,0.8926829,0.004878049,0.52427185,0.8926829
2018-1-10T13-49-6,1515588546707,0.84390247,-0.004878049,0.46601942,0.84390247
2018-1-10T13-49-6,1515588546708,0.8926829,0.004878049,0.46601942,0.8926829
2018-1-10T13-49-6,1515588546709,0.87317073,-0.024390243,0.4368932,0.87317073
2018-1-10T13-49-6,1515588546710,0.85365856,-0.014634146,0.4563107,0.85365856
2018-1-10T13-49-6,1515588546711,0.82439023,-0.024390243,0.44660193,0.82439023
2018-1-10T13-49-6,1515588546712,0.82439023,-0.024390243,0.4368932,0.82439023
2018-1-10T13-49-6,1515588546713,0.81463414,-0.14146341,0.4368932,0.81463414
2018-1-10T13-49-6,1515588546714,0.82439023,-0.043902438,0.41747573,0.82439023
2018-1-10T13-49-6,1515588546715,0.82439023,-0.053658538,0.41747573,0.82439023
2018-1-10T13-49-6,1515588546716,0.82439023,-0.09268293,0.44660193,0.82439023
2018-1-10T13-49-6,1515588546717,0.8341463,-0.014634146,0.4563107,0.8341463
2018-1-10T13-49-6,1515588546718,0.84390247,-0.043902438,0.4854369,0.84390247
2018-1-10T13-49-6,1515588546719,0.81463414,-0.024390243,0.4563107,0.81463414
2018-1-10T13-49-6,1515588546720,0.902439,-0.024390243,0.46601942,0.902439
2018-1-10T13-49-6,1515588546721,0.86341465,-0.024390243,0.4563107,0.86341465
2018-1-10T13-49-6,1515588546722,0.87317073,-0.034146342,0.47572815,0.87317073
2018-1-10T13-49-6,1515588546723,0.86341465,-0.024390243,0.4563107,0.86341465
2018-1-10T13-49-6,1515588546724,0.86341465,-0.014634146,0.44660193,0.86341465
2018-1-10T13-49-6,1515588546725,0.85365856,-0.024390243,0.4368932,0.85365856
2018-1-10T13-49-6,1515588546726,0.82439023,-0.014634146,0.46601942,0.82439023
2018-1-10T13-49-6,1515588546727,0.84390247,-0.024390243,0.4368932,0.84390247
2018-1-10T13-49-6,1515588546728,0.82439023,0.004878049,0.42718446,0.82439023
2018-1-10T13-49-6,1515588546729,0.84390247,0.004878049,0.4563107,0.84390247
2018-1-10T13-49-6,1515588546730,0.85365856,-0.024390243,0.4563107,0.85365856
2018-1-10T13-49-6,1515588546731,0.86341465,-0.07317073,0.41747573,0.86341465
2018-1-10T13-49-6,1515588546732,0.8341463,-0.014634146,0.44660193,0.8341463
2018-1-10T13-49-6,1515588546733,0.82439023,-0.014634146,0.49514562,0.82439023
2018-1-10T13-49-6,1515588546734,0.85365856,-0.043902438,0.4854369,0.85365856
2018-1-10T13-49-6,1515588546735,0.86341465,-0.024390243,0.41747573,0.86341465
2018-1-10T13-49-6,1515588546736,0.82439023,-0.034146342,0.407767,0.82439023
2018-1-10T13-49-6,1515588546737,0.84390247,0.024390243,0.44660193,0.84390247
2018-1-10T13-49-6,1515588546738,0.82439023,-0.024390243,0.4563107,0.82439023
2018-1-10T13-49-6,1515588546739,0.85365856,-0.024390243,0.44660193,0.85365856
2018-1-10T13-49-6,1515588546740,0.84390247,-0.014634146,0.39805827,0.84390247
2018-1-10T13-49-6,1515588546741,0.8926829,-0.014634146,0.39805827,0.8926829
2018-1-10T13-49-6,1515588546742,0.85365856,-0.014634146,0.44660193,0.85365856
2018-1-10T13-49-6,1515588546743,0.85365856,-0.024390243,0.49514562,0.85365856
2018-1-10T13-49-6,1515588546744,0.84390247,-0.053658538,0.49514562,0.84390247
2018-1-10T13-49-6,1515588546745,0.8829268,-0.07317073,0.44660193,0.8829268
2018-1-10T13-49-6,1515588546746,0.86341465,-0.043902438,0.41747573,0.86341465
2018-1-10T13-49-6,1515588546747,0.8341463,-0.024390243,0.4368932,0.8341463
2018-1-10T13-49-6,1515588546748,0.85365856,-0.053658538,0.46601942,0.85365856
2018-1-10T13-49-6,1515588546749,0.81463414,-0.043902438,0.4854369,0.81463414
2018-1-10T13-49-6,1515588546750,0.85365856,-0.024390243,0.4368932,0.85365856
2018-1-10T13-49-6,1515588546751,0.84390247,-0.034146342,0.42718446,0.84390247
2018-1-10T13-49-6,1515588546752,0.86341465,0.014634146,0.44660193,0.86341465
2018-1-10T13-49-6,1515588546753,0.8829268,-0.004878049,0.47572815,0.8829268
2018-1-10T13-49-6,1515588546754,0.8926829,0.004878049,0.47572815,0.8926829
2018-1-10T13-49-6,1515588546755,0.87317073,0.024390243,0.44660193,0.87317073
2018-1-10T13-49-6,1515588546756,0.87317073,0.014634146,0.39805827,0.87317073
2018-1-10T13-49-6,1515588546757,0.82439023,-0.004878049,0.407767,0.82439023
2018-1-10T13-49-6,1515588546758,0.80487806,-0.024390243,0.47572815,0.80487806
2018-1-10T13-49-6,1515588546759,0.82439023,-0.014634146,0.4854369,0.82439023
2018-1-10T13-49-6,1515588546760,0.84390247,-0.053658538,0.4368932,0.84390247
2018-1-10T13-49-6,1515588546761,0.85365856,-0.034146342,0.39805827,0.85365856
2018-1-10T13-49-6,1515588546762,0.84390247,-0.014634146,0.4368932,0.84390247
2018-1-10T13-49-6,1515588546763,0.84390247,-0.014634146,0.44660193,0.84390247
2018-1-10T13-49-6,1515588546764,0.81463414,-0.034146342,0.46601942,0.81463414
2018-1-10T13-49-6,1515588546765,0.81463414,-0.034146342,0.407767,0.81463414
2018-1-10T13-49-6,1515588546766,0.7853659,-0.06341463,0.41747573,0.7853659
2018-1-10T13-49-6,1515588546767,0.84390247,-0.06341463,0.4563107,0.84390247
2018-1-10T13-49-6,1515588546768,0.8341463,-0.07317073,0.46601942,0.8341463
2018-1-10T13-49-6,1515588546769,0.86341465,-0.06341463,0.4563107,0.86341465
2018-1-10T13-49-6,1515588546770,0.8829268,-0.034146342,0.44660193,0.8829268
2018-1-10T13-49-6,1515588546771,0.8829268,-0.024390243,0.44660193,0.8829268
2018-1-10T13-49-6,1515588546772,0.87317073,-0.024390243,0.46601942,0.87317073
2018-1-10T13-49-6,1515588546773,0.8829268,0.024390243,0.44660193,0.8829268
2018-1-10T13-49-6,1515588546774,0.86341465,-0.004878049,0.47572815,0.86341465
2018-1-10T13-49-6,1515588546775,0.87317073,-0.024390243,0.47572815,0.87317073
2018-1-10T13-49-6,1515588546776,0.85365856,-0.024390243,0.4854369,0.85365856
2018-1-10T13-49-6,1515588546777,0.86341465,-0.034146342,0.44660193,0.86341465
2018-1-10T13-49-6,1515588546778,0.86341465,0.014634146,0.46601942,0.86341465
2018-1-10T13-49-6,1515588546779,0.8341463,-0.024390243,0.4368932,0.8341463
2018-1-10T13-49-6,1515588546780,0.80487806,-0.024390243,0.3592233,0.80487806
2018-1-10T13-49-6,1515588546781,0.81463414,0.08292683,0.42718446,0.81463414
2018-1-10T13-49-6,1515588546782,0.81463414,0.014634146,0.42718446,0.81463414
2018-1-10T13-49-6,1515588546783,0.8341463,0.014634146,0.41747573,0.8341463
2018-1-10T13-49-6,1515588546784,0.82439023,-0.004878049,0.42718446,0.82439023
2018-1-10T13-49-6,1515588546785,0.84390247,-0.004878049,0.4368932,0.84390247
2018-1-10T13-49-6,1515588546786,0.87317073,-0.004878049,0.46601942,0.87317073
2018-1-10T13-49-6,1515588546787,0.87317073,-0.024390243,0.4368932,0.87317073
2018-1-10T13-49-6,1515588546788,0.82439023,0.024390243,0.4563107,0.82439023
2018-1-10T13-49-6,1515588546789,0.8829268,0.014634146,0.47572815,0.8829268
2018-1-10T13-49-6,1515588546790,0.86341465,-0.004878049,0.44660193,0.86341465
2018-1-10T13-49-6,1515588546791,0.8926829,0.014634146,0.41747573,0.8926829
2018-1-10T13-49-6,1515588546792,0.85365856,-0.12195122,0.4368932,0.85365856
2018-1-10T13-49-6,1515588546793,0.84390247,-0.17073171,0.4563107,0.84390247
2018-1-10T13-49-6,1515588546794,0.82439023,-0.053658538,0.46601942,0.82439023
2018-1-10T13-49-6,1515588546795,0.8341463,-0.07317073,0.42718446,0.8341463
2018-1-10T13-49-6,1515588546796,0.76585364,-0.08292683,0.4368932,0.76585364
2018-1-10T13-49-6,1515588546797,0.8341463,-0.06341463,0.4563107,0.8341463
2018-1-10T13-49-6,1515588546798,0.84390247,-0.12195122,0.4563107,0.84390247
2018-1-10T13-49-6,1515588546799,0.8341463,-0.06341463,0.4563107,0.8341463
2018-1-10T13-49-6,1515588546800,0.85365856,-0.053658538,0.44660193,0.85365856
2018-1-10T13-49-6,1515588546801,0.87317073,-0.043902438,0.4563107,0.87317073
2018-1-10T13-49-6,1515588546802,0.86341465,-0.024390243,0.46601942,0.86341465
2018-1-10T13-49-6,1515588546803,0.8926829,0.014634146,0.4368932,0.8926829
2018-1-10T13-49-6,1515588546804,0.8829268,-0.004878049,0.4368932,0.8829268
2018-1-10T13-49-6,1515588546805,0.84390247,0.004878049,0.41747573,0.84390247
2018-1-10T13-49-6,1515588546806,0.84390247,0.024390243,0.407767,0.84390247
2018-1-10T13-49-6,1515588546807,0.79512197,0.004878049,0.41747573,0.79512197
2018-1-10T13-49-6,1515588546808,0.84390247,-0.014634146,0.3106796,0.84390247
2018-1-10T13-49-6,1515588546809,0.84390247,-0.014634146,0.47572815,0.84390247
2018-1-10T13-49-6,1515588546810,0.8829268,-0.004878049,0.44660193,0.8829268
2018-1-10T13-49-6,1515588546811,0.87317073,-0.053658538,0.4368932,0.87317073
2018-1-10T13-49-6,1515588546812,0.85365856,-0.004878049,0.46601942,0.85365856
2018-1-10T13-49-6,1515588546813,0.86341465,-0.024390243,0.47572815,0.86341465
2018-1-10T13-49-6,1515588546814,0.84390247,-0.053658538,0.4368932,0.84390247
2018-1-10T13-49-6,1515588546815,0.8341463,-0.004878049,0.42718446,0.8341463
2018-1-10T13-49-6,1515588546816,0.84390247,-0.034146342,0.5048544,0.84390247
2018-1-10T13-49-6,1515588546817,0.84390247,-0.014634146,0.47572815,0.84390247
2018-1-10T13-49-6,1515588546818,0.85365856,0.004878049,0.42718446,0.85365856
2018-1-10T13-49-6,1515588546819,0.86341465,-0.004878049,0.407767,0.86341465
2018-1-10T13-49-6,1515588546820,0.85365856,0.014634146,0.41747573,0.85365856
2018-1-10T13-49-6,1515588546821,0.84390247,0.014634146,0.44660193,0.84390247
2018-1-10T13-49-6,1515588546822,0.80487806,0.004878049,0.49514562,0.80487806
2018-1-10T13-49-6,1515588546823,0.84390247,-0.034146342,0.49514562,0.84390247
2018-1-10T13-49-6,1515588546824,0.87317073,-0.034146342,0.42718446,0.87317073
2018-1-10T13-49-6,1515588546825,0.87317073,-0.014634146,0.3883495,0.87317073
2018-1-10T13-49-6,1515588546826,0.8341463,-0.053658538,0.4368932,0.8341463
2018-1-10T13-49-6,1515588546827,0.8341463,-0.07317073,0.46601942,0.8341463
2018-1-10T13-49-6,1515588546828,0.79512197,-0.08292683,0.4563107,0.79512197
2018-1-10T13-49-6,1515588546829,0.7853659,-0.08292683,0.4368932,0.7853659
2018-1-10T13-49-6,1515588546830,0.79512197,-0.08292683,0.42718446,0.79512197
2018-1-10T13-49-6,1515588546831,0.74634147,-0.07317073,0.47572815,0.74634147
2018-1-10T13-49-6,1515588546832,0.85365856,-0.13170731,0.47572815,0.85365856
2018-1-10T13-49-6,1515588546833,0.8829268,-0.004878049,0.4563107,0.8829268
2018-1-10T13-49-6,1515588546834,0.91219515,-0.004878049,0.46601942,0.91219515
2018-1-10T13-49-6,1515588546835,0.91219515,0.004878049,0.46601942,0.91219515
2018-1-10T13-49-6,1515588546836,0.8829268,0.004878049,0.4854369,0.8829268
2018-1-10T13-49-6,1515588546837,0.902439,0.024390243,0.46601942,0.902439
2018-1-10T13-49-6,1515588546838,0.86341465,0.014634146,0.4563107,0.86341465
2018-1-10T13-49-6,1515588546839,0.85365856,0.004878049,0.4368932,0.85365856
2018-1-10T13-49-6,1515588546840,0.84390247,0.06341463,0.42718446,0.84390247
2018-1-10T13-49-6,1515588546841,0.81463414,-0.034146342,0.407767,0.81463414
2018-1-10T13-49-6,1515588546842,0.79512197,-0.034146342,0.3883495,0.79512197
2018-1-10T13-49-6,1515588546843,0.77560973,-0.024390243,0.407767,0.77560973
2018-1-10T13-49-6,1515588546844,0.75609756,0.004878049,0.42718446,0.75609756
2018-1-10T13-49-6,1515588546845,0.70731705,-0.043902438,0.37864077,0.70731705
2018-1-10T13-49-6,1515588546846,0.85365856,-0.024390243,0.46601942,0.85365856
2018-1-10T13-49-6,1515588546847,0.8829268,-0.034146342,0.47572815,0.8829268
2018-1-10T13-49-6,1515588546848,0.902439,0.004878049,0.4563107,0.902439
2018-1-10T13-49-6,1515588546849,0.8829268,0.024390243,0.42718446,0.8829268
2018-1-10T13-49-6,1515588546850,0.8829268,0.014634146,0.4854369,0.8829268
2018-1-10T13-49-6,1515588546851,0.902439,0.004878049,0.46601942,0.902439
2018-1-10T13-49-6,1515588546852,0.85365856,0.014634146,0.4563107,0.85365856
2018-1-10T13-49-6,1515588546853,0.84390247,0.014634146,0.42718446,0.84390247
2018-1-10T13-49-6,1515588546854,0.85365856,-0.043902438,0.4368932,0.85365856
2018-1-10T13-49-6,1515588546855,0.8341463,-0.014634146,0.4368932,0.8341463
2018-1-10T13-49-6,1515588546856,0.84390247,-0.034146342,0.42718446,0.84390247
2018-1-10T13-49-6,1515588546857,0.82439023,-0.06341463,0.46601942,0.82439023
2018-1-10T13-49-6,1515588546858,0.86341465,-0.004878049,0.4854369,0.86341465
2018-1-10T13-49-6,1515588546859,0.86341465,-0.024390243,0.4563107,0.86341465
2018-1-10T13-49-6,1515588546860,0.85365856,0.024390243,0.4368932,0.85365856
2018-1-10T13-49-6,1515588546861,0.85365856,0.014634146,0.41747573,0.85365856
2018-1-10T13-49-6,1515588546862,0.84390247,-0.014634146,0.44660193,0.84390247
2018-1-10T13-49-6,1515588546863,0.81463414,-0.024390243,0.42718446,0.81463414
2018-1-10T13-49-6,1515588546864,0.79512197,-0.024390243,0.44660193,0.79512197
2018-1-10T13-49-6,1515588546865,0.8341463,-0.034146342,0.39805827,0.8341463
2018-1-10T13-49-6,1515588546866,0.79512197,-0.034146342,0.41747573,0.79512197
2018-1-10T13-49-6,1515588546867,0.79512197,-0.053658538,0.4368932,0.79512197
2018-1-10T13-49-6,1515588546868,0.82439023,-0.024390243,0.47572815,0.82439023
2018-1-10T13-49-6,1515588546869,0.8341463,-0.07317073,0.46601942,0.8341463
2018-1-10T13-49-6,1515588546870,0.86341465,-0.053658538,0.46601942,0.86341465
2018-1-10T13-49-6,1515588546871,0.8829268,-0.043902438,0.4563107,0.8829268
2018-1-10T13-49-6,1515588546872,0.86341465,0.053658538,0.4563107,0.86341465
2018-1-10T13-49-6,1515588546873,0.85365856,-0.024390243,0.44660193,0.85365856
2018-1-10T13-49-6,1515588546874,0.8926829,-0.004878049,0.4854369,0.8926829
2018-1-10T13-49-6,1515588546875,0.902439,-0.014634146,0.4854369,0.902439
2018-1-10T13-49-6,1515588546876,0.902439,0.004878049,0.4368932,0.902439
2018-1-10T13-49-6,1515588546877,0.8926829,0.024390243,0.44660193,0.8926829
2018-1-10T13-49-6,1515588546878,0.87317073,0.004878049,0.4563107,0.87317073
2018-1-10T13-49-6,1515588546879,0.85365856,0.004878049,0.4368932,0.85365856
2018-1-10T13-49-6,1515588546880,0.81463414,-0.014634146,0.42718446,0.81463414
2018-1-10T13-49-6,1515588546881,0.81463414,-0.034146342,0.42718446,0.81463414
2018-1-10T13-49-6,1515588546882,0.82439023,-0.07317073,0.42718446,0.82439023
2018-1-10T13-49-6,1515588546883,0.79512197,-0.004878049,0.4368932,0.79512197
2018-1-10T13-49-6,1515588546884,0.80487806,-0.024390243,0.407767,0.80487806
2018-1-10T13-49-6,1515588546885,0.79512197,-0.014634146,0.44660193,0.79512197
2018-1-10T13-49-6,1515588546886,0.84390247,-0.024390243,0.46601942,0.84390247
2018-1-10T13-49-6,1515588546887,0.8829268,-0.004878049,0.42718446,0.8829268
2018-1-10T13-49-6,1515588546888,0.86341465,0.014634146,0.42718446,0.86341465
2018-1-10T13-49-6,1515588546889,0.8926829,-0.034146342,0.41747573,0.8926829
2018-1-10T13-49-6,1515588546890,0.81463414,-0.034146342,0.44660193,0.81463414
2018-1-10T13-49-6,1515588546891,0.81463414,-0.034146342,0.41747573,0.81463414
2018-1-10T13-49-6,1515588546892,0.8829268,-0.06341463,0.42718446,0.8829268
2018-1-10T13-49-6,1515588546893,0.81463414,-0.053658538,0.46601942,0.81463414
2018-1-10T13-49-6,1515588546894,0.84390247,-0.08292683,0.4854369,0.84390247
2018-1-10T13-49-6,1515588546895,0.85365856,-0.07317073,0.47572815,0.85365856
2018-1-10T13-49-6,1515588546896,0.8926829,-0.034146342,0.46601942,0.8926829
2018-1-10T13-49-6,1515588546897,0.902439,-0.004878049,0.44660193,0.902439
2018-1-10T13-49-6,1515588546898,0.902439,0.004878049,0.49514562,0.902439
2018-1-10T13-49-6,1515588546899,0.87317073,-0.014634146,0.5048544,0.87317073
2018-1-10T13-49-6,1515588546900,0.8829268,-0.024390243,0.46601942,0.8829268
2018-1-10T13-49-6,1515588546901,0.8829268,0.004878049,0.4563107,0.8829268
2018-1-10T13-49-6,1515588546902,0.84390247,-0.034146342,0.4563107,0.84390247
2018-1-10T13-49-6,1515588546903,0.84390247,-0.024390243,0.4368932,0.84390247
2018-1-10T13-49-6,1515588546904,0.81463414,-0.034146342,0.42718446,0.81463414
2018-1-10T13-49-6,1515588546905,0.80487806,-0.024390243,0.4368932,0.80487806
2018-1-10T13-49-6,1515588546906,0.80487806,-0.034146342,0.4368932,0.80487806
2018-1-10T13-49-6,1515588546907,0.80487806,-0.004878049,0.42718446,0.80487806
2018-1-10T13-49-6,1515588546908,0.80487806,-0.053658538,0.407767,0.80487806
2018-1-10T13-49-6,1515588546909,0.79512197,-0.014634146,0.41747573,0.79512197
2018-1-10T13-49-6,1515588546910,0.82439023,-0.024390243,0.41747573,0.82439023
2018-1-10T13-49-6,1515588546911,0.8341463,-0.024390243,0.407767,0.8341463
2018-1-10T13-49-6,1515588546912,0.81463414,-0.014634146,0.407767,0.81463414
2018-1-10T13-49-6,1515588546913,0.80487806,-0.014634146,0.4368932,0.80487806
2018-1-10T13-49-6,1515588546914,0.82439023,-0.004878049,0.44660193,0.82439023
2018-1-10T13-49-6,1515588546915,0.8341463,0.014634146,0.44660193,0.8341463
2018-1-10T13-49-6,1515588546916,0.87317073,-0.004878049,0.4368932,0.87317073
2018-1-10T13-49-6,1515588546917,0.91219515,-0.004878049,0.52427185,0.91219515
2018-1-10T13-49-6,1515588546918,0.9609756,-0.014634146,0.5339806,0.9609756
2018-1-10T13-49-6,1515588546919,0.9512195,-0.004878049,0.4368932,0.9512195
2018-1-10T13-49-6,1515588546920,0.902439,-0.004878049,0.41747573,0.902439
2018-1-10T13-49-6,1515588546921,0.84390247,-0.014634146,0.4368932,0.84390247
2018-1-10T13-49-6,1515588546922,0.7853659,-0.06341463,0.4854369,0.7853659
2018-1-10T13-49-6,1515588546923,0.77560973,-0.07317073,0.46601942,0.77560973
2018-1-10T13-49-6,1515588546924,0.7853659,-0.06341463,0.39805827,0.7853659
2018-1-10T13-49-6,1515588546925,0.79512197,-0.06341463,0.39805827,0.79512197
2018-1-10T13-49-6,1515588546926,0.82439023,-0.053658538,0.44660193,0.82439023
2018-1-10T13-49-6,1515588546927,0.8341463,-0.034146342,0.47572815,0.8341463
2018-1-10T13-49-6,1515588546928,0.84390247,-0.09268293,0.4563107,0.84390247
2018-1-10T13-49-6,1515588546929,0.91219515,0.004878049,0.4563107,0.91219515
2018-1-10T13-49-6,1515588546930,0.8341463,0.014634146,0.4368932,0.8341463
2018-1-10T13-49-6,1515588546931,0.86341465,0.014634146,0.4368932,0.86341465
2018-1-10T13-49-6,1515588546932,0.84390247,0.024390243,0.4368932,0.84390247
2018-1-10T13-49-6,1515588546933,0.84390247,-0.004878049,0.4563107,0.84390247
2018-1-10T13-49-6,1515588546934,0.84390247,-0.034146342,0.4368932,0.84390247
2018-1-10T13-49-6,1515588546935,0.8341463,0.004878049,0.41747573,0.8341463
2018-1-10T13-49-6,1515588546936,0.8341463,-0.004878049,0.407767,0.8341463
2018-1-10T13-49-6,1515588546937,0.8341463,-0.024390243,0.4368932,0.8341463
2018-1-10T13-49-6,1515588546938,0.80487806,0.004878049,0.4368932,0.80487806
2018-1-10T13-49-6,1515588546939,0.8341463,-0.004878049,0.42718446,0.8341463
2018-1-10T13-49-6,1515588546940,0.81463414,-0.014634146,0.4563107,0.81463414
2018-1-10T13-49-6,1515588546941,0.84390247,-0.014634146,0.4854369,0.84390247
2018-1-10T13-49-6,1515588546942,0.8829268,-0.024390243,0.49514562,0.8829268
2018-1-10T13-49-6,1515588546943,0.8926829,-0.043902438,0.47572815,0.8926829
2018-1-10T13-49-6,1515588546944,0.87317073,-0.034146342,0.4563107,0.87317073
2018-1-10T13-49-6,1515588546945,0.85365856,-0.034146342,0.44660193,0.85365856
2018-1-10T13-49-6,1515588546946,0.85365856,-0.024390243,0.41747573,0.85365856
2018-1-10T13-49-6,1515588546947,0.8341463,-0.034146342,0.42718446,0.8341463
2018-1-10T13-49-6,1515588546948,0.80487806,-0.06341463,0.44660193,0.80487806
2018-1-10T13-49-6,1515588546949,0.80487806,-0.07317073,0.41747573,0.80487806
2018-1-10T13-49-6,1515588546950,0.8341463,-0.053658538,0.42718446,0.8341463
2018-1-10T13-49-6,1515588546951,0.82439023,-0.053658538,0.4854369,0.82439023
2018-1-10T13-49-6,1515588546952,0.85365856,-0.053658538,0.47572815,0.85365856
2018-1-10T13-49-6,1515588546953,0.8926829,-0.034146342,0.4854369,0.8926829
2018-1-10T13-49-6,1515588546954,0.86341465,-0.014634146,0.47572815,0.86341465
2018-1-10T13-49-6,1515588546955,0.87317073,0.004878049,0.4854369,0.87317073
2018-1-10T13-49-6,1515588546956,0.8829268,-0.014634146,0.44660193,0.8829268
2018-1-10T13-49-6,1515588546957,0.86341465,-0.014634146,0.4563107,0.86341465
2018-1-10T13-49-6,1515588546958,0.84390247,-0.024390243,0.4563107,0.84390247
2018-1-10T13-49-6,1515588546959,0.82439023,-0.014634146,0.4368932,0.82439023
2018-1-10T13-49-6,1515588546960,0.8341463,-0.014634146,0.41747573,0.8341463
2018-1-10T13-49-6,1515588546961,0.81463414,-0.004878049,0.407767,0.81463414
2018-1-10T13-49-6,1515588546962,0.69756097,0.004878049,0.42718446,0.69756097
2018-1-10T13-49-6,1515588546963,0.8341463,-0.014634146,0.41747573,0.8341463
2018-1-10T13-49-6,1515588546964,0.82439023,-0.014634146,0.5533981,0.82439023
2018-1-10T13-49-6,1515588546965,0.85365856,-0.043902438,0.4854369,0.85365856
2018-1-10T13-49-6,1515588546966,0.91219515,-0.034146342,0.47572815,0.91219515
2018-1-10T13-49-6,1515588546967,0.8926829,0.014634146,0.42718446,0.8926829
2018-1-10T13-49-6,1515588546968,0.8829268,-0.014634146,0.42718446,0.8829268
2018-1-10T13-49-6,1515588546969,0.85365856,-0.024390243,0.47572815,0.85365856
2018-1-10T13-49-6,1515588546970,0.8341463,-0.014634146,0.46601942,0.8341463
2018-1-10T13-49-6,1515588546971,0.81463414,0.014634146,0.407767,0.81463414
2018-1-10T13-49-6,1515588546972,0.82439023,0.004878049,0.407767,0.82439023
2018-1-10T13-49-6,1515588546973,0.80487806,-0.014634146,0.42718446,0.80487806
2018-1-10T13-49-6,1515588546974,0.84390247,-0.014634146,0.39805827,0.84390247
2018-1-10T13-49-6,1515588546975,0.80487806,-0.034146342,0.41747573,0.80487806
2018-1-10T13-49-6,1515588546976,0.79512197,-0.07317073,0.4368932,0.79512197
2018-1-10T13-49-6,1515588546977,0.8341463,-0.09268293,0.44660193,0.8341463
2018-1-10T13-49-6,1515588546978,0.84390247,-0.10243902,0.4563107,0.84390247
2018-1-10T13-49-6,1515588546979,0.85365856,-0.06341463,0.4854369,0.85365856
2018-1-10T13-49-6,1515588546980,0.8926829,-0.043902438,0.49514562,0.8926829
2018-1-10T13-49-6,1515588546981,0.902439,-0.043902438,0.5339806,0.902439
2018-1-10T13-49-6,1515588546982,0.9317073,-0.043902438,0.46601942,0.9317073
2018-1-10T13-49-6,1515588546983,0.91219515,-0.004878049,0.4368932,0.91219515
2018-1-10T13-49-6,1515588546984,0.91219515,-0.004878049,0.4563107,0.91219515
2018-1-10T13-49-6,1515588546985,0.8341463,-0.053658538,0.4563107,0.8341463
2018-1-10T13-49-6,1515588546986,0.69756097,-0.053658538,0.3883495,0.69756097
2018-1-10T13-49-6,1515588546987,0.76585364,-0.034146342,0.34951457,0.76585364
2018-1-10T13-49-6,1515588546988,0.74634147,-0.043902438,0.407767,0.74634147
2018-1-10T13-49-6,1515588546989,0.7853659,-0.024390243,0.46601942,0.7853659
2018-1-10T13-49-6,1515588546990,0.81463414,-0.034146342,0.4854369,0.81463414
2018-1-10T13-49-6,1515588546991,0.84390247,-0.014634146,0.4368932,0.84390247
2018-1-10T13-49-6,1515588546992,0.8829268,-0.004878049,0.407767,0.8829268
2018-1-10T13-49-6,1515588546993,0.92195123,0.014634146,0.42718446,0.92195123
2018-1-10T13-49-6,1515588546994,0.85365856,0.004878049,0.52427185,0.85365856
2018-1-10T13-49-6,1515588546995,0.8829268,0.13170731,0.5145631,0.8829268
2018-1-10T13-49-6,1515588546996,0.8829268,0.014634146,0.5339806,0.8829268
2018-1-10T13-49-6,1515588546997,0.91219515,-0.004878049,0.44660193,0.91219515
2018-1-10T13-49-6,1515588546998,0.8926829,0.053658538,0.37864077,0.8926829
2018-1-10T13-49-6,1515588546999,0.85365856,-0.09268293,0.42718446,0.85365856
2018-1-10T13-49-7,1515588547000,0.84390247,0.004878049,0.47572815,0.84390247
2018-1-10T13-49-7,1515588547001,0.8341463,0.06341463,0.4854369,0.8341463
2018-1-10T13-49-7,1515588547002,0.8341463,-0.014634146,0.44660193,0.8341463
2018-1-10T13-49-7,1515588547003,0.82439023,-0.034146342,0.42718446,0.82439023
2018-1-10T13-49-7,1515588547004,0.85365856,-0.043902438,0.42718446,0.85365856
2018-1-10T13-49-7,1515588547005,0.85365856,-0.034146342,0.46601942,0.85365856
2018-1-10T13-49-7,1515588547006,0.8341463,0.024390243,0.4368932,0.8341463
2018-1-10T13-49-7,1515588547007,0.82439023,-0.034146342,0.3883495,0.82439023
2018-1-10T13-49-7,1515588547008,0.81463414,-0.06341463,0.42718446,0.81463414
2018-1-10T13-49-7,1515588547009,0.79512197,-0.07317073,0.46601942,0.79512197
2018-1-10T13-49-7,1515588547010,0.80487806,-0.06341463,0.4368932,0.80487806
2018-1-10T13-49-7,1515588547011,0.8341463,-0.043902438,0.4368932,0.8341463
2018-1-10T13-49-7,1515588547012,0.85365856,-0.024390243,0.41747573,0.85365856
2018-1-10T13-49-7,1515588547013,0.91219515,-0.004878049,0.4563107,0.91219515
2018-1-10T13-49-7,1515588547014,0.8829268,0.004878049,0.46601942,0.8829268
2018-1-10T13-49-7,1515588547015,0.902439,0.014634146,0.44660193,0.902439
2018-1-10T13-49-7,1515588547016,0.87317073,0.004878049,0.44660193,0.87317073
2018-1-10T13-49-7,1515588547017,0.80487806,-0.024390243,0.41747573,0.80487806
2018-1-10T13-49-7,1515588547018,0.8341463,-0.024390243,0.4368932,0.8341463
2018-1-10T13-49-7,1515588547019,0.81463414,-0.034146342,0.44660193,0.81463414
2018-1-10T13-49-7,1515588547020,0.80487806,-0.053658538,0.4563107,0.80487806
2018-1-10T13-49-7,1515588547021,0.84390247,-0.053658538,0.44660193,0.84390247
2018-1-10T13-49-7,1515588547022,0.80487806,-0.034146342,0.42718446,0.80487806
2018-1-10T13-49-7,1515588547023,0.8926829,-0.014634146,0.4368932,0.8926829
2018-1-10T13-49-7,1515588547024,0.87317073,0.07317073,0.4563107,0.87317073
2018-1-10T13-49-7,1515588547025,0.86341465,0.004878049,0.47572815,0.86341465
2018-1-10T13-49-7,1515588547026,0.8926829,0.014634146,0.4854369,0.8926829
2018-1-10T13-49-7,1515588547027,0.8926829,0.014634146,0.47572815,0.8926829
2018-1-10T13-49-7,1515588547028,0.91219515,0.004878049,0.44660193,0.91219515
2018-1-10T13-49-7,1515588547029,0.87317073,0.004878049,0.42718446,0.87317073
2018-1-10T13-49-7,1515588547030,0.85365856,-0.004878049,0.44660193,0.85365856
2018-1-10T13-49-7,1515588547031,0.7853659,-0.024390243,0.4368932,0.7853659
2018-1-10T13-49-7,1515588547032,0.70731705,-0.034146342,0.42718446,0.70731705
2018-1-10T13-49-7,1515588547033,0.80487806,-0.024390243,0.4368932,0.80487806
2018-1-10T13-49-7,1515588547034,0.82439023,-0.043902438,0.4368932,0.82439023
2018-1-10T13-49-7,1515588547035,0.82439023,0.053658538,0.3883495,0.82439023
2018-1-10T13-49-7,1515588547036,0.82439023,-0.014634146,0.34951457,0.82439023
2018-1-10T13-49-7,1515588547037,0.81463414,-0.053658538,0.44660193,0.81463414
2018-1-10T13-49-7,1515588547038,0.81463414,-0.08292683,0.46601942,0.81463414
2018-1-10T13-49-7,1515588547039,0.80487806,-0.1609756,0.407767,0.80487806
2018-1-10T13-49-7,1515588547040,0.81463414,-0.07317073,0.41747573,0.81463414
2018-1-10T13-49-7,1515588547041,0.8341463,-0.07317073,0.44660193,0.8341463
2018-1-10T13-49-7,1515588547042,0.97073174,-0.043902438,0.5145631,0.97073174
2018-1-10T13-49-7,1515588547043,0.91219515,-0.034146342,0.4854369,0.91219515
2018-1-10T13-49-7,1515588547044,0.97073174,0.004878049,0.4368932,0.97073174
2018-1-10T13-49-7,1515588547045,0.92195123,0.07317073,0.41747573,0.92195123
2018-1-10T13-49-7,1515588547046,0.902439,0.024390243,0.5145631,0.902439
2018-1-10T13-49-7,1515588547047,0.8829268,0.043902438,0.46601942,0.8829268
2018-1-10T13-49-7,1515588547048,0.8341463,0.034146342,0.46601942,0.8341463
2018-1-10T13-49-7,1515588547049,0.82439023,-0.004878049,0.41747573,0.82439023
2018-1-10T13-49-7,1515588547050,0.74634147,-0.004878049,0.407767,0.74634147
2018-1-10T13-49-7,1515588547051,0.80487806,-0.004878049,0.5048544,0.80487806
2018-1-10T13-49-7,1515588547052,0.82439023,0.004878049,0.42718446,0.82439023
2018-1-10T13-49-7,1515588547053,0.8341463,-0.014634146,0.41747573,0.8341463
2018-1-10T13-49-7,1515588547054,0.84390247,-0.024390243,0.4368932,0.84390247
2018-1-10T13-49-7,1515588547055,0.85365856,-0.004878049,0.4368932,0.85365856
2018-1-10T13-49-7,1515588547056,0.84390247,-0.014634146,0.46601942,0.84390247
2018-1-10T13-49-7,1515588547057,0.8341463,-0.024390243,0.4368932,0.8341463
2018-1-10T13-49-7,1515588547058,0.85365856,-0.034146342,0.407767,0.85365856
2018-1-10T13-49-7,1515588547059,0.82439023,-0.034146342,0.41747573,0.82439023
2018-1-10T13-49-7,1515588547060,0.84390247,-0.014634146,0.4368932,0.84390247
2018-1-10T13-49-7,1515588547061,0.8341463,-0.024390243,0.407767,0.8341463
2018-1-10T13-49-7,1515588547062,0.82439023,-0.014634146,0.41747573,0.82439023
2018-1-10T13-49-7,1515588547063,0.8341463,-0.034146342,0.46601942,0.8341463
2018-1-10T13-49-7,1515588547064,0.8829268,-0.024390243,0.52427185,0.8829268
2018-1-10T13-49-7,1515588547065,0.902439,-0.024390243,0.5048544,0.902439
2018-1-10T13-49-7,1515588547066,0.92195123,-0.014634146,0.47572815,0.92195123
2018-1-10T13-49-7,1515588547067,0.91219515,-0.034146342,0.46601942,0.91219515
2018-1-10T13-49-7,1515588547068,0.902439,0.004878049,0.44660193,0.902439
2018-1-10T13-49-7,1515588547069,0.81463414,-0.014634146,0.4563107,0.81463414
2018-1-10T13-49-7,1515588547070,0.80487806,0.014634146,0.42718446,0.80487806
2018-1-10T13-49-7,1515588547071,0.7853659,-0.053658538,0.37864077,0.7853659
2018-1-10T13-49-7,1515588547072,0.70731705,-0.043902438,0.42718446,0.70731705
2018-1-10T13-49-7,1515588547073,0.7268293,-0.024390243,0.41747573,0.7268293
2018-1-10T13-49-7,1515588547074,0.81463414,-0.024390243,0.44660193,0.81463414
2018-1-10T13-49-7,1515588547075,0.82439023,-0.014634146,0.41747573,0.82439023
2018-1-10T13-49-7,1515588547076,0.86341465,0.004878049,0.41747573,0.86341465
2018-1-10T13-49-7,1515588547077,0.86341465,0.014634146,0.49514562,0.86341465
2018-1-10T13-49-7,1515588547078,0.8829268,-0.014634146,0.4854369,0.8829268
2018-1-10T13-49-7,1515588547079,0.84390247,-0.024390243,0.4368932,0.84390247
2018-1-10T13-49-7,1515588547080,0.8341463,0.024390243,0.42718446,0.8341463
2018-1-10T13-49-7,1515588547081,0.8341463,-0.034146342,0.44660193,0.8341463
2018-1-10T13-49-7,1515588547082,0.82439023,-0.053658538,0.49514562,0.82439023
2018-1-10T13-49-7,1515588547083,0.8926829,-0.043902438,0.47572815,0.8926829
2018-1-10T13-49-7,1515588547084,0.91219515,-0.043902438,0.4368932,0.91219515
2018-1-10T13-49-7,1515588547085,0.86341465,-0.043902438,0.407767,0.86341465
2018-1-10T13-49-7,1515588547086,0.87317073,-0.043902438,0.41747573,0.87317073
2018-1-10T13-49-7,1515588547087,0.8341463,-0.014634146,0.4368932,0.8341463
2018-1-10T13-49-7,1515588547088,0.8341463,-0.043902438,0.4854369,0.8341463
2018-1-10T13-49-7,1515588547089,0.87317073,-0.043902438,0.47572815,0.87317073
2018-1-10T13-49-7,1515588547090,0.87317073,-0.053658538,0.47572815,0.87317073
2018-1-10T13-49-7,1515588547091,0.87317073,-0.024390243,0.44660193,0.87317073
2018-1-10T13-49-7,1515588547092,0.85365856,0.014634146,0.4563107,0.85365856
2018-1-10T13-49-7,1515588547093,0.8341463,0.014634146,0.39805827,0.8341463
2018-1-10T13-49-7,1515588547094,0.81463414,0.014634146,0.3883495,0.81463414
2018-1-10T13-49-7,1515588547095,0.82439023,0.004878049,0.41747573,0.82439023
2018-1-10T13-49-7,1515588547096,0.80487806,-0.014634146,0.4368932,0.80487806
2018-1-10T13-49-7,1515588547097,0.81463414,-0.034146342,0.4368932,0.81463414
2018-1-10T13-49-7,1515588547098,0.81463414,0.014634146,0.39805827,0.81463414
2018-1-10T13-49-7,1515588547099,0.85365856,-0.004878049,0.4368932,0.85365856
2018-1-10T13-49-7,1515588547100,0.87317073,-0.014634146,0.4854369,0.87317073
2018-1-10T13-49-7,1515588547101,0.87317073,-0.014634146,0.4854369,0.87317073
2018-1-10T13-49-7,1515588547102,0.87317073,-0.004878049,0.46601942,0.87317073
2018-1-10T13-49-7,1515588547103,0.87317073,0.034146342,0.4368932,0.87317073
2018-1-10T13-49-7,1515588547104,0.85365856,-0.004878049,0.4368932,0.85365856
2018-1-10T13-49-7,1515588547105,0.86341465,-0.004878049,0.46601942,0.86341465
2018-1-10T13-49-7,1515588547106,0.84390247,-0.034146342,0.5533981,0.84390247
2018-1-10T13-49-7,1515588547107,0.87317073,-0.034146342,0.4563107,0.87317073
2018-1-10T13-49-7,1515588547108,0.8926829,-0.034146342,0.41747573,0.8926829
2018-1-10T13-49-7,1515588547109,0.85365856,-0.06341463,0.42718446,0.85365856
2018-1-10T13-49-7,1515588547110,0.84390247,-0.024390243,0.49514562,0.84390247
2018-1-10T13-49-7,1515588547111,0.81463414,-0.053658538,0.46601942,0.81463414
2018-1-10T13-49-7,1515588547112,0.8341463,-0.053658538,0.41747573,0.8341463
2018-1-10T13-49-7,1515588547113,0.81463414,-0.034146342,0.3883495,0.81463414
2018-1-10T13-49-7,1515588547114,0.79512197,-0.034146342,0.41747573,0.79512197
2018-1-10T13-49-7,1515588547115,0.82439023,-0.053658538,0.5048544,0.82439023
2018-1-10T13-49-7,1515588547116,0.82439023,-0.10243902,0.4854369,0.82439023
2018-1-10T13-49-7,1515588547117,0.902439,-0.004878049,0.42718446,0.902439
2018-1-10T13-49-7,1515588547118,0.87317073,-0.004878049,0.407767,0.87317073
2018-1-10T13-49-7,1515588547119,0.902439,0.004878049,0.44660193,0.902439
2018-1-10T13-49-7,1515588547120,0.8341463,-0.034146342,0.4563107,0.8341463
2018-1-10T13-49-7,1515588547121,0.8341463,-0.014634146,0.4368932,0.8341463
2018-1-10T13-49-7,1515588547122,0.82439023,-0.024390243,0.42718446,0.82439023
2018-1-10T13-49-7,1515588547123,0.8341463,-0.024390243,0.44660193,0.8341463
2018-1-10T13-49-7,1515588547124,0.85365856,-0.024390243,0.49514562,0.85365856
2018-1-10T13-49-7,1515588547125,0.85365856,-0.024390243,0.47572815,0.85365856
2018-1-10T13-49-7,1515588547126,0.87317073,-0.004878049,0.4368932,0.87317073
2018-1-10T13-49-7,1515588547127,0.8829268,-0.004878049,0.41747573,0.8829268
2018-1-10T13-49-7,1515588547128,0.85365856,0.004878049,0.4368932,0.85365856
2018-1-10T13-49-7,1515588547129,0.82439023,0.004878049,0.47572815,0.82439023
2018-1-10T13-49-7,1515588547130,0.81463414,-0.004878049,0.4563107,0.81463414
2018-1-10T13-49-7,1515588547131,0.84390247,0.004878049,0.42718446,0.84390247
2018-1-10T13-49-7,1515588547132,0.86341465,0.004878049,0.42718446,0.86341465
2018-1-10T13-49-7,1515588547133,0.86341465,-0.06341463,0.42718446,0.86341465
2018-1-10T13-49-7,1515588547134,0.86341465,-0.014634146,0.44660193,0.86341465
2018-1-10T13-49-7,1515588547135,0.8341463,-0.043902438,0.4563107,0.8341463
2018-1-10T13-49-7,1515588547136,0.82439023,-0.034146342,0.44660193,0.82439023
2018-1-10T13-49-7,1515588547137,0.84390247,-0.053658538,0.44660193,0.84390247
2018-1-10T13-49-7,1515588547138,0.81463414,-0.07317073,0.4368932,0.81463414
2018-1-10T13-49-7,1515588547139,0.81463414,-0.034146342,0.42718446,0.81463414
2018-1-10T13-49-7,1515588547140,0.82439023,-0.024390243,0.46601942,0.82439023
2018-1-10T13-49-7,1515588547141,0.85365856,-0.024390243,0.4854369,0.85365856
2018-1-10T13-49-7,1515588547142,0.86341465,-0.043902438,0.49514562,0.86341465
2018-1-10T13-49-7,1515588547143,0.8829268,-0.034146342,0.47572815,0.8829268
2018-1-10T13-49-7,1515588547144,0.87317073,-0.024390243,0.44660193,0.87317073
2018-1-10T13-49-7,1515588547145,0.87317073,-0.014634146,0.4854369,0.87317073
2018-1-10T13-49-7,1515588547146,0.86341465,-0.004878049,0.44660193,0.86341465
2018-1-10T13-49-7,1515588547147,0.8341463,0.014634146,0.47572815,0.8341463
2018-1-10T13-49-7,1515588547148,0.8341463,0.004878049,0.4563107,0.8341463
2018-1-10T13-49-7,1515588547149,0.85365856,-0.014634146,0.44660193,0.85365856
2018-1-10T13-49-7,1515588547150,0.82439023,-0.034146342,0.41747573,0.82439023
2018-1-10T13-49-7,1515588547151,0.84390247,-0.034146342,0.42718446,0.84390247
2018-1-10T13-49-7,1515588547152,0.8341463,-0.043902438,0.41747573,0.8341463
2018-1-10T13-49-7,1515588547153,0.82439023,-0.024390243,0.41747573,0.82439023
2018-1-10T13-49-7,1515588547154,0.80487806,-0.004878049,0.44660193,0.80487806
2018-1-10T13-49-7,1515588547155,0.8341463,-0.004878049,0.5145631,0.8341463
2018-1-10T13-49-7,1515588547156,0.84390247,0.004878049,0.47572815,0.84390247
2018-1-10T13-49-7,1515588547157,0.85365856,0.004878049,0.41747573,0.85365856
2018-1-10T13-49-7,1515588547158,0.86341465,-0.014634146,0.42718446,0.86341465
2018-1-10T13-49-7,1515588547159,0.86341465,0.014634146,0.4854369,0.86341465
2018-1-10T13-49-7,1515588547160,0.87317073,-0.043902438,0.4563107,0.87317073
2018-1-10T13-49-7,1515588547161,0.85365856,-0.053658538,0.4563107,0.85365856
2018-1-10T13-49-7,1515588547162,0.84390247,-0.034146342,0.42718446,0.84390247
2018-1-10T13-49-7,1515588547163,0.7853659,-0.034146342,0.4368932,0.7853659
2018-1-10T13-49-7,1515588547164,0.84390247,-0.053658538,0.4563107,0.84390247
2018-1-10T13-49-7,1515588547165,0.8341463,-0.13170731,0.4368932,0.8341463
2018-1-10T13-49-7,1515588547166,0.8341463,-0.08292683,0.4368932,0.8341463
2018-1-10T13-49-7,1515588547167,0.8341463,-0.08292683,0.4368932,0.8341463
2018-1-10T13-49-7,1515588547168,0.84390247,-0.06341463,0.4563107,0.84390247
2018-1-10T13-49-7,1515588547169,0.81463414,-0.053658538,0.49514562,0.81463414
2018-1-10T13-49-7,1515588547170,0.86341465,-0.053658538,0.4854369,0.86341465
2018-1-10T13-49-7,1515588547171,0.87317073,0.024390243,0.4563107,0.87317073
2018-1-10T13-49-7,1515588547172,0.8829268,0.043902438,0.44660193,0.8829268
2018-1-10T13-49-7,1515588547173,0.8926829,0.034146342,0.4563107,0.8926829
2018-1-10T13-49-7,1515588547174,0.8829268,0.053658538,0.47572815,0.8829268
2018-1-10T13-49-7,1515588547175,0.8829268,0.043902438,0.4563107,0.8829268
2018-1-10T13-49-7,1515588547176,0.8829268,0.043902438,0.44660193,0.8829268
2018-1-10T13-49-7,1515588547177,0.82439023,0.014634146,0.41747573,0.82439023
2018-1-10T13-49-7,1515588547178,0.81463414,0.004878049,0.37864077,0.81463414
2018-1-10T13-49-7,1515588547179,0.81463414,-0.034146342,0.46601942,0.81463414
2018-1-10T13-49-7,1515588547180,0.81463414,-0.053658538,0.42718446,0.81463414
2018-1-10T13-49-7,1515588547181,0.79512197,-0.06341463,0.3592233,0.79512197
2018-1-10T13-49-7,1515588547182,0.75609756,-0.07317073,0.36893204,0.75609756
2018-1-10T13-49-7,1515588547183,0.76585364,-0.053658538,0.44660193,0.76585364
2018-1-10T13-49-7,1515588547184,0.79512197,-0.07317073,0.49514562,0.79512197
2018-1-10T13-49-7,1515588547185,0.82439023,-0.053658538,0.47572815,0.82439023
2018-1-10T13-49-7,1515588547186,0.8829268,-0.034146342,0.44660193,0.8829268
2018-1-10T13-49-7,1515588547187,0.9317073,0.014634146,0.4563107,0.9317073
2018-1-10T13-49-7,1515588547188,0.92195123,0.024390243,0.49514562,0.92195123
2018-1-10T13-49-7,1515588547189,0.9414634,0.024390243,0.4854369,0.9414634
2018-1-10T13-49-7,1515588547190,0.8829268,0.014634146,0.4368932,0.8829268
2018-1-10T13-49-7,1515588547191,0.8341463,-0.053658538,0.4368932,0.8341463
2018-1-10T13-49-7,1515588547192,0.85365856,-0.053658538,0.46601942,0.85365856
2018-1-10T13-49-7,1515588547193,0.79512197,-0.07317073,0.4563107,0.79512197
2018-1-10T13-49-7,1515588547194,0.77560973,-0.10243902,0.41747573,0.77560973
2018-1-10T13-49-7,1515588547195,0.77560973,-0.14146341,0.36893204,0.77560973
2018-1-10T13-49-7,1515588547196,0.7853659,-0.10243902,0.39805827,0.7853659
2018-1-10T13-49-7,1515588547197,0.77560973,-0.07317073,0.4854369,0.77560973
2018-1-10T13-49-7,1515588547198,0.81463414,-0.053658538,0.5436893,0.81463414
2018-1-10T13-49-7,1515588547199,0.85365856,-0.024390243,0.4563107,0.85365856
2018-1-10T13-49-7,1515588547200,0.87317073,0.024390243,0.4563107,0.87317073
2018-1-10T13-49-7,1515588547201,0.92195123,0.08292683,0.4368932,0.92195123
2018-1-10T13-49-7,1515588547202,0.902439,0.12195122,0.47572815,0.902439
2018-1-10T13-49-7,1515588547203,0.91219515,0.12195122,0.44660193,0.91219515
2018-1-10T13-49-7,1515588547204,0.902439,0.06341463,0.47572815,0.902439
2018-1-10T13-49-7,1515588547205,0.8829268,0.043902438,0.4368932,0.8829268
2018-1-10T13-49-7,1515588547206,0.85365856,0.043902438,0.41747573,0.85365856
2018-1-10T13-49-7,1515588547207,0.84390247,0.014634146,0.47572815,0.84390247
2018-1-10T13-49-7,1515588547208,0.82439023,-0.024390243,0.4563107,0.82439023
2018-1-10T13-49-7,1515588547209,0.8341463,0.043902438,0.42718446,0.8341463
2018-1-10T13-49-7,1515588547210,0.81463414,0.004878049,0.39805827,0.81463414
2018-1-10T13-49-7,1515588547211,0.82439023,-0.1902439,0.47572815,0.82439023
2018-1-10T13-49-7,1515588547212,0.81463414,-0.07317073,0.44660193,0.81463414
2018-1-10T13-49-7,1515588547213,0.8926829,-0.08292683,0.4563107,0.8926829
2018-1-10T13-49-7,1515588547214,0.82439023,-0.07317073,0.4368932,0.82439023
2018-1-10T13-49-7,1515588547215,0.82439023,-0.053658538,0.4563107,0.82439023
2018-1-10T13-49-7,1515588547216,0.7853659,-0.08292683,0.36893204,0.7853659
2018-1-10T13-49-7,1515588547217,0.7853659,-0.043902438,0.407767,0.7853659
2018-1-10T13-49-7,1515588547218,0.79512197,-0.07317073,0.44660193,0.79512197
2018-1-10T13-49-7,1515588547219,0.82439023,-0.07317073,0.44660193,0.82439023
2018-1-10T13-49-7,1515588547220,0.85365856,-0.06341463,0.5048544,0.85365856
2018-1-10T13-49-7,1515588547221,0.902439,-0.034146342,0.47572815,0.902439
2018-1-10T13-49-7,1515588547222,0.91219515,-0.08292683,0.5339806,0.91219515
2018-1-10T13-49-7,1515588547223,0.9414634,-0.014634146,0.49514562,0.9414634
2018-1-10T13-49-7,1515588547224,0.9317073,-0.014634146,0.46601942,0.9317073
2018-1-10T13-49-7,1515588547225,0.8926829,-0.024390243,0.4854369,0.8926829
2018-1-10T13-49-7,1515588547226,0.84390247,-0.034146342,0.49514562,0.84390247
2018-1-10T13-49-7,1515588547227,0.8341463,-0.053658538,0.4368932,0.8341463
2018-1-10T13-49-7,1515588547228,0.74634147,-0.053658538,0.37864077,0.74634147
2018-1-10T13-49-7,1515588547229,0.75609756,-0.043902438,0.36893204,0.75609756
2018-1-10T13-49-7,1515588547230,0.7853659,-0.043902438,0.407767,0.7853659
2018-1-10T13-49-7,1515588547231,0.76585364,-0.014634146,0.41747573,0.76585364
2018-1-10T13-49-7,1515588547232,0.81463414,0.034146342,0.4368932,0.81463414
2018-1-10T13-49-7,1515588547233,0.87317073,0.07317073,0.46601942,0.87317073
2018-1-10T13-49-7,1515588547234,0.902439,0.043902438,0.49514562,0.902439
2018-1-10T13-49-7,1515588547235,0.92195123,0.06341463,0.44660193,0.92195123
2018-1-10T13-49-7,1515588547236,0.9609756,0.09268293,0.44660193,0.9609756
2018-1-10T13-49-7,1515588547237,0.92195123,0.08292683,0.5048544,0.92195123
2018-1-10T13-49-7,1515588547238,0.87317073,0.034146342,0.4854369,0.87317073
2018-1-10T13-49-7,1515588547239,0.87317073,0.004878049,0.407767,0.87317073
2018-1-10T13-49-7,1515588547240,0.80487806,-0.014634146,0.37864077,0.80487806
2018-1-10T13-49-7,1515588547241,0.86341465,-0.043902438,0.4368932,0.86341465
2018-1-10T13-49-7,1515588547242,0.79512197,-0.06341463,0.4563107,0.79512197
2018-1-10T13-49-7,1515588547243,0.7853659,-0.10243902,0.39805827,0.7853659
2018-1-10T13-49-7,1515588547244,0.77560973,-0.10243902,0.37864077,0.77560973
2018-1-10T13-49-7,1515588547245,0.80487806,-0.07317073,0.42718446,0.80487806
2018-1-10T13-49-7,1515588547246,0.82439023,-0.09268293,0.4854369,0.82439023
2018-1-10T13-49-7,1515588547247,0.82439023,-0.13170731,0.4563107,0.82439023
2018-1-10T13-49-7,1515588547248,0.84390247,-0.043902438,0.46601942,0.84390247
2018-1-10T13-49-7,1515588547249,0.91219515,-0.06341463,0.5339806,0.91219515
2018-1-10T13-49-7,1515588547250,0.9512195,-0.053658538,0.5339806,0.9512195
2018-1-10T13-49-7,1515588547251,0.9414634,-0.014634146,0.4563107,0.9414634
2018-1-10T13-49-7,1515588547252,0.92195123,-0.014634146,0.39805827,0.92195123
2018-1-10T13-49-7,1515588547253,0.8829268,-0.004878049,0.41747573,0.8829268
2018-1-10T13-49-7,1515588547254,0.8341463,0.024390243,0.47572815,0.8341463
2018-1-10T13-49-7,1515588547255,0.81463414,-0.004878049,0.4563107,0.81463414
2018-1-10T13-49-7,1515588547256,0.81463414,-0.014634146,0.41747573,0.81463414
2018-1-10T13-49-7,1515588547257,0.81463414,0.034146342,0.41747573,0.81463414
2018-1-10T13-49-7,1515588547258,0.82439023,0.06341463,0.42718446,0.82439023
2018-1-10T13-49-7,1515588547259,0.8341463,0.004878049,0.47572815,0.8341463
2018-1-10T13-49-7,1515588547260,0.85365856,0.014634146,0.46601942,0.85365856
2018-1-10T13-49-7,1515588547261,0.84390247,-0.004878049,0.46601942,0.84390247
2018-1-10T13-49-7,1515588547262,0.85365856,-0.014634146,0.44660193,0.85365856
2018-1-10T13-49-7,1515588547263,0.86341465,0.014634146,0.44660193,0.86341465
2018-1-10T13-49-7,1515588547264,0.84390247,0.004878049,0.42718446,0.84390247
2018-1-10T13-49-7,1515588547265,0.8341463,-0.004878049,0.407767,0.8341463
2018-1-10T13-49-7,1515588547266,0.82439023,0.004878049,0.41747573,0.82439023
2018-1-10T13-49-7,1515588547267,0.82439023,-0.034146342,0.407767,0.82439023
2018-1-10T13-49-7,1515588547268,0.80487806,-0.053658538,0.39805827,0.80487806
2018-1-10T13-49-7,1515588547269,0.80487806,-0.043902438,0.407767,0.80487806
2018-1-10T13-49-7,1515588547270,0.82439023,-0.034146342,0.407767,0.82439023
2018-1-10T13-49-7,1515588547271,0.81463414,-0.043902438,0.46601942,0.81463414
2018-1-10T13-49-7,1515588547272,0.84390247,-0.043902438,0.46601942,0.84390247
2018-1-10T13-49-7,1515588547273,0.82439023,-0.053658538,0.47572815,0.82439023
2018-1-10T13-49-7,1515588547274,0.8829268,-0.053658538,0.4368932,0.8829268
2018-1-10T13-49-7,1515588547275,0.87317073,-0.053658538,0.4854369,0.87317073
2018-1-10T13-49-7,1515588547276,0.86341465,-0.07317073,0.5048544,0.86341465
2018-1-10T13-49-7,1515588547277,0.87317073,-0.06341463,0.49514562,0.87317073
2018-1-10T13-49-7,1515588547278,0.8829268,-0.043902438,0.44660193,0.8829268
2018-1-10T13-49-7,1515588547279,0.85365856,-0.014634146,0.41747573,0.85365856
2018-1-10T13-49-7,1515588547280,0.8926829,-0.014634146,0.4368932,0.8926829
2018-1-10T13-49-7,1515588547281,0.85365856,0.014634146,0.44660193,0.85365856
2018-1-10T13-49-7,1515588547282,0.81463414,-0.004878049,0.407767,0.81463414
2018-1-10T13-49-7,1515588547283,0.8341463,-0.004878049,0.4854369,0.8341463
2018-1-10T13-49-7,1515588547284,0.8341463,0.014634146,0.4563107,0.8341463
2018-1-10T13-49-7,1515588547285,0.82439023,-0.014634146,0.4368932,0.82439023
2018-1-10T13-49-7,1515588547286,0.80487806,-0.024390243,0.41747573,0.80487806
2018-1-10T13-49-7,1515588547287,0.80487806,0.004878049,0.39805827,0.80487806
2018-1-10T13-49-7,1515588547288,0.82439023,0.004878049,0.41747573,0.82439023
2018-1-10T13-49-7,1515588547289,0.86341465,-0.004878049,0.4368932,0.86341465
2018-1-10T13-49-7,1515588547290,0.82439023,0.014634146,0.407767,0.82439023
2018-1-10T13-49-7,1515588547291,0.85365856,0.014634146,0.41747573,0.85365856
2018-1-10T13-49-7,1515588547292,0.9512195,-0.004878049,0.4854369,0.9512195
2018-1-10T13-49-7,1515588547293,0.8829268,-0.024390243,0.49514562,0.8829268
2018-1-10T13-49-7,1515588547294,0.87317073,-0.014634146,0.4368932,0.87317073
2018-1-10T13-49-7,1515588547295,0.84390247,-0.034146342,0.407767,0.84390247
2018-1-10T13-49-7,1515588547296,0.85365856,-0.004878049,0.41747573,0.85365856
2018-1-10T13-49-7,1515588547297,0.8341463,-0.014634146,0.4563107,0.8341463
2018-1-10T13-49-7,1515588547298,0.82439023,-0.043902438,0.4563107,0.82439023
2018-1-10T13-49-7,1515588547299,0.7853659,-0.08292683,0.44660193,0.7853659
2018-1-10T13-49-7,1515588547300,0.79512197,-0.10243902,0.4368932,0.79512197
2018-1-10T13-49-7,1515588547301,0.8341463,-0.12195122,0.46601942,0.8341463
2018-1-10T13-49-7,1515588547302,0.87317073,-0.08292683,0.52427185,0.87317073
2018-1-10T13-49-7,1515588547303,0.8829268,-0.09268293,0.47572815,0.8829268
2018-1-10T13-49-7,1515588547304,0.8926829,-0.034146342,0.407767,0.8926829
2018-1-10T13-49-7,1515588547305,0.87317073,0.004878049,0.42718446,0.87317073
2018-1-10T13-49-7,1515588547306,0.86341465,-0.014634146,0.4563107,0.86341465
2018-1-10T13-49-7,1515588547307,0.92195123,-0.004878049,0.46601942,0.92195123
2018-1-10T13-49-7,1515588547308,0.81463414,-0.004878049,0.4368932,0.81463414
2018-1-10T13-49-7,1515588547309,0.8341463,-0.004878049,0.4563107,0.8341463
2018-1-10T13-49-7,1515588547310,0.85365856,-0.004878049,0.44660193,0.85365856
2018-1-10T13-49-7,1515588547311,0.84390247,0.024390243,0.39805827,0.84390247
2018-1-10T13-49-7,1515588547312,0.82439023,0.034146342,0.42718446,0.82439023
2018-1-10T13-49-7,1515588547313,0.82439023,-0.053658538,0.47572815,0.82439023
2018-1-10T13-49-7,1515588547314,0.81463414,0.024390243,0.37864077,0.81463414
2018-1-10T13-49-7,1515588547315,0.82439023,0.043902438,0.36893204,0.82439023
2018-1-10T13-49-7,1515588547316,0.82439023,0.024390243,0.44660193,0.82439023
2018-1-10T13-49-7,1515588547317,0.84390247,-0.014634146,0.5436893,0.84390247
2018-1-10T13-49-7,1515588547318,0.8829268,-0.004878049,0.4854369,0.8829268
2018-1-10T13-49-7,1515588547319,0.91219515,0.014634146,0.407767,0.91219515
2018-1-10T13-49-7,1515588547320,0.8926829,-0.024390243,0.42718446,0.8926829
2018-1-10T13-49-7,1515588547321,0.86341465,0.024390243,0.42718446,0.86341465
2018-1-10T13-49-7,1515588547322,0.82439023,-0.014634146,0.4563107,0.82439023
2018-1-10T13-49-7,1515588547323,0.8341463,-0.004878049,0.4854369,0.8341463
2018-1-10T13-49-7,1515588547324,0.84390247,-0.053658538,0.4563107,0.84390247
2018-1-10T13-49-7,1515588547325,0.85365856,-0.06341463,0.41747573,0.85365856
2018-1-10T13-49-7,1515588547326,0.81463414,-0.06341463,0.3883495,0.81463414
2018-1-10T13-49-7,1515588547327,0.7853659,-0.08292683,0.4368932,0.7853659
2018-1-10T13-49-7,1515588547328,0.7853659,-0.10243902,0.5048544,0.7853659
2018-1-10T13-49-7,1515588547329,0.7853659,-0.10243902,0.4368932,0.7853659
2018-1-10T13-49-7,1515588547330,0.79512197,-0.09268293,0.3883495,0.79512197
2018-1-10T13-49-7,1515588547331,0.82439023,-0.07317073,0.4563107,0.82439023
2018-1-10T13-49-7,1515588547332,0.86341465,-0.06341463,0.4854369,0.86341465
2018-1-10T13-49-7,1515588547333,0.86341465,-0.043902438,0.46601942,0.86341465
2018-1-10T13-49-7,1515588547334,0.9317073,0.024390243,0.42718446,0.9317073
2018-1-10T13-49-7,1515588547335,0.91219515,0.053658538,0.47572815,0.91219515
2018-1-10T13-49-7,1515588547336,0.92195123,0.034146342,0.5048544,0.92195123
2018-1-10T13-49-7,1515588547337,0.86341465,0.024390243,0.42718446,0.86341465
2018-1-10T13-49-7,1515588547338,0.82439023,0.034146342,0.37864077,0.82439023
2018-1-10T13-49-7,1515588547339,0.77560973,0.014634146,0.41747573,0.77560973
2018-1-10T13-49-7,1515588547340,0.7853659,-0.024390243,0.4563107,0.7853659
2018-1-10T13-49-7,1515588547341,0.79512197,-0.034146342,0.44660193,0.79512197
2018-1-10T13-49-7,1515588547342,0.80487806,-0.014634146,0.39805827,0.80487806
2018-1-10T13-49-7,1515588547343,0.8341463,-0.004878049,0.39805827,0.8341463
2018-1-10T13-49-7,1515588547344,0.82439023,-0.004878049,0.42718446,0.82439023
2018-1-10T13-49-7,1515588547345,0.82439023,-0.06341463,0.46601942,0.82439023
2018-1-10T13-49-7,1515588547346,0.8341463,-0.034146342,0.4854369,0.8341463
2018-1-10T13-49-7,1515588547347,0.87317073,-0.014634146,0.46601942,0.87317073
2018-1-10T13-49-7,1515588547348,0.91219515,0.014634146,0.47572815,0.91219515
2018-1-10T13-49-7,1515588547349,0.9317073,0.014634146,0.4854369,0.9317073
2018-1-10T13-49-7,1515588547350,0.92195123,0.004878049,0.46601942,0.92195123
2018-1-10T13-49-7,1515588547351,0.91219515,0.043902438,0.42718446,0.91219515
2018-1-10T13-49-7,1515588547352,0.8926829,0.014634146,0.49514562,0.8926829
2018-1-10T13-49-7,1515588547353,0.85365856,-0.014634146,0.46601942,0.85365856
2018-1-10T13-49-7,1515588547354,0.80487806,-0.034146342,0.4563107,0.80487806
2018-1-10T13-49-7,1515588547355,0.84390247,-0.043902438,0.4563107,0.84390247
2018-1-10T13-49-7,1515588547356,0.8926829,-0.053658538,0.4368932,0.8926829
2018-1-10T13-49-7,1515588547357,0.80487806,-0.07317073,0.39805827,0.80487806
2018-1-10T13-49-7,1515588547358,0.77560973,-0.10243902,0.34951457,0.77560973
2018-1-10T13-49-7,1515588547359,0.7853659,-0.11219512,0.3883495,0.7853659
2018-1-10T13-49-7,1515588547360,0.7365854,-0.11219512,0.4368932,0.7365854
2018-1-10T13-49-7,1515588547361,0.69756097,-0.15121952,0.4368932,0.69756097
2018-1-10T13-49-7,1515588547362,0.76585364,-0.10243902,0.3883495,0.76585364
2018-1-10T13-49-7,1515588547363,0.8341463,-0.053658538,0.44660193,0.8341463
2018-1-10T13-49-7,1515588547364,0.91219515,-0.014634146,0.47572815,0.91219515
2018-1-10T13-49-7,1515588547365,0.97073174,0.043902438,0.49514562,0.97073174
2018-1-10T13-49-7,1515588547366,0.9609756,0.13170731,0.44660193,0.9609756
2018-1-10T13-49-7,1515588547367,0.9512195,0.06341463,0.46601942,0.9512195
2018-1-10T13-49-7,1515588547368,0.9414634,0.07317073,0.5145631,0.9414634
2018-1-10T13-49-7,1515588547369,0.86341465,0.034146342,0.4854369,0.86341465
2018-1-10T13-49-7,1515588547370,0.85365856,0.004878049,0.407767,0.85365856
2018-1-10T13-49-7,1515588547371,0.79512197,-0.024390243,0.407767,0.79512197
2018-1-10T13-49-7,1515588547372,0.7853659,-0.12195122,0.4368932,0.7853659
2018-1-10T13-49-7,1515588547373,0.76585364,-0.07317073,0.407767,0.76585364
2018-1-10T13-49-7,1515588547374,0.76585364,-0.06341463,0.42718446,0.76585364
2018-1-10T13-49-7,1515588547375,0.77560973,-0.053658538,0.4368932,0.77560973
2018-1-10T13-49-7,1515588547376,0.81463414,-0.043902438,0.4563107,0.81463414
2018-1-10T13-49-7,1515588547377,0.85365856,0.004878049,0.4563107,0.85365856
2018-1-10T13-49-7,1515588547378,0.902439,0.034146342,0.44660193,0.902439
2018-1-10T13-49-7,1515588547379,0.91219515,0.053658538,0.4563107,0.91219515
2018-1-10T13-49-7,1515588547380,0.9317073,0.053658538,0.5145631,0.9317073
2018-1-10T13-49-7,1515588547381,0.91219515,0.014634146,0.5145631,0.91219515
2018-1-10T13-49-7,1515588547382,0.8926829,-0.014634146,0.42718446,0.8926829
2018-1-10T13-49-7,1515588547383,0.8341463,-0.043902438,0.39805827,0.8341463
2018-1-10T13-49-7,1515588547384,0.79512197,-0.053658538,0.3883495,0.79512197
2018-1-10T13-49-7,1515588547385,0.75609756,-0.053658538,0.4368932,0.75609756
2018-1-10T13-49-7,1515588547386,0.77560973,-0.06341463,0.47572815,0.77560973
2018-1-10T13-49-7,1515588547387,0.86341465,-0.09268293,0.46601942,0.86341465
2018-1-10T13-49-7,1515588547388,0.8341463,-0.06341463,0.41747573,0.8341463
2018-1-10T13-49-7,1515588547389,0.87317073,-0.034146342,0.42718446,0.87317073
2018-1-10T13-49-7,1515588547390,0.87317073,-0.024390243,0.49514562,0.87317073
2018-1-10T13-49-7,1515588547391,0.87317073,-0.024390243,0.4854369,0.87317073
2018-1-10T13-49-7,1515588547392,0.9317073,-0.11219512,0.46601942,0.9317073
2018-1-10T13-49-7,1515588547393,0.85365856,-0.024390243,0.39805827,0.85365856
2018-1-10T13-49-7,1515588547394,0.84390247,-0.004878049,0.41747573,0.84390247
2018-1-10T13-49-7,1515588547395,0.82439023,-0.024390243,0.5145631,0.82439023
2018-1-10T13-49-7,1515588547396,0.7853659,-0.034146342,0.42718446,0.7853659
2018-1-10T13-49-7,1515588547397,0.80487806,-0.034146342,0.37864077,0.80487806
2018-1-10T13-49-7,1515588547398,0.82439023,-0.024390243,0.39805827,0.82439023
2018-1-10T13-49-7,1515588547399,0.80487806,-0.043902438,0.39805827,0.80487806
2018-1-10T13-49-7,1515588547400,0.7853659,-0.014634146,0.407767,0.7853659
2018-1-10T13-49-7,1515588547401,0.84390247,0.014634146,0.5145631,0.84390247
2018-1-10T13-49-7,1515588547402,0.902439,-0.014634146,0.5339806,0.902439
2018-1-10T13-49-7,1515588547403,0.92195123,0.06341463,0.4563107,0.92195123
2018-1-10T13-49-7,1515588547404,0.92195123,0.024390243,0.37864077,0.92195123
2018-1-10T13-49-7,1515588547405,0.9512195,0.034146342,0.4854369,0.9512195
2018-1-10T13-49-7,1515588547406,0.92195123,0.004878049,0.52427185,0.92195123
2018-1-10T13-49-7,1515588547407,0.902439,0.034146342,0.44660193,0.902439
2018-1-10T13-49-7,1515588547408,0.8926829,0.014634146,0.4563107,0.8926829
2018-1-10T13-49-7,1515588547409,0.84390247,-0.024390243,0.44660193,0.84390247
2018-1-10T13-49-7,1515588547410,0.82439023,-0.014634146,0.4368932,0.82439023
2018-1-10T13-49-7,1515588547411,0.8926829,0.034146342,0.42718446,0.8926829
2018-1-10T13-49-7,1515588547412,0.81463414,-0.08292683,0.41747573,0.81463414
2018-1-10T13-49-7,1515588547413,0.79512197,-0.13170731,0.4368932,0.79512197
2018-1-10T13-49-7,1515588547414,0.80487806,-0.053658538,0.42718446,0.80487806
2018-1-10T13-49-7,1515588547415,0.7853659,-0.06341463,0.42718446,0.7853659
2018-1-10T13-49-7,1515588547416,0.7853659,-0.053658538,0.407767,0.7853659
2018-1-10T13-49-7,1515588547417,0.81463414,-0.034146342,0.4368932,0.81463414
2018-1-10T13-49-7,1515588547418,0.84390247,-0.043902438,0.4563107,0.84390247
2018-1-10T13-49-7,1515588547419,0.85365856,-0.043902438,0.42718446,0.85365856
2018-1-10T13-49-7,1515588547420,0.86341465,0.014634146,0.44660193,0.86341465
2018-1-10T13-49-7,1515588547421,0.902439,-0.014634146,0.46601942,0.902439
2018-1-10T13-49-7,1515588547422,0.87317073,0.004878049,0.46601942,0.87317073
2018-1-10T13-49-7,1515588547423,0.8926829,0.004878049,0.42718446,0.8926829
2018-1-10T13-49-7,1515588547424,0.8926829,-0.014634146,0.4854369,0.8926829
2018-1-10T13-49-7,1515588547425,0.8829268,-0.034146342,0.4563107,0.8829268
2018-1-10T13-49-7,1515588547426,0.87317073,0.014634146,0.44660193,0.87317073
2018-1-10T13-49-7,1515588547427,0.8341463,-0.024390243,0.39805827,0.8341463
2018-1-10T13-49-7,1515588547428,0.81463414,-0.034146342,0.41747573,0.81463414
2018-1-10T13-49-7,1515588547429,0.80487806,-0.024390243,0.41747573,0.80487806
2018-1-10T13-49-7,1515588547430,0.81463414,-0.034146342,0.4563107,0.81463414
2018-1-10T13-49-7,1515588547431,0.8341463,-0.043902438,0.44660193,0.8341463
2018-1-10T13-49-7,1515588547432,0.86341465,-0.043902438,0.407767,0.86341465
2018-1-10T13-49-7,1515588547433,0.85365856,-0.024390243,0.41747573,0.85365856
2018-1-10T13-49-7,1515588547434,0.8341463,-0.014634146,0.49514562,0.8341463
2018-1-10T13-49-7,1515588547435,0.84390247,0.07317073,0.44660193,0.84390247
2018-1-10T13-49-7,1515588547436,0.84390247,-0.004878049,0.4563107,0.84390247
2018-1-10T13-49-7,1515588547437,0.80487806,-0.014634146,0.42718446,0.80487806
2018-1-10T13-49-7,1515588547438,0.81463414,-0.014634146,0.44660193,0.81463414
2018-1-10T13-49-7,1515588547439,0.84390247,0.024390243,0.4563107,0.84390247
2018-1-10T13-49-7,1515588547440,0.87317073,-0.024390243,0.4563107,0.87317073
2018-1-10T13-49-7,1515588547441,0.85365856,-0.024390243,0.46601942,0.85365856
2018-1-10T13-49-7,1515588547442,0.87317073,-0.014634146,0.44660193,0.87317073
2018-1-10T13-49-7,1515588547443,0.8829268,-0.024390243,0.47572815,0.8829268
2018-1-10T13-49-7,1515588547444,0.87317073,-0.024390243,0.4854369,0.87317073
2018-1-10T13-49-7,1515588547445,0.87317073,-0.034146342,0.46601942,0.87317073
2018-1-10T13-49-7,1515588547446,0.8341463,-0.06341463,0.4563107,0.8341463
2018-1-10T13-49-7,1515588547447,0.85365856,-0.053658538,0.4563107,0.85365856
2018-1-10T13-49-7,1515588547448,0.84390247,-0.07317073,0.47572815,0.84390247
2018-1-10T13-49-7,1515588547449,0.84390247,-0.07317073,0.407767,0.84390247
2018-1-10T13-49-7,1515588547450,0.79512197,-0.08292683,0.407767,0.79512197
2018-1-10T13-49-7,1515588547451,0.8926829,-0.043902438,0.4563107,0.8926829
2018-1-10T13-49-7,1515588547452,0.81463414,-0.06341463,0.49514562,0.81463414
2018-1-10T13-49-7,1515588547453,0.84390247,-0.034146342,0.46601942,0.84390247
2018-1-10T13-49-7,1515588547454,0.85365856,0.014634146,0.3883495,0.85365856
2018-1-10T13-49-7,1515588547455,0.84390247,0.024390243,0.3883495,0.84390247
2018-1-10T13-49-7,1515588547456,0.85365856,0.034146342,0.4563107,0.85365856
2018-1-10T13-49-7,1515588547457,0.85365856,0.004878049,0.5145631,0.85365856
2018-1-10T13-49-7,1515588547458,0.79512197,-0.004878049,0.41747573,0.79512197
2018-1-10T13-49-7,1515588547459,0.84390247,0.014634146,0.34951457,0.84390247
2018-1-10T13-49-7,1515588547460,0.8341463,0.014634146,0.4854369,0.8341463
2018-1-10T13-49-7,1515588547461,0.85365856,-0.024390243,0.5825243,0.85365856
2018-1-10T13-49-7,1515588547462,0.85365856,-0.053658538,0.47572815,0.85365856
2018-1-10T13-49-7,1515588547463,0.86341465,-0.024390243,0.37864077,0.86341465
2018-1-10T13-49-7,1515588547464,0.8829268,-0.014634146,0.407767,0.8829268
2018-1-10T13-49-7,1515588547465,0.81463414,-0.07317073,0.49514562,0.81463414
2018-1-10T13-49-7,1515588547466,0.7853659,-0.043902438,0.46601942,0.7853659
2018-1-10T13-49-7,1515588547467,0.82439023,-0.034146342,0.46601942,0.82439023
2018-1-10T13-49-7,1515588547468,0.87317073,-0.06341463,0.4854369,0.87317073
2018-1-10T13-49-7,1515588547469,0.8829268,-0.053658538,0.4854369,0.8829268
2018-1-10T13-49-7,1515588547470,0.8829268,-0.014634146,0.4368932,0.8829268
2018-1-10T13-49-7,1515588547471,0.8926829,-0.043902438,0.4563107,0.8926829
2018-1-10T13-49-7,1515588547472,0.8829268,0.014634146,0.4563107,0.8829268
2018-1-10T13-49-7,1515588547473,0.85365856,0.024390243,0.44660193,0.85365856
2018-1-10T13-49-7,1515588547474,0.84390247,-0.014634146,0.49514562,0.84390247
2018-1-10T13-49-7,1515588547475,0.82439023,-0.014634146,0.4368932,0.82439023
2018-1-10T13-49-7,1515588547476,0.80487806,-0.024390243,0.407767,0.80487806
2018-1-10T13-49-7,1515588547477,0.80487806,-0.034146342,0.39805827,0.80487806
2018-1-10T13-49-7,1515588547478,0.7853659,-0.043902438,0.42718446,0.7853659
2018-1-10T13-49-7,1515588547479,0.80487806,-0.053658538,0.4563107,0.80487806
2018-1-10T13-49-7,1515588547480,0.79512197,-0.014634146,0.4368932,0.79512197
2018-1-10T13-49-7,1515588547481,0.82439023,-0.043902438,0.4563107,0.82439023
2018-1-10T13-49-7,1515588547482,0.86341465,-0.014634146,0.44660193,0.86341465
2018-1-10T13-49-7,1515588547483,0.8341463,-0.034146342,0.4563107,0.8341463
2018-1-10T13-49-7,1515588547484,0.8341463,-0.043902438,0.4368932,0.8341463
2018-1-10T13-49-7,1515588547485,0.80487806,-0.014634146,0.42718446,0.80487806
2018-1-10T13-49-7,1515588547486,0.8829268,-0.004878049,0.47572815,0.8829268
2018-1-10T13-49-7,1515588547487,0.8829268,-0.043902438,0.47572815,0.8829268
2018-1-10T13-49-7,1515588547488,0.84390247,-0.014634146,0.4368932,0.84390247
2018-1-10T13-49-7,1515588547489,0.85365856,-0.014634146,0.37864077,0.85365856
2018-1-10T13-49-7,1515588547490,0.8829268,0.004878049,0.4854369,0.8829268
2018-1-10T13-49-7,1515588547491,0.86341465,-0.024390243,0.46601942,0.86341465
2018-1-10T13-49-7,1515588547492,0.85365856,-0.004878049,0.4368932,0.85365856
2018-1-10T13-49-7,1515588547493,0.85365856,-0.024390243,0.47572815,0.85365856
2018-1-10T13-49-7,1515588547494,0.87317073,-0.034146342,0.47572815,0.87317073
2018-1-10T13-49-7,1515588547495,0.84390247,-0.034146342,0.4368932,0.84390247
2018-1-10T13-49-7,1515588547496,0.82439023,-0.024390243,0.37864077,0.82439023
2018-1-10T13-49-7,1515588547497,0.81463414,-0.053658538,0.42718446,0.81463414
2018-1-10T13-49-7,1515588547498,0.8341463,-0.034146342,0.49514562,0.8341463
2018-1-10T13-49-7,1515588547499,0.84390247,-0.034146342,0.47572815,0.84390247
2018-1-10T13-49-7,1515588547500,0.86341465,-0.08292683,0.39805827,0.86341465
2018-1-10T13-49-7,1515588547501,0.85365856,-0.004878049,0.44660193,0.85365856
2018-1-10T13-49-7,1515588547502,0.86341465,0.004878049,0.46601942,0.86341465
2018-1-10T13-49-7,1515588547503,0.8829268,-0.004878049,0.47572815,0.8829268
2018-1-10T13-49-7,1515588547504,0.81463414,0.004878049,0.44660193,0.81463414
2018-1-10T13-49-7,1515588547505,0.81463414,-0.004878049,0.42718446,0.81463414
2018-1-10T13-49-7,1515588547506,0.80487806,-0.014634146,0.4368932,0.80487806
2018-1-10T13-49-7,1515588547507,0.85365856,-0.014634146,0.4854369,0.85365856
2018-1-10T13-49-7,1515588547508,0.82439023,-0.024390243,0.42718446,0.82439023
2018-1-10T13-49-7,1515588547509,0.81463414,-0.004878049,0.3592233,0.81463414
2018-1-10T13-49-7,1515588547510,0.81463414,0.004878049,0.42718446,0.81463414
2018-1-10T13-49-7,1515588547511,0.85365856,0.014634146,0.52427185,0.85365856
2018-1-10T13-49-7,1515588547512,0.8926829,-0.024390243,0.47572815,0.8926829
2018-1-10T13-49-7,1515588547513,0.8829268,-0.053658538,0.42718446,0.8829268
2018-1-10T13-49-7,1515588547514,0.8829268,-0.014634146,0.4563107,0.8829268
2018-1-10T13-49-7,1515588547515,0.8829268,-0.014634146,0.41747573,0.8829268
2018-1-10T13-49-7,1515588547516,0.84390247,0.014634146,0.44660193,0.84390247
2018-1-10T13-49-7,1515588547517,0.8926829,-0.014634146,0.4563107,0.8926829
2018-1-10T13-49-7,1515588547518,0.82439023,-0.004878049,0.4563107,0.82439023
2018-1-10T13-49-7,1515588547519,0.81463414,-0.043902438,0.3883495,0.81463414
2018-1-10T13-49-7,1515588547520,0.82439023,-0.043902438,0.47572815,0.82439023
2018-1-10T13-49-7,1515588547521,0.84390247,-0.07317073,0.5048544,0.84390247
2018-1-10T13-49-7,1515588547522,0.84390247,-0.14146341,0.41747573,0.84390247
2018-1-10T13-49-7,1515588547523,0.81463414,-0.034146342,0.33009708,0.81463414
2018-1-10T13-49-7,1515588547524,0.8829268,-0.06341463,0.47572815,0.8829268
2018-1-10T13-49-7,1515588547525,0.84390247,-0.043902438,0.52427185,0.84390247
2018-1-10T13-49-7,1515588547526,0.84390247,-0.024390243,0.44660193,0.84390247
2018-1-10T13-49-7,1515588547527,0.8926829,-0.004878049,0.5145631,0.8926829
2018-1-10T13-49-7,1515588547528,0.902439,-0.004878049,0.47572815,0.902439
2018-1-10T13-49-7,1515588547529,0.91219515,-0.004878049,0.4563107,0.91219515
2018-1-10T13-49-7,1515588547530,0.87317073,0.024390243,0.4368932,0.87317073
2018-1-10T13-49-7,1515588547531,0.84390247,0.014634146,0.44660193,0.84390247
2018-1-10T13-49-7,1515588547532,0.81463414,-0.014634146,0.42718446,0.81463414
2018-1-10T13-49-7,1515588547533,0.82439023,-0.024390243,0.39805827,0.82439023
2018-1-10T13-49-7,1515588547534,0.77560973,-0.034146342,0.407767,0.77560973
2018-1-10T13-49-7,1515588547535,0.7853659,-0.034146342,0.4563107,0.7853659
2018-1-10T13-49-7,1515588547536,0.82439023,-0.034146342,0.47572815,0.82439023
2018-1-10T13-49-7,1515588547537,0.84390247,-0.043902438,0.4368932,0.84390247
2018-1-10T13-49-7,1515588547538,0.85365856,0.014634146,0.41747573,0.85365856
2018-1-10T13-49-7,1515588547539,0.85365856,0.034146342,0.44660193,0.85365856
2018-1-10T13-49-7,1515588547540,0.87317073,0.014634146,0.4854369,0.87317073
2018-1-10T13-49-7,1515588547541,0.82439023,0.043902438,0.4563107,0.82439023
2018-1-10T13-49-7,1515588547542,0.84390247,0.034146342,0.407767,0.84390247
2018-1-10T13-49-7,1515588547543,0.84390247,0.053658538,0.4368932,0.84390247
2018-1-10T13-49-7,1515588547544,0.87317073,-0.004878049,0.5145631,0.87317073
2018-1-10T13-49-7,1515588547545,0.8829268,-0.034146342,0.49514562,0.8829268
2018-1-10T13-49-7,1515588547546,0.9609756,-0.034146342,0.42718446,0.9609756
2018-1-10T13-49-7,1515588547547,0.902439,-0.014634146,0.42718446,0.902439
2018-1-10T13-49-7,1515588547548,0.86341465,-0.024390243,0.46601942,0.86341465
2018-1-10T13-49-7,1515588547549,0.82439023,-0.034146342,0.4563107,0.82439023
2018-1-10T13-49-7,1515588547550,0.7853659,-0.07317073,0.407767,0.7853659
2018-1-10T13-49-7,1515588547551,0.77560973,-0.06341463,0.407767,0.77560973
2018-1-10T13-49-7,1515588547552,0.7853659,-0.06341463,0.46601942,0.7853659
2018-1-10T13-49-7,1515588547553,0.82439023,-0.07317073,0.46601942,0.82439023
2018-1-10T13-49-7,1515588547554,0.82439023,-0.07317073,0.4368932,0.82439023
2018-1-10T13-49-7,1515588547555,0.85365856,-0.024390243,0.407767,0.85365856
2018-1-10T13-49-7,1515588547556,0.8829268,-0.004878049,0.5048544,0.8829268
2018-1-10T13-49-7,1515588547557,0.8829268,-0.024390243,0.52427185,0.8829268
2018-1-10T13-49-7,1515588547558,0.8926829,-0.014634146,0.4368932,0.8926829
2018-1-10T13-49-7,1515588547559,0.8829268,-0.014634146,0.37864077,0.8829268
2018-1-10T13-49-7,1515588547560,0.8341463,0.034146342,0.4368932,0.8341463
2018-1-10T13-49-7,1515588547561,0.8341463,-0.004878049,0.47572815,0.8341463
2018-1-10T13-49-7,1515588547562,0.80487806,0.004878049,0.4368932,0.80487806
2018-1-10T13-49-7,1515588547563,0.81463414,-0.014634146,0.42718446,0.81463414
2018-1-10T13-49-7,1515588547564,0.82439023,0.06341463,0.407767,0.82439023
2018-1-10T13-49-7,1515588547565,0.85365856,0.004878049,0.44660193,0.85365856
2018-1-10T13-49-7,1515588547566,0.85365856,-0.004878049,0.42718446,0.85365856
2018-1-10T13-49-7,1515588547567,0.82439023,0.014634146,0.42718446,0.82439023
2018-1-10T13-49-7,1515588547568,0.84390247,-0.004878049,0.44660193,0.84390247
2018-1-10T13-49-7,1515588547569,0.8341463,0.004878049,0.47572815,0.8341463
2018-1-10T13-49-7,1515588547570,0.84390247,-0.004878049,0.4563107,0.84390247
2018-1-10T13-49-7,1515588547571,0.8341463,-0.034146342,0.44660193,0.8341463
2018-1-10T13-49-7,1515588547572,0.85365856,-0.024390243,0.41747573,0.85365856
2018-1-10T13-49-7,1515588547573,0.87317073,-0.004878049,0.4563107,0.87317073
2018-1-10T13-49-7,1515588547574,0.8926829,-0.014634146,0.44660193,0.8926829
2018-1-10T13-49-7,1515588547575,0.86341465,-0.043902438,0.44660193,0.86341465
2018-1-10T13-49-7,1515588547576,0.84390247,-0.014634146,0.44660193,0.84390247
2018-1-10T13-49-7,1515588547577,0.8341463,-0.043902438,0.46601942,0.8341463
2018-1-10T13-49-7,1515588547578,0.8341463,-0.07317073,0.4368932,0.8341463
2018-1-10T13-49-7,1515588547579,0.80487806,-0.06341463,0.407767,0.80487806
2018-1-10T13-49-7,1515588547580,0.77560973,-0.06341463,0.47572815,0.77560973
2018-1-10T13-49-7,1515588547581,0.85365856,-0.07317073,0.5145631,0.85365856
2018-1-10T13-49-7,1515588547582,0.85365856,-0.06341463,0.4563107,0.85365856
2018-1-10T13-49-7,1515588547583,0.86341465,-0.024390243,0.39805827,0.86341465
2018-1-10T13-49-7,1515588547584,0.85365856,-0.024390243,0.4368932,0.85365856
2018-1-10T13-49-7,1515588547585,0.84390247,-0.024390243,0.49514562,0.84390247
2018-1-10T13-49-7,1515588547586,0.84390247,-0.024390243,0.4854369,0.84390247
2018-1-10T13-49-7,1515588547587,0.85365856,-0.034146342,0.42718446,0.85365856
2018-1-10T13-49-7,1515588547588,0.8341463,-0.014634146,0.36893204,0.8341463
2018-1-10T13-49-7,1515588547589,0.77560973,-0.034146342,0.37864077,0.77560973
2018-1-10T13-49-7,1515588547590,0.77560973,-0.09268293,0.4563107,0.77560973
2018-1-10T13-49-7,1515588547591,0.79512197,-0.034146342,0.5048544,0.79512197
2018-1-10T13-49-7,1515588547592,0.8341463,-0.053658538,0.46601942,0.8341463
2018-1-10T13-49-7,1515588547593,0.86341465,-0.004878049,0.4368932,0.86341465
2018-1-10T13-49-7,1515588547594,0.8829268,0.004878049,0.41747573,0.8829268
2018-1-10T13-49-7,1515588547595,0.80487806,0.014634146,0.49514562,0.80487806
2018-1-10T13-49-7,1515588547596,0.87317073,0.024390243,0.4563107,0.87317073
2018-1-10T13-49-7,1515588547597,0.86341465,0.043902438,0.4368932,0.86341465
2018-1-10T13-49-7,1515588547598,0.8829268,0.014634146,0.4563107,0.8829268
2018-1-10T13-49-7,1515588547599,0.8829268,0.014634146,0.47572815,0.8829268
2018-1-10T13-49-7,1515588547600,0.8829268,0.014634146,0.4368932,0.8829268
2018-1-10T13-49-7,1515588547601,0.85365856,0.014634146,0.42718446,0.85365856
2018-1-10T13-49-7,1515588547602,0.86341465,0.024390243,0.4563107,0.86341465
2018-1-10T13-49-7,1515588547603,0.84390247,-0.024390243,0.4563107,0.84390247
2018-1-10T13-49-7,1515588547604,0.84390247,-0.034146342,0.4368932,0.84390247
2018-1-10T13-49-7,1515588547605,0.84390247,-0.043902438,0.42718446,0.84390247
2018-1-10T13-49-7,1515588547606,0.85365856,0.014634146,0.5436893,0.85365856
2018-1-10T13-49-7,1515588547607,0.86341465,-0.053658538,0.47572815,0.86341465
2018-1-10T13-49-7,1515588547608,0.86341465,-0.043902438,0.407767,0.86341465
2018-1-10T13-49-7,1515588547609,0.8341463,-0.043902438,0.39805827,0.8341463
2018-1-10T13-49-7,1515588547610,0.81463414,-0.014634146,0.41747573,0.81463414
2018-1-10T13-49-7,1515588547611,0.7853659,-0.06341463,0.407767,0.7853659
2018-1-10T13-49-7,1515588547612,0.74634147,-0.07317073,0.39805827,0.74634147
2018-1-10T13-49-7,1515588547613,0.75609756,-0.09268293,0.3883495,0.75609756
2018-1-10T13-49-7,1515588547614,0.7853659,-0.08292683,0.3883495,0.7853659
2018-1-10T13-49-7,1515588547615,0.80487806,-0.043902438,0.44660193,0.80487806
2018-1-10T13-49-7,1515588547616,0.902439,-0.024390243,0.5145631,0.902439
2018-1-10T13-49-7,1515588547617,0.9902439,-0.004878049,0.5048544,0.9902439
2018-1-10T13-49-7,1515588547618,0.9512195,0.004878049,0.49514562,0.9512195
2018-1-10T13-49-7,1515588547619,0.9414634,0.06341463,0.5048544,0.9414634
2018-1-10T13-49-7,1515588547620,0.48292682,0.004878049,0.4854369,0.48292682
2018-1-10T13-49-7,1515588547621,0.86341465,-0.004878049,0.4368932,0.86341465
2018-1-10T13-49-7,1515588547622,0.7365854,-0.004878049,0.41747573,0.7365854
2018-1-10T13-49-7,1515588547623,0.79512197,-0.034146342,0.41747573,0.79512197
2018-1-10T13-49-7,1515588547624,0.76585364,-0.043902438,0.37864077,0.76585364
2018-1-10T13-49-7,1515588547625,0.77560973,-0.014634146,0.34951457,0.77560973
2018-1-10T13-49-7,1515588547626,0.76585364,-0.004878049,0.42718446,0.76585364
2018-1-10T13-49-7,1515588547627,0.80487806,-0.024390243,0.4854369,0.80487806
2018-1-10T13-49-7,1515588547628,0.82439023,-0.034146342,0.44660193,0.82439023
2018-1-10T13-49-7,1515588547629,0.84390247,0.043902438,0.407767,0.84390247
2018-1-10T13-49-7,1515588547630,0.8926829,0.004878049,0.47572815,0.8926829
2018-1-10T13-49-7,1515588547631,0.8926829,0.004878049,0.5339806,0.8926829
2018-1-10T13-49-7,1515588547632,0.8926829,0.06341463,0.4854369,0.8926829
2018-1-10T13-49-7,1515588547633,0.91219515,0.024390243,0.42718446,0.91219515
2018-1-10T13-49-7,1515588547634,0.91219515,0.014634146,0.4368932,0.91219515
2018-1-10T13-49-7,1515588547635,0.85365856,0.004878049,0.4563107,0.85365856
2018-1-10T13-49-7,1515588547636,0.80487806,0.004878049,0.4563107,0.80487806
2018-1-10T13-49-7,1515588547637,0.7853659,-0.024390243,0.44660193,0.7853659
2018-1-10T13-49-7,1515588547638,0.84390247,-0.024390243,0.44660193,0.84390247
2018-1-10T13-49-7,1515588547639,0.86341465,-0.034146342,0.47572815,0.86341465
2018-1-10T13-49-7,1515588547640,0.8829268,-0.043902438,0.46601942,0.8829268
2018-1-10T13-49-7,1515588547641,0.84390247,-0.043902438,0.42718446,0.84390247
2018-1-10T13-49-7,1515588547642,0.82439023,-0.043902438,0.42718446,0.82439023
2018-1-10T13-49-7,1515588547643,0.80487806,-0.06341463,0.44660193,0.80487806
2018-1-10T13-49-7,1515588547644,0.7853659,-0.06341463,0.44660193,0.7853659
2018-1-10T13-49-7,1515588547645,0.7853659,-0.08292683,0.41747573,0.7853659
2018-1-10T13-49-7,1515588547646,0.80487806,-0.09268293,0.47572815,0.80487806
2018-1-10T13-49-7,1515588547647,0.82439023,-0.053658538,0.39805827,0.82439023
2018-1-10T13-49-7,1515588547648,0.81463414,-0.024390243,0.41747573,0.81463414
2018-1-10T13-49-7,1515588547649,0.84390247,-0.06341463,0.4368932,0.84390247
2018-1-10T13-49-7,1515588547650,0.8341463,-0.043902438,0.4368932,0.8341463
2018-1-10T13-49-7,1515588547651,0.84390247,-0.004878049,0.44660193,0.84390247
2018-1-10T13-49-7,1515588547652,0.86341465,-0.004878049,0.4854369,0.86341465
2018-1-10T13-49-7,1515588547653,0.8829268,-0.014634146,0.5145631,0.8829268
2018-1-10T13-49-7,1515588547654,0.902439,-0.024390243,0.4854369,0.902439
2018-1-10T13-49-7,1515588547655,0.92195123,0.014634146,0.47572815,0.92195123
2018-1-10T13-49-7,1515588547656,0.9317073,0.014634146,0.4563107,0.9317073
2018-1-10T13-49-7,1515588547657,0.8926829,0.034146342,0.44660193,0.8926829
2018-1-10T13-49-7,1515588547658,0.8341463,0.004878049,0.41747573,0.8341463
2018-1-10T13-49-7,1515588547659,0.81463414,0.09268293,0.4368932,0.81463414
2018-1-10T13-49-7,1515588547660,0.8341463,-0.004878049,0.4563107,0.8341463
2018-1-10T13-49-7,1515588547661,0.8829268,-0.034146342,0.4368932,0.8829268
2018-1-10T13-49-7,1515588547662,0.86341465,-0.043902438,0.4563107,0.86341465
2018-1-10T13-49-7,1515588547663,0.86341465,-0.053658538,0.4368932,0.86341465
2018-1-10T13-49-7,1515588547664,0.86341465,-0.043902438,0.4368932,0.86341465
2018-1-10T13-49-7,1515588547665,0.8341463,-0.014634146,0.42718446,0.8341463
2018-1-10T13-49-7,1515588547666,0.82439023,-0.034146342,0.4368932,0.82439023
2018-1-10T13-49-7,1515588547667,0.81463414,-0.043902438,0.5436893,0.81463414
2018-1-10T13-49-7,1515588547668,0.81463414,-0.053658538,0.44660193,0.81463414
2018-1-10T13-49-7,1515588547669,0.82439023,-0.053658538,0.407767,0.82439023
2018-1-10T13-49-7,1515588547670,0.84390247,-0.014634146,0.407767,0.84390247
2018-1-10T13-49-7,1515588547671,0.8829268,-0.014634146,0.5145631,0.8829268
2018-1-10T13-49-7,1515588547672,0.902439,-0.034146342,0.49514562,0.902439
2018-1-10T13-49-7,1515588547673,0.8829268,0.004878049,0.41747573,0.8829268
2018-1-10T13-49-7,1515588547674,0.92195123,0.014634146,0.46601942,0.92195123
2018-1-10T13-49-7,1515588547675,0.8829268,-0.024390243,0.46601942,0.8829268
2018-1-10T13-49-7,1515588547676,0.85365856,-0.024390243,0.4368932,0.85365856
2018-1-10T13-49-7,1515588547677,0.84390247,0.034146342,0.41747573,0.84390247
2018-1-10T13-49-7,1515588547678,0.84390247,-0.034146342,0.49514562,0.84390247
2018-1-10T13-49-7,1515588547679,0.85365856,-0.07317073,0.46601942,0.85365856
2018-1-10T13-49-7,1515588547680,0.8341463,-0.034146342,0.407767,0.8341463
2018-1-10T13-49-7,1515588547681,0.8341463,-0.043902438,0.44660193,0.8341463
2018-1-10T13-49-7,1515588547682,0.84390247,-0.024390243,0.44660193,0.84390247
2018-1-10T13-49-7,1515588547683,0.81463414,-0.053658538,0.37864077,0.81463414
2018-1-10T13-49-7,1515588547684,0.77560973,-0.043902438,0.32038835,0.77560973
2018-1-10T13-49-7,1515588547685,0.7365854,-0.034146342,0.39805827,0.7365854
2018-1-10T13-49-7,1515588547686,0.82439023,-0.024390243,0.5048544,0.82439023
2018-1-10T13-49-7,1515588547687,0.8341463,-0.024390243,0.46601942,0.8341463
2018-1-10T13-49-7,1515588547688,0.86341465,-0.004878049,0.39805827,0.86341465
2018-1-10T13-49-7,1515588547689,0.9317073,0.024390243,0.4368932,0.9317073
2018-1-10T13-49-7,1515588547690,0.91219515,0.024390243,0.5339806,0.91219515
2018-1-10T13-49-7,1515588547691,0.92195123,0.024390243,0.5048544,0.92195123
2018-1-10T13-49-7,1515588547692,0.902439,0.034146342,0.5048544,0.902439
2018-1-10T13-49-7,1515588547693,0.91219515,-0.004878049,0.49514562,0.91219515
2018-1-10T13-49-7,1515588547694,0.902439,-0.024390243,0.42718446,0.902439
2018-1-10T13-49-7,1515588547695,0.8341463,-0.034146342,0.39805827,0.8341463
2018-1-10T13-49-7,1515588547696,0.82439023,-0.09268293,0.4368932,0.82439023
2018-1-10T13-49-7,1515588547697,0.79512197,-0.09268293,0.49514562,0.79512197
2018-1-10T13-49-7,1515588547698,0.81463414,-0.09268293,0.44660193,0.81463414
2018-1-10T13-49-7,1515588547699,0.82439023,-0.053658538,0.407767,0.82439023
2018-1-10T13-49-7,1515588547700,0.81463414,0.024390243,0.42718446,0.81463414
2018-1-10T13-49-7,1515588547701,0.8341463,-0.024390243,0.46601942,0.8341463
2018-1-10T13-49-7,1515588547702,0.85365856,-0.024390243,0.5048544,0.85365856
2018-1-10T13-49-7,1515588547703,0.902439,-0.06341463,0.46601942,0.902439
2018-1-10T13-49-7,1515588547704,0.8926829,-0.014634146,0.41747573,0.8926829
2018-1-10T13-49-7,1515588547705,0.86341465,0.004878049,0.3398058,0.86341465
2018-1-10T13-49-7,1515588547706,0.8341463,0.014634146,0.4368932,0.8341463
2018-1-10T13-49-7,1515588547707,0.82439023,-0.004878049,0.4563107,0.82439023
2018-1-10T13-49-7,1515588547708,0.81463414,-0.014634146,0.407767,0.81463414
2018-1-10T13-49-7,1515588547709,0.80487806,0.053658538,0.34951457,0.80487806
2018-1-10T13-49-7,1515588547710,0.8341463,0.004878049,0.3883495,0.8341463
2018-1-10T13-49-7,1515588547711,0.82439023,-0.004878049,0.5145631,0.82439023
2018-1-10T13-49-7,1515588547712,0.80487806,-0.024390243,0.49514562,0.80487806
2018-1-10T13-49-7,1515588547713,0.82439023,-0.043902438,0.44660193,0.82439023
2018-1-10T13-49-7,1515588547714,0.79512197,0.014634146,0.41747573,0.79512197
2018-1-10T13-49-7,1515588547715,0.85365856,-0.10243902,0.52427185,0.85365856
2018-1-10T13-49-7,1515588547716,0.8829268,-0.07317073,0.5533981,0.8829268
2018-1-10T13-49-7,1515588547717,0.87317073,-0.08292683,0.47572815,0.87317073
2018-1-10T13-49-7,1515588547718,0.82439023,-0.024390243,0.407767,0.82439023
2018-1-10T13-49-7,1515588547719,0.8829268,-0.024390243,0.4368932,0.8829268
2018-1-10T13-49-7,1515588547720,0.81463414,-0.014634146,0.4368932,0.81463414
2018-1-10T13-49-7,1515588547721,0.80487806,-0.024390243,0.4563107,0.80487806
2018-1-10T13-49-7,1515588547722,0.79512197,-0.004878049,0.4563107,0.79512197
2018-1-10T13-49-7,1515588547723,0.84390247,-0.034146342,0.4563107,0.84390247
2018-1-10T13-49-7,1515588547724,0.8829268,-0.014634146,0.44660193,0.8829268
2018-1-10T13-49-7,1515588547725,0.85365856,-0.004878049,0.44660193,0.85365856
2018-1-10T13-49-7,1515588547726,0.87317073,-0.004878049,0.4368932,0.87317073
2018-1-10T13-49-7,1515588547727,0.86341465,0.024390243,0.4854369,0.86341465
2018-1-10T13-49-7,1515588547728,0.86341465,0.004878049,0.49514562,0.86341465
2018-1-10T13-49-7,1515588547729,0.91219515,-0.034146342,0.41747573,0.91219515
2018-1-10T13-49-7,1515588547730,0.8341463,-0.024390243,0.42718446,0.8341463
2018-1-10T13-49-7,1515588547731,0.86341465,-0.034146342,0.5145631,0.86341465
2018-1-10T13-49-7,1515588547732,0.85365856,-0.053658538,0.52427185,0.85365856
2018-1-10T13-49-7,1515588547733,0.85365856,-0.004878049,0.3883495,0.85365856
2018-1-10T13-49-7,1515588547734,0.81463414,-0.024390243,0.36893204,0.81463414
2018-1-10T13-49-7,1515588547735,0.80487806,-0.034146342,0.42718446,0.80487806
2018-1-10T13-49-7,1515588547736,0.7853659,-0.053658538,0.4368932,0.7853659
2018-1-10T13-49-7,1515588547737,0.76585364,-0.06341463,0.3883495,0.76585364
2018-1-10T13-49-7,1515588547738,0.77560973,-0.06341463,0.3883495,0.77560973
2018-1-10T13-49-7,1515588547739,0.80487806,-0.053658538,0.42718446,0.80487806
2018-1-10T13-49-7,1515588547740,0.84390247,-0.043902438,0.47572815,0.84390247
2018-1-10T13-49-7,1515588547741,0.91219515,-0.004878049,0.5145631,0.91219515
2018-1-10T13-49-7,1515588547742,0.92195123,0.004878049,0.52427185,0.92195123
2018-1-10T13-49-7,1515588547743,0.9609756,0.014634146,0.46601942,0.9609756
2018-1-10T13-49-7,1515588547744,0.9609756,0.07317073,0.4563107,0.9609756
2018-1-10T13-49-7,1515588547745,0.9317073,0.034146342,0.47572815,0.9317073
2018-1-10T13-49-7,1515588547746,0.87317073,-0.004878049,0.46601942,0.87317073
2018-1-10T13-49-7,1515588547747,0.82439023,-0.024390243,0.4368932,0.82439023
2018-1-10T13-49-7,1515588547748,0.79512197,-0.053658538,0.41747573,0.79512197
2018-1-10T13-49-7,1515588547749,0.80487806,-0.12195122,0.42718446,0.80487806
2018-1-10T13-49-7,1515588547750,0.77560973,-0.13170731,0.41747573,0.77560973
2018-1-10T13-49-7,1515588547751,0.7365854,-0.07317073,0.37864077,0.7365854
2018-1-10T13-49-7,1515588547752,0.7268293,-0.053658538,0.41747573,0.7268293
2018-1-10T13-49-7,1515588547753,0.80487806,-0.053658538,0.4563107,0.80487806
2018-1-10T13-49-7,1515588547754,0.84390247,-0.053658538,0.47572815,0.84390247
2018-1-10T13-49-7,1515588547755,0.8829268,-0.014634146,0.4563107,0.8829268
2018-1-10T13-49-7,1515588547756,0.92195123,0.014634146,0.49514562,0.92195123
2018-1-10T13-49-7,1515588547757,0.9414634,-0.014634146,0.5145631,0.9414634
2018-1-10T13-49-7,1515588547758,0.9512195,0.014634146,0.46601942,0.9512195
2018-1-10T13-49-7,1515588547759,0.8926829,0.13170731,0.3883495,0.8926829
2018-1-10T13-49-7,1515588547760,0.87317073,-0.07317073,0.4368932,0.87317073
2018-1-10T13-49-7,1515588547761,0.84390247,0.014634146,0.49514562,0.84390247
2018-1-10T13-49-7,1515588547762,0.82439023,0.014634146,0.4563107,0.82439023
2018-1-10T13-49-7,1515588547763,0.81463414,-0.10243902,0.36893204,0.81463414
2018-1-10T13-49-7,1515588547764,0.81463414,0.004878049,0.3883495,0.81463414
2018-1-10T13-49-7,1515588547765,0.82439023,-0.004878049,0.4854369,0.82439023
2018-1-10T13-49-7,1515588547766,0.8341463,-0.053658538,0.5048544,0.8341463
2018-1-10T13-49-7,1515588547767,0.82439023,-0.043902438,0.42718446,0.82439023
2018-1-10T13-49-7,1515588547768,0.86341465,-0.034146342,0.44660193,0.86341465
2018-1-10T13-49-7,1515588547769,0.86341465,-0.024390243,0.4854369,0.86341465
2018-1-10T13-49-7,1515588547770,0.84390247,-0.034146342,0.5145631,0.84390247
2018-1-10T13-49-7,1515588547771,0.85365856,-0.034146342,0.4563107,0.85365856
2018-1-10T13-49-7,1515588547772,0.87317073,-0.034146342,0.4368932,0.87317073
2018-1-10T13-49-7,1515588547773,0.8829268,-0.004878049,0.4368932,0.8829268
2018-1-10T13-49-7,1515588547774,0.86341465,-0.004878049,0.407767,0.86341465
2018-1-10T13-49-7,1515588547775,0.7853659,-0.034146342,0.42718446,0.7853659
2018-1-10T13-49-7,1515588547776,0.81463414,-0.07317073,0.4368932,0.81463414
2018-1-10T13-49-7,1515588547777,0.81463414,-0.004878049,0.41747573,0.81463414
2018-1-10T13-49-7,1515588547778,0.81463414,-0.014634146,0.39805827,0.81463414
2018-1-10T13-49-7,1515588547779,0.84390247,-0.024390243,0.4368932,0.84390247
2018-1-10T13-49-7,1515588547780,0.79512197,-0.08292683,0.4854369,0.79512197
2018-1-10T13-49-7,1515588547781,0.92195123,-0.11219512,0.47572815,0.92195123
2018-1-10T13-49-7,1515588547782,0.87317073,-0.014634146,0.4368932,0.87317073
2018-1-10T13-49-7,1515588547783,0.8926829,-0.034146342,0.46601942,0.8926829
2018-1-10T13-49-7,1515588547784,0.87317073,-0.034146342,0.46601942,0.87317073
2018-1-10T13-49-7,1515588547785,0.9414634,-0.024390243,0.46601942,0.9414634
2018-1-10T13-49-7,1515588547786,0.902439,0.014634146,0.4563107,0.902439
2018-1-10T13-49-7,1515588547787,0.8829268,-0.004878049,0.46601942,0.8829268
2018-1-10T13-49-7,1515588547788,0.84390247,-0.014634146,0.44660193,0.84390247
2018-1-10T13-49-7,1515588547789,0.85365856,-0.024390243,0.407767,0.85365856
2018-1-10T13-49-7,1515588547790,0.80487806,-0.034146342,0.4368932,0.80487806
2018-1-10T13-49-7,1515588547791,0.79512197,-0.034146342,0.4368932,0.79512197
2018-1-10T13-49-7,1515588547792,0.76585364,-0.024390243,0.4368932,0.76585364
2018-1-10T13-49-7,1515588547793,0.82439023,-0.024390243,0.49514562,0.82439023
2018-1-10T13-49-7,1515588547794,0.86341465,-0.024390243,0.4854369,0.86341465
2018-1-10T13-49-7,1515588547795,0.8926829,-0.024390243,0.4368932,0.8926829
2018-1-10T13-49-7,1515588547796,0.91219515,0.024390243,0.4368932,0.91219515
2018-1-10T13-49-7,1515588547797,0.87317073,0.004878049,0.4563107,0.87317073
2018-1-10T13-49-7,1515588547798,0.82439023,-0.014634146,0.4563107,0.82439023
2018-1-10T13-49-7,1515588547799,0.80487806,-0.004878049,0.407767,0.80487806
2018-1-10T13-49-7,1515588547800,0.81463414,-0.024390243,0.407767,0.81463414
2018-1-10T13-49-7,1515588547801,0.77560973,-0.014634146,0.4368932,0.77560973
2018-1-10T13-49-7,1515588547802,0.81463414,-0.014634146,0.46601942,0.81463414
2018-1-10T13-49-7,1515588547803,0.87317073,-0.014634146,0.4563107,0.87317073
2018-1-10T13-49-7,1515588547804,0.8829268,-0.004878049,0.42718446,0.8829268
2018-1-10T13-49-7,1515588547805,0.8926829,-0.053658538,0.46601942,0.8926829
2018-1-10T13-49-7,1515588547806,0.8829268,-0.034146342,0.5145631,0.8829268
2018-1-10T13-49-7,1515588547807,0.85365856,-0.043902438,0.5145631,0.85365856
2018-1-10T13-49-7,1515588547808,0.8829268,-0.06341463,0.46601942,0.8829268
2018-1-10T13-49-7,1515588547809,0.86341465,-0.053658538,0.41747573,0.86341465
2018-1-10T13-49-7,1515588547810,0.77560973,-0.053658538,0.3883495,0.77560973
2018-1-10T13-49-7,1515588547811,0.8341463,-0.034146342,0.4368932,0.8341463
2018-1-10T13-49-7,1515588547812,0.82439023,-0.043902438,0.37864077,0.82439023
2018-1-10T13-49-7,1515588547813,0.81463414,-0.08292683,0.39805827,0.81463414
2018-1-10T13-49-7,1515588547814,0.81463414,-0.004878049,0.44660193,0.81463414
2018-1-10T13-49-7,1515588547815,0.82439023,-0.034146342,0.4854369,0.82439023
2018-1-10T13-49-7,1515588547816,0.85365856,0.27804878,0.42718446,0.85365856
2018-1-10T13-49-7,1515588547817,0.8341463,0.053658538,0.39805827,0.8341463
2018-1-10T13-49-7,1515588547818,0.87317073,0.024390243,0.44660193,0.87317073
2018-1-10T13-49-7,1515588547819,0.87317073,0.053658538,0.52427185,0.87317073
2018-1-10T13-49-7,1515588547820,0.91219515,-0.024390243,0.5339806,0.91219515
2018-1-10T13-49-7,1515588547821,0.8829268,-0.034146342,0.42718446,0.8829268
2018-1-10T13-49-7,1515588547822,0.86341465,-0.053658538,0.37864077,0.86341465
2018-1-10T13-49-7,1515588547823,0.84390247,-0.014634146,0.407767,0.84390247
2018-1-10T13-49-7,1515588547824,0.79512197,-0.004878049,0.4563107,0.79512197
2018-1-10T13-49-7,1515588547825,0.82439023,0.004878049,0.46601942,0.82439023
2018-1-10T13-49-7,1515588547826,0.81463414,0.004878049,0.41747573,0.81463414
2018-1-10T13-49-7,1515588547827,0.8341463,0.004878049,0.41747573,0.8341463
2018-1-10T13-49-7,1515588547828,0.85365856,-0.07317073,0.47572815,0.85365856
2018-1-10T13-49-7,1515588547829,0.85365856,-0.034146342,0.4563107,0.85365856
2018-1-10T13-49-7,1515588547830,0.84390247,-0.034146342,0.4368932,0.84390247
2018-1-10T13-49-7,1515588547831,0.82439023,-0.053658538,0.4368932,0.82439023
2018-1-10T13-49-7,1515588547832,0.82439023,-0.034146342,0.44660193,0.82439023
2018-1-10T13-49-7,1515588547833,0.80487806,-0.034146342,0.4563107,0.80487806
2018-1-10T13-49-7,1515588547834,0.82439023,-0.034146342,0.4368932,0.82439023
2018-1-10T13-49-7,1515588547835,0.8341463,-0.024390243,0.4563107,0.8341463
2018-1-10T13-49-7,1515588547836,0.86341465,-0.024390243,0.4563107,0.86341465
2018-1-10T13-49-7,1515588547837,0.8829268,-0.014634146,0.41747573,0.8829268
2018-1-10T13-49-7,1515588547838,0.85365856,-0.014634146,0.4563107,0.85365856
2018-1-10T13-49-7,1515588547839,0.8829268,-0.014634146,0.4563107,0.8829268
2018-1-10T13-49-7,1515588547840,0.84390247,-0.014634146,0.44660193,0.84390247
2018-1-10T13-49-7,1515588547841,0.81463414,-0.043902438,0.4368932,0.81463414
2018-1-10T13-49-7,1515588547842,0.8341463,-0.014634146,0.44660193,0.8341463
2018-1-10T13-49-7,1515588547843,0.84390247,-0.07317073,0.46601942,0.84390247
2018-1-10T13-49-7,1515588547844,0.86341465,0.004878049,0.46601942,0.86341465
2018-1-10T13-49-7,1515588547845,0.87317073,0.034146342,0.47572815,0.87317073
2018-1-10T13-49-7,1515588547846,0.8829268,0.004878049,0.47572815,0.8829268
2018-1-10T13-49-7,1515588547847,0.87317073,0.024390243,0.47572815,0.87317073
2018-1-10T13-49-7,1515588547848,0.87317073,0.014634146,0.4854369,0.87317073
2018-1-10T13-49-7,1515588547849,0.86341465,0.004878049,0.42718446,0.86341465
2018-1-10T13-49-7,1515588547850,0.81463414,-0.034146342,0.36893204,0.81463414
2018-1-10T13-49-7,1515588547851,0.77560973,-0.034146342,0.3592233,0.77560973
2018-1-10T13-49-7,1515588547852,0.75609756,-0.043902438,0.41747573,0.75609756
2018-1-10T13-49-7,1515588547853,0.7853659,-0.08292683,0.4854369,0.7853659
2018-1-10T13-49-7,1515588547854,0.79512197,-0.08292683,0.4368932,0.79512197
2018-1-10T13-49-7,1515588547855,0.86341465,-0.034146342,0.18446602,0.86341465
2018-1-10T13-49-7,1515588547856,0.91219515,-0.024390243,0.46601942,0.91219515
2018-1-10T13-49-7,1515588547857,0.902439,-0.034146342,0.49514562,0.902439
2018-1-10T13-49-7,1515588547858,0.86341465,-0.024390243,0.49514562,0.86341465
2018-1-10T13-49-7,1515588547859,0.8829268,-0.053658538,0.47572815,0.8829268
2018-1-10T13-49-7,1515588547860,0.8829268,-0.07317073,0.44660193,0.8829268
2018-1-10T13-49-7,1515588547861,0.85365856,-0.014634146,0.4854369,0.85365856
2018-1-10T13-49-7,1515588547862,0.87317073,-0.043902438,0.4854369,0.87317073
2018-1-10T13-49-7,1515588547863,0.84390247,-0.043902438,0.4368932,0.84390247
2018-1-10T13-49-7,1515588547864,0.8341463,-0.014634146,0.42718446,0.8341463
2018-1-10T13-49-7,1515588547865,0.8926829,0.004878049,0.42718446,0.8926829
2018-1-10T13-49-7,1515588547866,0.86341465,0.034146342,0.47572815,0.86341465
2018-1-10T13-49-7,1515588547867,0.8341463,-0.014634146,0.3883495,0.8341463
2018-1-10T13-49-7,1515588547868,0.80487806,0.004878049,0.41747573,0.80487806
2018-1-10T13-49-7,1515588547869,0.8341463,-0.004878049,0.47572815,0.8341463
2018-1-10T13-49-7,1515588547870,0.84390247,-0.014634146,0.44660193,0.84390247
2018-1-10T13-49-7,1515588547871,0.80487806,-0.024390243,0.42718446,0.80487806
2018-1-10T13-49-7,1515588547872,0.8341463,-0.034146342,0.44660193,0.8341463
2018-1-10T13-49-7,1515588547873,0.8341463,-0.024390243,0.4563107,0.8341463
2018-1-10T13-49-7,1515588547874,0.82439023,0.004878049,0.407767,0.82439023
2018-1-10T13-49-7,1515588547875,0.81463414,0.014634146,0.39805827,0.81463414
2018-1-10T13-49-7,1515588547876,0.80487806,0.07317073,0.4563107,0.80487806
2018-1-10T13-49-7,1515588547877,0.84390247,-0.034146342,0.4368932,0.84390247
2018-1-10T13-49-7,1515588547878,0.86341465,-0.034146342,0.4368932,0.86341465
2018-1-10T13-49-7,1515588547879,0.8829268,-0.034146342,0.4563107,0.8829268
2018-1-10T13-49-7,1515588547880,0.8926829,-0.043902438,0.4854369,0.8926829
2018-1-10T13-49-7,1515588547881,0.87317073,-0.053658538,0.42718446,0.87317073
2018-1-10T13-49-7,1515588547882,0.8829268,-0.004878049,0.4563107,0.8829268
2018-1-10T13-49-7,1515588547883,0.85365856,-0.024390243,0.52427185,0.85365856
2018-1-10T13-49-7,1515588547884,0.85365856,-0.10243902,0.4854369,0.85365856
2018-1-10T13-49-7,1515588547885,0.84390247,-0.06341463,0.41747573,0.84390247
2018-1-10T13-49-7,1515588547886,0.84390247,-0.043902438,0.46601942,0.84390247
2018-1-10T13-49-7,1515588547887,0.86341465,-0.08292683,0.49514562,0.86341465
2018-1-10T13-49-7,1515588547888,0.82439023,-0.08292683,0.4368932,0.82439023
2018-1-10T13-49-7,1515588547889,0.79512197,-0.06341463,0.42718446,0.79512197
2018-1-10T13-49-7,1515588547890,0.80487806,-0.053658538,0.44660193,0.80487806
2018-1-10T13-49-7,1515588547891,0.80487806,-0.06341463,0.47572815,0.80487806
2018-1-10T13-49-7,1515588547892,0.81463414,-0.034146342,0.4368932,0.81463414
2018-1-10T13-49-7,1515588547893,0.86341465,-0.014634146,0.46601942,0.86341465
2018-1-10T13-49-7,1515588547894,0.91219515,0.004878049,0.49514562,0.91219515
2018-1-10T13-49-7,1515588547895,0.9414634,0.043902438,0.46601942,0.9414634
2018-1-10T13-49-7,1515588547896,0.8926829,0.053658538,0.42718446,0.8926829
2018-1-10T13-49-7,1515588547897,0.8829268,0.053658538,0.44660193,0.8829268
2018-1-10T13-49-7,1515588547898,0.8341463,0.024390243,0.4563107,0.8341463
2018-1-10T13-49-7,1515588547899,0.80487806,0.004878049,0.39805827,0.80487806
2018-1-10T13-49-7,1515588547900,0.76585364,0.043902438,0.34951457,0.76585364
2018-1-10T13-49-7,1515588547901,0.74634147,-0.034146342,0.407767,0.74634147
2018-1-10T13-49-7,1515588547902,0.74634147,-0.06341463,0.4563107,0.74634147
2018-1-10T13-49-7,1515588547903,0.79512197,-0.06341463,0.42718446,0.79512197
2018-1-10T13-49-7,1515588547904,0.8341463,-0.024390243,0.42718446,0.8341463
2018-1-10T13-49-7,1515588547905,0.87317073,-0.014634146,0.4854369,0.87317073
2018-1-10T13-49-7,1515588547906,0.86341465,-0.034146342,0.52427185,0.86341465
2018-1-10T13-49-7,1515588547907,0.902439,-0.06341463,0.47572815,0.902439
2018-1-10T13-49-7,1515588547908,0.902439,-0.014634146,0.4368932,0.902439
2018-1-10T13-49-7,1515588547909,0.902439,-0.034146342,0.4563107,0.902439
2018-1-10T13-49-7,1515588547910,0.87317073,-0.043902438,0.47572815,0.87317073
2018-1-10T13-49-7,1515588547911,0.85365856,-0.024390243,0.4854369,0.85365856
2018-1-10T13-49-7,1515588547912,0.84390247,-0.024390243,0.42718446,0.84390247
2018-1-10T13-49-7,1515588547913,0.8341463,-0.034146342,0.42718446,0.8341463
2018-1-10T13-49-7,1515588547914,0.8341463,-0.004878049,0.44660193,0.8341463
2018-1-10T13-49-7,1515588547915,0.85365856,-0.043902438,0.5145631,0.85365856
2018-1-10T13-49-7,1515588547916,0.86341465,-0.06341463,0.46601942,0.86341465
2018-1-10T13-49-7,1515588547917,0.76585364,-0.024390243,0.41747573,0.76585364
2018-1-10T13-49-7,1515588547918,0.85365856,-0.014634146,0.44660193,0.85365856
2018-1-10T13-49-7,1515588547919,0.86341465,-0.004878049,0.5631068,0.86341465
2018-1-10T13-49-7,1515588547920,0.85365856,-0.004878049,0.49514562,0.85365856
2018-1-10T13-49-7,1515588547921,0.86341465,-0.014634146,0.37864077,0.86341465
2018-1-10T13-49-7,1515588547922,0.8341463,-0.004878049,0.407767,0.8341463
2018-1-10T13-49-7,1515588547923,0.81463414,0.024390243,0.4368932,0.81463414
2018-1-10T13-49-7,1515588547924,0.80487806,0.053658538,0.41747573,0.80487806
2018-1-10T13-49-7,1515588547925,0.76585364,-0.024390243,0.36893204,0.76585364
2018-1-10T13-49-7,1515588547926,0.71707314,-0.024390243,0.37864077,0.71707314
2018-1-10T13-49-7,1515588547927,0.80487806,-0.034146342,0.4368932,0.80487806
2018-1-10T13-49-7,1515588547928,0.82439023,-0.043902438,0.44660193,0.82439023
2018-1-10T13-49-7,1515588547929,0.81463414,-0.053658538,0.47572815,0.81463414
2018-1-10T13-49-7,1515588547930,0.8829268,-0.004878049,0.4563107,0.8829268
2018-1-10T13-49-7,1515588547931,0.902439,-0.004878049,0.4854369,0.902439
2018-1-10T13-49-7,1515588547932,0.9317073,-0.024390243,0.47572815,0.9317073
2018-1-10T13-49-7,1515588547933,0.902439,-0.014634146,0.4563107,0.902439
2018-1-10T13-49-7,1515588547934,0.86341465,-0.014634146,0.407767,0.86341465
2018-1-10T13-49-7,1515588547935,0.8341463,0.004878049,0.41747573,0.8341463
2018-1-10T13-49-7,1515588547936,0.8341463,-0.014634146,0.5048544,0.8341463
2018-1-10T13-49-7,1515588547937,0.86341465,-0.024390243,0.47572815,0.86341465
2018-1-10T13-49-7,1515588547938,0.8341463,-0.034146342,0.41747573,0.8341463
2018-1-10T13-49-7,1515588547939,0.85365856,-0.014634146,0.41747573,0.85365856
2018-1-10T13-49-7,1515588547940,0.8926829,-0.024390243,0.5436893,0.8926829
2018-1-10T13-49-7,1515588547941,0.85365856,-0.034146342,0.4563107,0.85365856
2018-1-10T13-49-7,1515588547942,0.81463414,-0.004878049,0.39805827,0.81463414
2018-1-10T13-49-7,1515588547943,0.81463414,0.014634146,0.46601942,0.81463414
2018-1-10T13-49-7,1515588547944,0.79512197,-0.043902438,0.49514562,0.79512197
2018-1-10T13-49-7,1515588547945,0.82439023,-0.11219512,0.4563107,0.82439023
2018-1-10T13-49-7,1515588547946,0.8341463,-0.053658538,0.39805827,0.8341463
2018-1-10T13-49-7,1515588547947,0.8829268,-0.034146342,0.41747573,0.8829268
2018-1-10T13-49-7,1515588547948,0.8341463,-0.034146342,0.4563107,0.8341463
2018-1-10T13-49-7,1515588547949,0.84390247,-0.014634146,0.4563107,0.84390247
2018-1-10T13-49-7,1515588547950,0.8341463,-0.004878049,0.42718446,0.8341463
2018-1-10T13-49-7,1515588547951,0.84390247,0.024390243,0.42718446,0.84390247
2018-1-10T13-49-7,1515588547952,0.79512197,-0.014634146,0.44660193,0.79512197
2018-1-10T13-49-7,1515588547953,0.8341463,-0.014634146,0.47572815,0.8341463
2018-1-10T13-49-7,1515588547954,0.87317073,0.014634146,0.46601942,0.87317073
2018-1-10T13-49-7,1515588547955,0.8829268,-0.034146342,0.5048544,0.8829268
2018-1-10T13-49-7,1515588547956,0.8926829,-0.053658538,0.5145631,0.8926829
2018-1-10T13-49-7,1515588547957,0.7853659,-0.034146342,0.42718446,0.7853659
2018-1-10T13-49-7,1515588547958,0.84390247,-0.014634146,0.39805827,0.84390247
2018-1-10T13-49-7,1515588547959,0.8341463,-0.014634146,0.47572815,0.8341463
2018-1-10T13-49-7,1515588547960,0.81463414,-0.06341463,0.4854369,0.81463414
2018-1-10T13-49-7,1515588547961,0.81463414,-0.043902438,0.4368932,0.81463414
2018-1-10T13-49-7,1515588547962,0.82439023,-0.043902438,0.39805827,0.82439023
2018-1-10T13-49-7,1515588547963,0.82439023,-0.024390243,0.41747573,0.82439023
2018-1-10T13-49-7,1515588547964,0.81463414,-0.024390243,0.4563107,0.81463414
2018-1-10T13-49-7,1515588547965,0.81463414,-0.014634146,0.46601942,0.81463414
2018-1-10T13-49-7,1515588547966,0.81463414,0.004878049,0.39805827,0.81463414
2018-1-10T13-49-7,1515588547967,0.85365856,-0.004878049,0.44660193,0.85365856
2018-1-10T13-49-7,1515588547968,0.86341465,-0.004878049,0.5145631,0.86341465
2018-1-10T13-49-7,1515588547969,0.8926829,-0.014634146,0.47572815,0.8926829
2018-1-10T13-49-7,1515588547970,0.8829268,0.004878049,0.3883495,0.8829268
2018-1-10T13-49-7,1515588547971,0.85365856,-0.004878049,0.3883495,0.85365856
2018-1-10T13-49-7,1515588547972,0.8341463,0.004878049,0.44660193,0.8341463
2018-1-10T13-49-7,1515588547973,0.81463414,-0.024390243,0.5048544,0.81463414
2018-1-10T13-49-7,1515588547974,0.81463414,-0.034146342,0.49514562,0.81463414
2018-1-10T13-49-7,1515588547975,0.8829268,-0.004878049,0.41747573,0.8829268
2018-1-10T13-49-7,1515588547976,0.86341465,0.014634146,0.39805827,0.86341465
2018-1-10T13-49-7,1515588547977,0.87317073,0.043902438,0.3883495,0.87317073
2018-1-10T13-49-7,1515588547978,0.85365856,0.024390243,0.49514562,0.85365856
2018-1-10T13-49-7,1515588547979,0.86341465,-0.014634146,0.5145631,0.86341465
2018-1-10T13-49-7,1515588547980,0.85365856,-0.034146342,0.44660193,0.85365856
2018-1-10T13-49-7,1515588547981,0.86341465,-0.034146342,0.41747573,0.86341465
2018-1-10T13-49-7,1515588547982,0.87317073,-0.053658538,0.5436893,0.87317073
2018-1-10T13-49-7,1515588547983,0.81463414,-0.06341463,0.5048544,0.81463414
2018-1-10T13-49-7,1515588547984,0.82439023,-0.06341463,0.42718446,0.82439023
2018-1-10T13-49-7,1515588547985,0.82439023,-0.06341463,0.407767,0.82439023
2018-1-10T13-49-7,1515588547986,0.8341463,-0.034146342,0.41747573,0.8341463
2018-1-10T13-49-7,1515588547987,0.80487806,-0.07317073,0.41747573,0.80487806
2018-1-10T13-49-7,1515588547988,0.76585364,-0.06341463,0.407767,0.76585364
2018-1-10T13-49-7,1515588547989,0.80487806,-0.034146342,0.44660193,0.80487806
2018-1-10T13-49-7,1515588547990,0.8341463,-0.014634146,0.49514562,0.8341463
2018-1-10T13-49-7,1515588547991,0.87317073,-0.034146342,0.44660193,0.87317073
2018-1-10T13-49-7,1515588547992,0.8829268,0.004878049,0.4368932,0.8829268
2018-1-10T13-49-7,1515588547993,0.902439,-0.043902438,0.46601942,0.902439
2018-1-10T13-49-7,1515588547994,0.8926829,0.004878049,0.4854369,0.8926829
2018-1-10T13-49-7,1515588547995,0.86341465,0.004878049,0.46601942,0.86341465
2018-1-10T13-49-7,1515588547996,0.84390247,-0.034146342,0.42718446,0.84390247
2018-1-10T13-49-7,1515588547997,0.84390247,-0.06341463,0.4368932,0.84390247
2018-1-10T13-49-7,1515588547998,0.8341463,0.014634146,0.46601942,0.8341463
2018-1-10T13-49-7,1515588547999,0.84390247,-0.014634146,0.42718446,0.84390247
2018-1-10T13-49-8,1515588548000,0.81463414,-0.014634146,0.3883495,0.81463414
2018-1-10T13-49-8,1515588548001,0.80487806,-0.043902438,0.407767,0.80487806
2018-1-10T13-49-8,1515588548002,0.80487806,-0.004878049,0.4368932,0.80487806
2018-1-10T13-49-8,1515588548003,0.84390247,-0.004878049,0.46601942,0.84390247
2018-1-10T13-49-8,1515588548004,0.8829268,0.004878049,0.5048544,0.8829268
2018-1-10T13-49-8,1515588548005,0.8926829,-0.024390243,0.4854369,0.8926829
2018-1-10T13-49-8,1515588548006,0.902439,-0.004878049,0.4563107,0.902439
2018-1-10T13-49-8,1515588548007,0.91219515,0.034146342,0.47572815,0.91219515
2018-1-10T13-49-8,1515588548008,0.902439,0.034146342,0.47572815,0.902439
2018-1-10T13-49-8,1515588548009,0.85365856,0.004878049,0.4563107,0.85365856
2018-1-10T13-49-8,1515588548010,0.8341463,-0.014634146,0.42718446,0.8341463
2018-1-10T13-49-8,1515588548011,0.79512197,-0.004878049,0.46601942,0.79512197
2018-1-10T13-49-8,1515588548012,0.82439023,-0.053658538,0.4563107,0.82439023
2018-1-10T13-49-8,1515588548013,0.79512197,-0.10243902,0.3592233,0.79512197
2018-1-10T13-49-8,1515588548014,0.7365854,-0.10243902,0.34951457,0.7365854
2018-1-10T13-49-8,1515588548015,0.74634147,-0.09268293,0.42718446,0.74634147
2018-1-10T13-49-8,1515588548016,0.77560973,-0.07317073,0.46601942,0.77560973
2018-1-10T13-49-8,1515588548017,0.77560973,-0.004878049,0.46601942,0.77560973
2018-1-10T13-49-8,1515588548018,0.82439023,-0.053658538,0.49514562,0.82439023
2018-1-10T13-49-8,1515588548019,0.92195123,-0.024390243,0.5048544,0.92195123
2018-1-10T13-49-8,1515588548020,0.9609756,0.014634146,0.47572815,0.9609756
2018-1-10T13-49-8,1515588548021,0.97073174,0.053658538,0.46601942,0.97073174
2018-1-10T13-49-8,1515588548022,0.9512195,0.014634146,0.52427185,0.9512195
2018-1-10T13-49-8,1515588548023,0.92195123,0.014634146,0.52427185,0.92195123
2018-1-10T13-49-8,1515588548024,0.8926829,-0.024390243,0.4563107,0.8926829
2018-1-10T13-49-8,1515588548025,0.84390247,-0.024390243,0.3883495,0.84390247
2018-1-10T13-49-8,1515588548026,0.75609756,-0.043902438,0.37864077,0.75609756
2018-1-10T13-49-8,1515588548027,0.75609756,-0.043902438,0.39805827,0.75609756
2018-1-10T13-49-8,1515588548028,0.74634147,-0.034146342,0.41747573,0.74634147
2018-1-10T13-49-8,1515588548029,0.76585364,-0.053658538,0.44660193,0.76585364
2018-1-10T13-49-8,1515588548030,0.7853659,-0.053658538,0.39805827,0.7853659
2018-1-10T13-49-8,1515588548031,0.80487806,-0.024390243,0.39805827,0.80487806
2018-1-10T13-49-8,1515588548032,0.82439023,0.004878049,0.44660193,0.82439023
2018-1-10T13-49-8,1515588548033,0.85365856,0.043902438,0.47572815,0.85365856
2018-1-10T13-49-8,1515588548034,0.8829268,-0.043902438,0.4563107,0.8829268
2018-1-10T13-49-8,1515588548035,0.8926829,0.034146342,0.4563107,0.8926829
2018-1-10T13-49-8,1515588548036,0.9317073,0.024390243,0.47572815,0.9317073
2018-1-10T13-49-8,1515588548037,0.92195123,0.024390243,0.46601942,0.92195123
2018-1-10T13-49-8,1515588548038,0.81463414,-0.004878049,0.23300971,0.81463414
2018-1-10T13-49-8,1515588548039,0.86341465,-0.004878049,0.36893204,0.86341465
2018-1-10T13-49-8,1515588548040,0.8341463,-0.034146342,0.46601942,0.8341463
2018-1-10T13-49-8,1515588548041,0.84390247,-0.004878049,0.46601942,0.84390247
2018-1-10T13-49-8,1515588548042,0.82439023,0.004878049,0.46601942,0.82439023
2018-1-10T13-49-8,1515588548043,0.82439023,-0.043902438,0.46601942,0.82439023
2018-1-10T13-49-8,1515588548044,0.84390247,-0.06341463,0.4368932,0.84390247
2018-1-10T13-49-8,1515588548045,0.85365856,-0.024390243,0.44660193,0.85365856
2018-1-10T13-49-8,1515588548046,0.8829268,-0.07317073,0.5145631,0.8829268
2018-1-10T13-49-8,1515588548047,0.8926829,-0.053658538,0.5436893,0.8926829
2018-1-10T13-49-8,1515588548048,0.84390247,-0.004878049,0.39805827,0.84390247
2018-1-10T13-49-8,1515588548049,0.79512197,0.014634146,0.37864077,0.79512197
2018-1-10T13-49-8,1515588548050,0.82439023,0.06341463,0.4854369,0.82439023
2018-1-10T13-49-8,1515588548051,0.81463414,-0.024390243,0.4854369,0.81463414
2018-1-10T13-49-8,1515588548052,0.8341463,-0.004878049,0.36893204,0.8341463
2018-1-10T13-49-8,1515588548053,0.82439023,0.014634146,0.3398058,0.82439023
2018-1-10T13-49-8,1515588548054,0.84390247,-0.004878049,0.407767,0.84390247
2018-1-10T13-49-8,1515588548055,0.7853659,-0.004878049,0.4854369,0.7853659
2018-1-10T13-49-8,1515588548056,0.79512197,-0.043902438,0.47572815,0.79512197
2018-1-10T13-49-8,1515588548057,0.86341465,-0.024390243,0.49514562,0.86341465
2018-1-10T13-49-8,1515588548058,0.91219515,-0.043902438,0.4563107,0.91219515
2018-1-10T13-49-8,1515588548059,0.8829268,-0.024390243,0.39805827,0.8829268
2018-1-10T13-49-8,1515588548060,0.9804878,-0.06341463,0.4368932,0.9804878
2018-1-10T13-49-8,1515588548061,0.84390247,-0.043902438,0.49514562,0.84390247
2018-1-10T13-49-8,1515588548062,0.85365856,-0.053658538,0.4854369,0.85365856
2018-1-10T13-49-8,1515588548063,0.8341463,-0.053658538,0.44660193,0.8341463
2018-1-10T13-49-8,1515588548064,0.86341465,-0.043902438,0.49514562,0.86341465
2018-1-10T13-49-8,1515588548065,0.902439,-0.034146342,0.5048544,0.902439
2018-1-10T13-49-8,1515588548066,0.902439,-0.034146342,0.46601942,0.902439
2018-1-10T13-49-8,1515588548067,0.902439,0.004878049,0.3883495,0.902439
2018-1-10T13-49-8,1515588548068,0.87317073,0.034146342,0.407767,0.87317073
2018-1-10T13-49-8,1515588548069,0.82439023,-0.014634146,0.46601942,0.82439023
2018-1-10T13-49-8,1515588548070,0.79512197,-0.043902438,0.42718446,0.79512197
2018-1-10T13-49-8,1515588548071,0.71707314,-0.034146342,0.41747573,0.71707314
2018-1-10T13-49-8,1515588548072,0.79512197,-0.15121952,0.44660193,0.79512197
2018-1-10T13-49-8,1515588548073,0.8341463,-0.06341463,0.4368932,0.8341463
2018-1-10T13-49-8,1515588548074,0.84390247,-0.004878049,0.47572815,0.84390247
2018-1-10T13-49-8,1515588548075,0.91219515,0.004878049,0.42718446,0.91219515
2018-1-10T13-49-8,1515588548076,0.902439,0.043902438,0.4368932,0.902439
2018-1-10T13-49-8,1515588548077,0.902439,0.024390243,0.47572815,0.902439
2018-1-10T13-49-8,1515588548078,0.87317073,-0.024390243,0.52427185,0.87317073
2018-1-10T13-49-8,1515588548079,0.87317073,-0.014634146,0.5048544,0.87317073
2018-1-10T13-49-8,1515588548080,0.87317073,-0.014634146,0.4368932,0.87317073
2018-1-10T13-49-8,1515588548081,0.85365856,-0.014634146,0.34951457,0.85365856
2018-1-10T13-49-8,1515588548082,0.84390247,-0.043902438,0.44660193,0.84390247
2018-1-10T13-49-8,1515588548083,0.81463414,-0.034146342,0.41747573,0.81463414
2018-1-10T13-49-8,1515588548084,0.80487806,0.014634146,0.44660193,0.80487806
2018-1-10T13-49-8,1515588548085,0.7853659,-0.014634146,0.37864077,0.7853659
2018-1-10T13-49-8,1515588548086,0.76585364,-0.024390243,0.39805827,0.76585364
2018-1-10T13-49-8,1515588548087,0.8341463,-0.034146342,0.46601942,0.8341463
2018-1-10T13-49-8,1515588548088,0.902439,-0.053658538,0.4368932,0.902439
2018-1-10T13-49-8,1515588548089,0.8341463,-0.043902438,0.37864077,0.8341463
2018-1-10T13-49-8,1515588548090,0.8341463,-0.06341463,0.407767,0.8341463
2018-1-10T13-49-8,1515588548091,0.8341463,-0.07317073,0.52427185,0.8341463
2018-1-10T13-49-8,1515588548092,0.85365856,-0.07317073,0.4854369,0.85365856
2018-1-10T13-49-8,1515588548093,0.87317073,-0.053658538,0.4368932,0.87317073
2018-1-10T13-49-8,1515588548094,0.8829268,0.014634146,0.46601942,0.8829268
2018-1-10T13-49-8,1515588548095,0.902439,-0.014634146,0.47572815,0.902439
2018-1-10T13-49-8,1515588548096,0.87317073,-0.034146342,0.44660193,0.87317073
2018-1-10T13-49-8,1515588548097,0.84390247,-0.004878049,0.39805827,0.84390247
2018-1-10T13-49-8,1515588548098,0.87317073,0.004878049,0.47572815,0.87317073
2018-1-10T13-49-8,1515588548099,0.85365856,-0.014634146,0.44660193,0.85365856
2018-1-10T13-49-8,1515588548100,0.80487806,-0.014634146,0.407767,0.80487806
2018-1-10T13-49-8,1515588548101,0.77560973,0.1902439,0.39805827,0.77560973
2018-1-10T13-49-8,1515588548102,0.82439023,-0.014634146,0.46601942,0.82439023
2018-1-10T13-49-8,1515588548103,0.85365856,-0.024390243,0.5048544,0.85365856
2018-1-10T13-49-8,1515588548104,0.86341465,-0.053658538,0.47572815,0.86341465
2018-1-10T13-49-8,1515588548105,0.80487806,-0.024390243,0.41747573,0.80487806
2018-1-10T13-49-8,1515588548106,0.92195123,0.014634146,0.407767,0.92195123
2018-1-10T13-49-8,1515588548107,0.84390247,0.014634146,0.4854369,0.84390247
2018-1-10T13-49-8,1515588548108,0.85365856,0.024390243,0.5048544,0.85365856
2018-1-10T13-49-8,1515588548109,0.85365856,-0.004878049,0.407767,0.85365856
2018-1-10T13-49-8,1515588548110,0.81463414,0.034146342,0.3592233,0.81463414
2018-1-10T13-49-8,1515588548111,0.84390247,0.024390243,0.46601942,0.84390247
2018-1-10T13-49-8,1515588548112,0.86341465,-0.034146342,0.4854369,0.86341465
2018-1-10T13-49-8,1515588548113,0.7853659,-0.043902438,0.3592233,0.7853659
2018-1-10T13-49-8,1515588548114,0.7853659,-0.014634146,0.36893204,0.7853659
2018-1-10T13-49-8,1515588548115,0.82439023,-0.053658538,0.5145631,0.82439023
2018-1-10T13-49-8,1515588548116,0.79512197,-0.08292683,0.46601942,0.79512197
2018-1-10T13-49-8,1515588548117,0.80487806,-0.06341463,0.42718446,0.80487806
2018-1-10T13-49-8,1515588548118,0.79512197,-0.06341463,0.4854369,0.79512197
2018-1-10T13-49-8,1515588548119,0.85365856,-0.053658538,0.5145631,0.85365856
2018-1-10T13-49-8,1515588548120,0.87317073,-0.053658538,0.4368932,0.87317073
2018-1-10T13-49-8,1515588548121,0.80487806,-0.034146342,0.407767,0.80487806
2018-1-10T13-49-8,1515588548122,0.86341465,-0.034146342,0.46601942,0.86341465
2018-1-10T13-49-8,1515588548123,0.87317073,0.06341463,0.5048544,0.87317073
2018-1-10T13-49-8,1515588548124,0.84390247,-0.024390243,0.49514562,0.84390247
2018-1-10T13-49-8,1515588548125,0.85365856,-0.014634146,0.41747573,0.85365856
2018-1-10T13-49-8,1515588548126,0.84390247,-0.014634146,0.47572815,0.84390247
2018-1-10T13-49-8,1515588548127,0.85365856,-0.004878049,0.407767,0.85365856
2018-1-10T13-49-8,1515588548128,0.81463414,-0.014634146,0.407767,0.81463414
2018-1-10T13-49-8,1515588548129,0.82439023,-0.043902438,0.39805827,0.82439023
2018-1-10T13-49-8,1515588548130,0.80487806,-0.014634146,0.44660193,0.80487806
2018-1-10T13-49-8,1515588548131,0.81463414,-0.043902438,0.4854369,0.81463414
2018-1-10T13-49-8,1515588548132,0.82439023,0.024390243,0.4563107,0.82439023
2018-1-10T13-49-8,1515588548133,0.85365856,0.014634146,0.4368932,0.85365856
2018-1-10T13-49-8,1515588548134,0.8829268,0.014634146,0.4368932,0.8829268
2018-1-10T13-49-8,1515588548135,0.87317073,0.024390243,0.44660193,0.87317073
2018-1-10T13-49-8,1515588548136,0.8926829,0.034146342,0.44660193,0.8926829
2018-1-10T13-49-8,1515588548137,0.87317073,0.014634146,0.4563107,0.87317073
2018-1-10T13-49-8,1515588548138,0.85365856,-0.014634146,0.42718446,0.85365856
2018-1-10T13-49-8,1515588548139,0.81463414,0.004878049,0.39805827,0.81463414
2018-1-10T13-49-8,1515588548140,0.79512197,-0.014634146,0.4368932,0.79512197
2018-1-10T13-49-8,1515588548141,0.84390247,-0.043902438,0.47572815,0.84390247
2018-1-10T13-49-8,1515588548142,0.80487806,-0.06341463,0.4368932,0.80487806
2018-1-10T13-49-8,1515588548143,0.8341463,-0.053658538,0.42718446,0.8341463
2018-1-10T13-49-8,1515588548144,0.87317073,-0.053658538,0.49514562,0.87317073
2018-1-10T13-49-8,1515588548145,0.87317073,-0.043902438,0.5048544,0.87317073
2018-1-10T13-49-8,1515588548146,0.86341465,-0.034146342,0.4368932,0.86341465
2018-1-10T13-49-8,1515588548147,0.902439,-0.043902438,0.46601942,0.902439
2018-1-10T13-49-8,1515588548148,0.85365856,-0.043902438,0.4854369,0.85365856
2018-1-10T13-49-8,1515588548149,0.87317073,-0.053658538,0.4563107,0.87317073
2018-1-10T13-49-8,1515588548150,0.82439023,-0.07317073,0.39805827,0.82439023
2018-1-10T13-49-8,1515588548151,0.7853659,-0.07317073,0.39805827,0.7853659
2018-1-10T13-49-8,1515588548152,0.71707314,-0.09268293,0.44660193,0.71707314
2018-1-10T13-49-8,1515588548153,0.79512197,-0.09268293,0.4368932,0.79512197
2018-1-10T13-49-8,1515588548154,0.80487806,-0.06341463,0.39805827,0.80487806
2018-1-10T13-49-8,1515588548155,0.84390247,-0.13170731,0.41747573,0.84390247
2018-1-10T13-49-8,1515588548156,0.87317073,-0.024390243,0.44660193,0.87317073
2018-1-10T13-49-8,1515588548157,0.8829268,-0.004878049,0.5048544,0.8829268
2018-1-10T13-49-8,1515588548158,0.91219515,0.10243902,0.47572815,0.91219515
2018-1-10T13-49-8,1515588548159,0.902439,0.024390243,0.44660193,0.902439
2018-1-10T13-49-8,1515588548160,0.902439,0.004878049,0.47572815,0.902439
2018-1-10T13-49-8,1515588548161,0.86341465,0.024390243,0.47572815,0.86341465
2018-1-10T13-49-8,1515588548162,0.8829268,0.014634146,0.4368932,0.8829268
2018-1-10T13-49-8,1515588548163,0.85365856,0.024390243,0.37864077,0.85365856
2018-1-10T13-49-8,1515588548164,0.84390247,0.024390243,0.44660193,0.84390247
2018-1-10T13-49-8,1515588548165,0.8341463,-0.004878049,0.4368932,0.8341463
2018-1-10T13-49-8,1515588548166,0.8341463,0.014634146,0.39805827,0.8341463
2018-1-10T13-49-8,1515588548167,0.8341463,-0.014634146,0.41747573,0.8341463
2018-1-10T13-49-8,1515588548168,0.86341465,-0.014634146,0.49514562,0.86341465
2018-1-10T13-49-8,1515588548169,0.85365856,-0.014634146,0.49514562,0.85365856
2018-1-10T13-49-8,1515588548170,0.86341465,0.043902438,0.42718446,0.86341465
2018-1-10T13-49-8,1515588548171,0.8829268,0.034146342,0.42718446,0.8829268
2018-1-10T13-49-8,1515588548172,0.85365856,0.024390243,0.4563107,0.85365856
2018-1-10T13-49-8,1515588548173,0.84390247,0.004878049,0.44660193,0.84390247
2018-1-10T13-49-8,1515588548174,0.82439023,-0.043902438,0.4563107,0.82439023
2018-1-10T13-49-8,1515588548175,0.81463414,-0.06341463,0.4368932,0.81463414
2018-1-10T13-49-8,1515588548176,0.79512197,-0.08292683,0.37864077,0.79512197
2018-1-10T13-49-8,1515588548177,0.75609756,-0.11219512,0.3592233,0.75609756
2018-1-10T13-49-8,1515588548178,0.76585364,-0.10243902,0.39805827,0.76585364
2018-1-10T13-49-8,1515588548179,0.75609756,-0.09268293,0.4563107,0.75609756
2018-1-10T13-49-8,1515588548180,0.80487806,-0.08292683,0.44660193,0.80487806
2018-1-10T13-49-8,1515588548181,0.85365856,-0.043902438,0.4368932,0.85365856
2018-1-10T13-49-8,1515588548182,0.8926829,-0.053658538,0.5145631,0.8926829
2018-1-10T13-49-8,1515588548183,0.9317073,-0.024390243,0.5339806,0.9317073
2018-1-10T13-49-8,1515588548184,0.9414634,-0.004878049,0.47572815,0.9414634
2018-1-10T13-49-8,1515588548185,0.9414634,0.043902438,0.4854369,0.9414634
2018-1-10T13-49-8,1515588548186,0.9317073,0.024390243,0.5339806,0.9317073
2018-1-10T13-49-8,1515588548187,0.91219515,-0.004878049,0.5145631,0.91219515
2018-1-10T13-49-8,1515588548188,0.85365856,-0.014634146,0.407767,0.85365856
2018-1-10T13-49-8,1515588548189,0.82439023,-0.004878049,0.407767,0.82439023
2018-1-10T13-49-8,1515588548190,0.81463414,-0.043902438,0.46601942,0.81463414
2018-1-10T13-49-8,1515588548191,0.77560973,0.053658538,0.44660193,0.77560973
2018-1-10T13-49-8,1515588548192,0.7853659,-0.024390243,0.407767,0.7853659
2018-1-10T13-49-8,1515588548193,0.80487806,-0.004878049,0.44660193,0.80487806
2018-1-10T13-49-8,1515588548194,0.81463414,-0.004878049,0.44660193,0.81463414
2018-1-10T13-49-8,1515588548195,0.81463414,0.024390243,0.42718446,0.81463414
2018-1-10T13-49-8,1515588548196,0.80487806,0.024390243,0.407767,0.80487806
2018-1-10T13-49-8,1515588548197,0.85365856,-0.004878049,0.46601942,0.85365856
2018-1-10T13-49-8,1515588548198,0.85365856,0.014634146,0.407767,0.85365856
2018-1-10T13-49-8,1515588548199,0.86341465,0.004878049,0.41747573,0.86341465
2018-1-10T13-49-8,1515588548200,0.7853659,-0.54146343,0.41747573,0.7853659
2018-1-10T13-49-8,1515588548201,0.8341463,-0.024390243,0.4368932,0.8341463
2018-1-10T13-49-8,1515588548202,0.86341465,-0.034146342,0.44660193,0.86341465
2018-1-10T13-49-8,1515588548203,0.84390247,-0.07317073,0.42718446,0.84390247
2018-1-10T13-49-8,1515588548204,0.87317073,-0.053658538,0.44660193,0.87317073
2018-1-10T13-49-8,1515588548205,0.86341465,-0.06341463,0.47572815,0.86341465
2018-1-10T13-49-8,1515588548206,0.86341465,-0.08292683,0.4854369,0.86341465
2018-1-10T13-49-8,1515588548207,0.87317073,-0.07317073,0.44660193,0.87317073
2018-1-10T13-49-8,1515588548208,0.84390247,-0.043902438,0.4563107,0.84390247
2018-1-10T13-49-8,1515588548209,0.84390247,-0.06341463,0.46601942,0.84390247
2018-1-10T13-49-8,1515588548210,0.80487806,-0.06341463,0.49514562,0.80487806
2018-1-10T13-49-8,1515588548211,0.84390247,-0.06341463,0.4854369,0.84390247
2018-1-10T13-49-8,1515588548212,0.85365856,-0.043902438,0.407767,0.85365856
2018-1-10T13-49-8,1515588548213,0.84390247,0.004878049,0.41747573,0.84390247
2018-1-10T13-49-8,1515588548214,0.8341463,0.004878049,0.47572815,0.8341463
2018-1-10T13-49-8,1515588548215,0.85365856,0.004878049,0.44660193,0.85365856
2018-1-10T13-49-8,1515588548216,0.84390247,-0.034146342,0.3883495,0.84390247
2018-1-10T13-49-8,1515588548217,0.85365856,0.07317073,0.3883495,0.85365856
2018-1-10T13-49-8,1515588548218,0.86341465,0.053658538,0.47572815,0.86341465
2018-1-10T13-49-8,1515588548219,0.84390247,0.034146342,0.5048544,0.84390247
2018-1-10T13-49-8,1515588548220,0.86341465,0.034146342,0.44660193,0.86341465
2018-1-10T13-49-8,1515588548221,0.8829268,0.053658538,0.39805827,0.8829268
2018-1-10T13-49-8,1515588548222,0.87317073,0.004878049,0.42718446,0.87317073
2018-1-10T13-49-8,1515588548223,0.82439023,-0.024390243,0.42718446,0.82439023
2018-1-10T13-49-8,1515588548224,0.81463414,-0.053658538,0.46601942,0.81463414
2018-1-10T13-49-8,1515588548225,0.79512197,-0.053658538,0.41747573,0.79512197
2018-1-10T13-49-8,1515588548226,0.81463414,-0.053658538,0.3883495,0.81463414
2018-1-10T13-49-8,1515588548227,0.80487806,-0.053658538,0.44660193,0.80487806
2018-1-10T13-49-8,1515588548228,0.8341463,-0.09268293,0.44660193,0.8341463
2018-1-10T13-49-8,1515588548229,0.82439023,-0.08292683,0.42718446,0.82439023
2018-1-10T13-49-8,1515588548230,0.87317073,-0.08292683,0.47572815,0.87317073
2018-1-10T13-49-8,1515588548231,0.902439,-0.06341463,0.57281554,0.902439
2018-1-10T13-49-8,1515588548232,0.9317073,-0.024390243,0.5048544,0.9317073
2018-1-10T13-49-8,1515588548233,0.92195123,-0.014634146,0.4368932,0.92195123
2018-1-10T13-49-8,1515588548234,0.902439,-0.014634146,0.44660193,0.902439
2018-1-10T13-49-8,1515588548235,0.8926829,-0.004878049,0.4854369,0.8926829
2018-1-10T13-49-8,1515588548236,0.84390247,-0.024390243,0.46601942,0.84390247
2018-1-10T13-49-8,1515588548237,0.81463414,-0.053658538,0.41747573,0.81463414
2018-1-10T13-49-8,1515588548238,0.77560973,-0.06341463,0.36893204,0.77560973
2018-1-10T13-49-8,1515588548239,0.75609756,-0.07317073,0.407767,0.75609756
2018-1-10T13-49-8,1515588548240,0.75609756,-0.07317073,0.39805827,0.75609756
2018-1-10T13-49-8,1515588548241,0.7853659,-0.043902438,0.4368932,0.7853659
2018-1-10T13-49-8,1515588548242,0.81463414,-0.043902438,0.47572815,0.81463414
2018-1-10T13-49-8,1515588548243,0.85365856,-0.08292683,0.44660193,0.85365856
2018-1-10T13-49-8,1515588548244,0.87317073,0.004878049,0.34951457,0.87317073
2018-1-10T13-49-8,1515588548245,0.87317073,0.034146342,0.407767,0.87317073
2018-1-10T13-49-8,1515588548246,0.84390247,0.024390243,0.42718446,0.84390247
2018-1-10T13-49-8,1515588548247,0.82439023,0.034146342,0.4563107,0.82439023
2018-1-10T13-49-8,1515588548248,0.81463414,0.06341463,0.4563107,0.81463414
2018-1-10T13-49-8,1515588548249,0.8829268,0.06341463,0.44660193,0.8829268
2018-1-10T13-49-8,1515588548250,0.86341465,0.034146342,0.42718446,0.86341465
2018-1-10T13-49-8,1515588548251,0.87317073,0.053658538,0.42718446,0.87317073
2018-1-10T13-49-8,1515588548252,0.85365856,-0.043902438,0.4563107,0.85365856
2018-1-10T13-49-8,1515588548253,0.8926829,-0.004878049,0.49514562,0.8926829
2018-1-10T13-49-8,1515588548254,0.8926829,-0.024390243,0.4854369,0.8926829
2018-1-10T13-49-8,1515588548255,0.85365856,-0.043902438,0.44660193,0.85365856
2018-1-10T13-49-8,1515588548256,0.86341465,-0.034146342,0.46601942,0.86341465
2018-1-10T13-49-8,1515588548257,0.8341463,-0.043902438,0.46601942,0.8341463
2018-1-10T13-49-8,1515588548258,0.82439023,-0.024390243,0.44660193,0.82439023
2018-1-10T13-49-8,1515588548259,0.82439023,-0.07317073,0.44660193,0.82439023
2018-1-10T13-49-8,1515588548260,0.8341463,-0.053658538,0.42718446,0.8341463
2018-1-10T13-49-8,1515588548261,0.82439023,-0.043902438,0.37864077,0.82439023
2018-1-10T13-49-8,1515588548262,0.80487806,-0.034146342,0.3883495,0.80487806
2018-1-10T13-49-8,1515588548263,0.7853659,-0.034146342,0.4368932,0.7853659
2018-1-10T13-49-8,1515588548264,0.8341463,-0.034146342,0.4563107,0.8341463
2018-1-10T13-49-8,1515588548265,0.82439023,-0.06341463,0.41747573,0.82439023
2018-1-10T13-49-8,1515588548266,0.8341463,-0.09268293,0.41747573,0.8341463
2018-1-10T13-49-8,1515588548267,0.82439023,-0.08292683,0.4368932,0.82439023
2018-1-10T13-49-8,1515588548268,0.82439023,-0.06341463,0.42718446,0.82439023
2018-1-10T13-49-8,1515588548269,0.82439023,-0.06341463,0.46601942,0.82439023
2018-1-10T13-49-8,1515588548270,0.8341463,-0.024390243,0.4854369,0.8341463
2018-1-10T13-49-8,1515588548271,0.86341465,-0.034146342,0.44660193,0.86341465
2018-1-10T13-49-8,1515588548272,0.8829268,-0.014634146,0.44660193,0.8829268
2018-1-10T13-49-8,1515588548273,0.902439,0.024390243,0.49514562,0.902439
2018-1-10T13-49-8,1515588548274,0.8341463,0.043902438,0.5145631,0.8341463
2018-1-10T13-49-8,1515588548275,0.91219515,0.024390243,0.47572815,0.91219515
2018-1-10T13-49-8,1515588548276,0.8926829,0.014634146,0.42718446,0.8926829
2018-1-10T13-49-8,1515588548277,0.85365856,-0.014634146,0.41747573,0.85365856
2018-1-10T13-49-8,1515588548278,0.82439023,-0.024390243,0.4368932,0.82439023
2018-1-10T13-49-8,1515588548279,0.7853659,-0.034146342,0.41747573,0.7853659
2018-1-10T13-49-8,1515588548280,0.75609756,-0.024390243,0.36893204,0.75609756
2018-1-10T13-49-8,1515588548281,0.74634147,-0.024390243,0.3883495,0.74634147
2018-1-10T13-49-8,1515588548282,0.79512197,-0.034146342,0.4368932,0.79512197
2018-1-10T13-49-8,1515588548283,0.8341463,0.034146342,0.4563107,0.8341463
2018-1-10T13-49-8,1515588548284,0.84390247,-0.024390243,0.44660193,0.84390247
2018-1-10T13-49-8,1515588548285,0.8829268,-0.024390243,0.47572815,0.8829268
2018-1-10T13-49-8,1515588548286,0.8829268,-0.07317073,0.4563107,0.8829268
2018-1-10T13-49-8,1515588548287,0.87317073,-0.014634146,0.44660193,0.87317073
2018-1-10T13-49-8,1515588548288,0.86341465,0.053658538,0.42718446,0.86341465
2018-1-10T13-49-8,1515588548289,0.86341465,0.004878049,0.49514562,0.86341465
2018-1-10T13-49-8,1515588548290,0.86341465,-0.014634146,0.47572815,0.86341465
2018-1-10T13-49-8,1515588548291,0.84390247,-0.024390243,0.4854369,0.84390247
2018-1-10T13-49-8,1515588548292,0.85365856,-0.014634146,0.41747573,0.85365856
2018-1-10T13-49-8,1515588548293,0.8829268,-0.014634146,0.44660193,0.8829268
2018-1-10T13-49-8,1515588548294,0.902439,-0.09268293,0.5533981,0.902439
2018-1-10T13-49-8,1515588548295,0.902439,-0.043902438,0.52427185,0.902439
2018-1-10T13-49-8,1515588548296,0.87317073,-0.034146342,0.39805827,0.87317073
2018-1-10T13-49-8,1515588548297,0.82439023,-0.053658538,0.39805827,0.82439023
2018-1-10T13-49-8,1515588548298,0.80487806,-0.06341463,0.4854369,0.80487806
2018-1-10T13-49-8,1515588548299,0.7853659,-0.09268293,0.4854369,0.7853659
2018-1-10T13-49-8,1515588548300,0.75609756,-0.07317073,0.3883495,0.75609756
2018-1-10T13-49-8,1515588548301,0.7853659,-0.043902438,0.3592233,0.7853659
2018-1-10T13-49-8,1515588548302,0.81463414,-0.043902438,0.44660193,0.81463414
2018-1-10T13-49-8,1515588548303,0.81463414,-0.014634146,0.4368932,0.81463414
2018-1-10T13-49-8,1515588548304,0.81463414,0.014634146,0.37864077,0.81463414
2018-1-10T13-49-8,1515588548305,0.8829268,0.024390243,0.44660193,0.8829268
2018-1-10T13-49-8,1515588548306,0.8829268,-0.004878049,0.5048544,0.8829268
2018-1-10T13-49-8,1515588548307,0.8926829,0.004878049,0.4563107,0.8926829
2018-1-10T13-49-8,1515588548308,0.87317073,0.014634146,0.41747573,0.87317073
2018-1-10T13-49-8,1515588548309,0.84390247,-0.024390243,0.5436893,0.84390247
2018-1-10T13-49-8,1515588548310,0.87317073,-0.043902438,0.49514562,0.87317073
2018-1-10T13-49-8,1515588548311,0.8341463,-0.004878049,0.4368932,0.8341463
2018-1-10T13-49-8,1515588548312,0.8829268,-0.014634146,0.407767,0.8829268
2018-1-10T13-49-8,1515588548313,0.8341463,-0.004878049,0.4563107,0.8341463
2018-1-10T13-49-8,1515588548314,0.81463414,-0.014634146,0.4368932,0.81463414
2018-1-10T13-49-8,1515588548315,0.84390247,-0.004878049,0.46601942,0.84390247
2018-1-10T13-49-8,1515588548316,0.86341465,-0.034146342,0.52427185,0.86341465
2018-1-10T13-49-8,1515588548317,0.902439,-0.053658538,0.47572815,0.902439
2018-1-10T13-49-8,1515588548318,0.9512195,-0.014634146,0.41747573,0.9512195
2018-1-10T13-49-8,1515588548319,0.902439,0.004878049,0.407767,0.902439
2018-1-10T13-49-8,1515588548320,0.8341463,0.004878049,0.49514562,0.8341463
2018-1-10T13-49-8,1515588548321,0.81463414,-0.014634146,0.4854369,0.81463414
2018-1-10T13-49-8,1515588548322,0.79512197,-0.043902438,0.3883495,0.79512197
2018-1-10T13-49-8,1515588548323,0.79512197,-0.024390243,0.36893204,0.79512197
2018-1-10T13-49-8,1515588548324,0.79512197,-0.043902438,0.4368932,0.79512197
2018-1-10T13-49-8,1515588548325,0.79512197,-0.043902438,0.42718446,0.79512197
2018-1-10T13-49-8,1515588548326,0.80487806,-0.043902438,0.39805827,0.80487806
2018-1-10T13-49-8,1515588548327,0.8341463,-0.15121952,0.42718446,0.8341463
2018-1-10T13-49-8,1515588548328,0.84390247,-0.043902438,0.47572815,0.84390247
2018-1-10T13-49-8,1515588548329,0.86341465,-0.024390243,0.47572815,0.86341465
2018-1-10T13-49-8,1515588548330,0.8829268,-0.053658538,0.46601942,0.8829268
2018-1-10T13-49-8,1515588548331,0.8926829,-0.014634146,0.4563107,0.8926829
2018-1-10T13-49-8,1515588548332,0.902439,0.06341463,0.47572815,0.902439
2018-1-10T13-49-8,1515588548333,0.8926829,-0.004878049,0.5145631,0.8926829
2018-1-10T13-49-8,1515588548334,0.8926829,-0.004878049,0.49514562,0.8926829
2018-1-10T13-49-8,1515588548335,0.902439,0.004878049,0.47572815,0.902439
2018-1-10T13-49-8,1515588548336,0.8829268,-0.004878049,0.4368932,0.8829268
2018-1-10T13-49-8,1515588548337,0.8341463,-0.034146342,0.407767,0.8341463
2018-1-10T13-49-8,1515588548338,0.79512197,-0.004878049,0.407767,0.79512197
2018-1-10T13-49-8,1515588548339,0.82439023,-0.034146342,0.44660193,0.82439023
2018-1-10T13-49-8,1515588548340,0.79512197,-0.053658538,0.47572815,0.79512197
2018-1-10T13-49-8,1515588548341,0.79512197,-0.06341463,0.407767,0.79512197
2018-1-10T13-49-8,1515588548342,0.76585364,-0.043902438,0.37864077,0.76585364
2018-1-10T13-49-8,1515588548343,0.80487806,-0.024390243,0.41747573,0.80487806
2018-1-10T13-49-8,1515588548344,0.81463414,-0.034146342,0.4854369,0.81463414
2018-1-10T13-49-8,1515588548345,0.84390247,-0.034146342,0.4854369,0.84390247
2018-1-10T13-49-8,1515588548346,0.8829268,-0.004878049,0.407767,0.8829268
2018-1-10T13-49-8,1515588548347,0.902439,-0.004878049,0.407767,0.902439
2018-1-10T13-49-8,1515588548348,0.8926829,0.004878049,0.47572815,0.8926829
2018-1-10T13-49-8,1515588548349,0.87317073,-0.034146342,0.52427185,0.87317073
2018-1-10T13-49-8,1515588548350,0.8926829,-0.053658538,0.46601942,0.8926829
2018-1-10T13-49-8,1515588548351,0.8829268,-0.034146342,0.42718446,0.8829268
2018-1-10T13-49-8,1515588548352,0.87317073,-0.024390243,0.4368932,0.87317073
2018-1-10T13-49-8,1515588548353,0.86341465,-0.034146342,0.46601942,0.86341465
2018-1-10T13-49-8,1515588548354,0.82439023,-0.034146342,0.4563107,0.82439023
2018-1-10T13-49-8,1515588548355,0.8341463,-0.024390243,0.4368932,0.8341463
2018-1-10T13-49-8,1515588548356,0.84390247,-0.024390243,0.44660193,0.84390247
2018-1-10T13-49-8,1515588548357,0.84390247,-0.014634146,0.46601942,0.84390247
2018-1-10T13-49-8,1515588548358,0.81463414,-0.014634146,0.44660193,0.81463414
2018-1-10T13-49-8,1515588548359,0.85365856,-0.06341463,0.44660193,0.85365856
2018-1-10T13-49-8,1515588548360,0.87317073,0.004878049,0.4854369,0.87317073
2018-1-10T13-49-8,1515588548361,0.87317073,-0.004878049,0.47572815,0.87317073
2018-1-10T13-49-8,1515588548362,0.85365856,-0.014634146,0.39805827,0.85365856
2018-1-10T13-49-8,1515588548363,0.82439023,0.024390243,0.36893204,0.82439023
2018-1-10T13-49-8,1515588548364,0.80487806,0.014634146,0.4368932,0.80487806
2018-1-10T13-49-8,1515588548365,0.80487806,-0.024390243,0.4563107,0.80487806
2018-1-10T13-49-8,1515588548366,0.80487806,0.043902438,0.42718446,0.80487806
2018-1-10T13-49-8,1515588548367,0.81463414,-0.034146342,0.3883495,0.81463414
2018-1-10T13-49-8,1515588548368,0.81463414,-0.053658538,0.3883495,0.81463414
2018-1-10T13-49-8,1515588548369,0.82439023,-0.043902438,0.4368932,0.82439023
2018-1-10T13-49-8,1515588548370,0.81463414,-0.043902438,0.44660193,0.81463414
2018-1-10T13-49-8,1515588548371,0.82439023,-0.034146342,0.5048544,0.82439023
2018-1-10T13-49-8,1515588548372,0.85365856,-0.043902438,0.49514562,0.85365856
2018-1-10T13-49-8,1515588548373,0.8926829,-0.034146342,0.41747573,0.8926829
2018-1-10T13-49-8,1515588548374,0.8829268,-0.014634146,0.41747573,0.8829268
2018-1-10T13-49-8,1515588548375,0.902439,-0.024390243,0.5145631,0.902439
2018-1-10T13-49-8,1515588548376,0.87317073,-0.034146342,0.52427185,0.87317073
2018-1-10T13-49-8,1515588548377,0.9317073,-0.034146342,0.46601942,0.9317073
2018-1-10T13-49-8,1515588548378,0.87317073,0.06341463,0.39805827,0.87317073
2018-1-10T13-49-8,1515588548379,0.8341463,-0.043902438,0.407767,0.8341463
2018-1-10T13-49-8,1515588548380,0.79512197,-0.034146342,0.4563107,0.79512197
2018-1-10T13-49-8,1515588548381,0.82439023,-0.004878049,0.5048544,0.82439023
2018-1-10T13-49-8,1515588548382,0.86341465,-0.053658538,0.4854369,0.86341465
2018-1-10T13-49-8,1515588548383,0.85365856,-0.034146342,0.41747573,0.85365856
2018-1-10T13-49-8,1515588548384,0.82439023,-0.024390243,0.37864077,0.82439023
2018-1-10T13-49-8,1515588548385,0.79512197,-0.043902438,0.4368932,0.79512197
2018-1-10T13-49-8,1515588548386,0.81463414,-0.004878049,0.5145631,0.81463414
2018-1-10T13-49-8,1515588548387,0.84390247,0.11219512,0.47572815,0.84390247
2018-1-10T13-49-8,1515588548388,0.8926829,0.014634146,0.44660193,0.8926829
2018-1-10T13-49-8,1515588548389,0.97073174,0.024390243,0.407767,0.97073174
2018-1-10T13-49-8,1515588548390,0.92195123,0.053658538,0.407767,0.92195123
2018-1-10T13-49-8,1515588548391,0.84390247,0.043902438,0.407767,0.84390247
2018-1-10T13-49-8,1515588548392,0.84390247,0.034146342,0.46601942,0.84390247
2018-1-10T13-49-8,1515588548393,0.8341463,-0.014634146,0.52427185,0.8341463
2018-1-10T13-49-8,1515588548394,0.82439023,-0.034146342,0.41747573,0.82439023
2018-1-10T13-49-8,1515588548395,0.79512197,-0.034146342,0.39805827,0.79512197
2018-1-10T13-49-8,1515588548396,0.77560973,-0.043902438,0.42718446,0.77560973
2018-1-10T13-49-8,1515588548397,0.81463414,-0.06341463,0.5145631,0.81463414
2018-1-10T13-49-8,1515588548398,0.84390247,-0.08292683,0.5145631,0.84390247
2018-1-10T13-49-8,1515588548399,0.8926829,-0.07317073,0.4563107,0.8926829
2018-1-10T13-49-8,1515588548400,0.92195123,-0.043902438,0.41747573,0.92195123
2018-1-10T13-49-8,1515588548401,0.902439,-0.004878049,0.4563107,0.902439
2018-1-10T13-49-8,1515588548402,0.85365856,-0.024390243,0.47572815,0.85365856
2018-1-10T13-49-8,1515588548403,0.84390247,0.014634146,0.46601942,0.84390247
2018-1-10T13-49-8,1515588548404,0.8341463,-0.07317073,0.4368932,0.8341463
2018-1-10T13-49-8,1515588548405,0.81463414,-0.053658538,0.39805827,0.81463414
2018-1-10T13-49-8,1515588548406,0.80487806,-0.053658538,0.407767,0.80487806
2018-1-10T13-49-8,1515588548407,0.80487806,-0.043902438,0.47572815,0.80487806
2018-1-10T13-49-8,1515588548408,0.82439023,-0.06341463,0.42718446,0.82439023
2018-1-10T13-49-8,1515588548409,0.82439023,0.024390243,0.37864077,0.82439023
2018-1-10T13-49-8,1515588548410,0.8341463,-0.014634146,0.407767,0.8341463
2018-1-10T13-49-8,1515588548411,0.85365856,-0.053658538,0.5145631,0.85365856
2018-1-10T13-49-8,1515588548412,0.85365856,-0.004878049,0.4854369,0.85365856
2018-1-10T13-49-8,1515588548413,0.86341465,0.034146342,0.407767,0.86341465
2018-1-10T13-49-8,1515588548414,0.902439,0.1609756,0.44660193,0.902439
2018-1-10T13-49-8,1515588548415,0.8926829,0.024390243,0.44660193,0.8926829
2018-1-10T13-49-8,1515588548416,0.82439023,0.014634146,0.44660193,0.82439023
2018-1-10T13-49-8,1515588548417,0.85365856,-0.014634146,0.39805827,0.85365856
2018-1-10T13-49-8,1515588548418,0.85365856,0.004878049,0.4368932,0.85365856
2018-1-10T13-49-8,1515588548419,0.77560973,-0.024390243,0.44660193,0.77560973
2018-1-10T13-49-8,1515588548420,0.79512197,-0.024390243,0.407767,0.79512197
2018-1-10T13-49-8,1515588548421,0.80487806,-0.034146342,0.4368932,0.80487806
2018-1-10T13-49-8,1515588548422,0.85365856,-0.053658538,0.52427185,0.85365856
2018-1-10T13-49-8,1515588548423,0.85365856,-0.043902438,0.4368932,0.85365856
2018-1-10T13-49-8,1515588548424,0.84390247,-0.024390243,0.407767,0.84390247
2018-1-10T13-49-8,1515588548425,0.9414634,-0.014634146,0.4563107,0.9414634
2018-1-10T13-49-8,1515588548426,0.85365856,-0.09268293,0.49514562,0.85365856
2018-1-10T13-49-8,1515588548427,0.85365856,-0.014634146,0.49514562,0.85365856
2018-1-10T13-49-8,1515588548428,0.85365856,-0.024390243,0.4368932,0.85365856
2018-1-10T13-49-8,1515588548429,0.8829268,-0.024390243,0.39805827,0.8829268
2018-1-10T13-49-8,1515588548430,0.85365856,-0.014634146,0.42718446,0.85365856
2018-1-10T13-49-8,1515588548431,0.82439023,-0.08292683,0.407767,0.82439023
2018-1-10T13-49-8,1515588548432,0.80487806,-0.053658538,0.3883495,0.80487806
2018-1-10T13-49-8,1515588548433,0.76585364,-0.06341463,0.407767,0.76585364
2018-1-10T13-49-8,1515588548434,0.79512197,-0.08292683,0.4563107,0.79512197
2018-1-10T13-49-8,1515588548435,0.80487806,-0.11219512,0.5145631,0.80487806
2018-1-10T13-49-8,1515588548436,0.8341463,-0.06341463,0.4563107,0.8341463
2018-1-10T13-49-8,1515588548437,0.86341465,-0.004878049,0.39805827,0.86341465
2018-1-10T13-49-8,1515588548438,0.86341465,0.004878049,0.47572815,0.86341465
2018-1-10T13-49-8,1515588548439,0.8926829,0.004878049,0.5048544,0.8926829
2018-1-10T13-49-8,1515588548440,0.87317073,0.07317073,0.44660193,0.87317073
2018-1-10T13-49-8,1515588548441,0.8829268,0.024390243,0.407767,0.8829268
2018-1-10T13-49-8,1515588548442,0.8926829,-0.024390243,0.4854369,0.8926829
2018-1-10T13-49-8,1515588548443,0.87317073,0.004878049,0.4854369,0.87317073
2018-1-10T13-49-8,1515588548444,0.85365856,0.004878049,0.407767,0.85365856
2018-1-10T13-49-8,1515588548445,0.9512195,0.024390243,0.41747573,0.9512195
2018-1-10T13-49-8,1515588548446,0.84390247,-0.004878049,0.44660193,0.84390247
2018-1-10T13-49-8,1515588548447,0.85365856,-0.014634146,0.4368932,0.85365856
2018-1-10T13-49-8,1515588548448,0.81463414,0.004878049,0.4563107,0.81463414
2018-1-10T13-49-8,1515588548449,0.84390247,-0.024390243,0.4368932,0.84390247
2018-1-10T13-49-8,1515588548450,0.81463414,-0.034146342,0.3883495,0.81463414
2018-1-10T13-49-8,1515588548451,0.77560973,-0.004878049,0.3883495,0.77560973
2018-1-10T13-49-8,1515588548452,0.81463414,-0.053658538,0.41747573,0.81463414
2018-1-10T13-49-8,1515588548453,0.80487806,-0.07317073,0.4563107,0.80487806
2018-1-10T13-49-8,1515588548454,0.79512197,-0.034146342,0.42718446,0.79512197
2018-1-10T13-49-8,1515588548455,0.8926829,-0.034146342,0.42718446,0.8926829
2018-1-10T13-49-8,1515588548456,0.85365856,-0.06341463,0.4563107,0.85365856
2018-1-10T13-49-8,1515588548457,0.8829268,-0.043902438,0.4854369,0.8829268
2018-1-10T13-49-8,1515588548458,0.92195123,-0.024390243,0.5048544,0.92195123
2018-1-10T13-49-8,1515588548459,0.9317073,-0.053658538,0.4854369,0.9317073
2018-1-10T13-49-8,1515588548460,0.8926829,-0.014634146,0.4563107,0.8926829
2018-1-10T13-49-8,1515588548461,0.8926829,0.004878049,0.47572815,0.8926829
2018-1-10T13-49-8,1515588548462,0.8341463,-0.024390243,0.46601942,0.8341463
2018-1-10T13-49-8,1515588548463,0.80487806,-0.034146342,0.4563107,0.80487806
2018-1-10T13-49-8,1515588548464,0.81463414,-0.034146342,0.42718446,0.81463414
2018-1-10T13-49-8,1515588548465,0.81463414,-0.06341463,0.42718446,0.81463414
2018-1-10T13-49-8,1515588548466,0.82439023,-0.043902438,0.42718446,0.82439023
2018-1-10T13-49-8,1515588548467,0.80487806,-0.014634146,0.41747573,0.80487806
2018-1-10T13-49-8,1515588548468,0.81463414,-0.014634146,0.44660193,0.81463414
2018-1-10T13-49-8,1515588548469,0.82439023,-0.004878049,0.44660193,0.82439023
2018-1-10T13-49-8,1515588548470,0.81463414,0.004878049,0.44660193,0.81463414
2018-1-10T13-49-8,1515588548471,0.84390247,0.014634146,0.41747573,0.84390247
2018-1-10T13-49-8,1515588548472,0.85365856,0.024390243,0.46601942,0.85365856
2018-1-10T13-49-8,1515588548473,0.87317073,0.024390243,0.4854369,0.87317073
2018-1-10T13-49-8,1515588548474,0.97073174,0.053658538,0.4854369,0.97073174
2018-1-10T13-49-8,1515588548475,0.8926829,0.004878049,0.4368932,0.8926829
2018-1-10T13-49-8,1515588548476,0.86341465,-0.004878049,0.3883495,0.86341465
2018-1-10T13-49-8,1515588548477,0.86341465,-0.014634146,0.4368932,0.86341465
2018-1-10T13-49-8,1515588548478,0.8341463,-0.034146342,0.4563107,0.8341463
2018-1-10T13-49-8,1515588548479,0.80487806,-0.043902438,0.42718446,0.80487806
2018-1-10T13-49-8,1515588548480,0.76585364,-0.043902438,0.41747573,0.76585364
2018-1-10T13-49-8,1515588548481,0.80487806,-0.043902438,0.39805827,0.80487806
2018-1-10T13-49-8,1515588548482,0.80487806,-0.053658538,0.4368932,0.80487806
2018-1-10T13-49-8,1515588548483,0.81463414,-0.014634146,0.47572815,0.81463414
2018-1-10T13-49-8,1515588548484,0.80487806,-0.08292683,0.47572815,0.80487806
2018-1-10T13-49-8,1515588548485,0.85365856,-0.053658538,0.37864077,0.85365856
2018-1-10T13-49-8,1515588548486,0.87317073,-0.014634146,0.46601942,0.87317073
2018-1-10T13-49-8,1515588548487,0.86341465,-0.024390243,0.5048544,0.86341465
2018-1-10T13-49-8,1515588548488,0.8829268,-0.004878049,0.47572815,0.8829268
2018-1-10T13-49-8,1515588548489,0.8829268,0.014634146,0.4368932,0.8829268
2018-1-10T13-49-8,1515588548490,0.8829268,-0.004878049,0.44660193,0.8829268
2018-1-10T13-49-8,1515588548491,0.87317073,0.053658538,0.46601942,0.87317073
2018-1-10T13-49-8,1515588548492,0.8341463,-0.014634146,0.42718446,0.8341463
2018-1-10T13-49-8,1515588548493,0.81463414,-0.043902438,0.37864077,0.81463414
2018-1-10T13-49-8,1515588548494,0.7853659,-0.024390243,0.37864077,0.7853659
2018-1-10T13-49-8,1515588548495,0.76585364,-0.004878049,0.42718446,0.76585364
2018-1-10T13-49-8,1515588548496,0.79512197,-0.043902438,0.44660193,0.79512197
2018-1-10T13-49-8,1515588548497,0.80487806,-0.024390243,0.4563107,0.80487806
2018-1-10T13-49-8,1515588548498,0.86341465,0.014634146,0.4563107,0.86341465
2018-1-10T13-49-8,1515588548499,0.91219515,0.034146342,0.4854369,0.91219515
2018-1-10T13-49-8,1515588548500,0.9804878,0.014634146,0.4854369,0.9804878
2018-1-10T13-49-8,1515588548501,0.92195123,0.024390243,0.47572815,0.92195123
2018-1-10T13-49-8,1515588548502,0.902439,0.014634146,0.47572815,0.902439
2018-1-10T13-49-8,1515588548503,0.86341465,-0.014634146,0.44660193,0.86341465
2018-1-10T13-49-8,1515588548504,0.84390247,-0.004878049,0.39805827,0.84390247
2018-1-10T13-49-8,1515588548505,0.77560973,-0.034146342,0.3883495,0.77560973
2018-1-10T13-49-8,1515588548506,0.76585364,-0.06341463,0.36893204,0.76585364
2018-1-10T13-49-8,1515588548507,0.79512197,-0.034146342,0.42718446,0.79512197
2018-1-10T13-49-8,1515588548508,0.79512197,-0.06341463,0.41747573,0.79512197
2018-1-10T13-49-8,1515588548509,0.80487806,-0.06341463,0.41747573,0.80487806
2018-1-10T13-49-8,1515588548510,0.81463414,-0.06341463,0.5048544,0.81463414
2018-1-10T13-49-8,1515588548511,0.8926829,-0.07317073,0.5048544,0.8926829
2018-1-10T13-49-8,1515588548512,0.902439,-0.043902438,0.46601942,0.902439
2018-1-10T13-49-8,1515588548513,0.8926829,-0.024390243,0.4368932,0.8926829
2018-1-10T13-49-8,1515588548514,0.9317073,-0.004878049,0.4854369,0.9317073
2018-1-10T13-49-8,1515588548515,0.87317073,-0.043902438,0.49514562,0.87317073
2018-1-10T13-49-8,1515588548516,0.8341463,-0.034146342,0.41747573,0.8341463
2018-1-10T13-49-8,1515588548517,0.8341463,-0.014634146,0.3883495,0.8341463
2018-1-10T13-49-8,1515588548518,0.82439023,0.014634146,0.4563107,0.82439023
2018-1-10T13-49-8,1515588548519,0.85365856,-0.014634146,0.4854369,0.85365856
2018-1-10T13-49-8,1515588548520,0.84390247,-0.014634146,0.46601942,0.84390247
2018-1-10T13-49-8,1515588548521,0.8341463,-0.004878049,0.407767,0.8341463
2018-1-10T13-49-8,1515588548522,0.8829268,0.06341463,0.407767,0.8829268
2018-1-10T13-49-8,1515588548523,0.85365856,0.014634146,0.49514562,0.85365856
2018-1-10T13-49-8,1515588548524,0.84390247,-0.024390243,0.5145631,0.84390247
2018-1-10T13-49-8,1515588548525,0.79512197,-0.014634146,0.44660193,0.79512197
2018-1-10T13-49-8,1515588548526,0.8341463,-0.014634146,0.44660193,0.8341463
2018-1-10T13-49-8,1515588548527,0.86341465,-0.014634146,0.42718446,0.86341465
2018-1-10T13-49-8,1515588548528,0.7853659,-0.024390243,0.46601942,0.7853659
2018-1-10T13-49-8,1515588548529,0.7853659,-0.014634146,0.41747573,0.7853659
2018-1-10T13-49-8,1515588548530,0.85365856,0.014634146,0.407767,0.85365856
2018-1-10T13-49-8,1515588548531,0.84390247,0.014634146,0.41747573,0.84390247
2018-1-10T13-49-8,1515588548532,0.8341463,0.014634146,0.3883495,0.8341463
2018-1-10T13-49-8,1515588548533,0.80487806,-0.014634146,0.407767,0.80487806
2018-1-10T13-49-8,1515588548534,0.82439023,-0.034146342,0.44660193,0.82439023
2018-1-10T13-49-8,1515588548535,0.84390247,0.024390243,0.47572815,0.84390247
2018-1-10T13-49-8,1515588548536,0.92195123,-0.043902438,0.46601942,0.92195123
2018-1-10T13-49-8,1515588548537,0.85365856,-0.043902438,0.4854369,0.85365856
2018-1-10T13-49-8,1515588548538,0.84390247,-0.034146342,0.46601942,0.84390247
2018-1-10T13-49-8,1515588548539,0.86341465,-0.043902438,0.4854369,0.86341465
2018-1-10T13-49-8,1515588548540,0.86341465,-0.043902438,0.4563107,0.86341465
2018-1-10T13-49-8,1515588548541,0.84390247,-0.024390243,0.407767,0.84390247
2018-1-10T13-49-8,1515588548542,0.8341463,-0.024390243,0.41747573,0.8341463
2018-1-10T13-49-8,1515588548543,0.82439023,-0.034146342,0.4563107,0.82439023
2018-1-10T13-49-8,1515588548544,0.8341463,0.004878049,0.44660193,0.8341463
2018-1-10T13-49-8,1515588548545,0.87317073,0.004878049,0.46601942,0.87317073
2018-1-10T13-49-8,1515588548546,0.86341465,-0.024390243,0.44660193,0.86341465
2018-1-10T13-49-8,1515588548547,0.85365856,-0.024390243,0.407767,0.85365856
2018-1-10T13-49-8,1515588548548,0.84390247,-0.004878049,0.41747573,0.84390247
2018-1-10T13-49-8,1515588548549,0.8341463,-0.024390243,0.42718446,0.8341463
2018-1-10T13-49-8,1515588548550,0.79512197,-0.043902438,0.4368932,0.79512197
2018-1-10T13-49-8,1515588548551,0.8341463,-0.024390243,0.44660193,0.8341463
2018-1-10T13-49-8,1515588548552,0.85365856,-0.024390243,0.5048544,0.85365856
2018-1-10T13-49-8,1515588548553,0.8829268,-0.043902438,0.49514562,0.8829268
2018-1-10T13-49-8,1515588548554,0.902439,-0.004878049,0.37864077,0.902439
2018-1-10T13-49-8,1515588548555,0.8926829,-0.024390243,0.44660193,0.8926829
2018-1-10T13-49-8,1515588548556,0.8829268,0.014634146,0.4854369,0.8829268
2018-1-10T13-49-8,1515588548557,0.87317073,0.034146342,0.46601942,0.87317073
2018-1-10T13-49-8,1515588548558,0.81463414,-0.014634146,0.407767,0.81463414
2018-1-10T13-49-8,1515588548559,0.79512197,-0.034146342,0.407767,0.79512197
2018-1-10T13-49-8,1515588548560,0.82439023,-0.043902438,0.4368932,0.82439023
2018-1-10T13-49-8,1515588548561,0.80487806,-0.053658538,0.44660193,0.80487806
2018-1-10T13-49-8,1515588548562,0.79512197,-0.043902438,0.42718446,0.79512197
2018-1-10T13-49-8,1515588548563,0.82439023,-0.053658538,0.44660193,0.82439023
2018-1-10T13-49-8,1515588548564,0.84390247,-0.07317073,0.4563107,0.84390247
2018-1-10T13-49-8,1515588548565,0.85365856,-0.053658538,0.4368932,0.85365856
2018-1-10T13-49-8,1515588548566,0.85365856,-0.024390243,0.41747573,0.85365856
2018-1-10T13-49-8,1515588548567,0.84390247,-0.09268293,0.46601942,0.84390247
2018-1-10T13-49-8,1515588548568,0.87317073,-0.014634146,0.5048544,0.87317073
2018-1-10T13-49-8,1515588548569,0.8926829,0.004878049,0.4563107,0.8926829
2018-1-10T13-49-8,1515588548570,0.91219515,-0.004878049,0.42718446,0.91219515
2018-1-10T13-49-8,1515588548571,0.86341465,-0.004878049,0.407767,0.86341465
2018-1-10T13-49-8,1515588548572,0.82439023,0.004878049,0.4563107,0.82439023
2018-1-10T13-49-8,1515588548573,0.85365856,0.004878049,0.5048544,0.85365856
2018-1-10T13-49-8,1515588548574,0.84390247,0.014634146,0.42718446,0.84390247
2018-1-10T13-49-8,1515588548575,0.81463414,0.024390243,0.37864077,0.81463414
2018-1-10T13-49-8,1515588548576,0.8341463,0.024390243,0.41747573,0.8341463
2018-1-10T13-49-8,1515588548577,0.84390247,0.014634146,0.42718446,0.84390247
2018-1-10T13-49-8,1515588548578,0.81463414,0.004878049,0.4368932,0.81463414
2018-1-10T13-49-8,1515588548579,0.81463414,-0.014634146,0.407767,0.81463414
2018-1-10T13-49-8,1515588548580,0.77560973,-0.08292683,0.4368932,0.77560973
2018-1-10T13-49-8,1515588548581,0.79512197,-0.08292683,0.47572815,0.79512197
2018-1-10T13-49-8,1515588548582,0.81463414,-0.053658538,0.46601942,0.81463414
2018-1-10T13-49-8,1515588548583,0.84390247,-0.07317073,0.407767,0.84390247
2018-1-10T13-49-8,1515588548584,0.85365856,-0.053658538,0.42718446,0.85365856
2018-1-10T13-49-8,1515588548585,0.8341463,-0.09268293,0.46601942,0.8341463
2018-1-10T13-49-8,1515588548586,0.902439,-0.014634146,0.5048544,0.902439
2018-1-10T13-49-8,1515588548587,0.902439,-0.053658538,0.49514562,0.902439
2018-1-10T13-49-8,1515588548588,0.91219515,-0.004878049,0.5145631,0.91219515
2018-1-10T13-49-8,1515588548589,0.8829268,-0.024390243,0.49514562,0.8829268
2018-1-10T13-49-8,1515588548590,0.91219515,-0.024390243,0.5145631,0.91219515
2018-1-10T13-49-8,1515588548591,0.87317073,-0.014634146,0.44660193,0.87317073
2018-1-10T13-49-8,1515588548592,0.85365856,-0.014634146,0.39805827,0.85365856
2018-1-10T13-49-8,1515588548593,0.84390247,0.043902438,0.41747573,0.84390247
2018-1-10T13-49-8,1515588548594,0.76585364,-0.034146342,0.4563107,0.76585364
2018-1-10T13-49-8,1515588548595,0.82439023,-0.014634146,0.52427185,0.82439023
2018-1-10T13-49-8,1515588548596,0.82439023,-0.024390243,0.4368932,0.82439023
2018-1-10T13-49-8,1515588548597,0.84390247,-0.014634146,0.42718446,0.84390247
2018-1-10T13-49-8,1515588548598,0.85365856,-0.004878049,0.42718446,0.85365856
2018-1-10T13-49-8,1515588548599,0.84390247,-0.024390243,0.4368932,0.84390247
2018-1-10T13-49-8,1515588548600,0.79512197,0.004878049,0.42718446,0.79512197
2018-1-10T13-49-8,1515588548601,0.77560973,-0.024390243,0.37864077,0.77560973
2018-1-10T13-49-8,1515588548602,0.79512197,-0.034146342,0.41747573,0.79512197
2018-1-10T13-49-8,1515588548603,0.84390247,-0.043902438,0.41747573,0.84390247
2018-1-10T13-49-8,1515588548604,0.81463414,-0.034146342,0.407767,0.81463414
2018-1-10T13-49-8,1515588548605,0.85365856,0.014634146,0.4563107,0.85365856
2018-1-10T13-49-8,1515588548606,0.902439,-0.004878049,0.4563107,0.902439
2018-1-10T13-49-8,1515588548607,0.91219515,-0.004878049,0.47572815,0.91219515
2018-1-10T13-49-8,1515588548608,0.902439,-0.024390243,0.42718446,0.902439
2018-1-10T13-49-8,1515588548609,0.8926829,-0.034146342,0.46601942,0.8926829
2018-1-10T13-49-8,1515588548610,0.87317073,-0.024390243,0.52427185,0.87317073
2018-1-10T13-49-8,1515588548611,0.87317073,-0.034146342,0.49514562,0.87317073
2018-1-10T13-49-8,1515588548612,0.86341465,-0.053658538,0.44660193,0.86341465
2018-1-10T13-49-8,1515588548613,0.84390247,-0.06341463,0.4368932,0.84390247
2018-1-10T13-49-8,1515588548614,0.91219515,-0.053658538,0.44660193,0.91219515
2018-1-10T13-49-8,1515588548615,0.8341463,-0.034146342,0.46601942,0.8341463
2018-1-10T13-49-8,1515588548616,0.80487806,-0.06341463,0.39805827,0.80487806
2018-1-10T13-49-8,1515588548617,0.77560973,-0.014634146,0.36893204,0.77560973
2018-1-10T13-49-8,1515588548618,0.77560973,-0.034146342,0.4563107,0.77560973
2018-1-10T13-49-8,1515588548619,0.77560973,-0.07317073,0.44660193,0.77560973
2018-1-10T13-49-8,1515588548620,0.79512197,-0.014634146,0.42718446,0.79512197
2018-1-10T13-49-8,1515588548621,0.85365856,-0.024390243,0.44660193,0.85365856
2018-1-10T13-49-8,1515588548622,0.8926829,-0.004878049,0.47572815,0.8926829
2018-1-10T13-49-8,1515588548623,0.91219515,0.004878049,0.44660193,0.91219515
2018-1-10T13-49-8,1515588548624,0.8926829,0.034146342,0.41747573,0.8926829
2018-1-10T13-49-8,1515588548625,0.85365856,0.004878049,0.42718446,0.85365856
2018-1-10T13-49-8,1515588548626,0.7853659,-0.004878049,0.4563107,0.7853659
2018-1-10T13-49-8,1515588548627,0.77560973,0.004878049,0.41747573,0.77560973
2018-1-10T13-49-8,1515588548628,0.82439023,-0.004878049,0.42718446,0.82439023
2018-1-10T13-49-8,1515588548629,0.84390247,0.004878049,0.4563107,0.84390247
2018-1-10T13-49-8,1515588548630,0.87317073,-0.014634146,0.47572815,0.87317073
2018-1-10T13-49-8,1515588548631,0.87317073,-0.014634146,0.4368932,0.87317073
2018-1-10T13-49-8,1515588548632,0.8829268,-0.004878049,0.41747573,0.8829268
2018-1-10T13-49-8,1515588548633,0.86341465,-0.024390243,0.44660193,0.86341465
2018-1-10T13-49-8,1515588548634,0.84390247,-0.034146342,0.49514562,0.84390247
2018-1-10T13-49-8,1515588548635,0.84390247,-0.024390243,0.46601942,0.84390247
2018-1-10T13-49-8,1515588548636,0.84390247,-0.004878049,0.44660193,0.84390247
2018-1-10T13-49-8,1515588548637,0.85365856,-0.034146342,0.42718446,0.85365856
2018-1-10T13-49-8,1515588548638,0.8341463,-0.034146342,0.41747573,0.8341463
2018-1-10T13-49-8,1515588548639,0.84390247,-0.034146342,0.44660193,0.84390247
2018-1-10T13-49-8,1515588548640,0.81463414,-0.043902438,0.46601942,0.81463414
2018-1-10T13-49-8,1515588548641,0.82439023,-0.053658538,0.47572815,0.82439023
2018-1-10T13-49-8,1515588548642,0.84390247,0.004878049,0.44660193,0.84390247
2018-1-10T13-49-8,1515588548643,0.82439023,-0.043902438,0.42718446,0.82439023
2018-1-10T13-49-8,1515588548644,0.84390247,-0.043902438,0.4368932,0.84390247
2018-1-10T13-49-8,1515588548645,0.85365856,-0.034146342,0.46601942,0.85365856
2018-1-10T13-49-8,1515588548646,0.80487806,-0.053658538,0.42718446,0.80487806
2018-1-10T13-49-8,1515588548647,0.8341463,-0.034146342,0.407767,0.8341463
2018-1-10T13-49-8,1515588548648,0.82439023,-0.034146342,0.42718446,0.82439023
2018-1-10T13-49-8,1515588548649,0.82439023,-0.053658538,0.46601942,0.82439023
2018-1-10T13-49-8,1515588548650,0.82439023,-0.014634146,0.41747573,0.82439023
2018-1-10T13-49-8,1515588548651,0.8341463,0.004878049,0.4563107,0.8341463
2018-1-10T13-49-8,1515588548652,0.87317073,-0.024390243,0.46601942,0.87317073
2018-1-10T13-49-8,1515588548653,0.8341463,-0.004878049,0.44660193,0.8341463
2018-1-10T13-49-8,1515588548654,0.8926829,0.024390243,0.41747573,0.8926829
2018-1-10T13-49-8,1515588548655,0.8926829,0.014634146,0.46601942,0.8926829
2018-1-10T13-49-8,1515588548656,0.87317073,0.004878049,0.44660193,0.87317073
2018-1-10T13-49-8,1515588548657,0.82439023,0.024390243,0.41747573,0.82439023
2018-1-10T13-49-8,1515588548658,0.84390247,-0.004878049,0.46601942,0.84390247
2018-1-10T13-49-8,1515588548659,0.85365856,-0.024390243,0.47572815,0.85365856
2018-1-10T13-49-8,1515588548660,0.81463414,-0.014634146,0.42718446,0.81463414
2018-1-10T13-49-8,1515588548661,0.8341463,-0.024390243,0.42718446,0.8341463
2018-1-10T13-49-8,1515588548662,0.8341463,-0.024390243,0.47572815,0.8341463
2018-1-10T13-49-8,1515588548663,0.87317073,0.014634146,0.4563107,0.87317073
2018-1-10T13-49-8,1515588548664,0.85365856,0.014634146,0.4368932,0.85365856
2018-1-10T13-49-8,1515588548665,0.84390247,0.034146342,0.407767,0.84390247
2018-1-10T13-49-8,1515588548666,0.84390247,0.034146342,0.4563107,0.84390247
2018-1-10T13-49-8,1515588548667,0.85365856,0.004878049,0.49514562,0.85365856
2018-1-10T13-49-8,1515588548668,0.8341463,-0.06341463,0.42718446,0.8341463
2018-1-10T13-49-8,1515588548669,0.7853659,-0.06341463,0.32038835,0.7853659
2018-1-10T13-49-8,1515588548670,0.76585364,-0.06341463,0.36893204,0.76585364
2018-1-10T13-49-8,1515588548671,0.76585364,-0.11219512,0.4854369,0.76585364
2018-1-10T13-49-8,1515588548672,0.76585364,-0.11219512,0.4563107,0.76585364
2018-1-10T13-49-8,1515588548673,0.84390247,-0.07317073,0.42718446,0.84390247
2018-1-10T13-49-8,1515588548674,0.84390247,-0.06341463,0.47572815,0.84390247
2018-1-10T13-49-8,1515588548675,0.9317073,-0.024390243,0.46601942,0.9317073
2018-1-10T13-49-8,1515588548676,0.9317073,-0.004878049,0.4854369,0.9317073
2018-1-10T13-49-8,1515588548677,0.9512195,0.004878049,0.5048544,0.9512195
2018-1-10T13-49-8,1515588548678,0.9317073,0.024390243,0.5825243,0.9317073
2018-1-10T13-49-8,1515588548679,0.8926829,-0.014634146,0.4563107,0.8926829
2018-1-10T13-49-8,1515588548680,0.85365856,0.004878049,0.39805827,0.85365856
2018-1-10T13-49-8,1515588548681,0.81463414,-0.014634146,0.3883495,0.81463414
2018-1-10T13-49-8,1515588548682,0.75609756,-0.053658538,0.4368932,0.75609756
2018-1-10T13-49-8,1515588548683,0.76585364,-0.08292683,0.42718446,0.76585364
2018-1-10T13-49-8,1515588548684,0.77560973,-0.07317073,0.3883495,0.77560973
2018-1-10T13-49-8,1515588548685,0.77560973,-0.053658538,0.36893204,0.77560973
2018-1-10T13-49-8,1515588548686,0.80487806,-0.024390243,0.42718446,0.80487806
2018-1-10T13-49-8,1515588548687,0.81463414,0.004878049,0.47572815,0.81463414
2018-1-10T13-49-8,1515588548688,0.84390247,0.024390243,0.4854369,0.84390247
2018-1-10T13-49-8,1515588548689,0.902439,0.08292683,0.47572815,0.902439
2018-1-10T13-49-8,1515588548690,0.9414634,0.09268293,0.46601942,0.9414634
2018-1-10T13-49-8,1515588548691,0.9512195,0.053658538,0.46601942,0.9512195
2018-1-10T13-49-8,1515588548692,0.9317073,0.043902438,0.47572815,0.9317073
2018-1-10T13-49-8,1515588548693,0.87317073,0.014634146,0.42718446,0.87317073
2018-1-10T13-49-8,1515588548694,0.8341463,0.014634146,0.41747573,0.8341463
2018-1-10T13-49-8,1515588548695,0.81463414,-0.034146342,0.3883495,0.81463414
2018-1-10T13-49-8,1515588548696,0.7853659,-0.034146342,0.42718446,0.7853659
2018-1-10T13-49-8,1515588548697,0.80487806,-0.043902438,0.407767,0.80487806
2018-1-10T13-49-8,1515588548698,0.81463414,-0.014634146,0.42718446,0.81463414
2018-1-10T13-49-8,1515588548699,0.82439023,-0.024390243,0.46601942,0.82439023
2018-1-10T13-49-8,1515588548700,0.8341463,-0.034146342,0.47572815,0.8341463
2018-1-10T13-49-8,1515588548701,0.87317073,-0.024390243,0.47572815,0.87317073
2018-1-10T13-49-8,1515588548702,0.87317073,-0.043902438,0.4563107,0.87317073
2018-1-10T13-49-8,1515588548703,0.8829268,-0.043902438,0.4368932,0.8829268
2018-1-10T13-49-8,1515588548704,0.85365856,0.004878049,0.4368932,0.85365856
2018-1-10T13-49-8,1515588548705,0.8341463,-0.06341463,0.42718446,0.8341463
2018-1-10T13-49-8,1515588548706,0.82439023,-0.06341463,0.4368932,0.82439023
2018-1-10T13-49-8,1515588548707,0.82439023,-0.08292683,0.4368932,0.82439023
2018-1-10T13-49-8,1515588548708,0.80487806,-0.07317073,0.42718446,0.80487806
2018-1-10T13-49-8,1515588548709,0.81463414,-0.07317073,0.39805827,0.81463414
2018-1-10T13-49-8,1515588548710,0.80487806,-0.06341463,0.4368932,0.80487806
2018-1-10T13-49-8,1515588548711,0.84390247,-0.053658538,0.4854369,0.84390247
2018-1-10T13-49-8,1515588548712,0.84390247,-0.06341463,0.4563107,0.84390247
2018-1-10T13-49-8,1515588548713,0.85365856,-0.004878049,0.49514562,0.85365856
2018-1-10T13-49-8,1515588548714,0.902439,0.004878049,0.46601942,0.902439
2018-1-10T13-49-8,1515588548715,0.92195123,0.024390243,0.4563107,0.92195123
2018-1-10T13-49-8,1515588548716,0.87317073,0.053658538,0.44660193,0.87317073
2018-1-10T13-49-8,1515588548717,0.902439,0.024390243,0.47572815,0.902439
2018-1-10T13-49-8,1515588548718,0.87317073,-0.014634146,0.5048544,0.87317073
2018-1-10T13-49-8,1515588548719,0.82439023,0.004878049,0.3883495,0.82439023
2018-1-10T13-49-8,1515588548720,0.82439023,0.014634146,0.39805827,0.82439023
2018-1-10T13-49-8,1515588548721,0.80487806,-0.043902438,0.44660193,0.80487806
2018-1-10T13-49-8,1515588548722,0.81463414,-0.034146342,0.4368932,0.81463414
2018-1-10T13-49-8,1515588548723,0.75609756,-0.034146342,0.39805827,0.75609756
2018-1-10T13-49-8,1515588548724,0.82439023,-0.004878049,0.3883495,0.82439023
2018-1-10T13-49-8,1515588548725,0.80487806,-0.014634146,0.4563107,0.80487806
2018-1-10T13-49-8,1515588548726,0.82439023,-0.06341463,0.46601942,0.82439023
2018-1-10T13-49-8,1515588548727,0.8341463,-0.004878049,0.44660193,0.8341463
2018-1-10T13-49-8,1515588548728,0.91219515,0.004878049,0.4854369,0.91219515
2018-1-10T13-49-8,1515588548729,0.92195123,-0.014634146,0.5339806,0.92195123
2018-1-10T13-49-8,1515588548730,0.92195123,-0.014634146,0.4563107,0.92195123
2018-1-10T13-49-8,1515588548731,0.902439,-0.004878049,0.42718446,0.902439
2018-1-10T13-49-8,1515588548732,0.87317073,-0.024390243,0.47572815,0.87317073
2018-1-10T13-49-8,1515588548733,0.86341465,-0.034146342,0.46601942,0.86341465
2018-1-10T13-49-8,1515588548734,0.82439023,-0.053658538,0.39805827,0.82439023
2018-1-10T13-49-8,1515588548735,0.79512197,-0.053658538,0.407767,0.79512197
2018-1-10T13-49-8,1515588548736,0.82439023,-0.07317073,0.4854369,0.82439023
2018-1-10T13-49-8,1515588548737,0.8341463,-0.10243902,0.5048544,0.8341463
2018-1-10T13-49-8,1515588548738,0.86341465,-0.09268293,0.39805827,0.86341465
2018-1-10T13-49-8,1515588548739,0.86341465,-0.053658538,0.407767,0.86341465
2018-1-10T13-49-8,1515588548740,0.85365856,-0.043902438,0.44660193,0.85365856
2018-1-10T13-49-8,1515588548741,0.81463414,-0.024390243,0.44660193,0.81463414
2018-1-10T13-49-8,1515588548742,0.80487806,-0.004878049,0.41747573,0.80487806
2018-1-10T13-49-8,1515588548743,0.80487806,0.004878049,0.42718446,0.80487806
2018-1-10T13-49-8,1515588548744,0.8829268,-0.004878049,0.4563107,0.8829268
2018-1-10T13-49-8,1515588548745,0.85365856,-0.014634146,0.49514562,0.85365856
2018-1-10T13-49-8,1515588548746,0.84390247,0.014634146,0.39805827,0.84390247
2018-1-10T13-49-8,1515588548747,0.85365856,0.024390243,0.42718446,0.85365856
2018-1-10T13-49-8,1515588548748,0.8829268,0.043902438,0.4563107,0.8829268
2018-1-10T13-49-8,1515588548749,0.85365856,-0.024390243,0.4368932,0.85365856
2018-1-10T13-49-8,1515588548750,0.8341463,0.004878049,0.3883495,0.8341463
2018-1-10T13-49-8,1515588548751,0.82439023,0.024390243,0.4563107,0.82439023
2018-1-10T13-49-8,1515588548752,0.85365856,-0.024390243,0.5339806,0.85365856
2018-1-10T13-49-8,1515588548753,0.8926829,-0.053658538,0.52427185,0.8926829
2018-1-10T13-49-8,1515588548754,0.91219515,-0.12195122,0.4368932,0.91219515
2018-1-10T13-49-8,1515588548755,0.92195123,-0.034146342,0.41747573,0.92195123
2018-1-10T13-49-8,1515588548756,0.8926829,-0.024390243,0.5048544,0.8926829
2018-1-10T13-49-8,1515588548757,0.86341465,-0.024390243,0.5048544,0.86341465
2018-1-10T13-49-8,1515588548758,0.85365856,-0.034146342,0.42718446,0.85365856
2018-1-10T13-49-8,1515588548759,0.82439023,-0.004878049,0.407767,0.82439023
2018-1-10T13-49-8,1515588548760,0.84390247,0.014634146,0.407767,0.84390247
2018-1-10T13-49-8,1515588548761,0.82439023,-0.004878049,0.47572815,0.82439023
2018-1-10T13-49-8,1515588548762,0.81463414,-0.034146342,0.5145631,0.81463414
2018-1-10T13-49-8,1515588548763,0.8341463,-0.043902438,0.4368932,0.8341463
2018-1-10T13-49-8,1515588548764,0.8341463,-0.07317073,0.3883495,0.8341463
2018-1-10T13-49-8,1515588548765,0.81463414,0.004878049,0.41747573,0.81463414
2018-1-10T13-49-8,1515588548766,0.79512197,-0.053658538,0.46601942,0.79512197
2018-1-10T13-49-8,1515588548767,0.79512197,-0.08292683,0.776699,0.79512197
2018-1-10T13-49-8,1515588548768,0.8341463,-0.053658538,0.42718446,0.8341463
2018-1-10T13-49-8,1515588548769,0.8341463,-0.034146342,0.44660193,0.8341463
2018-1-10T13-49-8,1515588548770,0.8829268,-0.043902438,0.47572815,0.8829268
2018-1-10T13-49-8,1515588548771,0.8926829,-0.034146342,0.5533981,0.8926829
2018-1-10T13-49-8,1515588548772,0.8829268,0.024390243,0.46601942,0.8829268
2018-1-10T13-49-8,1515588548773,0.902439,0.004878049,0.407767,0.902439
2018-1-10T13-49-8,1515588548774,0.85365856,0.014634146,0.4368932,0.85365856
2018-1-10T13-49-8,1515588548775,0.82439023,-0.014634146,0.46601942,0.82439023
2018-1-10T13-49-8,1515588548776,0.8341463,-0.024390243,0.42718446,0.8341463
2018-1-10T13-49-8,1515588548777,0.79512197,-0.014634146,0.36893204,0.79512197
2018-1-10T13-49-8,1515588548778,0.80487806,0.004878049,0.42718446,0.80487806
2018-1-10T13-49-8,1515588548779,0.8341463,-0.014634146,0.47572815,0.8341463
2018-1-10T13-49-8,1515588548780,0.85365856,-0.034146342,0.49514562,0.85365856
2018-1-10T13-49-8,1515588548781,0.87317073,0.004878049,0.4368932,0.87317073
2018-1-10T13-49-8,1515588548782,0.92195123,0.034146342,0.4368932,0.92195123
2018-1-10T13-49-8,1515588548783,0.8926829,0.004878049,0.4563107,0.8926829
2018-1-10T13-49-8,1515588548784,0.8341463,0.014634146,0.42718446,0.8341463
2018-1-10T13-49-8,1515588548785,0.85365856,0.024390243,0.46601942,0.85365856
2018-1-10T13-49-8,1515588548786,0.86341465,-0.024390243,0.47572815,0.86341465
2018-1-10T13-49-8,1515588548787,0.85365856,-0.004878049,0.407767,0.85365856
2018-1-10T13-49-8,1515588548788,0.79512197,-0.043902438,0.37864077,0.79512197
2018-1-10T13-49-8,1515588548789,0.77560973,-0.053658538,0.42718446,0.77560973
2018-1-10T13-49-8,1515588548790,0.80487806,-0.06341463,0.47572815,0.80487806
2018-1-10T13-49-8,1515588548791,0.79512197,-0.06341463,0.4368932,0.79512197
2018-1-10T13-49-8,1515588548792,0.82439023,-0.024390243,0.3883495,0.82439023
2018-1-10T13-49-8,1515588548793,0.82439023,-0.034146342,0.4563107,0.82439023
2018-1-10T13-49-8,1515588548794,0.86341465,-0.053658538,0.5145631,0.86341465
2018-1-10T13-49-8,1515588548795,0.8829268,-0.06341463,0.4854369,0.8829268
2018-1-10T13-49-8,1515588548796,0.8926829,-0.053658538,0.42718446,0.8926829
2018-1-10T13-49-8,1515588548797,0.85365856,-0.034146342,0.41747573,0.85365856
2018-1-10T13-49-8,1515588548798,0.86341465,-0.024390243,0.5339806,0.86341465
2018-1-10T13-49-8,1515588548799,0.86341465,-0.024390243,0.5048544,0.86341465
2018-1-10T13-49-8,1515588548800,0.8341463,-0.034146342,0.5145631,0.8341463
2018-1-10T13-49-8,1515588548801,0.86341465,-0.014634146,0.3883495,0.86341465
2018-1-10T13-49-8,1515588548802,0.8926829,0.014634146,0.407767,0.8926829
2018-1-10T13-49-8,1515588548803,0.85365856,0.004878049,0.4368932,0.85365856
2018-1-10T13-49-8,1515588548804,0.75609756,0.034146342,0.407767,0.75609756
2018-1-10T13-49-8,1515588548805,0.8341463,-0.014634146,0.4854369,0.8341463
2018-1-10T13-49-8,1515588548806,0.84390247,-0.034146342,0.4368932,0.84390247
2018-1-10T13-49-8,1515588548807,0.84390247,-0.004878049,0.39805827,0.84390247
2018-1-10T13-49-8,1515588548808,0.80487806,-0.08292683,0.36893204,0.80487806
2018-1-10T13-49-8,1515588548809,0.80487806,-0.004878049,0.37864077,0.80487806
2018-1-10T13-49-8,1515588548810,0.82439023,0.014634146,0.5145631,0.82439023
2018-1-10T13-49-8,1515588548811,0.86341465,-0.014634146,0.44660193,0.86341465
2018-1-10T13-49-8,1515588548812,0.85365856,0.014634146,0.37864077,0.85365856
2018-1-10T13-49-8,1515588548813,0.85365856,0.014634146,0.42718446,0.85365856
2018-1-10T13-49-8,1515588548814,0.86341465,-0.043902438,0.5339806,0.86341465
2018-1-10T13-49-8,1515588548815,0.86341465,-0.06341463,0.47572815,0.86341465
2018-1-10T13-49-8,1515588548816,0.92195123,-0.024390243,0.37864077,0.92195123
2018-1-10T13-49-8,1515588548817,0.84390247,-0.06341463,0.4368932,0.84390247
2018-1-10T13-49-8,1515588548818,0.8341463,-0.09268293,0.5533981,0.8341463
2018-1-10T13-49-8,1515588548819,0.85365856,-0.08292683,0.49514562,0.85365856
2018-1-10T13-49-8,1515588548820,0.8341463,-0.08292683,0.4368932,0.8341463
2018-1-10T13-49-8,1515588548821,0.81463414,-0.07317073,0.407767,0.81463414
2018-1-10T13-49-8,1515588548822,0.85365856,-0.043902438,0.44660193,0.85365856
2018-1-10T13-49-8,1515588548823,0.87317073,-0.014634146,0.47572815,0.87317073
2018-1-10T13-49-8,1515588548824,0.87317073,-0.004878049,0.4854369,0.87317073
2018-1-10T13-49-8,1515588548825,0.86341465,-0.043902438,0.44660193,0.86341465
2018-1-10T13-49-8,1515588548826,0.87317073,0.014634146,0.42718446,0.87317073
2018-1-10T13-49-8,1515588548827,0.85365856,0.024390243,0.44660193,0.85365856
2018-1-10T13-49-8,1515588548828,0.80487806,-0.004878049,0.47572815,0.80487806
2018-1-10T13-49-8,1515588548829,0.82439023,-0.034146342,0.41747573,0.82439023
2018-1-10T13-49-8,1515588548830,0.79512197,-0.014634146,0.3592233,0.79512197
2018-1-10T13-49-8,1515588548831,0.79512197,-0.024390243,0.37864077,0.79512197
2018-1-10T13-49-8,1515588548832,0.76585364,-0.034146342,0.46601942,0.76585364
2018-1-10T13-49-8,1515588548833,0.77560973,-0.043902438,0.46601942,0.77560973
2018-1-10T13-49-8,1515588548834,0.82439023,-0.034146342,0.407767,0.82439023
2018-1-10T13-49-8,1515588548835,0.85365856,0.024390243,0.39805827,0.85365856
2018-1-10T13-49-8,1515588548836,0.8829268,0.034146342,0.4368932,0.8829268
2018-1-10T13-49-8,1515588548837,0.86341465,0.004878049,0.52427185,0.86341465
2018-1-10T13-49-8,1515588548838,0.87317073,0.014634146,0.4854369,0.87317073
2018-1-10T13-49-8,1515588548839,0.9317073,0.004878049,0.46601942,0.9317073
2018-1-10T13-49-8,1515588548840,0.85365856,-0.014634146,0.4563107,0.85365856
2018-1-10T13-49-8,1515588548841,0.9414634,-0.043902438,0.42718446,0.9414634
2018-1-10T13-49-8,1515588548842,0.84390247,-0.053658538,0.407767,0.84390247
2018-1-10T13-49-8,1515588548843,0.84390247,-0.07317073,0.4854369,0.84390247
2018-1-10T13-49-8,1515588548844,0.87317073,-0.034146342,0.4368932,0.87317073
2018-1-10T13-49-8,1515588548845,0.82439023,-0.004878049,0.407767,0.82439023
2018-1-10T13-49-8,1515588548846,0.82439023,-0.024390243,0.407767,0.82439023
2018-1-10T13-49-8,1515588548847,0.8341463,-0.024390243,0.49514562,0.8341463
2018-1-10T13-49-8,1515588548848,0.84390247,-0.043902438,0.4854369,0.84390247
2018-1-10T13-49-8,1515588548849,0.86341465,-0.034146342,0.407767,0.86341465
2018-1-10T13-49-8,1515588548850,0.85365856,-0.004878049,0.44660193,0.85365856
2018-1-10T13-49-8,1515588548851,0.8829268,-0.014634146,0.4854369,0.8829268
2018-1-10T13-49-8,1515588548852,0.86341465,-0.014634146,0.4563107,0.86341465
2018-1-10T13-49-8,1515588548853,0.82439023,-0.004878049,0.39805827,0.82439023
2018-1-10T13-49-8,1515588548854,0.82439023,-0.004878049,0.41747573,0.82439023
2018-1-10T13-49-8,1515588548855,0.81463414,-0.034146342,0.49514562,0.81463414
2018-1-10T13-49-8,1515588548856,0.84390247,-0.043902438,0.4854369,0.84390247
2018-1-10T13-49-8,1515588548857,0.91219515,-0.034146342,0.41747573,0.91219515
2018-1-10T13-49-8,1515588548858,0.8341463,-0.034146342,0.407767,0.8341463
2018-1-10T13-49-8,1515588548859,0.82439023,-0.004878049,0.41747573,0.82439023
2018-1-10T13-49-8,1515588548860,0.81463414,-0.014634146,0.46601942,0.81463414
2018-1-10T13-49-8,1515588548861,0.81463414,-0.014634146,0.46601942,0.81463414
2018-1-10T13-49-8,1515588548862,0.8829268,-0.024390243,0.42718446,0.8829268
2018-1-10T13-49-8,1515588548863,0.85365856,-0.004878049,0.44660193,0.85365856
2018-1-10T13-49-8,1515588548864,0.87317073,-0.004878049,0.4563107,0.87317073
2018-1-10T13-49-8,1515588548865,0.902439,-0.004878049,0.4854369,0.902439
2018-1-10T13-49-8,1515588548866,0.902439,-0.024390243,0.46601942,0.902439
2018-1-10T13-49-8,1515588548867,0.902439,-0.024390243,0.42718446,0.902439
2018-1-10T13-49-8,1515588548868,0.86341465,-0.024390243,0.44660193,0.86341465
2018-1-10T13-49-8,1515588548869,0.8341463,-0.034146342,0.5436893,0.8341463
2018-1-10T13-49-8,1515588548870,0.81463414,-0.07317073,0.44660193,0.81463414
2018-1-10T13-49-8,1515588548871,0.81463414,-0.053658538,0.3883495,0.81463414
2018-1-10T13-49-8,1515588548872,0.81463414,-0.034146342,0.37864077,0.81463414
2018-1-10T13-49-8,1515588548873,0.8341463,-0.014634146,0.42718446,0.8341463
2018-1-10T13-49-8,1515588548874,0.8341463,-0.034146342,0.4563107,0.8341463
2018-1-10T13-49-8,1515588548875,0.84390247,0.004878049,0.52427185,0.84390247
2018-1-10T13-49-8,1515588548876,0.81463414,-0.014634146,0.49514562,0.81463414
2018-1-10T13-49-8,1515588548877,0.8926829,-0.004878049,0.44660193,0.8926829
2018-1-10T13-49-8,1515588548878,0.87317073,0.014634146,0.3592233,0.87317073
2018-1-10T13-49-8,1515588548879,0.87317073,0.024390243,0.46601942,0.87317073
2018-1-10T13-49-8,1515588548880,0.87317073,0.014634146,0.52427185,0.87317073
2018-1-10T13-49-8,1515588548881,0.86341465,-0.014634146,0.4368932,0.86341465
2018-1-10T13-49-8,1515588548882,0.81463414,-0.014634146,0.34951457,0.81463414
2018-1-10T13-49-8,1515588548883,0.80487806,-0.043902438,0.36893204,0.80487806
2018-1-10T13-49-8,1515588548884,0.75609756,-0.06341463,0.42718446,0.75609756
2018-1-10T13-49-8,1515588548885,0.75609756,-0.07317073,0.42718446,0.75609756
2018-1-10T13-49-8,1515588548886,0.74634147,-0.024390243,0.36893204,0.74634147
2018-1-10T13-49-8,1515588548887,0.79512197,-0.053658538,0.4368932,0.79512197
2018-1-10T13-49-8,1515588548888,0.86341465,-0.024390243,0.5048544,0.86341465
2018-1-10T13-49-8,1515588548889,0.9317073,-0.44390243,0.5048544,0.9317073
2018-1-10T13-49-8,1515588548890,0.9512195,-0.043902438,0.5436893,0.9512195
2018-1-10T13-49-8,1515588548891,1.0195122,0.024390243,0.5533981,1.0195122
2018-1-10T13-49-8,1515588548892,0.9902439,0.004878049,0.5048544,0.9902439
2018-1-10T13-49-8,1515588548893,0.9609756,-0.004878049,0.42718446,0.9609756
2018-1-10T13-49-8,1515588548894,0.8829268,0.004878049,0.42718446,0.8829268
2018-1-10T13-49-8,1515588548895,0.80487806,-0.043902438,0.4368932,0.80487806
2018-1-10T13-49-8,1515588548896,0.7365854,-0.053658538,0.407767,0.7365854
2018-1-10T13-49-8,1515588548897,0.7268293,-0.053658538,0.37864077,0.7268293
2018-1-10T13-49-8,1515588548898,0.70731705,-0.053658538,0.3883495,0.70731705
2018-1-10T13-49-8,1515588548899,0.75609756,-0.08292683,0.41747573,0.75609756
2018-1-10T13-49-8,1515588548900,0.75609756,-0.06341463,0.407767,0.75609756
2018-1-10T13-49-8,1515588548901,0.79512197,-0.034146342,0.41747573,0.79512197
2018-1-10T13-49-8,1515588548902,0.8341463,-0.024390243,0.46601942,0.8341463
2018-1-10T13-49-8,1515588548903,0.86341465,-0.014634146,0.4854369,0.86341465
2018-1-10T13-49-8,1515588548904,0.8926829,-0.004878049,0.47572815,0.8926829
2018-1-10T13-49-8,1515588548905,0.9512195,0.034146342,0.4854369,0.9512195
2018-1-10T13-49-8,1515588548906,0.9317073,0.024390243,0.44660193,0.9317073
2018-1-10T13-49-8,1515588548907,0.92195123,0.004878049,0.4368932,0.92195123
2018-1-10T13-49-8,1515588548908,0.87317073,0.004878049,0.41747573,0.87317073
2018-1-10T13-49-8,1515588548909,0.84390247,0.004878049,0.44660193,0.84390247
2018-1-10T13-49-8,1515588548910,0.8341463,-0.004878049,0.44660193,0.8341463
2018-1-10T13-49-8,1515588548911,0.82439023,-0.014634146,0.407767,0.82439023
2018-1-10T13-49-8,1515588548912,0.81463414,-0.014634146,0.41747573,0.81463414
2018-1-10T13-49-8,1515588548913,0.8341463,-0.034146342,0.47572815,0.8341463
2018-1-10T13-49-8,1515588548914,0.87317073,-0.024390243,0.4854369,0.87317073
2018-1-10T13-49-8,1515588548915,0.84390247,-0.024390243,0.42718446,0.84390247
2018-1-10T13-49-8,1515588548916,0.87317073,-0.024390243,0.44660193,0.87317073
2018-1-10T13-49-8,1515588548917,0.8829268,-0.043902438,0.52427185,0.8829268
2018-1-10T13-49-8,1515588548918,0.8829268,0.014634146,0.5339806,0.8829268
2018-1-10T13-49-8,1515588548919,0.8926829,-0.004878049,0.49514562,0.8926829
2018-1-10T13-49-8,1515588548920,0.87317073,-0.014634146,0.34951457,0.87317073
2018-1-10T13-49-8,1515588548921,0.8341463,0.004878049,0.3592233,0.8341463
2018-1-10T13-49-8,1515588548922,0.77560973,-0.014634146,0.42718446,0.77560973
2018-1-10T13-49-8,1515588548923,0.77560973,-0.053658538,0.46601942,0.77560973
2018-1-10T13-49-8,1515588548924,0.76585364,-0.07317073,0.41747573,0.76585364
2018-1-10T13-49-8,1515588548925,0.76585364,-0.043902438,0.3592233,0.76585364
2018-1-10T13-49-8,1515588548926,0.81463414,-0.06341463,0.41747573,0.81463414
2018-1-10T13-49-8,1515588548927,0.82439023,-0.07317073,0.5533981,0.82439023
2018-1-10T13-49-8,1515588548928,0.84390247,-0.053658538,0.52427185,0.84390247
2018-1-10T13-49-8,1515588548929,0.9317073,-0.014634146,0.47572815,0.9317073
2018-1-10T13-49-8,1515588548930,0.9317073,0.004878049,0.4563107,0.9317073
2018-1-10T13-49-8,1515588548931,0.9512195,0.024390243,0.5048544,0.9512195
2018-1-10T13-49-8,1515588548932,0.92195123,0.024390243,0.5048544,0.92195123
2018-1-10T13-49-8,1515588548933,0.8926829,-0.034146342,0.47572815,0.8926829
2018-1-10T13-49-8,1515588548934,0.85365856,-0.024390243,0.39805827,0.85365856
2018-1-10T13-49-8,1515588548935,0.85365856,0.07317073,0.3883495,0.85365856
2018-1-10T13-49-8,1515588548936,0.81463414,-0.034146342,0.39805827,0.81463414
2018-1-10T13-49-8,1515588548937,0.76585364,-0.024390243,0.37864077,0.76585364
2018-1-10T13-49-8,1515588548938,0.75609756,-0.004878049,0.46601942,0.75609756
2018-1-10T13-49-8,1515588548939,0.77560973,-0.043902438,0.4368932,0.77560973
2018-1-10T13-49-8,1515588548940,0.77560973,-0.12195122,0.407767,0.77560973
2018-1-10T13-49-8,1515588548941,0.79512197,-0.11219512,0.39805827,0.79512197
2018-1-10T13-49-8,1515588548942,0.84390247,-0.024390243,0.4854369,0.84390247
2018-1-10T13-49-8,1515588548943,0.91219515,-0.034146342,0.4854369,0.91219515
2018-1-10T13-49-8,1515588548944,0.8926829,-0.014634146,0.44660193,0.8926829
2018-1-10T13-49-8,1515588548945,0.8829268,-0.004878049,0.41747573,0.8829268
2018-1-10T13-49-8,1515588548946,0.8926829,0.034146342,0.44660193,0.8926829
2018-1-10T13-49-8,1515588548947,0.86341465,0.034146342,0.46601942,0.86341465
2018-1-10T13-49-8,1515588548948,0.87317073,0.024390243,0.46601942,0.87317073
2018-1-10T13-49-8,1515588548949,0.92195123,0.004878049,0.5048544,0.92195123
2018-1-10T13-49-8,1515588548950,0.902439,-0.053658538,0.41747573,0.902439
2018-1-10T13-49-8,1515588548951,0.8926829,-0.004878049,0.41747573,0.8926829
2018-1-10T13-49-8,1515588548952,0.87317073,-0.07317073,0.46601942,0.87317073
2018-1-10T13-49-8,1515588548953,0.86341465,-0.024390243,0.4854369,0.86341465
2018-1-10T13-49-8,1515588548954,0.82439023,-0.043902438,0.41747573,0.82439023
2018-1-10T13-49-8,1515588548955,0.7853659,-0.034146342,0.3883495,0.7853659
2018-1-10T13-49-8,1515588548956,0.7853659,-0.014634146,0.46601942,0.7853659
2018-1-10T13-49-8,1515588548957,0.79512197,-0.09268293,0.47572815,0.79512197
2018-1-10T13-49-8,1515588548958,0.7853659,-0.10243902,0.407767,0.7853659
2018-1-10T13-49-8,1515588548959,0.80487806,-0.053658538,0.37864077,0.80487806
2018-1-10T13-49-8,1515588548960,0.86341465,-0.053658538,0.41747573,0.86341465
2018-1-10T13-49-8,1515588548961,0.82439023,-0.043902438,0.46601942,0.82439023
2018-1-10T13-49-8,1515588548962,0.8341463,-0.014634146,0.44660193,0.8341463
2018-1-10T13-49-8,1515588548963,0.8926829,0.024390243,0.44660193,0.8926829
2018-1-10T13-49-8,1515588548964,0.8926829,0.014634146,0.49514562,0.8926829
2018-1-10T13-49-8,1515588548965,0.91219515,0.014634146,0.46601942,0.91219515
2018-1-10T13-49-8,1515588548966,0.8926829,-0.004878049,0.4368932,0.8926829
2018-1-10T13-49-8,1515588548967,0.8926829,-0.014634146,0.42718446,0.8926829
2018-1-10T13-49-8,1515588548968,0.84390247,0.004878049,0.47572815,0.84390247
2018-1-10T13-49-8,1515588548969,0.82439023,-0.043902438,0.49514562,0.82439023
2018-1-10T13-49-8,1515588548970,0.81463414,-0.08292683,0.44660193,0.81463414
2018-1-10T13-49-8,1515588548971,0.82439023,-0.07317073,0.407767,0.82439023
2018-1-10T13-49-8,1515588548972,0.8341463,-0.034146342,0.4368932,0.8341463
2018-1-10T13-49-8,1515588548973,0.85365856,-0.043902438,0.4854369,0.85365856
2018-1-10T13-49-8,1515588548974,0.8341463,-0.043902438,0.46601942,0.8341463
2018-1-10T13-49-8,1515588548975,0.85365856,-0.014634146,0.41747573,0.85365856
2018-1-10T13-49-8,1515588548976,0.87317073,0.004878049,0.42718446,0.87317073
2018-1-10T13-49-8,1515588548977,0.85365856,0.014634146,0.4854369,0.85365856
2018-1-10T13-49-8,1515588548978,0.8341463,-0.004878049,0.44660193,0.8341463
2018-1-10T13-49-8,1515588548979,0.86341465,-0.004878049,0.36893204,0.86341465
2018-1-10T13-49-8,1515588548980,0.81463414,0.014634146,0.3592233,0.81463414
2018-1-10T13-49-8,1515588548981,0.82439023,0.014634146,0.4368932,0.82439023
2018-1-10T13-49-8,1515588548982,0.81463414,-0.024390243,0.94174755,0.81463414
2018-1-10T13-49-8,1515588548983,0.84390247,-0.053658538,0.4563107,0.84390247
2018-1-10T13-49-8,1515588548984,0.8341463,-0.014634146,0.407767,0.8341463
2018-1-10T13-49-8,1515588548985,0.86341465,-0.014634146,0.39805827,0.86341465
2018-1-10T13-49-8,1515588548986,0.86341465,-0.024390243,0.46601942,0.86341465
2018-1-10T13-49-8,1515588548987,0.85365856,-0.043902438,0.5436893,0.85365856
2018-1-10T13-49-8,1515588548988,0.85365856,0.034146342,0.5048544,0.85365856
2018-1-10T13-49-8,1515588548989,0.87317073,-0.024390243,0.46601942,0.87317073
2018-1-10T13-49-8,1515588548990,0.91219515,-0.024390243,0.46601942,0.91219515
2018-1-10T13-49-8,1515588548991,0.8829268,-0.024390243,0.44660193,0.8829268
2018-1-10T13-49-8,1515588548992,0.86341465,-0.014634146,0.4368932,0.86341465
2018-1-10T13-49-8,1515588548993,0.84390247,-0.034146342,0.46601942,0.84390247
2018-1-10T13-49-8,1515588548994,0.8341463,-0.034146342,0.47572815,0.8341463
2018-1-10T13-49-8,1515588548995,0.82439023,-0.043902438,0.41747573,0.82439023
2018-1-10T13-49-8,1515588548996,0.80487806,-0.034146342,0.41747573,0.80487806
2018-1-10T13-49-8,1515588548997,0.80487806,-0.06341463,0.4368932,0.80487806
2018-1-10T13-49-8,1515588548998,0.81463414,-0.053658538,0.33009708,0.81463414
2018-1-10T13-49-8,1515588548999,0.77560973,-0.043902438,0.41747573,0.77560973
2018-1-10T13-49-9,1515588549000,0.8341463,-0.043902438,0.4563107,0.8341463
2018-1-10T13-49-9,1515588549001,0.85365856,-0.034146342,0.47572815,0.85365856
2018-1-10T13-49-9,1515588549002,0.86341465,-0.024390243,0.42718446,0.86341465
2018-1-10T13-49-9,1515588549003,0.8926829,-0.004878049,0.42718446,0.8926829
2018-1-10T13-49-9,1515588549004,0.8926829,0.004878049,0.4563107,0.8926829
2018-1-10T13-49-9,1515588549005,0.8829268,-0.024390243,0.46601942,0.8829268
2018-1-10T13-49-9,1515588549006,0.86341465,-0.014634146,0.4563107,0.86341465
2018-1-10T13-49-9,1515588549007,0.84390247,-0.004878049,0.39805827,0.84390247
2018-1-10T13-49-9,1515588549008,0.80487806,0.004878049,0.4368932,0.80487806
2018-1-10T13-49-9,1515588549009,0.82439023,-0.043902438,0.4563107,0.82439023
2018-1-10T13-49-9,1515588549010,0.8341463,-0.014634146,0.46601942,0.8341463
2018-1-10T13-49-9,1515588549011,0.87317073,-0.014634146,0.44660193,0.87317073
2018-1-10T13-49-9,1515588549012,0.87317073,-0.014634146,0.44660193,0.87317073
2018-1-10T13-49-9,1515588549013,0.91219515,0.004878049,0.4854369,0.91219515
2018-1-10T13-49-9,1515588549014,0.91219515,0.004878049,0.49514562,0.91219515
2018-1-10T13-49-9,1515588549015,0.8829268,-0.014634146,0.4854369,0.8829268
2018-1-10T13-49-9,1515588549016,0.8829268,-0.004878049,0.42718446,0.8829268
2018-1-10T13-49-9,1515588549017,0.85365856,-0.004878049,0.39805827,0.85365856
2018-1-10T13-49-9,1515588549018,0.81463414,0.004878049,0.41747573,0.81463414
2018-1-10T13-49-9,1515588549019,0.81463414,0.004878049,0.4368932,0.81463414
2018-1-10T13-49-9,1515588549020,0.80487806,-0.024390243,0.47572815,0.80487806
2018-1-10T13-49-9,1515588549021,0.902439,-0.053658538,0.41747573,0.902439
2018-1-10T13-49-9,1515588549022,0.80487806,-0.053658538,0.3883495,0.80487806
2018-1-10T13-49-9,1515588549023,0.81463414,-0.06341463,0.3883495,0.81463414
2018-1-10T13-49-9,1515588549024,0.7853659,-0.06341463,0.4368932,0.7853659
2018-1-10T13-49-9,1515588549025,0.81463414,-0.06341463,0.46601942,0.81463414
2018-1-10T13-49-9,1515588549026,0.8341463,-0.07317073,0.5048544,0.8341463
2018-1-10T13-49-9,1515588549027,0.86341465,-0.07317073,0.4563107,0.86341465
2018-1-10T13-49-9,1515588549028,0.86341465,-0.043902438,0.407767,0.86341465
2018-1-10T13-49-9,1515588549029,0.87317073,-0.034146342,0.44660193,0.87317073
2018-1-10T13-49-9,1515588549030,0.9317073,-0.053658538,0.4563107,0.9317073
2018-1-10T13-49-9,1515588549031,0.84390247,-0.004878049,0.46601942,0.84390247
2018-1-10T13-49-9,1515588549032,0.86341465,-0.034146342,0.4563107,0.86341465
2018-1-10T13-49-9,1515588549033,0.86341465,-0.034146342,0.407767,0.86341465
2018-1-10T13-49-9,1515588549034,0.82439023,-0.014634146,0.4368932,0.82439023
2018-1-10T13-49-9,1515588549035,0.87317073,-0.014634146,0.47572815,0.87317073
2018-1-10T13-49-9,1515588549036,0.86341465,-0.043902438,0.49514562,0.86341465
2018-1-10T13-49-9,1515588549037,0.86341465,-0.004878049,0.46601942,0.86341465
2018-1-10T13-49-9,1515588549038,0.87317073,0.004878049,0.44660193,0.87317073
2018-1-10T13-49-9,1515588549039,0.84390247,0.004878049,0.42718446,0.84390247
2018-1-10T13-49-9,1515588549040,0.8341463,0.014634146,0.407767,0.8341463
2018-1-10T13-49-9,1515588549041,0.8341463,0.053658538,0.5436893,0.8341463
2018-1-10T13-49-9,1515588549042,0.84390247,-0.004878049,0.47572815,0.84390247
2018-1-10T13-49-9,1515588549043,0.86341465,0.014634146,0.407767,0.86341465
2018-1-10T13-49-9,1515588549044,0.85365856,0.004878049,0.37864077,0.85365856
2018-1-10T13-49-9,1515588549045,0.87317073,-0.053658538,0.4563107,0.87317073
2018-1-10T13-49-9,1515588549046,0.80487806,-0.043902438,0.44660193,0.80487806
2018-1-10T13-49-9,1515588549047,0.7853659,-0.024390243,0.3883495,0.7853659
2018-1-10T13-49-9,1515588549048,0.82439023,-0.043902438,0.4368932,0.82439023
2018-1-10T13-49-9,1515588549049,0.7853659,-0.07317073,0.46601942,0.7853659
2018-1-10T13-49-9,1515588549050,0.8341463,-0.08292683,0.4368932,0.8341463
2018-1-10T13-49-9,1515588549051,0.81463414,-0.08292683,0.4368932,0.81463414
2018-1-10T13-49-9,1515588549052,0.8926829,-0.053658538,0.47572815,0.8926829
2018-1-10T13-49-9,1515588549053,0.9414634,-0.034146342,0.5048544,0.9414634
2018-1-10T13-49-9,1515588549054,0.902439,-0.024390243,0.5048544,0.902439
2018-1-10T13-49-9,1515588549055,0.9317073,-0.014634146,0.47572815,0.9317073
2018-1-10T13-49-9,1515588549056,0.91219515,-0.004878049,0.46601942,0.91219515
2018-1-10T13-49-9,1515588549057,0.8829268,-0.09268293,0.4563107,0.8829268
2018-1-10T13-49-9,1515588549058,0.82439023,-0.034146342,0.41747573,0.82439023
2018-1-10T13-49-9,1515588549059,0.80487806,-0.043902438,0.3883495,0.80487806
2018-1-10T13-49-9,1515588549060,0.70731705,-0.043902438,0.39805827,0.70731705
2018-1-10T13-49-9,1515588549061,0.74634147,-0.06341463,0.41747573,0.74634147
2018-1-10T13-49-9,1515588549062,0.75609756,-0.09268293,0.36893204,0.75609756
2018-1-10T13-49-9,1515588549063,0.7365854,-0.06341463,0.3883495,0.7365854
2018-1-10T13-49-9,1515588549064,0.77560973,-0.034146342,0.44660193,0.77560973
2018-1-10T13-49-9,1515588549065,0.80487806,-0.014634146,0.47572815,0.80487806
2018-1-10T13-49-9,1515588549066,0.8829268,0.014634146,0.46601942,0.8829268
2018-1-10T13-49-9,1515588549067,0.9317073,0.06341463,0.4563107,0.9317073
2018-1-10T13-49-9,1515588549068,0.92195123,0.034146342,0.4563107,0.92195123
2018-1-10T13-49-9,1515588549069,0.92195123,0.06341463,0.49514562,0.92195123
2018-1-10T13-49-9,1515588549070,0.87317073,0.043902438,0.47572815,0.87317073
2018-1-10T13-49-9,1515588549071,0.84390247,0.043902438,0.4563107,0.84390247
2018-1-10T13-49-9,1515588549072,0.85365856,-0.014634146,0.41747573,0.85365856
2018-1-10T13-49-9,1515588549073,0.84390247,-0.014634146,0.407767,0.84390247
2018-1-10T13-49-9,1515588549074,0.82439023,-0.043902438,0.41747573,0.82439023
2018-1-10T13-49-9,1515588549075,0.86341465,-0.024390243,0.42718446,0.86341465
2018-1-10T13-49-9,1515588549076,0.82439023,-0.043902438,0.47572815,0.82439023
2018-1-10T13-49-9,1515588549077,0.87317073,0.36585367,0.4854369,0.87317073
2018-1-10T13-49-9,1515588549078,0.85365856,-0.043902438,0.49514562,0.85365856
2018-1-10T13-49-9,1515588549079,0.8829268,-0.06341463,0.44660193,0.8829268
2018-1-10T13-49-9,1515588549080,0.8829268,-0.024390243,0.46601942,0.8829268
2018-1-10T13-49-9,1515588549081,0.91219515,-0.024390243,0.46601942,0.91219515
2018-1-10T13-49-9,1515588549082,0.86341465,-0.024390243,0.42718446,0.86341465
2018-1-10T13-49-9,1515588549083,0.74634147,-0.034146342,0.407767,0.74634147
2018-1-10T13-49-9,1515588549084,0.8341463,-0.053658538,0.407767,0.8341463
2018-1-10T13-49-9,1515588549085,0.80487806,-0.11219512,0.44660193,0.80487806
2018-1-10T13-49-9,1515588549086,0.7853659,-0.06341463,0.4368932,0.7853659
2018-1-10T13-49-9,1515588549087,0.7853659,-0.06341463,0.41747573,0.7853659
2018-1-10T13-49-9,1515588549088,0.8341463,-0.06341463,0.3592233,0.8341463
2018-1-10T13-49-9,1515588549089,0.8341463,-0.07317073,0.4854369,0.8341463
2018-1-10T13-49-9,1515588549090,0.82439023,-0.053658538,0.44660193,0.82439023
2018-1-10T13-49-9,1515588549091,0.82439023,-0.043902438,0.49514562,0.82439023
2018-1-10T13-49-9,1515588549092,0.8926829,-0.034146342,0.5145631,0.8926829
2018-1-10T13-49-9,1515588549093,0.8926829,-0.024390243,0.4854369,0.8926829
2018-1-10T13-49-9,1515588549094,0.902439,0.014634146,0.42718446,0.902439
2018-1-10T13-49-9,1515588549095,0.8829268,0.043902438,0.42718446,0.8829268
2018-1-10T13-49-9,1515588549096,0.8926829,0.053658538,0.5048544,0.8926829
2018-1-10T13-49-9,1515588549097,0.8926829,-0.004878049,0.46601942,0.8926829
2018-1-10T13-49-9,1515588549098,0.8829268,0.034146342,0.36893204,0.8829268
2018-1-10T13-49-9,1515588549099,0.84390247,-0.034146342,0.407767,0.84390247
2018-1-10T13-49-9,1515588549100,0.84390247,0.004878049,0.5339806,0.84390247
2018-1-10T13-49-9,1515588549101,0.8341463,-0.06341463,0.5048544,0.8341463
2018-1-10T13-49-9,1515588549102,0.84390247,-0.024390243,0.407767,0.84390247
2018-1-10T13-49-9,1515588549103,0.85365856,-0.024390243,0.37864077,0.85365856
2018-1-10T13-49-9,1515588549104,0.81463414,-0.35609755,0.46601942,0.81463414
2018-1-10T13-49-9,1515588549105,0.77560973,-0.13170731,0.4563107,0.77560973
2018-1-10T13-49-9,1515588549106,0.76585364,-0.06341463,0.4368932,0.76585364
2018-1-10T13-49-9,1515588549107,0.81463414,-0.053658538,0.42718446,0.81463414
2018-1-10T13-49-9,1515588549108,0.86341465,-0.043902438,0.41747573,0.86341465
2018-1-10T13-49-9,1515588549109,0.8341463,-0.06341463,0.41747573,0.8341463
2018-1-10T13-49-9,1515588549110,0.8926829,-0.014634146,0.46601942,0.8926829
2018-1-10T13-49-9,1515588549111,0.8926829,0.004878049,0.47572815,0.8926829
2018-1-10T13-49-9,1515588549112,0.902439,0.014634146,0.4368932,0.902439
2018-1-10T13-49-9,1515588549113,0.8926829,0.014634146,0.4368932,0.8926829
2018-1-10T13-49-9,1515588549114,0.86341465,-0.014634146,0.4854369,0.86341465
2018-1-10T13-49-9,1515588549115,0.80487806,-0.024390243,0.4563107,0.80487806
2018-1-10T13-49-9,1515588549116,0.8341463,-0.024390243,0.4854369,0.8341463
2018-1-10T13-49-9,1515588549117,0.84390247,-0.034146342,0.42718446,0.84390247
2018-1-10T13-49-9,1515588549118,0.8341463,-0.053658538,0.46601942,0.8341463
2018-1-10T13-49-9,1515588549119,0.80487806,-0.053658538,0.4563107,0.80487806
2018-1-10T13-49-9,1515588549120,0.81463414,-0.053658538,0.36893204,0.81463414
2018-1-10T13-49-9,1515588549121,0.79512197,-0.043902438,0.407767,0.79512197
2018-1-10T13-49-9,1515588549122,0.80487806,-0.024390243,0.44660193,0.80487806
2018-1-10T13-49-9,1515588549123,0.82439023,-0.034146342,0.44660193,0.82439023
2018-1-10T13-49-9,1515588549124,0.8341463,-0.024390243,0.407767,0.8341463
2018-1-10T13-49-9,1515588549125,0.85365856,-0.004878049,0.41747573,0.85365856
2018-1-10T13-49-9,1515588549126,0.86341465,-0.004878049,0.4563107,0.86341465
2018-1-10T13-49-9,1515588549127,0.85365856,0.014634146,0.44660193,0.85365856
2018-1-10T13-49-9,1515588549128,0.8341463,0.004878049,0.4563107,0.8341463
2018-1-10T13-49-9,1515588549129,0.82439023,0.004878049,0.4563107,0.82439023
2018-1-10T13-49-9,1515588549130,0.87317073,-0.06341463,0.46601942,0.87317073
2018-1-10T13-49-9,1515588549131,0.87317073,0.004878049,0.47572815,0.87317073
2018-1-10T13-49-9,1515588549132,0.902439,0.004878049,0.46601942,0.902439
2018-1-10T13-49-9,1515588549133,0.87317073,-0.043902438,0.4368932,0.87317073
2018-1-10T13-49-9,1515588549134,0.86341465,-0.053658538,0.41747573,0.86341465
2018-1-10T13-49-9,1515588549135,0.84390247,0.06341463,0.4368932,0.84390247
2018-1-10T13-49-9,1515588549136,0.84390247,-0.034146342,0.49514562,0.84390247
2018-1-10T13-49-9,1515588549137,0.8341463,0.004878049,0.47572815,0.8341463
2018-1-10T13-49-9,1515588549138,0.84390247,-0.07317073,0.42718446,0.84390247
2018-1-10T13-49-9,1515588549139,0.86341465,-0.034146342,0.41747573,0.86341465
2018-1-10T13-49-9,1515588549140,0.85365856,-0.024390243,0.4368932,0.85365856
2018-1-10T13-49-9,1515588549141,0.8341463,-0.014634146,0.4563107,0.8341463
2018-1-10T13-49-9,1515588549142,0.81463414,-0.043902438,0.44660193,0.81463414
2018-1-10T13-49-9,1515588549143,0.81463414,-0.034146342,0.41747573,0.81463414
2018-1-10T13-49-9,1515588549144,0.8341463,0.004878049,0.42718446,0.8341463
2018-1-10T13-49-9,1515588549145,0.80487806,-0.014634146,0.41747573,0.80487806
2018-1-10T13-49-9,1515588549146,0.81463414,-0.014634146,0.47572815,0.81463414
2018-1-10T13-49-9,1515588549147,0.8341463,-0.004878049,0.42718446,0.8341463
2018-1-10T13-49-9,1515588549148,0.8341463,0.043902438,0.3883495,0.8341463
2018-1-10T13-49-9,1515588549149,0.85365856,-0.014634146,0.42718446,0.85365856
2018-1-10T13-49-9,1515588549150,0.85365856,0.024390243,0.47572815,0.85365856
2018-1-10T13-49-9,1515588549151,0.84390247,-0.024390243,0.49514562,0.84390247
2018-1-10T13-49-9,1515588549152,0.87317073,0.024390243,0.4368932,0.87317073
2018-1-10T13-49-9,1515588549153,0.87317073,-0.004878049,0.4368932,0.87317073
2018-1-10T13-49-9,1515588549154,0.91219515,-0.014634146,0.4563107,0.91219515
2018-1-10T13-49-9,1515588549155,0.85365856,-0.014634146,0.44660193,0.85365856
2018-1-10T13-49-9,1515588549156,0.8829268,-0.004878049,0.4854369,0.8829268
2018-1-10T13-49-9,1515588549157,0.8829268,-0.034146342,0.44660193,0.8829268
2018-1-10T13-49-9,1515588549158,0.82439023,-0.053658538,0.407767,0.82439023
2018-1-10T13-49-9,1515588549159,0.81463414,-0.024390243,0.42718446,0.81463414
2018-1-10T13-49-9,1515588549160,0.86341465,-0.024390243,0.5339806,0.86341465
2018-1-10T13-49-9,1515588549161,0.86341465,-0.06341463,0.49514562,0.86341465
2018-1-10T13-49-9,1515588549162,0.85365856,-0.024390243,0.3883495,0.85365856
2018-1-10T13-49-9,1515588549163,0.84390247,-0.004878049,0.407767,0.84390247
2018-1-10T13-49-9,1515588549164,0.84390247,0.014634146,0.5048544,0.84390247
2018-1-10T13-49-9,1515588549165,0.79512197,-0.053658538,0.4854369,0.79512197
2018-1-10T13-49-9,1515588549166,0.80487806,-0.034146342,0.4368932,0.80487806
2018-1-10T13-49-9,1515588549167,0.87317073,-0.043902438,0.44660193,0.87317073
2018-1-10T13-49-9,1515588549168,0.85365856,-0.024390243,0.4563107,0.85365856
2018-1-10T13-49-9,1515588549169,0.86341465,0.004878049,0.44660193,0.86341465
2018-1-10T13-49-9,1515588549170,0.85365856,0.024390243,0.42718446,0.85365856
2018-1-10T13-49-9,1515588549171,0.8341463,0.004878049,0.4368932,0.8341463
2018-1-10T13-49-9,1515588549172,0.8341463,-0.014634146,0.4368932,0.8341463
2018-1-10T13-49-9,1515588549173,0.8341463,-0.024390243,0.42718446,0.8341463
2018-1-10T13-49-9,1515588549174,0.80487806,-0.014634146,0.42718446,0.80487806
2018-1-10T13-49-9,1515588549175,0.79512197,-0.034146342,0.4563107,0.79512197
2018-1-10T13-49-9,1515588549176,0.8341463,-0.034146342,0.46601942,0.8341463
2018-1-10T13-49-9,1515588549177,0.85365856,-0.09268293,0.44660193,0.85365856
2018-1-10T13-49-9,1515588549178,0.86341465,-0.024390243,0.41747573,0.86341465
2018-1-10T13-49-9,1515588549179,0.86341465,0.004878049,0.4563107,0.86341465
2018-1-10T13-49-9,1515588549180,0.86341465,0.004878049,0.47572815,0.86341465
2018-1-10T13-49-9,1515588549181,0.84390247,0.024390243,0.44660193,0.84390247
2018-1-10T13-49-9,1515588549182,0.81463414,-0.004878049,0.41747573,0.81463414
2018-1-10T13-49-9,1515588549183,0.85365856,0.014634146,0.49514562,0.85365856
2018-1-10T13-49-9,1515588549184,0.85365856,0.053658538,0.52427185,0.85365856
2018-1-10T13-49-9,1515588549185,0.8829268,-0.024390243,0.47572815,0.8829268
2018-1-10T13-49-9,1515588549186,0.8926829,-0.004878049,0.42718446,0.8926829
2018-1-10T13-49-9,1515588549187,0.85365856,-0.024390243,0.41747573,0.85365856
2018-1-10T13-49-9,1515588549188,0.87317073,-0.043902438,0.4368932,0.87317073
2018-1-10T13-49-9,1515588549189,0.81463414,-0.034146342,0.44660193,0.81463414
2018-1-10T13-49-9,1515588549190,0.79512197,-0.043902438,0.41747573,0.79512197
2018-1-10T13-49-9,1515588549191,0.80487806,-0.053658538,0.41747573,0.80487806
2018-1-10T13-49-9,1515588549192,0.9512195,-0.07317073,0.46601942,0.9512195
2018-1-10T13-49-9,1515588549193,0.84390247,-0.07317073,0.4563107,0.84390247
2018-1-10T13-49-9,1515588549194,0.85365856,-0.06341463,0.4368932,0.85365856
2018-1-10T13-49-9,1515588549195,0.87317073,-0.034146342,0.47572815,0.87317073
2018-1-10T13-49-9,1515588549196,0.8926829,-0.043902438,0.5048544,0.8926829
2018-1-10T13-49-9,1515588549197,0.8829268,-0.014634146,0.44660193,0.8829268
2018-1-10T13-49-9,1515588549198,0.86341465,-0.004878049,0.3883495,0.86341465
2018-1-10T13-49-9,1515588549199,0.81463414,0.004878049,0.41747573,0.81463414
2018-1-10T13-49-9,1515588549200,0.74634147,0.004878049,0.4854369,0.74634147
2018-1-10T13-49-9,1515588549201,0.8341463,0.014634146,0.4854369,0.8341463
2018-1-10T13-49-9,1515588549202,0.85365856,0.014634146,0.41747573,0.85365856
2018-1-10T13-49-9,1515588549203,0.85365856,0.014634146,0.41747573,0.85365856
2018-1-10T13-49-9,1515588549204,0.86341465,-0.004878049,0.4368932,0.86341465
2018-1-10T13-49-9,1515588549205,0.8341463,0.004878049,0.4368932,0.8341463
2018-1-10T13-49-9,1515588549206,0.80487806,-0.004878049,0.41747573,0.80487806
2018-1-10T13-49-9,1515588549207,0.80487806,-0.034146342,0.41747573,0.80487806
2018-1-10T13-49-9,1515588549208,0.79512197,-0.024390243,0.4368932,0.79512197
2018-1-10T13-49-9,1515588549209,0.8341463,-0.034146342,0.4563107,0.8341463
2018-1-10T13-49-9,1515588549210,0.84390247,-0.034146342,0.44660193,0.84390247
2018-1-10T13-49-9,1515588549211,0.86341465,-0.034146342,0.4368932,0.86341465
2018-1-10T13-49-9,1515588549212,0.87317073,-0.004878049,0.4563107,0.87317073
2018-1-10T13-49-9,1515588549213,0.87317073,-0.014634146,0.41747573,0.87317073
2018-1-10T13-49-9,1515588549214,0.8926829,-0.014634146,0.44660193,0.8926829
2018-1-10T13-49-9,1515588549215,0.86341465,0.004878049,0.4563107,0.86341465
2018-1-10T13-49-9,1515588549216,0.86341465,-0.014634146,0.46601942,0.86341465
2018-1-10T13-49-9,1515588549217,0.9609756,-0.024390243,0.49514562,0.9609756
2018-1-10T13-49-9,1515588549218,0.7853659,-0.043902438,0.47572815,0.7853659
2018-1-10T13-49-9,1515588549219,0.84390247,-0.06341463,0.3883495,0.84390247
2018-1-10T13-49-9,1515588549220,0.80487806,-0.053658538,0.407767,0.80487806
2018-1-10T13-49-9,1515588549221,0.7853659,-0.08292683,0.46601942,0.7853659
2018-1-10T13-49-9,1515588549222,0.76585364,-0.08292683,0.44660193,0.76585364
2018-1-10T13-49-9,1515588549223,0.79512197,-0.043902438,0.44660193,0.79512197
2018-1-10T13-49-9,1515588549224,0.84390247,-0.024390243,0.3883495,0.84390247
2018-1-10T13-49-9,1515588549225,0.84390247,-0.004878049,0.44660193,0.84390247
2018-1-10T13-49-9,1515588549226,0.82439023,-0.004878049,0.5339806,0.82439023
2018-1-10T13-49-9,1515588549227,0.9804878,-0.024390243,0.5533981,0.9804878
2018-1-10T13-49-9,1515588549228,0.9414634,-0.014634146,0.49514562,0.9414634
2018-1-10T13-49-9,1515588549229,0.91219515,0.004878049,0.3883495,0.91219515
2018-1-10T13-49-9,1515588549230,0.8341463,0.043902438,0.39805827,0.8341463
2018-1-10T13-49-9,1515588549231,0.79512197,-0.004878049,0.44660193,0.79512197
2018-1-10T13-49-9,1515588549232,0.77560973,0.004878049,0.3883495,0.77560973
2018-1-10T13-49-9,1515588549233,0.74634147,-0.024390243,0.36893204,0.74634147
2018-1-10T13-49-9,1515588549234,0.79512197,-0.014634146,0.37864077,0.79512197
2018-1-10T13-49-9,1515588549235,0.82439023,-0.004878049,0.42718446,0.82439023
2018-1-10T13-49-9,1515588549236,0.81463414,-0.034146342,0.47572815,0.81463414
2018-1-10T13-49-9,1515588549237,0.82439023,-0.024390243,0.4563107,0.82439023
2018-1-10T13-49-9,1515588549238,0.87317073,-0.034146342,0.44660193,0.87317073
2018-1-10T13-49-9,1515588549239,0.86341465,-0.024390243,0.46601942,0.86341465
2018-1-10T13-49-9,1515588549240,0.902439,-0.024390243,0.4854369,0.902439
2018-1-10T13-49-9,1515588549241,0.902439,-0.06341463,0.5145631,0.902439
2018-1-10T13-49-9,1515588549242,0.8829268,-0.043902438,0.407767,0.8829268
2018-1-10T13-49-9,1515588549243,0.87317073,-0.004878049,0.3883495,0.87317073
2018-1-10T13-49-9,1515588549244,0.85365856,-0.014634146,0.41747573,0.85365856
2018-1-10T13-49-9,1515588549245,0.8341463,-0.014634146,0.44660193,0.8341463
2018-1-10T13-49-9,1515588549246,0.82439023,0.004878049,0.4368932,0.82439023
2018-1-10T13-49-9,1515588549247,0.8341463,-0.043902438,0.5533981,0.8341463
2018-1-10T13-49-9,1515588549248,0.84390247,-0.004878049,0.407767,0.84390247
2018-1-10T13-49-9,1515588549249,0.8341463,-0.014634146,0.407767,0.8341463
2018-1-10T13-49-9,1515588549250,0.84390247,-0.043902438,0.46601942,0.84390247
2018-1-10T13-49-9,1515588549251,0.86341465,-0.06341463,0.41747573,0.86341465
2018-1-10T13-49-9,1515588549252,0.8341463,-0.034146342,0.42718446,0.8341463
2018-1-10T13-49-9,1515588549253,0.8341463,-0.053658538,0.41747573,0.8341463
2018-1-10T13-49-9,1515588549254,0.81463414,-0.034146342,0.42718446,0.81463414
2018-1-10T13-49-9,1515588549255,0.79512197,-0.034146342,0.4563107,0.79512197
2018-1-10T13-49-9,1515588549256,0.85365856,-0.014634146,0.4368932,0.85365856
2018-1-10T13-49-9,1515588549257,0.85365856,0.014634146,0.36893204,0.85365856
2018-1-10T13-49-9,1515588549258,0.8926829,0.034146342,0.4368932,0.8926829
2018-1-10T13-49-9,1515588549259,0.87317073,-0.004878049,0.4368932,0.87317073
2018-1-10T13-49-9,1515588549260,0.85365856,0.004878049,0.44660193,0.85365856
2018-1-10T13-49-9,1515588549261,0.8341463,-0.004878049,0.42718446,0.8341463
2018-1-10T13-49-9,1515588549262,0.8829268,-0.034146342,0.4368932,0.8829268
2018-1-10T13-49-9,1515588549263,0.80487806,-0.053658538,0.44660193,0.80487806
2018-1-10T13-49-9,1515588549264,0.8341463,-0.024390243,0.4368932,0.8341463
2018-1-10T13-49-9,1515588549265,0.8341463,-0.024390243,0.4854369,0.8341463
2018-1-10T13-49-9,1515588549266,0.87317073,-0.014634146,0.4563107,0.87317073
2018-1-10T13-49-9,1515588549267,0.8829268,0.034146342,0.41747573,0.8829268
2018-1-10T13-49-9,1515588549268,0.8926829,-0.004878049,0.4854369,0.8926829
2018-1-10T13-49-9,1515588549269,0.92195123,0.004878049,0.4854369,0.92195123
2018-1-10T13-49-9,1515588549270,0.8829268,-0.024390243,0.46601942,0.8829268
2018-1-10T13-49-9,1515588549271,0.86341465,-0.024390243,0.41747573,0.86341465
2018-1-10T13-49-9,1515588549272,0.82439023,-0.004878049,0.407767,0.82439023
2018-1-10T13-49-9,1515588549273,0.7853659,-0.024390243,0.4368932,0.7853659
2018-1-10T13-49-9,1515588549274,0.79512197,0.004878049,0.44660193,0.79512197
2018-1-10T13-49-9,1515588549275,0.79512197,-0.053658538,0.4368932,0.79512197
2018-1-10T13-49-9,1515588549276,0.79512197,-0.034146342,0.39805827,0.79512197
2018-1-10T13-49-9,1515588549277,0.8341463,-0.024390243,0.42718446,0.8341463
2018-1-10T13-49-9,1515588549278,0.87317073,-0.034146342,0.44660193,0.87317073
2018-1-10T13-49-9,1515588549279,0.8341463,-0.004878049,0.4563107,0.8341463
2018-1-10T13-49-9,1515588549280,0.86341465,-0.004878049,0.5048544,0.86341465
2018-1-10T13-49-9,1515588549281,0.92195123,-0.014634146,0.5436893,0.92195123
2018-1-10T13-49-9,1515588549282,0.97073174,-0.024390243,0.4854369,0.97073174
2018-1-10T13-49-9,1515588549283,0.902439,0.014634146,0.39805827,0.902439
2018-1-10T13-49-9,1515588549284,0.87317073,0.024390243,0.3883495,0.87317073
2018-1-10T13-49-9,1515588549285,0.8341463,0.004878049,0.49514562,0.8341463
2018-1-10T13-49-9,1515588549286,0.80487806,-0.034146342,0.4563107,0.80487806
2018-1-10T13-49-9,1515588549287,0.76585364,0.004878049,0.37864077,0.76585364
2018-1-10T13-49-9,1515588549288,0.81463414,-0.043902438,0.3883495,0.81463414
2018-1-10T13-49-9,1515588549289,0.81463414,-0.06341463,0.42718446,0.81463414
2018-1-10T13-49-9,1515588549290,0.76585364,-0.07317073,0.41747573,0.76585364
2018-1-10T13-49-9,1515588549291,0.79512197,-0.053658538,0.407767,0.79512197
2018-1-10T13-49-9,1515588549292,0.87317073,-0.07317073,0.5145631,0.87317073
2018-1-10T13-49-9,1515588549293,0.86341465,-0.043902438,0.5436893,0.86341465
2018-1-10T13-49-9,1515588549294,0.8829268,-0.014634146,0.42718446,0.8829268
2018-1-10T13-49-9,1515588549295,0.8829268,0.024390243,0.5533981,0.8829268
2018-1-10T13-49-9,1515588549296,0.92195123,-0.034146342,0.4854369,0.92195123
2018-1-10T13-49-9,1515588549297,0.8829268,0.004878049,0.39805827,0.8829268
2018-1-10T13-49-9,1515588549298,0.9804878,0.004878049,0.3883495,0.9804878
2018-1-10T13-49-9,1515588549299,0.85365856,-0.004878049,0.4368932,0.85365856
2018-1-10T13-49-9,1515588549300,0.80487806,-0.014634146,0.47572815,0.80487806
2018-1-10T13-49-9,1515588549301,0.81463414,0.004878049,0.4368932,0.81463414
2018-1-10T13-49-9,1515588549302,0.80487806,-0.034146342,0.44660193,0.80487806
2018-1-10T13-49-9,1515588549303,0.8341463,-0.004878049,0.46601942,0.8341463
2018-1-10T13-49-9,1515588549304,0.8829268,-0.014634146,0.4368932,0.8829268
2018-1-10T13-49-9,1515588549305,0.86341465,-0.024390243,0.4368932,0.86341465
2018-1-10T13-49-9,1515588549306,0.84390247,-0.034146342,0.41747573,0.84390247
2018-1-10T13-49-9,1515588549307,0.82439023,-0.024390243,0.42718446,0.82439023
2018-1-10T13-49-9,1515588549308,0.79512197,-0.043902438,0.4563107,0.79512197
2018-1-10T13-49-9,1515588549309,0.77560973,-0.053658538,0.407767,0.77560973
2018-1-10T13-49-9,1515588549310,0.80487806,-0.034146342,0.39805827,0.80487806
2018-1-10T13-49-9,1515588549311,0.81463414,0.014634146,0.4368932,0.81463414
2018-1-10T13-49-9,1515588549312,0.86341465,-0.004878049,0.4563107,0.86341465
2018-1-10T13-49-9,1515588549313,0.8829268,-0.034146342,0.52427185,0.8829268
2018-1-10T13-49-9,1515588549314,0.92195123,-0.014634146,0.49514562,0.92195123
2018-1-10T13-49-9,1515588549315,0.91219515,-0.014634146,0.3883495,0.91219515
2018-1-10T13-49-9,1515588549316,0.8341463,-0.014634146,0.4368932,0.8341463
2018-1-10T13-49-9,1515588549317,0.85365856,-0.034146342,0.52427185,0.85365856
2018-1-10T13-49-9,1515588549318,0.8341463,-0.07317073,0.5436893,0.8341463
2018-1-10T13-49-9,1515588549319,0.81463414,-0.06341463,0.34951457,0.81463414
2018-1-10T13-49-9,1515588549320,0.86341465,-0.053658538,0.3883495,0.86341465
2018-1-10T13-49-9,1515588549321,0.87317073,-0.024390243,0.52427185,0.87317073
2018-1-10T13-49-9,1515588549322,0.902439,-0.043902438,0.5533981,0.902439
2018-1-10T13-49-9,1515588549323,0.92195123,-0.014634146,0.4563107,0.92195123
2018-1-10T13-49-9,1515588549324,0.8926829,0.024390243,0.39805827,0.8926829
2018-1-10T13-49-9,1515588549325,0.8926829,0.034146342,0.42718446,0.8926829
2018-1-10T13-49-9,1515588549326,0.84390247,0.014634146,0.5145631,0.84390247
2018-1-10T13-49-9,1515588549327,0.81463414,-0.014634146,0.4563107,0.81463414
2018-1-10T13-49-9,1515588549328,0.77560973,0.004878049,0.34951457,0.77560973
2018-1-10T13-49-9,1515588549329,0.77560973,0.014634146,0.39805827,0.77560973
2018-1-10T13-49-9,1515588549330,0.7853659,-0.014634146,0.46601942,0.7853659
2018-1-10T13-49-9,1515588549331,0.74634147,-0.014634146,0.4368932,0.74634147
2018-1-10T13-49-9,1515588549332,0.7365854,-0.014634146,0.407767,0.7365854
2018-1-10T13-49-9,1515588549333,0.82439023,-0.043902438,0.49514562,0.82439023
2018-1-10T13-49-9,1515588549334,0.87317073,-0.07317073,0.47572815,0.87317073
2018-1-10T13-49-9,1515588549335,0.84390247,-0.053658538,0.3883495,0.84390247
2018-1-10T13-49-9,1515588549336,0.84390247,-0.004878049,0.42718446,0.84390247
2018-1-10T13-49-9,1515588549337,0.85365856,-0.024390243,0.5048544,0.85365856
2018-1-10T13-49-9,1515588549338,0.8829268,-0.043902438,0.5339806,0.8829268
2018-1-10T13-49-9,1515588549339,0.86341465,-0.004878049,0.4368932,0.86341465
2018-1-10T13-49-9,1515588549340,0.8829268,0.004878049,0.407767,0.8829268
2018-1-10T13-49-9,1515588549341,0.8829268,-0.004878049,0.4563107,0.8829268
2018-1-10T13-49-9,1515588549342,0.85365856,-0.004878049,0.5048544,0.85365856
2018-1-10T13-49-9,1515588549343,0.86341465,-0.004878049,0.4854369,0.86341465
2018-1-10T13-49-9,1515588549344,0.7853659,-0.07317073,0.407767,0.7853659
2018-1-10T13-49-9,1515588549345,0.8829268,-0.034146342,0.3592233,0.8829268
2018-1-10T13-49-9,1515588549346,0.84390247,-0.053658538,0.5048544,0.84390247
2018-1-10T13-49-9,1515588549347,0.84390247,-0.043902438,0.49514562,0.84390247
2018-1-10T13-49-9,1515588549348,0.8341463,-0.034146342,0.42718446,0.8341463
2018-1-10T13-49-9,1515588549349,0.8341463,-0.004878049,0.407767,0.8341463
2018-1-10T13-49-9,1515588549350,0.87317073,-0.004878049,0.4854369,0.87317073
2018-1-10T13-49-9,1515588549351,0.8829268,-0.004878049,0.49514562,0.8829268
2018-1-10T13-49-9,1515588549352,0.85365856,0.004878049,0.3883495,0.85365856
2018-1-10T13-49-9,1515588549353,0.81463414,0.004878049,0.3883495,0.81463414
2018-1-10T13-49-9,1515588549354,0.81463414,0.014634146,0.42718446,0.81463414
2018-1-10T13-49-9,1515588549355,0.77560973,-0.014634146,0.4563107,0.77560973
2018-1-10T13-49-9,1515588549356,0.74634147,-0.07317073,0.3883495,0.74634147
2018-1-10T13-49-9,1515588549357,0.76585364,-0.014634146,0.37864077,0.76585364
2018-1-10T13-49-9,1515588549358,0.82439023,-0.043902438,0.46601942,0.82439023
2018-1-10T13-49-9,1515588549359,0.85365856,-0.034146342,0.4563107,0.85365856
2018-1-10T13-49-9,1515588549360,0.87317073,-0.034146342,0.4563107,0.87317073
2018-1-10T13-49-9,1515588549361,0.85365856,-0.024390243,0.42718446,0.85365856
2018-1-10T13-49-9,1515588549362,0.8829268,-0.043902438,0.39805827,0.8829268
2018-1-10T13-49-9,1515588549363,0.8926829,-0.004878049,0.5048544,0.8926829
2018-1-10T13-49-9,1515588549364,0.92195123,-0.043902438,0.5631068,0.92195123
2018-1-10T13-49-9,1515588549365,0.92195123,-0.053658538,0.4563107,0.92195123
2018-1-10T13-49-9,1515588549366,0.902439,-0.034146342,0.4368932,0.902439
2018-1-10T13-49-9,1515588549367,0.8829268,-0.043902438,0.44660193,0.8829268
2018-1-10T13-49-9,1515588549368,0.82439023,-0.043902438,0.4368932,0.82439023
2018-1-10T13-49-9,1515588549369,0.76585364,-0.014634146,0.407767,0.76585364
2018-1-10T13-49-9,1515588549370,0.75609756,-0.034146342,0.407767,0.75609756
2018-1-10T13-49-9,1515588549371,0.76585364,-0.024390243,0.3883495,0.76585364
2018-1-10T13-49-9,1515588549372,0.7853659,-0.014634146,0.407767,0.7853659
2018-1-10T13-49-9,1515588549373,0.81463414,0.014634146,0.4563107,0.81463414
2018-1-10T13-49-9,1515588549374,0.84390247,-0.034146342,0.47572815,0.84390247
2018-1-10T13-49-9,1515588549375,0.8926829,-0.014634146,0.42718446,0.8926829
2018-1-10T13-49-9,1515588549376,0.902439,0.024390243,0.41747573,0.902439
2018-1-10T13-49-9,1515588549377,0.87317073,0.014634146,0.52427185,0.87317073
2018-1-10T13-49-9,1515588549378,0.86341465,-0.014634146,0.47572815,0.86341465
2018-1-10T13-49-9,1515588549379,0.8341463,-0.004878049,0.46601942,0.8341463
2018-1-10T13-49-9,1515588549380,0.86341465,0.004878049,0.42718446,0.86341465
2018-1-10T13-49-9,1515588549381,0.85365856,0.014634146,0.4368932,0.85365856
2018-1-10T13-49-9,1515588549382,0.902439,0.004878049,0.49514562,0.902439
2018-1-10T13-49-9,1515588549383,0.902439,0.004878049,0.47572815,0.902439
2018-1-10T13-49-9,1515588549384,0.8829268,0.034146342,0.4368932,0.8829268
2018-1-10T13-49-9,1515588549385,0.8341463,0.014634146,0.4563107,0.8341463
2018-1-10T13-49-9,1515588549386,0.85365856,-0.014634146,0.5048544,0.85365856
2018-1-10T13-49-9,1515588549387,0.81463414,-0.004878049,0.44660193,0.81463414
2018-1-10T13-49-9,1515588549388,0.80487806,-0.08292683,0.39805827,0.80487806
2018-1-10T13-49-9,1515588549389,0.76585364,-0.10243902,0.37864077,0.76585364
2018-1-10T13-49-9,1515588549390,0.75609756,-0.38536584,0.3883495,0.75609756
2018-1-10T13-49-9,1515588549391,0.74634147,-0.10243902,0.37864077,0.74634147
2018-1-10T13-49-9,1515588549392,0.70731705,-0.09268293,0.4563107,0.70731705
2018-1-10T13-49-9,1515588549393,0.82439023,-0.07317073,0.4368932,0.82439023
2018-1-10T13-49-9,1515588549394,0.902439,-0.024390243,0.44660193,0.902439
2018-1-10T13-49-9,1515588549395,0.8926829,-0.024390243,0.46601942,0.8926829
2018-1-10T13-49-9,1515588549396,0.9512195,0.004878049,0.5436893,0.9512195
2018-1-10T13-49-9,1515588549397,0.9609756,-0.004878049,0.5339806,0.9609756
2018-1-10T13-49-9,1515588549398,0.92195123,0.08292683,0.41747573,0.92195123
2018-1-10T13-49-9,1515588549399,0.87317073,0.004878049,0.42718446,0.87317073
2018-1-10T13-49-9,1515588549400,0.86341465,-0.034146342,0.4854369,0.86341465
2018-1-10T13-49-9,1515588549401,0.82439023,-0.053658538,0.4368932,0.82439023
2018-1-10T13-49-9,1515588549402,0.69756097,-0.024390243,0.3592233,0.69756097
2018-1-10T13-49-9,1515588549403,0.7268293,-0.024390243,0.3592233,0.7268293
2018-1-10T13-49-9,1515588549404,0.79512197,-0.024390243,0.46601942,0.79512197
2018-1-10T13-49-9,1515588549405,0.82439023,0.014634146,0.47572815,0.82439023
2018-1-10T13-49-9,1515588549406,0.85365856,0.014634146,0.41747573,0.85365856
2018-1-10T13-49-9,1515588549407,0.87317073,0.034146342,0.44660193,0.87317073
2018-1-10T13-49-9,1515588549408,0.8829268,0.004878049,0.47572815,0.8829268
2018-1-10T13-49-9,1515588549409,0.87317073,-0.004878049,0.5048544,0.87317073
2018-1-10T13-49-9,1515588549410,0.85365856,-0.024390243,0.47572815,0.85365856
2018-1-10T13-49-9,1515588549411,0.85365856,-0.014634146,0.39805827,0.85365856
2018-1-10T13-49-9,1515588549412,0.81463414,-0.004878049,0.407767,0.81463414
2018-1-10T13-49-9,1515588549413,0.80487806,-0.014634146,0.39805827,0.80487806
2018-1-10T13-49-9,1515588549414,0.79512197,-0.014634146,0.41747573,0.79512197
2018-1-10T13-49-9,1515588549415,0.8341463,-0.014634146,0.4854369,0.8341463
2018-1-10T13-49-9,1515588549416,0.87317073,-0.024390243,0.4563107,0.87317073
2018-1-10T13-49-9,1515588549417,0.8829268,-0.014634146,0.42718446,0.8829268
2018-1-10T13-49-9,1515588549418,0.9609756,-0.014634146,0.44660193,0.9609756
2018-1-10T13-49-9,1515588549419,0.8926829,-0.024390243,0.5533981,0.8926829
2018-1-10T13-49-9,1515588549420,0.902439,-0.053658538,0.5825243,0.902439
2018-1-10T13-49-9,1515588549421,0.9317073,-0.06341463,0.4854369,0.9317073
2018-1-10T13-49-9,1515588549422,0.8926829,-0.053658538,0.42718446,0.8926829
2018-1-10T13-49-9,1515588549423,0.86341465,-0.014634146,0.42718446,0.86341465
2018-1-10T13-49-9,1515588549424,0.81463414,-0.043902438,0.49514562,0.81463414
2018-1-10T13-49-9,1515588549425,0.77560973,-0.034146342,0.42718446,0.77560973
2018-1-10T13-49-9,1515588549426,0.81463414,-0.043902438,0.3883495,0.81463414
2018-1-10T13-49-9,1515588549427,0.79512197,-0.053658538,0.407767,0.79512197
2018-1-10T13-49-9,1515588549428,0.79512197,-0.053658538,0.39805827,0.79512197
2018-1-10T13-49-9,1515588549429,0.80487806,-0.004878049,0.47572815,0.80487806
2018-1-10T13-49-9,1515588549430,0.80487806,-0.014634146,0.42718446,0.80487806
2018-1-10T13-49-9,1515588549431,0.8341463,-0.024390243,0.4563107,0.8341463
2018-1-10T13-49-9,1515588549432,0.87317073,0.004878049,0.4368932,0.87317073
2018-1-10T13-49-9,1515588549433,0.86341465,0.014634146,0.4563107,0.86341465
2018-1-10T13-49-9,1515588549434,0.8926829,-0.014634146,0.47572815,0.8926829
2018-1-10T13-49-9,1515588549435,0.902439,0.004878049,0.46601942,0.902439
2018-1-10T13-49-9,1515588549436,0.8926829,-0.034146342,0.5048544,0.8926829
2018-1-10T13-49-9,1515588549437,0.91219515,0.004878049,0.5048544,0.91219515
2018-1-10T13-49-9,1515588549438,0.902439,0.004878049,0.4368932,0.902439
2018-1-10T13-49-9,1515588549439,0.85365856,0.053658538,0.3883495,0.85365856
2018-1-10T13-49-9,1515588549440,0.85365856,0.004878049,0.44660193,0.85365856
2018-1-10T13-49-9,1515588549441,0.82439023,-0.034146342,0.52427185,0.82439023
2018-1-10T13-49-9,1515588549442,0.8341463,-0.053658538,0.4854369,0.8341463
2018-1-10T13-49-9,1515588549443,0.8341463,-0.33658537,0.3883495,0.8341463
2018-1-10T13-49-9,1515588549444,0.80487806,-0.053658538,0.36893204,0.80487806
2018-1-10T13-49-9,1515588549445,0.84390247,-0.043902438,0.4368932,0.84390247
2018-1-10T13-49-9,1515588549446,0.76585364,-0.034146342,0.46601942,0.76585364
2018-1-10T13-49-9,1515588549447,0.7853659,-0.07317073,0.407767,0.7853659
2018-1-10T13-49-9,1515588549448,0.77560973,-0.043902438,0.3398058,0.77560973
2018-1-10T13-49-9,1515588549449,0.81463414,-0.043902438,0.42718446,0.81463414
2018-1-10T13-49-9,1515588549450,0.84390247,-0.043902438,0.5048544,0.84390247
2018-1-10T13-49-9,1515588549451,0.902439,-0.053658538,0.5145631,0.902439
2018-1-10T13-49-9,1515588549452,0.902439,-0.053658538,0.44660193,0.902439
2018-1-10T13-49-9,1515588549453,0.902439,-0.014634146,0.41747573,0.902439
2018-1-10T13-49-9,1515588549454,0.91219515,0.024390243,0.4368932,0.91219515
2018-1-10T13-49-9,1515588549455,0.86341465,-0.004878049,0.5145631,0.86341465
2018-1-10T13-49-9,1515588549456,0.86341465,-0.004878049,0.4854369,0.86341465
2018-1-10T13-49-9,1515588549457,0.84390247,0.014634146,0.41747573,0.84390247
2018-1-10T13-49-9,1515588549458,0.86341465,-0.014634146,0.46601942,0.86341465
2018-1-10T13-49-9,1515588549459,0.87317073,-0.024390243,0.5339806,0.87317073
2018-1-10T13-49-9,1515588549460,0.84390247,-0.024390243,0.4368932,0.84390247
2018-1-10T13-49-9,1515588549461,0.81463414,-0.043902438,0.3883495,0.81463414
2018-1-10T13-49-9,1515588549462,0.80487806,-0.014634146,0.4563107,0.80487806
2018-1-10T13-49-9,1515588549463,0.82439023,-0.014634146,0.4563107,0.82439023
2018-1-10T13-49-9,1515588549464,0.79512197,0.004878049,0.42718446,0.79512197
2018-1-10T13-49-9,1515588549465,0.82439023,0.09268293,0.44660193,0.82439023
2018-1-10T13-49-9,1515588549466,0.86341465,0.004878049,0.47572815,0.86341465
2018-1-10T13-49-9,1515588549467,0.85365856,-0.014634146,0.39805827,0.85365856
2018-1-10T13-49-9,1515588549468,0.86341465,-0.004878049,0.39805827,0.86341465
2018-1-10T13-49-9,1515588549469,0.85365856,-0.014634146,0.44660193,0.85365856
2018-1-10T13-49-9,1515588549470,0.80487806,-0.014634146,0.3883495,0.80487806
2018-1-10T13-49-9,1515588549471,0.79512197,-0.014634146,0.3398058,0.79512197
2018-1-10T13-49-9,1515588549472,0.79512197,-0.034146342,0.42718446,0.79512197
2018-1-10T13-49-9,1515588549473,0.81463414,-0.08292683,0.4563107,0.81463414
2018-1-10T13-49-9,1515588549474,0.81463414,-0.08292683,0.4368932,0.81463414
2018-1-10T13-49-9,1515588549475,0.8829268,-0.11219512,0.46601942,0.8829268
2018-1-10T13-49-9,1515588549476,0.92195123,-0.08292683,0.4854369,0.92195123
2018-1-10T13-49-9,1515588549477,0.87317073,-0.053658538,0.5048544,0.87317073
2018-1-10T13-49-9,1515588549478,0.92195123,-0.034146342,0.4854369,0.92195123
2018-1-10T13-49-9,1515588549479,0.91219515,-0.024390243,0.5048544,0.91219515
2018-1-10T13-49-9,1515588549480,0.91219515,-0.004878049,0.5145631,0.91219515
2018-1-10T13-49-9,1515588549481,0.8829268,-0.024390243,0.4854369,0.8829268
2018-1-10T13-49-9,1515588549482,0.87317073,-0.07317073,0.49514562,0.87317073
2018-1-10T13-49-9,1515588549483,0.8926829,0.014634146,0.42718446,0.8926829
2018-1-10T13-49-9,1515588549484,0.81463414,-0.004878049,0.42718446,0.81463414
2018-1-10T13-49-9,1515588549485,0.7853659,0.004878049,0.42718446,0.7853659
2018-1-10T13-49-9,1515588549486,0.7853659,0.004878049,0.37864077,0.7853659
2018-1-10T13-49-9,1515588549487,0.77560973,0.034146342,0.3883495,0.77560973
2018-1-10T13-49-9,1515588549488,0.75609756,-0.004878049,0.42718446,0.75609756
2018-1-10T13-49-9,1515588549489,0.77560973,-0.024390243,0.39805827,0.77560973
2018-1-10T13-49-9,1515588549490,0.76585364,-0.043902438,0.3883495,0.76585364
2018-1-10T13-49-9,1515588549491,0.7853659,-0.043902438,0.39805827,0.7853659
2018-1-10T13-49-9,1515588549492,0.79512197,-0.053658538,0.42718446,0.79512197
2018-1-10T13-49-9,1515588549493,0.82439023,0.014634146,0.41747573,0.82439023
2018-1-10T13-49-9,1515588549494,0.79512197,-0.053658538,0.4563107,0.79512197
2018-1-10T13-49-9,1515588549495,0.86341465,-0.014634146,0.4854369,0.86341465
2018-1-10T13-49-9,1515588549496,0.92195123,-0.004878049,0.47572815,0.92195123
2018-1-10T13-49-9,1515588549497,0.9414634,0.014634146,0.47572815,0.9414634
2018-1-10T13-49-9,1515588549498,0.9804878,0.014634146,0.5533981,0.9804878
2018-1-10T13-49-9,1515588549499,1.0097561,-0.08292683,0.5825243,1.0097561
2018-1-10T13-49-9,1515588549500,1.0,-0.06341463,0.46601942,1.0
2018-1-10T13-49-9,1515588549501,0.87317073,-0.043902438,0.39805827,0.87317073
2018-1-10T13-49-9,1515588549502,0.79512197,-0.06341463,0.4563107,0.79512197
2018-1-10T13-49-9,1515588549503,0.75609756,-0.10243902,0.49514562,0.75609756
2018-1-10T13-49-9,1515588549504,0.75609756,-0.08292683,0.41747573,0.75609756
2018-1-10T13-49-9,1515588549505,0.76585364,-0.043902438,0.3883495,0.76585364
2018-1-10T13-49-9,1515588549506,0.81463414,-0.024390243,0.42718446,0.81463414
2018-1-10T13-49-9,1515588549507,0.8341463,-0.014634146,0.4368932,0.8341463
2018-1-10T13-49-9,1515588549508,0.8341463,-0.014634146,0.42718446,0.8341463
2018-1-10T13-49-9,1515588549509,0.85365856,0.024390243,0.42718446,0.85365856
2018-1-10T13-49-9,1515588549510,0.85365856,0.024390243,0.46601942,0.85365856
2018-1-10T13-49-9,1515588549511,0.84390247,-0.053658538,0.4563107,0.84390247
2018-1-10T13-49-9,1515588549512,0.85365856,0.034146342,0.4368932,0.85365856
2018-1-10T13-49-9,1515588549513,0.87317073,0.10243902,0.41747573,0.87317073
2018-1-10T13-49-9,1515588549514,0.82439023,0.034146342,0.3883495,0.82439023
2018-1-10T13-49-9,1515588549515,0.8341463,0.043902438,0.4368932,0.8341463
2018-1-10T13-49-9,1515588549516,0.82439023,0.014634146,0.49514562,0.82439023
2018-1-10T13-49-9,1515588549517,0.84390247,-0.034146342,0.41747573,0.84390247
2018-1-10T13-49-9,1515588549518,0.8341463,-0.004878049,0.39805827,0.8341463
2018-1-10T13-49-9,1515588549519,0.8341463,0.014634146,0.44660193,0.8341463
2018-1-10T13-49-9,1515588549520,0.85365856,-0.034146342,0.4563107,0.85365856
2018-1-10T13-49-9,1515588549521,0.8341463,-0.043902438,0.4854369,0.8341463
2018-1-10T13-49-9,1515588549522,0.85365856,-0.06341463,0.5145631,0.85365856
2018-1-10T13-49-9,1515588549523,0.8829268,-0.11219512,0.5048544,0.8829268
2018-1-10T13-49-9,1515588549524,0.86341465,-0.12195122,0.41747573,0.86341465
2018-1-10T13-49-9,1515588549525,0.84390247,-0.08292683,0.41747573,0.84390247
2018-1-10T13-49-9,1515588549526,0.82439023,-0.034146342,0.47572815,0.82439023
2018-1-10T13-49-9,1515588549527,0.82439023,-0.07317073,0.49514562,0.82439023
2018-1-10T13-49-9,1515588549528,0.8341463,-0.034146342,0.42718446,0.8341463
2018-1-10T13-49-9,1515588549529,0.86341465,-0.014634146,0.42718446,0.86341465
2018-1-10T13-49-9,1515588549530,0.87317073,-0.014634146,0.4368932,0.87317073
2018-1-10T13-49-9,1515588549531,0.9317073,-0.024390243,0.5533981,0.9317073
2018-1-10T13-49-9,1515588549532,0.92195123,-0.024390243,0.5145631,0.92195123
2018-1-10T13-49-9,1515588549533,0.87317073,-0.034146342,0.4368932,0.87317073
2018-1-10T13-49-9,1515588549534,0.8341463,-0.014634146,0.34951457,0.8341463
2018-1-10T13-49-9,1515588549535,0.76585364,-0.053658538,0.4368932,0.76585364
2018-1-10T13-49-9,1515588549536,0.76585364,-0.06341463,0.49514562,0.76585364
2018-1-10T13-49-9,1515588549537,0.76585364,-0.034146342,0.41747573,0.76585364
2018-1-10T13-49-9,1515588549538,0.79512197,-0.004878049,0.3398058,0.79512197
2018-1-10T13-49-9,1515588549539,0.84390247,-0.024390243,0.39805827,0.84390247
2018-1-10T13-49-9,1515588549540,0.85365856,0.024390243,0.44660193,0.85365856
2018-1-10T13-49-9,1515588549541,0.8829268,0.014634146,0.49514562,0.8829268
2018-1-10T13-49-9,1515588549542,0.91219515,0.024390243,0.52427185,0.91219515
2018-1-10T13-49-9,1515588549543,0.902439,-0.004878049,0.47572815,0.902439
2018-1-10T13-49-9,1515588549544,0.86341465,0.024390243,0.37864077,0.86341465
2018-1-10T13-49-9,1515588549545,0.80487806,0.004878049,0.41747573,0.80487806
2018-1-10T13-49-9,1515588549546,0.82439023,-0.37560976,0.5048544,0.82439023
2018-1-10T13-49-9,1515588549547,0.80487806,-0.043902438,0.49514562,0.80487806
2018-1-10T13-49-9,1515588549548,0.80487806,-0.043902438,0.41747573,0.80487806
2018-1-10T13-49-9,1515588549549,0.85365856,0.004878049,0.3592233,0.85365856
2018-1-10T13-49-9,1515588549550,0.81463414,-0.004878049,0.39805827,0.81463414
2018-1-10T13-49-9,1515588549551,0.84390247,-0.014634146,0.47572815,0.84390247
2018-1-10T13-49-9,1515588549552,0.84390247,-0.034146342,0.4854369,0.84390247
2018-1-10T13-49-9,1515588549553,0.8829268,-0.043902438,0.47572815,0.8829268
2018-1-10T13-49-9,1515588549554,0.91219515,-0.014634146,0.407767,0.91219515
2018-1-10T13-49-9,1515588549555,0.91219515,-0.043902438,0.5048544,0.91219515
2018-1-10T13-49-9,1515588549556,0.91219515,-0.09268293,0.5145631,0.91219515
2018-1-10T13-49-9,1515588549557,0.86341465,-0.043902438,0.5339806,0.86341465
2018-1-10T13-49-9,1515588549558,0.86341465,-0.034146342,0.41747573,0.86341465
2018-1-10T13-49-9,1515588549559,0.84390247,-0.034146342,0.36893204,0.84390247
2018-1-10T13-49-9,1515588549560,0.7853659,-0.004878049,0.47572815,0.7853659
2018-1-10T13-49-9,1515588549561,0.8341463,-0.053658538,0.5145631,0.8341463
2018-1-10T13-49-9,1515588549562,0.80487806,-0.034146342,0.407767,0.80487806
2018-1-10T13-49-9,1515588549563,0.79512197,0.004878049,0.3398058,0.79512197
2018-1-10T13-49-9,1515588549564,0.7853659,-0.034146342,0.44660193,0.7853659
2018-1-10T13-49-9,1515588549565,0.79512197,-0.053658538,0.47572815,0.79512197
2018-1-10T13-49-9,1515588549566,0.7365854,-0.06341463,0.42718446,0.7365854
2018-1-10T13-49-9,1515588549567,0.79512197,-0.034146342,0.41747573,0.79512197
2018-1-10T13-49-9,1515588549568,0.84390247,-0.014634146,0.44660193,0.84390247
2018-1-10T13-49-9,1515588549569,0.8926829,0.014634146,0.5048544,0.8926829
2018-1-10T13-49-9,1515588549570,0.902439,0.024390243,0.4563107,0.902439
2018-1-10T13-49-9,1515588549571,0.9414634,0.12195122,0.4563107,0.9414634
2018-1-10T13-49-9,1515588549572,0.902439,0.014634146,0.5145631,0.902439
2018-1-10T13-49-9,1515588549573,0.91219515,-0.004878049,0.5048544,0.91219515
2018-1-10T13-49-9,1515588549574,0.85365856,-0.034146342,0.407767,0.85365856
2018-1-10T13-49-9,1515588549575,0.8341463,0.014634146,0.34951457,0.8341463
2018-1-10T13-49-9,1515588549576,0.7853659,-0.024390243,0.46601942,0.7853659
2018-1-10T13-49-9,1515588549577,0.79512197,-0.043902438,0.46601942,0.79512197
2018-1-10T13-49-9,1515588549578,0.81463414,0.004878049,0.5048544,0.81463414
2018-1-10T13-49-9,1515588549579,0.87317073,-0.014634146,0.49514562,0.87317073
2018-1-10T13-49-9,1515588549580,0.8926829,-0.034146342,0.5048544,0.8926829
2018-1-10T13-49-9,1515588549581,0.86341465,-0.053658538,0.42718446,0.86341465
2018-1-10T13-49-9,1515588549582,0.85365856,-0.024390243,0.41747573,0.85365856
2018-1-10T13-49-9,1515588549583,0.8341463,-0.053658538,0.4563107,0.8341463
2018-1-10T13-49-9,1515588549584,0.81463414,-0.043902438,0.4563107,0.81463414
2018-1-10T13-49-9,1515588549585,0.80487806,-0.034146342,0.42718446,0.80487806
2018-1-10T13-49-9,1515588549586,0.79512197,-0.034146342,0.37864077,0.79512197
2018-1-10T13-49-9,1515588549587,0.7853659,-0.043902438,0.41747573,0.7853659
2018-1-10T13-49-9,1515588549588,0.82439023,-0.034146342,0.4854369,0.82439023
2018-1-10T13-49-9,1515588549589,0.87317073,-0.024390243,0.5048544,0.87317073
2018-1-10T13-49-9,1515588549590,0.8829268,-0.024390243,0.42718446,0.8829268
2018-1-10T13-49-9,1515588549591,0.8829268,0.004878049,0.39805827,0.8829268
2018-1-10T13-49-9,1515588549592,0.902439,0.043902438,0.4854369,0.902439
2018-1-10T13-49-9,1515588549593,0.902439,0.004878049,0.5533981,0.902439
2018-1-10T13-49-9,1515588549594,0.86341465,-0.004878049,0.4854369,0.86341465
2018-1-10T13-49-9,1515588549595,0.87317073,0.004878049,0.3883495,0.87317073
2018-1-10T13-49-9,1515588549596,0.85365856,-0.014634146,0.407767,0.85365856
2018-1-10T13-49-9,1515588549597,0.84390247,-0.024390243,0.46601942,0.84390247
2018-1-10T13-49-9,1515588549598,0.8341463,-0.043902438,0.47572815,0.8341463
2018-1-10T13-49-9,1515588549599,0.74634147,-0.034146342,0.44660193,0.74634147
2018-1-10T13-49-9,1515588549600,0.81463414,-0.053658538,0.3592233,0.81463414
2018-1-10T13-49-9,1515588549601,0.80487806,-0.043902438,0.41747573,0.80487806
2018-1-10T13-49-9,1515588549602,0.79512197,-0.06341463,0.46601942,0.79512197
2018-1-10T13-49-9,1515588549603,0.85365856,-0.053658538,0.5145631,0.85365856
2018-1-10T13-49-9,1515588549604,0.87317073,-0.06341463,0.49514562,0.87317073
2018-1-10T13-49-9,1515588549605,0.92195123,-0.053658538,0.39805827,0.92195123
2018-1-10T13-49-9,1515588549606,0.82439023,-0.004878049,0.4368932,0.82439023
2018-1-10T13-49-9,1515588549607,0.85365856,-0.014634146,0.5048544,0.85365856
2018-1-10T13-49-9,1515588549608,0.86341465,-0.024390243,0.44660193,0.86341465
2018-1-10T13-49-9,1515588549609,0.79512197,0.014634146,0.34951457,0.79512197
2018-1-10T13-49-9,1515588549610,0.86341465,0.034146342,0.4368932,0.86341465
2018-1-10T13-49-9,1515588549611,0.87317073,-0.014634146,0.5145631,0.87317073
2018-1-10T13-49-9,1515588549612,0.8829268,0.004878049,0.4563107,0.8829268
2018-1-10T13-49-9,1515588549613,0.8829268,0.053658538,0.39805827,0.8829268
2018-1-10T13-49-9,1515588549614,0.902439,0.024390243,0.4854369,0.902439
2018-1-10T13-49-9,1515588549615,0.8829268,0.014634146,0.5339806,0.8829268
2018-1-10T13-49-9,1515588549616,0.8926829,0.004878049,0.5631068,0.8926829
2018-1-10T13-49-9,1515588549617,0.902439,-0.043902438,0.44660193,0.902439
2018-1-10T13-49-9,1515588549618,0.84390247,-0.09268293,0.33009708,0.84390247
2018-1-10T13-49-9,1515588549619,0.81463414,-0.043902438,0.407767,0.81463414
2018-1-10T13-49-9,1515588549620,0.76585364,-0.09268293,0.47572815,0.76585364
2018-1-10T13-49-9,1515588549621,0.75609756,-0.08292683,0.46601942,0.75609756
2018-1-10T13-49-9,1515588549622,0.80487806,-0.07317073,0.4368932,0.80487806
2018-1-10T13-49-9,1515588549623,0.79512197,-0.07317073,0.3592233,0.79512197
2018-1-10T13-49-9,1515588549624,0.7853659,-0.06341463,0.33009708,0.7853659
2018-1-10T13-49-9,1515588549625,0.7853659,-0.12195122,0.39805827,0.7853659
2018-1-10T13-49-9,1515588549626,0.82439023,-0.024390243,0.4563107,0.82439023
2018-1-10T13-49-9,1515588549627,0.82439023,-0.014634146,0.42718446,0.82439023
2018-1-10T13-49-9,1515588549628,0.85365856,0.014634146,0.44660193,0.85365856
2018-1-10T13-49-9,1515588549629,0.91219515,0.024390243,0.52427185,0.91219515
2018-1-10T13-49-9,1515588549630,0.97073174,0.034146342,0.52427185,0.97073174
2018-1-10T13-49-9,1515588549631,0.9512195,0.043902438,0.4854369,0.9512195
2018-1-10T13-49-9,1515588549632,0.9902439,0.06341463,0.47572815,0.9902439
2018-1-10T13-49-9,1515588549633,0.92195123,-0.004878049,0.52427185,0.92195123
2018-1-10T13-49-9,1515588549634,0.86341465,-0.034146342,0.5048544,0.86341465
2018-1-10T13-49-9,1515588549635,0.84390247,-0.034146342,0.4368932,0.84390247
2018-1-10T13-49-9,1515588549636,0.7853659,-0.06341463,0.44660193,0.7853659
2018-1-10T13-49-9,1515588549637,0.76585364,-0.08292683,0.42718446,0.76585364
2018-1-10T13-49-9,1515588549638,0.75609756,-0.053658538,0.4563107,0.75609756
2018-1-10T13-49-9,1515588549639,0.74634147,-0.053658538,0.407767,0.74634147
2018-1-10T13-49-9,1515588549640,0.76585364,-0.034146342,0.32038835,0.76585364
2018-1-10T13-49-9,1515588549641,0.79512197,-0.004878049,0.4563107,0.79512197
2018-1-10T13-49-9,1515588549642,0.84390247,-0.004878049,0.46601942,0.84390247
2018-1-10T13-49-9,1515588549643,0.8926829,0.004878049,0.3883495,0.8926829
2018-1-10T13-49-9,1515588549644,0.84390247,0.024390243,0.39805827,0.84390247
2018-1-10T13-49-9,1515588549645,0.85365856,-0.004878049,0.47572815,0.85365856
2018-1-10T13-49-9,1515588549646,0.84390247,-0.043902438,0.47572815,0.84390247
2018-1-10T13-49-9,1515588549647,0.85365856,-0.043902438,0.407767,0.85365856
2018-1-10T13-49-9,1515588549648,0.8341463,-0.034146342,0.407767,0.8341463
2018-1-10T13-49-9,1515588549649,0.8341463,-0.034146342,0.44660193,0.8341463
2018-1-10T13-49-9,1515588549650,0.84390247,-0.024390243,0.44660193,0.84390247
2018-1-10T13-49-9,1515588549651,0.85365856,-0.014634146,0.4368932,0.85365856
2018-1-10T13-49-9,1515588549652,0.86341465,-0.024390243,0.4368932,0.86341465
2018-1-10T13-49-9,1515588549653,0.91219515,-0.034146342,0.49514562,0.91219515
2018-1-10T13-49-9,1515588549654,0.8926829,-0.014634146,0.5339806,0.8926829
2018-1-10T13-49-9,1515588549655,0.9609756,-0.043902438,0.60194176,0.9609756
2018-1-10T13-49-9,1515588549656,0.9804878,-0.09268293,0.5436893,0.9804878
2018-1-10T13-49-9,1515588549657,0.91219515,-0.043902438,0.42718446,0.91219515
2018-1-10T13-49-9,1515588549658,0.86341465,-0.004878049,0.42718446,0.86341465
2018-1-10T13-49-9,1515588549659,0.82439023,-0.034146342,0.46601942,0.82439023
2018-1-10T13-49-9,1515588549660,0.7268293,-0.06341463,0.3883495,0.7268293
2018-1-10T13-49-9,1515588549661,0.71707314,-0.034146342,0.36893204,0.71707314
2018-1-10T13-49-9,1515588549662,0.74634147,-0.024390243,0.407767,0.74634147
2018-1-10T13-49-9,1515588549663,0.75609756,-0.004878049,0.3592233,0.75609756
2018-1-10T13-49-9,1515588549664,0.77560973,0.024390243,0.407767,0.77560973
2018-1-10T13-49-9,1515588549665,0.79512197,0.06341463,0.4368932,0.79512197
2018-1-10T13-49-9,1515588549666,0.84390247,-0.004878049,0.44660193,0.84390247
2018-1-10T13-49-9,1515588549667,0.85365856,0.053658538,0.4368932,0.85365856
2018-1-10T13-49-9,1515588549668,0.84390247,-0.004878049,0.42718446,0.84390247
2018-1-10T13-49-9,1515588549669,0.85365856,-0.014634146,0.4368932,0.85365856
2018-1-10T13-49-9,1515588549670,0.82439023,-0.043902438,0.46601942,0.82439023
2018-1-10T13-49-9,1515588549671,0.86341465,-0.034146342,0.5048544,0.86341465
2018-1-10T13-49-9,1515588549672,0.8926829,-0.014634146,0.5145631,0.8926829
2018-1-10T13-49-9,1515588549673,0.9317073,-0.034146342,0.4563107,0.9317073
2018-1-10T13-49-9,1515588549674,0.84390247,-0.024390243,0.42718446,0.84390247
2018-1-10T13-49-9,1515588549675,0.92195123,-0.004878049,0.4854369,0.92195123
2018-1-10T13-49-9,1515588549676,0.9414634,-0.014634146,0.5436893,0.9414634
2018-1-10T13-49-9,1515588549677,0.902439,0.004878049,0.4854369,0.902439
2018-1-10T13-49-9,1515588549678,0.86341465,-0.034146342,0.42718446,0.86341465
2018-1-10T13-49-9,1515588549679,0.8341463,-0.053658538,0.44660193,0.8341463
2018-1-10T13-49-9,1515588549680,0.81463414,-0.034146342,0.47572815,0.81463414
2018-1-10T13-49-9,1515588549681,0.7853659,-0.053658538,0.41747573,0.7853659
2018-1-10T13-49-9,1515588549682,0.7365854,-0.043902438,0.3592233,0.7365854
2018-1-10T13-49-9,1515588549683,0.7365854,-0.004878049,0.34951457,0.7365854
2018-1-10T13-49-9,1515588549684,0.7853659,-0.014634146,0.42718446,0.7853659
2018-1-10T13-49-9,1515588549685,0.7853659,-0.024390243,0.4368932,0.7853659
2018-1-10T13-49-9,1515588549686,0.81463414,0.014634146,0.39805827,0.81463414
2018-1-10T13-49-9,1515588549687,0.86341465,0.014634146,0.4563107,0.86341465
2018-1-10T13-49-9,1515588549688,0.91219515,0.014634146,0.47572815,0.91219515
2018-1-10T13-49-9,1515588549689,0.902439,-0.004878049,0.41747573,0.902439
2018-1-10T13-49-9,1515588549690,0.8829268,-0.004878049,0.44660193,0.8829268
2018-1-10T13-49-9,1515588549691,0.87317073,-0.034146342,0.4854369,0.87317073
2018-1-10T13-49-9,1515588549692,0.81463414,-0.053658538,0.47572815,0.81463414
2018-1-10T13-49-9,1515588549693,0.80487806,-0.06341463,0.3883495,0.80487806
2018-1-10T13-49-9,1515588549694,0.77560973,-0.08292683,0.39805827,0.77560973
2018-1-10T13-49-9,1515588549695,0.80487806,-0.09268293,0.47572815,0.80487806
2018-1-10T13-49-9,1515588549696,0.84390247,-0.10243902,0.49514562,0.84390247
2018-1-10T13-49-9,1515588549697,0.8829268,-0.07317073,0.4854369,0.8829268
2018-1-10T13-49-9,1515588549698,0.92195123,-0.004878049,0.47572815,0.92195123
2018-1-10T13-49-9,1515588549699,0.9317073,-0.004878049,0.49514562,0.9317073
2018-1-10T13-49-9,1515588549700,0.9414634,0.014634146,0.5048544,0.9414634
2018-1-10T13-49-9,1515588549701,0.902439,0.014634146,0.47572815,0.902439
2018-1-10T13-49-9,1515588549702,0.8829268,0.014634146,0.46601942,0.8829268
2018-1-10T13-49-9,1515588549703,0.84390247,0.004878049,0.44660193,0.84390247
2018-1-10T13-49-9,1515588549704,0.80487806,0.014634146,0.407767,0.80487806
2018-1-10T13-49-9,1515588549705,0.7853659,-0.034146342,0.36893204,0.7853659
2018-1-10T13-49-9,1515588549706,0.76585364,-0.004878049,0.4368932,0.76585364
2018-1-10T13-49-9,1515588549707,0.75609756,-0.024390243,0.407767,0.75609756
2018-1-10T13-49-9,1515588549708,0.7853659,-0.004878049,0.407767,0.7853659
2018-1-10T13-49-9,1515588549709,0.7853659,-0.004878049,0.42718446,0.7853659
2018-1-10T13-49-9,1515588549710,0.8341463,-0.004878049,0.42718446,0.8341463
2018-1-10T13-49-9,1515588549711,0.84390247,0.024390243,0.4368932,0.84390247
2018-1-10T13-49-9,1515588549712,0.8829268,0.024390243,0.4854369,0.8829268
2018-1-10T13-49-9,1515588549713,0.8926829,0.004878049,0.52427185,0.8926829
2018-1-10T13-49-9,1515588549714,0.92195123,0.014634146,0.5048544,0.92195123
2018-1-10T13-49-9,1515588549715,0.9317073,-0.034146342,0.42718446,0.9317073
2018-1-10T13-49-9,1515588549716,0.85365856,-0.024390243,0.39805827,0.85365856
2018-1-10T13-49-9,1515588549717,0.81463414,-0.034146342,0.4368932,0.81463414
2018-1-10T13-49-9,1515588549718,0.75609756,-0.043902438,0.4563107,0.75609756
2018-1-10T13-49-9,1515588549719,0.76585364,-0.053658538,0.41747573,0.76585364
2018-1-10T13-49-9,1515588549720,0.74634147,-0.08292683,0.39805827,0.74634147
2018-1-10T13-49-9,1515588549721,0.74634147,-0.08292683,0.44660193,0.74634147
2018-1-10T13-49-9,1515588549722,0.86341465,-0.06341463,0.4854369,0.86341465
2018-1-10T13-49-9,1515588549723,0.8341463,-0.06341463,0.4854369,0.8341463
2018-1-10T13-49-9,1515588549724,0.91219515,-0.014634146,0.52427185,0.91219515
2018-1-10T13-49-9,1515588549725,0.9414634,-0.034146342,0.5339806,0.9414634
2018-1-10T13-49-9,1515588549726,0.92195123,-0.004878049,0.4563107,0.92195123
2018-1-10T13-49-9,1515588549727,0.91219515,0.004878049,0.42718446,0.91219515
2018-1-10T13-49-9,1515588549728,0.87317073,-0.024390243,0.4854369,0.87317073
2018-1-10T13-49-9,1515588549729,0.82439023,-0.024390243,0.4563107,0.82439023
2018-1-10T13-49-9,1515588549730,0.80487806,-0.034146342,0.4854369,0.80487806
2018-1-10T13-49-9,1515588549731,0.79512197,-0.053658538,0.37864077,0.79512197
2018-1-10T13-49-9,1515588549732,0.80487806,-0.034146342,0.3592233,0.80487806
2018-1-10T13-49-9,1515588549733,0.76585364,-0.004878049,0.42718446,0.76585364
2018-1-10T13-49-9,1515588549734,0.76585364,-0.014634146,0.4563107,0.76585364
2018-1-10T13-49-9,1515588549735,0.81463414,-0.014634146,0.4368932,0.81463414
2018-1-10T13-49-9,1515588549736,0.84390247,0.004878049,0.44660193,0.84390247
2018-1-10T13-49-9,1515588549737,0.86341465,0.024390243,0.4854369,0.86341465
2018-1-10T13-49-9,1515588549738,0.92195123,-0.004878049,0.49514562,0.92195123
2018-1-10T13-49-9,1515588549739,0.92195123,0.004878049,0.49514562,0.92195123
2018-1-10T13-49-9,1515588549740,0.8829268,0.004878049,0.44660193,0.8829268
2018-1-10T13-49-9,1515588549741,0.86341465,-0.014634146,0.36893204,0.86341465
2018-1-10T13-49-9,1515588549742,0.80487806,-0.024390243,0.37864077,0.80487806
2018-1-10T13-49-9,1515588549743,0.79512197,-0.024390243,0.4368932,0.79512197
2018-1-10T13-49-9,1515588549744,0.81463414,-0.043902438,0.4854369,0.81463414
2018-1-10T13-49-9,1515588549745,0.84390247,-0.09268293,0.4563107,0.84390247
2018-1-10T13-49-9,1515588549746,0.87317073,-0.024390243,0.42718446,0.87317073
2018-1-10T13-49-9,1515588549747,0.9512195,-0.004878049,0.46601942,0.9512195
2018-1-10T13-49-9,1515588549748,0.9317073,0.004878049,0.49514562,0.9317073
2018-1-10T13-49-9,1515588549749,0.8926829,0.014634146,0.4854369,0.8926829
2018-1-10T13-49-9,1515588549750,0.87317073,0.014634146,0.46601942,0.87317073
2018-1-10T13-49-9,1515588549751,0.84390247,-0.004878049,0.4563107,0.84390247
2018-1-10T13-49-9,1515588549752,0.84390247,-0.024390243,0.44660193,0.84390247
2018-1-10T13-49-9,1515588549753,0.7853659,-0.034146342,0.37864077,0.7853659
2018-1-10T13-49-9,1515588549754,0.76585364,0.024390243,0.3592233,0.76585364
2018-1-10T13-49-9,1515588549755,0.7365854,-0.06341463,0.37864077,0.7365854
2018-1-10T13-49-9,1515588549756,0.74634147,-0.08292683,0.407767,0.74634147
2018-1-10T13-49-9,1515588549757,0.75609756,-0.07317073,0.407767,0.75609756
2018-1-10T13-49-9,1515588549758,0.82439023,-0.06341463,0.37864077,0.82439023
2018-1-10T13-49-9,1515588549759,0.81463414,-0.034146342,0.42718446,0.81463414
2018-1-10T13-49-9,1515588549760,0.8926829,-0.024390243,0.5825243,0.8926829
2018-1-10T13-49-9,1515588549761,0.97073174,-0.043902438,0.592233,0.97073174
2018-1-10T13-49-9,1515588549762,1.0,0.014634146,0.4854369,1.0
2018-1-10T13-49-9,1515588549763,0.9902439,0.043902438,0.47572815,0.9902439
2018-1-10T13-49-9,1515588549764,0.9902439,0.043902438,0.5145631,0.9902439
2018-1-10T13-49-9,1515588549765,0.902439,0.014634146,0.4854369,0.902439
2018-1-10T13-49-9,1515588549766,0.85365856,-0.004878049,0.407767,0.85365856
2018-1-10T13-49-9,1515588549767,0.82439023,-0.014634146,0.3592233,0.82439023
2018-1-10T13-49-9,1515588549768,0.79512197,-0.043902438,0.47572815,0.79512197
2018-1-10T13-49-9,1515588549769,0.79512197,-0.09268293,0.44660193,0.79512197
2018-1-10T13-49-9,1515588549770,0.7853659,-0.053658538,0.3592233,0.7853659
2018-1-10T13-49-9,1515588549771,0.7853659,-0.06341463,0.34951457,0.7853659
2018-1-10T13-49-9,1515588549772,0.7853659,-0.024390243,0.42718446,0.7853659
2018-1-10T13-49-9,1515588549773,0.77560973,-0.014634146,0.46601942,0.77560973
2018-1-10T13-49-9,1515588549774,0.76585364,-0.014634146,0.41747573,0.76585364
2018-1-10T13-49-9,1515588549775,0.82439023,0.004878049,0.42718446,0.82439023
2018-1-10T13-49-9,1515588549776,0.86341465,0.004878049,0.4368932,0.86341465
2018-1-10T13-49-9,1515588549777,0.8829268,-0.014634146,0.46601942,0.8829268
2018-1-10T13-49-9,1515588549778,0.902439,-0.014634146,0.4563107,0.902439
2018-1-10T13-49-9,1515588549779,0.8926829,0.004878049,0.4368932,0.8926829
2018-1-10T13-49-9,1515588549780,0.8926829,-0.004878049,0.44660193,0.8926829
2018-1-10T13-49-9,1515588549781,0.87317073,0.004878049,0.42718446,0.87317073
2018-1-10T13-49-9,1515588549782,0.86341465,-0.024390243,0.44660193,0.86341465
2018-1-10T13-49-9,1515588549783,0.84390247,-0.043902438,0.4854369,0.84390247
2018-1-10T13-49-9,1515588549784,0.8829268,-0.034146342,0.47572815,0.8829268
2018-1-10T13-49-9,1515588549785,0.87317073,-0.034146342,0.41747573,0.87317073
2018-1-10T13-49-9,1515588549786,0.86341465,-0.024390243,0.34951457,0.86341465
2018-1-10T13-49-9,1515588549787,0.84390247,-0.014634146,0.4854369,0.84390247
2018-1-10T13-49-9,1515588549788,0.8341463,-0.034146342,0.49514562,0.8341463
2018-1-10T13-49-9,1515588549789,0.82439023,-0.053658538,0.4368932,0.82439023
2018-1-10T13-49-9,1515588549790,0.8341463,-0.034146342,0.42718446,0.8341463
2018-1-10T13-49-9,1515588549791,0.8341463,-0.09268293,0.44660193,0.8341463
2018-1-10T13-49-9,1515588549792,0.80487806,-0.053658538,0.407767,0.80487806
2018-1-10T13-49-9,1515588549793,0.80487806,-0.034146342,0.3883495,0.80487806
2018-1-10T13-49-9,1515588549794,0.82439023,-0.034146342,0.42718446,0.82439023
2018-1-10T13-49-9,1515588549795,0.80487806,-0.08292683,0.4368932,0.80487806
2018-1-10T13-49-9,1515588549796,0.8341463,0.014634146,0.5048544,0.8341463
2018-1-10T13-49-9,1515588549797,0.8829268,0.07317073,0.47572815,0.8829268
2018-1-10T13-49-9,1515588549798,0.9317073,0.043902438,0.5048544,0.9317073
2018-1-10T13-49-9,1515588549799,0.9317073,0.053658538,0.5339806,0.9317073
2018-1-10T13-49-9,1515588549800,0.9609756,0.014634146,0.47572815,0.9609756
2018-1-10T13-49-9,1515588549801,0.9414634,0.15121952,0.46601942,0.9414634
2018-1-10T13-49-9,1515588549802,0.8829268,0.024390243,0.52427185,0.8829268
2018-1-10T13-49-9,1515588549803,0.81463414,-0.004878049,0.41747573,0.81463414
2018-1-10T13-49-9,1515588549804,0.76585364,-0.043902438,0.41747573,0.76585364
2018-1-10T13-49-9,1515588549805,0.7365854,-0.06341463,0.42718446,0.7365854
2018-1-10T13-49-9,1515588549806,0.7365854,-0.08292683,0.407767,0.7365854
2018-1-10T13-49-9,1515588549807,0.75609756,-0.034146342,0.36893204,0.75609756
2018-1-10T13-49-9,1515588549808,0.77560973,-0.043902438,0.36893204,0.77560973
2018-1-10T13-49-9,1515588549809,0.7853659,-0.034146342,0.41747573,0.7853659
2018-1-10T13-49-9,1515588549810,0.77560973,-0.043902438,0.44660193,0.77560973
2018-1-10T13-49-9,1515588549811,0.80487806,-0.034146342,0.36893204,0.80487806
2018-1-10T13-49-9,1515588549812,0.84390247,-0.034146342,0.4854369,0.84390247
2018-1-10T13-49-9,1515588549813,0.87317073,-0.07317073,0.5436893,0.87317073
2018-1-10T13-49-9,1515588549814,0.902439,-0.043902438,0.4563107,0.902439
2018-1-10T13-49-9,1515588549815,0.86341465,-0.034146342,0.42718446,0.86341465
2018-1-10T13-49-9,1515588549816,0.91219515,-0.014634146,0.5145631,0.91219515
2018-1-10T13-49-9,1515588549817,0.902439,-0.034146342,0.49514562,0.902439
2018-1-10T13-49-9,1515588549818,0.902439,-0.043902438,0.47572815,0.902439
2018-1-10T13-49-9,1515588549819,0.91219515,-0.034146342,0.46601942,0.91219515
2018-1-10T13-49-9,1515588549820,0.87317073,-0.014634146,0.4563107,0.87317073
2018-1-10T13-49-9,1515588549821,0.86341465,-0.034146342,0.49514562,0.86341465
2018-1-10T13-49-9,1515588549822,0.87317073,-0.06341463,0.4854369,0.87317073
2018-1-10T13-49-9,1515588549823,0.80487806,-0.024390243,0.3883495,0.80487806
2018-1-10T13-49-9,1515588549824,0.80487806,-0.014634146,0.407767,0.80487806
2018-1-10T13-49-9,1515588549825,0.82439023,0.024390243,0.4854369,0.82439023
2018-1-10T13-49-9,1515588549826,0.7853659,-0.004878049,0.44660193,0.7853659
2018-1-10T13-49-9,1515588549827,0.7853659,0.004878049,0.34951457,0.7853659
2018-1-10T13-49-9,1515588549828,0.80487806,0.043902438,0.36893204,0.80487806
2018-1-10T13-49-9,1515588549829,0.80487806,0.043902438,0.4368932,0.80487806
2018-1-10T13-49-9,1515588549830,0.84390247,0.014634146,0.52427185,0.84390247
2018-1-10T13-49-9,1515588549831,0.8926829,0.004878049,0.4854369,0.8926829
2018-1-10T13-49-9,1515588549832,0.902439,0.024390243,0.37864077,0.902439
2018-1-10T13-49-9,1515588549833,0.8926829,0.053658538,0.36893204,0.8926829
2018-1-10T13-49-9,1515588549834,0.8341463,0.024390243,0.4563107,0.8341463
2018-1-10T13-49-9,1515588549835,0.84390247,-0.034146342,0.5048544,0.84390247
2018-1-10T13-49-9,1515588549836,0.81463414,-0.043902438,0.407767,0.81463414
2018-1-10T13-49-9,1515588549837,0.80487806,-0.034146342,0.37864077,0.80487806
2018-1-10T13-49-9,1515588549838,0.8341463,-0.07317073,0.41747573,0.8341463
2018-1-10T13-49-9,1515588549839,0.82439023,-0.09268293,0.49514562,0.82439023
2018-1-10T13-49-9,1515588549840,0.8341463,-0.07317073,0.46601942,0.8341463
2018-1-10T13-49-9,1515588549841,0.86341465,-0.10243902,0.44660193,0.86341465
2018-1-10T13-49-9,1515588549842,0.87317073,-0.06341463,0.4854369,0.87317073
2018-1-10T13-49-9,1515588549843,0.92195123,-0.07317073,0.49514562,0.92195123
2018-1-10T13-49-9,1515588549844,0.8829268,-0.034146342,0.46601942,0.8829268
2018-1-10T13-49-9,1515588549845,0.87317073,-0.014634146,0.407767,0.87317073
2018-1-10T13-49-9,1515588549846,0.92195123,0.004878049,0.52427185,0.92195123
2018-1-10T13-49-9,1515588549847,0.92195123,-0.043902438,0.52427185,0.92195123
2018-1-10T13-49-9,1515588549848,0.92195123,-0.07317073,0.41747573,0.92195123
2018-1-10T13-49-9,1515588549849,0.8829268,0.034146342,0.39805827,0.8829268
2018-1-10T13-49-9,1515588549850,0.82439023,0.034146342,0.46601942,0.82439023
2018-1-10T13-49-9,1515588549851,0.7853659,-0.004878049,0.4563107,0.7853659
2018-1-10T13-49-9,1515588549852,0.75609756,-0.004878049,0.36893204,0.75609756
2018-1-10T13-49-9,1515588549853,0.7268293,0.014634146,0.3106796,0.7268293
2018-1-10T13-49-9,1515588549854,0.7268293,-0.034146342,0.37864077,0.7268293
2018-1-10T13-49-9,1515588549855,0.7268293,-0.08292683,0.41747573,0.7268293
2018-1-10T13-49-9,1515588549856,0.7268293,-0.07317073,0.36893204,0.7268293
2018-1-10T13-49-9,1515588549857,0.76585364,-0.043902438,0.39805827,0.76585364
2018-1-10T13-49-9,1515588549858,0.82439023,-0.07317073,0.5145631,0.82439023
2018-1-10T13-49-9,1515588549859,0.902439,-0.14146341,0.52427185,0.902439
2018-1-10T13-49-9,1515588549860,0.9609756,-0.06341463,0.4854369,0.9609756
2018-1-10T13-49-9,1515588549861,1.0097561,0.024390243,0.5145631,1.0097561
2018-1-10T13-49-9,1515588549862,1.0195122,0.034146342,0.5436893,1.0195122
2018-1-10T13-49-9,1515588549863,1.0,0.024390243,0.5339806,1.0
2018-1-10T13-49-9,1515588549864,0.97073174,0.014634146,0.4854369,0.97073174
2018-1-10T13-49-9,1515588549865,0.8926829,-0.004878049,0.41747573,0.8926829
2018-1-10T13-49-9,1515588549866,0.80487806,-0.06341463,0.44660193,0.80487806
2018-1-10T13-49-9,1515588549867,0.7853659,-0.06341463,0.44660193,0.7853659
2018-1-10T13-49-9,1515588549868,0.71707314,-0.10243902,0.34951457,0.71707314
2018-1-10T13-49-9,1515588549869,0.70731705,-0.08292683,0.32038835,0.70731705
2018-1-10T13-49-9,1515588549870,0.6585366,-0.07317073,0.3883495,0.6585366
2018-1-10T13-49-9,1515588549871,0.77560973,-0.06341463,0.4854369,0.77560973
2018-1-10T13-49-9,1515588549872,0.8341463,-0.043902438,0.5145631,0.8341463
2018-1-10T13-49-9,1515588549873,0.902439,0.004878049,0.46601942,0.902439
2018-1-10T13-49-9,1515588549874,0.9512195,0.024390243,0.42718446,0.9512195
2018-1-10T13-49-9,1515588549875,0.902439,0.043902438,0.4368932,0.902439
2018-1-10T13-49-9,1515588549876,0.86341465,0.043902438,0.46601942,0.86341465
2018-1-10T13-49-9,1515588549877,0.87317073,0.014634146,0.47572815,0.87317073
2018-1-10T13-49-9,1515588549878,0.86341465,0.024390243,0.42718446,0.86341465
2018-1-10T13-49-9,1515588549879,0.80487806,0.004878049,0.32038835,0.80487806
2018-1-10T13-49-9,1515588549880,0.75609756,0.043902438,0.3398058,0.75609756
2018-1-10T13-49-9,1515588549881,0.77560973,-0.06341463,0.47572815,0.77560973
2018-1-10T13-49-9,1515588549882,0.80487806,-0.06341463,0.47572815,0.80487806
2018-1-10T13-49-9,1515588549883,0.84390247,-0.043902438,0.4563107,0.84390247
2018-1-10T13-49-9,1515588549884,0.8926829,-0.034146342,0.44660193,0.8926829
2018-1-10T13-49-9,1515588549885,0.8829268,-0.06341463,0.52427185,0.8829268
2018-1-10T13-49-9,1515588549886,0.8926829,-0.053658538,0.5631068,0.8926829
2018-1-10T13-49-9,1515588549887,0.9414634,-0.053658538,0.52427185,0.9414634
2018-1-10T13-49-9,1515588549888,0.9414634,-0.034146342,0.44660193,0.9414634
2018-1-10T13-49-9,1515588549889,0.8926829,-0.024390243,0.41747573,0.8926829
2018-1-10T13-49-9,1515588549890,0.86341465,-0.024390243,0.47572815,0.86341465
2018-1-10T13-49-9,1515588549891,0.86341465,-0.024390243,0.5048544,0.86341465
2018-1-10T13-49-9,1515588549892,0.85365856,0.004878049,0.4368932,0.85365856
2018-1-10T13-49-9,1515588549893,0.84390247,0.014634146,0.33009708,0.84390247
2018-1-10T13-49-9,1515588549894,0.80487806,0.014634146,0.3592233,0.80487806
2018-1-10T13-49-9,1515588549895,0.7853659,-0.014634146,0.4563107,0.7853659
2018-1-10T13-49-9,1515588549896,0.7853659,-0.004878049,0.4854369,0.7853659
2018-1-10T13-49-9,1515588549897,0.79512197,-0.014634146,0.36893204,0.79512197
2018-1-10T13-49-9,1515588549898,0.75609756,-0.024390243,0.3398058,0.75609756
2018-1-10T13-49-9,1515588549899,0.79512197,-0.014634146,0.5048544,0.79512197
2018-1-10T13-49-9,1515588549900,0.84390247,-0.043902438,0.60194176,0.84390247
2018-1-10T13-49-9,1515588549901,0.8829268,-0.034146342,0.37864077,0.8829268
2018-1-10T13-49-9,1515588549902,0.8341463,0.004878049,0.2815534,0.8341463
2018-1-10T13-49-9,1515588549903,0.82439023,-0.014634146,0.41747573,0.82439023
2018-1-10T13-49-9,1515588549904,0.84390247,-0.14146341,0.5436893,0.84390247
2018-1-10T13-49-9,1515588549905,0.82439023,-0.053658538,0.5048544,0.82439023
2018-1-10T13-49-9,1515588549906,0.8926829,-0.024390243,0.44660193,0.8926829
2018-1-10T13-49-9,1515588549907,0.9414634,-0.024390243,0.46601942,0.9414634
2018-1-10T13-49-9,1515588549908,0.9317073,-0.043902438,0.5048544,0.9317073
2018-1-10T13-49-9,1515588549909,0.9317073,0.004878049,0.5048544,0.9317073
2018-1-10T13-49-9,1515588549910,0.91219515,0.014634146,0.46601942,0.91219515
2018-1-10T13-49-9,1515588549911,0.8926829,0.004878049,0.47572815,0.8926829
2018-1-10T13-49-9,1515588549912,0.84390247,-0.024390243,0.46601942,0.84390247
2018-1-10T13-49-9,1515588549913,0.80487806,-0.034146342,0.39805827,0.80487806
2018-1-10T13-49-9,1515588549914,0.7365854,-0.034146342,0.407767,0.7365854
2018-1-10T13-49-9,1515588549915,0.80487806,-0.034146342,0.44660193,0.80487806
2018-1-10T13-49-9,1515588549916,0.79512197,-0.07317073,0.39805827,0.79512197
2018-1-10T13-49-9,1515588549917,0.7365854,-0.06341463,0.3883495,0.7365854
2018-1-10T13-49-9,1515588549918,0.82439023,-0.043902438,0.4563107,0.82439023
2018-1-10T13-49-9,1515588549919,0.79512197,-0.053658538,0.4563107,0.79512197
2018-1-10T13-49-9,1515588549920,0.80487806,-0.024390243,0.3883495,0.80487806
2018-1-10T13-49-9,1515588549921,0.8341463,-0.024390243,0.4368932,0.8341463
2018-1-10T13-49-9,1515588549922,0.7853659,-0.004878049,0.5145631,0.7853659
2018-1-10T13-49-9,1515588549923,0.8926829,-0.004878049,0.5048544,0.8926829
2018-1-10T13-49-9,1515588549924,0.91219515,0.004878049,0.4563107,0.91219515
2018-1-10T13-49-9,1515588549925,0.902439,-0.004878049,0.44660193,0.902439
2018-1-10T13-49-9,1515588549926,0.8829268,0.004878049,0.39805827,0.8829268
2018-1-10T13-49-9,1515588549927,0.79512197,-0.024390243,0.3883495,0.79512197
2018-1-10T13-49-9,1515588549928,0.7853659,-0.004878049,0.3592233,0.7853659
2018-1-10T13-49-9,1515588549929,0.7853659,-0.034146342,0.42718446,0.7853659
2018-1-10T13-49-9,1515588549930,0.82439023,-0.07317073,0.5145631,0.82439023
2018-1-10T13-49-9,1515588549931,0.87317073,-0.06341463,0.47572815,0.87317073
2018-1-10T13-49-9,1515588549932,0.91219515,-0.034146342,0.44660193,0.91219515
2018-1-10T13-49-9,1515588549933,0.9414634,0.014634146,0.4563107,0.9414634
2018-1-10T13-49-9,1515588549934,0.9317073,0.024390243,0.5145631,0.9317073
2018-1-10T13-49-9,1515588549935,0.91219515,-0.004878049,0.5048544,0.91219515
2018-1-10T13-49-9,1515588549936,0.87317073,-0.004878049,0.46601942,0.87317073
2018-1-10T13-49-9,1515588549937,0.86341465,-0.004878049,0.4563107,0.86341465
2018-1-10T13-49-9,1515588549938,0.80487806,-0.034146342,0.42718446,0.80487806
2018-1-10T13-49-9,1515588549939,0.80487806,-0.08292683,0.37864077,0.80487806
2018-1-10T13-49-9,1515588549940,0.76585364,-0.043902438,0.36893204,0.76585364
2018-1-10T13-49-9,1515588549941,0.74634147,-0.043902438,0.39805827,0.74634147
2018-1-10T13-49-9,1515588549942,0.77560973,-0.07317073,0.36893204,0.77560973
2018-1-10T13-49-9,1515588549943,0.7853659,-0.053658538,0.37864077,0.7853659
2018-1-10T13-49-9,1515588549944,0.74634147,-0.043902438,0.36893204,0.74634147
2018-1-10T13-49-9,1515588549945,0.7853659,-0.034146342,0.4563107,0.7853659
2018-1-10T13-49-9,1515588549946,0.8341463,-0.034146342,0.4563107,0.8341463
2018-1-10T13-49-9,1515588549947,0.8926829,-0.024390243,0.52427185,0.8926829
2018-1-10T13-49-9,1515588549948,0.91219515,-0.024390243,0.4854369,0.91219515
2018-1-10T13-49-9,1515588549949,0.9512195,-0.014634146,0.4854369,0.9512195
2018-1-10T13-49-9,1515588549950,0.9317073,0.004878049,0.5339806,0.9317073
2018-1-10T13-49-9,1515588549951,0.9414634,0.034146342,0.5048544,0.9414634
2018-1-10T13-49-9,1515588549952,0.902439,0.024390243,0.4368932,0.902439
2018-1-10T13-49-9,1515588549953,0.8829268,0.004878049,0.4368932,0.8829268
2018-1-10T13-49-9,1515588549954,0.87317073,-0.004878049,0.47572815,0.87317073
2018-1-10T13-49-9,1515588549955,0.84390247,-0.004878049,0.52427185,0.84390247
2018-1-10T13-49-9,1515588549956,0.82439023,-0.043902438,0.407767,0.82439023
2018-1-10T13-49-9,1515588549957,0.79512197,-0.053658538,0.39805827,0.79512197
2018-1-10T13-49-9,1515588549958,0.77560973,-0.053658538,0.407767,0.77560973
2018-1-10T13-49-9,1515588549959,0.76585364,-0.07317073,0.407767,0.76585364
2018-1-10T13-49-9,1515588549960,0.7268293,-0.053658538,0.36893204,0.7268293
2018-1-10T13-49-9,1515588549961,0.7365854,-0.053658538,0.3592233,0.7365854
2018-1-10T13-49-9,1515588549962,0.75609756,-0.043902438,0.3592233,0.75609756
2018-1-10T13-49-9,1515588549963,0.80487806,-0.014634146,0.44660193,0.80487806
2018-1-10T13-49-9,1515588549964,0.84390247,-0.034146342,0.49514562,0.84390247
2018-1-10T13-49-9,1515588549965,0.85365856,-0.08292683,0.47572815,0.85365856
2018-1-10T13-49-9,1515588549966,0.9414634,-0.004878049,0.47572815,0.9414634
2018-1-10T13-49-9,1515588549967,0.9512195,-0.034146342,0.49514562,0.9512195
2018-1-10T13-49-9,1515588549968,0.9414634,0.004878049,0.592233,0.9414634
2018-1-10T13-49-9,1515588549969,0.91219515,0.024390243,0.4563107,0.91219515
2018-1-10T13-49-9,1515588549970,0.86341465,0.034146342,0.42718446,0.86341465
2018-1-10T13-49-9,1515588549971,0.87317073,-0.004878049,0.46601942,0.87317073
2018-1-10T13-49-9,1515588549972,0.86341465,-0.053658538,0.49514562,0.86341465
2018-1-10T13-49-9,1515588549973,0.85365856,-0.07317073,0.41747573,0.85365856
2018-1-10T13-49-9,1515588549974,0.81463414,-0.043902438,0.407767,0.81463414
2018-1-10T13-49-9,1515588549975,0.84390247,-0.053658538,0.5145631,0.84390247
2018-1-10T13-49-9,1515588549976,0.8341463,-0.06341463,0.47572815,0.8341463
2018-1-10T13-49-9,1515588549977,0.84390247,-0.014634146,0.42718446,0.84390247
2018-1-10T13-49-9,1515588549978,0.86341465,-0.004878049,0.44660193,0.86341465
2018-1-10T13-49-9,1515588549979,0.86341465,-0.014634146,0.4368932,0.86341465
2018-1-10T13-49-9,1515588549980,0.85365856,0.024390243,0.44660193,0.85365856
2018-1-10T13-49-9,1515588549981,0.87317073,0.11219512,0.46601942,0.87317073
2018-1-10T13-49-9,1515588549982,0.8829268,0.004878049,0.46601942,0.8829268
2018-1-10T13-49-9,1515588549983,0.8341463,0.004878049,0.39805827,0.8341463
2018-1-10T13-49-9,1515588549984,0.81463414,-0.034146342,0.34951457,0.81463414
2018-1-10T13-49-9,1515588549985,0.75609756,-0.024390243,0.3883495,0.75609756
2018-1-10T13-49-9,1515588549986,0.69756097,-0.08292683,0.37864077,0.69756097
2018-1-10T13-49-9,1515588549987,0.75609756,-0.053658538,0.3883495,0.75609756
2018-1-10T13-49-9,1515588549988,0.74634147,-0.043902438,0.39805827,0.74634147
2018-1-10T13-49-9,1515588549989,0.82439023,0.024390243,0.4563107,0.82439023
2018-1-10T13-49-9,1515588549990,0.85365856,-0.053658538,0.5339806,0.85365856
2018-1-10T13-49-9,1515588549991,0.9414634,-0.043902438,0.52427185,0.9414634
2018-1-10T13-49-9,1515588549992,0.9902439,-0.014634146,0.52427185,0.9902439
2018-1-10T13-49-9,1515588549993,0.9804878,-0.014634146,0.52427185,0.9804878
2018-1-10T13-49-9,1515588549994,0.9512195,-0.014634146,0.46601942,0.9512195
2018-1-10T13-49-9,1515588549995,0.91219515,0.043902438,0.44660193,0.91219515
2018-1-10T13-49-9,1515588549996,0.86341465,-0.004878049,0.46601942,0.86341465
2018-1-10T13-49-9,1515588549997,0.8829268,-0.004878049,0.39805827,0.8829268
2018-1-10T13-49-9,1515588549998,0.79512197,-0.08292683,0.39805827,0.79512197
2018-1-10T13-49-9,1515588549999,0.79512197,-0.014634146,0.407767,0.79512197
2018-1-10T13-49-10,1515588550000,0.7853659,-0.034146342,0.4368932,0.7853659
2018-1-10T13-49-10,1515588550001,0.7853659,-0.043902438,0.41747573,0.7853659
2018-1-10T13-49-10,1515588550002,0.7853659,-0.034146342,0.3592233,0.7853659
2018-1-10T13-49-10,1515588550003,0.81463414,-0.014634146,0.4368932,0.81463414
2018-1-10T13-49-10,1515588550004,0.82439023,-0.004878049,0.47572815,0.82439023
2018-1-10T13-49-10,1515588550005,0.84390247,-0.10243902,0.46601942,0.84390247
2018-1-10T13-49-10,1515588550006,0.86341465,-0.09268293,0.46601942,0.86341465
2018-1-10T13-49-10,1515588550007,0.8926829,-0.024390243,0.47572815,0.8926829
2018-1-10T13-49-10,1515588550008,0.92195123,-0.004878049,0.47572815,0.92195123
2018-1-10T13-49-10,1515588550009,0.902439,0.034146342,0.4563107,0.902439
2018-1-10T13-49-10,1515588550010,0.87317073,0.004878049,0.4563107,0.87317073
2018-1-10T13-49-10,1515588550011,0.85365856,0.004878049,0.41747573,0.85365856
2018-1-10T13-49-10,1515588550012,0.84390247,0.004878049,0.41747573,0.84390247
2018-1-10T13-49-10,1515588550013,0.81463414,-0.024390243,0.44660193,0.81463414
2018-1-10T13-49-10,1515588550014,0.80487806,-0.043902438,0.44660193,0.80487806
2018-1-10T13-49-10,1515588550015,0.8341463,-0.06341463,0.4563107,0.8341463
2018-1-10T13-49-10,1515588550016,0.85365856,-0.08292683,0.4563107,0.85365856
2018-1-10T13-49-10,1515588550017,0.84390247,-0.09268293,0.47572815,0.84390247
2018-1-10T13-49-10,1515588550018,0.87317073,0.014634146,0.47572815,0.87317073
2018-1-10T13-49-10,1515588550019,0.87317073,-0.06341463,0.47572815,0.87317073
2018-1-10T13-49-10,1515588550020,0.8341463,-0.024390243,0.407767,0.8341463
2018-1-10T13-49-10,1515588550021,0.8341463,-0.004878049,0.4368932,0.8341463
2018-1-10T13-49-10,1515588550022,0.86341465,0.024390243,0.46601942,0.86341465
2018-1-10T13-49-10,1515588550023,0.8829268,0.014634146,0.5145631,0.8829268
2018-1-10T13-49-10,1515588550024,0.91219515,0.004878049,0.4854369,0.91219515
2018-1-10T13-49-10,1515588550025,0.902439,0.034146342,0.41747573,0.902439
2018-1-10T13-49-10,1515588550026,0.9317073,0.024390243,0.407767,0.9317073
2018-1-10T13-49-10,1515588550027,0.8926829,0.053658538,0.4854369,0.8926829
2018-1-10T13-49-10,1515588550028,0.85365856,0.053658538,0.5048544,0.85365856
2018-1-10T13-49-10,1515588550029,0.77560973,-0.034146342,0.44660193,0.77560973
2018-1-10T13-49-10,1515588550030,0.77560973,-0.024390243,0.3883495,0.77560973
2018-1-10T13-49-10,1515588550031,0.84390247,-0.043902438,0.37864077,0.84390247
2018-1-10T13-49-10,1515588550032,0.79512197,-0.06341463,0.41747573,0.79512197
2018-1-10T13-49-10,1515588550033,0.7268293,-0.12195122,0.33009708,0.7268293
2018-1-10T13-49-10,1515588550034,0.71707314,-0.11219512,0.3106796,0.71707314
2018-1-10T13-49-10,1515588550035,0.7365854,-0.053658538,0.3883495,0.7365854
2018-1-10T13-49-10,1515588550036,0.85365856,-0.07317073,0.49514562,0.85365856
2018-1-10T13-49-10,1515588550037,0.8341463,-0.07317073,0.49514562,0.8341463
2018-1-10T13-49-10,1515588550038,0.8829268,-0.043902438,0.4563107,0.8829268
2018-1-10T13-49-10,1515588550039,1.0097561,0.004878049,0.5339806,1.0097561
2018-1-10T13-49-10,1515588550040,1.0292683,0.024390243,0.60194176,1.0292683
2018-1-10T13-49-10,1515588550041,0.9804878,-0.024390243,0.5533981,0.9804878
2018-1-10T13-49-10,1515588550042,0.97073174,-0.014634146,0.4854369,0.97073174
2018-1-10T13-49-10,1515588550043,0.91219515,0.004878049,0.4854369,0.91219515
2018-1-10T13-49-10,1515588550044,0.8829268,-0.004878049,0.5145631,0.8829268
2018-1-10T13-49-10,1515588550045,0.81463414,-0.014634146,0.41747573,0.81463414
2018-1-10T13-49-10,1515588550046,0.76585364,-0.004878049,0.30097088,0.76585364
2018-1-10T13-49-10,1515588550047,0.75609756,-0.024390243,0.37864077,0.75609756
2018-1-10T13-49-10,1515588550048,0.75609756,-0.043902438,0.39805827,0.75609756
2018-1-10T13-49-10,1515588550049,0.74634147,-0.024390243,0.3883495,0.74634147
2018-1-10T13-49-10,1515588550050,0.77560973,-0.034146342,0.407767,0.77560973
2018-1-10T13-49-10,1515588550051,0.81463414,-0.043902438,0.4854369,0.81463414
2018-1-10T13-49-10,1515588550052,0.80487806,-0.043902438,0.47572815,0.80487806
2018-1-10T13-49-10,1515588550053,0.87317073,-0.014634146,0.41747573,0.87317073
2018-1-10T13-49-10,1515588550054,0.86341465,0.014634146,0.42718446,0.86341465
2018-1-10T13-49-10,1515588550055,0.8829268,-0.004878049,0.47572815,0.8829268
2018-1-10T13-49-10,1515588550056,0.8926829,0.004878049,0.4563107,0.8926829
2018-1-10T13-49-10,1515588550057,0.85365856,0.014634146,0.44660193,0.85365856
2018-1-10T13-49-10,1515588550058,0.87317073,0.004878049,0.4368932,0.87317073
2018-1-10T13-49-10,1515588550059,0.86341465,-0.024390243,0.4563107,0.86341465
2018-1-10T13-49-10,1515588550060,0.87317073,-0.053658538,0.46601942,0.87317073
2018-1-10T13-49-10,1515588550061,0.902439,-0.014634146,0.41747573,0.902439
2018-1-10T13-49-10,1515588550062,0.84390247,-0.014634146,0.4563107,0.84390247
2018-1-10T13-49-10,1515588550063,0.84390247,-0.06341463,0.4854369,0.84390247
2018-1-10T13-49-10,1515588550064,0.84390247,-0.06341463,0.46601942,0.84390247
2018-1-10T13-49-10,1515588550065,0.81463414,-0.08292683,0.42718446,0.81463414
2018-1-10T13-49-10,1515588550066,0.82439023,-0.06341463,0.407767,0.82439023
2018-1-10T13-49-10,1515588550067,0.86341465,-0.06341463,0.47572815,0.86341465
2018-1-10T13-49-10,1515588550068,0.8341463,-0.024390243,0.49514562,0.8341463
2018-1-10T13-49-10,1515588550069,0.82439023,-0.043902438,0.4563107,0.82439023
2018-1-10T13-49-10,1515588550070,0.8829268,-0.024390243,0.46601942,0.8829268
2018-1-10T13-49-10,1515588550071,0.85365856,0.014634146,0.42718446,0.85365856
2018-1-10T13-49-10,1515588550072,0.8829268,0.034146342,0.4563107,0.8829268
2018-1-10T13-49-10,1515588550073,0.8829268,-0.004878049,0.5048544,0.8829268
2018-1-10T13-49-10,1515588550074,0.87317073,0.004878049,0.46601942,0.87317073
2018-1-10T13-49-10,1515588550075,0.85365856,0.014634146,0.407767,0.85365856
2018-1-10T13-49-10,1515588550076,0.81463414,0.004878049,0.37864077,0.81463414
2018-1-10T13-49-10,1515588550077,0.80487806,-0.004878049,0.4563107,0.80487806
2018-1-10T13-49-10,1515588550078,0.7853659,0.08292683,0.44660193,0.7853659
2018-1-10T13-49-10,1515588550079,0.80487806,0.004878049,0.42718446,0.80487806
2018-1-10T13-49-10,1515588550080,0.76585364,-0.004878049,0.407767,0.76585364
2018-1-10T13-49-10,1515588550081,0.82439023,-0.024390243,0.36893204,0.82439023
2018-1-10T13-49-10,1515588550082,0.77560973,-0.043902438,0.36893204,0.77560973
2018-1-10T13-49-10,1515588550083,0.76585364,-0.053658538,0.407767,0.76585364
2018-1-10T13-49-10,1515588550084,0.79512197,-0.07317073,0.46601942,0.79512197
2018-1-10T13-49-10,1515588550085,0.81463414,-0.10243902,0.4368932,0.81463414
2018-1-10T13-49-10,1515588550086,0.82439023,-0.014634146,0.41747573,0.82439023
2018-1-10T13-49-10,1515588550087,0.8926829,-0.043902438,0.5436893,0.8926829
2018-1-10T13-49-10,1515588550088,0.97073174,-0.034146342,0.5533981,0.97073174
2018-1-10T13-49-10,1515588550089,0.97073174,-0.024390243,0.49514562,0.97073174
2018-1-10T13-49-10,1515588550090,0.9902439,0.024390243,0.4854369,0.9902439
2018-1-10T13-49-10,1515588550091,0.9902439,-0.004878049,0.5339806,0.9902439
2018-1-10T13-49-10,1515588550092,0.9317073,0.004878049,0.49514562,0.9317073
2018-1-10T13-49-10,1515588550093,0.87317073,-0.053658538,0.3883495,0.87317073
2018-1-10T13-49-10,1515588550094,0.74634147,-0.043902438,0.41747573,0.74634147
2018-1-10T13-49-10,1515588550095,0.75609756,-0.08292683,0.3883495,0.75609756
2018-1-10T13-49-10,1515588550096,0.7268293,-0.06341463,0.37864077,0.7268293
2018-1-10T13-49-10,1515588550097,0.7268293,-0.043902438,0.34951457,0.7268293
2018-1-10T13-49-10,1515588550098,0.79512197,-0.053658538,0.37864077,0.79512197
2018-1-10T13-49-10,1515588550099,0.75609756,-0.06341463,0.41747573,0.75609756
2018-1-10T13-49-10,1515588550100,0.77560973,-0.09268293,0.4563107,0.77560973
2018-1-10T13-49-10,1515588550101,0.86341465,-0.014634146,0.5145631,0.86341465
2018-1-10T13-49-10,1515588550102,0.9512195,0.024390243,0.4854369,0.9512195
2018-1-10T13-49-10,1515588550103,0.9512195,0.043902438,0.33009708,0.9512195
2018-1-10T13-49-10,1515588550104,0.9414634,0.053658538,0.4563107,0.9414634
2018-1-10T13-49-10,1515588550105,0.91219515,0.024390243,0.47572815,0.91219515
2018-1-10T13-49-10,1515588550106,0.84390247,0.004878049,0.42718446,0.84390247
2018-1-10T13-49-10,1515588550107,0.87317073,-0.004878049,0.39805827,0.87317073
2018-1-10T13-49-10,1515588550108,0.80487806,-0.014634146,0.41747573,0.80487806
2018-1-10T13-49-10,1515588550109,0.7853659,-0.08292683,0.41747573,0.7853659
2018-1-10T13-49-10,1515588550110,0.81463414,-0.11219512,0.41747573,0.81463414
2018-1-10T13-49-10,1515588550111,0.80487806,-0.08292683,0.4563107,0.80487806
2018-1-10T13-49-10,1515588550112,0.84390247,-0.09268293,0.47572815,0.84390247
2018-1-10T13-49-10,1515588550113,0.84390247,-0.08292683,0.4563107,0.84390247
2018-1-10T13-49-10,1515588550114,0.8829268,-0.07317073,0.44660193,0.8829268
2018-1-10T13-49-10,1515588550115,0.79512197,-0.043902438,0.44660193,0.79512197
2018-1-10T13-49-10,1515588550116,0.82439023,-0.043902438,0.4854369,0.82439023
2018-1-10T13-49-10,1515588550117,0.8926829,-0.043902438,0.52427185,0.8926829
2018-1-10T13-49-10,1515588550118,0.82439023,-0.034146342,0.49514562,0.82439023
2018-1-10T13-49-10,1515588550119,0.9317073,-0.004878049,0.46601942,0.9317073
2018-1-10T13-49-10,1515588550120,0.9804878,0.053658538,0.49514562,0.9804878
2018-1-10T13-49-10,1515588550121,1.0,0.07317073,0.49514562,1.0
2018-1-10T13-49-10,1515588550122,0.9512195,0.09268293,0.42718446,0.9512195
2018-1-10T13-49-10,1515588550123,0.86341465,0.11219512,0.3883495,0.86341465
2018-1-10T13-49-10,1515588550124,0.81463414,0.11219512,0.44660193,0.81463414
2018-1-10T13-49-10,1515588550125,0.74634147,-0.014634146,0.42718446,0.74634147
2018-1-10T13-49-10,1515588550126,0.6585366,-0.034146342,0.32038835,0.6585366
2018-1-10T13-49-10,1515588550127,0.6682927,-0.053658538,0.33009708,0.6682927
2018-1-10T13-49-10,1515588550128,0.6390244,-0.12195122,0.37864077,0.6390244
2018-1-10T13-49-10,1515588550129,0.6682927,-0.12195122,0.3883495,0.6682927
2018-1-10T13-49-10,1515588550130,0.7365854,-0.10243902,0.36893204,0.7365854
2018-1-10T13-49-10,1515588550131,0.80487806,-0.09268293,0.41747573,0.80487806
2018-1-10T13-49-10,1515588550132,0.8926829,-0.034146342,0.5048544,0.8926829
2018-1-10T13-49-10,1515588550133,0.9414634,-0.034146342,0.5631068,0.9414634
2018-1-10T13-49-10,1515588550134,0.9804878,-0.034146342,0.52427185,0.9804878
2018-1-10T13-49-10,1515588550135,1.0292683,0.004878049,0.5339806,1.0292683
2018-1-10T13-49-10,1515588550136,1.0487804,-0.014634146,0.60194176,1.0487804
2018-1-10T13-49-10,1515588550137,1.0,-0.024390243,0.52427185,1.0
2018-1-10T13-49-10,1515588550138,0.9317073,-0.004878049,0.4368932,0.9317073
2018-1-10T13-49-10,1515588550139,0.8829268,-0.014634146,0.42718446,0.8829268
2018-1-10T13-49-10,1515588550140,0.82439023,-0.024390243,0.46601942,0.82439023
2018-1-10T13-49-10,1515588550141,0.75609756,-0.053658538,0.3883495,0.75609756
2018-1-10T13-49-10,1515588550142,0.74634147,-0.06341463,0.36893204,0.74634147
2018-1-10T13-49-10,1515588550143,0.75609756,-0.034146342,0.407767,0.75609756
2018-1-10T13-49-10,1515588550144,0.77560973,-0.06341463,0.42718446,0.77560973
2018-1-10T13-49-10,1515588550145,0.7853659,-0.034146342,0.4368932,0.7853659
2018-1-10T13-49-10,1515588550146,0.85365856,-0.014634146,0.44660193,0.85365856
2018-1-10T13-49-10,1515588550147,0.84390247,-0.014634146,0.4368932,0.84390247
2018-1-10T13-49-10,1515588550148,0.7853659,0.034146342,0.3883495,0.7853659
2018-1-10T13-49-10,1515588550149,0.82439023,0.053658538,0.407767,0.82439023
2018-1-10T13-49-10,1515588550150,0.84390247,0.053658538,0.4563107,0.84390247
2018-1-10T13-49-10,1515588550151,0.82439023,0.024390243,0.41747573,0.82439023
2018-1-10T13-49-10,1515588550152,0.8341463,0.034146342,0.36893204,0.8341463
2018-1-10T13-49-10,1515588550153,0.85365856,0.043902438,0.41747573,0.85365856
2018-1-10T13-49-10,1515588550154,0.87317073,0.004878049,0.4854369,0.87317073
2018-1-10T13-49-10,1515588550155,0.85365856,-0.024390243,0.4563107,0.85365856
2018-1-10T13-49-10,1515588550156,0.84390247,-0.004878049,0.4368932,0.84390247
2018-1-10T13-49-10,1515588550157,0.8926829,-0.004878049,0.52427185,0.8926829
2018-1-10T13-49-10,1515588550158,0.92195123,-0.053658538,0.5436893,0.92195123
2018-1-10T13-49-10,1515588550159,0.8926829,-0.06341463,0.49514562,0.8926829
2018-1-10T13-49-10,1515588550160,0.8926829,-0.06341463,0.49514562,0.8926829
2018-1-10T13-49-10,1515588550161,0.92195123,-0.08292683,0.5436893,0.92195123
2018-1-10T13-49-10,1515588550162,0.902439,-0.07317073,0.5339806,0.902439
2018-1-10T13-49-10,1515588550163,0.902439,-0.043902438,0.44660193,0.902439
2018-1-10T13-49-10,1515588550164,0.84390247,-0.034146342,0.41747573,0.84390247
2018-1-10T13-49-10,1515588550165,0.82439023,-0.024390243,0.4563107,0.82439023
2018-1-10T13-49-10,1515588550166,0.7853659,-0.024390243,0.36893204,0.7853659
2018-1-10T13-49-10,1515588550167,0.77560973,-0.07317073,0.3592233,0.77560973
2018-1-10T13-49-10,1515588550168,0.7365854,-0.06341463,0.3592233,0.7365854
2018-1-10T13-49-10,1515588550169,0.6390244,-0.11219512,0.3398058,0.6390244
2018-1-10T13-49-10,1515588550170,0.6585366,-0.053658538,0.3106796,0.6585366
2018-1-10T13-49-10,1515588550171,0.70731705,-0.014634146,0.3883495,0.70731705
2018-1-10T13-49-10,1515588550172,0.77560973,-0.014634146,0.4563107,0.77560973
2018-1-10T13-49-10,1515588550173,0.86341465,0.004878049,0.5048544,0.86341465
2018-1-10T13-49-10,1515588550174,0.9902439,0.07317073,0.52427185,0.9902439
2018-1-10T13-49-10,1515588550175,1.0585365,0.06341463,0.5436893,1.0585365
2018-1-10T13-49-10,1515588550176,1.0682927,0.07317073,0.5145631,1.0682927
2018-1-10T13-49-10,1515588550177,1.0487804,0.06341463,0.5631068,1.0487804
2018-1-10T13-49-10,1515588550178,0.97073174,0.014634146,0.5145631,0.97073174
2018-1-10T13-49-10,1515588550179,0.902439,0.024390243,0.4368932,0.902439
2018-1-10T13-49-10,1515588550180,0.84390247,-0.014634146,0.46601942,0.84390247
2018-1-10T13-49-10,1515588550181,0.82439023,-0.07317073,0.4563107,0.82439023
2018-1-10T13-49-10,1515588550182,0.77560973,-0.10243902,0.42718446,0.77560973
2018-1-10T13-49-10,1515588550183,0.74634147,-0.08292683,0.34951457,0.74634147
2018-1-10T13-49-10,1515588550184,0.75609756,-0.06341463,0.3883495,0.75609756
2018-1-10T13-49-10,1515588550185,0.75609756,-0.07317073,0.41747573,0.75609756
2018-1-10T13-49-10,1515588550186,0.7365854,-0.034146342,0.42718446,0.7365854
2018-1-10T13-49-10,1515588550187,0.75609756,-0.07317073,0.42718446,0.75609756
2018-1-10T13-49-10,1515588550188,0.8341463,-0.014634146,0.37864077,0.8341463
2018-1-10T13-49-10,1515588550189,0.85365856,0.004878049,0.407767,0.85365856
2018-1-10T13-49-10,1515588550190,0.87317073,-0.014634146,0.42718446,0.87317073
2018-1-10T13-49-10,1515588550191,0.87317073,-0.004878049,0.42718446,0.87317073
2018-1-10T13-49-10,1515588550192,0.92195123,0.014634146,0.407767,0.92195123
2018-1-10T13-49-10,1515588550193,0.84390247,0.004878049,0.41747573,0.84390247
2018-1-10T13-49-10,1515588550194,0.8341463,-0.014634146,0.49514562,0.8341463
2018-1-10T13-49-10,1515588550195,0.8341463,-0.034146342,0.49514562,0.8341463
2018-1-10T13-49-10,1515588550196,0.86341465,-0.07317073,0.42718446,0.86341465
2018-1-10T13-49-10,1515588550197,0.84390247,-0.07317073,0.44660193,0.84390247
2018-1-10T13-49-10,1515588550198,0.87317073,-0.09268293,0.49514562,0.87317073
2018-1-10T13-49-10,1515588550199,0.85365856,-0.10243902,0.5145631,0.85365856
2018-1-10T13-49-10,1515588550200,0.81463414,-0.08292683,0.41747573,0.81463414
2018-1-10T13-49-10,1515588550201,0.84390247,-0.034146342,0.41747573,0.84390247
2018-1-10T13-49-10,1515588550202,0.8341463,-0.014634146,0.44660193,0.8341463
2018-1-10T13-49-10,1515588550203,0.8341463,0.014634146,0.47572815,0.8341463
2018-1-10T13-49-10,1515588550204,0.87317073,0.034146342,0.4854369,0.87317073
2018-1-10T13-49-10,1515588550205,0.9317073,0.034146342,0.4563107,0.9317073
2018-1-10T13-49-10,1515588550206,0.9414634,0.053658538,0.4563107,0.9414634
2018-1-10T13-49-10,1515588550207,0.9512195,0.06341463,0.4854369,0.9512195
2018-1-10T13-49-10,1515588550208,1.2926829,0.08292683,0.5145631,1.2926829
2018-1-10T13-49-10,1515588550209,0.92195123,0.053658538,0.4854369,0.92195123
2018-1-10T13-49-10,1515588550210,0.91219515,0.034146342,0.47572815,0.91219515
2018-1-10T13-49-10,1515588550211,0.87317073,0.004878049,0.5048544,0.87317073
2018-1-10T13-49-10,1515588550212,0.8829268,-0.024390243,0.47572815,0.8829268
2018-1-10T13-49-10,1515588550213,0.86341465,-0.014634146,0.4563107,0.86341465
2018-1-10T13-49-10,1515588550214,0.86341465,-0.034146342,0.407767,0.86341465
2018-1-10T13-49-10,1515588550215,0.76585364,-0.024390243,0.37864077,0.76585364
2018-1-10T13-49-10,1515588550216,0.74634147,-0.034146342,0.41747573,0.74634147
2018-1-10T13-49-10,1515588550217,0.6682927,-0.06341463,0.3592233,0.6682927
2018-1-10T13-49-10,1515588550218,0.6292683,-0.053658538,0.19417475,0.6292683
2018-1-10T13-49-10,1515588550219,0.6097561,-0.07317073,0.1553398,0.6097561
2018-1-10T13-49-10,1515588550220,0.5707317,-0.09268293,0.2815534,0.5707317
2018-1-10T13-49-10,1515588550221,0.6585366,-0.11219512,0.3883495,0.6585366
2018-1-10T13-49-10,1515588550222,0.69756097,-0.10243902,0.39805827,0.69756097
2018-1-10T13-49-10,1515588550223,0.84390247,-0.08292683,0.46601942,0.84390247
2018-1-10T13-49-10,1515588550224,0.9804878,-0.043902438,0.5533981,0.9804878
2018-1-10T13-49-10,1515588550225,1.0585365,-0.034146342,0.592233,1.0585365
2018-1-10T13-49-10,1515588550226,1.1170732,-0.004878049,0.60194176,1.1170732
2018-1-10T13-49-10,1515588550227,1.1560975,-0.004878049,0.63106793,1.1560975
2018-1-10T13-49-10,1515588550228,1.097561,-0.014634146,0.65048546,1.097561
2018-1-10T13-49-10,1515588550229,1.0195122,-0.034146342,0.5339806,1.0195122
2018-1-10T13-49-10,1515588550230,0.9414634,-0.034146342,0.46601942,0.9414634
2018-1-10T13-49-10,1515588550231,0.8926829,-0.034146342,0.47572815,0.8926829
2018-1-10T13-49-10,1515588550232,0.81463414,-0.06341463,0.5436893,0.81463414
2018-1-10T13-49-10,1515588550233,0.79512197,-0.053658538,0.37864077,0.79512197
2018-1-10T13-49-10,1515588550234,0.7268293,0.06341463,0.2815534,0.7268293
2018-1-10T13-49-10,1515588550235,0.71707314,0.024390243,0.407767,0.71707314
2018-1-10T13-49-10,1515588550236,0.7268293,-0.014634146,0.49514562,0.7268293
2018-1-10T13-49-10,1515588550237,0.75609756,0.024390243,0.41747573,0.75609756
2018-1-10T13-49-10,1515588550238,0.79512197,0.07317073,0.3106796,0.79512197
2018-1-10T13-49-10,1515588550239,0.81463414,0.10243902,0.3592233,0.81463414
2018-1-10T13-49-10,1515588550240,0.86341465,0.15121952,0.5048544,0.86341465
2018-1-10T13-49-10,1515588550241,0.84390247,0.07317073,0.60194176,0.84390247
2018-1-10T13-49-10,1515588550242,0.84390247,0.08292683,0.34951457,0.84390247
2018-1-10T13-49-10,1515588550243,0.87317073,0.08292683,0.3592233,0.87317073
2018-1-10T13-49-10,1515588550244,0.85365856,-0.034146342,0.4368932,0.85365856
2018-1-10T13-49-10,1515588550245,0.8341463,-0.043902438,0.407767,0.8341463
2018-1-10T13-49-10,1515588550246,0.81463414,-0.053658538,0.4368932,0.81463414
2018-1-10T13-49-10,1515588550247,0.85365856,-0.11219512,0.49514562,0.85365856
2018-1-10T13-49-10,1515588550248,0.86341465,-0.14146341,0.52427185,0.86341465
2018-1-10T13-49-10,1515588550249,0.87317073,-0.2292683,0.5339806,0.87317073
2018-1-10T13-49-10,1515588550250,0.902439,-0.1609756,0.5048544,0.902439
2018-1-10T13-49-10,1515588550251,0.8926829,-0.11219512,0.49514562,0.8926829
2018-1-10T13-49-10,1515588550252,0.87317073,-0.12195122,0.46601942,0.87317073
2018-1-10T13-49-10,1515588550253,0.86341465,-0.07317073,0.44660193,0.86341465
2018-1-10T13-49-10,1515588550254,0.8341463,-0.034146342,0.4368932,0.8341463
2018-1-10T13-49-10,1515588550255,0.82439023,-0.014634146,0.41747573,0.82439023
2018-1-10T13-49-10,1515588550256,0.80487806,-0.014634146,0.44660193,0.80487806
2018-1-10T13-49-10,1515588550257,0.81463414,0.024390243,0.42718446,0.81463414
2018-1-10T13-49-10,1515588550258,0.8341463,-0.004878049,0.42718446,0.8341463
2018-1-10T13-49-10,1515588550259,0.82439023,0.004878049,0.3883495,0.82439023
2018-1-10T13-49-10,1515588550260,0.81463414,0.014634146,0.37864077,0.81463414
2018-1-10T13-49-10,1515588550261,0.85365856,0.024390243,0.4563107,0.85365856
2018-1-10T13-49-10,1515588550262,0.82439023,0.024390243,0.5339806,0.82439023
2018-1-10T13-49-10,1515588550263,0.82439023,0.024390243,0.4563107,0.82439023
2018-1-10T13-49-10,1515588550264,0.84390247,0.024390243,0.42718446,0.84390247
2018-1-10T13-49-10,1515588550265,1.0682927,0.043902438,0.4368932,1.0682927
2018-1-10T13-49-10,1515588550266,0.8829268,0.043902438,0.4854369,0.8829268
2018-1-10T13-49-10,1515588550267,0.91219515,0.07317073,0.52427185,0.91219515
2018-1-10T13-49-10,1515588550268,0.9414634,0.024390243,0.5048544,0.9414634
2018-1-10T13-49-10,1515588550269,0.9609756,0.06341463,0.47572815,0.9609756
2018-1-10T13-49-10,1515588550270,0.97073174,0.034146342,0.4854369,0.97073174
2018-1-10T13-49-10,1515588550271,0.92195123,0.004878049,0.47572815,0.92195123
2018-1-10T13-49-10,1515588550272,0.8829268,-0.004878049,0.44660193,0.8829268
2018-1-10T13-49-10,1515588550273,0.82439023,-0.034146342,0.37864077,0.82439023
2018-1-10T13-49-10,1515588550274,0.80487806,-0.014634146,0.4563107,0.80487806
2018-1-10T13-49-10,1515588550275,0.7853659,-0.053658538,0.44660193,0.7853659
2018-1-10T13-49-10,1515588550276,0.7365854,-0.06341463,0.4368932,0.7365854
2018-1-10T13-49-10,1515588550277,0.74634147,-0.06341463,0.37864077,0.74634147
2018-1-10T13-49-10,1515588550278,0.76585364,-0.06341463,0.34951457,0.76585364
2018-1-10T13-49-10,1515588550279,0.7365854,-0.09268293,0.34951457,0.7365854
2018-1-10T13-49-10,1515588550280,0.7268293,-0.10243902,0.3883495,0.7268293
2018-1-10T13-49-10,1515588550281,0.7365854,-0.13170731,0.37864077,0.7365854
2018-1-10T13-49-10,1515588550282,0.7268293,-0.14146341,0.3592233,0.7268293
2018-1-10T13-49-10,1515588550283,0.7268293,-0.13170731,0.34951457,0.7268293
2018-1-10T13-49-10,1515588550284,0.7853659,-0.10243902,0.46601942,0.7853659
2018-1-10T13-49-10,1515588550285,0.86341465,-0.08292683,0.5436893,0.86341465
2018-1-10T13-49-10,1515588550286,0.9317073,-0.014634146,0.52427185,0.9317073
2018-1-10T13-49-10,1515588550287,1.0292683,0.004878049,0.5436893,1.0292683
2018-1-10T13-49-10,1515588550288,1.0682927,0.014634146,0.60194176,1.0682927
2018-1-10T13-49-10,1515588550289,1.0682927,0.034146342,0.5825243,1.0682927
2018-1-10T13-49-10,1515588550290,1.0292683,0.014634146,0.5631068,1.0292683
2018-1-10T13-49-10,1515588550291,0.9804878,-0.014634146,0.49514562,0.9804878
2018-1-10T13-49-10,1515588550292,0.91219515,0.043902438,0.4854369,0.91219515
2018-1-10T13-49-10,1515588550293,0.86341465,0.024390243,0.407767,0.86341465
2018-1-10T13-49-10,1515588550294,0.76585364,0.014634146,0.37864077,0.76585364
2018-1-10T13-49-10,1515588550295,0.75609756,0.004878049,0.4368932,0.75609756
2018-1-10T13-49-10,1515588550296,0.74634147,0.004878049,0.41747573,0.74634147
2018-1-10T13-49-10,1515588550297,0.7365854,-0.004878049,0.30097088,0.7365854
2018-1-10T13-49-10,1515588550298,0.7268293,0.034146342,0.29126215,0.7268293
2018-1-10T13-49-10,1515588550299,0.76585364,0.014634146,0.41747573,0.76585364
2018-1-10T13-49-10,1515588550300,0.76585364,-0.004878049,0.44660193,0.76585364
2018-1-10T13-49-10,1515588550301,0.77560973,0.014634146,0.37864077,0.77560973
2018-1-10T13-49-10,1515588550302,0.8341463,-0.014634146,0.407767,0.8341463
2018-1-10T13-49-10,1515588550303,0.87317073,-0.043902438,0.44660193,0.87317073
2018-1-10T13-49-10,1515588550304,0.85365856,-0.043902438,0.44660193,0.85365856
2018-1-10T13-49-10,1515588550305,0.82439023,-0.053658538,0.39805827,0.82439023
2018-1-10T13-49-10,1515588550306,0.84390247,-0.07317073,0.42718446,0.84390247
2018-1-10T13-49-10,1515588550307,0.84390247,-0.06341463,0.4368932,0.84390247
2018-1-10T13-49-10,1515588550308,0.82439023,-0.06341463,0.44660193,0.82439023
2018-1-10T13-49-10,1515588550309,0.85365856,-0.09268293,0.5145631,0.85365856
2018-1-10T13-49-10,1515588550310,0.9317073,-0.10243902,0.60194176,0.9317073
2018-1-10T13-49-10,1515588550311,0.9414634,-0.11219512,0.5145631,0.9414634
2018-1-10T13-49-10,1515588550312,0.9512195,-0.06341463,0.46601942,0.9512195
2018-1-10T13-49-10,1515588550313,0.9317073,-0.043902438,0.52427185,0.9317073
2018-1-10T13-49-10,1515588550314,0.902439,0.004878049,0.5825243,0.902439
2018-1-10T13-49-10,1515588550315,0.8829268,-0.014634146,0.57281554,0.8829268
2018-1-10T13-49-10,1515588550316,0.8829268,0.004878049,0.42718446,0.8829268
2018-1-10T13-49-10,1515588550317,0.8829268,0.034146342,0.37864077,0.8829268
2018-1-10T13-49-10,1515588550318,0.85365856,0.034146342,0.4563107,0.85365856
2018-1-10T13-49-10,1515588550319,0.84390247,0.014634146,0.4563107,0.84390247
2018-1-10T13-49-10,1515588550320,0.81463414,0.024390243,0.3883495,0.81463414
2018-1-10T13-49-10,1515588550321,0.76585364,0.09268293,0.32038835,0.76585364
2018-1-10T13-49-10,1515588550322,0.7365854,0.024390243,0.36893204,0.7365854
2018-1-10T13-49-10,1515588550323,0.7365854,-0.014634146,0.407767,0.7365854
2018-1-10T13-49-10,1515588550324,0.70731705,-0.034146342,0.39805827,0.70731705
2018-1-10T13-49-10,1515588550325,0.69756097,-0.024390243,0.34951457,0.69756097
2018-1-10T13-49-10,1515588550326,0.6780488,-0.014634146,0.3592233,0.6780488
2018-1-10T13-49-10,1515588550327,0.82439023,-0.043902438,0.44660193,0.82439023
2018-1-10T13-49-10,1515588550328,0.86341465,-0.004878049,0.46601942,0.86341465
2018-1-10T13-49-10,1515588550329,0.902439,0.004878049,0.4563107,0.902439
2018-1-10T13-49-10,1515588550330,0.97073174,-0.014634146,0.5339806,0.97073174
2018-1-10T13-49-10,1515588550331,0.9902439,-0.014634146,0.592233,0.9902439
2018-1-10T13-49-10,1515588550332,1.0097561,-0.014634146,0.57281554,1.0097561
2018-1-10T13-49-10,1515588550333,1.0,-0.043902438,0.4854369,1.0
2018-1-10T13-49-10,1515588550334,0.9609756,-0.024390243,0.42718446,0.9609756
2018-1-10T13-49-10,1515588550335,0.84390247,-0.034146342,0.4368932,0.84390247
2018-1-10T13-49-10,1515588550336,0.80487806,-0.13170731,0.49514562,0.80487806
2018-1-10T13-49-10,1515588550337,0.79512197,-0.11219512,0.47572815,0.79512197
2018-1-10T13-49-10,1515588550338,0.74634147,-0.09268293,0.39805827,0.74634147
2018-1-10T13-49-10,1515588550339,0.76585364,-0.07317073,0.36893204,0.76585364
2018-1-10T13-49-10,1515588550340,0.85365856,-0.053658538,0.1262136,0.85365856
2018-1-10T13-49-10,1515588550341,0.81463414,-0.014634146,0.47572815,0.81463414
2018-1-10T13-49-10,1515588550342,0.8341463,-0.024390243,0.41747573,0.8341463
2018-1-10T13-49-10,1515588550343,0.82439023,-0.014634146,0.3883495,0.82439023
2018-1-10T13-49-10,1515588550344,0.8341463,0.014634146,0.44660193,0.8341463
2018-1-10T13-49-10,1515588550345,0.8341463,0.004878049,0.47572815,0.8341463
2018-1-10T13-49-10,1515588550346,0.81463414,0.004878049,0.46601942,0.81463414
2018-1-10T13-49-10,1515588550347,0.86341465,0.10243902,0.37864077,0.86341465
2018-1-10T13-49-10,1515588550348,0.80487806,0.053658538,0.39805827,0.80487806
2018-1-10T13-49-10,1515588550349,0.86341465,0.06341463,0.42718446,0.86341465
2018-1-10T13-49-10,1515588550350,0.86341465,0.024390243,0.4368932,0.86341465
2018-1-10T13-49-10,1515588550351,0.8341463,-0.053658538,0.47572815,0.8341463
2018-1-10T13-49-10,1515588550352,0.82439023,-0.034146342,0.44660193,0.82439023
2018-1-10T13-49-10,1515588550353,0.8341463,-0.11219512,0.4563107,0.8341463
2018-1-10T13-49-10,1515588550354,0.85365856,-0.06341463,0.44660193,0.85365856
2018-1-10T13-49-10,1515588550355,0.86341465,-0.06341463,0.5048544,0.86341465
2018-1-10T13-49-10,1515588550356,0.8829268,-0.06341463,0.49514562,0.8829268
2018-1-10T13-49-10,1515588550357,0.8829268,-0.034146342,0.47572815,0.8829268
2018-1-10T13-49-10,1515588550358,0.8829268,-0.053658538,0.4563107,0.8829268
2018-1-10T13-49-10,1515588550359,0.87317073,-0.004878049,0.39805827,0.87317073
2018-1-10T13-49-10,1515588550360,0.84390247,-0.024390243,0.4368932,0.84390247
2018-1-10T13-49-10,1515588550361,0.86341465,-0.034146342,0.46601942,0.86341465
2018-1-10T13-49-10,1515588550362,0.8341463,-0.034146342,0.39805827,0.8341463
2018-1-10T13-49-10,1515588550363,0.7853659,-0.024390243,0.37864077,0.7853659
2018-1-10T13-49-10,1515588550364,0.85365856,-0.024390243,0.44660193,0.85365856
2018-1-10T13-49-10,1515588550365,0.81463414,-0.043902438,0.49514562,0.81463414
2018-1-10T13-49-10,1515588550366,0.80487806,-0.024390243,0.41747573,0.80487806
2018-1-10T13-49-10,1515588550367,0.84390247,-0.004878049,0.37864077,0.84390247
2018-1-10T13-49-10,1515588550368,0.82439023,-0.014634146,0.4368932,0.82439023
2018-1-10T13-49-10,1515588550369,0.82439023,-0.004878049,0.46601942,0.82439023
2018-1-10T13-49-10,1515588550370,0.85365856,-0.004878049,0.4563107,0.85365856
2018-1-10T13-49-10,1515588550371,0.87317073,-0.07317073,0.46601942,0.87317073
2018-1-10T13-49-10,1515588550372,0.8926829,-0.024390243,0.42718446,0.8926829
2018-1-10T13-49-10,1515588550373,0.86341465,0.004878049,0.41747573,0.86341465
2018-1-10T13-49-10,1515588550374,0.87317073,-0.004878049,0.5048544,0.87317073
2018-1-10T13-49-10,1515588550375,0.8829268,-0.034146342,0.49514562,0.8829268
2018-1-10T13-49-10,1515588550376,0.81463414,-0.004878049,0.41747573,0.81463414
2018-1-10T13-49-10,1515588550377,0.8341463,-0.004878049,0.41747573,0.8341463
2018-1-10T13-49-10,1515588550378,0.82439023,0.004878049,0.47572815,0.82439023
2018-1-10T13-49-10,1515588550379,0.81463414,-0.004878049,0.4368932,0.81463414
2018-1-10T13-49-10,1515588550380,0.80487806,-0.014634146,0.4368932,0.80487806
2018-1-10T13-49-10,1515588550381,0.82439023,-0.034146342,0.42718446,0.82439023
2018-1-10T13-49-10,1515588550382,0.79512197,-0.043902438,0.39805827,0.79512197
2018-1-10T13-49-10,1515588550383,0.76585364,-0.043902438,0.34951457,0.76585364
2018-1-10T13-49-10,1515588550384,0.7853659,-0.034146342,0.44660193,0.7853659
2018-1-10T13-49-10,1515588550385,0.79512197,-0.12195122,0.49514562,0.79512197
2018-1-10T13-49-10,1515588550386,0.87317073,-0.06341463,0.42718446,0.87317073
2018-1-10T13-49-10,1515588550387,0.84390247,-0.014634146,0.34951457,0.84390247
2018-1-10T13-49-10,1515588550388,0.902439,-0.004878049,0.4368932,0.902439
2018-1-10T13-49-10,1515588550389,0.8829268,-0.07317073,0.5533981,0.8829268
2018-1-10T13-49-10,1515588550390,0.8829268,-0.07317073,0.5145631,0.8829268
2018-1-10T13-49-10,1515588550391,0.8829268,-0.043902438,0.4563107,0.8829268
2018-1-10T13-49-10,1515588550392,0.902439,-0.034146342,0.44660193,0.902439
2018-1-10T13-49-10,1515588550393,0.87317073,-0.014634146,0.47572815,0.87317073
2018-1-10T13-49-10,1515588550394,0.87317073,-0.024390243,0.4854369,0.87317073
2018-1-10T13-49-10,1515588550395,1.2243903,-0.004878049,0.47572815,1.2243903
2018-1-10T13-49-10,1515588550396,0.87317073,-0.004878049,0.47572815,0.87317073
2018-1-10T13-49-10,1515588550397,0.8829268,0.004878049,0.42718446,0.8829268
2018-1-10T13-49-10,1515588550398,0.8341463,-0.014634146,0.37864077,0.8341463
2018-1-10T13-49-10,1515588550399,0.79512197,-0.014634146,0.407767,0.79512197
2018-1-10T13-49-10,1515588550400,0.76585364,-0.014634146,0.3883495,0.76585364
2018-1-10T13-49-10,1515588550401,0.75609756,-0.034146342,0.3883495,0.75609756
2018-1-10T13-49-10,1515588550402,0.77560973,-0.034146342,0.36893204,0.77560973
2018-1-10T13-49-10,1515588550403,0.86341465,-0.024390243,0.39805827,0.86341465
2018-1-10T13-49-10,1515588550404,0.82439023,-0.024390243,0.46601942,0.82439023
2018-1-10T13-49-10,1515588550405,0.84390247,-0.014634146,0.4368932,0.84390247
2018-1-10T13-49-10,1515588550406,0.8341463,-0.014634146,0.39805827,0.8341463
2018-1-10T13-49-10,1515588550407,0.86341465,0.024390243,0.47572815,0.86341465
2018-1-10T13-49-10,1515588550408,0.8926829,-0.014634146,0.5048544,0.8926829
2018-1-10T13-49-10,1515588550409,0.8829268,-0.014634146,0.4854369,0.8829268
2018-1-10T13-49-10,1515588550410,0.8829268,-0.004878049,0.4368932,0.8829268
2018-1-10T13-49-10,1515588550411,0.86341465,-0.053658538,0.4563107,0.86341465
2018-1-10T13-49-10,1515588550412,0.85365856,-0.053658538,0.4854369,0.85365856
2018-1-10T13-49-10,1515588550413,0.8926829,-0.053658538,0.5048544,0.8926829
2018-1-10T13-49-10,1515588550414,0.87317073,-0.043902438,0.4563107,0.87317073
2018-1-10T13-49-10,1515588550415,0.87317073,-0.043902438,0.407767,0.87317073
2018-1-10T13-49-10,1515588550416,0.85365856,-0.004878049,0.41747573,0.85365856
2018-1-10T13-49-10,1515588550417,0.8341463,-0.024390243,0.5339806,0.8341463
2018-1-10T13-49-10,1515588550418,0.85365856,-0.034146342,0.5145631,0.85365856
2018-1-10T13-49-10,1515588550419,0.87317073,-0.014634146,0.4368932,0.87317073
2018-1-10T13-49-10,1515588550420,0.85365856,-0.004878049,0.3883495,0.85365856
2018-1-10T13-49-10,1515588550421,0.8341463,-0.004878049,0.407767,0.8341463
2018-1-10T13-49-10,1515588550422,0.80487806,0.004878049,0.5048544,0.80487806
2018-1-10T13-49-10,1515588550423,0.82439023,-0.014634146,0.47572815,0.82439023
2018-1-10T13-49-10,1515588550424,0.8341463,0.004878049,0.36893204,0.8341463
2018-1-10T13-49-10,1515588550425,0.8341463,0.014634146,0.3592233,0.8341463
2018-1-10T13-49-10,1515588550426,0.81463414,-0.004878049,0.4563107,0.81463414
2018-1-10T13-49-10,1515588550427,0.85365856,-0.034146342,0.5048544,0.85365856
2018-1-10T13-49-10,1515588550428,0.82439023,-0.024390243,0.3883495,0.82439023
2018-1-10T13-49-10,1515588550429,0.8341463,-0.004878049,0.42718446,0.8341463
2018-1-10T13-49-10,1515588550430,0.87317073,-0.034146342,0.49514562,0.87317073
2018-1-10T13-49-10,1515588550431,0.8829268,-0.043902438,0.52427185,0.8829268
2018-1-10T13-49-10,1515588550432,0.86341465,-0.07317073,0.44660193,0.86341465
2018-1-10T13-49-10,1515588550433,0.85365856,-0.024390243,0.3883495,0.85365856
2018-1-10T13-49-10,1515588550434,0.86341465,-0.004878049,0.49514562,0.86341465
2018-1-10T13-49-10,1515588550435,0.86341465,-0.06341463,0.5436893,0.86341465
2018-1-10T13-49-10,1515588550436,0.80487806,-0.07317073,0.4368932,0.80487806
2018-1-10T13-49-10,1515588550437,0.80487806,-0.014634146,0.39805827,0.80487806
2018-1-10T13-49-10,1515588550438,0.86341465,-0.024390243,0.46601942,0.86341465
2018-1-10T13-49-10,1515588550439,0.84390247,-0.034146342,0.46601942,0.84390247
2018-1-10T13-49-10,1515588550440,0.8341463,-0.004878049,0.4563107,0.8341463
2018-1-10T13-49-10,1515588550441,0.8829268,-0.014634146,0.4563107,0.8829268
2018-1-10T13-49-10,1515588550442,0.8926829,-0.004878049,0.49514562,0.8926829
2018-1-10T13-49-10,1515588550443,0.8829268,-0.034146342,0.4368932,0.8829268
2018-1-10T13-49-10,1515588550444,0.86341465,-0.014634146,0.41747573,0.86341465
2018-1-10T13-49-10,1515588550445,0.82439023,-0.014634146,0.47572815,0.82439023
2018-1-10T13-49-10,1515588550446,0.82439023,-0.043902438,0.46601942,0.82439023
2018-1-10T13-49-10,1515588550447,0.7853659,-0.034146342,0.41747573,0.7853659
2018-1-10T13-49-10,1515588550448,0.82439023,-0.024390243,0.36893204,0.82439023
2018-1-10T13-49-10,1515588550449,0.79512197,-0.024390243,0.39805827,0.79512197
2018-1-10T13-49-10,1515588550450,0.7853659,-0.06341463,0.44660193,0.7853659
2018-1-10T13-49-10,1515588550451,0.82439023,-0.024390243,0.42718446,0.82439023
2018-1-10T13-49-10,1515588550452,0.84390247,-0.014634146,0.4368932,0.84390247
2018-1-10T13-49-10,1515588550453,0.8341463,-0.004878049,0.47572815,0.8341463
2018-1-10T13-49-10,1515588550454,0.92195123,0.004878049,0.49514562,0.92195123
2018-1-10T13-49-10,1515588550455,0.92195123,0.024390243,0.46601942,0.92195123
2018-1-10T13-49-10,1515588550456,0.87317073,0.014634146,0.407767,0.87317073
2018-1-10T13-49-10,1515588550457,0.84390247,0.014634146,0.407767,0.84390247
2018-1-10T13-49-10,1515588550458,0.82439023,-0.08292683,0.46601942,0.82439023
2018-1-10T13-49-10,1515588550459,0.80487806,-0.034146342,0.41747573,0.80487806
2018-1-10T13-49-10,1515588550460,0.7853659,-0.053658538,0.3883495,0.7853659
2018-1-10T13-49-10,1515588550461,0.79512197,-0.043902438,0.41747573,0.79512197
2018-1-10T13-49-10,1515588550462,0.80487806,-0.053658538,0.4368932,0.80487806
2018-1-10T13-49-10,1515588550463,0.82439023,-0.043902438,0.41747573,0.82439023
2018-1-10T13-49-10,1515588550464,0.8829268,-0.043902438,0.4563107,0.8829268
2018-1-10T13-49-10,1515588550465,0.85365856,-0.024390243,0.47572815,0.85365856
2018-1-10T13-49-10,1515588550466,0.8926829,-0.024390243,0.47572815,0.8926829
2018-1-10T13-49-10,1515588550467,0.8926829,-0.004878049,0.4854369,0.8926829
2018-1-10T13-49-10,1515588550468,0.84390247,0.004878049,0.44660193,0.84390247
2018-1-10T13-49-10,1515588550469,0.8926829,-0.004878049,0.47572815,0.8926829
2018-1-10T13-49-10,1515588550470,0.8829268,-0.004878049,0.4368932,0.8829268
2018-1-10T13-49-10,1515588550471,0.85365856,-0.053658538,0.4563107,0.85365856
2018-1-10T13-49-10,1515588550472,0.86341465,-0.034146342,0.4563107,0.86341465
2018-1-10T13-49-10,1515588550473,0.84390247,-0.014634146,0.42718446,0.84390247
2018-1-10T13-49-10,1515588550474,0.80487806,-0.024390243,0.3883495,0.80487806
2018-1-10T13-49-10,1515588550475,0.82439023,-0.034146342,0.3592233,0.82439023
2018-1-10T13-49-10,1515588550476,0.84390247,-0.024390243,0.5048544,0.84390247
2018-1-10T13-49-10,1515588550477,0.8926829,-0.053658538,0.47572815,0.8926829
2018-1-10T13-49-10,1515588550478,0.84390247,-0.043902438,0.36893204,0.84390247
2018-1-10T13-49-10,1515588550479,0.91219515,0.014634146,0.407767,0.91219515
2018-1-10T13-49-10,1515588550480,0.6,0.004878049,0.49514562,0.6
2018-1-10T13-49-10,1515588550481,0.79512197,-0.043902438,0.41747573,0.79512197
2018-1-10T13-49-10,1515588550482,0.79512197,0.004878049,0.32038835,0.79512197
2018-1-10T13-49-10,1515588550483,0.85365856,0.024390243,0.47572815,0.85365856
2018-1-10T13-49-10,1515588550484,0.84390247,-0.043902438,0.5339806,0.84390247
2018-1-10T13-49-10,1515588550485,0.8829268,-0.034146342,0.4368932,0.8829268
2018-1-10T13-49-10,1515588550486,0.87317073,-0.10243902,0.37864077,0.87317073
2018-1-10T13-49-10,1515588550487,0.8829268,-0.014634146,0.46601942,0.8829268
2018-1-10T13-49-10,1515588550488,0.87317073,-0.034146342,0.5436893,0.87317073
2018-1-10T13-49-10,1515588550489,0.86341465,-0.24878049,0.46601942,0.86341465
2018-1-10T13-49-10,1515588550490,0.85365856,-0.034146342,0.39805827,0.85365856
2018-1-10T13-49-10,1515588550491,0.7853659,-0.034146342,0.4563107,0.7853659
2018-1-10T13-49-10,1515588550492,0.8341463,-0.043902438,0.47572815,0.8341463
2018-1-10T13-49-10,1515588550493,0.8341463,-0.034146342,0.46601942,0.8341463
2018-1-10T13-49-10,1515588550494,0.8341463,-0.004878049,0.4368932,0.8341463
2018-1-10T13-49-10,1515588550495,0.8926829,0.004878049,0.44660193,0.8926829
2018-1-10T13-49-10,1515588550496,0.87317073,-0.09268293,0.44660193,0.87317073
2018-1-10T13-49-10,1515588550497,0.8341463,0.014634146,0.42718446,0.8341463
2018-1-10T13-49-10,1515588550498,0.8829268,-0.004878049,0.44660193,0.8829268
2018-1-10T13-49-10,1515588550499,0.82439023,-0.024390243,0.47572815,0.82439023
2018-1-10T13-49-10,1515588550500,0.8341463,-0.034146342,0.39805827,0.8341463
2018-1-10T13-49-10,1515588550501,0.7853659,-0.06341463,0.3883495,0.7853659
2018-1-10T13-49-10,1515588550502,0.81463414,-0.014634146,0.4368932,0.81463414
2018-1-10T13-49-10,1515588550503,0.82439023,-0.014634146,0.46601942,0.82439023
2018-1-10T13-49-10,1515588550504,0.81463414,-0.014634146,0.4368932,0.81463414
2018-1-10T13-49-10,1515588550505,0.85365856,-0.034146342,0.41747573,0.85365856
2018-1-10T13-49-10,1515588550506,0.8926829,-0.034146342,0.4563107,0.8926829
2018-1-10T13-49-10,1515588550507,0.87317073,-0.014634146,0.4854369,0.87317073
2018-1-10T13-49-10,1515588550508,0.87317073,-0.053658538,0.46601942,0.87317073
2018-1-10T13-49-10,1515588550509,0.86341465,-0.014634146,0.47572815,0.86341465
2018-1-10T13-49-10,1515588550510,0.8926829,-0.024390243,0.47572815,0.8926829
2018-1-10T13-49-10,1515588550511,0.84390247,0.004878049,0.44660193,0.84390247
2018-1-10T13-49-10,1515588550512,0.84390247,-0.024390243,0.3883495,0.84390247
2018-1-10T13-49-10,1515588550513,0.84390247,-0.034146342,0.4563107,0.84390247
2018-1-10T13-49-10,1515588550514,0.8829268,-0.053658538,0.5048544,0.8829268
2018-1-10T13-49-10,1515588550515,0.85365856,-0.053658538,0.4563107,0.85365856
2018-1-10T13-49-10,1515588550516,0.84390247,-0.024390243,0.39805827,0.84390247
2018-1-10T13-49-10,1515588550517,0.85365856,-0.014634146,0.47572815,0.85365856
2018-1-10T13-49-10,1515588550518,0.87317073,-0.014634146,0.4854369,0.87317073
2018-1-10T13-49-10,1515588550519,0.84390247,-0.024390243,0.407767,0.84390247
2018-1-10T13-49-10,1515588550520,0.8341463,0.014634146,0.39805827,0.8341463
2018-1-10T13-49-10,1515588550521,0.82439023,-0.004878049,0.46601942,0.82439023
2018-1-10T13-49-10,1515588550522,0.82439023,-0.034146342,0.41747573,0.82439023
2018-1-10T13-49-10,1515588550523,0.80487806,-0.004878049,0.39805827,0.80487806
2018-1-10T13-49-10,1515588550524,0.8341463,0.053658538,0.4368932,0.8341463
2018-1-10T13-49-10,1515588550525,0.82439023,-0.014634146,0.47572815,0.82439023
2018-1-10T13-49-10,1515588550526,0.86341465,-0.014634146,0.44660193,0.86341465
2018-1-10T13-49-10,1515588550527,0.8829268,-0.024390243,0.44660193,0.8829268
2018-1-10T13-49-10,1515588550528,0.8341463,-0.034146342,0.2038835,0.8341463
2018-1-10T13-49-10,1515588550529,0.85365856,-0.014634146,0.46601942,0.85365856
2018-1-10T13-49-10,1515588550530,0.84390247,-0.024390243,0.47572815,0.84390247
2018-1-10T13-49-10,1515588550531,0.82439023,-0.053658538,0.42718446,0.82439023
2018-1-10T13-49-10,1515588550532,0.8341463,-0.034146342,0.4563107,0.8341463
2018-1-10T13-49-10,1515588550533,0.86341465,-0.053658538,0.5048544,0.86341465
2018-1-10T13-49-10,1515588550534,0.84390247,-0.053658538,0.42718446,0.84390247
2018-1-10T13-49-10,1515588550535,0.85365856,0.004878049,0.37864077,0.85365856
2018-1-10T13-49-10,1515588550536,0.86341465,-0.014634146,0.46601942,0.86341465
2018-1-10T13-49-10,1515588550537,0.86341465,-0.014634146,0.5145631,0.86341465
2018-1-10T13-49-10,1515588550538,0.86341465,0.004878049,0.5048544,0.86341465
2018-1-10T13-49-10,1515588550539,0.87317073,-0.053658538,0.39805827,0.87317073
2018-1-10T13-49-10,1515588550540,0.84390247,-0.014634146,0.41747573,0.84390247
2018-1-10T13-49-10,1515588550541,0.84390247,0.004878049,0.46601942,0.84390247
2018-1-10T13-49-10,1515588550542,0.80487806,-0.024390243,0.4368932,0.80487806
2018-1-10T13-49-10,1515588550543,0.7853659,-0.043902438,0.39805827,0.7853659
2018-1-10T13-49-10,1515588550544,0.82439023,-0.014634146,0.407767,0.82439023
2018-1-10T13-49-10,1515588550545,0.8341463,-0.024390243,0.5145631,0.8341463
2018-1-10T13-49-10,1515588550546,0.8926829,-0.024390243,0.49514562,0.8926829
2018-1-10T13-49-10,1515588550547,0.902439,-0.014634146,0.4563107,0.902439
2018-1-10T13-49-10,1515588550548,0.92195123,0.014634146,0.4563107,0.92195123
2018-1-10T13-49-10,1515588550549,0.91219515,0.014634146,0.47572815,0.91219515
2018-1-10T13-49-10,1515588550550,0.85365856,-0.004878049,0.4368932,0.85365856
2018-1-10T13-49-10,1515588550551,0.82439023,0.004878049,0.407767,0.82439023
2018-1-10T13-49-10,1515588550552,0.80487806,0.004878049,0.4368932,0.80487806
2018-1-10T13-49-10,1515588550553,0.79512197,-0.014634146,0.44660193,0.79512197
2018-1-10T13-49-10,1515588550554,0.81463414,-0.043902438,0.42718446,0.81463414
2018-1-10T13-49-10,1515588550555,0.82439023,-0.014634146,0.407767,0.82439023
2018-1-10T13-49-10,1515588550556,0.84390247,-0.024390243,0.41747573,0.84390247
2018-1-10T13-49-10,1515588550557,0.77560973,0.004878049,0.3883495,0.77560973
2018-1-10T13-49-10,1515588550558,0.80487806,-0.034146342,0.42718446,0.80487806
2018-1-10T13-49-10,1515588550559,0.7853659,-0.06341463,0.4563107,0.7853659
2018-1-10T13-49-10,1515588550560,0.8829268,-0.06341463,0.47572815,0.8829268
2018-1-10T13-49-10,1515588550561,0.8341463,-0.053658538,0.46601942,0.8341463
2018-1-10T13-49-10,1515588550562,0.91219515,-0.053658538,0.49514562,0.91219515
2018-1-10T13-49-10,1515588550563,0.9317073,-0.06341463,0.5048544,0.9317073
2018-1-10T13-49-10,1515588550564,0.92195123,-0.06341463,0.41747573,0.92195123
2018-1-10T13-49-10,1515588550565,0.8829268,-0.014634146,0.407767,0.8829268
2018-1-10T13-49-10,1515588550566,0.85365856,0.014634146,0.47572815,0.85365856
2018-1-10T13-49-10,1515588550567,0.80487806,-0.024390243,0.4854369,0.80487806
2018-1-10T13-49-10,1515588550568,0.8341463,-0.014634146,0.4563107,0.8341463
2018-1-10T13-49-10,1515588550570,0.84390247,-0.004878049,0.44660193,0.84390247
2018-1-10T13-49-10,1515588550571,0.86341465,0.07317073,0.42718446,0.86341465
2018-1-10T13-49-10,1515588550572,0.86341465,-0.024390243,0.4368932,0.86341465
2018-1-10T13-49-10,1515588550573,0.8926829,-0.004878049,0.46601942,0.8926829
2018-1-10T13-49-10,1515588550574,0.8341463,-0.034146342,0.44660193,0.8341463
2018-1-10T13-49-10,1515588550575,0.79512197,-0.004878049,0.41747573,0.79512197
2018-1-10T13-49-10,1515588550576,0.79512197,-0.004878049,0.41747573,0.79512197
2018-1-10T13-49-10,1515588550577,0.84390247,-0.014634146,0.4368932,0.84390247
2018-1-10T13-49-10,1515588550578,0.79512197,-0.014634146,0.44660193,0.79512197
2018-1-10T13-49-10,1515588550579,0.87317073,-0.004878049,0.44660193,0.87317073
2018-1-10T13-49-10,1515588550580,0.87317073,-0.043902438,0.42718446,0.87317073
2018-1-10T13-49-10,1515588550581,0.86341465,-0.024390243,0.42718446,0.86341465
2018-1-10T13-49-10,1515588550582,0.84390247,-0.014634146,0.4368932,0.84390247
2018-1-10T13-49-10,1515588550583,0.81463414,-0.004878049,0.49514562,0.81463414
2018-1-10T13-49-10,1515588550584,0.84390247,-0.034146342,0.46601942,0.84390247
2018-1-10T13-49-10,1515588550585,0.82439023,-0.024390243,0.39805827,0.82439023
2018-1-10T13-49-10,1515588550586,0.85365856,-0.024390243,0.4368932,0.85365856
2018-1-10T13-49-10,1515588550587,0.902439,-0.043902438,0.5145631,0.902439
2018-1-10T13-49-10,1515588550588,0.87317073,-0.06341463,0.5145631,0.87317073
2018-1-10T13-49-10,1515588550589,0.85365856,-0.06341463,0.3883495,0.85365856
2018-1-10T13-49-10,1515588550590,0.82439023,-0.06341463,0.3883495,0.82439023
2018-1-10T13-49-10,1515588550591,0.80487806,-0.06341463,0.42718446,0.80487806
2018-1-10T13-49-10,1515588550592,0.80487806,-0.07317073,0.5145631,0.80487806
2018-1-10T13-49-10,1515588550593,0.8341463,-0.053658538,0.49514562,0.8341463
2018-1-10T13-49-10,1515588550594,0.86341465,-0.053658538,0.41747573,0.86341465
2018-1-10T13-49-10,1515588550595,0.87317073,-0.043902438,0.3883495,0.87317073
2018-1-10T13-49-10,1515588550596,0.84390247,0.024390243,0.41747573,0.84390247
2018-1-10T13-49-10,1515588550597,0.84390247,0.024390243,0.46601942,0.84390247
2018-1-10T13-49-10,1515588550598,0.8341463,0.014634146,0.46601942,0.8341463
2018-1-10T13-49-10,1515588550599,0.85365856,0.043902438,0.4368932,0.85365856
2018-1-10T13-49-10,1515588550600,0.86341465,-0.014634146,0.4368932,0.86341465
2018-1-10T13-49-10,1515588550601,0.86341465,0.014634146,0.44660193,0.86341465
2018-1-10T13-49-10,1515588550602,0.86341465,0.024390243,0.41747573,0.86341465
2018-1-10T13-49-10,1515588550603,0.8341463,-0.07317073,0.407767,0.8341463
2018-1-10T13-49-10,1515588550604,0.8341463,-0.024390243,0.4368932,0.8341463
2018-1-10T13-49-10,1515588550605,0.85365856,-0.024390243,0.52427185,0.85365856
2018-1-10T13-49-10,1515588550606,0.85365856,-0.024390243,0.47572815,0.85365856
2018-1-10T13-49-10,1515588550607,0.86341465,-0.014634146,0.41747573,0.86341465
2018-1-10T13-49-10,1515588550608,0.84390247,-0.004878049,0.39805827,0.84390247
2018-1-10T13-49-10,1515588550609,0.82439023,-0.004878049,0.44660193,0.82439023
2018-1-10T13-49-10,1515588550610,0.8829268,-0.024390243,0.5145631,0.8829268
2018-1-10T13-49-10,1515588550611,0.86341465,-0.053658538,0.5339806,0.86341465
2018-1-10T13-49-10,1515588550612,0.85365856,-0.06341463,0.4563107,0.85365856
2018-1-10T13-49-10,1515588550613,0.85365856,-0.06341463,0.37864077,0.85365856
2018-1-10T13-49-10,1515588550614,0.82439023,0.004878049,0.44660193,0.82439023
2018-1-10T13-49-10,1515588550615,0.80487806,-0.08292683,0.41747573,0.80487806
2018-1-10T13-49-10,1515588550616,0.76585364,-0.10243902,0.407767,0.76585364
2018-1-10T13-49-10,1515588550617,0.79512197,-0.07317073,0.37864077,0.79512197
2018-1-10T13-49-10,1515588550618,0.87317073,-0.07317073,0.4368932,0.87317073
2018-1-10T13-49-10,1515588550619,0.84390247,-0.053658538,0.49514562,0.84390247
2018-1-10T13-49-10,1515588550620,0.87317073,-0.014634146,0.44660193,0.87317073
2018-1-10T13-49-10,1515588550621,0.92195123,0.004878049,0.5339806,0.92195123
2018-1-10T13-49-10,1515588550622,0.97073174,-0.004878049,0.52427185,0.97073174
2018-1-10T13-49-10,1515588550623,0.8926829,0.024390243,0.44660193,0.8926829
2018-1-10T13-49-10,1515588550624,0.9609756,0.014634146,0.4368932,0.9609756
2018-1-10T13-49-10,1515588550625,0.84390247,-0.014634146,0.4368932,0.84390247
2018-1-10T13-49-10,1515588550626,0.76585364,-0.014634146,0.41747573,0.76585364
2018-1-10T13-49-10,1515588550627,0.7365854,-0.053658538,0.34951457,0.7365854
2018-1-10T13-49-10,1515588550628,0.7365854,-0.024390243,0.3592233,0.7365854
2018-1-10T13-49-10,1515588550629,0.77560973,0.004878049,0.42718446,0.77560973
2018-1-10T13-49-10,1515588550630,0.81463414,-0.034146342,0.42718446,0.81463414
2018-1-10T13-49-10,1515588550631,0.85365856,0.014634146,0.46601942,0.85365856
2018-1-10T13-49-10,1515588550632,0.8926829,0.034146342,0.5048544,0.8926829
2018-1-10T13-49-10,1515588550633,0.9414634,0.024390243,0.4854369,0.9414634
2018-1-10T13-49-10,1515588550634,0.92195123,0.043902438,0.407767,0.92195123
2018-1-10T13-49-10,1515588550635,0.902439,0.043902438,0.4368932,0.902439
2018-1-10T13-49-10,1515588550636,0.8829268,0.004878049,0.46601942,0.8829268
2018-1-10T13-49-10,1515588550637,0.80487806,-0.034146342,0.4563107,0.80487806
2018-1-10T13-49-10,1515588550638,0.79512197,-0.06341463,0.42718446,0.79512197
2018-1-10T13-49-10,1515588550639,0.80487806,-0.034146342,0.41747573,0.80487806
2018-1-10T13-49-10,1515588550640,0.81463414,-0.07317073,0.42718446,0.81463414
2018-1-10T13-49-10,1515588550641,0.81463414,-0.06341463,0.4368932,0.81463414
2018-1-10T13-49-10,1515588550642,0.82439023,-0.08292683,0.4368932,0.82439023
2018-1-10T13-49-10,1515588550643,0.86341465,-0.043902438,0.46601942,0.86341465
2018-1-10T13-49-10,1515588550644,0.86341465,-0.06341463,0.5048544,0.86341465
2018-1-10T13-49-10,1515588550645,0.8926829,-0.08292683,0.52427185,0.8926829
2018-1-10T13-49-10,1515588550646,0.91219515,-0.06341463,0.47572815,0.91219515
2018-1-10T13-49-10,1515588550647,0.8926829,-0.043902438,0.41747573,0.8926829
2018-1-10T13-49-10,1515588550648,0.87317073,0.024390243,0.42718446,0.87317073
2018-1-10T13-49-10,1515588550649,0.84390247,0.024390243,0.46601942,0.84390247
2018-1-10T13-49-10,1515588550650,0.81463414,0.004878049,0.44660193,0.81463414
2018-1-10T13-49-10,1515588550651,0.79512197,-0.004878049,0.36893204,0.79512197
2018-1-10T13-49-10,1515588550652,0.84390247,0.014634146,0.3883495,0.84390247
2018-1-10T13-49-10,1515588550653,0.8341463,0.014634146,0.42718446,0.8341463
2018-1-10T13-49-10,1515588550654,0.80487806,-0.024390243,0.41747573,0.80487806
2018-1-10T13-49-10,1515588550655,0.79512197,0.024390243,0.4368932,0.79512197
2018-1-10T13-49-10,1515588550656,0.8341463,-0.034146342,0.47572815,0.8341463
2018-1-10T13-49-10,1515588550657,0.75609756,-0.024390243,0.4368932,0.75609756
2018-1-10T13-49-10,1515588550658,0.81463414,0.004878049,0.37864077,0.81463414
2018-1-10T13-49-10,1515588550659,0.8926829,0.024390243,0.49514562,0.8926829
2018-1-10T13-49-10,1515588550660,0.87317073,0.024390243,0.5339806,0.87317073
2018-1-10T13-49-10,1515588550661,0.902439,0.014634146,0.4368932,0.902439
2018-1-10T13-49-10,1515588550662,0.9414634,0.024390243,0.407767,0.9414634
2018-1-10T13-49-10,1515588550663,0.9317073,0.034146342,0.46601942,0.9317073
2018-1-10T13-49-10,1515588550664,0.9317073,0.004878049,0.46601942,0.9317073
2018-1-10T13-49-10,1515588550665,0.84390247,-0.004878049,0.4368932,0.84390247
2018-1-10T13-49-10,1515588550666,0.8341463,0.004878049,0.46601942,0.8341463
2018-1-10T13-49-10,1515588550667,0.84390247,0.004878049,0.46601942,0.84390247
2018-1-10T13-49-10,1515588550668,0.8341463,-0.08292683,0.4368932,0.8341463
2018-1-10T13-49-10,1515588550669,0.82439023,-0.053658538,0.407767,0.82439023
2018-1-10T13-49-10,1515588550670,0.81463414,-0.053658538,0.39805827,0.81463414
2018-1-10T13-49-10,1515588550671,0.75609756,-0.09268293,0.44660193,0.75609756
2018-1-10T13-49-10,1515588550672,0.75609756,-0.09268293,0.42718446,0.75609756
2018-1-10T13-49-10,1515588550673,0.77560973,-0.08292683,0.3883495,0.77560973
2018-1-10T13-49-10,1515588550674,0.75609756,-0.06341463,0.42718446,0.75609756
2018-1-10T13-49-10,1515588550675,0.79512197,-0.07317073,0.44660193,0.79512197
2018-1-10T13-49-10,1515588550676,0.86341465,-0.024390243,0.52427185,0.86341465
2018-1-10T13-49-10,1515588550677,0.92195123,-0.024390243,0.5339806,0.92195123
2018-1-10T13-49-10,1515588550678,0.9414634,-0.014634146,0.41747573,0.9414634
2018-1-10T13-49-10,1515588550679,0.91219515,0.024390243,0.407767,0.91219515
2018-1-10T13-49-10,1515588550680,0.9317073,0.014634146,0.5145631,0.9317073
2018-1-10T13-49-10,1515588550681,0.8926829,-0.004878049,0.5631068,0.8926829
2018-1-10T13-49-10,1515588550682,0.81463414,-0.024390243,0.4563107,0.81463414
2018-1-10T13-49-10,1515588550683,0.8341463,-0.004878049,0.3883495,0.8341463
2018-1-10T13-49-10,1515588550684,0.87317073,-0.014634146,0.5145631,0.87317073
2018-1-10T13-49-10,1515588550685,0.86341465,-0.034146342,0.5339806,0.86341465
2018-1-10T13-49-10,1515588550686,0.85365856,-0.034146342,0.42718446,0.85365856
2018-1-10T13-49-10,1515588550687,0.84390247,-0.024390243,0.3592233,0.84390247
2018-1-10T13-49-10,1515588550688,0.76585364,0.024390243,0.4563107,0.76585364
2018-1-10T13-49-10,1515588550689,0.79512197,-0.043902438,0.49514562,0.79512197
2018-1-10T13-49-10,1515588550690,0.79512197,-0.004878049,0.407767,0.79512197
2018-1-10T13-49-10,1515588550691,0.7853659,0.004878049,0.3592233,0.7853659
2018-1-10T13-49-10,1515588550692,0.6390244,0.004878049,0.4563107,0.6390244
2018-1-10T13-49-10,1515588550693,0.84390247,-0.024390243,0.44660193,0.84390247
2018-1-10T13-49-10,1515588550694,0.7853659,-0.034146342,0.36893204,0.7853659
2018-1-10T13-49-10,1515588550695,0.82439023,-0.014634146,0.4368932,0.82439023
2018-1-10T13-49-10,1515588550696,0.86341465,-0.06341463,0.5048544,0.86341465
2018-1-10T13-49-10,1515588550697,0.84390247,-0.10243902,0.4563107,0.84390247
2018-1-10T13-49-10,1515588550698,0.8341463,-0.06341463,0.37864077,0.8341463
2018-1-10T13-49-10,1515588550699,0.80487806,-0.014634146,0.39805827,0.80487806
2018-1-10T13-49-10,1515588550700,0.80487806,-0.034146342,0.5533981,0.80487806
2018-1-10T13-49-10,1515588550701,0.82439023,-0.07317073,0.5339806,0.82439023
2018-1-10T13-49-10,1515588550702,0.85365856,-0.034146342,0.4563107,0.85365856
2018-1-10T13-49-10,1515588550703,0.9512195,-0.014634146,0.41747573,0.9512195
2018-1-10T13-49-10,1515588550704,1.0195122,0.014634146,0.47572815,1.0195122
2018-1-10T13-49-10,1515588550705,0.8926829,0.014634146,0.5339806,0.8926829
2018-1-10T13-49-10,1515588550706,0.8926829,-0.004878049,0.46601942,0.8926829
2018-1-10T13-49-10,1515588550707,0.84390247,0.004878049,0.3592233,0.84390247
2018-1-10T13-49-10,1515588550708,0.84390247,0.004878049,0.4563107,0.84390247
2018-1-10T13-49-10,1515588550709,0.8341463,-0.034146342,0.5048544,0.8341463
2018-1-10T13-49-10,1515588550710,0.80487806,-0.034146342,0.4368932,0.80487806
2018-1-10T13-49-10,1515588550711,0.82439023,0.004878049,0.37864077,0.82439023
2018-1-10T13-49-10,1515588550712,0.82439023,0.014634146,0.41747573,0.82439023
2018-1-10T13-49-10,1515588550713,0.82439023,-0.004878049,0.47572815,0.82439023
2018-1-10T13-49-10,1515588550714,0.81463414,-0.034146342,0.407767,0.81463414
2018-1-10T13-49-10,1515588550715,0.77560973,-0.053658538,0.34951457,0.77560973
2018-1-10T13-49-10,1515588550716,0.74634147,-0.014634146,0.3592233,0.74634147
2018-1-10T13-49-10,1515588550717,0.7853659,-0.06341463,0.4563107,0.7853659
2018-1-10T13-49-10,1515588550718,0.79512197,-0.07317073,0.4854369,0.79512197
2018-1-10T13-49-10,1515588550719,0.86341465,-0.043902438,0.42718446,0.86341465
2018-1-10T13-49-10,1515588550720,0.91219515,0.024390243,0.46601942,0.91219515
2018-1-10T13-49-10,1515588550721,0.9609756,-0.004878049,0.5339806,0.9609756
2018-1-10T13-49-10,1515588550722,0.9804878,0.014634146,0.5533981,0.9804878
2018-1-10T13-49-10,1515588550723,0.9609756,-0.004878049,0.47572815,0.9609756
2018-1-10T13-49-10,1515588550724,0.902439,-0.004878049,0.42718446,0.902439
2018-1-10T13-49-10,1515588550725,0.87317073,-0.024390243,0.4368932,0.87317073
2018-1-10T13-49-10,1515588550726,0.82439023,-0.06341463,0.5048544,0.82439023
2018-1-10T13-49-10,1515588550727,0.79512197,-0.11219512,0.5339806,0.79512197
2018-1-10T13-49-10,1515588550728,0.77560973,-0.15121952,0.37864077,0.77560973
2018-1-10T13-49-10,1515588550729,0.77560973,-0.07317073,0.3592233,0.77560973
2018-1-10T13-49-10,1515588550730,0.7853659,-0.07317073,0.41747573,0.7853659
2018-1-10T13-49-10,1515588550731,0.74634147,-0.043902438,0.4368932,0.74634147
2018-1-10T13-49-10,1515588550732,0.79512197,-0.014634146,0.41747573,0.79512197
2018-1-10T13-49-10,1515588550733,0.84390247,0.004878049,0.42718446,0.84390247
2018-1-10T13-49-10,1515588550734,0.80487806,0.034146342,0.42718446,0.80487806
2018-1-10T13-49-10,1515588550735,0.91219515,0.043902438,0.44660193,0.91219515
2018-1-10T13-49-10,1515588550736,0.91219515,0.024390243,0.49514562,0.91219515
2018-1-10T13-49-10,1515588550737,0.902439,0.014634146,0.47572815,0.902439
2018-1-10T13-49-10,1515588550738,0.902439,-0.004878049,0.407767,0.902439
2018-1-10T13-49-10,1515588550739,0.85365856,0.004878049,0.42718446,0.85365856
2018-1-10T13-49-10,1515588550740,0.85365856,0.004878049,0.44660193,0.85365856
2018-1-10T13-49-10,1515588550741,0.81463414,-0.004878049,0.46601942,0.81463414
2018-1-10T13-49-10,1515588550742,0.81463414,-0.014634146,0.46601942,0.81463414
2018-1-10T13-49-10,1515588550743,0.8926829,-0.004878049,0.39805827,0.8926829
2018-1-10T13-49-10,1515588550744,0.87317073,-0.004878049,0.47572815,0.87317073
2018-1-10T13-49-10,1515588550745,0.92195123,-0.024390243,0.5145631,0.92195123
2018-1-10T13-49-10,1515588550746,0.902439,-0.004878049,0.52427185,0.902439
2018-1-10T13-49-10,1515588550747,0.85365856,0.004878049,0.42718446,0.85365856
2018-1-10T13-49-10,1515588550748,0.86341465,0.004878049,0.42718446,0.86341465
2018-1-10T13-49-10,1515588550749,0.8341463,-0.10243902,0.4563107,0.8341463
2018-1-10T13-49-10,1515588550750,0.79512197,-0.053658538,0.407767,0.79512197
2018-1-10T13-49-10,1515588550751,0.77560973,-0.014634146,0.3592233,0.77560973
2018-1-10T13-49-10,1515588550752,0.74634147,-0.06341463,0.3592233,0.74634147
2018-1-10T13-49-10,1515588550753,0.76585364,-0.08292683,0.3883495,0.76585364
2018-1-10T13-49-10,1515588550754,0.75609756,-0.08292683,0.41747573,0.75609756
2018-1-10T13-49-10,1515588550755,0.81463414,-0.06341463,0.4368932,0.81463414
2018-1-10T13-49-10,1515588550756,0.86341465,-0.06341463,0.4368932,0.86341465
2018-1-10T13-49-10,1515588550757,0.86341465,-0.034146342,0.46601942,0.86341465
2018-1-10T13-49-10,1515588550758,0.85365856,-0.004878049,0.52427185,0.85365856
2018-1-10T13-49-10,1515588550759,0.9414634,-0.034146342,0.5048544,0.9414634
2018-1-10T13-49-10,1515588550760,0.91219515,0.024390243,0.4563107,0.91219515
2018-1-10T13-49-10,1515588550761,0.902439,0.004878049,0.44660193,0.902439
2018-1-10T13-49-10,1515588550762,0.8829268,-0.014634146,0.5145631,0.8829268
2018-1-10T13-49-10,1515588550763,0.86341465,-0.024390243,0.47572815,0.86341465
2018-1-10T13-49-10,1515588550764,0.8341463,0.024390243,0.36893204,0.8341463
2018-1-10T13-49-10,1515588550765,0.82439023,0.024390243,0.407767,0.82439023
2018-1-10T13-49-10,1515588550766,0.82439023,-0.004878049,0.4854369,0.82439023
2018-1-10T13-49-10,1515588550767,0.7853659,0.014634146,0.41747573,0.7853659
2018-1-10T13-49-10,1515588550768,0.79512197,0.004878049,0.407767,0.79512197
2018-1-10T13-49-10,1515588550769,0.81463414,-0.024390243,0.44660193,0.81463414
2018-1-10T13-49-10,1515588550770,0.8341463,-0.034146342,0.46601942,0.8341463
2018-1-10T13-49-10,1515588550771,0.81463414,-0.043902438,0.4563107,0.81463414
2018-1-10T13-49-10,1515588550772,0.81463414,-0.014634146,0.39805827,0.81463414
2018-1-10T13-49-10,1515588550773,0.8341463,-0.004878049,0.4368932,0.8341463
2018-1-10T13-49-10,1515588550774,0.8341463,-0.004878049,0.4368932,0.8341463
2018-1-10T13-49-10,1515588550775,0.81463414,0.004878049,0.41747573,0.81463414
2018-1-10T13-49-10,1515588550776,0.85365856,0.004878049,0.4854369,0.85365856
2018-1-10T13-49-10,1515588550777,0.8926829,-0.024390243,0.4563107,0.8926829
2018-1-10T13-49-10,1515588550778,0.85365856,-0.024390243,0.36893204,0.85365856
2018-1-10T13-49-10,1515588550779,0.82439023,-0.004878049,0.36893204,0.82439023
2018-1-10T13-49-10,1515588550780,0.77560973,-0.08292683,0.44660193,0.77560973
2018-1-10T13-49-10,1515588550781,0.7853659,-0.08292683,0.5145631,0.7853659
2018-1-10T13-49-10,1515588550782,0.82439023,-0.11219512,0.52427185,0.82439023
2018-1-10T13-49-10,1515588550783,0.902439,-0.08292683,0.49514562,0.902439
2018-1-10T13-49-10,1515588550784,0.9414634,-0.053658538,0.47572815,0.9414634
2018-1-10T13-49-10,1515588550785,0.9609756,-0.014634146,0.47572815,0.9609756
2018-1-10T13-49-10,1515588550786,0.9414634,0.014634146,0.5339806,0.9414634
2018-1-10T13-49-10,1515588550787,0.9414634,0.024390243,0.52427185,0.9414634
2018-1-10T13-49-10,1515588550788,0.92195123,0.024390243,0.46601942,0.92195123
2018-1-10T13-49-10,1515588550789,0.86341465,-0.004878049,0.47572815,0.86341465
2018-1-10T13-49-10,1515588550790,0.82439023,-0.004878049,0.39805827,0.82439023
2018-1-10T13-49-10,1515588550791,0.76585364,-0.043902438,0.37864077,0.76585364
2018-1-10T13-49-10,1515588550792,0.71707314,-0.024390243,0.34951457,0.71707314
2018-1-10T13-49-10,1515588550793,0.69756097,-0.004878049,0.3398058,0.69756097
2018-1-10T13-49-10,1515588550794,0.7365854,-0.034146342,0.3883495,0.7365854
2018-1-10T13-49-10,1515588550795,0.76585364,-0.014634146,0.407767,0.76585364
2018-1-10T13-49-10,1515588550796,0.79512197,-0.004878049,0.4368932,0.79512197
2018-1-10T13-49-10,1515588550797,0.8829268,-0.06341463,0.44660193,0.8829268
2018-1-10T13-49-10,1515588550798,0.8926829,-0.004878049,0.5339806,0.8926829
2018-1-10T13-49-10,1515588550799,0.91219515,-0.014634146,0.4854369,0.91219515
2018-1-10T13-49-10,1515588550800,0.92195123,0.004878049,0.44660193,0.92195123
2018-1-10T13-49-10,1515588550801,0.86341465,-0.004878049,0.42718446,0.86341465
2018-1-10T13-49-10,1515588550802,0.85365856,-0.004878049,0.4368932,0.85365856
2018-1-10T13-49-10,1515588550803,0.81463414,-0.034146342,0.49514562,0.81463414
2018-1-10T13-49-10,1515588550804,0.86341465,-0.053658538,0.49514562,0.86341465
2018-1-10T13-49-10,1515588550805,0.8829268,-0.053658538,0.3592233,0.8829268
2018-1-10T13-49-10,1515588550806,0.84390247,-0.043902438,0.41747573,0.84390247
2018-1-10T13-49-10,1515588550807,0.85365856,-0.12195122,0.44660193,0.85365856
2018-1-10T13-49-10,1515588550808,0.8341463,-0.06341463,0.5145631,0.8341463
2018-1-10T13-49-10,1515588550809,0.8341463,-0.06341463,0.5048544,0.8341463
2018-1-10T13-49-10,1515588550810,0.8341463,-0.043902438,0.37864077,0.8341463
2018-1-10T13-49-10,1515588550811,0.84390247,-0.034146342,0.42718446,0.84390247
2018-1-10T13-49-10,1515588550812,0.8341463,-0.053658538,0.47572815,0.8341463
2018-1-10T13-49-10,1515588550813,0.85365856,-0.08292683,0.46601942,0.85365856
2018-1-10T13-49-10,1515588550814,0.81463414,-0.043902438,0.407767,0.81463414
2018-1-10T13-49-10,1515588550815,0.84390247,-0.034146342,0.36893204,0.84390247
2018-1-10T13-49-10,1515588550816,0.79512197,-0.014634146,0.39805827,0.79512197
2018-1-10T13-49-10,1515588550817,0.7268293,-0.014634146,0.42718446,0.7268293
2018-1-10T13-49-10,1515588550818,0.82439023,0.004878049,0.44660193,0.82439023
2018-1-10T13-49-10,1515588550819,0.84390247,0.034146342,0.4368932,0.84390247
2018-1-10T13-49-10,1515588550820,0.86341465,0.024390243,0.42718446,0.86341465
2018-1-10T13-49-10,1515588550821,0.87317073,0.034146342,0.46601942,0.87317073
2018-1-10T13-49-10,1515588550822,0.902439,0.004878049,0.47572815,0.902439
2018-1-10T13-49-10,1515588550823,0.87317073,0.014634146,0.46601942,0.87317073
2018-1-10T13-49-10,1515588550824,0.85365856,-0.004878049,0.4563107,0.85365856
2018-1-10T13-49-10,1515588550825,0.87317073,-0.004878049,0.4563107,0.87317073
2018-1-10T13-49-10,1515588550826,0.84390247,-0.034146342,0.47572815,0.84390247
2018-1-10T13-49-10,1515588550827,0.84390247,0.034146342,0.42718446,0.84390247
2018-1-10T13-49-10,1515588550828,0.87317073,-0.004878049,0.44660193,0.87317073
2018-1-10T13-49-10,1515588550829,0.8926829,-0.043902438,0.4854369,0.8926829
2018-1-10T13-49-10,1515588550830,0.86341465,-0.06341463,0.39805827,0.86341465
2018-1-10T13-49-10,1515588550831,0.85365856,-0.024390243,0.41747573,0.85365856
2018-1-10T13-49-10,1515588550832,0.85365856,-0.034146342,0.52427185,0.85365856
2018-1-10T13-49-10,1515588550833,0.71707314,-0.043902438,0.3883495,0.71707314
2018-1-10T13-49-10,1515588550834,0.75609756,-0.024390243,0.3883495,0.75609756
2018-1-10T13-49-10,1515588550835,0.79512197,-0.053658538,0.47572815,0.79512197
2018-1-10T13-49-10,1515588550836,0.7853659,-0.07317073,0.4563107,0.7853659
2018-1-10T13-49-10,1515588550837,0.82439023,-0.043902438,0.42718446,0.82439023
2018-1-10T13-49-10,1515588550838,0.85365856,-0.043902438,0.42718446,0.85365856
2018-1-10T13-49-10,1515588550839,0.87317073,-0.07317073,0.4563107,0.87317073
2018-1-10T13-49-10,1515588550840,0.84390247,-0.053658538,0.4563107,0.84390247
2018-1-10T13-49-10,1515588550841,0.85365856,-0.014634146,0.4368932,0.85365856
2018-1-10T13-49-10,1515588550842,0.87317073,-0.08292683,0.5048544,0.87317073
2018-1-10T13-49-10,1515588550843,0.902439,-0.043902438,0.52427185,0.902439
2018-1-10T13-49-10,1515588550844,0.902439,-0.024390243,0.4854369,0.902439
2018-1-10T13-49-10,1515588550845,0.9317073,0.014634146,0.4368932,0.9317073
2018-1-10T13-49-10,1515588550846,0.92195123,0.024390243,0.4854369,0.92195123
2018-1-10T13-49-10,1515588550847,0.8926829,0.014634146,0.46601942,0.8926829
2018-1-10T13-49-10,1515588550848,0.81463414,0.024390243,0.3883495,0.81463414
2018-1-10T13-49-10,1515588550849,0.76585364,0.014634146,0.37864077,0.76585364
2018-1-10T13-49-10,1515588550850,0.7853659,-0.004878049,0.4368932,0.7853659
2018-1-10T13-49-10,1515588550851,0.6878049,-0.034146342,0.4368932,0.6878049
2018-1-10T13-49-10,1515588550852,0.76585364,-0.034146342,0.3883495,0.76585364
2018-1-10T13-49-10,1515588550853,0.77560973,-0.053658538,0.42718446,0.77560973
2018-1-10T13-49-10,1515588550854,0.82439023,-0.043902438,0.42718446,0.82439023
2018-1-10T13-49-10,1515588550855,0.84390247,-0.004878049,0.34951457,0.84390247
2018-1-10T13-49-10,1515588550856,0.86341465,-0.014634146,0.46601942,0.86341465
2018-1-10T13-49-10,1515588550857,0.8829268,-0.004878049,0.47572815,0.8829268
2018-1-10T13-49-10,1515588550858,0.85365856,-0.004878049,0.42718446,0.85365856
2018-1-10T13-49-10,1515588550859,0.85365856,0.004878049,0.41747573,0.85365856
2018-1-10T13-49-10,1515588550860,0.8829268,-0.024390243,0.5145631,0.8829268
2018-1-10T13-49-10,1515588550861,0.8829268,-0.07317073,0.52427185,0.8829268
2018-1-10T13-49-10,1515588550862,0.87317073,-0.10243902,0.41747573,0.87317073
2018-1-10T13-49-10,1515588550863,0.85365856,-0.06341463,0.39805827,0.85365856
2018-1-10T13-49-10,1515588550864,0.84390247,-0.034146342,0.47572815,0.84390247
2018-1-10T13-49-10,1515588550865,0.82439023,-0.053658538,0.5145631,0.82439023
2018-1-10T13-49-10,1515588550866,0.82439023,0.043902438,0.4854369,0.82439023
2018-1-10T13-49-10,1515588550867,0.87317073,-0.004878049,0.4563107,0.87317073
2018-1-10T13-49-10,1515588550868,0.8829268,-0.053658538,0.47572815,0.8829268
2018-1-10T13-49-10,1515588550869,0.902439,-0.024390243,0.46601942,0.902439
2018-1-10T13-49-10,1515588550870,0.86341465,-0.014634146,0.42718446,0.86341465
2018-1-10T13-49-10,1515588550871,0.82439023,-0.014634146,0.4368932,0.82439023
2018-1-10T13-49-10,1515588550872,0.82439023,-0.034146342,0.4368932,0.82439023
2018-1-10T13-49-10,1515588550873,0.76585364,-0.024390243,0.41747573,0.76585364
2018-1-10T13-49-10,1515588550874,0.77560973,-0.043902438,0.41747573,0.77560973
2018-1-10T13-49-10,1515588550875,0.81463414,-0.014634146,0.3883495,0.81463414
2018-1-10T13-49-10,1515588550876,0.7853659,-0.004878049,0.3883495,0.7853659
2018-1-10T13-49-10,1515588550877,0.80487806,-0.024390243,0.3592233,0.80487806
2018-1-10T13-49-10,1515588550878,0.82439023,0.024390243,0.4563107,0.82439023
2018-1-10T13-49-10,1515588550879,0.84390247,-0.004878049,0.52427185,0.84390247
2018-1-10T13-49-10,1515588550880,0.902439,0.004878049,0.47572815,0.902439
2018-1-10T13-49-10,1515588550881,0.91219515,0.024390243,0.44660193,0.91219515
2018-1-10T13-49-10,1515588550882,0.92195123,0.024390243,0.46601942,0.92195123
2018-1-10T13-49-10,1515588550883,0.902439,0.004878049,0.46601942,0.902439
2018-1-10T13-49-10,1515588550884,0.92195123,-0.004878049,0.41747573,0.92195123
2018-1-10T13-49-10,1515588550885,0.8341463,-0.024390243,0.36893204,0.8341463
2018-1-10T13-49-10,1515588550886,0.82439023,-0.06341463,0.4854369,0.82439023
2018-1-10T13-49-10,1515588550887,0.85365856,-0.09268293,0.46601942,0.85365856
2018-1-10T13-49-10,1515588550888,0.84390247,-0.08292683,0.41747573,0.84390247
2018-1-10T13-49-10,1515588550889,0.8341463,-0.053658538,0.44660193,0.8341463
2018-1-10T13-49-10,1515588550890,0.86341465,-0.034146342,0.4854369,0.86341465
2018-1-10T13-49-10,1515588550891,0.82439023,-0.024390243,0.46601942,0.82439023
2018-1-10T13-49-10,1515588550892,0.87317073,-0.004878049,0.42718446,0.87317073
2018-1-10T13-49-10,1515588550893,0.85365856,-0.014634146,0.42718446,0.85365856
2018-1-10T13-49-10,1515588550894,0.8341463,-0.004878049,0.4563107,0.8341463
2018-1-10T13-49-10,1515588550895,0.84390247,-0.034146342,0.5048544,0.84390247
2018-1-10T13-49-10,1515588550896,0.82439023,-0.053658538,0.41747573,0.82439023
2018-1-10T13-49-10,1515588550897,0.81463414,-0.034146342,0.3398058,0.81463414
2018-1-10T13-49-10,1515588550898,0.82439023,-0.024390243,0.407767,0.82439023
2018-1-10T13-49-10,1515588550899,0.81463414,-0.024390243,0.4854369,0.81463414
2018-1-10T13-49-10,1515588550900,0.81463414,-0.024390243,0.4563107,0.81463414
2018-1-10T13-49-10,1515588550901,0.84390247,-0.014634146,0.42718446,0.84390247
2018-1-10T13-49-10,1515588550902,0.87317073,-0.004878049,0.4368932,0.87317073
2018-1-10T13-49-10,1515588550903,0.84390247,-0.004878049,0.4563107,0.84390247
2018-1-10T13-49-10,1515588550904,0.87317073,-0.014634146,0.4854369,0.87317073
2018-1-10T13-49-10,1515588550905,0.902439,-0.014634146,0.5048544,0.902439
2018-1-10T13-49-10,1515588550906,0.84390247,-0.034146342,0.46601942,0.84390247
2018-1-10T13-49-10,1515588550907,0.84390247,-0.034146342,0.3592233,0.84390247
2018-1-10T13-49-10,1515588550908,0.80487806,-0.004878049,0.39805827,0.80487806
2018-1-10T13-49-10,1515588550909,0.79512197,-0.024390243,0.4854369,0.79512197
2018-1-10T13-49-10,1515588550910,0.8341463,-0.024390243,0.4854369,0.8341463
2018-1-10T13-49-10,1515588550911,0.86341465,-0.024390243,0.39805827,0.86341465
2018-1-10T13-49-10,1515588550912,0.9317073,0.014634146,0.34951457,0.9317073
2018-1-10T13-49-10,1515588550913,0.8341463,0.024390243,0.44660193,0.8341463
2018-1-10T13-49-10,1515588550914,0.86341465,0.014634146,0.52427185,0.86341465
2018-1-10T13-49-10,1515588550915,0.8829268,-0.014634146,0.5145631,0.8829268
2018-1-10T13-49-10,1515588550916,0.87317073,0.004878049,0.39805827,0.87317073
2018-1-10T13-49-10,1515588550917,0.81463414,0.004878049,0.41747573,0.81463414
2018-1-10T13-49-10,1515588550918,0.85365856,-0.024390243,0.5048544,0.85365856
2018-1-10T13-49-10,1515588550919,0.86341465,-0.034146342,0.5145631,0.86341465
2018-1-10T13-49-10,1515588550920,0.86341465,-0.024390243,0.4368932,0.86341465
2018-1-10T13-49-10,1515588550921,0.84390247,0.014634146,0.37864077,0.84390247
2018-1-10T13-49-10,1515588550922,0.84390247,-0.043902438,0.41747573,0.84390247
2018-1-10T13-49-10,1515588550923,0.81463414,-0.043902438,0.5145631,0.81463414
2018-1-10T13-49-10,1515588550924,0.82439023,0.024390243,0.46601942,0.82439023
2018-1-10T13-49-10,1515588550925,0.77560973,-0.053658538,0.34951457,0.77560973
2018-1-10T13-49-10,1515588550926,0.7853659,-0.053658538,0.37864077,0.7853659
2018-1-10T13-49-10,1515588550927,0.79512197,-0.08292683,0.44660193,0.79512197
2018-1-10T13-49-10,1515588550928,0.77560973,-0.08292683,0.44660193,0.77560973
2018-1-10T13-49-10,1515588550929,0.82439023,-0.024390243,0.4368932,0.82439023
2018-1-10T13-49-10,1515588550930,0.8829268,-0.024390243,0.4563107,0.8829268
2018-1-10T13-49-10,1515588550931,0.902439,0.024390243,0.5048544,0.902439
2018-1-10T13-49-10,1515588550932,0.9317073,0.004878049,0.47572815,0.9317073
2018-1-10T13-49-10,1515588550933,0.9609756,0.014634146,0.46601942,0.9609756
2018-1-10T13-49-10,1515588550934,0.9317073,0.014634146,0.49514562,0.9317073
2018-1-10T13-49-10,1515588550935,0.8926829,-0.014634146,0.4563107,0.8926829
2018-1-10T13-49-10,1515588550936,0.84390247,0.004878049,0.41747573,0.84390247
2018-1-10T13-49-10,1515588550937,0.81463414,-0.043902438,0.3592233,0.81463414
2018-1-10T13-49-10,1515588550938,0.76585364,-0.014634146,0.44660193,0.76585364
2018-1-10T13-49-10,1515588550939,0.81463414,-0.014634146,0.4854369,0.81463414
2018-1-10T13-49-10,1515588550940,0.86341465,-0.014634146,0.4563107,0.86341465
2018-1-10T13-49-10,1515588550941,0.84390247,0.014634146,0.4854369,0.84390247
2018-1-10T13-49-10,1515588550942,1.0390244,0.014634146,0.44660193,1.0390244
2018-1-10T13-49-10,1515588550943,0.8926829,-0.004878049,0.42718446,0.8926829
2018-1-10T13-49-10,1515588550944,0.81463414,-0.004878049,0.41747573,0.81463414
2018-1-10T13-49-10,1515588550945,0.79512197,-0.014634146,0.4368932,0.79512197
2018-1-10T13-49-10,1515588550946,0.7268293,-0.043902438,0.41747573,0.7268293
2018-1-10T13-49-10,1515588550947,0.7268293,-0.07317073,0.41747573,0.7268293
2018-1-10T13-49-10,1515588550948,0.75609756,-0.043902438,0.407767,0.75609756
2018-1-10T13-49-10,1515588550949,0.79512197,-0.043902438,0.407767,0.79512197
2018-1-10T13-49-10,1515588550950,0.84390247,-0.043902438,0.44660193,0.84390247
2018-1-10T13-49-10,1515588550951,0.87317073,-0.043902438,0.5048544,0.87317073
2018-1-10T13-49-10,1515588550952,0.8829268,-0.034146342,0.5048544,0.8829268
2018-1-10T13-49-10,1515588550953,0.9609756,-0.07317073,0.46601942,0.9609756
2018-1-10T13-49-10,1515588550954,0.902439,-0.004878049,0.4563107,0.902439
2018-1-10T13-49-10,1515588550955,0.8829268,-0.014634146,0.4854369,0.8829268
2018-1-10T13-49-10,1515588550956,0.8829268,-0.024390243,0.5048544,0.8829268
2018-1-10T13-49-10,1515588550957,0.8829268,-0.004878049,0.46601942,0.8829268
2018-1-10T13-49-10,1515588550958,0.902439,-0.014634146,0.42718446,0.902439
2018-1-10T13-49-10,1515588550959,0.8829268,0.014634146,0.4368932,0.8829268
2018-1-10T13-49-10,1515588550960,0.86341465,0.004878049,0.44660193,0.86341465
2018-1-10T13-49-10,1515588550961,0.81463414,0.004878049,0.4563107,0.81463414
2018-1-10T13-49-10,1515588550962,0.81463414,-0.004878049,0.44660193,0.81463414
2018-1-10T13-49-10,1515588550963,0.81463414,-0.034146342,0.39805827,0.81463414
2018-1-10T13-49-10,1515588550964,0.7853659,-0.034146342,0.41747573,0.7853659
2018-1-10T13-49-10,1515588550965,0.79512197,-0.053658538,0.47572815,0.79512197
2018-1-10T13-49-10,1515588550966,0.80487806,-0.043902438,0.52427185,0.80487806
2018-1-10T13-49-10,1515588550967,0.80487806,-0.08292683,0.41747573,0.80487806
2018-1-10T13-49-10,1515588550968,0.84390247,-0.024390243,0.34951457,0.84390247
2018-1-10T13-49-10,1515588550969,0.81463414,-0.014634146,0.407767,0.81463414
2018-1-10T13-49-10,1515588550970,0.8829268,0.004878049,0.44660193,0.8829268
2018-1-10T13-49-10,1515588550971,0.84390247,0.024390243,0.36893204,0.84390247
2018-1-10T13-49-10,1515588550972,0.8341463,0.053658538,0.42718446,0.8341463
2018-1-10T13-49-10,1515588550973,0.91219515,0.024390243,0.5145631,0.91219515
2018-1-10T13-49-10,1515588550974,0.91219515,-0.014634146,0.4563107,0.91219515
2018-1-10T13-49-10,1515588550975,0.86341465,0.004878049,0.39805827,0.86341465
2018-1-10T13-49-10,1515588550976,0.87317073,-0.014634146,0.4563107,0.87317073
2018-1-10T13-49-10,1515588550977,0.86341465,-0.043902438,0.52427185,0.86341465
2018-1-10T13-49-10,1515588550978,0.86341465,-0.043902438,0.5533981,0.86341465
2018-1-10T13-49-10,1515588550979,0.85365856,-0.08292683,0.49514562,0.85365856
2018-1-10T13-49-10,1515588550980,0.86341465,-0.014634146,0.39805827,0.86341465
2018-1-10T13-49-10,1515588550981,0.86341465,-0.06341463,0.39805827,0.86341465
2018-1-10T13-49-10,1515588550982,0.81463414,-0.09268293,0.46601942,0.81463414
2018-1-10T13-49-10,1515588550983,0.79512197,-0.08292683,0.5145631,0.79512197
2018-1-10T13-49-10,1515588550984,0.8341463,-0.07317073,0.5048544,0.8341463
2018-1-10T13-49-10,1515588550985,0.87317073,-0.034146342,0.42718446,0.87317073
2018-1-10T13-49-10,1515588550986,0.86341465,0.004878049,0.39805827,0.86341465
2018-1-10T13-49-10,1515588550987,0.82439023,0.014634146,0.36893204,0.82439023
2018-1-10T13-49-10,1515588550988,0.80487806,0.024390243,0.39805827,0.80487806
2018-1-10T13-49-10,1515588550989,0.74634147,0.004878049,0.37864077,0.74634147
2018-1-10T13-49-10,1515588550990,0.7268293,0.004878049,0.34951457,0.7268293
2018-1-10T13-49-10,1515588550991,0.7853659,0.014634146,0.42718446,0.7853659
2018-1-10T13-49-10,1515588550992,0.82439023,0.08292683,0.4854369,0.82439023
2018-1-10T13-49-10,1515588550993,0.8926829,0.034146342,0.4368932,0.8926829
2018-1-10T13-49-10,1515588550994,0.8926829,0.034146342,0.44660193,0.8926829
2018-1-10T13-49-10,1515588550995,0.9609756,0.08292683,0.5145631,0.9609756
2018-1-10T13-49-10,1515588550996,0.9512195,0.004878049,0.49514562,0.9512195
2018-1-10T13-49-10,1515588550997,0.9317073,-0.024390243,0.5048544,0.9317073
2018-1-10T13-49-10,1515588550998,0.8829268,-0.034146342,0.4563107,0.8829268
2018-1-10T13-49-10,1515588550999,0.82439023,-0.06341463,0.49514562,0.82439023
2018-1-10T13-49-11,1515588551000,0.81463414,-0.06341463,0.49514562,0.81463414
2018-1-10T13-49-11,1515588551001,0.82439023,-0.10243902,0.4563107,0.82439023
2018-1-10T13-49-11,1515588551002,0.81463414,-0.053658538,0.39805827,0.81463414
2018-1-10T13-49-11,1515588551003,0.85365856,-0.043902438,0.42718446,0.85365856
2018-1-10T13-49-11,1515588551004,0.84390247,-0.024390243,0.46601942,0.84390247
2018-1-10T13-49-11,1515588551005,0.80487806,-0.014634146,0.407767,0.80487806
2018-1-10T13-49-11,1515588551006,0.80487806,-0.024390243,0.41747573,0.80487806
2018-1-10T13-49-11,1515588551007,0.80487806,-0.043902438,0.4368932,0.80487806
2018-1-10T13-49-11,1515588551008,0.82439023,-0.12195122,0.44660193,0.82439023
2018-1-10T13-49-11,1515588551009,0.82439023,-0.043902438,0.407767,0.82439023
2018-1-10T13-49-11,1515588551010,0.8341463,-0.024390243,0.4368932,0.8341463
2018-1-10T13-49-11,1515588551011,0.84390247,-0.034146342,0.4368932,0.84390247
2018-1-10T13-49-11,1515588551012,0.8341463,-0.004878049,0.407767,0.8341463
2018-1-10T13-49-11,1515588551013,0.8341463,-0.004878049,0.3883495,0.8341463
2018-1-10T13-49-11,1515588551014,0.84390247,0.014634146,0.41747573,0.84390247
2018-1-10T13-49-11,1515588551015,0.84390247,-0.034146342,0.49514562,0.84390247
2018-1-10T13-49-11,1515588551016,0.902439,-0.034146342,0.5436893,0.902439
2018-1-10T13-49-11,1515588551017,0.9317073,-0.034146342,0.5436893,0.9317073
2018-1-10T13-49-11,1515588551018,0.92195123,-0.034146342,0.4563107,0.92195123
2018-1-10T13-49-11,1515588551019,0.91219515,-0.024390243,0.42718446,0.91219515
2018-1-10T13-49-11,1515588551020,0.87317073,0.004878049,0.5048544,0.87317073
2018-1-10T13-49-11,1515588551021,0.8341463,-0.014634146,0.5145631,0.8341463
2018-1-10T13-49-11,1515588551022,0.81463414,-0.043902438,0.407767,0.81463414
2018-1-10T13-49-11,1515588551023,0.79512197,0.004878049,0.42718446,0.79512197
2018-1-10T13-49-11,1515588551024,0.80487806,-0.014634146,0.41747573,0.80487806
2018-1-10T13-49-11,1515588551025,0.80487806,-0.014634146,0.36893204,0.80487806
2018-1-10T13-49-11,1515588551026,0.81463414,-0.014634146,0.42718446,0.81463414
2018-1-10T13-49-11,1515588551027,0.82439023,-0.024390243,0.4368932,0.82439023
2018-1-10T13-49-11,1515588551028,0.8341463,-0.004878049,0.4368932,0.8341463
2018-1-10T13-49-11,1515588551029,0.8341463,-0.014634146,0.42718446,0.8341463
2018-1-10T13-49-11,1515588551030,0.84390247,-0.024390243,0.4563107,0.84390247
2018-1-10T13-49-11,1515588551031,0.8341463,-0.024390243,0.407767,0.8341463
2018-1-10T13-49-11,1515588551032,0.80487806,-0.024390243,0.407767,0.80487806
2018-1-10T13-49-11,1515588551033,0.81463414,-0.034146342,0.4563107,0.81463414
2018-1-10T13-49-11,1515588551034,0.85365856,-0.053658538,0.47572815,0.85365856
2018-1-10T13-49-11,1515588551035,0.85365856,-0.043902438,0.46601942,0.85365856
2018-1-10T13-49-11,1515588551036,0.84390247,-0.014634146,0.41747573,0.84390247
2018-1-10T13-49-11,1515588551037,0.8926829,-0.014634146,0.42718446,0.8926829
2018-1-10T13-49-11,1515588551038,0.902439,0.004878049,0.47572815,0.902439
2018-1-10T13-49-11,1515588551039,0.8829268,-0.024390243,0.4854369,0.8829268
2018-1-10T13-49-11,1515588551040,0.8829268,-0.014634146,0.4854369,0.8829268
2018-1-10T13-49-11,1515588551041,0.902439,-0.043902438,0.4563107,0.902439
2018-1-10T13-49-11,1515588551042,0.81463414,-0.014634146,0.4563107,0.81463414
2018-1-10T13-49-11,1515588551043,0.8341463,-0.024390243,0.46601942,0.8341463
2018-1-10T13-49-11,1515588551044,0.82439023,-0.014634146,0.4368932,0.82439023
2018-1-10T13-49-11,1515588551045,0.82439023,-0.014634146,0.39805827,0.82439023
2018-1-10T13-49-11,1515588551046,0.80487806,0.004878049,0.37864077,0.80487806
2018-1-10T13-49-11,1515588551047,0.8341463,-0.004878049,0.3883495,0.8341463
2018-1-10T13-49-11,1515588551048,0.84390247,-0.014634146,0.4368932,0.84390247
2018-1-10T13-49-11,1515588551049,0.77560973,-0.08292683,0.3883495,0.77560973
2018-1-10T13-49-11,1515588551050,0.80487806,-0.014634146,0.41747573,0.80487806
2018-1-10T13-49-11,1515588551051,0.84390247,-0.014634146,0.46601942,0.84390247
2018-1-10T13-49-11,1515588551052,0.85365856,-0.09268293,0.46601942,0.85365856
2018-1-10T13-49-11,1515588551053,0.902439,-0.004878049,0.4563107,0.902439
2018-1-10T13-49-11,1515588551054,0.92195123,-0.004878049,0.4563107,0.92195123
2018-1-10T13-49-11,1515588551055,0.85365856,-0.024390243,0.4368932,0.85365856
2018-1-10T13-49-11,1515588551056,0.85365856,-0.024390243,0.44660193,0.85365856
2018-1-10T13-49-11,1515588551057,0.8341463,-0.053658538,0.4854369,0.8341463
2018-1-10T13-49-11,1515588551058,0.84390247,-0.06341463,0.46601942,0.84390247
2018-1-10T13-49-11,1515588551059,0.8341463,-0.12195122,0.407767,0.8341463
2018-1-10T13-49-11,1515588551060,0.8341463,-0.08292683,0.42718446,0.8341463
2018-1-10T13-49-11,1515588551061,0.76585364,-0.053658538,0.41747573,0.76585364
2018-1-10T13-49-11,1515588551062,0.79512197,-0.06341463,0.42718446,0.79512197
2018-1-10T13-49-11,1515588551063,0.82439023,-0.043902438,0.44660193,0.82439023
2018-1-10T13-49-11,1515588551064,0.85365856,-0.053658538,0.52427185,0.85365856
2018-1-10T13-49-11,1515588551065,0.86341465,-0.024390243,0.42718446,0.86341465
2018-1-10T13-49-11,1515588551066,0.87317073,-0.024390243,0.46601942,0.87317073
2018-1-10T13-49-11,1515588551067,0.91219515,0.014634146,0.47572815,0.91219515
2018-1-10T13-49-11,1515588551068,0.87317073,-0.004878049,0.46601942,0.87317073
2018-1-10T13-49-11,1515588551069,0.902439,0.024390243,0.41747573,0.902439
2018-1-10T13-49-11,1515588551070,0.8926829,0.043902438,0.4854369,0.8926829
2018-1-10T13-49-11,1515588551071,0.86341465,0.014634146,0.46601942,0.86341465
2018-1-10T13-49-11,1515588551072,0.81463414,0.024390243,0.3592233,0.81463414
2018-1-10T13-49-11,1515588551073,0.81463414,0.034146342,0.39805827,0.81463414
2018-1-10T13-49-11,1515588551074,0.8341463,-0.004878049,0.46601942,0.8341463
2018-1-10T13-49-11,1515588551075,0.82439023,-0.024390243,0.49514562,0.82439023
2018-1-10T13-49-11,1515588551076,0.85365856,-0.06341463,0.46601942,0.85365856
2018-1-10T13-49-11,1515588551077,0.87317073,-0.034146342,0.44660193,0.87317073
2018-1-10T13-49-11,1515588551078,0.8341463,-0.024390243,0.42718446,0.8341463
2018-1-10T13-49-11,1515588551079,0.81463414,-0.004878049,0.42718446,0.81463414
2018-1-10T13-49-11,1515588551080,0.81463414,-0.024390243,0.4563107,0.81463414
2018-1-10T13-49-11,1515588551081,0.7853659,-0.053658538,0.42718446,0.7853659
2018-1-10T13-49-11,1515588551082,0.75609756,-0.043902438,0.37864077,0.75609756
2018-1-10T13-49-11,1515588551083,0.80487806,-0.06341463,0.4368932,0.80487806
2018-1-10T13-49-11,1515588551084,0.81463414,-0.07317073,0.42718446,0.81463414
2018-1-10T13-49-11,1515588551085,0.80487806,-0.10243902,0.44660193,0.80487806
2018-1-10T13-49-11,1515588551086,0.87317073,-0.043902438,0.47572815,0.87317073
2018-1-10T13-49-11,1515588551087,0.92195123,-0.043902438,0.52427185,0.92195123
2018-1-10T13-49-11,1515588551088,0.9317073,-0.043902438,0.5048544,0.9317073
2018-1-10T13-49-11,1515588551089,0.9414634,-0.004878049,0.4854369,0.9414634
2018-1-10T13-49-11,1515588551090,0.9317073,-0.024390243,0.5145631,0.9317073
2018-1-10T13-49-11,1515588551091,0.8926829,-0.053658538,0.4854369,0.8926829
2018-1-10T13-49-11,1515588551092,0.85365856,-0.034146342,0.46601942,0.85365856
2018-1-10T13-49-11,1515588551093,0.84390247,-0.014634146,0.4368932,0.84390247
2018-1-10T13-49-11,1515588551094,0.85365856,-0.024390243,0.41747573,0.85365856
2018-1-10T13-49-11,1515588551095,0.7853659,-0.024390243,0.44660193,0.7853659
2018-1-10T13-49-11,1515588551096,0.84390247,-0.014634146,0.4854369,0.84390247
2018-1-10T13-49-11,1515588551097,0.81463414,-0.004878049,0.42718446,0.81463414
2018-1-10T13-49-11,1515588551098,0.8341463,0.014634146,0.4368932,0.8341463
2018-1-10T13-49-11,1515588551099,0.84390247,0.004878049,0.407767,0.84390247
2018-1-10T13-49-11,1515588551100,0.8341463,0.014634146,0.44660193,0.8341463
2018-1-10T13-49-11,1515588551101,0.84390247,-0.004878049,0.44660193,0.84390247
2018-1-10T13-49-11,1515588551102,0.80487806,-0.024390243,0.39805827,0.80487806
2018-1-10T13-49-11,1515588551103,0.8341463,-0.014634146,0.34951457,0.8341463
2018-1-10T13-49-11,1515588551104,0.7268293,-0.08292683,0.3883495,0.7268293
2018-1-10T13-49-11,1515588551105,0.7268293,-0.07317073,0.39805827,0.7268293
2018-1-10T13-49-11,1515588551106,0.81463414,-0.034146342,0.4368932,0.81463414
2018-1-10T13-49-11,1515588551107,0.82439023,-0.034146342,0.41747573,0.82439023
2018-1-10T13-49-11,1515588551108,0.8926829,-0.024390243,0.42718446,0.8926829
2018-1-10T13-49-11,1515588551109,0.92195123,-0.004878049,0.5048544,0.92195123
2018-1-10T13-49-11,1515588551110,0.97073174,0.004878049,0.47572815,0.97073174
2018-1-10T13-49-11,1515588551111,0.9414634,0.014634146,0.44660193,0.9414634
2018-1-10T13-49-11,1515588551112,0.8829268,0.004878049,0.5048544,0.8829268
2018-1-10T13-49-11,1515588551113,0.86341465,-0.004878049,0.5145631,0.86341465
2018-1-10T13-49-11,1515588551114,0.8829268,-0.024390243,0.52427185,0.8829268
2018-1-10T13-49-11,1515588551115,0.87317073,-0.034146342,0.44660193,0.87317073
2018-1-10T13-49-11,1515588551116,0.87317073,-0.024390243,0.407767,0.87317073
2018-1-10T13-49-11,1515588551117,0.8341463,-0.053658538,0.44660193,0.8341463
2018-1-10T13-49-11,1515588551118,0.79512197,-0.043902438,0.4563107,0.79512197
2018-1-10T13-49-11,1515588551119,0.81463414,-0.043902438,0.4563107,0.81463414
2018-1-10T13-49-11,1515588551120,0.80487806,-0.043902438,0.42718446,0.80487806
2018-1-10T13-49-11,1515588551121,0.82439023,-0.06341463,0.41747573,0.82439023
2018-1-10T13-49-11,1515588551122,0.7853659,-0.043902438,0.41747573,0.7853659
2018-1-10T13-49-11,1515588551123,0.82439023,-0.034146342,0.5048544,0.82439023
2018-1-10T13-49-11,1515588551124,0.8341463,-0.043902438,0.49514562,0.8341463
2018-1-10T13-49-11,1515588551125,0.85365856,0.06341463,0.44660193,0.85365856
2018-1-10T13-49-11,1515588551126,0.86341465,0.004878049,0.36893204,0.86341465
2018-1-10T13-49-11,1515588551127,0.81463414,0.024390243,0.4368932,0.81463414
2018-1-10T13-49-11,1515588551128,0.82439023,0.014634146,0.4563107,0.82439023
2018-1-10T13-49-11,1515588551129,0.81463414,-0.024390243,0.42718446,0.81463414
2018-1-10T13-49-11,1515588551130,0.80487806,-0.034146342,0.407767,0.80487806
2018-1-10T13-49-11,1515588551131,0.8341463,-0.034146342,0.41747573,0.8341463
2018-1-10T13-49-11,1515588551132,0.8829268,-0.053658538,0.5436893,0.8829268
2018-1-10T13-49-11,1515588551133,0.92195123,-0.08292683,0.52427185,0.92195123
2018-1-10T13-49-11,1515588551134,0.8829268,-0.004878049,0.42718446,0.8829268
2018-1-10T13-49-11,1515588551135,0.902439,0.014634146,0.3883495,0.902439
2018-1-10T13-49-11,1515588551136,0.84390247,-0.024390243,0.47572815,0.84390247
2018-1-10T13-49-11,1515588551137,0.8341463,-0.004878049,0.4854369,0.8341463
2018-1-10T13-49-11,1515588551138,0.80487806,-0.004878049,0.44660193,0.80487806
2018-1-10T13-49-11,1515588551139,0.82439023,-0.043902438,0.42718446,0.82439023
2018-1-10T13-49-11,1515588551140,0.80487806,-0.034146342,0.4368932,0.80487806
2018-1-10T13-49-11,1515588551141,0.81463414,-0.043902438,0.4368932,0.81463414
2018-1-10T13-49-11,1515588551142,0.81463414,0.004878049,0.42718446,0.81463414
2018-1-10T13-49-11,1515588551143,0.7853659,-0.043902438,0.42718446,0.7853659
2018-1-10T13-49-11,1515588551144,0.81463414,-0.004878049,0.42718446,0.81463414
2018-1-10T13-49-11,1515588551145,0.81463414,-0.014634146,0.46601942,0.81463414
2018-1-10T13-49-11,1515588551146,0.82439023,-0.004878049,0.4854369,0.82439023
2018-1-10T13-49-11,1515588551147,0.8926829,-0.014634146,0.52427185,0.8926829
2018-1-10T13-49-11,1515588551148,0.9317073,0.004878049,0.47572815,0.9317073
2018-1-10T13-49-11,1515588551149,0.9317073,0.043902438,0.4368932,0.9317073
2018-1-10T13-49-11,1515588551150,0.9317073,0.043902438,0.47572815,0.9317073
2018-1-10T13-49-11,1515588551151,0.8829268,0.004878049,0.5145631,0.8829268
2018-1-10T13-49-11,1515588551152,0.86341465,-0.014634146,0.4368932,0.86341465
2018-1-10T13-49-11,1515588551153,0.77560973,-0.024390243,0.3883495,0.77560973
2018-1-10T13-49-11,1515588551154,0.81463414,-0.043902438,0.39805827,0.81463414
2018-1-10T13-49-11,1515588551155,0.75609756,-0.07317073,0.4368932,0.75609756
2018-1-10T13-49-11,1515588551156,0.76585364,-0.07317073,0.4563107,0.76585364
2018-1-10T13-49-11,1515588551157,0.82439023,-0.07317073,0.4368932,0.82439023
2018-1-10T13-49-11,1515588551158,0.81463414,-0.08292683,0.41747573,0.81463414
2018-1-10T13-49-11,1515588551159,0.8341463,-0.08292683,0.44660193,0.8341463
2018-1-10T13-49-11,1515588551160,0.82439023,-0.06341463,0.46601942,0.82439023
2018-1-10T13-49-11,1515588551161,0.8341463,-0.053658538,0.4368932,0.8341463
2018-1-10T13-49-11,1515588551162,0.8341463,-0.014634146,0.41747573,0.8341463
2018-1-10T13-49-11,1515588551163,0.8341463,-0.024390243,0.41747573,0.8341463
2018-1-10T13-49-11,1515588551164,0.85365856,-0.043902438,0.44660193,0.85365856
2018-1-10T13-49-11,1515588551165,0.84390247,-0.024390243,0.47572815,0.84390247
2018-1-10T13-49-11,1515588551166,0.8926829,0.004878049,0.49514562,0.8926829
2018-1-10T13-49-11,1515588551167,0.91219515,-0.014634146,0.49514562,0.91219515
2018-1-10T13-49-11,1515588551168,0.8926829,-0.004878049,0.3883495,0.8926829
2018-1-10T13-49-11,1515588551169,0.8926829,0.014634146,0.3883495,0.8926829
2018-1-10T13-49-11,1515588551170,0.86341465,0.014634146,0.4854369,0.86341465
2018-1-10T13-49-11,1515588551171,0.87317073,0.024390243,0.44660193,0.87317073
2018-1-10T13-49-11,1515588551172,0.8341463,-0.004878049,0.4368932,0.8341463
2018-1-10T13-49-11,1515588551173,0.81463414,-0.014634146,0.407767,0.81463414
2018-1-10T13-49-11,1515588551174,0.82439023,-0.024390243,0.4368932,0.82439023
2018-1-10T13-49-11,1515588551175,0.8341463,-0.043902438,0.4563107,0.8341463
2018-1-10T13-49-11,1515588551176,0.81463414,-0.043902438,0.4368932,0.81463414
2018-1-10T13-49-11,1515588551177,0.82439023,-0.024390243,0.36893204,0.82439023
2018-1-10T13-49-11,1515588551178,0.92195123,0.004878049,0.4368932,0.92195123
2018-1-10T13-49-11,1515588551179,0.8341463,-0.004878049,0.49514562,0.8341463
2018-1-10T13-49-11,1515588551180,0.76585364,-0.053658538,0.41747573,0.76585364
2018-1-10T13-49-11,1515588551181,0.8341463,-0.004878049,0.41747573,0.8341463
2018-1-10T13-49-11,1515588551182,0.86341465,-0.004878049,0.44660193,0.86341465
2018-1-10T13-49-11,1515588551183,0.8341463,-0.034146342,0.44660193,0.8341463
2018-1-10T13-49-11,1515588551184,0.84390247,-0.024390243,0.41747573,0.84390247
2018-1-10T13-49-11,1515588551185,0.84390247,-0.034146342,0.4368932,0.84390247
2018-1-10T13-49-11,1515588551186,0.79512197,-0.06341463,0.4368932,0.79512197
2018-1-10T13-49-11,1515588551187,0.81463414,-0.024390243,0.39805827,0.81463414
2018-1-10T13-49-11,1515588551188,0.86341465,-0.024390243,0.46601942,0.86341465
2018-1-10T13-49-11,1515588551189,0.91219515,-0.034146342,0.5631068,0.91219515
2018-1-10T13-49-11,1515588551190,0.9414634,-0.004878049,0.49514562,0.9414634
2018-1-10T13-49-11,1515588551191,0.92195123,0.004878049,0.41747573,0.92195123
2018-1-10T13-49-11,1515588551192,0.9317073,0.043902438,0.44660193,0.9317073
2018-1-10T13-49-11,1515588551193,0.902439,-0.024390243,0.592233,0.902439
2018-1-10T13-49-11,1515588551194,0.85365856,-0.06341463,0.5533981,0.85365856
2018-1-10T13-49-11,1515588551195,0.77560973,-0.06341463,0.29126215,0.77560973
2018-1-10T13-49-11,1515588551196,0.71707314,-0.034146342,0.29126215,0.71707314
2018-1-10T13-49-11,1515588551197,0.6878049,-0.07317073,0.3592233,0.6878049
2018-1-10T13-49-11,1515588551198,0.6878049,-0.07317073,0.46601942,0.6878049
2018-1-10T13-49-11,1515588551199,0.6780488,-0.10243902,0.37864077,0.6780488
2018-1-10T13-49-11,1515588551200,0.8341463,0.024390243,0.407767,0.8341463
2018-1-10T13-49-11,1515588551201,0.8926829,0.014634146,0.44660193,0.8926829
2018-1-10T13-49-11,1515588551202,0.97073174,0.024390243,0.5533981,0.97073174
2018-1-10T13-49-11,1515588551203,0.9902439,0.053658538,0.5339806,0.9902439
2018-1-10T13-49-11,1515588551204,1.0195122,0.13170731,0.5048544,1.0195122
2018-1-10T13-49-11,1515588551205,0.9902439,0.07317073,0.52427185,0.9902439
2018-1-10T13-49-11,1515588551206,0.9317073,0.014634146,0.47572815,0.9317073
2018-1-10T13-49-11,1515588551207,0.8341463,-0.024390243,0.36893204,0.8341463
2018-1-10T13-49-11,1515588551208,0.75609756,-0.043902438,0.36893204,0.75609756
2018-1-10T13-49-11,1515588551209,0.74634147,-0.06341463,0.407767,0.74634147
2018-1-10T13-49-11,1515588551210,0.75609756,-0.09268293,0.4368932,0.75609756
2018-1-10T13-49-11,1515588551211,0.76585364,-0.07317073,0.41747573,0.76585364
2018-1-10T13-49-11,1515588551212,0.85365856,-0.09268293,0.4368932,0.85365856
2018-1-10T13-49-11,1515588551213,0.9414634,0.053658538,0.5631068,0.9414634
2018-1-10T13-49-11,1515588551214,1.0,0.043902438,0.5825243,1.0
2018-1-10T13-49-11,1515588551215,1.0682927,0.043902438,0.60194176,1.0682927
2018-1-10T13-49-11,1515588551216,1.0585365,0.024390243,0.61165047,1.0585365
2018-1-10T13-49-11,1515588551217,1.0195122,-0.024390243,0.49514562,1.0195122
2018-1-10T13-49-11,1515588551218,0.9804878,-0.07317073,0.5436893,0.9804878
2018-1-10T13-49-11,1515588551219,0.8829268,-0.1902439,0.5825243,0.8829268
2018-1-10T13-49-11,1515588551220,0.87317073,-0.28780487,0.5339806,0.87317073
2018-1-10T13-49-11,1515588551221,0.75609756,-0.2,0.42718446,0.75609756
2018-1-10T13-49-11,1515588551222,0.7365854,-0.17073171,0.34951457,0.7365854
2018-1-10T13-49-11,1515588551223,0.6878049,-0.053658538,0.29126215,0.6878049
2018-1-10T13-49-11,1515588551224,0.6292683,0.024390243,0.26213592,0.6292683
2018-1-10T13-49-11,1515588551225,0.6,0.09268293,0.22330096,0.6
2018-1-10T13-49-11,1515588551226,0.5902439,0.14146341,0.24271844,0.5902439
2018-1-10T13-49-11,1515588551227,0.5707317,0.17073171,0.21359223,0.5707317
2018-1-10T13-49-11,1515588551228,0.6682927,0.18048781,0.29126215,0.6682927
2018-1-10T13-49-11,1515588551229,0.6780488,0.15121952,0.27184466,0.6780488
2018-1-10T13-49-11,1515588551230,0.6878049,0.13170731,0.23300971,0.6878049
2018-1-10T13-49-11,1515588551231,0.71707314,0.08292683,0.24271844,0.71707314
2018-1-10T13-49-11,1515588551232,0.70731705,-0.06341463,0.26213592,0.70731705
2018-1-10T13-49-11,1515588551233,0.6682927,-0.13170731,0.30097088,0.6682927
2018-1-10T13-49-11,1515588551234,0.6585366,-0.23902439,0.37864077,0.6585366
2018-1-10T13-49-11,1515588551235,0.69756097,-0.23902439,0.39805827,0.69756097
2018-1-10T13-49-11,1515588551236,0.79512197,-0.14146341,0.4854369,0.79512197
2018-1-10T13-49-11,1515588551237,0.9804878,-0.043902438,0.5145631,0.9804878
2018-1-10T13-49-11,1515588551238,1.1073171,0.043902438,0.63106793,1.1073171
2018-1-10T13-49-11,1515588551239,1.1560975,0.06341463,0.6796116,1.1560975
2018-1-10T13-49-11,1515588551240,1.2634146,0.053658538,0.7281553,1.2634146
2018-1-10T13-49-11,1515588551241,1.2146342,0.014634146,0.7378641,1.2146342
2018-1-10T13-49-11,1515588551242,1.1853658,-0.06341463,0.74757284,1.1853658
2018-1-10T13-49-11,1515588551243,1.1560975,-0.08292683,0.7378641,1.1560975
2018-1-10T13-49-11,1515588551244,1.0487804,-0.043902438,0.65048546,1.0487804
2018-1-10T13-49-11,1515588551245,0.9512195,-0.014634146,0.5631068,0.9512195
2018-1-10T13-49-11,1515588551246,0.92195123,-0.004878049,0.5048544,0.92195123
2018-1-10T13-49-11,1515588551247,0.81463414,-0.024390243,0.42718446,0.81463414
2018-1-10T13-49-11,1515588551248,0.76585364,-0.024390243,0.39805827,0.76585364
2018-1-10T13-49-11,1515588551249,0.7365854,-0.024390243,0.3592233,0.7365854
2018-1-10T13-49-11,1515588551250,0.70731705,-0.034146342,0.3883495,0.70731705
2018-1-10T13-49-11,1515588551251,0.71707314,-0.004878049,0.36893204,0.71707314
2018-1-10T13-49-11,1515588551252,0.6682927,0.024390243,0.3883495,0.6682927
2018-1-10T13-49-11,1515588551253,0.70731705,-0.004878049,0.4854369,0.70731705
2018-1-10T13-49-11,1515588551254,0.71707314,-0.043902438,0.42718446,0.71707314
2018-1-10T13-49-11,1515588551255,0.71707314,-0.07317073,0.42718446,0.71707314
2018-1-10T13-49-11,1515588551256,0.7365854,-0.08292683,0.44660193,0.7365854
2018-1-10T13-49-11,1515588551257,0.7853659,-0.053658538,0.4368932,0.7853659
2018-1-10T13-49-11,1515588551258,0.85365856,0.004878049,0.3592233,0.85365856
2018-1-10T13-49-11,1515588551259,0.8926829,0.07317073,0.2815534,0.8926829
2018-1-10T13-49-11,1515588551260,0.91219515,0.11219512,0.30097088,0.91219515
2018-1-10T13-49-11,1515588551261,0.902439,0.07317073,0.407767,0.902439
2018-1-10T13-49-11,1515588551262,0.8926829,-0.07317073,0.52427185,0.8926829
2018-1-10T13-49-11,1515588551263,0.902439,-0.12195122,0.4854369,0.902439
2018-1-10T13-49-11,1515588551264,0.8926829,-0.07317073,0.4854369,0.8926829
2018-1-10T13-49-11,1515588551265,0.8829268,-0.09268293,0.47572815,0.8829268
2018-1-10T13-49-11,1515588551266,0.86341465,-0.043902438,0.5145631,0.86341465
2018-1-10T13-49-11,1515588551267,0.86341465,-0.014634146,0.4854369,0.86341465
2018-1-10T13-49-11,1515588551268,0.86341465,0.004878049,0.41747573,0.86341465
2018-1-10T13-49-11,1515588551269,0.87317073,0.034146342,0.41747573,0.87317073
2018-1-10T13-49-11,1515588551270,0.82439023,-0.034146342,0.4563107,0.82439023
2018-1-10T13-49-11,1515588551271,0.80487806,-0.053658538,0.49514562,0.80487806
2018-1-10T13-49-11,1515588551272,0.81463414,-0.08292683,0.47572815,0.81463414
2018-1-10T13-49-11,1515588551273,0.82439023,-0.004878049,0.44660193,0.82439023
2018-1-10T13-49-11,1515588551274,0.85365856,0.014634146,0.4368932,0.85365856
2018-1-10T13-49-11,1515588551275,0.85365856,0.043902438,0.42718446,0.85365856
2018-1-10T13-49-11,1515588551276,0.86341465,0.15121952,0.4368932,0.86341465
2018-1-10T13-49-11,1515588551277,0.87317073,0.053658538,0.42718446,0.87317073
2018-1-10T13-49-11,1515588551278,0.87317073,0.014634146,0.407767,0.87317073
2018-1-10T13-49-11,1515588551279,0.84390247,-0.024390243,0.4368932,0.84390247
2018-1-10T13-49-11,1515588551280,0.79512197,-0.09268293,0.4563107,0.79512197
2018-1-10T13-49-11,1515588551281,0.79512197,-0.10243902,0.4563107,0.79512197
2018-1-10T13-49-11,1515588551282,0.81463414,-0.08292683,0.4368932,0.81463414
2018-1-10T13-49-11,1515588551283,0.80487806,-0.08292683,0.42718446,0.80487806
2018-1-10T13-49-11,1515588551284,0.82439023,-0.08292683,0.44660193,0.82439023
2018-1-10T13-49-11,1515588551285,0.8341463,-0.07317073,0.4368932,0.8341463
2018-1-10T13-49-11,1515588551286,0.84390247,-0.07317073,0.4368932,0.84390247
2018-1-10T13-49-11,1515588551287,0.87317073,-0.043902438,0.4368932,0.87317073
2018-1-10T13-49-11,1515588551288,0.87317073,-0.024390243,0.44660193,0.87317073
2018-1-10T13-49-11,1515588551289,0.86341465,-0.014634146,0.44660193,0.86341465
2018-1-10T13-49-11,1515588551290,0.86341465,-0.014634146,0.4368932,0.86341465
2018-1-10T13-49-11,1515588551291,0.84390247,-0.004878049,0.41747573,0.84390247
2018-1-10T13-49-11,1515588551292,0.84390247,-0.053658538,0.4368932,0.84390247
2018-1-10T13-49-11,1515588551293,0.8341463,-0.043902438,0.42718446,0.8341463
2018-1-10T13-49-11,1515588551294,0.82439023,-0.034146342,0.4368932,0.82439023
2018-1-10T13-49-11,1515588551295,0.8341463,-0.014634146,0.46601942,0.8341463
2018-1-10T13-49-11,1515588551296,0.82439023,0.014634146,0.4368932,0.82439023
2018-1-10T13-49-11,1515588551297,0.85365856,0.034146342,0.4563107,0.85365856
2018-1-10T13-49-11,1515588551298,0.84390247,0.034146342,0.46601942,0.84390247
2018-1-10T13-49-11,1515588551299,0.8926829,0.043902438,0.46601942,0.8926829
2018-1-10T13-49-11,1515588551300,0.8926829,0.043902438,0.4854369,0.8926829
2018-1-10T13-49-11,1515588551301,0.92195123,0.06341463,0.46601942,0.92195123
2018-1-10T13-49-11,1515588551302,0.8926829,0.004878049,0.46601942,0.8926829
2018-1-10T13-49-11,1515588551303,0.87317073,-0.014634146,0.46601942,0.87317073
2018-1-10T13-49-11,1515588551304,0.86341465,-0.034146342,0.4368932,0.86341465
2018-1-10T13-49-11,1515588551305,0.8341463,-0.043902438,0.4368932,0.8341463
2018-1-10T13-49-11,1515588551306,0.82439023,-0.06341463,0.44660193,0.82439023
2018-1-10T13-49-11,1515588551307,0.82439023,-0.06341463,0.41747573,0.82439023
2018-1-10T13-49-11,1515588551308,0.80487806,-0.10243902,0.42718446,0.80487806
2018-1-10T13-49-11,1515588551309,0.81463414,-0.06341463,0.41747573,0.81463414
2018-1-10T13-49-11,1515588551310,0.80487806,-0.053658538,0.39805827,0.80487806
2018-1-10T13-49-11,1515588551311,0.81463414,-0.053658538,0.4854369,0.81463414
2018-1-10T13-49-11,1515588551312,0.81463414,-0.06341463,0.41747573,0.81463414
2018-1-10T13-49-11,1515588551313,0.81463414,-0.06341463,0.42718446,0.81463414
2018-1-10T13-49-11,1515588551314,0.82439023,-0.06341463,0.3883495,0.82439023
2018-1-10T13-49-11,1515588551315,0.82439023,-0.043902438,0.4368932,0.82439023
2018-1-10T13-49-11,1515588551316,0.82439023,-0.043902438,0.4368932,0.82439023
2018-1-10T13-49-11,1515588551317,0.82439023,0.004878049,0.4563107,0.82439023
2018-1-10T13-49-11,1515588551318,0.85365856,0.014634146,0.4563107,0.85365856
2018-1-10T13-49-11,1515588551319,0.86341465,0.034146342,0.4563107,0.86341465
2018-1-10T13-49-11,1515588551320,0.86341465,0.004878049,0.46601942,0.86341465
2018-1-10T13-49-11,1515588551321,0.8926829,0.024390243,0.47572815,0.8926829
2018-1-10T13-49-11,1515588551322,0.8926829,0.014634146,0.47572815,0.8926829
2018-1-10T13-49-11,1515588551323,0.8926829,-0.004878049,0.47572815,0.8926829
2018-1-10T13-49-11,1515588551324,0.902439,0.024390243,0.47572815,0.902439
2018-1-10T13-49-11,1515588551325,0.92195123,0.004878049,0.47572815,0.92195123
2018-1-10T13-49-11,1515588551326,0.8829268,0.024390243,0.47572815,0.8829268
2018-1-10T13-49-11,1515588551327,0.87317073,0.014634146,0.4563107,0.87317073
2018-1-10T13-49-11,1515588551328,0.85365856,-0.004878049,0.4563107,0.85365856
2018-1-10T13-49-11,1515588551329,0.84390247,-0.014634146,0.44660193,0.84390247
2018-1-10T13-49-11,1515588551330,0.8341463,-0.043902438,0.4368932,0.8341463
2018-1-10T13-49-11,1515588551331,0.82439023,-0.043902438,0.42718446,0.82439023
2018-1-10T13-49-11,1515588551332,0.81463414,-0.053658538,0.42718446,0.81463414
2018-1-10T13-49-11,1515588551333,0.80487806,-0.06341463,0.41747573,0.80487806
2018-1-10T13-49-11,1515588551334,0.87317073,-0.06341463,0.41747573,0.87317073
2018-1-10T13-49-11,1515588551335,0.80487806,-0.043902438,0.407767,0.80487806
2018-1-10T13-49-11,1515588551336,0.79512197,-0.06341463,0.41747573,0.79512197
2018-1-10T13-49-11,1515588551337,0.80487806,-0.053658538,0.41747573,0.80487806
2018-1-10T13-49-11,1515588551338,0.82439023,-0.053658538,0.42718446,0.82439023
2018-1-10T13-49-11,1515588551339,0.82439023,-0.043902438,0.41747573,0.82439023
2018-1-10T13-49-11,1515588551340,0.82439023,-0.014634146,0.4368932,0.82439023
2018-1-10T13-49-11,1515588551341,0.8926829,-0.024390243,0.44660193,0.8926829
2018-1-10T13-49-11,1515588551342,0.85365856,-0.024390243,0.44660193,0.85365856
2018-1-10T13-49-11,1515588551343,0.86341465,-0.014634146,0.47572815,0.86341465
2018-1-10T13-49-11,1515588551344,0.8829268,-0.004878049,0.4563107,0.8829268
2018-1-10T13-49-11,1515588551345,0.8829268,0.004878049,0.46601942,0.8829268
2018-1-10T13-49-11,1515588551346,0.8341463,0.014634146,0.4854369,0.8341463
2018-1-10T13-49-11,1515588551347,0.902439,0.024390243,0.47572815,0.902439
2018-1-10T13-49-11,1515588551348,0.8926829,0.014634146,0.47572815,0.8926829
2018-1-10T13-49-11,1515588551349,0.8829268,0.014634146,0.47572815,0.8829268
2018-1-10T13-49-11,1515588551350,0.87317073,0.004878049,0.42718446,0.87317073
2018-1-10T13-49-11,1515588551351,0.86341465,0.014634146,0.46601942,0.86341465
2018-1-10T13-49-11,1515588551352,0.86341465,-0.004878049,0.4563107,0.86341465
2018-1-10T13-49-11,1515588551353,0.86341465,0.004878049,0.4563107,0.86341465
2018-1-10T13-49-11,1515588551354,0.8341463,-0.004878049,0.4368932,0.8341463
2018-1-10T13-49-11,1515588551355,0.81463414,-0.014634146,0.42718446,0.81463414
2018-1-10T13-49-11,1515588551356,0.81463414,-0.034146342,0.41747573,0.81463414
2018-1-10T13-49-11,1515588551357,0.81463414,-0.053658538,0.41747573,0.81463414
2018-1-10T13-49-11,1515588551358,0.79512197,-0.07317073,0.407767,0.79512197
2018-1-10T13-49-11,1515588551359,0.80487806,-0.06341463,0.41747573,0.80487806
2018-1-10T13-49-11,1515588551360,0.81463414,-0.06341463,0.41747573,0.81463414
2018-1-10T13-49-11,1515588551361,0.81463414,-0.06341463,0.41747573,0.81463414
2018-1-10T13-49-11,1515588551362,0.82439023,-0.053658538,0.42718446,0.82439023
2018-1-10T13-49-11,1515588551363,0.8341463,-0.043902438,0.4368932,0.8341463
2018-1-10T13-49-11,1515588551364,0.84390247,-0.043902438,0.4368932,0.84390247
2018-1-10T13-49-11,1515588551365,0.85365856,-0.034146342,0.44660193,0.85365856
2018-1-10T13-49-11,1515588551366,0.87317073,-0.043902438,0.42718446,0.87317073
2018-1-10T13-49-11,1515588551367,0.8829268,-0.034146342,0.46601942,0.8829268
2018-1-10T13-49-11,1515588551368,0.8829268,-0.024390243,0.47572815,0.8829268
2018-1-10T13-49-11,1515588551369,0.8829268,-0.004878049,0.4854369,0.8829268
2018-1-10T13-49-11,1515588551370,0.87317073,-0.014634146,0.47572815,0.87317073
2018-1-10T13-49-11,1515588551371,0.87317073,0.004878049,0.47572815,0.87317073
2018-1-10T13-49-11,1515588551372,0.9317073,0.014634146,0.41747573,0.9317073
2018-1-10T13-49-11,1515588551373,0.86341465,0.004878049,0.4563107,0.86341465
2018-1-10T13-49-11,1515588551374,0.86341465,0.004878049,0.4563107,0.86341465
2018-1-10T13-49-11,1515588551375,0.8341463,0.004878049,0.44660193,0.8341463
2018-1-10T13-49-11,1515588551376,0.8341463,-0.004878049,0.4368932,0.8341463
2018-1-10T13-49-11,1515588551377,0.8341463,-0.004878049,0.42718446,0.8341463
2018-1-10T13-49-11,1515588551378,0.8341463,-0.004878049,0.42718446,0.8341463
2018-1-10T13-49-11,1515588551379,0.81463414,-0.014634146,0.41747573,0.81463414
2018-1-10T13-49-11,1515588551380,0.82439023,-0.034146342,0.41747573,0.82439023
2018-1-10T13-49-11,1515588551381,0.81463414,-0.053658538,0.41747573,0.81463414
2018-1-10T13-49-11,1515588551382,0.8341463,-0.043902438,0.407767,0.8341463
2018-1-10T13-49-11,1515588551383,0.81463414,-0.053658538,0.41747573,0.81463414
2018-1-10T13-49-11,1515588551384,0.82439023,-0.053658538,0.41747573,0.82439023
2018-1-10T13-49-11,1515588551385,0.82439023,-0.053658538,0.42718446,0.82439023
2018-1-10T13-49-11,1515588551386,0.8341463,-0.053658538,0.4368932,0.8341463
2018-1-10T13-49-11,1515588551387,0.85365856,-0.043902438,0.44660193,0.85365856
2018-1-10T13-49-11,1515588551388,0.85365856,-0.034146342,0.44660193,0.85365856
2018-1-10T13-49-11,1515588551389,0.86341465,-0.11219512,0.46601942,0.86341465
2018-1-10T13-49-11,1515588551390,0.87317073,-0.043902438,0.44660193,0.87317073
2018-1-10T13-49-11,1515588551391,0.87317073,-0.024390243,0.46601942,0.87317073
2018-1-10T13-49-11,1515588551392,0.85365856,-0.024390243,0.46601942,0.85365856
2018-1-10T13-49-11,1515588551393,0.86341465,-0.014634146,0.4563107,0.86341465
2018-1-10T13-49-11,1515588551394,0.80487806,-0.014634146,0.47572815,0.80487806
2018-1-10T13-49-11,1515588551395,0.87317073,0.014634146,0.46601942,0.87317073
2018-1-10T13-49-11,1515588551396,0.84390247,-0.004878049,0.47572815,0.84390247
2018-1-10T13-49-11,1515588551397,0.81463414,-0.034146342,0.44660193,0.81463414
2018-1-10T13-49-11,1515588551398,0.77560973,-0.014634146,0.44660193,0.77560973
2018-1-10T13-49-11,1515588551399,0.8341463,0.024390243,0.4368932,0.8341463
2018-1-10T13-49-11,1515588551400,0.87317073,0.004878049,0.4368932,0.87317073
2018-1-10T13-49-11,1515588551401,0.82439023,0.014634146,0.42718446,0.82439023
2018-1-10T13-49-11,1515588551402,0.80487806,-0.004878049,0.42718446,0.80487806
2018-1-10T13-49-11,1515588551403,0.82439023,-0.014634146,0.42718446,0.82439023
2018-1-10T13-49-11,1515588551404,0.8341463,-0.014634146,0.42718446,0.8341463
2018-1-10T13-49-11,1515588551405,0.8341463,-0.024390243,0.42718446,0.8341463
2018-1-10T13-49-11,1515588551406,0.8341463,-0.034146342,0.4368932,0.8341463
2018-1-10T13-49-11,1515588551407,0.84390247,-0.034146342,0.42718446,0.84390247
2018-1-10T13-49-11,1515588551408,0.8341463,-0.034146342,0.4563107,0.8341463
2018-1-10T13-49-11,1515588551409,0.85365856,-0.043902438,0.4368932,0.85365856
2018-1-10T13-49-11,1515588551410,0.86341465,-0.043902438,0.4368932,0.86341465
2018-1-10T13-49-11,1515588551411,0.85365856,-0.053658538,0.4563107,0.85365856
2018-1-10T13-49-11,1515588551412,0.86341465,-0.034146342,0.4563107,0.86341465
2018-1-10T13-49-11,1515588551413,0.902439,-0.053658538,0.46601942,0.902439
2018-1-10T13-49-11,1515588551414,0.86341465,-0.034146342,0.4368932,0.86341465
2018-1-10T13-49-11,1515588551415,0.86341465,-0.043902438,0.46601942,0.86341465
2018-1-10T13-49-11,1515588551416,0.86341465,-0.024390243,0.47572815,0.86341465
2018-1-10T13-49-11,1515588551417,0.8926829,-0.024390243,0.4563107,0.8926829
2018-1-10T13-49-11,1515588551418,0.84390247,-0.014634146,0.44660193,0.84390247
2018-1-10T13-49-11,1515588551419,0.84390247,-0.024390243,0.37864077,0.84390247
2018-1-10T13-49-11,1515588551420,0.8341463,-0.004878049,0.44660193,0.8341463
2018-1-10T13-49-11,1515588551421,0.8341463,0.004878049,0.44660193,0.8341463
2018-1-10T13-49-11,1515588551422,0.8341463,0.014634146,0.44660193,0.8341463
2018-1-10T13-49-11,1515588551423,0.82439023,0.004878049,0.4368932,0.82439023
2018-1-10T13-49-11,1515588551424,0.82439023,0.004878049,0.4368932,0.82439023
2018-1-10T13-49-11,1515588551425,0.79512197,0.07317073,0.4368932,0.79512197
2018-1-10T13-49-11,1515588551426,0.8341463,-0.014634146,0.4368932,0.8341463
2018-1-10T13-49-11,1515588551427,0.82439023,-0.004878049,0.4368932,0.82439023
2018-1-10T13-49-11,1515588551428,0.82439023,-0.043902438,0.4368932,0.82439023
2018-1-10T13-49-11,1515588551429,0.84390247,-0.014634146,0.44660193,0.84390247
2018-1-10T13-49-11,1515588551430,0.86341465,-0.024390243,0.44660193,0.86341465
2018-1-10T13-49-11,1515588551431,0.85365856,-0.024390243,0.44660193,0.85365856
2018-1-10T13-49-11,1515588551432,0.84390247,-0.053658538,0.4563107,0.84390247
2018-1-10T13-49-11,1515588551433,0.86341465,-0.043902438,0.4368932,0.86341465
2018-1-10T13-49-11,1515588551434,0.86341465,-0.034146342,0.44660193,0.86341465
2018-1-10T13-49-11,1515588551435,0.85365856,-0.043902438,0.44660193,0.85365856
2018-1-10T13-49-11,1515588551436,0.86341465,-0.043902438,0.4563107,0.86341465
2018-1-10T13-49-11,1515588551437,0.85365856,-0.06341463,0.44660193,0.85365856
2018-1-10T13-49-11,1515588551438,0.86341465,-0.024390243,0.44660193,0.86341465
2018-1-10T13-49-11,1515588551439,0.85365856,-0.043902438,0.3883495,0.85365856
2018-1-10T13-49-11,1515588551440,0.86341465,-0.034146342,0.4563107,0.86341465
2018-1-10T13-49-11,1515588551441,0.84390247,-0.024390243,0.44660193,0.84390247
2018-1-10T13-49-11,1515588551442,0.8341463,-0.014634146,0.44660193,0.8341463
2018-1-10T13-49-11,1515588551443,0.84390247,0.004878049,0.44660193,0.84390247
2018-1-10T13-49-11,1515588551444,0.84390247,-0.08292683,0.42718446,0.84390247
2018-1-10T13-49-11,1515588551445,0.82439023,-0.004878049,0.4368932,0.82439023
2018-1-10T13-49-11,1515588551446,0.8341463,-0.004878049,0.44660193,0.8341463
2018-1-10T13-49-11,1515588551447,0.82439023,-0.053658538,0.4368932,0.82439023
2018-1-10T13-49-11,1515588551448,0.84390247,0.014634146,0.47572815,0.84390247
2018-1-10T13-49-11,1515588551449,0.84390247,0.004878049,0.4368932,0.84390247
2018-1-10T13-49-11,1515588551450,0.84390247,0.004878049,0.41747573,0.84390247
2018-1-10T13-49-11,1515588551451,0.84390247,-0.004878049,0.44660193,0.84390247
2018-1-10T13-49-11,1515588551452,0.85365856,0.004878049,0.44660193,0.85365856
2018-1-10T13-49-11,1515588551453,0.85365856,-0.024390243,0.44660193,0.85365856
2018-1-10T13-49-11,1515588551454,0.86341465,-0.024390243,0.46601942,0.86341465
2018-1-10T13-49-11,1515588551455,0.85365856,-0.034146342,0.4563107,0.85365856
2018-1-10T13-49-11,1515588551456,0.82439023,-0.024390243,0.44660193,0.82439023
2018-1-10T13-49-11,1515588551457,0.85365856,-0.043902438,0.4563107,0.85365856
2018-1-10T13-49-11,1515588551458,0.86341465,-0.043902438,0.44660193,0.86341465
2018-1-10T13-49-11,1515588551459,0.85365856,-0.034146342,0.42718446,0.85365856
2018-1-10T13-49-11,1515588551460,0.8341463,-0.043902438,0.44660193,0.8341463
2018-1-10T13-49-11,1515588551461,0.8341463,-0.043902438,0.44660193,0.8341463
2018-1-10T13-49-11,1515588551462,0.8341463,-0.053658538,0.4368932,0.8341463
2018-1-10T13-49-11,1515588551463,0.902439,-0.034146342,0.44660193,0.902439
2018-1-10T13-49-11,1515588551464,0.8341463,-0.08292683,0.44660193,0.8341463
2018-1-10T13-49-11,1515588551465,0.8341463,-0.034146342,0.4368932,0.8341463
2018-1-10T13-49-11,1515588551466,0.82439023,-0.014634146,0.4368932,0.82439023
2018-1-10T13-49-11,1515588551467,0.84390247,-0.014634146,0.44660193,0.84390247
2018-1-10T13-49-11,1515588551468,0.84390247,-0.024390243,0.4368932,0.84390247
2018-1-10T13-49-11,1515588551469,0.8341463,-0.004878049,0.4368932,0.8341463
2018-1-10T13-49-11,1515588551470,0.84390247,0.043902438,0.4368932,0.84390247
2018-1-10T13-49-11,1515588551471,0.84390247,-0.004878049,0.44660193,0.84390247
2018-1-10T13-49-11,1515588551472,0.91219515,-0.004878049,0.44660193,0.91219515
2018-1-10T13-49-11,1515588551473,0.85365856,-0.014634146,0.4563107,0.85365856
2018-1-10T13-49-11,1515588551474,0.8926829,-0.004878049,0.44660193,0.8926829
2018-1-10T13-49-11,1515588551475,0.85365856,-0.014634146,0.4563107,0.85365856
2018-1-10T13-49-11,1515588551476,0.86341465,-0.014634146,0.4563107,0.86341465
2018-1-10T13-49-11,1515588551477,0.85365856,-0.014634146,0.4563107,0.85365856
2018-1-10T13-49-11,1515588551478,0.84390247,-0.014634146,0.44660193,0.84390247
2018-1-10T13-49-11,1515588551479,0.84390247,-0.024390243,0.4368932,0.84390247
2018-1-10T13-49-11,1515588551480,0.85365856,0.004878049,0.4563107,0.85365856
2018-1-10T13-49-11,1515588551481,0.85365856,-0.024390243,0.44660193,0.85365856
2018-1-10T13-49-11,1515588551482,0.8341463,-0.034146342,0.4563107,0.8341463
2018-1-10T13-49-11,1515588551483,0.8341463,-0.034146342,0.44660193,0.8341463
2018-1-10T13-49-11,1515588551484,0.84390247,-0.034146342,0.4563107,0.84390247
2018-1-10T13-49-11,1515588551485,0.8341463,-0.043902438,0.4368932,0.8341463
2018-1-10T13-49-11,1515588551486,0.8341463,-0.024390243,0.4563107,0.8341463
2018-1-10T13-49-11,1515588551487,0.8341463,-0.034146342,0.4368932,0.8341463
2018-1-10T13-49-11,1515588551488,0.8341463,-0.034146342,0.42718446,0.8341463
2018-1-10T13-49-11,1515588551489,0.84390247,-0.024390243,0.44660193,0.84390247
2018-1-10T13-49-11,1515588551490,0.8341463,0.053658538,0.42718446,0.8341463
2018-1-10T13-49-11,1515588551491,0.87317073,-0.024390243,0.4368932,0.87317073
2018-1-10T13-49-11,1515588551492,0.84390247,-0.024390243,0.42718446,0.84390247
2018-1-10T13-49-11,1515588551493,0.84390247,0.014634146,0.44660193,0.84390247
2018-1-10T13-49-11,1515588551494,0.84390247,-0.024390243,0.44660193,0.84390247
2018-1-10T13-49-11,1515588551495,0.84390247,-0.004878049,0.47572815,0.84390247
2018-1-10T13-49-11,1515588551496,0.86341465,-0.004878049,0.4563107,0.86341465
2018-1-10T13-49-11,1515588551497,0.84390247,-0.004878049,0.4563107,0.84390247
2018-1-10T13-49-11,1515588551498,0.86341465,-0.014634146,0.4563107,0.86341465
2018-1-10T13-49-11,1515588551499,0.85365856,-0.014634146,0.44660193,0.85365856
2018-1-10T13-49-11,1515588551500,0.84390247,-0.09268293,0.4563107,0.84390247
2018-1-10T13-49-11,1515588551501,0.84390247,-0.014634146,0.44660193,0.84390247
2018-1-10T13-49-11,1515588551502,0.84390247,-0.014634146,0.44660193,0.84390247
2018-1-10T13-49-11,1515588551503,0.84390247,-0.024390243,0.44660193,0.84390247
2018-1-10T13-49-11,1515588551504,0.85365856,-0.024390243,0.44660193,0.85365856
2018-1-10T13-49-11,1515588551505,0.82439023,-0.014634146,0.44660193,0.82439023
2018-1-10T13-49-11,1515588551506,0.84390247,-0.024390243,0.4368932,0.84390247
2018-1-10T13-49-11,1515588551507,0.8341463,-0.043902438,0.4368932,0.8341463
2018-1-10T13-49-11,1515588551508,0.8341463,-0.043902438,0.4368932,0.8341463
2018-1-10T13-49-11,1515588551509,0.82439023,0.053658538,0.44660193,0.82439023
2018-1-10T13-49-11,1515588551510,0.84390247,-0.034146342,0.44660193,0.84390247
2018-1-10T13-49-11,1515588551511,0.84390247,-0.014634146,0.4368932,0.84390247
2018-1-10T13-49-11,1515588551512,0.84390247,-0.034146342,0.44660193,0.84390247
2018-1-10T13-49-11,1515588551513,0.84390247,-0.043902438,0.44660193,0.84390247
2018-1-10T13-49-11,1515588551514,0.84390247,-0.024390243,0.4368932,0.84390247
2018-1-10T13-49-11,1515588551515,0.8341463,-0.014634146,0.4563107,0.8341463
2018-1-10T13-49-11,1515588551516,0.86341465,-0.014634146,0.44660193,0.86341465
2018-1-10T13-49-11,1515588551517,0.85365856,-0.024390243,0.4368932,0.85365856
2018-1-10T13-49-11,1515588551518,0.86341465,-0.024390243,0.44660193,0.86341465
2018-1-10T13-49-11,1515588551519,0.85365856,-0.014634146,0.44660193,0.85365856
2018-1-10T13-49-11,1515588551520,0.86341465,-0.014634146,0.44660193,0.86341465
2018-1-10T13-49-11,1515588551521,0.84390247,-0.043902438,0.44660193,0.84390247
2018-1-10T13-49-11,1515588551522,0.84390247,-0.014634146,0.4563107,0.84390247
2018-1-10T13-49-11,1515588551523,0.85365856,-0.014634146,0.44660193,0.85365856
2018-1-10T13-49-11,1515588551524,0.85365856,-0.014634146,0.44660193,0.85365856
2018-1-10T13-49-11,1515588551525,0.84390247,0.024390243,0.4563107,0.84390247
2018-1-10T13-49-11,1515588551526,0.85365856,-0.024390243,0.4368932,0.85365856
2018-1-10T13-49-11,1515588551527,0.84390247,-0.024390243,0.4368932,0.84390247
2018-1-10T13-49-11,1515588551528,0.84390247,-0.014634146,0.4368932,0.84390247
2018-1-10T13-49-11,1515588551529,0.8341463,-0.024390243,0.4368932,0.8341463
2018-1-10T13-49-11,1515588551530,0.84390247,-0.043902438,0.44660193,0.84390247
2018-1-10T13-49-11,1515588551531,0.84390247,-0.043902438,0.4368932,0.84390247
2018-1-10T13-49-11,1515588551532,0.85365856,-0.034146342,0.4368932,0.85365856
2018-1-10T13-49-11,1515588551533,0.8341463,-0.034146342,0.4368932,0.8341463
2018-1-10T13-49-11,1515588551534,0.84390247,-0.043902438,0.42718446,0.84390247
2018-1-10T13-49-11,1515588551535,0.84390247,-0.024390243,0.4368932,0.84390247
2018-1-10T13-49-11,1515588551536,0.84390247,-0.024390243,0.44660193,0.84390247
2018-1-10T13-49-11,1515588551537,0.84390247,-0.034146342,0.42718446,0.84390247
2018-1-10T13-49-11,1515588551538,0.8926829,-0.043902438,0.4368932,0.8926829
2018-1-10T13-49-11,1515588551539,0.8926829,-0.024390243,0.44660193,0.8926829
2018-1-10T13-49-11,1515588551540,0.85365856,-0.053658538,0.4368932,0.85365856
2018-1-10T13-49-11,1515588551541,0.87317073,-0.024390243,0.4368932,0.87317073
2018-1-10T13-49-11,1515588551542,0.84390247,-0.024390243,0.44660193,0.84390247
2018-1-10T13-49-11,1515588551543,0.85365856,-0.014634146,0.44660193,0.85365856
2018-1-10T13-49-11,1515588551544,0.84390247,-0.014634146,0.44660193,0.84390247
2018-1-10T13-49-11,1515588551545,0.85365856,-0.024390243,0.46601942,0.85365856
2018-1-10T13-49-11,1515588551546,0.84390247,-0.014634146,0.44660193,0.84390247
2018-1-10T13-49-11,1515588551547,0.84390247,-0.014634146,0.44660193,0.84390247
2018-1-10T13-49-11,1515588551548,0.84390247,-0.014634146,0.4368932,0.84390247
2018-1-10T13-49-11,1515588551549,0.84390247,-0.014634146,0.44660193,0.84390247
2018-1-10T13-49-11,1515588551550,0.81463414,-0.004878049,0.44660193,0.81463414
2018-1-10T13-49-11,1515588551551,0.84390247,-0.014634146,0.4368932,0.84390247
2018-1-10T13-49-11,1515588551552,0.8341463,-0.024390243,0.4368932,0.8341463
2018-1-10T13-49-11,1515588551553,0.85365856,-0.024390243,0.4368932,0.85365856
2018-1-10T13-49-11,1515588551554,0.84390247,-0.024390243,0.44660193,0.84390247
2018-1-10T13-49-11,1515588551555,0.84390247,-0.034146342,0.4368932,0.84390247
2018-1-10T13-49-11,1515588551556,0.84390247,-0.024390243,0.4368932,0.84390247
2018-1-10T13-49-11,1515588551557,0.84390247,-0.024390243,0.44660193,0.84390247
2018-1-10T13-49-11,1515588551558,0.84390247,0.004878049,0.44660193,0.84390247
2018-1-10T13-49-11,1515588551559,0.84390247,-0.034146342,0.4368932,0.84390247
2018-1-10T13-49-11,1515588551560,0.8341463,-0.034146342,0.4368932,0.8341463
2018-1-10T13-49-11,1515588551561,0.80487806,-0.034146342,0.44660193,0.80487806
2018-1-10T13-49-11,1515588551562,0.84390247,-0.024390243,0.44660193,0.84390247
2018-1-10T13-49-11,1515588551563,0.84390247,-0.024390243,0.4368932,0.84390247
2018-1-10T13-49-11,1515588551564,0.85365856,-0.024390243,0.44660193,0.85365856
2018-1-10T13-49-11,1515588551565,0.84390247,-0.024390243,0.4368932,0.84390247
2018-1-10T13-49-11,1515588551566,0.84390247,-0.024390243,0.4563107,0.84390247
2018-1-10T13-49-11,1515588551567,0.84390247,-0.014634146,0.47572815,0.84390247
2018-1-10T13-49-11,1515588551568,0.8829268,-0.024390243,0.44660193,0.8829268
2018-1-10T13-49-11,1515588551569,0.8341463,-0.024390243,0.42718446,0.8341463
2018-1-10T13-49-11,1515588551570,0.86341465,-0.014634146,0.4368932,0.86341465
2018-1-10T13-49-11,1515588551571,0.84390247,-0.014634146,0.4368932,0.84390247
2018-1-10T13-49-11,1515588551572,0.84390247,-0.014634146,0.44660193,0.84390247
2018-1-10T13-49-11,1515588551573,0.84390247,-0.004878049,0.44660193,0.84390247
2018-1-10T13-49-11,1515588551574,0.84390247,-0.024390243,0.44660193,0.84390247
2018-1-10T13-49-11,1515588551575,0.85365856,-0.024390243,0.44660193,0.85365856
2018-1-10T13-49-11,1515588551576,0.9317073,-0.024390243,0.44660193,0.9317073
2018-1-10T13-49-11,1515588551577,0.86341465,-0.034146342,0.49514562,0.86341465
2018-1-10T13-49-11,1515588551578,0.87317073,-0.024390243,0.44660193,0.87317073
2018-1-10T13-49-11,1515588551579,0.84390247,-0.014634146,0.4563107,0.84390247
2018-1-10T13-49-11,1515588551580,0.92195123,-0.014634146,0.4563107,0.92195123
2018-1-10T13-49-11,1515588551581,0.85365856,-0.024390243,0.4854369,0.85365856
2018-1-10T13-49-11,1515588551582,0.85365856,-0.024390243,0.44660193,0.85365856
2018-1-10T13-49-11,1515588551583,0.80487806,-0.024390243,0.4563107,0.80487806
2018-1-10T13-49-11,1515588551584,0.84390247,-0.034146342,0.44660193,0.84390247
2018-1-10T13-49-11,1515588551585,0.84390247,-0.034146342,0.44660193,0.84390247
2018-1-10T13-49-11,1515588551586,0.84390247,0.004878049,0.44660193,0.84390247
2018-1-10T13-49-11,1515588551587,0.84390247,-0.034146342,0.44660193,0.84390247
2018-1-10T13-49-11,1515588551588,0.8341463,-0.024390243,0.4563107,0.8341463
2018-1-10T13-49-11,1515588551589,0.84390247,-0.024390243,0.4563107,0.84390247
2018-1-10T13-49-11,1515588551590,0.84390247,-0.034146342,0.44660193,0.84390247
2018-1-10T13-49-11,1515588551591,0.82439023,-0.024390243,0.4563107,0.82439023
2018-1-10T13-49-11,1515588551592,0.84390247,-0.024390243,0.4368932,0.84390247
2018-1-10T13-49-11,1515588551593,0.84390247,-0.034146342,0.44660193,0.84390247
2018-1-10T13-49-11,1515588551594,0.84390247,-0.024390243,0.44660193,0.84390247
2018-1-10T13-49-11,1515588551595,0.8926829,-0.014634146,0.4368932,0.8926829
2018-1-10T13-49-11,1515588551596,0.84390247,-0.024390243,0.4563107,0.84390247
2018-1-10T13-49-11,1515588551597,0.84390247,-0.034146342,0.44660193,0.84390247
2018-1-10T13-49-11,1515588551598,0.902439,-0.014634146,0.44660193,0.902439
2018-1-10T13-49-11,1515588551599,0.84390247,-0.024390243,0.4368932,0.84390247
2018-1-10T13-49-11,1515588551600,0.8341463,-0.024390243,0.4368932,0.8341463
2018-1-10T13-49-11,1515588551601,0.84390247,-0.024390243,0.44660193,0.84390247
2018-1-10T13-49-11,1515588551602,0.85365856,-0.024390243,0.4563107,0.85365856
2018-1-10T13-49-11,1515588551603,0.84390247,0.024390243,0.44660193,0.84390247
2018-1-10T13-49-11,1515588551604,0.84390247,-0.014634146,0.44660193,0.84390247
2018-1-10T13-49-11,1515588551605,0.85365856,-0.07317073,0.44660193,0.85365856
2018-1-10T13-49-11,1515588551606,0.85365856,-0.014634146,0.44660193,0.85365856
2018-1-10T13-49-11,1515588551607,0.8926829,-0.034146342,0.44660193,0.8926829
2018-1-10T13-49-11,1515588551608,0.84390247,-0.024390243,0.44660193,0.84390247
2018-1-10T13-49-11,1515588551609,0.84390247,-0.034146342,0.44660193,0.84390247
2018-1-10T13-49-11,1515588551610,0.85365856,-0.043902438,0.4368932,0.85365856
2018-1-10T13-49-11,1515588551611,0.8829268,-0.024390243,0.4368932,0.8829268
2018-1-10T13-49-11,1515588551612,0.85365856,-0.024390243,0.4368932,0.85365856
2018-1-10T13-49-11,1515588551613,0.87317073,-0.024390243,0.44660193,0.87317073
2018-1-10T13-49-11,1515588551614,0.8341463,-0.034146342,0.4368932,0.8341463
2018-1-10T13-49-11,1515588551615,0.84390247,-0.024390243,0.4368932,0.84390247
2018-1-10T13-49-11,1515588551616,0.8341463,-0.024390243,0.4368932,0.8341463
2018-1-10T13-49-11,1515588551617,0.84390247,-0.014634146,0.44660193,0.84390247
2018-1-10T13-49-11,1515588551618,0.84390247,-0.014634146,0.44660193,0.84390247
2018-1-10T13-49-11,1515588551619,0.85365856,-0.014634146,0.4368932,0.85365856
2018-1-10T13-49-11,1515588551620,0.81463414,-0.024390243,0.4368932,0.81463414
2018-1-10T13-49-11,1515588551621,0.8341463,0.043902438,0.44660193,0.8341463
2018-1-10T13-49-11,1515588551622,0.84390247,-0.024390243,0.44660193,0.84390247
2018-1-10T13-49-11,1515588551623,0.85365856,-0.043902438,0.44660193,0.85365856
2018-1-10T13-49-11,1515588551624,0.86341465,-0.024390243,0.44660193,0.86341465
2018-1-10T13-49-11,1515588551625,0.85365856,-0.024390243,0.44660193,0.85365856
2018-1-10T13-49-11,1515588551626,0.85365856,-0.014634146,0.4563107,0.85365856
2018-1-10T13-49-11,1515588551627,0.85365856,-0.024390243,0.4563107,0.85365856
2018-1-10T13-49-11,1515588551628,0.82439023,-0.014634146,0.44660193,0.82439023
2018-1-10T13-49-11,1515588551629,0.85365856,-0.014634146,0.4563107,0.85365856
2018-1-10T13-49-11,1515588551630,0.85365856,-0.024390243,0.4563107,0.85365856
2018-1-10T13-49-11,1515588551631,0.84390247,-0.024390243,0.44660193,0.84390247
2018-1-10T13-49-11,1515588551632,0.85365856,-0.034146342,0.44660193,0.85365856
2018-1-10T13-49-11,1515588551633,0.85365856,-0.024390243,0.44660193,0.85365856
2018-1-10T13-49-11,1515588551634,0.85365856,-0.024390243,0.44660193,0.85365856
2018-1-10T13-49-11,1515588551635,0.84390247,-0.024390243,0.44660193,0.84390247
2018-1-10T13-49-11,1515588551636,0.85365856,-0.014634146,0.4368932,0.85365856
2018-1-10T13-49-11,1515588551637,0.84390247,-0.004878049,0.4368932,0.84390247
2018-1-10T13-49-11,1515588551638,0.84390247,-0.004878049,0.44660193,0.84390247
2018-1-10T13-49-11,1515588551639,0.84390247,-0.043902438,0.44660193,0.84390247
2018-1-10T13-49-11,1515588551640,0.84390247,-0.024390243,0.4368932,0.84390247
2018-1-10T13-49-11,1515588551641,0.85365856,-0.024390243,0.4368932,0.85365856
2018-1-10T13-49-11,1515588551642,0.84390247,-0.014634146,0.44660193,0.84390247
2018-1-10T13-49-11,1515588551643,0.84390247,-0.024390243,0.44660193,0.84390247
2018-1-10T13-49-11,1515588551644,0.84390247,-0.004878049,0.44660193,0.84390247
2018-1-10T13-49-11,1515588551645,0.84390247,-0.014634146,0.4368932,0.84390247
2018-1-10T13-49-11,1515588551646,0.8341463,-0.034146342,0.44660193,0.8341463
2018-1-10T13-49-11,1515588551647,0.86341465,-0.024390243,0.4368932,0.86341465
2018-1-10T13-49-11,1515588551648,0.84390247,-0.024390243,0.44660193,0.84390247
2018-1-10T13-49-11,1515588551649,0.82439023,-0.034146342,0.44660193,0.82439023
2018-1-10T13-49-11,1515588551650,0.84390247,-0.034146342,0.4563107,0.84390247
2018-1-10T13-49-11,1515588551651,0.84390247,-0.014634146,0.44660193,0.84390247
2018-1-10T13-49-11,1515588551652,0.85365856,-0.024390243,0.44660193,0.85365856
2018-1-10T13-49-11,1515588551653,0.85365856,-0.024390243,0.44660193,0.85365856
2018-1-10T13-49-11,1515588551654,0.86341465,-0.024390243,0.42718446,0.86341465
2018-1-10T13-49-11,1515588551655,0.84390247,0.014634146,0.44660193,0.84390247
2018-1-10T13-49-11,1515588551656,0.85365856,-0.024390243,0.44660193,0.85365856
2018-1-10T13-49-11,1515588551657,0.84390247,-0.024390243,0.4368932,0.84390247
2018-1-10T13-49-11,1515588551658,0.84390247,-0.034146342,0.4368932,0.84390247
2018-1-10T13-49-11,1515588551659,0.85365856,-0.024390243,0.44660193,0.85365856
2018-1-10T13-49-11,1515588551660,0.84390247,-0.014634146,0.4368932,0.84390247
2018-1-10T13-49-11,1515588551661,0.84390247,-0.043902438,0.44660193,0.84390247
2018-1-10T13-49-11,1515588551662,0.84390247,-0.014634146,0.44660193,0.84390247
2018-1-10T13-49-11,1515588551663,0.84390247,0.043902438,0.4368932,0.84390247
2018-1-10T13-49-11,1515588551664,0.85365856,-0.024390243,0.44660193,0.85365856
2018-1-10T13-49-11,1515588551665,0.8341463,-0.014634146,0.44660193,0.8341463
2018-1-10T13-49-11,1515588551666,0.86341465,-0.014634146,0.44660193,0.86341465
2018-1-10T13-49-11,1515588551667,0.84390247,-0.014634146,0.4563107,0.84390247
2018-1-10T13-49-11,1515588551668,0.84390247,-0.024390243,0.44660193,0.84390247
2018-1-10T13-49-11,1515588551669,0.84390247,-0.014634146,0.4368932,0.84390247
2018-1-10T13-49-11,1515588551670,0.84390247,-0.014634146,0.4368932,0.84390247
2018-1-10T13-49-11,1515588551671,0.84390247,-0.004878049,0.4368932,0.84390247
2018-1-10T13-49-11,1515588551672,0.81463414,-0.024390243,0.44660193,0.81463414
2018-1-10T13-49-11,1515588551673,0.86341465,-0.024390243,0.44660193,0.86341465
2018-1-10T13-49-11,1515588551674,0.85365856,-0.024390243,0.4368932,0.85365856
2018-1-10T13-49-11,1515588551675,0.84390247,-0.08292683,0.44660193,0.84390247
2018-1-10T13-49-11,1515588551676,0.902439,-0.024390243,0.44660193,0.902439
2018-1-10T13-49-11,1515588551677,0.85365856,-0.024390243,0.44660193,0.85365856
2018-1-10T13-49-11,1515588551678,0.85365856,-0.024390243,0.4563107,0.85365856
2018-1-10T13-49-11,1515588551679,0.7853659,-0.004878049,0.44660193,0.7853659
2018-1-10T13-49-11,1515588551680,0.84390247,-0.014634146,0.46601942,0.84390247
2018-1-10T13-49-11,1515588551681,0.85365856,0.024390243,0.4563107,0.85365856
2018-1-10T13-49-11,1515588551682,0.85365856,0.07317073,0.4368932,0.85365856
2018-1-10T13-49-11,1515588551683,0.87317073,-0.014634146,0.44660193,0.87317073
2018-1-10T13-49-11,1515588551684,0.84390247,-0.034146342,0.4368932,0.84390247
2018-1-10T13-49-11,1515588551685,0.84390247,-0.024390243,0.44660193,0.84390247
2018-1-10T13-49-11,1515588551686,0.85365856,-0.034146342,0.44660193,0.85365856
2018-1-10T13-49-11,1515588551687,0.82439023,-0.024390243,0.42718446,0.82439023
2018-1-10T13-49-11,1515588551688,0.8829268,-0.024390243,0.4368932,0.8829268
2018-1-10T13-49-11,1515588551689,0.8341463,-0.024390243,0.4368932,0.8341463
2018-1-10T13-49-11,1515588551690,0.85365856,-0.014634146,0.4368932,0.85365856
2018-1-10T13-49-11,1515588551691,0.84390247,-0.014634146,0.4368932,0.84390247
2018-1-10T13-49-11,1515588551692,0.85365856,-0.024390243,0.44660193,0.85365856
2018-1-10T13-49-11,1515588551693,0.84390247,-0.024390243,0.44660193,0.84390247
2018-1-10T13-49-11,1515588551694,0.84390247,-0.014634146,0.44660193,0.84390247
2018-1-10T13-49-11,1515588551695,0.82439023,-0.024390243,0.44660193,0.82439023
2018-1-10T13-49-11,1515588551696,0.84390247,-0.034146342,0.44660193,0.84390247
2018-1-10T13-49-11,1515588551697,0.85365856,-0.024390243,0.42718446,0.85365856
2018-1-10T13-49-11,1515588551698,0.8341463,-0.014634146,0.4368932,0.8341463
2018-1-10T13-49-11,1515588551699,0.84390247,0.004878049,0.44660193,0.84390247
2018-1-10T13-49-11,1515588551700,0.8341463,-0.024390243,0.44660193,0.8341463
2018-1-10T13-49-11,1515588551701,0.85365856,-0.014634146,0.4368932,0.85365856
2018-1-10T13-49-11,1515588551702,0.8341463,-0.034146342,0.44660193,0.8341463
2018-1-10T13-49-11,1515588551703,0.84390247,-0.014634146,0.44660193,0.84390247
2018-1-10T13-49-11,1515588551704,0.85365856,0.024390243,0.4368932,0.85365856
2018-1-10T13-49-11,1515588551705,0.85365856,-0.024390243,0.49514562,0.85365856
2018-1-10T13-49-11,1515588551706,0.84390247,-0.024390243,0.4368932,0.84390247
2018-1-10T13-49-11,1515588551707,0.85365856,-0.024390243,0.44660193,0.85365856
2018-1-10T13-49-11,1515588551708,0.84390247,-0.024390243,0.44660193,0.84390247
2018-1-10T13-49-11,1515588551709,0.84390247,-0.024390243,0.4368932,0.84390247
2018-1-10T13-49-11,1515588551710,0.85365856,-0.024390243,0.44660193,0.85365856
2018-1-10T13-49-11,1515588551711,0.84390247,-0.034146342,0.44660193,0.84390247
2018-1-10T13-49-11,1515588551712,0.86341465,-0.024390243,0.4368932,0.86341465
2018-1-10T13-49-11,1515588551713,0.85365856,-0.024390243,0.44660193,0.85365856
2018-1-10T13-49-11,1515588551714,0.85365856,-0.004878049,0.44660193,0.85365856
2018-1-10T13-49-11,1515588551715,0.8829268,-0.014634146,0.4563107,0.8829268
2018-1-10T13-49-11,1515588551716,0.80487806,-0.014634146,0.44660193,0.80487806
2018-1-10T13-49-11,1515588551717,0.85365856,-0.024390243,0.4368932,0.85365856
2018-1-10T13-49-11,1515588551718,0.84390247,-0.07317073,0.4368932,0.84390247
2018-1-10T13-49-11,1515588551719,0.84390247,-0.024390243,0.5145631,0.84390247
2018-1-10T13-49-11,1515588551720,0.84390247,-0.014634146,0.4368932,0.84390247
2018-1-10T13-49-11,1515588551721,0.85365856,-0.024390243,0.4368932,0.85365856
2018-1-10T13-49-11,1515588551722,0.84390247,-0.034146342,0.4368932,0.84390247
2018-1-10T13-49-11,1515588551723,0.84390247,0.014634146,0.4368932,0.84390247
2018-1-10T13-49-11,1515588551724,0.85365856,-0.024390243,0.41747573,0.85365856
2018-1-10T13-49-11,1515588551725,0.85365856,-0.024390243,0.4368932,0.85365856
2018-1-10T13-49-11,1515588551726,0.84390247,-0.014634146,0.4368932,0.84390247
2018-1-10T13-49-11,1515588551727,0.85365856,-0.014634146,0.4368932,0.85365856
2018-1-10T13-49-11,1515588551728,0.84390247,-0.024390243,0.4368932,0.84390247
2018-1-10T13-49-11,1515588551729,0.84390247,-0.024390243,0.44660193,0.84390247
2018-1-10T13-49-11,1515588551730,0.86341465,-0.024390243,0.4368932,0.86341465
2018-1-10T13-49-11,1515588551731,0.85365856,-0.014634146,0.4368932,0.85365856
2018-1-10T13-49-11,1515588551732,0.85365856,-0.024390243,0.4368932,0.85365856
2018-1-10T13-49-11,1515588551733,0.85365856,-0.024390243,0.4368932,0.85365856
2018-1-10T13-49-11,1515588551734,0.85365856,-0.024390243,0.44660193,0.85365856
2018-1-10T13-49-11,1515588551735,0.85365856,-0.014634146,0.4368932,0.85365856
2018-1-10T13-49-11,1515588551736,0.85365856,-0.024390243,0.44660193,0.85365856
2018-1-10T13-49-11,1515588551737,0.84390247,0.024390243,0.44660193,0.84390247
2018-1-10T13-49-11,1515588551738,0.84390247,-0.004878049,0.44660193,0.84390247
2018-1-10T13-49-11,1515588551739,0.8341463,-0.024390243,0.44660193,0.8341463
2018-1-10T13-49-11,1515588551740,0.84390247,-0.024390243,0.4368932,0.84390247
2018-1-10T13-49-11,1515588551741,0.84390247,0.024390243,0.44660193,0.84390247
2018-1-10T13-49-11,1515588551742,0.84390247,0.014634146,0.4368932,0.84390247
2018-1-10T13-49-11,1515588551743,0.84390247,0.004878049,0.4368932,0.84390247
2018-1-10T13-49-11,1515588551744,0.8341463,-0.024390243,0.4368932,0.8341463
2018-1-10T13-49-11,1515588551745,0.84390247,-0.024390243,0.4368932,0.84390247
2018-1-10T13-49-11,1515588551746,0.85365856,-0.024390243,0.42718446,0.85365856
2018-1-10T13-49-11,1515588551747,0.84390247,-0.014634146,0.4368932,0.84390247
2018-1-10T13-49-11,1515588551748,0.84390247,-0.014634146,0.44660193,0.84390247
2018-1-10T13-49-11,1515588551749,0.79512197,-0.014634146,0.42718446,0.79512197
2018-1-10T13-49-11,1515588551750,0.85365856,-0.024390243,0.4563107,0.85365856
2018-1-10T13-49-11,1515588551751,0.8341463,-0.024390243,0.4368932,0.8341463
2018-1-10T13-49-11,1515588551752,0.84390247,-0.024390243,0.4563107,0.84390247
2018-1-10T13-49-11,1515588551753,0.84390247,-0.014634146,0.44660193,0.84390247
2018-1-10T13-49-11,1515588551754,0.82439023,0.014634146,0.44660193,0.82439023
2018-1-10T13-49-11,1515588551755,0.85365856,-0.024390243,0.4368932,0.85365856
2018-1-10T13-49-11,1515588551756,0.7853659,-0.014634146,0.407767,0.7853659
2018-1-10T13-49-11,1515588551757,0.85365856,-0.024390243,0.44660193,0.85365856
2018-1-10T13-49-11,1515588551758,0.85365856,-0.024390243,0.44660193,0.85365856
2018-1-10T13-49-11,1515588551759,0.8341463,-0.024390243,0.44660193,0.8341463
2018-1-10T13-49-11,1515588551760,0.84390247,-0.034146342,0.4368932,0.84390247
2018-1-10T13-49-11,1515588551761,0.84390247,-0.024390243,0.44660193,0.84390247
2018-1-10T13-49-11,1515588551762,0.84390247,-0.024390243,0.44660193,0.84390247
2018-1-10T13-49-11,1515588551763,0.84390247,-0.014634146,0.44660193,0.84390247
2018-1-10T13-49-11,1515588551764,0.84390247,-0.014634146,0.44660193,0.84390247
2018-1-10T13-49-11,1515588551765,0.7853659,-0.014634146,0.4368932,0.7853659
2018-1-10T13-49-11,1515588551766,0.85365856,-0.024390243,0.42718446,0.85365856
2018-1-10T13-49-11,1515588551767,0.84390247,0.014634146,0.3883495,0.84390247
2018-1-10T13-49-11,1515588551768,0.85365856,0.004878049,0.46601942,0.85365856
2018-1-10T13-49-11,1515588551769,0.85365856,-0.024390243,0.44660193,0.85365856
2018-1-10T13-49-11,1515588551770,0.84390247,-0.024390243,0.44660193,0.84390247
2018-1-10T13-49-11,1515588551771,0.84390247,-0.024390243,0.4368932,0.84390247
2018-1-10T13-49-11,1515588551772,0.84390247,-0.014634146,0.42718446,0.84390247
2018-1-10T13-49-11,1515588551773,0.84390247,-0.034146342,0.44660193,0.84390247
2018-1-10T13-49-11,1515588551774,0.8341463,0.024390243,0.407767,0.8341463
2018-1-10T13-49-11,1515588551775,0.84390247,-0.024390243,0.4563107,0.84390247
2018-1-10T13-49-11,1515588551776,0.85365856,-0.024390243,0.4368932,0.85365856
2018-1-10T13-49-11,1515588551777,0.84390247,-0.024390243,0.44660193,0.84390247
2018-1-10T13-49-11,1515588551778,0.84390247,-0.024390243,0.44660193,0.84390247
2018-1-10T13-49-11,1515588551779,0.84390247,-0.024390243,0.44660193,0.84390247
2018-1-10T13-49-11,1515588551780,0.8341463,-0.014634146,0.42718446,0.8341463
2018-1-10T13-49-11,1515588551781,0.84390247,-0.024390243,0.4368932,0.84390247
2018-1-10T13-49-11,1515588551782,0.84390247,-0.024390243,0.41747573,0.84390247
2018-1-10T13-49-11,1515588551783,0.85365856,-0.014634146,0.44660193,0.85365856
2018-1-10T13-49-11,1515588551784,0.84390247,-0.004878049,0.4368932,0.84390247
2018-1-10T13-49-11,1515588551785,0.84390247,-0.034146342,0.44660193,0.84390247
2018-1-10T13-49-11,1515588551786,0.84390247,-0.014634146,0.44660193,0.84390247
2018-1-10T13-49-11,1515588551787,0.84390247,-0.014634146,0.44660193,0.84390247
2018-1-10T13-49-11,1515588551788,0.80487806,-0.024390243,0.44660193,0.80487806
2018-1-10T13-49-11,1515588551789,0.8341463,-0.014634146,0.46601942,0.8341463
2018-1-10T13-49-11,1515588551790,0.84390247,-0.024390243,0.44660193,0.84390247
2018-1-10T13-49-11,1515588551791,0.84390247,-0.014634146,0.4563107,0.84390247
2018-1-10T13-49-11,1515588551792,0.86341465,-0.014634146,0.44660193,0.86341465
2018-1-10T13-49-11,1515588551793,0.84390247,-0.024390243,0.4368932,0.84390247
2018-1-10T13-49-11,1515588551794,0.8341463,-0.024390243,0.44660193,0.8341463
2018-1-10T13-49-11,1515588551795,0.85365856,-0.034146342,0.44660193,0.85365856
2018-1-10T13-49-11,1515588551796,0.85365856,-0.024390243,0.4368932,0.85365856
2018-1-10T13-49-11,1515588551797,0.84390247,-0.024390243,0.3883495,0.84390247
2018-1-10T13-49-11,1515588551798,0.8341463,-0.014634146,0.44660193,0.8341463
2018-1-10T13-49-11,1515588551799,0.84390247,-0.014634146,0.44660193,0.84390247
2018-1-10T13-49-11,1515588551800,0.84390247,-0.014634146,0.44660193,0.84390247
2018-1-10T13-49-11,1515588551801,0.85365856,-0.07317073,0.42718446,0.85365856
2018-1-10T13-49-11,1515588551802,0.84390247,-0.024390243,0.44660193,0.84390247
2018-1-10T13-49-11,1515588551803,0.85365856,-0.014634146,0.44660193,0.85365856
2018-1-10T13-49-11,1515588551804,0.85365856,-0.034146342,0.44660193,0.85365856
2018-1-10T13-49-11,1515588551805,0.85365856,-0.024390243,0.44660193,0.85365856
2018-1-10T13-49-11,1515588551806,0.84390247,-0.024390243,0.407767,0.84390247
2018-1-10T13-49-11,1515588551807,0.81463414,-0.024390243,0.44660193,0.81463414
2018-1-10T13-49-11,1515588551808,0.84390247,-0.024390243,0.44660193,0.84390247
2018-1-10T13-49-11,1515588551809,0.8341463,-0.024390243,0.44660193,0.8341463
2018-1-10T13-49-11,1515588551810,0.8341463,-0.024390243,0.4368932,0.8341463
2018-1-10T13-49-11,1515588551811,0.84390247,-0.024390243,0.4368932,0.84390247
2018-1-10T13-49-11,1515588551812,0.84390247,-0.024390243,0.4563107,0.84390247
2018-1-10T13-49-11,1515588551813,0.902439,-0.014634146,0.4368932,0.902439
2018-1-10T13-49-11,1515588551814,0.85365856,-0.024390243,0.44660193,0.85365856
2018-1-10T13-49-11,1515588551815,0.84390247,-0.024390243,0.44660193,0.84390247
2018-1-10T13-49-11,1515588551816,0.85365856,-0.053658538,0.44660193,0.85365856
2018-1-10T13-49-11,1515588551817,0.84390247,-0.014634146,0.44660193,0.84390247
2018-1-10T13-49-11,1515588551818,0.84390247,0.053658538,0.44660193,0.84390247
2018-1-10T13-49-11,1515588551819,0.8341463,-0.024390243,0.4368932,0.8341463
2018-1-10T13-49-11,1515588551820,0.84390247,-0.024390243,0.44660193,0.84390247
2018-1-10T13-49-11,1515588551821,0.84390247,-0.024390243,0.44660193,0.84390247
2018-1-10T13-49-11,1515588551822,0.85365856,-0.08292683,0.44660193,0.85365856
2018-1-10T13-49-11,1515588551823,0.84390247,-0.014634146,0.44660193,0.84390247
2018-1-10T13-49-11,1515588551824,0.85365856,-0.034146342,0.4368932,0.85365856
2018-1-10T13-49-11,1515588551825,0.84390247,-0.014634146,0.44660193,0.84390247
2018-1-10T13-49-11,1515588551826,0.8341463,-0.024390243,0.44660193,0.8341463
2018-1-10T13-49-11,1515588551827,0.84390247,-0.024390243,0.4368932,0.84390247
2018-1-10T13-49-11,1515588551828,0.84390247,-0.034146342,0.46601942,0.84390247
2018-1-10T13-49-11,1515588551829,0.85365856,-0.024390243,0.44660193,0.85365856
2018-1-10T13-49-11,1515588551830,0.82439023,-0.034146342,0.4563107,0.82439023
2018-1-10T13-49-11,1515588551831,0.86341465,-0.024390243,0.44660193,0.86341465
2018-1-10T13-49-11,1515588551832,0.84390247,-0.024390243,0.44660193,0.84390247
2018-1-10T13-49-11,1515588551833,0.84390247,-0.024390243,0.44660193,0.84390247
2018-1-10T13-49-11,1515588551834,0.84390247,-0.024390243,0.44660193,0.84390247
2018-1-10T13-49-11,1515588551835,0.85365856,-0.014634146,0.4368932,0.85365856
2018-1-10T13-49-11,1515588551836,0.85365856,-0.024390243,0.44660193,0.85365856
2018-1-10T13-49-11,1515588551837,0.84390247,-0.024390243,0.4368932,0.84390247
2018-1-10T13-49-11,1515588551838,0.84390247,-0.014634146,0.44660193,0.84390247
2018-1-10T13-49-11,1515588551839,0.87317073,0.053658538,0.4368932,0.87317073
2018-1-10T13-49-11,1515588551840,0.84390247,-0.024390243,0.4368932,0.84390247
2018-1-10T13-49-11,1515588551841,0.84390247,-0.034146342,0.4368932,0.84390247
2018-1-10T13-49-11,1515588551842,0.85365856,-0.024390243,0.4368932,0.85365856
2018-1-10T13-49-11,1515588551843,0.84390247,0.004878049,0.4368932,0.84390247
2018-1-10T13-49-11,1515588551844,0.85365856,-0.024390243,0.44660193,0.85365856
2018-1-10T13-49-11,1515588551845,0.85365856,-0.024390243,0.44660193,0.85365856
2018-1-10T13-49-11,1515588551846,0.85365856,-0.004878049,0.44660193,0.85365856
2018-1-10T13-49-11,1515588551847,0.902439,-0.024390243,0.44660193,0.902439
2018-1-10T13-49-11,1515588551848,0.84390247,-0.014634146,0.44660193,0.84390247
2018-1-10T13-49-11,1515588551849,0.85365856,-0.014634146,0.44660193,0.85365856
2018-1-10T13-49-11,1515588551850,0.84390247,-0.024390243,0.44660193,0.84390247
2018-1-10T13-49-11,1515588551851,0.84390247,-0.024390243,0.44660193,0.84390247
2018-1-10T13-49-11,1515588551852,0.84390247,-0.004878049,0.44660193,0.84390247
2018-1-10T13-49-11,1515588551853,0.84390247,-0.014634146,0.44660193,0.84390247
2018-1-10T13-49-11,1515588551854,0.84390247,-0.043902438,0.44660193,0.84390247
2018-1-10T13-49-11,1515588551855,0.84390247,-0.014634146,0.4563107,0.84390247
2018-1-10T13-49-11,1515588551856,0.86341465,-0.034146342,0.42718446,0.86341465
2018-1-10T13-49-11,1515588551857,0.82439023,-0.024390243,0.44660193,0.82439023
2018-1-10T13-49-11,1515588551858,0.85365856,-0.034146342,0.44660193,0.85365856
2018-1-10T13-49-11,1515588551859,0.85365856,-0.024390243,0.44660193,0.85365856
2018-1-10T13-49-11,1515588551860,0.80487806,-0.024390243,0.44660193,0.80487806
2018-1-10T13-49-11,1515588551861,0.85365856,-0.024390243,0.44660193,0.85365856
2018-1-10T13-49-11,1515588551862,0.84390247,-0.034146342,0.3883495,0.84390247
2018-1-10T13-49-11,1515588551863,0.84390247,-0.024390243,0.4854369,0.84390247
2018-1-10T13-49-11,1515588551864,0.84390247,-0.024390243,0.4368932,0.84390247
2018-1-10T13-49-11,1515588551865,0.84390247,-0.004878049,0.4368932,0.84390247
2018-1-10T13-49-11,1515588551866,0.84390247,-0.014634146,0.44660193,0.84390247
2018-1-10T13-49-11,1515588551867,0.85365856,-0.09268293,0.407767,0.85365856
2018-1-10T13-49-11,1515588551868,0.85365856,-0.024390243,0.44660193,0.85365856
2018-1-10T13-49-11,1515588551869,0.84390247,-0.014634146,0.4368932,0.84390247
2018-1-10T13-49-11,1515588551870,0.85365856,-0.014634146,0.39805827,0.85365856
2018-1-10T13-49-11,1515588551871,0.84390247,-0.043902438,0.44660193,0.84390247
2018-1-10T13-49-11,1515588551872,0.84390247,-0.014634146,0.44660193,0.84390247
2018-1-10T13-49-11,1515588551873,0.8341463,-0.034146342,0.44660193,0.8341463
2018-1-10T13-49-11,1515588551874,0.85365856,-0.014634146,0.44660193,0.85365856
2018-1-10T13-49-11,1515588551875,0.84390247,-0.024390243,0.44660193,0.84390247
2018-1-10T13-49-11,1515588551876,0.85365856,-0.024390243,0.44660193,0.85365856
2018-1-10T13-49-11,1515588551877,0.85365856,-0.004878049,0.44660193,0.85365856
2018-1-10T13-49-11,1515588551878,0.84390247,-0.034146342,0.44660193,0.84390247
2018-1-10T13-49-11,1515588551879,0.85365856,-0.034146342,0.4563107,0.85365856
2018-1-10T13-49-11,1515588551880,0.81463414,-0.024390243,0.4368932,0.81463414
2018-1-10T13-49-11,1515588551881,0.84390247,-0.024390243,0.44660193,0.84390247
2018-1-10T13-49-11,1515588551882,0.84390247,-0.014634146,0.4368932,0.84390247
2018-1-10T13-49-11,1515588551883,0.84390247,-0.024390243,0.4368932,0.84390247
2018-1-10T13-49-11,1515588551884,0.84390247,-0.024390243,0.44660193,0.84390247
2018-1-10T13-49-11,1515588551885,0.85365856,-0.014634146,0.4368932,0.85365856
2018-1-10T13-49-11,1515588551886,0.84390247,0.034146342,0.4368932,0.84390247
2018-1-10T13-49-11,1515588551887,0.8341463,-0.024390243,0.44660193,0.8341463
2018-1-10T13-49-11,1515588551888,0.84390247,-0.014634146,0.42718446,0.84390247
2018-1-10T13-49-11,1515588551889,0.8341463,-0.024390243,0.4368932,0.8341463
2018-1-10T13-49-11,1515588551890,0.7853659,-0.10243902,0.44660193,0.7853659
2018-1-10T13-49-11,1515588551891,0.85365856,-0.024390243,0.44660193,0.85365856
2018-1-10T13-49-11,1515588551892,0.84390247,-0.024390243,0.44660193,0.84390247
2018-1-10T13-49-11,1515588551893,0.82439023,-0.024390243,0.44660193,0.82439023
2018-1-10T13-49-11,1515588551894,0.8341463,-0.024390243,0.44660193,0.8341463
2018-1-10T13-49-11,1515588551895,0.85365856,-0.024390243,0.42718446,0.85365856
2018-1-10T13-49-11,1515588551896,0.84390247,-0.024390243,0.4368932,0.84390247
2018-1-10T13-49-11,1515588551897,0.84390247,-0.014634146,0.4368932,0.84390247
2018-1-10T13-49-11,1515588551898,0.85365856,0.004878049,0.4368932,0.85365856
2018-1-10T13-49-11,1515588551899,0.85365856,-0.034146342,0.4368932,0.85365856
2018-1-10T13-49-11,1515588551900,0.8341463,-0.014634146,0.44660193,0.8341463
2018-1-10T13-49-11,1515588551901,0.85365856,-0.053658538,0.44660193,0.85365856
2018-1-10T13-49-11,1515588551902,0.84390247,-0.014634146,0.44660193,0.84390247
2018-1-10T13-49-11,1515588551903,0.84390247,-0.034146342,0.44660193,0.84390247
2018-1-10T13-49-11,1515588551904,0.84390247,-0.024390243,0.46601942,0.84390247
2018-1-10T13-49-11,1515588551905,0.84390247,-0.024390243,0.4563107,0.84390247
2018-1-10T13-49-11,1515588551906,0.84390247,-0.024390243,0.42718446,0.84390247
2018-1-10T13-49-11,1515588551907,0.86341465,-0.034146342,0.44660193,0.86341465
2018-1-10T13-49-11,1515588551908,0.85365856,-0.024390243,0.44660193,0.85365856
2018-1-10T13-49-11,1515588551909,0.84390247,-0.024390243,0.44660193,0.84390247
2018-1-10T13-49-11,1515588551910,0.85365856,-0.014634146,0.44660193,0.85365856
2018-1-10T13-49-11,1515588551911,0.8341463,-0.06341463,0.44660193,0.8341463
2018-1-10T13-49-11,1515588551912,0.84390247,-0.043902438,0.44660193,0.84390247
2018-1-10T13-49-11,1515588551913,0.84390247,-0.014634146,0.44660193,0.84390247
2018-1-10T13-49-11,1515588551914,0.8829268,0.014634146,0.4368932,0.8829268
2018-1-10T13-49-11,1515588551915,0.84390247,-0.014634146,0.44660193,0.84390247
2018-1-10T13-49-11,1515588551916,0.84390247,-0.034146342,0.4368932,0.84390247
2018-1-10T13-49-11,1515588551917,0.84390247,-0.024390243,0.44660193,0.84390247
2018-1-10T13-49-11,1515588551918,0.84390247,-0.014634146,0.44660193,0.84390247
2018-1-10T13-49-11,1515588551919,0.84390247,-0.034146342,0.44660193,0.84390247
2018-1-10T13-49-11,1515588551920,0.74634147,-0.014634146,0.44660193,0.74634147
2018-1-10T13-49-11,1515588551921,0.86341465,-0.014634146,0.4368932,0.86341465
2018-1-10T13-49-11,1515588551922,0.84390247,-0.014634146,0.4563107,0.84390247
2018-1-10T13-49-11,1515588551923,0.85365856,-0.024390243,0.44660193,0.85365856
2018-1-10T13-49-11,1515588551924,0.8341463,-0.043902438,0.4368932,0.8341463
2018-1-10T13-49-11,1515588551925,0.84390247,-0.014634146,0.44660193,0.84390247
2018-1-10T13-49-11,1515588551926,0.85365856,-0.024390243,0.44660193,0.85365856
2018-1-10T13-49-11,1515588551927,0.85365856,-0.034146342,0.4368932,0.85365856
2018-1-10T13-49-11,1515588551928,0.85365856,-0.024390243,0.44660193,0.85365856
2018-1-10T13-49-11,1515588551929,0.85365856,0.004878049,0.4368932,0.85365856
2018-1-10T13-49-11,1515588551930,0.84390247,-0.014634146,0.4368932,0.84390247
2018-1-10T13-49-11,1515588551931,0.84390247,-0.09268293,0.4368932,0.84390247
2018-1-10T13-49-11,1515588551932,0.85365856,-0.06341463,0.4368932,0.85365856
2018-1-10T13-49-11,1515588551933,0.85365856,-0.024390243,0.4368932,0.85365856
2018-1-10T13-49-11,1515588551934,0.85365856,-0.024390243,0.4368932,0.85365856
2018-1-10T13-49-11,1515588551935,0.84390247,-0.024390243,0.44660193,0.84390247
2018-1-10T13-49-11,1515588551936,0.85365856,-0.024390243,0.4368932,0.85365856
2018-1-10T13-49-11,1515588551937,0.8341463,-0.034146342,0.4368932,0.8341463
2018-1-10T13-49-11,1515588551938,0.87317073,-0.034146342,0.4368932,0.87317073
2018-1-10T13-49-11,1515588551939,0.84390247,-0.014634146,0.44660193,0.84390247
2018-1-10T13-49-11,1515588551940,0.84390247,0.053658538,0.44660193,0.84390247
2018-1-10T13-49-11,1515588551941,0.84390247,-0.024390243,0.4368932,0.84390247
2018-1-10T13-49-11,1515588551942,0.8341463,-0.024390243,0.44660193,0.8341463
2018-1-10T13-49-11,1515588551943,0.84390247,-0.024390243,0.4368932,0.84390247
2018-1-10T13-49-11,1515588551944,0.84390247,-0.034146342,0.44660193,0.84390247
2018-1-10T13-49-11,1515588551945,0.84390247,-0.004878049,0.44660193,0.84390247
2018-1-10T13-49-11,1515588551946,0.85365856,-0.014634146,0.4368932,0.85365856
2018-1-10T13-49-11,1515588551947,0.85365856,-0.024390243,0.4368932,0.85365856
2018-1-10T13-49-11,1515588551948,0.85365856,0.06341463,0.44660193,0.85365856
2018-1-10T13-49-11,1515588551949,0.84390247,-0.024390243,0.44660193,0.84390247
2018-1-10T13-49-11,1515588551950,0.85365856,-0.014634146,0.44660193,0.85365856
2018-1-10T13-49-11,1515588551951,0.84390247,-0.034146342,0.44660193,0.84390247
2018-1-10T13-49-11,1515588551952,0.86341465,-0.014634146,0.4563107,0.86341465
2018-1-10T13-49-11,1515588551953,0.85365856,-0.024390243,0.44660193,0.85365856
2018-1-10T13-49-11,1515588551954,0.84390247,0.024390243,0.44660193,0.84390247
2018-1-10T13-49-11,1515588551955,0.84390247,-0.024390243,0.4368932,0.84390247
2018-1-10T13-49-11,1515588551956,0.85365856,-0.014634146,0.44660193,0.85365856
2018-1-10T13-49-11,1515588551957,0.85365856,-0.024390243,0.4563107,0.85365856
2018-1-10T13-49-11,1515588551958,0.84390247,-0.024390243,0.44660193,0.84390247
2018-1-10T13-49-11,1515588551959,0.85365856,-0.024390243,0.44660193,0.85365856
2018-1-10T13-49-11,1515588551960,0.84390247,-0.024390243,0.4563107,0.84390247
2018-1-10T13-49-11,1515588551961,0.85365856,-0.014634146,0.3883495,0.85365856
2018-1-10T13-49-11,1515588551962,0.84390247,-0.014634146,0.44660193,0.84390247
2018-1-10T13-49-11,1515588551963,0.85365856,0.014634146,0.44660193,0.85365856
2018-1-10T13-49-11,1515588551964,0.902439,-0.024390243,0.4368932,0.902439
2018-1-10T13-49-11,1515588551965,0.8341463,-0.014634146,0.44660193,0.8341463
2018-1-10T13-49-11,1515588551966,0.84390247,-0.024390243,0.44660193,0.84390247
2018-1-10T13-49-11,1515588551967,0.84390247,-0.004878049,0.4368932,0.84390247
2018-1-10T13-49-11,1515588551968,0.84390247,-0.014634146,0.44660193,0.84390247
2018-1-10T13-49-11,1515588551969,0.84390247,-0.024390243,0.44660193,0.84390247
2018-1-10T13-49-11,1515588551970,0.84390247,-0.014634146,0.4368932,0.84390247
2018-1-10T13-49-11,1515588551971,0.85365856,-0.024390243,0.4563107,0.85365856
2018-1-10T13-49-11,1515588551972,0.84390247,-0.034146342,0.4368932,0.84390247
2018-1-10T13-49-11,1515588551973,0.85365856,-0.024390243,0.44660193,0.85365856
2018-1-10T13-49-11,1515588551974,0.84390247,-0.024390243,0.44660193,0.84390247
2018-1-10T13-49-11,1515588551975,0.8341463,-0.014634146,0.44660193,0.8341463
2018-1-10T13-49-11,1515588551976,0.84390247,-0.024390243,0.4563107,0.84390247
2018-1-10T13-49-11,1515588551977,0.84390247,-0.024390243,0.44660193,0.84390247
2018-1-10T13-49-11,1515588551978,0.84390247,-0.024390243,0.37864077,0.84390247
2018-1-10T13-49-11,1515588551979,0.84390247,-0.024390243,0.44660193,0.84390247
2018-1-10T13-49-11,1515588551980,0.8341463,-0.024390243,0.44660193,0.8341463
2018-1-10T13-49-11,1515588551981,0.77560973,-0.014634146,0.4368932,0.77560973
2018-1-10T13-49-11,1515588551982,0.8341463,-0.024390243,0.44660193,0.8341463
2018-1-10T13-49-11,1515588551983,0.84390247,-0.024390243,0.4368932,0.84390247
2018-1-10T13-49-11,1515588551984,0.84390247,-0.014634146,0.4368932,0.84390247
2018-1-10T13-49-11,1515588551985,0.84390247,-0.014634146,0.4368932,0.84390247
2018-1-10T13-49-11,1515588551986,0.8341463,-0.024390243,0.44660193,0.8341463
2018-1-10T13-49-11,1515588551987,0.84390247,-0.024390243,0.44660193,0.84390247
2018-1-10T13-49-11,1515588551988,0.86341465,-0.024390243,0.44660193,0.86341465
2018-1-10T13-49-11,1515588551989,0.84390247,-0.024390243,0.42718446,0.84390247
2018-1-10T13-49-11,1515588551990,0.8341463,-0.024390243,0.4563107,0.8341463
2018-1-10T13-49-11,1515588551991,0.84390247,-0.014634146,0.44660193,0.84390247
2018-1-10T13-49-11,1515588551992,0.84390247,0.004878049,0.44660193,0.84390247
2018-1-10T13-49-11,1515588551993,0.84390247,-0.024390243,0.44660193,0.84390247
2018-1-10T13-49-11,1515588551994,0.85365856,-0.014634146,0.4563107,0.85365856
2018-1-10T13-49-11,1515588551995,0.84390247,-0.014634146,0.42718446,0.84390247
2018-1-10T13-49-11,1515588551996,0.84390247,-0.024390243,0.4368932,0.84390247
2018-1-10T13-49-11,1515588551997,0.81463414,-0.014634146,0.5145631,0.81463414
2018-1-10T13-49-11,1515588551998,0.85365856,-0.014634146,0.44660193,0.85365856
2018-1-10T13-49-11,1515588551999,0.84390247,-0.024390243,0.44660193,0.84390247
2018-1-10T13-49-12,1515588552000,0.84390247,-0.014634146,0.44660193,0.84390247
2018-1-10T13-49-12,1515588552001,0.8341463,-0.034146342,0.44660193,0.8341463
2018-1-10T13-49-12,1515588552002,0.84390247,-0.014634146,0.44660193,0.84390247
2018-1-10T13-49-12,1515588552003,0.84390247,-0.014634146,0.4368932,0.84390247
2018-1-10T13-49-12,1515588552004,0.85365856,-0.024390243,0.4368932,0.85365856
2018-1-10T13-49-12,1515588552005,0.85365856,-0.024390243,0.44660193,0.85365856
2018-1-10T13-49-12,1515588552006,0.84390247,-0.004878049,0.44660193,0.84390247
2018-1-10T13-49-12,1515588552007,0.8341463,-0.034146342,0.4368932,0.8341463
2018-1-10T13-49-12,1515588552008,0.8829268,-0.024390243,0.4368932,0.8829268
2018-1-10T13-49-12,1515588552009,0.85365856,-0.014634146,0.4368932,0.85365856
2018-1-10T13-49-12,1515588552010,0.85365856,-0.014634146,0.4368932,0.85365856
2018-1-10T13-49-12,1515588552011,0.84390247,-0.034146342,0.44660193,0.84390247
2018-1-10T13-49-12,1515588552012,0.84390247,-0.043902438,0.4368932,0.84390247
2018-1-10T13-49-12,1515588552013,0.8341463,-0.034146342,0.4563107,0.8341463
2018-1-10T13-49-12,1515588552014,0.84390247,-0.034146342,0.44660193,0.84390247
2018-1-10T13-49-12,1515588552015,0.85365856,-0.014634146,0.4563107,0.85365856
2018-1-10T13-49-12,1515588552016,0.85365856,-0.014634146,0.44660193,0.85365856
2018-1-10T13-49-12,1515588552017,0.84390247,-0.024390243,0.4563107,0.84390247
2018-1-10T13-49-12,1515588552018,0.85365856,0.06341463,0.4368932,0.85365856
2018-1-10T13-49-12,1515588552019,0.85365856,-0.024390243,0.4368932,0.85365856
2018-1-10T13-49-12,1515588552020,0.85365856,-0.034146342,0.44660193,0.85365856
2018-1-10T13-49-12,1515588552021,0.84390247,-0.024390243,0.39805827,0.84390247
2018-1-10T13-49-12,1515588552022,0.86341465,-0.024390243,0.44660193,0.86341465
2018-1-10T13-49-12,1515588552023,0.84390247,-0.014634146,0.4368932,0.84390247
2018-1-10T13-49-12,1515588552024,0.8341463,-0.024390243,0.44660193,0.8341463
2018-1-10T13-49-12,1515588552025,0.84390247,-0.014634146,0.4563107,0.84390247
2018-1-10T13-49-12,1515588552026,0.84390247,-0.014634146,0.44660193,0.84390247
2018-1-10T13-49-12,1515588552027,0.84390247,-0.024390243,0.44660193,0.84390247
2018-1-10T13-49-12,1515588552028,0.85365856,-0.034146342,0.4368932,0.85365856
2018-1-10T13-49-12,1515588552029,0.8341463,-0.014634146,0.44660193,0.8341463
2018-1-10T13-49-12,1515588552030,0.85365856,-0.024390243,0.44660193,0.85365856
2018-1-10T13-49-12,1515588552031,0.84390247,-0.024390243,0.4368932,0.84390247
2018-1-10T13-49-12,1515588552032,0.84390247,-0.024390243,0.44660193,0.84390247
2018-1-10T13-49-12,1515588552033,0.85365856,-0.004878049,0.44660193,0.85365856
2018-1-10T13-49-12,1515588552034,0.85365856,-0.024390243,0.4563107,0.85365856
2018-1-10T13-49-12,1515588552035,0.84390247,-0.024390243,0.42718446,0.84390247
2018-1-10T13-49-12,1515588552036,0.84390247,-0.024390243,0.44660193,0.84390247
2018-1-10T13-49-12,1515588552037,0.84390247,-0.034146342,0.4563107,0.84390247
2018-1-10T13-49-12,1515588552038,0.82439023,-0.024390243,0.42718446,0.82439023
2018-1-10T13-49-12,1515588552039,0.82439023,-0.024390243,0.4368932,0.82439023
2018-1-10T13-49-12,1515588552040,0.85365856,-0.024390243,0.4368932,0.85365856
2018-1-10T13-49-12,1515588552041,0.84390247,-0.014634146,0.4368932,0.84390247
2018-1-10T13-49-12,1515588552042,0.85365856,-0.024390243,0.44660193,0.85365856
2018-1-10T13-49-12,1515588552043,0.81463414,-0.014634146,0.4368932,0.81463414
2018-1-10T13-49-12,1515588552044,0.82439023,-0.024390243,0.44660193,0.82439023
2018-1-10T13-49-12,1515588552045,0.85365856,-0.014634146,0.44660193,0.85365856
2018-1-10T13-49-12,1515588552046,0.84390247,-0.014634146,0.4563107,0.84390247
2018-1-10T13-49-12,1515588552047,0.84390247,-0.014634146,0.4368932,0.84390247
2018-1-10T13-49-12,1515588552048,0.85365856,-0.053658538,0.44660193,0.85365856
2018-1-10T13-49-12,1515588552049,0.84390247,-0.014634146,0.44660193,0.84390247
2018-1-10T13-49-12,1515588552050,0.87317073,0.06341463,0.44660193,0.87317073
2018-1-10T13-49-12,1515588552051,0.84390247,-0.024390243,0.4563107,0.84390247
2018-1-10T13-49-12,1515588552052,0.85365856,-0.024390243,0.44660193,0.85365856
2018-1-10T13-49-12,1515588552053,0.85365856,-0.014634146,0.44660193,0.85365856
2018-1-10T13-49-12,1515588552054,0.84390247,-0.024390243,0.44660193,0.84390247
2018-1-10T13-49-12,1515588552055,0.84390247,-0.024390243,0.44660193,0.84390247
2018-1-10T13-49-12,1515588552056,0.85365856,-0.014634146,0.4563107,0.85365856
2018-1-10T13-49-12,1515588552057,0.85365856,-0.014634146,0.42718446,0.85365856
2018-1-10T13-49-12,1515588552058,0.84390247,-0.014634146,0.44660193,0.84390247
2018-1-10T13-49-12,1515588552059,0.7853659,-0.014634146,0.4563107,0.7853659
2018-1-10T13-49-12,1515588552060,0.84390247,-0.024390243,0.44660193,0.84390247
2018-1-10T13-49-12,1515588552061,0.84390247,-0.024390243,0.44660193,0.84390247
2018-1-10T13-49-12,1515588552062,0.84390247,-0.024390243,0.4368932,0.84390247
2018-1-10T13-49-12,1515588552063,0.84390247,-0.024390243,0.44660193,0.84390247
2018-1-10T13-49-12,1515588552064,0.84390247,-0.024390243,0.4368932,0.84390247
2018-1-10T13-49-12,1515588552065,0.84390247,-0.014634146,0.44660193,0.84390247
2018-1-10T13-49-12,1515588552066,0.84390247,-0.014634146,0.4563107,0.84390247
2018-1-10T13-49-12,1515588552067,0.85365856,0.043902438,0.44660193,0.85365856
2018-1-10T13-49-12,1515588552068,0.84390247,-0.024390243,0.4563107,0.84390247
2018-1-10T13-49-12,1515588552069,0.84390247,-0.024390243,0.44660193,0.84390247
2018-1-10T13-49-12,1515588552070,0.84390247,-0.024390243,0.4563107,0.84390247
2018-1-10T13-49-12,1515588552071,0.85365856,-0.06341463,0.44660193,0.85365856
2018-1-10T13-49-12,1515588552072,0.84390247,-0.014634146,0.4368932,0.84390247
2018-1-10T13-49-12,1515588552073,0.85365856,-0.024390243,0.4368932,0.85365856
2018-1-10T13-49-12,1515588552074,0.85365856,-0.024390243,0.44660193,0.85365856
2018-1-10T13-49-12,1515588552075,0.86341465,-0.024390243,0.44660193,0.86341465
2018-1-10T13-49-12,1515588552076,0.84390247,-0.024390243,0.44660193,0.84390247
2018-1-10T13-49-12,1515588552077,0.86341465,-0.024390243,0.44660193,0.86341465
2018-1-10T13-49-12,1515588552078,0.84390247,-0.034146342,0.44660193,0.84390247
2018-1-10T13-49-12,1515588552079,0.84390247,-0.024390243,0.4563107,0.84390247
2018-1-10T13-49-12,1515588552080,0.84390247,-0.024390243,0.44660193,0.84390247
2018-1-10T13-49-12,1515588552081,0.84390247,-0.014634146,0.44660193,0.84390247
2018-1-10T13-49-12,1515588552082,0.84390247,-0.034146342,0.44660193,0.84390247
2018-1-10T13-49-12,1515588552083,0.84390247,-0.053658538,0.4563107,0.84390247
2018-1-10T13-49-12,1515588552084,0.85365856,-0.014634146,0.44660193,0.85365856
2018-1-10T13-49-12,1515588552085,0.85365856,-0.014634146,0.44660193,0.85365856
2018-1-10T13-49-12,1515588552086,0.84390247,0.034146342,0.44660193,0.84390247
2018-1-10T13-49-12,1515588552087,0.84390247,-0.014634146,0.44660193,0.84390247
2018-1-10T13-49-12,1515588552088,0.8341463,-0.024390243,0.4368932,0.8341463
2018-1-10T13-49-12,1515588552089,0.85365856,-0.024390243,0.44660193,0.85365856
2018-1-10T13-49-12,1515588552090,0.84390247,-0.024390243,0.4368932,0.84390247
2018-1-10T13-49-12,1515588552091,0.85365856,-0.014634146,0.44660193,0.85365856
2018-1-10T13-49-12,1515588552092,0.84390247,-0.014634146,0.44660193,0.84390247
2018-1-10T13-49-12,1515588552093,0.84390247,-0.024390243,0.4368932,0.84390247
2018-1-10T13-49-12,1515588552094,0.86341465,-0.024390243,0.4368932,0.86341465
2018-1-10T13-49-12,1515588552095,0.84390247,-0.024390243,0.44660193,0.84390247
2018-1-10T13-49-12,1515588552096,0.84390247,-0.024390243,0.44660193,0.84390247
2018-1-10T13-49-12,1515588552097,0.85365856,-0.034146342,0.4368932,0.85365856
2018-1-10T13-49-12,1515588552098,0.85365856,-0.024390243,0.4368932,0.85365856
2018-1-10T13-49-12,1515588552099,0.86341465,-0.014634146,0.44660193,0.86341465
2018-1-10T13-49-12,1515588552100,0.84390247,-0.024390243,0.44660193,0.84390247
2018-1-10T13-49-12,1515588552101,0.84390247,0.034146342,0.4368932,0.84390247
2018-1-10T13-49-12,1515588552102,0.85365856,-0.014634146,0.44660193,0.85365856
2018-1-10T13-49-12,1515588552103,0.8341463,-0.014634146,0.44660193,0.8341463
2018-1-10T13-49-12,1515588552104,0.85365856,-0.024390243,0.4368932,0.85365856
2018-1-10T13-49-12,1515588552105,0.84390247,-0.024390243,0.4368932,0.84390247
2018-1-10T13-49-12,1515588552106,0.84390247,-0.014634146,0.44660193,0.84390247
2018-1-10T13-49-12,1515588552107,0.8829268,-0.024390243,0.44660193,0.8829268
2018-1-10T13-49-12,1515588552108,0.85365856,-0.014634146,0.4368932,0.85365856
2018-1-10T13-49-12,1515588552109,0.84390247,-0.014634146,0.4368932,0.84390247
2018-1-10T13-49-12,1515588552110,0.84390247,-0.10243902,0.44660193,0.84390247
2018-1-10T13-49-12,1515588552111,0.84390247,-0.014634146,0.4368932,0.84390247
2018-1-10T13-49-12,1515588552112,0.84390247,-0.014634146,0.44660193,0.84390247
2018-1-10T13-49-12,1515588552113,0.84390247,-0.014634146,0.4368932,0.84390247
2018-1-10T13-49-12,1515588552114,0.85365856,-0.004878049,0.4368932,0.85365856
2018-1-10T13-49-12,1515588552115,0.84390247,-0.024390243,0.4368932,0.84390247
2018-1-10T13-49-12,1515588552116,0.81463414,-0.024390243,0.44660193,0.81463414
2018-1-10T13-49-12,1515588552117,0.84390247,-0.024390243,0.44660193,0.84390247
2018-1-10T13-49-12,1515588552118,0.84390247,-0.034146342,0.4368932,0.84390247
2018-1-10T13-49-12,1515588552119,0.84390247,-0.024390243,0.44660193,0.84390247
2018-1-10T13-49-12,1515588552120,0.8341463,-0.034146342,0.44660193,0.8341463
2018-1-10T13-49-12,1515588552121,0.84390247,-0.024390243,0.44660193,0.84390247
2018-1-10T13-49-12,1515588552122,0.84390247,-0.024390243,0.44660193,0.84390247
2018-1-10T13-49-12,1515588552123,0.84390247,-0.034146342,0.44660193,0.84390247
2018-1-10T13-49-12,1515588552124,0.84390247,-0.024390243,0.44660193,0.84390247
2018-1-10T13-49-12,1515588552125,0.84390247,-0.024390243,0.44660193,0.84390247
2018-1-10T13-49-12,1515588552126,0.8341463,-0.014634146,0.44660193,0.8341463
2018-1-10T13-49-12,1515588552127,0.86341465,-0.014634146,0.44660193,0.86341465
2018-1-10T13-49-12,1515588552128,0.84390247,-0.024390243,0.44660193,0.84390247
2018-1-10T13-49-12,1515588552129,0.86341465,0.004878049,0.4368932,0.86341465
2018-1-10T13-49-12,1515588552130,0.84390247,-0.024390243,0.4563107,0.84390247
2018-1-10T13-49-12,1515588552131,0.9317073,0.014634146,0.4368932,0.9317073
2018-1-10T13-49-12,1515588552132,0.85365856,-0.024390243,0.44660193,0.85365856
2018-1-10T13-49-12,1515588552133,0.84390247,-0.07317073,0.44660193,0.84390247
2018-1-10T13-49-12,1515588552134,0.85365856,-0.014634146,0.4368932,0.85365856
2018-1-10T13-49-12,1515588552135,0.84390247,-0.024390243,0.44660193,0.84390247
2018-1-10T13-49-12,1515588552136,0.85365856,-0.024390243,0.44660193,0.85365856
2018-1-10T13-49-12,1515588552137,0.86341465,-0.024390243,0.44660193,0.86341465
2018-1-10T13-49-12,1515588552138,0.85365856,-0.014634146,0.42718446,0.85365856
2018-1-10T13-49-12,1515588552139,0.85365856,-0.014634146,0.4368932,0.85365856
2018-1-10T13-49-12,1515588552140,0.85365856,-0.024390243,0.44660193,0.85365856
2018-1-10T13-49-12,1515588552141,0.84390247,-0.024390243,0.4368932,0.84390247
2018-1-10T13-49-12,1515588552142,0.84390247,-0.024390243,0.44660193,0.84390247
2018-1-10T13-49-12,1515588552143,0.77560973,-0.014634146,0.44660193,0.77560973
2018-1-10T13-49-12,1515588552144,0.8341463,-0.024390243,0.44660193,0.8341463
2018-1-10T13-49-12,1515588552145,0.86341465,-0.024390243,0.44660193,0.86341465
2018-1-10T13-49-12,1515588552146,0.85365856,-0.004878049,0.47572815,0.85365856
2018-1-10T13-49-12,1515588552147,0.9317073,-0.024390243,0.44660193,0.9317073
2018-1-10T13-49-12,1515588552148,0.84390247,-0.024390243,0.4563107,0.84390247
2018-1-10T13-49-12,1515588552149,0.84390247,-0.014634146,0.44660193,0.84390247
2018-1-10T13-49-12,1515588552150,0.85365856,-0.024390243,0.4368932,0.85365856
2018-1-10T13-49-12,1515588552151,0.84390247,-0.014634146,0.44660193,0.84390247
2018-1-10T13-49-12,1515588552152,0.84390247,-0.024390243,0.44660193,0.84390247
2018-1-10T13-49-12,1515588552153,0.86341465,-0.014634146,0.4563107,0.86341465
2018-1-10T13-49-12,1515588552154,0.87317073,-0.034146342,0.44660193,0.87317073
2018-1-10T13-49-12,1515588552155,0.86341465,-0.024390243,0.4368932,0.86341465
2018-1-10T13-49-12,1515588552156,0.84390247,-0.024390243,0.44660193,0.84390247
2018-1-10T13-49-12,1515588552157,0.84390247,-0.014634146,0.44660193,0.84390247
2018-1-10T13-49-12,1515588552158,0.84390247,-0.014634146,0.44660193,0.84390247
2018-1-10T13-49-12,1515588552159,0.87317073,-0.053658538,0.4368932,0.87317073
2018-1-10T13-49-12,1515588552160,0.84390247,-0.024390243,0.4368932,0.84390247
2018-1-10T13-49-12,1515588552161,0.85365856,-0.024390243,0.44660193,0.85365856
2018-1-10T13-49-12,1515588552162,0.86341465,-0.024390243,0.4368932,0.86341465
2018-1-10T13-49-12,1515588552163,0.84390247,-0.053658538,0.44660193,0.84390247
2018-1-10T13-49-12,1515588552164,0.8341463,-0.024390243,0.44660193,0.8341463
2018-1-10T13-49-12,1515588552165,0.85365856,-0.024390243,0.44660193,0.85365856
2018-1-10T13-49-12,1515588552166,0.84390247,-0.014634146,0.44660193,0.84390247
2018-1-10T13-49-12,1515588552167,0.84390247,-0.034146342,0.44660193,0.84390247
2018-1-10T13-49-12,1515588552168,0.85365856,-0.024390243,0.4368932,0.85365856
2018-1-10T13-49-12,1515588552169,0.8341463,-0.024390243,0.44660193,0.8341463
2018-1-10T13-49-12,1515588552170,0.84390247,-0.024390243,0.44660193,0.84390247
2018-1-10T13-49-12,1515588552171,0.84390247,-0.014634146,0.4368932,0.84390247
2018-1-10T13-49-12,1515588552172,0.84390247,-0.024390243,0.4368932,0.84390247
2018-1-10T13-49-12,1515588552173,0.84390247,-0.024390243,0.4368932,0.84390247
2018-1-10T13-49-12,1515588552174,0.85365856,0.053658538,0.44660193,0.85365856
2018-1-10T13-49-12,1515588552175,0.86341465,-0.024390243,0.46601942,0.86341465
2018-1-10T13-49-12,1515588552176,0.84390247,-0.024390243,0.44660193,0.84390247
2018-1-10T13-49-12,1515588552177,0.84390247,-0.014634146,0.44660193,0.84390247
2018-1-10T13-49-12,1515588552178,0.84390247,-0.024390243,0.407767,0.84390247
2018-1-10T13-49-12,1515588552179,0.8341463,-0.014634146,0.44660193,0.8341463
2018-1-10T13-49-12,1515588552180,0.81463414,-0.043902438,0.44660193,0.81463414
2018-1-10T13-49-12,1515588552181,0.84390247,-0.024390243,0.44660193,0.84390247
2018-1-10T13-49-12,1515588552182,0.85365856,-0.014634146,0.44660193,0.85365856
2018-1-10T13-49-12,1515588552183,0.84390247,-0.024390243,0.44660193,0.84390247
2018-1-10T13-49-12,1515588552184,0.84390247,-0.043902438,0.44660193,0.84390247
2018-1-10T13-49-12,1515588552185,0.84390247,-0.024390243,0.44660193,0.84390247
2018-1-10T13-49-12,1515588552186,0.8341463,-0.034146342,0.44660193,0.8341463
2018-1-10T13-49-12,1515588552187,0.84390247,-0.024390243,0.4368932,0.84390247
2018-1-10T13-49-12,1515588552188,0.84390247,-0.014634146,0.4368932,0.84390247
2018-1-10T13-49-12,1515588552189,0.84390247,-0.014634146,0.44660193,0.84390247
2018-1-10T13-49-12,1515588552190,0.84390247,-0.024390243,0.44660193,0.84390247
2018-1-10T13-49-12,1515588552191,0.84390247,-0.014634146,0.4368932,0.84390247
2018-1-10T13-49-12,1515588552192,0.84390247,-0.024390243,0.44660193,0.84390247
2018-1-10T13-49-12,1515588552193,0.8829268,-0.024390243,0.44660193,0.8829268
2018-1-10T13-49-12,1515588552194,0.85365856,-0.024390243,0.44660193,0.85365856
2018-1-10T13-49-12,1515588552195,0.84390247,-0.024390243,0.44660193,0.84390247
2018-1-10T13-49-12,1515588552196,0.8341463,-0.024390243,0.44660193,0.8341463
2018-1-10T13-49-12,1515588552197,0.84390247,-0.004878049,0.44660193,0.84390247
2018-1-10T13-49-12,1515588552198,0.84390247,-0.024390243,0.44660193,0.84390247
2018-1-10T13-49-12,1515588552199,0.84390247,-0.014634146,0.44660193,0.84390247
2018-1-10T13-49-12,1515588552200,0.86341465,-0.024390243,0.44660193,0.86341465
2018-1-10T13-49-12,1515588552201,0.85365856,-0.024390243,0.44660193,0.85365856
2018-1-10T13-49-12,1515588552202,0.84390247,-0.024390243,0.4563107,0.84390247
2018-1-10T13-49-12,1515588552203,0.84390247,-0.024390243,0.44660193,0.84390247
2018-1-10T13-49-12,1515588552204,0.85365856,-0.014634146,0.44660193,0.85365856
2018-1-10T13-49-12,1515588552205,0.85365856,-0.034146342,0.4563107,0.85365856
2018-1-10T13-49-12,1515588552206,0.84390247,-0.014634146,0.44660193,0.84390247
2018-1-10T13-49-12,1515588552207,0.85365856,-0.014634146,0.4368932,0.85365856
2018-1-10T13-49-12,1515588552208,0.84390247,-0.053658538,0.44660193,0.84390247
2018-1-10T13-49-12,1515588552209,0.84390247,-0.043902438,0.44660193,0.84390247
2018-1-10T13-49-12,1515588552210,0.84390247,-0.034146342,0.37864077,0.84390247
2018-1-10T13-49-12,1515588552211,0.84390247,-0.024390243,0.44660193,0.84390247
2018-1-10T13-49-12,1515588552212,0.84390247,-0.024390243,0.41747573,0.84390247
2018-1-10T13-49-12,1515588552213,0.84390247,-0.014634146,0.4368932,0.84390247
2018-1-10T13-49-12,1515588552214,0.84390247,-0.024390243,0.44660193,0.84390247
2018-1-10T13-49-12,1515588552215,0.85365856,-0.014634146,0.44660193,0.85365856
2018-1-10T13-49-12,1515588552216,0.84390247,-0.014634146,0.44660193,0.84390247
2018-1-10T13-49-12,1515588552217,0.84390247,-0.024390243,0.4368932,0.84390247
2018-1-10T13-49-12,1515588552218,0.85365856,-0.024390243,0.44660193,0.85365856
2018-1-10T13-49-12,1515588552219,0.86341465,-0.024390243,0.4368932,0.86341465
2018-1-10T13-49-12,1515588552220,0.84390247,-0.024390243,0.4368932,0.84390247
2018-1-10T13-49-12,1515588552221,0.84390247,-0.024390243,0.4368932,0.84390247
2018-1-10T13-49-12,1515588552222,0.8341463,-0.014634146,0.4368932,0.8341463
2018-1-10T13-49-12,1515588552223,0.84390247,-0.024390243,0.4368932,0.84390247
2018-1-10T13-49-12,1515588552224,0.85365856,-0.024390243,0.44660193,0.85365856
2018-1-10T13-49-12,1515588552225,0.902439,-0.014634146,0.46601942,0.902439
2018-1-10T13-49-12,1515588552226,0.84390247,-0.024390243,0.44660193,0.84390247
2018-1-10T13-49-12,1515588552227,0.84390247,-0.024390243,0.44660193,0.84390247
2018-1-10T13-49-12,1515588552228,0.8341463,-0.024390243,0.4368932,0.8341463
2018-1-10T13-49-12,1515588552229,0.85365856,-0.024390243,0.44660193,0.85365856
2018-1-10T13-49-12,1515588552230,0.84390247,-0.024390243,0.44660193,0.84390247
2018-1-10T13-49-12,1515588552231,0.85365856,-0.014634146,0.4368932,0.85365856
2018-1-10T13-49-12,1515588552232,0.84390247,-0.07317073,0.44660193,0.84390247
2018-1-10T13-49-12,1515588552233,0.85365856,-0.024390243,0.4368932,0.85365856
2018-1-10T13-49-12,1515588552234,0.84390247,-0.024390243,0.44660193,0.84390247
2018-1-10T13-49-12,1515588552235,0.87317073,-0.024390243,0.44660193,0.87317073
2018-1-10T13-49-12,1515588552236,0.84390247,-0.014634146,0.4368932,0.84390247
2018-1-10T13-49-12,1515588552237,0.84390247,-0.014634146,0.4368932,0.84390247
2018-1-10T13-49-12,1515588552238,0.87317073,-0.014634146,0.4368932,0.87317073
2018-1-10T13-49-12,1515588552239,0.85365856,-0.034146342,0.4368932,0.85365856
2018-1-10T13-49-12,1515588552240,0.8829268,-0.024390243,0.4368932,0.8829268
2018-1-10T13-49-12,1515588552241,0.84390247,-0.024390243,0.44660193,0.84390247
2018-1-10T13-49-12,1515588552242,0.84390247,-0.024390243,0.46601942,0.84390247
2018-1-10T13-49-12,1515588552243,0.84390247,-0.004878049,0.44660193,0.84390247
2018-1-10T13-49-12,1515588552244,0.84390247,-0.034146342,0.44660193,0.84390247
2018-1-10T13-49-12,1515588552245,0.87317073,-0.024390243,0.4368932,0.87317073
2018-1-10T13-49-12,1515588552246,0.84390247,-0.024390243,0.44660193,0.84390247
2018-1-10T13-49-12,1515588552247,0.84390247,-0.024390243,0.44660193,0.84390247
2018-1-10T13-49-12,1515588552248,0.85365856,-0.014634146,0.41747573,0.85365856
2018-1-10T13-49-12,1515588552249,0.85365856,-0.014634146,0.4368932,0.85365856
2018-1-10T13-49-12,1515588552250,0.85365856,-0.034146342,0.44660193,0.85365856
2018-1-10T13-49-12,1515588552251,0.84390247,-0.014634146,0.4368932,0.84390247
2018-1-10T13-49-12,1515588552252,0.8341463,-0.024390243,0.4368932,0.8341463
2018-1-10T13-49-12,1515588552253,0.84390247,-0.014634146,0.44660193,0.84390247
2018-1-10T13-49-12,1515588552254,0.85365856,0.004878049,0.44660193,0.85365856
2018-1-10T13-49-12,1515588552255,0.84390247,-0.024390243,0.4368932,0.84390247
2018-1-10T13-49-12,1515588552256,0.84390247,-0.024390243,0.4368932,0.84390247
2018-1-10T13-49-12,1515588552257,0.8341463,-0.024390243,0.44660193,0.8341463
2018-1-10T13-49-12,1515588552258,0.85365856,-0.024390243,0.44660193,0.85365856
2018-1-10T13-49-12,1515588552259,0.84390247,-0.004878049,0.4368932,0.84390247
2018-1-10T13-49-12,1515588552260,0.84390247,-0.014634146,0.44660193,0.84390247
2018-1-10T13-49-12,1515588552261,0.84390247,-0.024390243,0.44660193,0.84390247
2018-1-10T13-49-12,1515588552262,0.86341465,-0.024390243,0.44660193,0.86341465
2018-1-10T13-49-12,1515588552263,0.84390247,-0.004878049,0.4368932,0.84390247
2018-1-10T13-49-12,1515588552264,0.84390247,-0.024390243,0.4563107,0.84390247
2018-1-10T13-49-12,1515588552265,0.8341463,-0.024390243,0.44660193,0.8341463
2018-1-10T13-49-12,1515588552266,0.84390247,-0.024390243,0.46601942,0.84390247
2018-1-10T13-49-12,1515588552267,0.85365856,-0.014634146,0.4563107,0.85365856
2018-1-10T13-49-12,1515588552268,0.84390247,-0.024390243,0.44660193,0.84390247
2018-1-10T13-49-12,1515588552269,0.85365856,-0.004878049,0.44660193,0.85365856
2018-1-10T13-49-12,1515588552270,0.85365856,-0.004878049,0.44660193,0.85365856
2018-1-10T13-49-12,1515588552271,0.84390247,-0.034146342,0.44660193,0.84390247
2018-1-10T13-49-12,1515588552272,0.84390247,-0.024390243,0.44660193,0.84390247
2018-1-10T13-49-12,1515588552273,0.85365856,-0.034146342,0.44660193,0.85365856
2018-1-10T13-49-12,1515588552274,0.85365856,-0.014634146,0.4368932,0.85365856
2018-1-10T13-49-12,1515588552275,0.84390247,-0.014634146,0.42718446,0.84390247
2018-1-10T13-49-12,1515588552276,0.84390247,-0.024390243,0.44660193,0.84390247
2018-1-10T13-49-12,1515588552277,0.84390247,-0.014634146,0.4563107,0.84390247
2018-1-10T13-49-12,1515588552278,0.84390247,-0.014634146,0.44660193,0.84390247
2018-1-10T13-49-12,1515588552279,0.85365856,-0.014634146,0.44660193,0.85365856
2018-1-10T13-49-12,1515588552280,0.86341465,-0.024390243,0.44660193,0.86341465
2018-1-10T13-49-12,1515588552281,0.85365856,-0.024390243,0.4368932,0.85365856
2018-1-10T13-49-12,1515588552282,0.84390247,-0.024390243,0.4368932,0.84390247
2018-1-10T13-49-12,1515588552283,0.84390247,-0.014634146,0.44660193,0.84390247
2018-1-10T13-49-12,1515588552284,0.8341463,-0.014634146,0.4368932,0.8341463
2018-1-10T13-49-12,1515588552285,0.85365856,-0.024390243,0.4368932,0.85365856
2018-1-10T13-49-12,1515588552286,0.7853659,-0.024390243,0.42718446,0.7853659
2018-1-10T13-49-12,1515588552287,0.85365856,-0.014634146,0.44660193,0.85365856
2018-1-10T13-49-12,1515588552288,0.84390247,-0.024390243,0.44660193,0.84390247
2018-1-10T13-49-12,1515588552289,0.85365856,-0.014634146,0.44660193,0.85365856
2018-1-10T13-49-12,1515588552290,0.85365856,-0.024390243,0.4368932,0.85365856
2018-1-10T13-49-12,1515588552291,0.77560973,-0.024390243,0.44660193,0.77560973
2018-1-10T13-49-12,1515588552292,0.85365856,-0.034146342,0.44660193,0.85365856
2018-1-10T13-49-12,1515588552293,0.8341463,-0.024390243,0.44660193,0.8341463
2018-1-10T13-49-12,1515588552294,0.84390247,-0.024390243,0.44660193,0.84390247
2018-1-10T13-49-12,1515588552295,0.85365856,-0.014634146,0.44660193,0.85365856
2018-1-10T13-49-12,1515588552296,0.84390247,-0.014634146,0.44660193,0.84390247
2018-1-10T13-49-12,1515588552297,0.84390247,-0.024390243,0.44660193,0.84390247
2018-1-10T13-49-12,1515588552298,0.84390247,-0.024390243,0.4563107,0.84390247
2018-1-10T13-49-12,1515588552299,0.84390247,-0.024390243,0.44660193,0.84390247
2018-1-10T13-49-12,1515588552300,0.85365856,-0.024390243,0.44660193,0.85365856
2018-1-10T13-49-12,1515588552301,0.84390247,-0.024390243,0.44660193,0.84390247
2018-1-10T13-49-12,1515588552302,0.84390247,-0.024390243,0.4368932,0.84390247
2018-1-10T13-49-12,1515588552303,0.86341465,-0.014634146,0.4368932,0.86341465
2018-1-10T13-49-12,1515588552304,0.84390247,0.024390243,0.46601942,0.84390247
2018-1-10T13-49-12,1515588552305,0.84390247,-0.014634146,0.44660193,0.84390247
2018-1-10T13-49-12,1515588552306,0.84390247,-0.014634146,0.4368932,0.84390247
2018-1-10T13-49-12,1515588552307,0.85365856,-0.024390243,0.44660193,0.85365856
2018-1-10T13-49-12,1515588552308,0.85365856,-0.034146342,0.44660193,0.85365856
2018-1-10T13-49-12,1515588552309,0.80487806,-0.024390243,0.44660193,0.80487806
2018-1-10T13-49-12,1515588552310,0.84390247,-0.043902438,0.4368932,0.84390247
2018-1-10T13-49-12,1515588552311,0.85365856,-0.024390243,0.42718446,0.85365856
2018-1-10T13-49-12,1515588552312,0.8341463,-0.014634146,0.4368932,0.8341463
2018-1-10T13-49-12,1515588552313,0.84390247,-0.014634146,0.4368932,0.84390247
2018-1-10T13-49-12,1515588552314,0.84390247,-0.024390243,0.44660193,0.84390247
2018-1-10T13-49-12,1515588552315,0.81463414,-0.024390243,0.44660193,0.81463414
2018-1-10T13-49-12,1515588552316,0.84390247,-0.024390243,0.44660193,0.84390247
2018-1-10T13-49-12,1515588552317,0.84390247,-0.014634146,0.4368932,0.84390247
2018-1-10T13-49-12,1515588552318,0.8341463,-0.004878049,0.44660193,0.8341463
2018-1-10T13-49-12,1515588552319,0.86341465,-0.024390243,0.4563107,0.86341465
2018-1-10T13-49-12,1515588552320,0.8341463,-0.014634146,0.44660193,0.8341463
2018-1-10T13-49-12,1515588552321,0.85365856,0.014634146,0.44660193,0.85365856
2018-1-10T13-49-12,1515588552322,0.8341463,-0.024390243,0.44660193,0.8341463
2018-1-10T13-49-12,1515588552323,0.84390247,-0.024390243,0.44660193,0.84390247
2018-1-10T13-49-12,1515588552324,0.85365856,-0.024390243,0.4368932,0.85365856
2018-1-10T13-49-12,1515588552325,0.84390247,-0.024390243,0.42718446,0.84390247
2018-1-10T13-49-12,1515588552326,0.8341463,-0.014634146,0.4368932,0.8341463
2018-1-10T13-49-12,1515588552327,0.84390247,-0.014634146,0.44660193,0.84390247
2018-1-10T13-49-12,1515588552328,0.84390247,-0.024390243,0.44660193,0.84390247
2018-1-10T13-49-12,1515588552329,0.84390247,-0.024390243,0.44660193,0.84390247
2018-1-10T13-49-12,1515588552330,0.84390247,-0.024390243,0.4368932,0.84390247
2018-1-10T13-49-12,1515588552331,0.84390247,-0.043902438,0.44660193,0.84390247
2018-1-10T13-49-12,1515588552332,0.84390247,-0.014634146,0.4563107,0.84390247
2018-1-10T13-49-12,1515588552333,0.84390247,-0.014634146,0.4368932,0.84390247
2018-1-10T13-49-12,1515588552334,0.84390247,-0.024390243,0.44660193,0.84390247
2018-1-10T13-49-12,1515588552335,0.84390247,-0.014634146,0.44660193,0.84390247
2018-1-10T13-49-12,1515588552336,0.84390247,-0.024390243,0.44660193,0.84390247
2018-1-10T13-49-12,1515588552337,0.81463414,-0.014634146,0.44660193,0.81463414
2018-1-10T13-49-12,1515588552338,0.84390247,-0.034146342,0.41747573,0.84390247
2018-1-10T13-49-12,1515588552339,0.84390247,-0.024390243,0.44660193,0.84390247
2018-1-10T13-49-12,1515588552340,0.84390247,-0.014634146,0.44660193,0.84390247
2018-1-10T13-49-12,1515588552341,0.81463414,-0.024390243,0.44660193,0.81463414
2018-1-10T13-49-12,1515588552342,0.84390247,-0.024390243,0.44660193,0.84390247
2018-1-10T13-49-12,1515588552343,0.84390247,-0.024390243,0.44660193,0.84390247
2018-1-10T13-49-12,1515588552344,0.85365856,-0.024390243,0.44660193,0.85365856
2018-1-10T13-49-12,1515588552345,0.84390247,-0.014634146,0.42718446,0.84390247
2018-1-10T13-49-12,1515588552346,0.85365856,-0.024390243,0.44660193,0.85365856
2018-1-10T13-49-12,1515588552347,0.85365856,-0.014634146,0.44660193,0.85365856
2018-1-10T13-49-12,1515588552348,0.86341465,-0.034146342,0.44660193,0.86341465
2018-1-10T13-49-12,1515588552349,0.84390247,-0.024390243,0.44660193,0.84390247
2018-1-10T13-49-12,1515588552350,0.8341463,-0.014634146,0.44660193,0.8341463
2018-1-10T13-49-12,1515588552351,0.84390247,-0.024390243,0.44660193,0.84390247
2018-1-10T13-49-12,1515588552352,0.8341463,-0.024390243,0.44660193,0.8341463
2018-1-10T13-49-12,1515588552353,0.84390247,-0.004878049,0.4368932,0.84390247
2018-1-10T13-49-12,1515588552354,0.85365856,-0.034146342,0.44660193,0.85365856
2018-1-10T13-49-12,1515588552355,0.8341463,-0.043902438,0.44660193,0.8341463
2018-1-10T13-49-12,1515588552356,0.85365856,-0.014634146,0.44660193,0.85365856
2018-1-10T13-49-12,1515588552357,0.85365856,-0.014634146,0.44660193,0.85365856
2018-1-10T13-49-12,1515588552358,0.85365856,-0.024390243,0.44660193,0.85365856
2018-1-10T13-49-12,1515588552359,0.84390247,-0.024390243,0.44660193,0.84390247
2018-1-10T13-49-12,1515588552360,0.84390247,-0.024390243,0.4368932,0.84390247
2018-1-10T13-49-12,1515588552361,0.84390247,-0.024390243,0.4368932,0.84390247
2018-1-10T13-49-12,1515588552362,0.84390247,-0.034146342,0.4854369,0.84390247
2018-1-10T13-49-12,1515588552363,0.84390247,-0.034146342,0.42718446,0.84390247
2018-1-10T13-49-12,1515588552364,0.84390247,-0.024390243,0.4368932,0.84390247
2018-1-10T13-49-12,1515588552365,0.84390247,-0.024390243,0.44660193,0.84390247
2018-1-10T13-49-12,1515588552366,0.84390247,-0.024390243,0.4368932,0.84390247
2018-1-10T13-49-12,1515588552367,0.85365856,-0.024390243,0.4368932,0.85365856
2018-1-10T13-49-12,1515588552368,0.84390247,-0.024390243,0.4563107,0.84390247
2018-1-10T13-49-12,1515588552369,0.85365856,-0.024390243,0.44660193,0.85365856
2018-1-10T13-49-12,1515588552370,0.84390247,-0.014634146,0.4368932,0.84390247
2018-1-10T13-49-12,1515588552371,0.85365856,-0.024390243,0.44660193,0.85365856
2018-1-10T13-49-12,1515588552372,0.84390247,-0.014634146,0.4368932,0.84390247
2018-1-10T13-49-12,1515588552373,0.84390247,-0.014634146,0.4368932,0.84390247
2018-1-10T13-49-12,1515588552374,0.85365856,-0.06341463,0.4368932,0.85365856
2018-1-10T13-49-12,1515588552375,0.85365856,-0.014634146,0.4368932,0.85365856
2018-1-10T13-49-12,1515588552376,0.84390247,-0.034146342,0.4368932,0.84390247
2018-1-10T13-49-12,1515588552377,0.85365856,-0.024390243,0.4368932,0.85365856
2018-1-10T13-49-12,1515588552378,0.86341465,-0.024390243,0.44660193,0.86341465
2018-1-10T13-49-12,1515588552379,0.84390247,-0.024390243,0.4563107,0.84390247
2018-1-10T13-49-12,1515588552380,0.85365856,-0.024390243,0.44660193,0.85365856
2018-1-10T13-49-12,1515588552381,0.85365856,-0.024390243,0.44660193,0.85365856
2018-1-10T13-49-12,1515588552382,0.85365856,-0.024390243,0.44660193,0.85365856
2018-1-10T13-49-12,1515588552383,0.85365856,-0.014634146,0.44660193,0.85365856
2018-1-10T13-49-12,1515588552384,0.8341463,-0.034146342,0.44660193,0.8341463
2018-1-10T13-49-12,1515588552385,0.84390247,-0.014634146,0.44660193,0.84390247
2018-1-10T13-49-12,1515588552386,0.84390247,-0.024390243,0.4368932,0.84390247
2018-1-10T13-49-12,1515588552387,0.8341463,0.014634146,0.4368932,0.8341463
2018-1-10T13-49-12,1515588552388,0.8341463,-0.024390243,0.44660193,0.8341463
2018-1-10T13-49-12,1515588552389,0.84390247,-0.024390243,0.4563107,0.84390247
2018-1-10T13-49-12,1515588552390,0.85365856,-0.014634146,0.4563107,0.85365856
2018-1-10T13-49-12,1515588552391,0.85365856,-0.024390243,0.42718446,0.85365856
2018-1-10T13-49-12,1515588552392,0.82439023,-0.024390243,0.44660193,0.82439023
2018-1-10T13-49-12,1515588552393,0.84390247,-0.024390243,0.4563107,0.84390247
2018-1-10T13-49-12,1515588552394,0.84390247,-0.024390243,0.4368932,0.84390247
2018-1-10T13-49-12,1515588552395,0.85365856,-0.014634146,0.4563107,0.85365856
2018-1-10T13-49-12,1515588552396,0.84390247,-0.034146342,0.4563107,0.84390247
2018-1-10T13-49-12,1515588552397,0.85365856,-0.004878049,0.44660193,0.85365856
2018-1-10T13-49-12,1515588552398,0.84390247,-0.024390243,0.44660193,0.84390247
2018-1-10T13-49-12,1515588552399,0.84390247,-0.07317073,0.44660193,0.84390247
2018-1-10T13-49-12,1515588552400,0.85365856,-0.024390243,0.46601942,0.85365856
2018-1-10T13-49-12,1515588552401,0.81463414,-0.024390243,0.44660193,0.81463414
2018-1-10T13-49-12,1515588552402,0.84390247,-0.024390243,0.44660193,0.84390247
2018-1-10T13-49-12,1515588552403,0.8341463,-0.024390243,0.44660193,0.8341463
2018-1-10T13-49-12,1515588552404,0.8341463,0.004878049,0.47572815,0.8341463
2018-1-10T13-49-12,1515588552405,0.8341463,-0.024390243,0.44660193,0.8341463
2018-1-10T13-49-12,1515588552406,0.86341465,-0.014634146,0.4563107,0.86341465
2018-1-10T13-49-12,1515588552407,0.8341463,-0.014634146,0.44660193,0.8341463
2018-1-10T13-49-12,1515588552408,0.84390247,-0.024390243,0.44660193,0.84390247
2018-1-10T13-49-12,1515588552409,0.8341463,-0.024390243,0.4368932,0.8341463
2018-1-10T13-49-12,1515588552410,0.84390247,-0.024390243,0.4368932,0.84390247
2018-1-10T13-49-12,1515588552411,0.8341463,-0.024390243,0.4368932,0.8341463
2018-1-10T13-49-12,1515588552412,0.85365856,-0.034146342,0.4563107,0.85365856
2018-1-10T13-49-12,1515588552413,0.84390247,-0.024390243,0.44660193,0.84390247
2018-1-10T13-49-12,1515588552414,0.84390247,-0.07317073,0.44660193,0.84390247
2018-1-10T13-49-12,1515588552415,0.84390247,-0.014634146,0.44660193,0.84390247
2018-1-10T13-49-12,1515588552416,0.79512197,-0.034146342,0.44660193,0.79512197
2018-1-10T13-49-12,1515588552417,0.84390247,-0.014634146,0.4563107,0.84390247
2018-1-10T13-49-12,1515588552418,0.87317073,-0.024390243,0.44660193,0.87317073
2018-1-10T13-49-12,1515588552419,0.8341463,-0.024390243,0.4563107,0.8341463
2018-1-10T13-49-12,1515588552420,0.84390247,-0.024390243,0.44660193,0.84390247
2018-1-10T13-49-12,1515588552421,0.84390247,-0.053658538,0.44660193,0.84390247
2018-1-10T13-49-12,1515588552422,0.84390247,-0.014634146,0.44660193,0.84390247
2018-1-10T13-49-12,1515588552423,0.84390247,-0.014634146,0.4368932,0.84390247
2018-1-10T13-49-12,1515588552424,0.85365856,-0.024390243,0.44660193,0.85365856
2018-1-10T13-49-12,1515588552425,0.84390247,0.014634146,0.44660193,0.84390247
2018-1-10T13-49-12,1515588552426,0.84390247,-0.014634146,0.44660193,0.84390247
2018-1-10T13-49-12,1515588552427,0.81463414,-0.024390243,0.44660193,0.81463414
2018-1-10T13-49-12,1515588552428,0.85365856,-0.014634146,0.4368932,0.85365856
2018-1-10T13-49-12,1515588552429,0.85365856,-0.034146342,0.44660193,0.85365856
2018-1-10T13-49-12,1515588552430,0.84390247,-0.014634146,0.4563107,0.84390247
2018-1-10T13-49-12,1515588552431,0.85365856,-0.014634146,0.44660193,0.85365856
2018-1-10T13-49-12,1515588552432,0.84390247,-0.024390243,0.44660193,0.84390247
2018-1-10T13-49-12,1515588552433,0.85365856,-0.024390243,0.44660193,0.85365856
2018-1-10T13-49-12,1515588552434,0.85365856,-0.024390243,0.4368932,0.85365856
2018-1-10T13-49-12,1515588552435,0.84390247,-0.024390243,0.44660193,0.84390247
2018-1-10T13-49-12,1515588552436,0.84390247,0.024390243,0.4368932,0.84390247
2018-1-10T13-49-12,1515588552437,0.84390247,-0.024390243,0.44660193,0.84390247
2018-1-10T13-49-12,1515588552438,0.85365856,-0.024390243,0.4368932,0.85365856
2018-1-10T13-49-12,1515588552439,0.84390247,-0.014634146,0.44660193,0.84390247
2018-1-10T13-49-12,1515588552440,0.85365856,-0.004878049,0.4368932,0.85365856
2018-1-10T13-49-12,1515588552441,0.85365856,-0.024390243,0.44660193,0.85365856
2018-1-10T13-49-12,1515588552442,0.7853659,-0.024390243,0.44660193,0.7853659
2018-1-10T13-49-12,1515588552443,0.84390247,-0.024390243,0.46601942,0.84390247
2018-1-10T13-49-12,1515588552444,0.84390247,-0.014634146,0.4368932,0.84390247
2018-1-10T13-49-12,1515588552445,0.84390247,-0.024390243,0.4563107,0.84390247
2018-1-10T13-49-12,1515588552446,0.8341463,-0.024390243,0.44660193,0.8341463
2018-1-10T13-49-12,1515588552447,0.85365856,-0.024390243,0.44660193,0.85365856
2018-1-10T13-49-12,1515588552448,0.85365856,-0.024390243,0.44660193,0.85365856
2018-1-10T13-49-12,1515588552449,0.84390247,-0.014634146,0.44660193,0.84390247
2018-1-10T13-49-12,1515588552450,0.85365856,-0.034146342,0.44660193,0.85365856
2018-1-10T13-49-12,1515588552451,0.85365856,-0.024390243,0.4368932,0.85365856
2018-1-10T13-49-12,1515588552452,0.84390247,-0.024390243,0.44660193,0.84390247
2018-1-10T13-49-12,1515588552453,0.84390247,-0.053658538,0.4368932,0.84390247
2018-1-10T13-49-12,1515588552454,0.84390247,-0.024390243,0.44660193,0.84390247
2018-1-10T13-49-12,1515588552455,0.85365856,-0.014634146,0.3883495,0.85365856
2018-1-10T13-49-12,1515588552456,0.84390247,-0.024390243,0.44660193,0.84390247
2018-1-10T13-49-12,1515588552457,0.84390247,-0.024390243,0.4563107,0.84390247
2018-1-10T13-49-12,1515588552458,0.85365856,-0.014634146,0.4368932,0.85365856
2018-1-10T13-49-12,1515588552459,0.84390247,-0.024390243,0.44660193,0.84390247
2018-1-10T13-49-12,1515588552460,0.85365856,-0.014634146,0.44660193,0.85365856
2018-1-10T13-49-12,1515588552461,0.7853659,-0.014634146,0.4368932,0.7853659
2018-1-10T13-49-12,1515588552462,0.87317073,-0.004878049,0.42718446,0.87317073
2018-1-10T13-49-12,1515588552463,0.84390247,-0.004878049,0.47572815,0.84390247
2018-1-10T13-49-12,1515588552464,0.84390247,-0.024390243,0.44660193,0.84390247
2018-1-10T13-49-12,1515588552465,0.84390247,-0.024390243,0.42718446,0.84390247
2018-1-10T13-49-12,1515588552466,0.85365856,-0.024390243,0.4368932,0.85365856
2018-1-10T13-49-12,1515588552467,0.85365856,-0.043902438,0.44660193,0.85365856
2018-1-10T13-49-12,1515588552468,0.85365856,-0.024390243,0.44660193,0.85365856
2018-1-10T13-49-12,1515588552469,0.85365856,-0.024390243,0.4563107,0.85365856
2018-1-10T13-49-12,1515588552470,0.84390247,0.024390243,0.44660193,0.84390247
2018-1-10T13-49-12,1515588552471,0.85365856,-0.024390243,0.4368932,0.85365856
2018-1-10T13-49-12,1515588552472,0.85365856,0.004878049,0.44660193,0.85365856
2018-1-10T13-49-12,1515588552473,0.87317073,0.024390243,0.4563107,0.87317073
2018-1-10T13-49-12,1515588552474,0.84390247,-0.024390243,0.4368932,0.84390247
2018-1-10T13-49-12,1515588552475,0.8341463,-0.024390243,0.49514562,0.8341463
2018-1-10T13-49-12,1515588552476,0.84390247,-0.043902438,0.4368932,0.84390247
2018-1-10T13-49-12,1515588552477,0.85365856,-0.024390243,0.4368932,0.85365856
2018-1-10T13-49-12,1515588552478,0.84390247,-0.024390243,0.44660193,0.84390247
2018-1-10T13-49-12,1515588552479,0.85365856,-0.024390243,0.44660193,0.85365856
2018-1-10T13-49-12,1515588552480,0.8341463,-0.024390243,0.44660193,0.8341463
2018-1-10T13-49-12,1515588552481,0.84390247,-0.024390243,0.4563107,0.84390247
2018-1-10T13-49-12,1515588552482,0.84390247,-0.024390243,0.4368932,0.84390247
2018-1-10T13-49-12,1515588552483,0.84390247,-0.024390243,0.44660193,0.84390247
2018-1-10T13-49-12,1515588552484,0.85365856,-0.034146342,0.44660193,0.85365856
2018-1-10T13-49-12,1515588552485,0.85365856,-0.014634146,0.42718446,0.85365856
2018-1-10T13-49-12,1515588552486,0.84390247,-0.024390243,0.4563107,0.84390247
2018-1-10T13-49-12,1515588552487,0.84390247,-0.024390243,0.4563107,0.84390247
2018-1-10T13-49-12,1515588552488,0.84390247,-0.014634146,0.4368932,0.84390247
2018-1-10T13-49-12,1515588552489,0.84390247,-0.043902438,0.41747573,0.84390247
2018-1-10T13-49-12,1515588552490,0.84390247,0.004878049,0.44660193,0.84390247
2018-1-10T13-49-12,1515588552491,0.84390247,-0.043902438,0.47572815,0.84390247
2018-1-10T13-49-12,1515588552492,0.84390247,-0.024390243,0.44660193,0.84390247
2018-1-10T13-49-12,1515588552493,0.84390247,-0.024390243,0.4368932,0.84390247
2018-1-10T13-49-12,1515588552494,0.84390247,-0.014634146,0.4368932,0.84390247
2018-1-10T13-49-12,1515588552495,0.85365856,-0.043902438,0.44660193,0.85365856
2018-1-10T13-49-12,1515588552496,0.84390247,-0.014634146,0.44660193,0.84390247
2018-1-10T13-49-12,1515588552497,0.8341463,-0.024390243,0.4563107,0.8341463
2018-1-10T13-49-12,1515588552498,0.85365856,-0.024390243,0.44660193,0.85365856
2018-1-10T13-49-12,1515588552499,0.84390247,-0.024390243,0.4563107,0.84390247
2018-1-10T13-49-12,1515588552500,0.84390247,-0.024390243,0.44660193,0.84390247
2018-1-10T13-49-12,1515588552501,0.82439023,-0.024390243,0.44660193,0.82439023
2018-1-10T13-49-12,1515588552502,0.84390247,-0.024390243,0.44660193,0.84390247
2018-1-10T13-49-12,1515588552503,0.87317073,-0.014634146,0.44660193,0.87317073
2018-1-10T13-49-12,1515588552504,0.85365856,-0.034146342,0.4368932,0.85365856
2018-1-10T13-49-12,1515588552505,0.84390247,-0.024390243,0.4368932,0.84390247
2018-1-10T13-49-12,1515588552506,0.84390247,0.053658538,0.46601942,0.84390247
2018-1-10T13-49-12,1515588552507,0.85365856,-0.024390243,0.4368932,0.85365856
2018-1-10T13-49-12,1515588552508,0.84390247,-0.024390243,0.44660193,0.84390247
2018-1-10T13-49-12,1515588552509,0.86341465,-0.024390243,0.44660193,0.86341465
2018-1-10T13-49-12,1515588552510,0.84390247,0.043902438,0.4563107,0.84390247
2018-1-10T13-49-12,1515588552511,0.84390247,-0.014634146,0.4368932,0.84390247
2018-1-10T13-49-12,1515588552512,0.84390247,-0.024390243,0.44660193,0.84390247
2018-1-10T13-49-12,1515588552513,0.85365856,-0.024390243,0.44660193,0.85365856
2018-1-10T13-49-12,1515588552514,0.84390247,0.034146342,0.44660193,0.84390247
2018-1-10T13-49-12,1515588552515,0.84390247,-0.014634146,0.44660193,0.84390247
2018-1-10T13-49-12,1515588552516,0.84390247,-0.014634146,0.44660193,0.84390247
2018-1-10T13-49-12,1515588552517,0.84390247,-0.024390243,0.44660193,0.84390247
2018-1-10T13-49-12,1515588552518,0.85365856,-0.024390243,0.44660193,0.85365856
2018-1-10T13-49-12,1515588552519,0.8341463,-0.014634146,0.407767,0.8341463
2018-1-10T13-49-12,1515588552520,0.84390247,-0.024390243,0.44660193,0.84390247
2018-1-10T13-49-12,1515588552521,0.84390247,-0.024390243,0.44660193,0.84390247
2018-1-10T13-49-12,1515588552522,0.84390247,-0.024390243,0.44660193,0.84390247
2018-1-10T13-49-12,1515588552523,0.84390247,-0.024390243,0.39805827,0.84390247
2018-1-10T13-49-12,1515588552524,0.84390247,-0.024390243,0.44660193,0.84390247
2018-1-10T13-49-12,1515588552525,0.84390247,-0.014634146,0.44660193,0.84390247
2018-1-10T13-49-12,1515588552526,0.85365856,-0.024390243,0.44660193,0.85365856
2018-1-10T13-49-12,1515588552527,0.84390247,-0.024390243,0.4368932,0.84390247
2018-1-10T13-49-12,1515588552528,0.84390247,-0.034146342,0.44660193,0.84390247
2018-1-10T13-49-12,1515588552529,0.84390247,-0.024390243,0.44660193,0.84390247
2018-1-10T13-49-12,1515588552530,0.84390247,-0.024390243,0.44660193,0.84390247
2018-1-10T13-49-12,1515588552531,0.85365856,-0.024390243,0.4368932,0.85365856
2018-1-10T13-49-12,1515588552532,0.85365856,-0.014634146,0.4368932,0.85365856
2018-1-10T13-49-12,1515588552533,0.85365856,-0.024390243,0.44660193,0.85365856
2018-1-10T13-49-12,1515588552534,0.84390247,-0.014634146,0.44660193,0.84390247
2018-1-10T13-49-12,1515588552535,0.85365856,-0.024390243,0.44660193,0.85365856
2018-1-10T13-49-12,1515588552536,0.81463414,-0.024390243,0.4368932,0.81463414
2018-1-10T13-49-12,1515588552537,0.86341465,-0.014634146,0.4368932,0.86341465
2018-1-10T13-49-12,1515588552538,0.84390247,-0.014634146,0.44660193,0.84390247
2018-1-10T13-49-12,1515588552539,0.84390247,-0.004878049,0.44660193,0.84390247
2018-1-10T13-49-12,1515588552540,0.84390247,-0.024390243,0.44660193,0.84390247
2018-1-10T13-49-12,1515588552541,0.85365856,-0.014634146,0.4563107,0.85365856
2018-1-10T13-49-12,1515588552542,0.84390247,-0.014634146,0.44660193,0.84390247
2018-1-10T13-49-12,1515588552543,0.85365856,-0.024390243,0.4368932,0.85365856
2018-1-10T13-49-12,1515588552544,0.85365856,-0.034146342,0.4368932,0.85365856
2018-1-10T13-49-12,1515588552545,0.85365856,-0.024390243,0.44660193,0.85365856
2018-1-10T13-49-12,1515588552546,0.84390247,-0.034146342,0.44660193,0.84390247
2018-1-10T13-49-12,1515588552547,0.8341463,-0.024390243,0.4854369,0.8341463
2018-1-10T13-49-12,1515588552548,0.85365856,-0.004878049,0.4368932,0.85365856
2018-1-10T13-49-12,1515588552549,0.85365856,-0.024390243,0.4368932,0.85365856
2018-1-10T13-49-12,1515588552550,0.82439023,-0.024390243,0.4368932,0.82439023
2018-1-10T13-49-12,1515588552551,0.85365856,-0.024390243,0.4563107,0.85365856
2018-1-10T13-49-12,1515588552552,0.84390247,-0.014634146,0.44660193,0.84390247
2018-1-10T13-49-12,1515588552553,0.8829268,-0.024390243,0.4368932,0.8829268
2018-1-10T13-49-12,1515588552554,0.81463414,-0.043902438,0.44660193,0.81463414
2018-1-10T13-49-12,1515588552555,0.84390247,-0.014634146,0.4368932,0.84390247
2018-1-10T13-49-12,1515588552556,0.85365856,-0.024390243,0.44660193,0.85365856
2018-1-10T13-49-12,1515588552557,0.84390247,-0.024390243,0.44660193,0.84390247
2018-1-10T13-49-12,1515588552558,0.84390247,-0.014634146,0.44660193,0.84390247
2018-1-10T13-49-12,1515588552559,0.84390247,-0.024390243,0.44660193,0.84390247
2018-1-10T13-49-12,1515588552560,0.84390247,-0.024390243,0.4368932,0.84390247
2018-1-10T13-49-12,1515588552561,0.85365856,-0.024390243,0.4368932,0.85365856
2018-1-10T13-49-12,1515588552562,0.85365856,-0.024390243,0.4368932,0.85365856
2018-1-10T13-49-12,1515588552563,0.84390247,-0.014634146,0.47572815,0.84390247
2018-1-10T13-49-12,1515588552564,0.85365856,-0.024390243,0.44660193,0.85365856
2018-1-10T13-49-12,1515588552565,0.77560973,-0.024390243,0.4368932,0.77560973
2018-1-10T13-49-12,1515588552566,0.84390247,-0.024390243,0.4368932,0.84390247
2018-1-10T13-49-12,1515588552567,0.85365856,-0.014634146,0.4368932,0.85365856
2018-1-10T13-49-12,1515588552568,0.84390247,-0.014634146,0.4368932,0.84390247
2018-1-10T13-49-12,1515588552569,0.86341465,-0.024390243,0.44660193,0.86341465
2018-1-10T13-49-12,1515588552570,0.80487806,-0.024390243,0.44660193,0.80487806
2018-1-10T13-49-12,1515588552571,0.84390247,-0.024390243,0.44660193,0.84390247
2018-1-10T13-49-12,1515588552572,0.84390247,-0.024390243,0.4368932,0.84390247
2018-1-10T13-49-12,1515588552573,0.84390247,-0.024390243,0.44660193,0.84390247
2018-1-10T13-49-12,1515588552574,0.8341463,-0.024390243,0.44660193,0.8341463
2018-1-10T13-49-12,1515588552575,0.85365856,-0.024390243,0.41747573,0.85365856
2018-1-10T13-49-12,1515588552576,0.86341465,-0.024390243,0.44660193,0.86341465
2018-1-10T13-49-12,1515588552577,0.84390247,-0.024390243,0.44660193,0.84390247
2018-1-10T13-49-12,1515588552578,0.85365856,-0.014634146,0.44660193,0.85365856
2018-1-10T13-49-12,1515588552579,0.85365856,-0.024390243,0.5048544,0.85365856
2018-1-10T13-49-12,1515588552580,0.84390247,-0.043902438,0.44660193,0.84390247
2018-1-10T13-49-12,1515588552581,0.86341465,-0.024390243,0.46601942,0.86341465
2018-1-10T13-49-12,1515588552582,0.84390247,-0.024390243,0.44660193,0.84390247
2018-1-10T13-49-12,1515588552583,0.84390247,-0.024390243,0.4563107,0.84390247
2018-1-10T13-49-12,1515588552584,0.8341463,-0.024390243,0.44660193,0.8341463
2018-1-10T13-49-12,1515588552585,0.85365856,-0.034146342,0.4563107,0.85365856
2018-1-10T13-49-12,1515588552586,0.84390247,-0.014634146,0.44660193,0.84390247
2018-1-10T13-49-12,1515588552587,0.84390247,-0.024390243,0.44660193,0.84390247
2018-1-10T13-49-12,1515588552588,0.86341465,-0.024390243,0.44660193,0.86341465
2018-1-10T13-49-12,1515588552589,0.85365856,-0.043902438,0.44660193,0.85365856
2018-1-10T13-49-12,1515588552590,0.84390247,-0.024390243,0.4368932,0.84390247
2018-1-10T13-49-12,1515588552591,0.85365856,-0.024390243,0.44660193,0.85365856
2018-1-10T13-49-12,1515588552592,0.85365856,-0.014634146,0.4368932,0.85365856
2018-1-10T13-49-12,1515588552593,0.84390247,-0.004878049,0.44660193,0.84390247
2018-1-10T13-49-12,1515588552594,0.85365856,-0.024390243,0.44660193,0.85365856
2018-1-10T13-49-12,1515588552595,0.84390247,-0.024390243,0.4368932,0.84390247
2018-1-10T13-49-12,1515588552596,0.84390247,-0.034146342,0.44660193,0.84390247
2018-1-10T13-49-12,1515588552597,0.84390247,-0.043902438,0.4368932,0.84390247
2018-1-10T13-49-12,1515588552598,0.8926829,-0.024390243,0.4368932,0.8926829
2018-1-10T13-49-12,1515588552599,0.84390247,-0.024390243,0.4368932,0.84390247
2018-1-10T13-49-12,1515588552600,0.85365856,-0.034146342,0.44660193,0.85365856
2018-1-10T13-49-12,1515588552601,0.85365856,-0.014634146,0.4368932,0.85365856
2018-1-10T13-49-12,1515588552602,0.81463414,-0.024390243,0.4368932,0.81463414
2018-1-10T13-49-12,1515588552603,0.85365856,-0.024390243,0.44660193,0.85365856
2018-1-10T13-49-12,1515588552604,0.85365856,-0.06341463,0.44660193,0.85365856
2018-1-10T13-49-12,1515588552605,0.84390247,-0.024390243,0.44660193,0.84390247
2018-1-10T13-49-12,1515588552606,0.84390247,-0.004878049,0.4368932,0.84390247
2018-1-10T13-49-12,1515588552607,0.84390247,-0.014634146,0.4368932,0.84390247
2018-1-10T13-49-12,1515588552608,0.8829268,-0.004878049,0.44660193,0.8829268
2018-1-10T13-49-12,1515588552609,0.84390247,-0.024390243,0.52427185,0.84390247
2018-1-10T13-49-12,1515588552610,0.84390247,-0.014634146,0.44660193,0.84390247
2018-1-10T13-49-12,1515588552611,0.84390247,-0.024390243,0.44660193,0.84390247
2018-1-10T13-49-12,1515588552612,0.84390247,-0.014634146,0.44660193,0.84390247
2018-1-10T13-49-12,1515588552613,0.84390247,-0.024390243,0.42718446,0.84390247
2018-1-10T13-49-12,1515588552614,0.85365856,-0.014634146,0.44660193,0.85365856
2018-1-10T13-49-12,1515588552615,0.85365856,-0.004878049,0.44660193,0.85365856
2018-1-10T13-49-12,1515588552616,0.84390247,-0.024390243,0.44660193,0.84390247
2018-1-10T13-49-12,1515588552617,0.84390247,-0.014634146,0.44660193,0.84390247
2018-1-10T13-49-12,1515588552618,0.84390247,-0.024390243,0.44660193,0.84390247
2018-1-10T13-49-12,1515588552619,0.84390247,-0.024390243,0.44660193,0.84390247
2018-1-10T13-49-12,1515588552620,0.82439023,-0.024390243,0.44660193,0.82439023
2018-1-10T13-49-12,1515588552621,0.84390247,-0.024390243,0.44660193,0.84390247
2018-1-10T13-49-12,1515588552622,0.84390247,-0.014634146,0.4368932,0.84390247
2018-1-10T13-49-12,1515588552623,0.86341465,-0.014634146,0.44660193,0.86341465
2018-1-10T13-49-12,1515588552624,0.85365856,-0.024390243,0.44660193,0.85365856
2018-1-10T13-49-12,1515588552625,0.85365856,-0.024390243,0.44660193,0.85365856
2018-1-10T13-49-12,1515588552626,0.84390247,-0.024390243,0.44660193,0.84390247
2018-1-10T13-49-12,1515588552627,0.84390247,-0.024390243,0.44660193,0.84390247
2018-1-10T13-49-12,1515588552628,0.84390247,-0.024390243,0.4368932,0.84390247
2018-1-10T13-49-12,1515588552629,0.85365856,-0.024390243,0.4368932,0.85365856
2018-1-10T13-49-12,1515588552630,0.84390247,-0.024390243,0.44660193,0.84390247
2018-1-10T13-49-12,1515588552631,0.84390247,-0.024390243,0.4368932,0.84390247
2018-1-10T13-49-12,1515588552632,0.85365856,-0.024390243,0.44660193,0.85365856
2018-1-10T13-49-12,1515588552633,0.84390247,-0.024390243,0.44660193,0.84390247
2018-1-10T13-49-12,1515588552634,0.84390247,-0.004878049,0.44660193,0.84390247
2018-1-10T13-49-12,1515588552635,0.902439,-0.024390243,0.4368932,0.902439
2018-1-10T13-49-12,1515588552636,0.84390247,-0.014634146,0.4563107,0.84390247
2018-1-10T13-49-12,1515588552637,0.86341465,-0.024390243,0.44660193,0.86341465
2018-1-10T13-49-12,1515588552638,0.82439023,-0.014634146,0.44660193,0.82439023
2018-1-10T13-49-12,1515588552639,0.8341463,-0.024390243,0.44660193,0.8341463
2018-1-10T13-49-12,1515588552640,0.84390247,-0.06341463,0.44660193,0.84390247
2018-1-10T13-49-12,1515588552641,0.84390247,-0.024390243,0.44660193,0.84390247
2018-1-10T13-49-12,1515588552642,0.8829268,-0.014634146,0.4368932,0.8829268
2018-1-10T13-49-12,1515588552643,0.84390247,-0.024390243,0.44660193,0.84390247
2018-1-10T13-49-12,1515588552644,0.84390247,-0.014634146,0.44660193,0.84390247
2018-1-10T13-49-12,1515588552645,0.86341465,-0.004878049,0.44660193,0.86341465
2018-1-10T13-49-12,1515588552646,0.84390247,-0.034146342,0.44660193,0.84390247
2018-1-10T13-49-12,1515588552647,0.87317073,-0.014634146,0.4368932,0.87317073
2018-1-10T13-49-12,1515588552648,0.8341463,-0.004878049,0.4368932,0.8341463
2018-1-10T13-49-12,1515588552649,0.8829268,-0.024390243,0.44660193,0.8829268
2018-1-10T13-49-12,1515588552650,0.84390247,-0.024390243,0.4368932,0.84390247
2018-1-10T13-49-12,1515588552651,0.84390247,0.004878049,0.4368932,0.84390247
2018-1-10T13-49-12,1515588552652,0.85365856,-0.024390243,0.4368932,0.85365856
2018-1-10T13-49-12,1515588552653,0.7853659,-0.024390243,0.4368932,0.7853659
2018-1-10T13-49-12,1515588552654,0.86341465,-0.024390243,0.44660193,0.86341465
2018-1-10T13-49-12,1515588552655,0.81463414,-0.024390243,0.44660193,0.81463414
2018-1-10T13-49-12,1515588552656,0.84390247,-0.024390243,0.4368932,0.84390247
2018-1-10T13-49-12,1515588552657,0.86341465,-0.024390243,0.4368932,0.86341465
2018-1-10T13-49-12,1515588552658,0.85365856,-0.014634146,0.4368932,0.85365856
2018-1-10T13-49-12,1515588552659,0.8341463,-0.014634146,0.44660193,0.8341463
2018-1-10T13-49-12,1515588552660,0.85365856,-0.014634146,0.4563107,0.85365856
2018-1-10T13-49-12,1515588552661,0.8341463,-0.034146342,0.4368932,0.8341463
2018-1-10T13-49-12,1515588552662,0.85365856,-0.024390243,0.44660193,0.85365856
2018-1-10T13-49-12,1515588552663,0.8341463,-0.034146342,0.44660193,0.8341463
2018-1-10T13-49-12,1515588552664,0.86341465,-0.024390243,0.44660193,0.86341465
2018-1-10T13-49-12,1515588552665,0.84390247,-0.024390243,0.4368932,0.84390247
2018-1-10T13-49-12,1515588552666,0.85365856,-0.024390243,0.4368932,0.85365856
2018-1-10T13-49-12,1515588552667,0.85365856,-0.024390243,0.4368932,0.85365856
2018-1-10T13-49-12,1515588552668,0.82439023,-0.014634146,0.39805827,0.82439023
2018-1-10T13-49-12,1515588552669,0.84390247,-0.014634146,0.44660193,0.84390247
2018-1-10T13-49-12,1515588552670,0.84390247,-0.024390243,0.42718446,0.84390247
2018-1-10T13-49-12,1515588552671,0.85365856,-0.014634146,0.4368932,0.85365856
2018-1-10T13-49-12,1515588552672,0.84390247,-0.014634146,0.44660193,0.84390247
2018-1-10T13-49-12,1515588552673,0.84390247,-0.024390243,0.4368932,0.84390247
2018-1-10T13-49-12,1515588552674,0.85365856,-0.024390243,0.44660193,0.85365856
2018-1-10T13-49-12,1515588552675,0.85365856,-0.024390243,0.44660193,0.85365856
2018-1-10T13-49-12,1515588552676,0.85365856,-0.024390243,0.44660193,0.85365856
2018-1-10T13-49-12,1515588552677,0.84390247,-0.024390243,0.44660193,0.84390247
2018-1-10T13-49-12,1515588552678,0.8341463,-0.034146342,0.44660193,0.8341463
2018-1-10T13-49-12,1515588552679,0.84390247,-0.024390243,0.44660193,0.84390247
2018-1-10T13-49-12,1515588552680,0.85365856,-0.014634146,0.44660193,0.85365856
2018-1-10T13-49-12,1515588552681,0.84390247,-0.024390243,0.4368932,0.84390247
2018-1-10T13-49-12,1515588552682,0.84390247,-0.014634146,0.44660193,0.84390247
2018-1-10T13-49-12,1515588552683,0.84390247,-0.024390243,0.4368932,0.84390247
2018-1-10T13-49-12,1515588552684,0.84390247,-0.024390243,0.44660193,0.84390247
2018-1-10T13-49-12,1515588552685,0.85365856,-0.024390243,0.44660193,0.85365856
2018-1-10T13-49-12,1515588552686,0.8341463,-0.024390243,0.4368932,0.8341463
2018-1-10T13-49-12,1515588552687,0.85365856,-0.034146342,0.44660193,0.85365856
2018-1-10T13-49-12,1515588552688,0.84390247,-0.024390243,0.4368932,0.84390247
2018-1-10T13-49-12,1515588552689,0.84390247,-0.024390243,0.44660193,0.84390247
2018-1-10T13-49-12,1515588552690,0.84390247,-0.024390243,0.4368932,0.84390247
2018-1-10T13-49-12,1515588552691,0.81463414,-0.014634146,0.4368932,0.81463414
2018-1-10T13-49-12,1515588552692,0.85365856,-0.024390243,0.4368932,0.85365856
2018-1-10T13-49-12,1515588552693,0.84390247,0.004878049,0.4368932,0.84390247
2018-1-10T13-49-12,1515588552694,0.79512197,-0.043902438,0.4368932,0.79512197
2018-1-10T13-49-12,1515588552695,0.86341465,0.034146342,0.44660193,0.86341465
2018-1-10T13-49-12,1515588552696,0.84390247,-0.024390243,0.44660193,0.84390247
2018-1-10T13-49-12,1515588552697,0.85365856,-0.024390243,0.46601942,0.85365856
2018-1-10T13-49-12,1515588552698,0.84390247,-0.024390243,0.4368932,0.84390247
2018-1-10T13-49-12,1515588552699,0.85365856,-0.024390243,0.44660193,0.85365856
2018-1-10T13-49-12,1515588552700,0.87317073,-0.014634146,0.4368932,0.87317073
2018-1-10T13-49-12,1515588552701,0.85365856,-0.014634146,0.44660193,0.85365856
2018-1-10T13-49-12,1515588552702,0.84390247,0.043902438,0.4368932,0.84390247
2018-1-10T13-49-12,1515588552703,0.86341465,-0.014634146,0.44660193,0.86341465
2018-1-10T13-49-12,1515588552704,0.84390247,0.004878049,0.44660193,0.84390247
2018-1-10T13-49-12,1515588552705,0.85365856,-0.014634146,0.4368932,0.85365856
2018-1-10T13-49-12,1515588552706,0.80487806,-0.014634146,0.44660193,0.80487806
2018-1-10T13-49-12,1515588552707,0.84390247,-0.024390243,0.4368932,0.84390247
2018-1-10T13-49-12,1515588552708,0.85365856,-0.034146342,0.4368932,0.85365856
2018-1-10T13-49-12,1515588552709,0.85365856,-0.014634146,0.4368932,0.85365856
2018-1-10T13-49-12,1515588552710,0.84390247,-0.024390243,0.44660193,0.84390247
2018-1-10T13-49-12,1515588552711,0.81463414,-0.024390243,0.42718446,0.81463414
2018-1-10T13-49-12,1515588552712,0.84390247,-0.053658538,0.44660193,0.84390247
2018-1-10T13-49-12,1515588552713,0.84390247,-0.024390243,0.41747573,0.84390247
2018-1-10T13-49-12,1515588552714,0.85365856,-0.014634146,0.44660193,0.85365856
2018-1-10T13-49-12,1515588552715,0.84390247,-0.024390243,0.3883495,0.84390247
2018-1-10T13-49-12,1515588552716,0.84390247,-0.024390243,0.44660193,0.84390247
2018-1-10T13-49-12,1515588552717,0.85365856,-0.014634146,0.44660193,0.85365856
2018-1-10T13-49-12,1515588552718,0.85365856,-0.034146342,0.44660193,0.85365856
2018-1-10T13-49-12,1515588552719,0.84390247,-0.053658538,0.4563107,0.84390247
2018-1-10T13-49-12,1515588552720,0.8341463,-0.024390243,0.44660193,0.8341463
2018-1-10T13-49-12,1515588552721,0.84390247,-0.08292683,0.4368932,0.84390247
2018-1-10T13-49-12,1515588552722,0.84390247,-0.024390243,0.44660193,0.84390247
2018-1-10T13-49-12,1515588552723,0.84390247,-0.053658538,0.44660193,0.84390247
2018-1-10T13-49-12,1515588552724,0.84390247,-0.024390243,0.4563107,0.84390247
2018-1-10T13-49-12,1515588552725,0.8341463,-0.014634146,0.44660193,0.8341463
2018-1-10T13-49-12,1515588552726,0.84390247,-0.024390243,0.44660193,0.84390247
2018-1-10T13-49-12,1515588552727,0.84390247,-0.024390243,0.44660193,0.84390247
2018-1-10T13-49-12,1515588552728,0.84390247,-0.014634146,0.4563107,0.84390247
2018-1-10T13-49-12,1515588552729,0.84390247,-0.014634146,0.44660193,0.84390247
2018-1-10T13-49-12,1515588552730,0.84390247,-0.014634146,0.4368932,0.84390247
2018-1-10T13-49-12,1515588552731,0.84390247,-0.024390243,0.44660193,0.84390247
2018-1-10T13-49-12,1515588552732,0.84390247,-0.014634146,0.44660193,0.84390247
2018-1-10T13-49-12,1515588552733,0.84390247,-0.014634146,0.44660193,0.84390247
2018-1-10T13-49-12,1515588552734,0.84390247,-0.004878049,0.4563107,0.84390247
2018-1-10T13-49-12,1515588552735,0.85365856,-0.024390243,0.44660193,0.85365856
2018-1-10T13-49-12,1515588552736,0.85365856,-0.024390243,0.41747573,0.85365856
2018-1-10T13-49-12,1515588552737,0.84390247,-0.014634146,0.44660193,0.84390247
2018-1-10T13-49-12,1515588552738,0.84390247,-0.024390243,0.44660193,0.84390247
2018-1-10T13-49-12,1515588552739,0.85365856,-0.024390243,0.44660193,0.85365856
2018-1-10T13-49-12,1515588552740,0.85365856,-0.034146342,0.4368932,0.85365856
2018-1-10T13-49-12,1515588552741,0.84390247,-0.024390243,0.44660193,0.84390247
2018-1-10T13-49-12,1515588552742,0.8341463,-0.024390243,0.44660193,0.8341463
2018-1-10T13-49-12,1515588552743,0.84390247,-0.024390243,0.44660193,0.84390247
2018-1-10T13-49-12,1515588552744,0.85365856,-0.024390243,0.44660193,0.85365856
2018-1-10T13-49-12,1515588552745,0.84390247,-0.024390243,0.4368932,0.84390247
2018-1-10T13-49-12,1515588552746,0.85365856,-0.024390243,0.4563107,0.85365856
2018-1-10T13-49-12,1515588552747,0.84390247,-0.024390243,0.4368932,0.84390247
2018-1-10T13-49-12,1515588552748,0.86341465,-0.024390243,0.44660193,0.86341465
2018-1-10T13-49-12,1515588552749,0.84390247,-0.034146342,0.4368932,0.84390247
2018-1-10T13-49-12,1515588552750,0.85365856,-0.014634146,0.4563107,0.85365856
2018-1-10T13-49-12,1515588552751,0.85365856,-0.024390243,0.44660193,0.85365856
2018-1-10T13-49-12,1515588552752,0.85365856,-0.024390243,0.44660193,0.85365856
2018-1-10T13-49-12,1515588552753,0.85365856,-0.024390243,0.36893204,0.85365856
2018-1-10T13-49-12,1515588552754,0.84390247,-0.024390243,0.44660193,0.84390247
2018-1-10T13-49-12,1515588552755,0.85365856,-0.024390243,0.44660193,0.85365856
2018-1-10T13-49-12,1515588552756,0.85365856,-0.024390243,0.44660193,0.85365856
2018-1-10T13-49-12,1515588552757,0.85365856,-0.06341463,0.44660193,0.85365856
2018-1-10T13-49-12,1515588552758,0.84390247,-0.024390243,0.4368932,0.84390247
2018-1-10T13-49-12,1515588552759,0.85365856,-0.024390243,0.44660193,0.85365856
2018-1-10T13-49-12,1515588552760,0.85365856,-0.014634146,0.44660193,0.85365856
2018-1-10T13-49-12,1515588552761,0.85365856,-0.024390243,0.44660193,0.85365856
2018-1-10T13-49-12,1515588552762,0.8341463,-0.034146342,0.46601942,0.8341463
2018-1-10T13-49-12,1515588552763,0.84390247,-0.014634146,0.44660193,0.84390247
2018-1-10T13-49-12,1515588552764,0.85365856,-0.024390243,0.4563107,0.85365856
2018-1-10T13-49-12,1515588552765,0.84390247,-0.014634146,0.44660193,0.84390247
2018-1-10T13-49-12,1515588552766,0.8341463,-0.034146342,0.44660193,0.8341463
2018-1-10T13-49-12,1515588552767,0.84390247,-0.014634146,0.44660193,0.84390247
2018-1-10T13-49-12,1515588552768,0.84390247,-0.014634146,0.44660193,0.84390247
2018-1-10T13-49-12,1515588552769,0.84390247,-0.024390243,0.44660193,0.84390247
2018-1-10T13-49-12,1515588552770,0.85365856,-0.024390243,0.44660193,0.85365856
2018-1-10T13-49-12,1515588552771,0.84390247,-0.014634146,0.4368932,0.84390247
2018-1-10T13-49-12,1515588552772,0.84390247,-0.024390243,0.44660193,0.84390247
2018-1-10T13-49-12,1515588552773,0.84390247,-0.024390243,0.4368932,0.84390247
2018-1-10T13-49-12,1515588552774,0.8341463,-0.024390243,0.44660193,0.8341463
2018-1-10T13-49-12,1515588552775,0.84390247,-0.014634146,0.47572815,0.84390247
2018-1-10T13-49-12,1515588552776,0.8829268,-0.024390243,0.44660193,0.8829268
2018-1-10T13-49-12,1515588552777,0.85365856,-0.014634146,0.44660193,0.85365856
2018-1-10T13-49-12,1515588552778,0.84390247,-0.043902438,0.44660193,0.84390247
2018-1-10T13-49-12,1515588552779,0.84390247,-0.014634146,0.44660193,0.84390247
2018-1-10T13-49-12,1515588552780,0.84390247,-0.014634146,0.44660193,0.84390247
2018-1-10T13-49-12,1515588552781,0.8341463,-0.024390243,0.4368932,0.8341463
2018-1-10T13-49-12,1515588552782,0.85365856,-0.024390243,0.4368932,0.85365856
2018-1-10T13-49-12,1515588552783,0.84390247,-0.024390243,0.4368932,0.84390247
2018-1-10T13-49-12,1515588552784,0.84390247,-0.014634146,0.44660193,0.84390247
2018-1-10T13-49-12,1515588552785,0.8341463,-0.014634146,0.44660193,0.8341463
2018-1-10T13-49-12,1515588552786,0.84390247,-0.024390243,0.44660193,0.84390247
2018-1-10T13-49-12,1515588552787,0.84390247,-0.014634146,0.44660193,0.84390247
2018-1-10T13-49-12,1515588552788,0.84390247,-0.024390243,0.44660193,0.84390247
2018-1-10T13-49-12,1515588552789,0.85365856,-0.024390243,0.4368932,0.85365856
2018-1-10T13-49-12,1515588552790,0.84390247,-0.014634146,0.4368932,0.84390247
2018-1-10T13-49-12,1515588552791,0.85365856,0.06341463,0.44660193,0.85365856
2018-1-10T13-49-12,1515588552792,0.84390247,-0.014634146,0.4563107,0.84390247
2018-1-10T13-49-12,1515588552793,0.8341463,-0.014634146,0.44660193,0.8341463
2018-1-10T13-49-12,1515588552794,0.85365856,-0.024390243,0.44660193,0.85365856
2018-1-10T13-49-12,1515588552795,0.84390247,-0.053658538,0.4368932,0.84390247
2018-1-10T13-49-12,1515588552796,0.84390247,-0.024390243,0.44660193,0.84390247
2018-1-10T13-49-12,1515588552797,0.84390247,-0.043902438,0.4368932,0.84390247
2018-1-10T13-49-12,1515588552798,0.84390247,-0.024390243,0.44660193,0.84390247
2018-1-10T13-49-12,1515588552799,0.84390247,-0.014634146,0.44660193,0.84390247
2018-1-10T13-49-12,1515588552800,0.84390247,0.09268293,0.44660193,0.84390247
2018-1-10T13-49-12,1515588552801,0.7853659,-0.024390243,0.4368932,0.7853659
2018-1-10T13-49-12,1515588552802,0.84390247,-0.024390243,0.44660193,0.84390247
2018-1-10T13-49-12,1515588552803,0.8926829,-0.024390243,0.4368932,0.8926829
2018-1-10T13-49-12,1515588552804,0.85365856,-0.034146342,0.4854369,0.85365856
2018-1-10T13-49-12,1515588552805,0.84390247,-0.014634146,0.44660193,0.84390247
2018-1-10T13-49-12,1515588552806,0.84390247,0.004878049,0.44660193,0.84390247
2018-1-10T13-49-12,1515588552807,0.84390247,-0.024390243,0.44660193,0.84390247
2018-1-10T13-49-12,1515588552808,0.8341463,-0.014634146,0.44660193,0.8341463
2018-1-10T13-49-12,1515588552809,0.84390247,-0.024390243,0.4368932,0.84390247
2018-1-10T13-49-12,1515588552810,0.84390247,-0.024390243,0.44660193,0.84390247
2018-1-10T13-49-12,1515588552811,0.8341463,-0.014634146,0.44660193,0.8341463
2018-1-10T13-49-12,1515588552812,0.85365856,-0.024390243,0.42718446,0.85365856
2018-1-10T13-49-12,1515588552813,0.84390247,-0.014634146,0.4368932,0.84390247
2018-1-10T13-49-12,1515588552814,0.84390247,-0.024390243,0.44660193,0.84390247
2018-1-10T13-49-12,1515588552815,0.8341463,-0.014634146,0.4368932,0.8341463
2018-1-10T13-49-12,1515588552816,0.85365856,-0.024390243,0.44660193,0.85365856
2018-1-10T13-49-12,1515588552817,0.85365856,-0.024390243,0.4368932,0.85365856
2018-1-10T13-49-12,1515588552818,0.85365856,-0.024390243,0.4368932,0.85365856
2018-1-10T13-49-12,1515588552819,0.84390247,-0.024390243,0.44660193,0.84390247
2018-1-10T13-49-12,1515588552820,0.86341465,-0.024390243,0.44660193,0.86341465
2018-1-10T13-49-12,1515588552821,0.84390247,-0.024390243,0.4368932,0.84390247
2018-1-10T13-49-12,1515588552822,0.8341463,-0.024390243,0.44660193,0.8341463
2018-1-10T13-49-12,1515588552823,0.84390247,-0.07317073,0.44660193,0.84390247
2018-1-10T13-49-12,1515588552824,0.85365856,-0.014634146,0.4368932,0.85365856
2018-1-10T13-49-12,1515588552825,0.85365856,-0.034146342,0.4368932,0.85365856
2018-1-10T13-49-12,1515588552826,0.84390247,-0.024390243,0.3883495,0.84390247
2018-1-10T13-49-12,1515588552827,0.84390247,-0.024390243,0.4368932,0.84390247
2018-1-10T13-49-12,1515588552828,0.84390247,-0.024390243,0.4368932,0.84390247
2018-1-10T13-49-12,1515588552829,0.85365856,-0.004878049,0.4368932,0.85365856
2018-1-10T13-49-12,1515588552830,0.84390247,-0.014634146,0.44660193,0.84390247
2018-1-10T13-49-12,1515588552831,0.902439,-0.024390243,0.4368932,0.902439
2018-1-10T13-49-12,1515588552832,0.84390247,-0.024390243,0.44660193,0.84390247
2018-1-10T13-49-12,1515588552833,0.80487806,-0.034146342,0.44660193,0.80487806
2018-1-10T13-49-12,1515588552834,0.84390247,-0.014634146,0.44660193,0.84390247
2018-1-10T13-49-12,1515588552835,0.85365856,-0.024390243,0.44660193,0.85365856
2018-1-10T13-49-12,1515588552836,0.902439,-0.014634146,0.4368932,0.902439
2018-1-10T13-49-12,1515588552837,0.84390247,-0.014634146,0.44660193,0.84390247
2018-1-10T13-49-12,1515588552838,0.84390247,-0.034146342,0.4368932,0.84390247
2018-1-10T13-49-12,1515588552839,0.84390247,-0.014634146,0.44660193,0.84390247
2018-1-10T13-49-12,1515588552840,0.8341463,-0.014634146,0.4368932,0.8341463
2018-1-10T13-49-12,1515588552841,0.84390247,-0.014634146,0.44660193,0.84390247
2018-1-10T13-49-12,1515588552842,0.8341463,-0.024390243,0.44660193,0.8341463
2018-1-10T13-49-12,1515588552843,0.85365856,-0.034146342,0.4854369,0.85365856
2018-1-10T13-49-12,1515588552844,0.85365856,-0.024390243,0.44660193,0.85365856
2018-1-10T13-49-12,1515588552845,0.84390247,-0.024390243,0.44660193,0.84390247
2018-1-10T13-49-12,1515588552846,0.84390247,-0.024390243,0.4563107,0.84390247
2018-1-10T13-49-12,1515588552847,0.84390247,-0.014634146,0.44660193,0.84390247
2018-1-10T13-49-12,1515588552848,0.84390247,-0.024390243,0.44660193,0.84390247
2018-1-10T13-49-12,1515588552849,0.84390247,-0.024390243,0.4368932,0.84390247
2018-1-10T13-49-12,1515588552850,0.84390247,-0.014634146,0.44660193,0.84390247
2018-1-10T13-49-12,1515588552851,0.84390247,-0.024390243,0.3883495,0.84390247
2018-1-10T13-49-12,1515588552852,0.8341463,-0.024390243,0.47572815,0.8341463
2018-1-10T13-49-12,1515588552853,0.85365856,-0.034146342,0.4368932,0.85365856
2018-1-10T13-49-12,1515588552854,0.84390247,-0.024390243,0.44660193,0.84390247
2018-1-10T13-49-12,1515588552855,0.85365856,-0.034146342,0.4563107,0.85365856
2018-1-10T13-49-12,1515588552856,0.84390247,-0.024390243,0.4368932,0.84390247
2018-1-10T13-49-12,1515588552857,0.85365856,-0.024390243,0.44660193,0.85365856
2018-1-10T13-49-12,1515588552858,0.85365856,-0.014634146,0.4368932,0.85365856
2018-1-10T13-49-12,1515588552859,0.84390247,-0.053658538,0.4368932,0.84390247
2018-1-10T13-49-12,1515588552860,0.85365856,-0.024390243,0.4368932,0.85365856
2018-1-10T13-49-12,1515588552861,0.85365856,-0.024390243,0.4563107,0.85365856
2018-1-10T13-49-12,1515588552862,0.84390247,-0.014634146,0.46601942,0.84390247
2018-1-10T13-49-12,1515588552863,0.84390247,-0.024390243,0.44660193,0.84390247
2018-1-10T13-49-12,1515588552864,0.84390247,-0.014634146,0.44660193,0.84390247
2018-1-10T13-49-12,1515588552865,0.85365856,-0.034146342,0.39805827,0.85365856
2018-1-10T13-49-12,1515588552866,0.8341463,-0.024390243,0.44660193,0.8341463
2018-1-10T13-49-12,1515588552867,0.85365856,-0.024390243,0.44660193,0.85365856
2018-1-10T13-49-12,1515588552868,0.85365856,-0.024390243,0.4368932,0.85365856
2018-1-10T13-49-12,1515588552869,0.84390247,-0.024390243,0.44660193,0.84390247
2018-1-10T13-49-12,1515588552870,0.82439023,-0.024390243,0.44660193,0.82439023
2018-1-10T13-49-12,1515588552871,0.84390247,-0.024390243,0.4368932,0.84390247
2018-1-10T13-49-12,1515588552872,0.85365856,-0.024390243,0.42718446,0.85365856
2018-1-10T13-49-12,1515588552873,0.84390247,-0.024390243,0.44660193,0.84390247
2018-1-10T13-49-12,1515588552874,0.85365856,-0.014634146,0.42718446,0.85365856
2018-1-10T13-49-12,1515588552875,0.85365856,-0.043902438,0.4368932,0.85365856
2018-1-10T13-49-12,1515588552876,0.84390247,-0.004878049,0.4368932,0.84390247
2018-1-10T13-49-12,1515588552877,0.85365856,-0.024390243,0.44660193,0.85365856
2018-1-10T13-49-12,1515588552878,0.85365856,-0.053658538,0.42718446,0.85365856
2018-1-10T13-49-12,1515588552879,0.85365856,-0.014634146,0.44660193,0.85365856
2018-1-10T13-49-12,1515588552880,0.84390247,-0.024390243,0.41747573,0.84390247
2018-1-10T13-49-12,1515588552881,0.84390247,-0.014634146,0.44660193,0.84390247
2018-1-10T13-49-12,1515588552882,0.84390247,-0.014634146,0.47572815,0.84390247
2018-1-10T13-49-12,1515588552883,0.84390247,-0.014634146,0.44660193,0.84390247
2018-1-10T13-49-12,1515588552884,0.82439023,-0.014634146,0.44660193,0.82439023
2018-1-10T13-49-12,1515588552885,0.84390247,-0.014634146,0.4563107,0.84390247
2018-1-10T13-49-12,1515588552886,0.8341463,-0.024390243,0.4563107,0.8341463
2018-1-10T13-49-12,1515588552887,0.84390247,-0.034146342,0.44660193,0.84390247
2018-1-10T13-49-12,1515588552888,0.84390247,-0.014634146,0.44660193,0.84390247
2018-1-10T13-49-12,1515588552889,0.8341463,-0.024390243,0.44660193,0.8341463
2018-1-10T13-49-12,1515588552890,0.84390247,-0.014634146,0.44660193,0.84390247
2018-1-10T13-49-12,1515588552891,0.86341465,-0.014634146,0.44660193,0.86341465
2018-1-10T13-49-12,1515588552892,0.84390247,-0.024390243,0.44660193,0.84390247
2018-1-10T13-49-12,1515588552893,0.902439,-0.024390243,0.44660193,0.902439
2018-1-10T13-49-12,1515588552894,0.84390247,-0.014634146,0.407767,0.84390247
2018-1-10T13-49-12,1515588552895,0.8341463,-0.014634146,0.4368932,0.8341463
2018-1-10T13-49-12,1515588552896,0.84390247,-0.024390243,0.46601942,0.84390247
2018-1-10T13-49-12,1515588552897,0.84390247,-0.024390243,0.4368932,0.84390247
2018-1-10T13-49-12,1515588552898,0.84390247,-0.014634146,0.4368932,0.84390247
2018-1-10T13-49-12,1515588552899,0.84390247,-0.014634146,0.44660193,0.84390247
2018-1-10T13-49-12,1515588552900,0.84390247,-0.024390243,0.44660193,0.84390247
2018-1-10T13-49-12,1515588552901,0.85365856,-0.024390243,0.4368932,0.85365856
2018-1-10T13-49-12,1515588552902,0.84390247,-0.06341463,0.4368932,0.84390247
2018-1-10T13-49-12,1515588552903,0.84390247,-0.024390243,0.44660193,0.84390247
2018-1-10T13-49-12,1515588552904,0.85365856,-0.014634146,0.4368932,0.85365856
2018-1-10T13-49-12,1515588552905,0.84390247,-0.014634146,0.42718446,0.84390247
2018-1-10T13-49-12,1515588552906,0.84390247,-0.014634146,0.42718446,0.84390247
2018-1-10T13-49-12,1515588552907,0.84390247,-0.014634146,0.44660193,0.84390247
2018-1-10T13-49-12,1515588552908,0.85365856,-0.024390243,0.44660193,0.85365856
2018-1-10T13-49-12,1515588552909,0.85365856,-0.024390243,0.4368932,0.85365856
2018-1-10T13-49-12,1515588552910,0.85365856,-0.024390243,0.4368932,0.85365856
2018-1-10T13-49-12,1515588552911,0.84390247,-0.014634146,0.44660193,0.84390247
2018-1-10T13-49-12,1515588552912,0.85365856,-0.014634146,0.44660193,0.85365856
2018-1-10T13-49-12,1515588552913,0.85365856,0.014634146,0.4368932,0.85365856
2018-1-10T13-49-12,1515588552914,0.84390247,-0.024390243,0.4368932,0.84390247
2018-1-10T13-49-12,1515588552915,0.85365856,-0.014634146,0.42718446,0.85365856
2018-1-10T13-49-12,1515588552916,0.84390247,-0.014634146,0.44660193,0.84390247
2018-1-10T13-49-12,1515588552917,0.84390247,-0.014634146,0.4563107,0.84390247
2018-1-10T13-49-12,1515588552918,0.85365856,-0.024390243,0.44660193,0.85365856
2018-1-10T13-49-12,1515588552919,0.84390247,-0.024390243,0.44660193,0.84390247
2018-1-10T13-49-12,1515588552920,0.85365856,-0.024390243,0.36893204,0.85365856
2018-1-10T13-49-12,1515588552921,0.84390247,-0.014634146,0.44660193,0.84390247
2018-1-10T13-49-12,1515588552922,0.84390247,-0.024390243,0.4563107,0.84390247
2018-1-10T13-49-12,1515588552923,0.84390247,-0.024390243,0.44660193,0.84390247
2018-1-10T13-49-12,1515588552924,0.84390247,-0.024390243,0.44660193,0.84390247
2018-1-10T13-49-12,1515588552925,0.85365856,-0.024390243,0.44660193,0.85365856
2018-1-10T13-49-12,1515588552926,0.85365856,-0.024390243,0.4563107,0.85365856
2018-1-10T13-49-12,1515588552927,0.87317073,-0.024390243,0.44660193,0.87317073
2018-1-10T13-49-12,1515588552928,0.84390247,-0.024390243,0.4563107,0.84390247
2018-1-10T13-49-12,1515588552929,0.84390247,-0.004878049,0.4368932,0.84390247
2018-1-10T13-49-12,1515588552930,0.84390247,-0.034146342,0.4563107,0.84390247
2018-1-10T13-49-12,1515588552931,0.84390247,-0.014634146,0.4368932,0.84390247
2018-1-10T13-49-12,1515588552932,0.84390247,-0.024390243,0.5048544,0.84390247
2018-1-10T13-49-12,1515588552933,0.84390247,-0.014634146,0.44660193,0.84390247
2018-1-10T13-49-12,1515588552934,0.85365856,-0.004878049,0.44660193,0.85365856
2018-1-10T13-49-12,1515588552935,0.84390247,-0.024390243,0.44660193,0.84390247
2018-1-10T13-49-12,1515588552936,0.84390247,-0.024390243,0.4563107,0.84390247
2018-1-10T13-49-12,1515588552937,0.85365856,-0.014634146,0.4368932,0.85365856
2018-1-10T13-49-12,1515588552938,0.86341465,-0.024390243,0.4368932,0.86341465
2018-1-10T13-49-12,1515588552939,0.85365856,-0.024390243,0.4368932,0.85365856
2018-1-10T13-49-12,1515588552940,0.84390247,-0.024390243,0.4563107,0.84390247
2018-1-10T13-49-12,1515588552941,0.84390247,-0.024390243,0.44660193,0.84390247
2018-1-10T13-49-12,1515588552942,0.8341463,-0.024390243,0.4368932,0.8341463
2018-1-10T13-49-12,1515588552943,0.85365856,-0.024390243,0.44660193,0.85365856
2018-1-10T13-49-12,1515588552944,0.8829268,-0.024390243,0.4368932,0.8829268
2018-1-10T13-49-12,1515588552945,0.84390247,-0.024390243,0.4368932,0.84390247
2018-1-10T13-49-12,1515588552946,0.84390247,-0.024390243,0.4368932,0.84390247
2018-1-10T13-49-12,1515588552947,0.84390247,-0.024390243,0.37864077,0.84390247
2018-1-10T13-49-12,1515588552948,0.85365856,-0.014634146,0.4563107,0.85365856
2018-1-10T13-49-12,1515588552949,0.84390247,-0.024390243,0.44660193,0.84390247
2018-1-10T13-49-12,1515588552950,0.84390247,-0.024390243,0.44660193,0.84390247
2018-1-10T13-49-12,1515588552951,0.84390247,-0.014634146,0.44660193,0.84390247
2018-1-10T13-49-12,1515588552952,0.85365856,-0.024390243,0.4368932,0.85365856
2018-1-10T13-49-12,1515588552953,0.84390247,-0.024390243,0.4368932,0.84390247
2018-1-10T13-49-12,1515588552954,0.84390247,-0.014634146,0.44660193,0.84390247
2018-1-10T13-49-12,1515588552955,0.85365856,-0.014634146,0.44660193,0.85365856
2018-1-10T13-49-12,1515588552956,0.84390247,-0.024390243,0.44660193,0.84390247
2018-1-10T13-49-12,1515588552957,0.85365856,-0.024390243,0.4368932,0.85365856
2018-1-10T13-49-12,1515588552958,0.85365856,-0.024390243,0.44660193,0.85365856
2018-1-10T13-49-12,1515588552959,0.7853659,-0.024390243,0.44660193,0.7853659
2018-1-10T13-49-12,1515588552960,0.84390247,-0.024390243,0.4368932,0.84390247
2018-1-10T13-49-12,1515588552961,0.85365856,0.004878049,0.4368932,0.85365856
2018-1-10T13-49-12,1515588552962,0.85365856,-0.024390243,0.4368932,0.85365856
2018-1-10T13-49-12,1515588552963,0.85365856,-0.024390243,0.44660193,0.85365856
2018-1-10T13-49-12,1515588552964,0.84390247,-0.024390243,0.44660193,0.84390247
2018-1-10T13-49-12,1515588552965,0.85365856,-0.014634146,0.44660193,0.85365856
2018-1-10T13-49-12,1515588552966,0.84390247,-0.014634146,0.3883495,0.84390247
2018-1-10T13-49-12,1515588552967,0.84390247,-0.024390243,0.4368932,0.84390247
2018-1-10T13-49-12,1515588552968,0.84390247,-0.043902438,0.44660193,0.84390247
2018-1-10T13-49-12,1515588552969,0.85365856,-0.024390243,0.44660193,0.85365856
2018-1-10T13-49-12,1515588552970,0.8341463,-0.014634146,0.4368932,0.8341463
2018-1-10T13-49-12,1515588552971,0.85365856,-0.024390243,0.4368932,0.85365856
2018-1-10T13-49-12,1515588552972,0.8341463,-0.07317073,0.44660193,0.8341463
2018-1-10T13-49-12,1515588552973,0.84390247,-0.024390243,0.4368932,0.84390247
2018-1-10T13-49-12,1515588552974,0.85365856,-0.014634146,0.4368932,0.85365856
2018-1-10T13-49-12,1515588552975,0.85365856,-0.024390243,0.4563107,0.85365856
2018-1-10T13-49-12,1515588552976,0.84390247,-0.034146342,0.44660193,0.84390247
2018-1-10T13-49-12,1515588552977,0.81463414,-0.014634146,0.4563107,0.81463414
2018-1-10T13-49-12,1515588552978,0.84390247,-0.024390243,0.4368932,0.84390247
2018-1-10T13-49-12,1515588552979,0.8341463,-0.024390243,0.44660193,0.8341463
2018-1-10T13-49-12,1515588552980,0.84390247,-0.06341463,0.47572815,0.84390247
2018-1-10T13-49-12,1515588552981,0.85365856,-0.014634146,0.44660193,0.85365856
2018-1-10T13-49-12,1515588552982,0.85365856,-0.014634146,0.44660193,0.85365856
2018-1-10T13-49-12,1515588552983,0.84390247,-0.043902438,0.407767,0.84390247
2018-1-10T13-49-12,1515588552984,0.84390247,-0.014634146,0.44660193,0.84390247
2018-1-10T13-49-12,1515588552985,0.84390247,-0.004878049,0.44660193,0.84390247
2018-1-10T13-49-12,1515588552986,0.84390247,-0.014634146,0.44660193,0.84390247
2018-1-10T13-49-12,1515588552987,0.84390247,-0.014634146,0.44660193,0.84390247
2018-1-10T13-49-12,1515588552988,0.84390247,-0.014634146,0.44660193,0.84390247
2018-1-10T13-49-12,1515588552989,0.85365856,-0.024390243,0.4368932,0.85365856
2018-1-10T13-49-12,1515588552990,0.85365856,-0.024390243,0.4368932,0.85365856
2018-1-10T13-49-12,1515588552991,0.84390247,-0.034146342,0.4368932,0.84390247
2018-1-10T13-49-12,1515588552992,0.85365856,-0.004878049,0.44660193,0.85365856
2018-1-10T13-49-12,1515588552993,0.92195123,-0.024390243,0.44660193,0.92195123
2018-1-10T13-49-12,1515588552994,0.85365856,-0.024390243,0.4368932,0.85365856
2018-1-10T13-49-12,1515588552995,0.85365856,-0.014634146,0.4368932,0.85365856
2018-1-10T13-49-12,1515588552996,0.85365856,-0.024390243,0.44660193,0.85365856
2018-1-10T13-49-12,1515588552997,0.84390247,-0.024390243,0.4368932,0.84390247
2018-1-10T13-49-12,1515588552998,0.84390247,-0.014634146,0.44660193,0.84390247
2018-1-10T13-49-12,1515588552999,0.84390247,-0.014634146,0.49514562,0.84390247
2018-1-10T13-49-13,1515588553000,0.85365856,-0.034146342,0.4368932,0.85365856
2018-1-10T13-49-13,1515588553001,0.85365856,-0.004878049,0.44660193,0.85365856
2018-1-10T13-49-13,1515588553002,0.85365856,-0.014634146,0.46601942,0.85365856
2018-1-10T13-49-13,1515588553003,0.84390247,-0.024390243,0.44660193,0.84390247
2018-1-10T13-49-13,1515588553004,0.85365856,-0.024390243,0.44660193,0.85365856
2018-1-10T13-49-13,1515588553005,0.85365856,0.004878049,0.44660193,0.85365856
2018-1-10T13-49-13,1515588553006,0.71707314,-0.014634146,0.44660193,0.71707314
2018-1-10T13-49-13,1515588553007,0.84390247,-0.034146342,0.44660193,0.84390247
2018-1-10T13-49-13,1515588553008,0.84390247,-0.024390243,0.44660193,0.84390247
2018-1-10T13-49-13,1515588553009,0.8341463,-0.024390243,0.44660193,0.8341463
2018-1-10T13-49-13,1515588553010,0.85365856,-0.024390243,0.4368932,0.85365856
2018-1-10T13-49-13,1515588553011,0.8341463,-0.024390243,0.44660193,0.8341463
2018-1-10T13-49-13,1515588553012,0.84390247,-0.024390243,0.44660193,0.84390247
2018-1-10T13-49-13,1515588553013,0.85365856,-0.014634146,0.4854369,0.85365856
2018-1-10T13-49-13,1515588553014,0.85365856,-0.014634146,0.4368932,0.85365856
2018-1-10T13-49-13,1515588553015,0.85365856,-0.014634146,0.44660193,0.85365856
2018-1-10T13-49-13,1515588553016,0.85365856,-0.024390243,0.42718446,0.85365856
2018-1-10T13-49-13,1515588553017,0.84390247,-0.053658538,0.4368932,0.84390247
2018-1-10T13-49-13,1515588553018,0.85365856,-0.024390243,0.44660193,0.85365856
2018-1-10T13-49-13,1515588553019,0.84390247,-0.034146342,0.4563107,0.84390247
2018-1-10T13-49-13,1515588553020,0.85365856,-0.024390243,0.4368932,0.85365856
2018-1-10T13-49-13,1515588553021,0.82439023,-0.024390243,0.44660193,0.82439023
2018-1-10T13-49-13,1515588553022,0.80487806,-0.024390243,0.44660193,0.80487806
2018-1-10T13-49-13,1515588553023,0.85365856,-0.024390243,0.46601942,0.85365856
2018-1-10T13-49-13,1515588553024,0.84390247,-0.024390243,0.37864077,0.84390247
2018-1-10T13-49-13,1515588553025,0.85365856,-0.024390243,0.44660193,0.85365856
2018-1-10T13-49-13,1515588553026,0.84390247,-0.014634146,0.44660193,0.84390247
2018-1-10T13-49-13,1515588553027,0.84390247,-0.014634146,0.4368932,0.84390247
2018-1-10T13-49-13,1515588553028,0.84390247,-0.014634146,0.4368932,0.84390247
2018-1-10T13-49-13,1515588553029,0.84390247,-0.024390243,0.4563107,0.84390247
2018-1-10T13-49-13,1515588553030,0.84390247,-0.024390243,0.44660193,0.84390247
2018-1-10T13-49-13,1515588553031,0.8341463,-0.024390243,0.44660193,0.8341463
2018-1-10T13-49-13,1515588553032,0.84390247,-0.004878049,0.44660193,0.84390247
2018-1-10T13-49-13,1515588553033,0.8341463,-0.014634146,0.4563107,0.8341463
2018-1-10T13-49-13,1515588553034,0.8829268,-0.024390243,0.4368932,0.8829268
2018-1-10T13-49-13,1515588553035,0.8341463,-0.004878049,0.4563107,0.8341463
2018-1-10T13-49-13,1515588553036,0.84390247,-0.043902438,0.44660193,0.84390247
2018-1-10T13-49-13,1515588553037,0.85365856,-0.024390243,0.44660193,0.85365856
2018-1-10T13-49-13,1515588553038,0.86341465,0.043902438,0.4563107,0.86341465
2018-1-10T13-49-13,1515588553039,0.85365856,-0.014634146,0.44660193,0.85365856
2018-1-10T13-49-13,1515588553040,0.85365856,-0.014634146,0.4368932,0.85365856
2018-1-10T13-49-13,1515588553041,0.84390247,-0.024390243,0.42718446,0.84390247
2018-1-10T13-49-13,1515588553042,0.84390247,-0.024390243,0.44660193,0.84390247
2018-1-10T13-49-13,1515588553043,0.8341463,-0.024390243,0.4368932,0.8341463
2018-1-10T13-49-13,1515588553044,0.84390247,-0.034146342,0.4563107,0.84390247
2018-1-10T13-49-13,1515588553045,0.84390247,-0.024390243,0.42718446,0.84390247
2018-1-10T13-49-13,1515588553046,0.87317073,-0.024390243,0.4368932,0.87317073
2018-1-10T13-49-13,1515588553047,0.84390247,-0.024390243,0.4563107,0.84390247
2018-1-10T13-49-13,1515588553048,0.84390247,-0.024390243,0.4368932,0.84390247
2018-1-10T13-49-13,1515588553049,0.85365856,-0.024390243,0.44660193,0.85365856
2018-1-10T13-49-13,1515588553050,0.84390247,-0.024390243,0.4368932,0.84390247
2018-1-10T13-49-13,1515588553051,0.85365856,-0.024390243,0.37864077,0.85365856
2018-1-10T13-49-13,1515588553052,0.85365856,-0.024390243,0.44660193,0.85365856
2018-1-10T13-49-13,1515588553053,0.84390247,-0.034146342,0.44660193,0.84390247
2018-1-10T13-49-13,1515588553054,0.84390247,-0.014634146,0.44660193,0.84390247
2018-1-10T13-49-13,1515588553055,0.8341463,-0.014634146,0.4368932,0.8341463
2018-1-10T13-49-13,1515588553056,0.84390247,-0.014634146,0.4368932,0.84390247
2018-1-10T13-49-13,1515588553057,0.8341463,-0.024390243,0.44660193,0.8341463
2018-1-10T13-49-13,1515588553058,0.85365856,-0.024390243,0.42718446,0.85365856
2018-1-10T13-49-13,1515588553059,0.84390247,-0.024390243,0.42718446,0.84390247
2018-1-10T13-49-13,1515588553060,0.84390247,-0.024390243,0.44660193,0.84390247
2018-1-10T13-49-13,1515588553061,0.86341465,-0.014634146,0.44660193,0.86341465
2018-1-10T13-49-13,1515588553062,0.85365856,-0.014634146,0.46601942,0.85365856
2018-1-10T13-49-13,1515588553063,0.85365856,-0.024390243,0.44660193,0.85365856
2018-1-10T13-49-13,1515588553064,0.84390247,-0.034146342,0.44660193,0.84390247
2018-1-10T13-49-13,1515588553065,0.85365856,-0.024390243,0.44660193,0.85365856
2018-1-10T13-49-13,1515588553066,0.84390247,-0.024390243,0.44660193,0.84390247
2018-1-10T13-49-13,1515588553067,0.85365856,-0.024390243,0.44660193,0.85365856
2018-1-10T13-49-13,1515588553068,0.84390247,-0.004878049,0.4563107,0.84390247
2018-1-10T13-49-13,1515588553069,0.84390247,-0.004878049,0.44660193,0.84390247
2018-1-10T13-49-13,1515588553070,0.84390247,-0.014634146,0.41747573,0.84390247
2018-1-10T13-49-13,1515588553071,0.84390247,-0.09268293,0.4368932,0.84390247
2018-1-10T13-49-13,1515588553072,0.84390247,0.024390243,0.44660193,0.84390247
2018-1-10T13-49-13,1515588553073,0.84390247,-0.024390243,0.4368932,0.84390247
2018-1-10T13-49-13,1515588553074,0.85365856,-0.024390243,0.4368932,0.85365856
2018-1-10T13-49-13,1515588553075,0.84390247,-0.043902438,0.44660193,0.84390247
2018-1-10T13-49-13,1515588553076,0.84390247,-0.034146342,0.39805827,0.84390247
2018-1-10T13-49-13,1515588553077,0.84390247,-0.024390243,0.44660193,0.84390247
2018-1-10T13-49-13,1515588553078,0.84390247,-0.024390243,0.44660193,0.84390247
2018-1-10T13-49-13,1515588553079,0.902439,-0.034146342,0.4368932,0.902439
2018-1-10T13-49-13,1515588553080,0.85365856,-0.014634146,0.4368932,0.85365856
2018-1-10T13-49-13,1515588553081,0.84390247,-0.024390243,0.4368932,0.84390247
2018-1-10T13-49-13,1515588553082,0.85365856,-0.024390243,0.44660193,0.85365856
2018-1-10T13-49-13,1515588553083,0.85365856,-0.014634146,0.44660193,0.85365856
2018-1-10T13-49-13,1515588553084,0.85365856,-0.024390243,0.4368932,0.85365856
2018-1-10T13-49-13,1515588553085,0.8341463,-0.024390243,0.44660193,0.8341463
2018-1-10T13-49-13,1515588553086,0.84390247,-0.024390243,0.44660193,0.84390247
2018-1-10T13-49-13,1515588553087,0.86341465,-0.034146342,0.4368932,0.86341465
2018-1-10T13-49-13,1515588553088,0.85365856,-0.014634146,0.4368932,0.85365856
2018-1-10T13-49-13,1515588553089,0.85365856,-0.014634146,0.49514562,0.85365856
2018-1-10T13-49-13,1515588553090,0.8341463,-0.024390243,0.42718446,0.8341463
2018-1-10T13-49-13,1515588553091,0.85365856,-0.004878049,0.4563107,0.85365856
2018-1-10T13-49-13,1515588553092,0.84390247,-0.024390243,0.44660193,0.84390247
2018-1-10T13-49-13,1515588553093,0.85365856,-0.004878049,0.44660193,0.85365856
2018-1-10T13-49-13,1515588553094,0.84390247,-0.014634146,0.44660193,0.84390247
2018-1-10T13-49-13,1515588553095,0.8341463,-0.053658538,0.4368932,0.8341463
2018-1-10T13-49-13,1515588553096,0.84390247,-0.024390243,0.4368932,0.84390247
2018-1-10T13-49-13,1515588553097,0.84390247,-0.014634146,0.44660193,0.84390247
2018-1-10T13-49-13,1515588553098,0.84390247,-0.024390243,0.44660193,0.84390247
2018-1-10T13-49-13,1515588553099,0.84390247,-0.024390243,0.4368932,0.84390247
2018-1-10T13-49-13,1515588553100,0.84390247,-0.014634146,0.44660193,0.84390247
2018-1-10T13-49-13,1515588553101,0.85365856,-0.07317073,0.44660193,0.85365856
2018-1-10T13-49-13,1515588553102,0.84390247,-0.024390243,0.44660193,0.84390247
2018-1-10T13-49-13,1515588553103,0.92195123,-0.10243902,0.44660193,0.92195123
2018-1-10T13-49-13,1515588553104,0.84390247,-0.024390243,0.4368932,0.84390247
2018-1-10T13-49-13,1515588553105,0.84390247,-0.014634146,0.4368932,0.84390247
2018-1-10T13-49-13,1515588553106,0.85365856,-0.024390243,0.44660193,0.85365856
2018-1-10T13-49-13,1515588553107,0.84390247,-0.034146342,0.44660193,0.84390247
2018-1-10T13-49-13,1515588553108,0.84390247,-0.014634146,0.44660193,0.84390247
2018-1-10T13-49-13,1515588553109,0.85365856,-0.024390243,0.44660193,0.85365856
2018-1-10T13-49-13,1515588553110,0.84390247,-0.024390243,0.44660193,0.84390247
2018-1-10T13-49-13,1515588553111,0.85365856,-0.024390243,0.4368932,0.85365856
2018-1-10T13-49-13,1515588553112,0.84390247,-0.024390243,0.4368932,0.84390247
2018-1-10T13-49-13,1515588553113,0.84390247,-0.024390243,0.44660193,0.84390247
2018-1-10T13-49-13,1515588553114,0.85365856,-0.07317073,0.4563107,0.85365856
2018-1-10T13-49-13,1515588553115,0.84390247,-0.034146342,0.44660193,0.84390247
2018-1-10T13-49-13,1515588553116,0.86341465,-0.014634146,0.4368932,0.86341465
2018-1-10T13-49-13,1515588553117,0.84390247,-0.024390243,0.44660193,0.84390247
2018-1-10T13-49-13,1515588553118,0.85365856,-0.024390243,0.44660193,0.85365856
2018-1-10T13-49-13,1515588553119,0.8341463,-0.004878049,0.44660193,0.8341463
2018-1-10T13-49-13,1515588553120,0.85365856,-0.024390243,0.4368932,0.85365856
2018-1-10T13-49-13,1515588553121,0.85365856,-0.014634146,0.4368932,0.85365856
2018-1-10T13-49-13,1515588553122,0.84390247,-0.024390243,0.42718446,0.84390247
2018-1-10T13-49-13,1515588553123,0.87317073,-0.024390243,0.44660193,0.87317073
2018-1-10T13-49-13,1515588553124,0.85365856,-0.024390243,0.49514562,0.85365856
2018-1-10T13-49-13,1515588553125,0.84390247,-0.014634146,0.47572815,0.84390247
2018-1-10T13-49-13,1515588553126,0.84390247,-0.024390243,0.44660193,0.84390247
2018-1-10T13-49-13,1515588553127,0.85365856,-0.014634146,0.39805827,0.85365856
2018-1-10T13-49-13,1515588553128,0.84390247,-0.024390243,0.4368932,0.84390247
2018-1-10T13-49-13,1515588553129,0.84390247,-0.034146342,0.4563107,0.84390247
2018-1-10T13-49-13,1515588553130,0.84390247,-0.043902438,0.44660193,0.84390247
2018-1-10T13-49-13,1515588553131,0.84390247,-0.014634146,0.4368932,0.84390247
2018-1-10T13-49-13,1515588553132,0.84390247,-0.014634146,0.44660193,0.84390247
2018-1-10T13-49-13,1515588553133,0.84390247,-0.034146342,0.39805827,0.84390247
2018-1-10T13-49-13,1515588553134,0.84390247,-0.024390243,0.44660193,0.84390247
2018-1-10T13-49-13,1515588553135,0.85365856,-0.024390243,0.44660193,0.85365856
2018-1-10T13-49-13,1515588553136,0.8341463,-0.014634146,0.44660193,0.8341463
2018-1-10T13-49-13,1515588553137,0.85365856,-0.014634146,0.44660193,0.85365856
2018-1-10T13-49-13,1515588553138,0.84390247,-0.024390243,0.4563107,0.84390247
2018-1-10T13-49-13,1515588553139,0.84390247,-0.024390243,0.44660193,0.84390247
2018-1-10T13-49-13,1515588553140,0.8829268,-0.014634146,0.44660193,0.8829268
2018-1-10T13-49-13,1515588553141,0.84390247,-0.014634146,0.44660193,0.84390247
2018-1-10T13-49-13,1515588553142,0.84390247,-0.053658538,0.44660193,0.84390247
2018-1-10T13-49-13,1515588553143,0.85365856,-0.024390243,0.4368932,0.85365856
2018-1-10T13-49-13,1515588553144,0.85365856,0.014634146,0.42718446,0.85365856
2018-1-10T13-49-13,1515588553145,0.84390247,-0.024390243,0.3883495,0.84390247
2018-1-10T13-49-13,1515588553146,0.84390247,-0.024390243,0.44660193,0.84390247
2018-1-10T13-49-13,1515588553147,0.84390247,-0.034146342,0.4368932,0.84390247
2018-1-10T13-49-13,1515588553148,0.85365856,-0.024390243,0.44660193,0.85365856
2018-1-10T13-49-13,1515588553149,0.85365856,-0.014634146,0.44660193,0.85365856
2018-1-10T13-49-13,1515588553150,0.85365856,-0.024390243,0.44660193,0.85365856
2018-1-10T13-49-13,1515588553151,0.84390247,-0.024390243,0.44660193,0.84390247
2018-1-10T13-49-13,1515588553152,0.85365856,-0.024390243,0.44660193,0.85365856
2018-1-10T13-49-13,1515588553153,0.84390247,-0.014634146,0.4563107,0.84390247
2018-1-10T13-49-13,1515588553154,0.85365856,-0.024390243,0.42718446,0.85365856
2018-1-10T13-49-13,1515588553155,0.82439023,-0.024390243,0.4368932,0.82439023
2018-1-10T13-49-13,1515588553156,0.84390247,-0.024390243,0.44660193,0.84390247
2018-1-10T13-49-13,1515588553157,0.82439023,-0.024390243,0.4368932,0.82439023
2018-1-10T13-49-13,1515588553158,0.85365856,-0.014634146,0.33009708,0.85365856
2018-1-10T13-49-13,1515588553159,0.85365856,-0.034146342,0.44660193,0.85365856
2018-1-10T13-49-13,1515588553160,0.84390247,-0.014634146,0.44660193,0.84390247
2018-1-10T13-49-13,1515588553161,0.8341463,-0.08292683,0.44660193,0.8341463
2018-1-10T13-49-13,1515588553162,0.84390247,-0.043902438,0.4368932,0.84390247
2018-1-10T13-49-13,1515588553163,0.85365856,-0.014634146,0.4368932,0.85365856
2018-1-10T13-49-13,1515588553164,0.84390247,-0.014634146,0.3883495,0.84390247
2018-1-10T13-49-13,1515588553165,0.85365856,-0.004878049,0.44660193,0.85365856
2018-1-10T13-49-13,1515588553166,0.84390247,-0.014634146,0.44660193,0.84390247
2018-1-10T13-49-13,1515588553167,0.84390247,-0.024390243,0.44660193,0.84390247
2018-1-10T13-49-13,1515588553168,0.84390247,-0.024390243,0.46601942,0.84390247
2018-1-10T13-49-13,1515588553169,0.85365856,-0.024390243,0.44660193,0.85365856
2018-1-10T13-49-13,1515588553170,0.85365856,-0.024390243,0.44660193,0.85365856
2018-1-10T13-49-13,1515588553171,0.84390247,-0.024390243,0.44660193,0.84390247
2018-1-10T13-49-13,1515588553172,0.85365856,-0.034146342,0.4368932,0.85365856
2018-1-10T13-49-13,1515588553173,0.85365856,-0.024390243,0.44660193,0.85365856
2018-1-10T13-49-13,1515588553174,0.86341465,-0.014634146,0.44660193,0.86341465
2018-1-10T13-49-13,1515588553175,0.85365856,-0.024390243,0.42718446,0.85365856
2018-1-10T13-49-13,1515588553176,0.85365856,-0.043902438,0.44660193,0.85365856
2018-1-10T13-49-13,1515588553177,0.84390247,-0.024390243,0.44660193,0.84390247
2018-1-10T13-49-13,1515588553178,0.84390247,-0.024390243,0.4368932,0.84390247
2018-1-10T13-49-13,1515588553179,0.85365856,-0.014634146,0.4368932,0.85365856
2018-1-10T13-49-13,1515588553180,0.84390247,-0.024390243,0.44660193,0.84390247
2018-1-10T13-49-13,1515588553181,0.84390247,-0.024390243,0.4563107,0.84390247
2018-1-10T13-49-13,1515588553182,0.84390247,-0.024390243,0.44660193,0.84390247
2018-1-10T13-49-13,1515588553183,0.84390247,-0.034146342,0.44660193,0.84390247
2018-1-10T13-49-13,1515588553184,0.84390247,-0.024390243,0.44660193,0.84390247
2018-1-10T13-49-13,1515588553185,0.85365856,-0.053658538,0.44660193,0.85365856
2018-1-10T13-49-13,1515588553186,0.84390247,-0.024390243,0.44660193,0.84390247
2018-1-10T13-49-13,1515588553187,0.84390247,-0.07317073,0.44660193,0.84390247
2018-1-10T13-49-13,1515588553188,0.85365856,-0.024390243,0.44660193,0.85365856
2018-1-10T13-49-13,1515588553189,0.84390247,-0.024390243,0.44660193,0.84390247
2018-1-10T13-49-13,1515588553190,0.85365856,-0.024390243,0.44660193,0.85365856
2018-1-10T13-49-13,1515588553191,0.81463414,-0.034146342,0.44660193,0.81463414
2018-1-10T13-49-13,1515588553192,0.84390247,-0.024390243,0.4368932,0.84390247
2018-1-10T13-49-13,1515588553193,0.85365856,-0.024390243,0.4368932,0.85365856
2018-1-10T13-49-13,1515588553194,0.84390247,-0.024390243,0.44660193,0.84390247
2018-1-10T13-49-13,1515588553195,0.85365856,-0.034146342,0.42718446,0.85365856
2018-1-10T13-49-13,1515588553196,0.85365856,-0.024390243,0.44660193,0.85365856
2018-1-10T13-49-13,1515588553197,0.84390247,-0.014634146,0.44660193,0.84390247
2018-1-10T13-49-13,1515588553198,0.85365856,0.024390243,0.44660193,0.85365856
2018-1-10T13-49-13,1515588553199,0.8829268,-0.024390243,0.44660193,0.8829268
2018-1-10T13-49-13,1515588553200,0.84390247,-0.024390243,0.44660193,0.84390247
2018-1-10T13-49-13,1515588553201,0.82439023,-0.014634146,0.4368932,0.82439023
2018-1-10T13-49-13,1515588553202,0.85365856,-0.024390243,0.44660193,0.85365856
2018-1-10T13-49-13,1515588553203,0.84390247,-0.024390243,0.44660193,0.84390247
2018-1-10T13-49-13,1515588553204,0.8341463,-0.024390243,0.46601942,0.8341463
2018-1-10T13-49-13,1515588553205,0.84390247,-0.024390243,0.5048544,0.84390247
2018-1-10T13-49-13,1515588553206,0.85365856,-0.014634146,0.4368932,0.85365856
2018-1-10T13-49-13,1515588553207,0.85365856,-0.014634146,0.44660193,0.85365856
2018-1-10T13-49-13,1515588553208,0.84390247,-0.09268293,0.4368932,0.84390247
2018-1-10T13-49-13,1515588553209,0.84390247,-0.024390243,0.407767,0.84390247
2018-1-10T13-49-13,1515588553210,0.902439,-0.024390243,0.4368932,0.902439
2018-1-10T13-49-13,1515588553211,0.85365856,-0.024390243,0.4368932,0.85365856
2018-1-10T13-49-13,1515588553212,0.85365856,-0.014634146,0.4368932,0.85365856
2018-1-10T13-49-13,1515588553213,0.84390247,-0.014634146,0.52427185,0.84390247
2018-1-10T13-49-13,1515588553214,0.85365856,-0.024390243,0.4368932,0.85365856
2018-1-10T13-49-13,1515588553215,0.84390247,-0.024390243,0.44660193,0.84390247
2018-1-10T13-49-13,1515588553216,0.84390247,-0.014634146,0.44660193,0.84390247
2018-1-10T13-49-13,1515588553217,0.84390247,-0.024390243,0.46601942,0.84390247
2018-1-10T13-49-13,1515588553218,0.85365856,-0.024390243,0.4368932,0.85365856
2018-1-10T13-49-13,1515588553219,0.84390247,-0.034146342,0.4368932,0.84390247
2018-1-10T13-49-13,1515588553220,0.84390247,-0.024390243,0.44660193,0.84390247
2018-1-10T13-49-13,1515588553221,0.84390247,-0.014634146,0.44660193,0.84390247
2018-1-10T13-49-13,1515588553222,0.84390247,-0.024390243,0.42718446,0.84390247
2018-1-10T13-49-13,1515588553223,0.85365856,-0.034146342,0.44660193,0.85365856
2018-1-10T13-49-13,1515588553224,0.85365856,-0.024390243,0.44660193,0.85365856
2018-1-10T13-49-13,1515588553225,0.84390247,-0.024390243,0.44660193,0.84390247
2018-1-10T13-49-13,1515588553226,0.84390247,-0.024390243,0.44660193,0.84390247
2018-1-10T13-49-13,1515588553227,0.84390247,-0.014634146,0.44660193,0.84390247
2018-1-10T13-49-13,1515588553228,0.84390247,-0.024390243,0.47572815,0.84390247
2018-1-10T13-49-13,1515588553229,0.84390247,-0.024390243,0.4368932,0.84390247
2018-1-10T13-49-13,1515588553230,0.85365856,-0.024390243,0.44660193,0.85365856
2018-1-10T13-49-13,1515588553231,0.84390247,-0.024390243,0.44660193,0.84390247
2018-1-10T13-49-13,1515588553232,0.84390247,-0.014634146,0.4563107,0.84390247
2018-1-10T13-49-13,1515588553233,0.84390247,-0.024390243,0.44660193,0.84390247
2018-1-10T13-49-13,1515588553234,0.84390247,-0.053658538,0.4368932,0.84390247
2018-1-10T13-49-13,1515588553235,0.84390247,-0.004878049,0.44660193,0.84390247
2018-1-10T13-49-13,1515588553236,0.85365856,-0.014634146,0.4368932,0.85365856
2018-1-10T13-49-13,1515588553237,0.84390247,-0.024390243,0.44660193,0.84390247
2018-1-10T13-49-13,1515588553238,0.85365856,-0.014634146,0.44660193,0.85365856
2018-1-10T13-49-13,1515588553239,0.84390247,-0.014634146,0.44660193,0.84390247
2018-1-10T13-49-13,1515588553240,0.84390247,-0.024390243,0.44660193,0.84390247
2018-1-10T13-49-13,1515588553241,0.85365856,-0.014634146,0.4368932,0.85365856
2018-1-10T13-49-13,1515588553242,0.84390247,-0.034146342,0.4368932,0.84390247
2018-1-10T13-49-13,1515588553243,0.84390247,-0.024390243,0.4368932,0.84390247
2018-1-10T13-49-13,1515588553244,0.84390247,-0.014634146,0.44660193,0.84390247
2018-1-10T13-49-13,1515588553245,0.84390247,-0.024390243,0.44660193,0.84390247
2018-1-10T13-49-13,1515588553246,0.82439023,-0.024390243,0.4563107,0.82439023
2018-1-10T13-49-13,1515588553247,0.84390247,0.004878049,0.44660193,0.84390247
2018-1-10T13-49-13,1515588553248,0.84390247,-0.024390243,0.4368932,0.84390247
2018-1-10T13-49-13,1515588553249,0.84390247,-0.004878049,0.44660193,0.84390247
2018-1-10T13-49-13,1515588553250,0.84390247,-0.014634146,0.44660193,0.84390247
2018-1-10T13-49-13,1515588553251,0.86341465,-0.014634146,0.4368932,0.86341465
2018-1-10T13-49-13,1515588553252,0.84390247,-0.024390243,0.4368932,0.84390247
2018-1-10T13-49-13,1515588553253,0.85365856,0.024390243,0.44660193,0.85365856
2018-1-10T13-49-13,1515588553254,0.84390247,-0.024390243,0.4368932,0.84390247
2018-1-10T13-49-13,1515588553255,0.85365856,-0.024390243,0.44660193,0.85365856
2018-1-10T13-49-13,1515588553256,0.85365856,-0.024390243,0.42718446,0.85365856
2018-1-10T13-49-13,1515588553257,0.85365856,-0.024390243,0.44660193,0.85365856
2018-1-10T13-49-13,1515588553258,0.86341465,-0.024390243,0.44660193,0.86341465
2018-1-10T13-49-13,1515588553259,0.8341463,-0.034146342,0.44660193,0.8341463
2018-1-10T13-49-13,1515588553260,0.84390247,-0.014634146,0.44660193,0.84390247
2018-1-10T13-49-13,1515588553261,0.84390247,-0.024390243,0.44660193,0.84390247
2018-1-10T13-49-13,1515588553262,0.85365856,0.053658538,0.4368932,0.85365856
2018-1-10T13-49-13,1515588553263,0.8341463,-0.024390243,0.4368932,0.8341463
2018-1-10T13-49-13,1515588553264,0.84390247,-0.024390243,0.44660193,0.84390247
2018-1-10T13-49-13,1515588553265,0.84390247,-0.024390243,0.4368932,0.84390247
2018-1-10T13-49-13,1515588553266,0.84390247,-0.014634146,0.44660193,0.84390247
2018-1-10T13-49-13,1515588553267,0.84390247,-0.024390243,0.44660193,0.84390247
2018-1-10T13-49-13,1515588553268,0.85365856,-0.024390243,0.44660193,0.85365856
2018-1-10T13-49-13,1515588553269,0.84390247,-0.024390243,0.4563107,0.84390247
2018-1-10T13-49-13,1515588553270,0.85365856,-0.024390243,0.44660193,0.85365856
2018-1-10T13-49-13,1515588553271,0.84390247,-0.034146342,0.4368932,0.84390247
2018-1-10T13-49-13,1515588553272,0.84390247,-0.024390243,0.46601942,0.84390247
2018-1-10T13-49-13,1515588553273,0.85365856,-0.014634146,0.4368932,0.85365856
2018-1-10T13-49-13,1515588553274,0.84390247,-0.004878049,0.4368932,0.84390247
2018-1-10T13-49-13,1515588553275,0.84390247,-0.024390243,0.44660193,0.84390247
2018-1-10T13-49-13,1515588553276,0.85365856,-0.004878049,0.44660193,0.85365856
2018-1-10T13-49-13,1515588553277,0.84390247,-0.024390243,0.46601942,0.84390247
2018-1-10T13-49-13,1515588553278,0.77560973,-0.024390243,0.44660193,0.77560973
2018-1-10T13-49-13,1515588553279,0.85365856,-0.024390243,0.4368932,0.85365856
2018-1-10T13-49-13,1515588553280,0.87317073,-0.024390243,0.44660193,0.87317073
2018-1-10T13-49-13,1515588553281,0.85365856,-0.014634146,0.3883495,0.85365856
2018-1-10T13-49-13,1515588553282,0.79512197,-0.024390243,0.44660193,0.79512197
2018-1-10T13-49-13,1515588553283,0.85365856,-0.024390243,0.4368932,0.85365856
2018-1-10T13-49-13,1515588553284,0.84390247,-0.024390243,0.44660193,0.84390247
2018-1-10T13-49-13,1515588553285,0.84390247,-0.024390243,0.5048544,0.84390247
2018-1-10T13-49-13,1515588553286,0.85365856,-0.024390243,0.44660193,0.85365856
2018-1-10T13-49-13,1515588553287,0.85365856,-0.014634146,0.44660193,0.85365856
2018-1-10T13-49-13,1515588553288,0.84390247,-0.024390243,0.44660193,0.84390247
2018-1-10T13-49-13,1515588553289,0.84390247,-0.024390243,0.44660193,0.84390247
2018-1-10T13-49-13,1515588553290,0.8829268,-0.014634146,0.44660193,0.8829268
2018-1-10T13-49-13,1515588553291,0.8341463,-0.034146342,0.44660193,0.8341463
2018-1-10T13-49-13,1515588553292,0.85365856,-0.014634146,0.47572815,0.85365856
2018-1-10T13-49-13,1515588553293,0.85365856,-0.024390243,0.4368932,0.85365856
2018-1-10T13-49-13,1515588553294,0.84390247,0.024390243,0.44660193,0.84390247
2018-1-10T13-49-13,1515588553295,0.84390247,-0.024390243,0.47572815,0.84390247
2018-1-10T13-49-13,1515588553296,0.85365856,-0.024390243,0.4368932,0.85365856
2018-1-10T13-49-13,1515588553297,0.8341463,-0.024390243,0.44660193,0.8341463
2018-1-10T13-49-13,1515588553298,0.84390247,-0.024390243,0.4368932,0.84390247
2018-1-10T13-49-13,1515588553299,0.84390247,-0.024390243,0.44660193,0.84390247
2018-1-10T13-49-13,1515588553300,0.84390247,-0.014634146,0.44660193,0.84390247
2018-1-10T13-49-13,1515588553301,0.84390247,-0.014634146,0.4368932,0.84390247
2018-1-10T13-49-13,1515588553302,0.85365856,-0.014634146,0.44660193,0.85365856
2018-1-10T13-49-13,1515588553303,0.8341463,-0.014634146,0.4368932,0.8341463
2018-1-10T13-49-13,1515588553304,0.84390247,-0.024390243,0.44660193,0.84390247
2018-1-10T13-49-13,1515588553305,0.7853659,-0.024390243,0.44660193,0.7853659
2018-1-10T13-49-13,1515588553306,0.84390247,-0.024390243,0.44660193,0.84390247
2018-1-10T13-49-13,1515588553307,0.84390247,-0.014634146,0.44660193,0.84390247
2018-1-10T13-49-13,1515588553308,0.84390247,-0.014634146,0.42718446,0.84390247
2018-1-10T13-49-13,1515588553309,0.84390247,-0.014634146,0.4368932,0.84390247
2018-1-10T13-49-13,1515588553310,0.85365856,-0.014634146,0.4563107,0.85365856
2018-1-10T13-49-13,1515588553311,0.84390247,-0.004878049,0.4368932,0.84390247
2018-1-10T13-49-13,1515588553312,0.85365856,-0.024390243,0.4368932,0.85365856
2018-1-10T13-49-13,1515588553313,0.84390247,0.014634146,0.4368932,0.84390247
2018-1-10T13-49-13,1515588553314,0.85365856,-0.014634146,0.44660193,0.85365856
2018-1-10T13-49-13,1515588553315,0.84390247,-0.014634146,0.4368932,0.84390247
2018-1-10T13-49-13,1515588553316,0.84390247,-0.014634146,0.44660193,0.84390247
2018-1-10T13-49-13,1515588553317,0.84390247,-0.014634146,0.44660193,0.84390247
2018-1-10T13-49-13,1515588553318,0.85365856,-0.014634146,0.4368932,0.85365856
2018-1-10T13-49-13,1515588553319,0.85365856,-0.024390243,0.44660193,0.85365856
2018-1-10T13-49-13,1515588553320,0.85365856,-0.024390243,0.42718446,0.85365856
2018-1-10T13-49-13,1515588553321,0.8829268,-0.024390243,0.44660193,0.8829268
2018-1-10T13-49-13,1515588553322,0.84390247,-0.014634146,0.46601942,0.84390247
2018-1-10T13-49-13,1515588553323,0.85365856,-0.004878049,0.4563107,0.85365856
2018-1-10T13-49-13,1515588553324,0.84390247,-0.024390243,0.4368932,0.84390247
2018-1-10T13-49-13,1515588553325,0.84390247,-0.004878049,0.44660193,0.84390247
2018-1-10T13-49-13,1515588553326,0.84390247,-0.024390243,0.5145631,0.84390247
2018-1-10T13-49-13,1515588553327,0.85365856,-0.014634146,0.46601942,0.85365856
2018-1-10T13-49-13,1515588553328,0.84390247,-0.004878049,0.44660193,0.84390247
2018-1-10T13-49-13,1515588553329,0.84390247,-0.014634146,0.44660193,0.84390247
2018-1-10T13-49-13,1515588553330,0.84390247,-0.024390243,0.44660193,0.84390247
2018-1-10T13-49-13,1515588553331,0.84390247,-0.024390243,0.4563107,0.84390247
2018-1-10T13-49-13,1515588553332,0.84390247,-0.024390243,0.44660193,0.84390247
2018-1-10T13-49-13,1515588553333,0.84390247,-0.024390243,0.44660193,0.84390247
2018-1-10T13-49-13,1515588553334,0.84390247,-0.034146342,0.44660193,0.84390247
2018-1-10T13-49-13,1515588553335,0.84390247,-0.024390243,0.4368932,0.84390247
2018-1-10T13-49-13,1515588553336,0.8341463,-0.024390243,0.42718446,0.8341463
2018-1-10T13-49-13,1515588553337,0.8341463,-0.014634146,0.44660193,0.8341463
2018-1-10T13-49-13,1515588553338,0.84390247,-0.014634146,0.44660193,0.84390247
2018-1-10T13-49-13,1515588553339,0.84390247,-0.014634146,0.42718446,0.84390247
2018-1-10T13-49-13,1515588553340,0.84390247,-0.06341463,0.4368932,0.84390247
2018-1-10T13-49-13,1515588553341,0.84390247,-0.024390243,0.4368932,0.84390247
2018-1-10T13-49-13,1515588553342,0.85365856,0.014634146,0.44660193,0.85365856
2018-1-10T13-49-13,1515588553343,0.85365856,-0.014634146,0.44660193,0.85365856
2018-1-10T13-49-13,1515588553344,0.85365856,-0.024390243,0.44660193,0.85365856
2018-1-10T13-49-13,1515588553345,0.85365856,-0.014634146,0.44660193,0.85365856
2018-1-10T13-49-13,1515588553346,0.84390247,-0.024390243,0.44660193,0.84390247
2018-1-10T13-49-13,1515588553347,0.84390247,-0.024390243,0.4368932,0.84390247
2018-1-10T13-49-13,1515588553348,0.85365856,-0.024390243,0.4368932,0.85365856
2018-1-10T13-49-13,1515588553349,0.85365856,-0.034146342,0.39805827,0.85365856
2018-1-10T13-49-13,1515588553350,0.84390247,-0.024390243,0.4368932,0.84390247
2018-1-10T13-49-13,1515588553351,0.92195123,-0.053658538,0.44660193,0.92195123
2018-1-10T13-49-13,1515588553352,0.84390247,-0.014634146,0.4563107,0.84390247
2018-1-10T13-49-13,1515588553353,0.84390247,-0.10243902,0.4368932,0.84390247
2018-1-10T13-49-13,1515588553354,0.85365856,-0.014634146,0.4563107,0.85365856
2018-1-10T13-49-13,1515588553355,0.84390247,-0.014634146,0.46601942,0.84390247
2018-1-10T13-49-13,1515588553356,0.85365856,-0.014634146,0.44660193,0.85365856
2018-1-10T13-49-13,1515588553357,0.84390247,-0.014634146,0.4563107,0.84390247
2018-1-10T13-49-13,1515588553358,0.84390247,-0.024390243,0.4368932,0.84390247
2018-1-10T13-49-13,1515588553359,0.84390247,-0.024390243,0.44660193,0.84390247
2018-1-10T13-49-13,1515588553360,0.84390247,-0.014634146,0.42718446,0.84390247
2018-1-10T13-49-13,1515588553361,0.84390247,-0.024390243,0.44660193,0.84390247
2018-1-10T13-49-13,1515588553362,0.8341463,-0.034146342,0.44660193,0.8341463
2018-1-10T13-49-13,1515588553363,0.8341463,-0.014634146,0.44660193,0.8341463
2018-1-10T13-49-13,1515588553364,0.84390247,-0.024390243,0.44660193,0.84390247
2018-1-10T13-49-13,1515588553365,0.86341465,-0.014634146,0.44660193,0.86341465
2018-1-10T13-49-13,1515588553366,0.82439023,-0.024390243,0.4563107,0.82439023
2018-1-10T13-49-13,1515588553367,0.84390247,-0.024390243,0.4368932,0.84390247
2018-1-10T13-49-13,1515588553368,0.8341463,-0.014634146,0.44660193,0.8341463
2018-1-10T13-49-13,1515588553369,0.85365856,-0.024390243,0.44660193,0.85365856
2018-1-10T13-49-13,1515588553370,0.84390247,-0.024390243,0.4368932,0.84390247
2018-1-10T13-49-13,1515588553371,0.84390247,-0.024390243,0.44660193,0.84390247
2018-1-10T13-49-13,1515588553372,0.85365856,-0.024390243,0.44660193,0.85365856
2018-1-10T13-49-13,1515588553373,0.85365856,-0.024390243,0.4368932,0.85365856
2018-1-10T13-49-13,1515588553374,0.85365856,-0.09268293,0.4368932,0.85365856
2018-1-10T13-49-13,1515588553375,0.84390247,-0.024390243,0.4368932,0.84390247
2018-1-10T13-49-13,1515588553376,0.9317073,-0.014634146,0.44660193,0.9317073
2018-1-10T13-49-13,1515588553377,0.87317073,-0.024390243,0.4368932,0.87317073
2018-1-10T13-49-13,1515588553378,0.84390247,-0.014634146,0.4563107,0.84390247
2018-1-10T13-49-13,1515588553379,0.85365856,0.014634146,0.4563107,0.85365856
2018-1-10T13-49-13,1515588553380,0.85365856,-0.004878049,0.44660193,0.85365856
2018-1-10T13-49-13,1515588553381,0.84390247,-0.014634146,0.4854369,0.84390247
2018-1-10T13-49-13,1515588553382,0.85365856,-0.014634146,0.44660193,0.85365856
2018-1-10T13-49-13,1515588553383,0.85365856,-0.014634146,0.42718446,0.85365856
2018-1-10T13-49-13,1515588553384,0.84390247,-0.014634146,0.4368932,0.84390247
2018-1-10T13-49-13,1515588553385,0.84390247,-0.024390243,0.4563107,0.84390247
2018-1-10T13-49-13,1515588553386,0.84390247,-0.024390243,0.44660193,0.84390247
2018-1-10T13-49-13,1515588553387,0.84390247,-0.06341463,0.4368932,0.84390247
2018-1-10T13-49-13,1515588553388,0.84390247,-0.024390243,0.44660193,0.84390247
2018-1-10T13-49-13,1515588553389,0.84390247,-0.024390243,0.44660193,0.84390247
2018-1-10T13-49-13,1515588553390,0.84390247,-0.034146342,0.4368932,0.84390247
2018-1-10T13-49-13,1515588553391,0.81463414,-0.034146342,0.4563107,0.81463414
2018-1-10T13-49-13,1515588553392,0.84390247,0.004878049,0.42718446,0.84390247
2018-1-10T13-49-13,1515588553393,0.8341463,-0.043902438,0.44660193,0.8341463
2018-1-10T13-49-13,1515588553394,0.84390247,-0.024390243,0.44660193,0.84390247
2018-1-10T13-49-13,1515588553395,0.85365856,-0.014634146,0.44660193,0.85365856
2018-1-10T13-49-13,1515588553396,0.84390247,-0.034146342,0.4368932,0.84390247
2018-1-10T13-49-13,1515588553397,0.84390247,-0.034146342,0.44660193,0.84390247
2018-1-10T13-49-13,1515588553398,0.84390247,-0.014634146,0.44660193,0.84390247
2018-1-10T13-49-13,1515588553399,0.85365856,-0.024390243,0.44660193,0.85365856
2018-1-10T13-49-13,1515588553400,0.84390247,-0.043902438,0.44660193,0.84390247
2018-1-10T13-49-13,1515588553401,0.84390247,-0.014634146,0.44660193,0.84390247
2018-1-10T13-49-13,1515588553402,0.84390247,-0.024390243,0.4563107,0.84390247
2018-1-10T13-49-13,1515588553403,0.84390247,-0.014634146,0.4368932,0.84390247
2018-1-10T13-49-13,1515588553404,0.84390247,-0.014634146,0.44660193,0.84390247
2018-1-10T13-49-13,1515588553405,0.85365856,-0.014634146,0.44660193,0.85365856
2018-1-10T13-49-13,1515588553406,0.84390247,-0.024390243,0.4368932,0.84390247
2018-1-10T13-49-13,1515588553407,0.84390247,-0.024390243,0.44660193,0.84390247
2018-1-10T13-49-13,1515588553408,0.85365856,-0.004878049,0.4368932,0.85365856
2018-1-10T13-49-13,1515588553409,0.85365856,-0.024390243,0.4563107,0.85365856
2018-1-10T13-49-13,1515588553410,0.8341463,-0.024390243,0.4368932,0.8341463
2018-1-10T13-49-13,1515588553411,0.85365856,-0.024390243,0.4563107,0.85365856
2018-1-10T13-49-13,1515588553412,0.84390247,-0.024390243,0.44660193,0.84390247
2018-1-10T13-49-13,1515588553413,0.85365856,-0.024390243,0.44660193,0.85365856
2018-1-10T13-49-13,1515588553414,0.85365856,-0.024390243,0.44660193,0.85365856
2018-1-10T13-49-13,1515588553415,0.87317073,-0.034146342,0.44660193,0.87317073
2018-1-10T13-49-13,1515588553416,0.84390247,0.004878049,0.44660193,0.84390247
2018-1-10T13-49-13,1515588553417,0.84390247,-0.024390243,0.4563107,0.84390247
2018-1-10T13-49-13,1515588553418,0.84390247,-0.024390243,0.44660193,0.84390247
2018-1-10T13-49-13,1515588553419,0.85365856,-0.06341463,0.4368932,0.85365856
2018-1-10T13-49-13,1515588553420,0.84390247,-0.014634146,0.44660193,0.84390247
2018-1-10T13-49-13,1515588553421,0.85365856,-0.014634146,0.44660193,0.85365856
2018-1-10T13-49-13,1515588553422,0.84390247,-0.034146342,0.4368932,0.84390247
2018-1-10T13-49-13,1515588553423,0.8341463,-0.024390243,0.4368932,0.8341463
2018-1-10T13-49-13,1515588553424,0.84390247,-0.043902438,0.44660193,0.84390247
2018-1-10T13-49-13,1515588553425,0.86341465,-0.014634146,0.44660193,0.86341465
2018-1-10T13-49-13,1515588553426,0.85365856,-0.024390243,0.42718446,0.85365856
2018-1-10T13-49-13,1515588553427,0.8829268,-0.014634146,0.41747573,0.8829268
2018-1-10T13-49-13,1515588553428,0.8341463,-0.024390243,0.44660193,0.8341463
2018-1-10T13-49-13,1515588553429,0.8341463,-0.014634146,0.44660193,0.8341463
2018-1-10T13-49-13,1515588553430,0.79512197,-0.024390243,0.47572815,0.79512197
2018-1-10T13-49-13,1515588553431,0.84390247,-0.014634146,0.4368932,0.84390247
2018-1-10T13-49-13,1515588553432,0.85365856,-0.014634146,0.44660193,0.85365856
2018-1-10T13-49-13,1515588553433,0.84390247,-0.024390243,0.44660193,0.84390247
2018-1-10T13-49-13,1515588553434,0.85365856,-0.004878049,0.47572815,0.85365856
2018-1-10T13-49-13,1515588553435,0.84390247,-0.024390243,0.4563107,0.84390247
2018-1-10T13-49-13,1515588553436,0.85365856,-0.024390243,0.44660193,0.85365856
2018-1-10T13-49-13,1515588553437,0.86341465,-0.014634146,0.44660193,0.86341465
2018-1-10T13-49-13,1515588553438,0.84390247,-0.024390243,0.44660193,0.84390247
2018-1-10T13-49-13,1515588553439,0.85365856,-0.014634146,0.44660193,0.85365856
2018-1-10T13-49-13,1515588553440,0.86341465,-0.024390243,0.44660193,0.86341465
2018-1-10T13-49-13,1515588553441,0.85365856,-0.024390243,0.44660193,0.85365856
2018-1-10T13-49-13,1515588553442,0.84390247,-0.024390243,0.44660193,0.84390247
2018-1-10T13-49-13,1515588553443,0.84390247,-0.034146342,0.4563107,0.84390247
2018-1-10T13-49-13,1515588553444,0.85365856,-0.014634146,0.4368932,0.85365856
2018-1-10T13-49-13,1515588553445,0.84390247,-0.024390243,0.4368932,0.84390247
2018-1-10T13-49-13,1515588553446,0.84390247,-0.024390243,0.44660193,0.84390247
2018-1-10T13-49-13,1515588553447,0.84390247,-0.034146342,0.44660193,0.84390247
2018-1-10T13-49-13,1515588553448,0.86341465,-0.024390243,0.4563107,0.86341465
2018-1-10T13-49-13,1515588553449,0.85365856,-0.06341463,0.4563107,0.85365856
2018-1-10T13-49-13,1515588553450,0.85365856,-0.024390243,0.46601942,0.85365856
2018-1-10T13-49-13,1515588553451,0.85365856,-0.034146342,0.41747573,0.85365856
2018-1-10T13-49-13,1515588553452,0.85365856,-0.024390243,0.4368932,0.85365856
2018-1-10T13-49-13,1515588553453,0.84390247,-0.024390243,0.4563107,0.84390247
2018-1-10T13-49-13,1515588553454,0.85365856,-0.034146342,0.4563107,0.85365856
2018-1-10T13-49-13,1515588553455,0.85365856,-0.024390243,0.4368932,0.85365856
2018-1-10T13-49-13,1515588553456,0.84390247,-0.024390243,0.4563107,0.84390247
2018-1-10T13-49-13,1515588553457,0.84390247,-0.043902438,0.44660193,0.84390247
2018-1-10T13-49-13,1515588553458,0.85365856,-0.014634146,0.39805827,0.85365856
2018-1-10T13-49-13,1515588553459,0.84390247,-0.024390243,0.44660193,0.84390247
2018-1-10T13-49-13,1515588553460,0.85365856,-0.014634146,0.44660193,0.85365856
2018-1-10T13-49-13,1515588553461,0.85365856,-0.014634146,0.44660193,0.85365856
2018-1-10T13-49-13,1515588553462,0.84390247,-0.024390243,0.39805827,0.84390247
2018-1-10T13-49-13,1515588553463,0.84390247,-0.024390243,0.44660193,0.84390247
2018-1-10T13-49-13,1515588553464,0.84390247,-0.024390243,0.49514562,0.84390247
2018-1-10T13-49-13,1515588553465,0.84390247,-0.024390243,0.4368932,0.84390247
2018-1-10T13-49-13,1515588553466,0.8341463,-0.034146342,0.44660193,0.8341463
2018-1-10T13-49-13,1515588553467,0.84390247,-0.024390243,0.4368932,0.84390247
2018-1-10T13-49-13,1515588553468,0.84390247,-0.024390243,0.44660193,0.84390247
2018-1-10T13-49-13,1515588553469,0.84390247,-0.024390243,0.44660193,0.84390247
2018-1-10T13-49-13,1515588553470,0.84390247,-0.034146342,0.4368932,0.84390247
2018-1-10T13-49-13,1515588553471,0.84390247,-0.024390243,0.4368932,0.84390247
2018-1-10T13-49-13,1515588553472,0.85365856,-0.07317073,0.44660193,0.85365856
2018-1-10T13-49-13,1515588553473,0.85365856,-0.014634146,0.44660193,0.85365856
2018-1-10T13-49-13,1515588553474,0.86341465,-0.043902438,0.44660193,0.86341465
2018-1-10T13-49-13,1515588553475,0.85365856,-0.014634146,0.4368932,0.85365856
2018-1-10T13-49-13,1515588553476,0.85365856,-0.014634146,0.44660193,0.85365856
2018-1-10T13-49-13,1515588553477,0.81463414,-0.024390243,0.44660193,0.81463414
2018-1-10T13-49-13,1515588553478,0.84390247,-0.014634146,0.44660193,0.84390247
2018-1-10T13-49-13,1515588553479,0.84390247,-0.004878049,0.44660193,0.84390247
2018-1-10T13-49-13,1515588553480,0.84390247,-0.014634146,0.4368932,0.84390247
2018-1-10T13-49-13,1515588553481,0.85365856,-0.004878049,0.44660193,0.85365856
2018-1-10T13-49-13,1515588553482,0.84390247,-0.014634146,0.44660193,0.84390247
2018-1-10T13-49-13,1515588553483,0.81463414,-0.024390243,0.44660193,0.81463414
2018-1-10T13-49-13,1515588553484,0.84390247,-0.024390243,0.44660193,0.84390247
2018-1-10T13-49-13,1515588553485,0.84390247,-0.024390243,0.44660193,0.84390247
2018-1-10T13-49-13,1515588553486,0.84390247,-0.024390243,0.44660193,0.84390247
2018-1-10T13-49-13,1515588553487,0.84390247,-0.014634146,0.44660193,0.84390247
2018-1-10T13-49-13,1515588553488,0.84390247,-0.024390243,0.3592233,0.84390247
2018-1-10T13-49-13,1515588553489,0.86341465,-0.014634146,0.44660193,0.86341465
2018-1-10T13-49-13,1515588553490,0.84390247,-0.024390243,0.44660193,0.84390247
2018-1-10T13-49-13,1515588553491,0.84390247,-0.024390243,0.44660193,0.84390247
2018-1-10T13-49-13,1515588553492,0.84390247,0.034146342,0.44660193,0.84390247
2018-1-10T13-49-13,1515588553493,0.85365856,-0.024390243,0.44660193,0.85365856
2018-1-10T13-49-13,1515588553494,0.85365856,-0.014634146,0.44660193,0.85365856
2018-1-10T13-49-13,1515588553495,0.84390247,-0.014634146,0.4563107,0.84390247
2018-1-10T13-49-13,1515588553496,0.84390247,-0.09268293,0.4368932,0.84390247
2018-1-10T13-49-13,1515588553497,0.8341463,-0.07317073,0.4368932,0.8341463
2018-1-10T13-49-13,1515588553498,0.84390247,-0.024390243,0.4368932,0.84390247
2018-1-10T13-49-13,1515588553499,0.84390247,-0.014634146,0.4368932,0.84390247
2018-1-10T13-49-13,1515588553500,0.86341465,-0.014634146,0.4368932,0.86341465
2018-1-10T13-49-13,1515588553501,0.84390247,-0.024390243,0.44660193,0.84390247
2018-1-10T13-49-13,1515588553502,0.8341463,0.004878049,0.44660193,0.8341463
2018-1-10T13-49-13,1515588553503,0.84390247,-0.024390243,0.4368932,0.84390247
2018-1-10T13-49-13,1515588553504,0.84390247,-0.034146342,0.47572815,0.84390247
2018-1-10T13-49-13,1515588553505,0.84390247,-0.06341463,0.4563107,0.84390247
2018-1-10T13-49-13,1515588553506,0.84390247,-0.014634146,0.4368932,0.84390247
2018-1-10T13-49-13,1515588553507,0.84390247,-0.024390243,0.4368932,0.84390247
2018-1-10T13-49-13,1515588553508,0.8341463,-0.024390243,0.4368932,0.8341463
2018-1-10T13-49-13,1515588553509,0.8341463,-0.024390243,0.4368932,0.8341463
2018-1-10T13-49-13,1515588553510,0.84390247,-0.024390243,0.44660193,0.84390247
2018-1-10T13-49-13,1515588553511,0.85365856,-0.034146342,0.4368932,0.85365856
2018-1-10T13-49-13,1515588553512,0.84390247,-0.014634146,0.4368932,0.84390247
2018-1-10T13-49-13,1515588553513,0.8829268,-0.024390243,0.4368932,0.8829268
2018-1-10T13-49-13,1515588553514,0.84390247,-0.034146342,0.4368932,0.84390247
2018-1-10T13-49-13,1515588553515,0.85365856,0.024390243,0.44660193,0.85365856
2018-1-10T13-49-13,1515588553516,0.84390247,-0.024390243,0.44660193,0.84390247
2018-1-10T13-49-13,1515588553517,0.8341463,-0.024390243,0.4563107,0.8341463
2018-1-10T13-49-13,1515588553518,0.86341465,-0.024390243,0.4563107,0.86341465
2018-1-10T13-49-13,1515588553519,0.85365856,-0.024390243,0.44660193,0.85365856
2018-1-10T13-49-13,1515588553520,0.85365856,-0.004878049,0.44660193,0.85365856
2018-1-10T13-49-13,1515588553521,0.86341465,-0.024390243,0.44660193,0.86341465
2018-1-10T13-49-13,1515588553522,0.84390247,-0.024390243,0.44660193,0.84390247
2018-1-10T13-49-13,1515588553523,0.85365856,-0.024390243,0.4368932,0.85365856
2018-1-10T13-49-13,1515588553524,0.82439023,-0.024390243,0.41747573,0.82439023
2018-1-10T13-49-13,1515588553525,0.85365856,-0.014634146,0.4368932,0.85365856
2018-1-10T13-49-13,1515588553526,0.85365856,-0.024390243,0.4368932,0.85365856
2018-1-10T13-49-13,1515588553527,0.84390247,-0.024390243,0.44660193,0.84390247
2018-1-10T13-49-13,1515588553528,0.85365856,-0.024390243,0.4368932,0.85365856
2018-1-10T13-49-13,1515588553529,0.84390247,-0.024390243,0.44660193,0.84390247
2018-1-10T13-49-13,1515588553530,0.84390247,-0.024390243,0.4563107,0.84390247
2018-1-10T13-49-13,1515588553531,0.84390247,-0.014634146,0.42718446,0.84390247
2018-1-10T13-49-13,1515588553532,0.84390247,-0.024390243,0.4368932,0.84390247
2018-1-10T13-49-13,1515588553533,0.84390247,-0.024390243,0.4368932,0.84390247
2018-1-10T13-49-13,1515588553534,0.86341465,-0.014634146,0.3883495,0.86341465
2018-1-10T13-49-13,1515588553535,0.85365856,-0.014634146,0.44660193,0.85365856
2018-1-10T13-49-13,1515588553536,0.86341465,-0.024390243,0.4368932,0.86341465
2018-1-10T13-49-13,1515588553537,0.85365856,-0.06341463,0.4368932,0.85365856
2018-1-10T13-49-13,1515588553538,0.84390247,0.004878049,0.44660193,0.84390247
2018-1-10T13-49-13,1515588553539,0.86341465,-0.004878049,0.4368932,0.86341465
2018-1-10T13-49-13,1515588553540,0.84390247,-0.014634146,0.44660193,0.84390247
2018-1-10T13-49-13,1515588553541,0.84390247,0.004878049,0.4368932,0.84390247
2018-1-10T13-49-13,1515588553542,0.8341463,-0.024390243,0.4368932,0.8341463
2018-1-10T13-49-13,1515588553543,0.84390247,-0.014634146,0.44660193,0.84390247
2018-1-10T13-49-13,1515588553544,0.84390247,-0.024390243,0.44660193,0.84390247
2018-1-10T13-49-13,1515588553545,0.85365856,-0.014634146,0.44660193,0.85365856
2018-1-10T13-49-13,1515588553546,0.84390247,-0.024390243,0.44660193,0.84390247
2018-1-10T13-49-13,1515588553547,0.84390247,-0.014634146,0.44660193,0.84390247
2018-1-10T13-49-13,1515588553548,0.84390247,-0.004878049,0.44660193,0.84390247
2018-1-10T13-49-13,1515588553549,0.84390247,-0.014634146,0.4563107,0.84390247
2018-1-10T13-49-13,1515588553550,0.85365856,-0.024390243,0.46601942,0.85365856
2018-1-10T13-49-13,1515588553551,0.85365856,-0.034146342,0.4368932,0.85365856
2018-1-10T13-49-13,1515588553552,0.84390247,-0.034146342,0.44660193,0.84390247
2018-1-10T13-49-13,1515588553553,0.86341465,-0.024390243,0.44660193,0.86341465
2018-1-10T13-49-13,1515588553554,0.9317073,-0.07317073,0.39805827,0.9317073
2018-1-10T13-49-13,1515588553555,0.8341463,-0.024390243,0.44660193,0.8341463
2018-1-10T13-49-13,1515588553556,0.8341463,-0.024390243,0.47572815,0.8341463
2018-1-10T13-49-13,1515588553557,0.84390247,-0.024390243,0.4368932,0.84390247
2018-1-10T13-49-13,1515588553558,0.85365856,-0.014634146,0.4368932,0.85365856
2018-1-10T13-49-13,1515588553559,0.84390247,-0.014634146,0.4368932,0.84390247
2018-1-10T13-49-13,1515588553560,0.84390247,-0.014634146,0.44660193,0.84390247
2018-1-10T13-49-13,1515588553561,0.84390247,-0.024390243,0.47572815,0.84390247
2018-1-10T13-49-13,1515588553562,0.84390247,0.034146342,0.4563107,0.84390247
2018-1-10T13-49-13,1515588553563,0.84390247,-0.034146342,0.44660193,0.84390247
2018-1-10T13-49-13,1515588553564,0.86341465,-0.024390243,0.44660193,0.86341465
2018-1-10T13-49-13,1515588553565,0.84390247,-0.014634146,0.44660193,0.84390247
2018-1-10T13-49-13,1515588553566,0.86341465,-0.014634146,0.4563107,0.86341465
2018-1-10T13-49-13,1515588553567,0.85365856,-0.014634146,0.4368932,0.85365856
2018-1-10T13-49-13,1515588553568,0.92195123,-0.014634146,0.44660193,0.92195123
2018-1-10T13-49-13,1515588553569,0.84390247,-0.024390243,0.44660193,0.84390247
2018-1-10T13-49-13,1515588553570,0.84390247,-0.014634146,0.4563107,0.84390247
2018-1-10T13-49-13,1515588553571,0.85365856,-0.014634146,0.44660193,0.85365856
2018-1-10T13-49-13,1515588553572,0.8341463,-0.024390243,0.44660193,0.8341463
2018-1-10T13-49-13,1515588553573,0.85365856,-0.024390243,0.49514562,0.85365856
2018-1-10T13-49-13,1515588553574,0.85365856,-0.024390243,0.44660193,0.85365856
2018-1-10T13-49-13,1515588553575,0.84390247,-0.024390243,0.44660193,0.84390247
2018-1-10T13-49-13,1515588553576,0.8829268,-0.024390243,0.46601942,0.8829268
2018-1-10T13-49-13,1515588553577,0.84390247,-0.024390243,0.3883495,0.84390247
2018-1-10T13-49-13,1515588553578,0.85365856,-0.024390243,0.46601942,0.85365856
2018-1-10T13-49-13,1515588553579,0.85365856,-0.024390243,0.44660193,0.85365856
2018-1-10T13-49-13,1515588553580,0.85365856,-0.034146342,0.44660193,0.85365856
2018-1-10T13-49-13,1515588553582,0.85365856,-0.034146342,0.4368932,0.85365856
2018-1-10T13-49-13,1515588553583,0.84390247,-0.024390243,0.41747573,0.84390247
2018-1-10T13-49-13,1515588553584,0.84390247,-0.014634146,0.4368932,0.84390247
2018-1-10T13-49-13,1515588553585,0.85365856,-0.014634146,0.44660193,0.85365856
2018-1-10T13-49-13,1515588553586,0.86341465,-0.024390243,0.4368932,0.86341465
2018-1-10T13-49-13,1515588553587,0.84390247,-0.024390243,0.44660193,0.84390247
2018-1-10T13-49-13,1515588553588,0.84390247,-0.024390243,0.44660193,0.84390247
2018-1-10T13-49-13,1515588553589,0.82439023,-0.034146342,0.44660193,0.82439023
2018-1-10T13-49-13,1515588553590,0.85365856,-0.014634146,0.44660193,0.85365856
2018-1-10T13-49-13,1515588553591,0.84390247,-0.014634146,0.44660193,0.84390247
2018-1-10T13-49-13,1515588553592,0.8341463,-0.024390243,0.4368932,0.8341463
2018-1-10T13-49-13,1515588553593,0.84390247,-0.014634146,0.4563107,0.84390247
2018-1-10T13-49-13,1515588553594,0.77560973,-0.024390243,0.4563107,0.77560973
2018-1-10T13-49-13,1515588553595,0.84390247,-0.08292683,0.4563107,0.84390247
2018-1-10T13-49-13,1515588553596,0.85365856,-0.004878049,0.44660193,0.85365856
2018-1-10T13-49-13,1515588553597,0.7853659,-0.034146342,0.4368932,0.7853659
2018-1-10T13-49-13,1515588553598,0.85365856,-0.024390243,0.4368932,0.85365856
2018-1-10T13-49-13,1515588553599,0.85365856,-0.024390243,0.407767,0.85365856
2018-1-10T13-49-13,1515588553600,0.85365856,-0.024390243,0.4368932,0.85365856
2018-1-10T13-49-13,1515588553601,0.85365856,-0.024390243,0.4368932,0.85365856
2018-1-10T13-49-13,1515588553602,0.85365856,-0.024390243,0.4368932,0.85365856
2018-1-10T13-49-13,1515588553603,0.84390247,-0.024390243,0.4368932,0.84390247
2018-1-10T13-49-13,1515588553604,0.84390247,-0.024390243,0.4563107,0.84390247
2018-1-10T13-49-13,1515588553605,0.8341463,-0.10243902,0.42718446,0.8341463
2018-1-10T13-49-13,1515588553606,0.85365856,-0.024390243,0.44660193,0.85365856
2018-1-10T13-49-13,1515588553607,0.85365856,-0.014634146,0.44660193,0.85365856
2018-1-10T13-49-13,1515588553608,0.85365856,-0.024390243,0.44660193,0.85365856
2018-1-10T13-49-13,1515588553609,0.84390247,-0.034146342,0.44660193,0.84390247
2018-1-10T13-49-13,1515588553610,0.84390247,-0.034146342,0.4368932,0.84390247
2018-1-10T13-49-13,1515588553611,0.84390247,-0.034146342,0.4368932,0.84390247
2018-1-10T13-49-13,1515588553612,0.85365856,-0.014634146,0.4854369,0.85365856
2018-1-10T13-49-13,1515588553613,0.84390247,-0.034146342,0.42718446,0.84390247
2018-1-10T13-49-13,1515588553614,0.81463414,-0.014634146,0.4368932,0.81463414
2018-1-10T13-49-13,1515588553615,0.84390247,-0.034146342,0.44660193,0.84390247
2018-1-10T13-49-13,1515588553616,0.85365856,-0.014634146,0.4368932,0.85365856
2018-1-10T13-49-13,1515588553617,0.84390247,-0.034146342,0.4368932,0.84390247
2018-1-10T13-49-13,1515588553618,0.84390247,-0.034146342,0.4368932,0.84390247
2018-1-10T13-49-13,1515588553619,0.84390247,-0.014634146,0.44660193,0.84390247
2018-1-10T13-49-13,1515588553620,0.84390247,-0.034146342,0.4563107,0.84390247
2018-1-10T13-49-13,1515588553621,0.84390247,-0.024390243,0.44660193,0.84390247
2018-1-10T13-49-13,1515588553622,0.85365856,-0.024390243,0.4368932,0.85365856
2018-1-10T13-49-13,1515588553623,0.84390247,-0.024390243,0.42718446,0.84390247
2018-1-10T13-49-13,1515588553624,0.81463414,-0.014634146,0.44660193,0.81463414
2018-1-10T13-49-13,1515588553625,0.85365856,-0.024390243,0.44660193,0.85365856
2018-1-10T13-49-13,1515588553626,0.8341463,-0.024390243,0.4368932,0.8341463
2018-1-10T13-49-13,1515588553627,0.84390247,-0.024390243,0.4368932,0.84390247
2018-1-10T13-49-13,1515588553628,0.84390247,-0.024390243,0.44660193,0.84390247
2018-1-10T13-49-13,1515588553629,0.85365856,-0.024390243,0.5048544,0.85365856
2018-1-10T13-49-13,1515588553630,0.84390247,-0.024390243,0.44660193,0.84390247
2018-1-10T13-49-13,1515588553631,0.84390247,-0.053658538,0.44660193,0.84390247
2018-1-10T13-49-13,1515588553632,0.85365856,-0.024390243,0.44660193,0.85365856
2018-1-10T13-49-13,1515588553633,0.8829268,-0.024390243,0.4368932,0.8829268
2018-1-10T13-49-13,1515588553634,0.84390247,-0.024390243,0.4368932,0.84390247
2018-1-10T13-49-13,1515588553635,0.84390247,-0.024390243,0.4563107,0.84390247
2018-1-10T13-49-13,1515588553636,0.85365856,-0.004878049,0.42718446,0.85365856
2018-1-10T13-49-13,1515588553637,0.86341465,-0.024390243,0.4563107,0.86341465
2018-1-10T13-49-13,1515588553638,0.85365856,-0.014634146,0.44660193,0.85365856
2018-1-10T13-49-13,1515588553639,0.8926829,-0.014634146,0.4368932,0.8926829
2018-1-10T13-49-13,1515588553640,0.85365856,-0.09268293,0.44660193,0.85365856
2018-1-10T13-49-13,1515588553641,0.85365856,-0.004878049,0.4368932,0.85365856
2018-1-10T13-49-13,1515588553642,0.84390247,-0.024390243,0.44660193,0.84390247
2018-1-10T13-49-13,1515588553643,0.85365856,-0.034146342,0.44660193,0.85365856
2018-1-10T13-49-13,1515588553644,0.8341463,-0.034146342,0.44660193,0.8341463
2018-1-10T13-49-13,1515588553645,0.79512197,-0.043902438,0.44660193,0.79512197
2018-1-10T13-49-13,1515588553646,0.84390247,-0.034146342,0.4368932,0.84390247
2018-1-10T13-49-13,1515588553647,0.84390247,-0.014634146,0.4563107,0.84390247
2018-1-10T13-49-13,1515588553648,0.84390247,-0.024390243,0.4368932,0.84390247
2018-1-10T13-49-13,1515588553649,0.84390247,-0.014634146,0.4563107,0.84390247
2018-1-10T13-49-13,1515588553650,0.87317073,-0.024390243,0.4368932,0.87317073
2018-1-10T13-49-13,1515588553651,0.84390247,-0.014634146,0.4368932,0.84390247
2018-1-10T13-49-13,1515588553652,0.85365856,-0.024390243,0.44660193,0.85365856
2018-1-10T13-49-13,1515588553653,0.8341463,0.014634146,0.44660193,0.8341463
2018-1-10T13-49-13,1515588553654,0.84390247,0.014634146,0.44660193,0.84390247
2018-1-10T13-49-13,1515588553655,0.8341463,-0.034146342,0.4368932,0.8341463
2018-1-10T13-49-13,1515588553656,0.84390247,-0.024390243,0.4563107,0.84390247
2018-1-10T13-49-13,1515588553657,0.85365856,-0.024390243,0.44660193,0.85365856
2018-1-10T13-49-13,1515588553658,0.85365856,0.014634146,0.4368932,0.85365856
2018-1-10T13-49-13,1515588553659,0.84390247,-0.024390243,0.44660193,0.84390247
2018-1-10T13-49-13,1515588553660,0.84390247,-0.014634146,0.47572815,0.84390247
2018-1-10T13-49-13,1515588553661,0.84390247,-0.024390243,0.44660193,0.84390247
2018-1-10T13-49-13,1515588553662,0.85365856,-0.024390243,0.44660193,0.85365856
2018-1-10T13-49-13,1515588553663,0.84390247,-0.024390243,0.44660193,0.84390247
2018-1-10T13-49-13,1515588553664,0.85365856,-0.014634146,0.4368932,0.85365856
2018-1-10T13-49-13,1515588553665,0.84390247,-0.034146342,0.4563107,0.84390247
2018-1-10T13-49-13,1515588553666,0.85365856,-0.034146342,0.4368932,0.85365856
2018-1-10T13-49-13,1515588553667,0.85365856,-0.024390243,0.3883495,0.85365856
2018-1-10T13-49-13,1515588553668,0.8341463,-0.014634146,0.44660193,0.8341463
2018-1-10T13-49-13,1515588553669,0.79512197,-0.024390243,0.407767,0.79512197
2018-1-10T13-49-13,1515588553670,0.8341463,0.053658538,0.4854369,0.8341463
2018-1-10T13-49-13,1515588553671,0.84390247,-0.024390243,0.42718446,0.84390247
2018-1-10T13-49-13,1515588553672,0.85365856,-0.024390243,0.39805827,0.85365856
2018-1-10T13-49-13,1515588553673,0.82439023,-0.024390243,0.44660193,0.82439023
2018-1-10T13-49-13,1515588553674,0.84390247,-0.024390243,0.44660193,0.84390247
2018-1-10T13-49-13,1515588553675,0.8341463,-0.024390243,0.44660193,0.8341463
2018-1-10T13-49-13,1515588553676,0.8341463,-0.034146342,0.4368932,0.8341463
2018-1-10T13-49-13,1515588553677,0.84390247,-0.034146342,0.4368932,0.84390247
2018-1-10T13-49-13,1515588553678,0.84390247,-0.09268293,0.4368932,0.84390247
2018-1-10T13-49-13,1515588553679,0.86341465,-0.024390243,0.4368932,0.86341465
2018-1-10T13-49-13,1515588553680,0.85365856,-0.034146342,0.4368932,0.85365856
2018-1-10T13-49-13,1515588553681,0.85365856,-0.014634146,0.42718446,0.85365856
2018-1-10T13-49-13,1515588553682,0.9317073,-0.043902438,0.4368932,0.9317073
2018-1-10T13-49-13,1515588553683,0.85365856,-0.10243902,0.4368932,0.85365856
2018-1-10T13-49-13,1515588553684,0.84390247,-0.024390243,0.46601942,0.84390247
2018-1-10T13-49-13,1515588553685,0.85365856,-0.024390243,0.4368932,0.85365856
2018-1-10T13-49-13,1515588553686,0.87317073,-0.014634146,0.44660193,0.87317073
2018-1-10T13-49-13,1515588553687,0.85365856,-0.024390243,0.5145631,0.85365856
2018-1-10T13-49-13,1515588553688,0.85365856,0.024390243,0.4368932,0.85365856
2018-1-10T13-49-13,1515588553689,0.8341463,-0.024390243,0.44660193,0.8341463
2018-1-10T13-49-13,1515588553690,0.8829268,-0.034146342,0.4368932,0.8829268
2018-1-10T13-49-13,1515588553691,0.84390247,-0.024390243,0.44660193,0.84390247
2018-1-10T13-49-13,1515588553692,0.84390247,-0.024390243,0.44660193,0.84390247
2018-1-10T13-49-13,1515588553693,0.8341463,-0.014634146,0.44660193,0.8341463
2018-1-10T13-49-13,1515588553694,0.84390247,-0.024390243,0.4368932,0.84390247
2018-1-10T13-49-13,1515588553695,0.8341463,-0.034146342,0.44660193,0.8341463
2018-1-10T13-49-13,1515588553696,0.8341463,-0.043902438,0.44660193,0.8341463
2018-1-10T13-49-13,1515588553697,0.84390247,-0.014634146,0.44660193,0.84390247
2018-1-10T13-49-13,1515588553698,0.8341463,-0.014634146,0.4368932,0.8341463
2018-1-10T13-49-13,1515588553699,0.85365856,-0.014634146,0.4368932,0.85365856
2018-1-10T13-49-13,1515588553700,0.85365856,-0.014634146,0.44660193,0.85365856
2018-1-10T13-49-13,1515588553701,0.84390247,-0.014634146,0.46601942,0.84390247
2018-1-10T13-49-13,1515588553702,0.84390247,-0.034146342,0.44660193,0.84390247
2018-1-10T13-49-13,1515588553703,0.86341465,0.014634146,0.44660193,0.86341465
2018-1-10T13-49-13,1515588553704,0.84390247,-0.034146342,0.44660193,0.84390247
2018-1-10T13-49-13,1515588553705,0.84390247,-0.09268293,0.44660193,0.84390247
2018-1-10T13-49-13,1515588553706,0.86341465,-0.034146342,0.4368932,0.86341465
2018-1-10T13-49-13,1515588553707,0.85365856,-0.004878049,0.4563107,0.85365856
2018-1-10T13-49-13,1515588553708,0.85365856,-0.034146342,0.44660193,0.85365856
2018-1-10T13-49-13,1515588553709,0.85365856,-0.004878049,0.44660193,0.85365856
2018-1-10T13-49-13,1515588553710,0.84390247,-0.034146342,0.44660193,0.84390247
2018-1-10T13-49-13,1515588553711,0.85365856,-0.034146342,0.44660193,0.85365856
2018-1-10T13-49-13,1515588553712,0.85365856,-0.034146342,0.4563107,0.85365856
2018-1-10T13-49-13,1515588553713,0.85365856,-0.024390243,0.4368932,0.85365856
2018-1-10T13-49-13,1515588553714,0.85365856,-0.014634146,0.44660193,0.85365856
2018-1-10T13-49-13,1515588553715,0.84390247,-0.024390243,0.44660193,0.84390247
2018-1-10T13-49-13,1515588553716,0.84390247,-0.034146342,0.4368932,0.84390247
2018-1-10T13-49-13,1515588553717,0.85365856,-0.004878049,0.44660193,0.85365856
2018-1-10T13-49-13,1515588553718,0.8341463,-0.024390243,0.44660193,0.8341463
2018-1-10T13-49-13,1515588553719,0.8341463,-0.024390243,0.44660193,0.8341463
2018-1-10T13-49-13,1515588553720,0.84390247,-0.014634146,0.4368932,0.84390247
2018-1-10T13-49-13,1515588553721,0.8341463,-0.043902438,0.4368932,0.8341463
2018-1-10T13-49-13,1515588553722,0.84390247,-0.024390243,0.4368932,0.84390247
2018-1-10T13-49-13,1515588553723,0.79512197,-0.024390243,0.4368932,0.79512197
2018-1-10T13-49-13,1515588553724,0.84390247,-0.034146342,0.4368932,0.84390247
2018-1-10T13-49-13,1515588553725,0.8341463,-0.024390243,0.4368932,0.8341463
2018-1-10T13-49-13,1515588553726,0.84390247,-0.043902438,0.4368932,0.84390247
2018-1-10T13-49-13,1515588553727,0.8341463,-0.014634146,0.4368932,0.8341463
2018-1-10T13-49-13,1515588553728,0.85365856,-0.034146342,0.4368932,0.85365856
2018-1-10T13-49-13,1515588553729,0.84390247,-0.024390243,0.4563107,0.84390247
2018-1-10T13-49-13,1515588553730,0.8341463,-0.024390243,0.4563107,0.8341463
2018-1-10T13-49-13,1515588553731,0.85365856,-0.024390243,0.4368932,0.85365856
2018-1-10T13-49-13,1515588553732,0.85365856,-0.014634146,0.44660193,0.85365856
2018-1-10T13-49-13,1515588553733,0.84390247,-0.014634146,0.4368932,0.84390247
2018-1-10T13-49-13,1515588553734,0.84390247,-0.024390243,0.4368932,0.84390247
2018-1-10T13-49-13,1515588553735,0.85365856,-0.034146342,0.44660193,0.85365856
2018-1-10T13-49-13,1515588553736,0.84390247,-0.034146342,0.44660193,0.84390247
2018-1-10T13-49-13,1515588553737,0.8341463,-0.014634146,0.41747573,0.8341463
2018-1-10T13-49-13,1515588553738,0.84390247,-0.024390243,0.44660193,0.84390247
2018-1-10T13-49-13,1515588553739,0.85365856,-0.024390243,0.4368932,0.85365856
2018-1-10T13-49-13,1515588553740,0.85365856,-0.014634146,0.44660193,0.85365856
2018-1-10T13-49-13,1515588553741,0.86341465,-0.043902438,0.4563107,0.86341465
2018-1-10T13-49-13,1515588553742,0.84390247,-0.06341463,0.44660193,0.84390247
2018-1-10T13-49-13,1515588553743,0.84390247,-0.024390243,0.44660193,0.84390247
2018-1-10T13-49-13,1515588553744,0.84390247,-0.024390243,0.44660193,0.84390247
2018-1-10T13-49-13,1515588553745,0.86341465,-0.043902438,0.44660193,0.86341465
2018-1-10T13-49-13,1515588553746,0.84390247,-0.024390243,0.44660193,0.84390247
2018-1-10T13-49-13,1515588553747,0.8341463,-0.024390243,0.44660193,0.8341463
2018-1-10T13-49-13,1515588553748,0.85365856,-0.024390243,0.46601942,0.85365856
2018-1-10T13-49-13,1515588553749,0.85365856,-0.034146342,0.46601942,0.85365856
2018-1-10T13-49-13,1515588553750,0.8341463,-0.014634146,0.44660193,0.8341463
2018-1-10T13-49-13,1515588553751,0.84390247,-0.024390243,0.4368932,0.84390247
2018-1-10T13-49-13,1515588553752,0.84390247,-0.004878049,0.4368932,0.84390247
2018-1-10T13-49-13,1515588553753,0.84390247,-0.024390243,0.4368932,0.84390247
2018-1-10T13-49-13,1515588553754,0.82439023,-0.024390243,0.44660193,0.82439023
2018-1-10T13-49-13,1515588553755,0.84390247,-0.024390243,0.4368932,0.84390247
2018-1-10T13-49-13,1515588553756,0.80487806,0.014634146,0.4563107,0.80487806
2018-1-10T13-49-13,1515588553757,0.8341463,-0.07317073,0.4563107,0.8341463
2018-1-10T13-49-13,1515588553758,0.80487806,-0.034146342,0.4368932,0.80487806
2018-1-10T13-49-13,1515588553759,0.84390247,-0.004878049,0.42718446,0.84390247
2018-1-10T13-49-13,1515588553760,0.84390247,-0.034146342,0.44660193,0.84390247
2018-1-10T13-49-13,1515588553761,0.84390247,-0.024390243,0.44660193,0.84390247
2018-1-10T13-49-13,1515588553762,0.8341463,-0.034146342,0.47572815,0.8341463
2018-1-10T13-49-13,1515588553763,0.84390247,-0.024390243,0.44660193,0.84390247
2018-1-10T13-49-13,1515588553764,0.84390247,-0.024390243,0.4563107,0.84390247
2018-1-10T13-49-13,1515588553765,0.84390247,-0.014634146,0.44660193,0.84390247
2018-1-10T13-49-13,1515588553766,0.84390247,-0.024390243,0.44660193,0.84390247
2018-1-10T13-49-13,1515588553767,0.84390247,-0.014634146,0.44660193,0.84390247
2018-1-10T13-49-13,1515588553768,0.84390247,-0.024390243,0.44660193,0.84390247
2018-1-10T13-49-13,1515588553769,0.82439023,-0.014634146,0.44660193,0.82439023
2018-1-10T13-49-13,1515588553770,0.85365856,-0.034146342,0.44660193,0.85365856
2018-1-10T13-49-13,1515588553771,0.84390247,-0.014634146,0.4563107,0.84390247
2018-1-10T13-49-13,1515588553772,0.84390247,-0.043902438,0.44660193,0.84390247
2018-1-10T13-49-13,1515588553773,0.8341463,-0.014634146,0.4368932,0.8341463
2018-1-10T13-49-13,1515588553774,0.87317073,-0.024390243,0.4368932,0.87317073
2018-1-10T13-49-13,1515588553775,0.86341465,-0.024390243,0.42718446,0.86341465
2018-1-10T13-49-13,1515588553776,0.85365856,-0.024390243,0.44660193,0.85365856
2018-1-10T13-49-13,1515588553777,0.84390247,-0.004878049,0.44660193,0.84390247
2018-1-10T13-49-13,1515588553778,0.85365856,-0.024390243,0.4368932,0.85365856
2018-1-10T13-49-13,1515588553779,0.84390247,-0.014634146,0.4368932,0.84390247
2018-1-10T13-49-13,1515588553780,0.84390247,-0.024390243,0.4368932,0.84390247
2018-1-10T13-49-13,1515588553781,0.85365856,-0.024390243,0.4563107,0.85365856
2018-1-10T13-49-13,1515588553782,0.85365856,-0.014634146,0.4563107,0.85365856
2018-1-10T13-49-13,1515588553783,0.85365856,-0.024390243,0.4368932,0.85365856
2018-1-10T13-49-13,1515588553784,0.85365856,-0.014634146,0.44660193,0.85365856
2018-1-10T13-49-13,1515588553785,0.85365856,-0.014634146,0.44660193,0.85365856
2018-1-10T13-49-13,1515588553786,0.84390247,-0.024390243,0.4368932,0.84390247
2018-1-10T13-49-13,1515588553787,0.92195123,-0.06341463,0.4368932,0.92195123
2018-1-10T13-49-13,1515588553788,0.86341465,-0.024390243,0.44660193,0.86341465
2018-1-10T13-49-13,1515588553789,0.84390247,-0.024390243,0.4368932,0.84390247
2018-1-10T13-49-13,1515588553790,0.84390247,-0.014634146,0.42718446,0.84390247
2018-1-10T13-49-13,1515588553791,0.85365856,-0.024390243,0.44660193,0.85365856
2018-1-10T13-49-13,1515588553792,0.84390247,-0.024390243,0.44660193,0.84390247
2018-1-10T13-49-13,1515588553793,0.84390247,-0.004878049,0.41747573,0.84390247
2018-1-10T13-49-13,1515588553794,0.8926829,0.043902438,0.44660193,0.8926829
2018-1-10T13-49-13,1515588553795,0.84390247,-0.024390243,0.4368932,0.84390247
2018-1-10T13-49-13,1515588553796,0.85365856,-0.014634146,0.3883495,0.85365856
2018-1-10T13-49-13,1515588553797,0.85365856,-0.034146342,0.44660193,0.85365856
2018-1-10T13-49-13,1515588553798,0.85365856,-0.034146342,0.4368932,0.85365856
2018-1-10T13-49-13,1515588553799,0.84390247,-0.024390243,0.44660193,0.84390247
2018-1-10T13-49-13,1515588553800,0.85365856,-0.024390243,0.44660193,0.85365856
2018-1-10T13-49-13,1515588553801,0.84390247,0.004878049,0.42718446,0.84390247
2018-1-10T13-49-13,1515588553802,0.84390247,-0.024390243,0.49514562,0.84390247
2018-1-10T13-49-13,1515588553803,0.84390247,-0.024390243,0.4368932,0.84390247
2018-1-10T13-49-13,1515588553804,0.86341465,-0.014634146,0.4368932,0.86341465
2018-1-10T13-49-13,1515588553805,0.84390247,-0.07317073,0.44660193,0.84390247
2018-1-10T13-49-13,1515588553806,0.84390247,-0.014634146,0.4368932,0.84390247
2018-1-10T13-49-13,1515588553807,0.86341465,-0.053658538,0.4368932,0.86341465
2018-1-10T13-49-13,1515588553808,0.84390247,-0.034146342,0.42718446,0.84390247
2018-1-10T13-49-13,1515588553809,0.84390247,-0.004878049,0.46601942,0.84390247
2018-1-10T13-49-13,1515588553810,0.84390247,-0.014634146,0.4368932,0.84390247
2018-1-10T13-49-13,1515588553811,0.85365856,-0.004878049,0.4563107,0.85365856
2018-1-10T13-49-13,1515588553812,0.85365856,-0.014634146,0.44660193,0.85365856
2018-1-10T13-49-13,1515588553813,0.84390247,-0.014634146,0.44660193,0.84390247
2018-1-10T13-49-13,1515588553814,0.84390247,-0.024390243,0.44660193,0.84390247
2018-1-10T13-49-13,1515588553815,0.85365856,-0.024390243,0.44660193,0.85365856
2018-1-10T13-49-13,1515588553816,0.84390247,-0.024390243,0.44660193,0.84390247
2018-1-10T13-49-13,1515588553817,0.85365856,-0.014634146,0.44660193,0.85365856
2018-1-10T13-49-13,1515588553818,0.87317073,-0.034146342,0.4368932,0.87317073
2018-1-10T13-49-13,1515588553819,0.84390247,-0.004878049,0.44660193,0.84390247
2018-1-10T13-49-13,1515588553820,0.84390247,-0.034146342,0.4854369,0.84390247
2018-1-10T13-49-13,1515588553821,0.84390247,-0.034146342,0.4368932,0.84390247
2018-1-10T13-49-13,1515588553822,0.85365856,-0.004878049,0.46601942,0.85365856
2018-1-10T13-49-13,1515588553823,0.84390247,-0.024390243,0.44660193,0.84390247
2018-1-10T13-49-13,1515588553824,0.84390247,-0.014634146,0.4563107,0.84390247
2018-1-10T13-49-13,1515588553825,0.84390247,-0.024390243,0.4368932,0.84390247
2018-1-10T13-49-13,1515588553826,0.84390247,-0.014634146,0.4368932,0.84390247
2018-1-10T13-49-13,1515588553827,0.85365856,-0.014634146,0.44660193,0.85365856
2018-1-10T13-49-13,1515588553828,0.8341463,-0.004878049,0.44660193,0.8341463
2018-1-10T13-49-13,1515588553829,0.8829268,-0.024390243,0.42718446,0.8829268
2018-1-10T13-49-13,1515588553830,0.87317073,-0.024390243,0.44660193,0.87317073
2018-1-10T13-49-13,1515588553831,0.84390247,-0.014634146,0.44660193,0.84390247
2018-1-10T13-49-13,1515588553832,0.8341463,-0.014634146,0.44660193,0.8341463
2018-1-10T13-49-13,1515588553833,0.84390247,-0.024390243,0.4368932,0.84390247
2018-1-10T13-49-13,1515588553834,0.8829268,-0.024390243,0.4368932,0.8829268
2018-1-10T13-49-13,1515588553835,0.84390247,-0.014634146,0.44660193,0.84390247
2018-1-10T13-49-13,1515588553836,0.77560973,-0.024390243,0.4368932,0.77560973
2018-1-10T13-49-13,1515588553837,0.84390247,-0.004878049,0.44660193,0.84390247
2018-1-10T13-49-13,1515588553838,0.85365856,-0.034146342,0.44660193,0.85365856
2018-1-10T13-49-13,1515588553839,0.84390247,-0.014634146,0.4563107,0.84390247
2018-1-10T13-49-13,1515588553840,0.84390247,-0.014634146,0.4563107,0.84390247
2018-1-10T13-49-13,1515588553841,0.85365856,-0.024390243,0.4368932,0.85365856
2018-1-10T13-49-13,1515588553842,0.8341463,-0.014634146,0.42718446,0.8341463
2018-1-10T13-49-13,1515588553843,0.84390247,-0.024390243,0.4563107,0.84390247
2018-1-10T13-49-13,1515588553844,0.85365856,-0.014634146,0.44660193,0.85365856
2018-1-10T13-49-13,1515588553845,0.8341463,-0.014634146,0.44660193,0.8341463
2018-1-10T13-49-13,1515588553846,0.84390247,-0.034146342,0.44660193,0.84390247
2018-1-10T13-49-13,1515588553847,0.85365856,-0.024390243,0.44660193,0.85365856
2018-1-10T13-49-13,1515588553848,0.85365856,-0.024390243,0.4368932,0.85365856
2018-1-10T13-49-13,1515588553849,0.84390247,-0.014634146,0.44660193,0.84390247
2018-1-10T13-49-13,1515588553850,0.84390247,-0.014634146,0.44660193,0.84390247
2018-1-10T13-49-13,1515588553851,0.84390247,-0.034146342,0.4854369,0.84390247
2018-1-10T13-49-13,1515588553852,0.84390247,-0.024390243,0.39805827,0.84390247
2018-1-10T13-49-13,1515588553853,0.85365856,-0.034146342,0.4368932,0.85365856
2018-1-10T13-49-13,1515588553854,0.84390247,-0.024390243,0.44660193,0.84390247
2018-1-10T13-49-13,1515588553855,0.85365856,-0.024390243,0.44660193,0.85365856
2018-1-10T13-49-13,1515588553856,0.84390247,-0.004878049,0.44660193,0.84390247
2018-1-10T13-49-13,1515588553857,0.84390247,-0.024390243,0.44660193,0.84390247
2018-1-10T13-49-13,1515588553858,0.85365856,-0.06341463,0.4368932,0.85365856
2018-1-10T13-49-13,1515588553859,0.84390247,-0.024390243,0.42718446,0.84390247
2018-1-10T13-49-13,1515588553860,0.84390247,-0.024390243,0.42718446,0.84390247
2018-1-10T13-49-13,1515588553861,0.8341463,-0.024390243,0.4368932,0.8341463
2018-1-10T13-49-13,1515588553862,0.84390247,-0.014634146,0.44660193,0.84390247
2018-1-10T13-49-13,1515588553863,0.84390247,0.024390243,0.3883495,0.84390247
2018-1-10T13-49-13,1515588553864,0.85365856,-0.034146342,0.44660193,0.85365856
2018-1-10T13-49-13,1515588553865,0.84390247,-0.024390243,0.4563107,0.84390247
2018-1-10T13-49-13,1515588553866,0.84390247,-0.024390243,0.44660193,0.84390247
2018-1-10T13-49-13,1515588553867,0.87317073,-0.024390243,0.4368932,0.87317073
2018-1-10T13-49-13,1515588553868,0.85365856,-0.024390243,0.42718446,0.85365856
2018-1-10T13-49-13,1515588553869,0.85365856,-0.014634146,0.4563107,0.85365856
2018-1-10T13-49-13,1515588553870,0.79512197,-0.024390243,0.4368932,0.79512197
2018-1-10T13-49-13,1515588553871,0.84390247,-0.014634146,0.44660193,0.84390247
2018-1-10T13-49-13,1515588553872,0.87317073,-0.024390243,0.44660193,0.87317073
2018-1-10T13-49-13,1515588553873,0.84390247,-0.024390243,0.44660193,0.84390247
2018-1-10T13-49-13,1515588553874,0.8341463,-0.014634146,0.4368932,0.8341463
2018-1-10T13-49-13,1515588553875,0.85365856,-0.024390243,0.4368932,0.85365856
2018-1-10T13-49-13,1515588553876,0.8341463,-0.024390243,0.4368932,0.8341463
2018-1-10T13-49-13,1515588553877,0.8926829,-0.024390243,0.41747573,0.8926829
2018-1-10T13-49-13,1515588553878,0.84390247,-0.014634146,0.42718446,0.84390247
2018-1-10T13-49-13,1515588553879,0.8341463,-0.043902438,0.4368932,0.8341463
2018-1-10T13-49-13,1515588553880,0.84390247,-0.024390243,0.44660193,0.84390247
2018-1-10T13-49-13,1515588553881,0.84390247,-0.014634146,0.44660193,0.84390247
2018-1-10T13-49-13,1515588553882,0.79512197,-0.024390243,0.44660193,0.79512197
2018-1-10T13-49-13,1515588553883,0.86341465,-0.014634146,0.44660193,0.86341465
2018-1-10T13-49-13,1515588553884,0.84390247,-0.043902438,0.39805827,0.84390247
2018-1-10T13-49-13,1515588553885,0.84390247,-0.004878049,0.4854369,0.84390247
2018-1-10T13-49-13,1515588553886,0.8341463,-0.13170731,0.44660193,0.8341463
2018-1-10T13-49-13,1515588553887,0.84390247,-0.004878049,0.4368932,0.84390247
2018-1-10T13-49-13,1515588553888,0.84390247,-0.024390243,0.4368932,0.84390247
2018-1-10T13-49-13,1515588553889,0.85365856,-0.014634146,0.4368932,0.85365856
2018-1-10T13-49-13,1515588553890,0.85365856,-0.024390243,0.41747573,0.85365856
2018-1-10T13-49-13,1515588553891,0.84390247,-0.053658538,0.4368932,0.84390247
2018-1-10T13-49-13,1515588553892,0.8341463,-0.024390243,0.44660193,0.8341463
2018-1-10T13-49-13,1515588553893,0.84390247,-0.024390243,0.44660193,0.84390247
2018-1-10T13-49-13,1515588553894,0.82439023,-0.034146342,0.4368932,0.82439023
2018-1-10T13-49-13,1515588553895,0.85365856,-0.014634146,0.4368932,0.85365856
2018-1-10T13-49-13,1515588553896,0.84390247,-0.014634146,0.44660193,0.84390247
2018-1-10T13-49-13,1515588553897,0.84390247,-0.014634146,0.44660193,0.84390247
2018-1-10T13-49-13,1515588553898,0.8341463,-0.034146342,0.44660193,0.8341463
2018-1-10T13-49-13,1515588553899,0.85365856,-0.034146342,0.44660193,0.85365856
2018-1-10T13-49-13,1515588553900,0.8341463,-0.024390243,0.44660193,0.8341463
2018-1-10T13-49-13,1515588553901,0.84390247,-0.024390243,0.44660193,0.84390247
2018-1-10T13-49-13,1515588553902,0.84390247,-0.024390243,0.44660193,0.84390247
2018-1-10T13-49-13,1515588553903,0.86341465,-0.024390243,0.44660193,0.86341465
2018-1-10T13-49-13,1515588553904,0.84390247,-0.024390243,0.44660193,0.84390247
2018-1-10T13-49-13,1515588553905,0.85365856,-0.024390243,0.42718446,0.85365856
2018-1-10T13-49-13,1515588553906,0.85365856,-0.014634146,0.44660193,0.85365856
2018-1-10T13-49-13,1515588553907,0.8341463,-0.034146342,0.44660193,0.8341463
2018-1-10T13-49-13,1515588553908,0.92195123,-0.034146342,0.41747573,0.92195123
2018-1-10T13-49-13,1515588553909,0.85365856,-0.004878049,0.44660193,0.85365856
2018-1-10T13-49-13,1515588553910,0.85365856,-0.014634146,0.4563107,0.85365856
2018-1-10T13-49-13,1515588553911,0.86341465,-0.024390243,0.44660193,0.86341465
2018-1-10T13-49-13,1515588553912,0.85365856,-0.014634146,0.4368932,0.85365856
2018-1-10T13-49-13,1515588553913,0.85365856,-0.024390243,0.44660193,0.85365856
2018-1-10T13-49-13,1515588553914,0.84390247,-0.024390243,0.44660193,0.84390247
2018-1-10T13-49-13,1515588553915,0.84390247,-0.014634146,0.44660193,0.84390247
2018-1-10T13-49-13,1515588553916,0.81463414,-0.024390243,0.42718446,0.81463414
2018-1-10T13-49-13,1515588553917,0.85365856,-0.034146342,0.44660193,0.85365856
2018-1-10T13-49-13,1515588553918,0.84390247,-0.034146342,0.44660193,0.84390247
2018-1-10T13-49-13,1515588553919,0.85365856,-0.014634146,0.44660193,0.85365856
2018-1-10T13-49-13,1515588553920,0.84390247,-0.024390243,0.4368932,0.84390247
2018-1-10T13-49-13,1515588553921,0.8341463,-0.024390243,0.4563107,0.8341463
2018-1-10T13-49-13,1515588553922,0.84390247,-0.014634146,0.44660193,0.84390247
2018-1-10T13-49-13,1515588553923,0.85365856,-0.024390243,0.4368932,0.85365856
2018-1-10T13-49-13,1515588553924,0.84390247,0.004878049,0.39805827,0.84390247
2018-1-10T13-49-13,1515588553925,0.84390247,-0.024390243,0.4563107,0.84390247
2018-1-10T13-49-13,1515588553926,0.84390247,-0.024390243,0.4368932,0.84390247
2018-1-10T13-49-13,1515588553927,0.902439,-0.004878049,0.44660193,0.902439
2018-1-10T13-49-13,1515588553928,0.84390247,-0.034146342,0.44660193,0.84390247
2018-1-10T13-49-13,1515588553929,0.84390247,-0.014634146,0.4368932,0.84390247
2018-1-10T13-49-13,1515588553930,0.8341463,-0.014634146,0.4368932,0.8341463
2018-1-10T13-49-13,1515588553931,0.84390247,-0.024390243,0.4368932,0.84390247
2018-1-10T13-49-13,1515588553932,0.82439023,-0.024390243,0.4368932,0.82439023
2018-1-10T13-49-13,1515588553933,0.85365856,-0.004878049,0.44660193,0.85365856
2018-1-10T13-49-13,1515588553934,0.86341465,-0.014634146,0.44660193,0.86341465
2018-1-10T13-49-13,1515588553935,0.84390247,-0.024390243,0.44660193,0.84390247
2018-1-10T13-49-13,1515588553936,0.84390247,0.004878049,0.4368932,0.84390247
2018-1-10T13-49-13,1515588553937,0.84390247,-0.024390243,0.44660193,0.84390247
2018-1-10T13-49-13,1515588553938,0.84390247,-0.024390243,0.46601942,0.84390247
2018-1-10T13-49-13,1515588553939,0.8341463,-0.004878049,0.4368932,0.8341463
2018-1-10T13-49-13,1515588553940,0.8341463,-0.034146342,0.4368932,0.8341463
2018-1-10T13-49-13,1515588553941,0.84390247,-0.014634146,0.44660193,0.84390247
2018-1-10T13-49-13,1515588553942,0.8926829,0.053658538,0.44660193,0.8926829
2018-1-10T13-49-13,1515588553943,0.82439023,-0.09268293,0.44660193,0.82439023
2018-1-10T13-49-13,1515588553944,0.84390247,-0.024390243,0.4368932,0.84390247
2018-1-10T13-49-13,1515588553945,0.86341465,-0.034146342,0.4368932,0.86341465
2018-1-10T13-49-13,1515588553946,0.86341465,-0.014634146,0.4368932,0.86341465
2018-1-10T13-49-13,1515588553947,0.84390247,-0.014634146,0.42718446,0.84390247
2018-1-10T13-49-13,1515588553948,0.84390247,0.014634146,0.44660193,0.84390247
2018-1-10T13-49-13,1515588553949,0.85365856,-0.014634146,0.44660193,0.85365856
2018-1-10T13-49-13,1515588553950,0.85365856,-0.014634146,0.4368932,0.85365856
2018-1-10T13-49-13,1515588553951,0.85365856,-0.014634146,0.4368932,0.85365856
2018-1-10T13-49-13,1515588553952,0.84390247,-0.024390243,0.41747573,0.84390247
2018-1-10T13-49-13,1515588553953,0.8341463,-0.024390243,0.4368932,0.8341463
2018-1-10T13-49-13,1515588553954,0.85365856,-0.014634146,0.44660193,0.85365856
2018-1-10T13-49-13,1515588553955,0.8341463,0.06341463,0.42718446,0.8341463
2018-1-10T13-49-13,1515588553956,0.84390247,-0.024390243,0.44660193,0.84390247
2018-1-10T13-49-13,1515588553957,0.85365856,-0.024390243,0.44660193,0.85365856
2018-1-10T13-49-13,1515588553958,0.84390247,-0.024390243,0.44660193,0.84390247
2018-1-10T13-49-13,1515588553959,0.85365856,-0.004878049,0.407767,0.85365856
2018-1-10T13-49-13,1515588553960,0.85365856,-0.024390243,0.44660193,0.85365856
2018-1-10T13-49-13,1515588553961,0.85365856,-0.024390243,0.44660193,0.85365856
2018-1-10T13-49-13,1515588553962,0.84390247,-0.014634146,0.4563107,0.84390247
2018-1-10T13-49-13,1515588553963,0.8341463,-0.024390243,0.44660193,0.8341463
2018-1-10T13-49-13,1515588553964,0.85365856,0.014634146,0.4563107,0.85365856
2018-1-10T13-49-13,1515588553965,0.85365856,-0.014634146,0.4368932,0.85365856
2018-1-10T13-49-13,1515588553966,0.84390247,-0.024390243,0.44660193,0.84390247
2018-1-10T13-49-13,1515588553967,0.84390247,-0.024390243,0.44660193,0.84390247
2018-1-10T13-49-13,1515588553968,0.84390247,-0.034146342,0.44660193,0.84390247
2018-1-10T13-49-13,1515588553969,0.85365856,-0.004878049,0.4368932,0.85365856
2018-1-10T13-49-13,1515588553970,0.84390247,-0.014634146,0.44660193,0.84390247
2018-1-10T13-49-13,1515588553971,0.84390247,-0.024390243,0.4368932,0.84390247
2018-1-10T13-49-13,1515588553972,0.84390247,-0.034146342,0.4563107,0.84390247
2018-1-10T13-49-13,1515588553973,0.86341465,-0.014634146,0.4368932,0.86341465
2018-1-10T13-49-13,1515588553974,0.8341463,-0.024390243,0.44660193,0.8341463
2018-1-10T13-49-13,1515588553975,0.8341463,-0.024390243,0.44660193,0.8341463
2018-1-10T13-49-13,1515588553976,0.84390247,-0.024390243,0.4368932,0.84390247
2018-1-10T13-49-13,1515588553977,0.84390247,-0.014634146,0.44660193,0.84390247
2018-1-10T13-49-13,1515588553978,0.8341463,-0.014634146,0.44660193,0.8341463
2018-1-10T13-49-13,1515588553979,0.84390247,-0.024390243,0.44660193,0.84390247
2018-1-10T13-49-13,1515588553980,0.84390247,-0.034146342,0.4368932,0.84390247
2018-1-10T13-49-13,1515588553981,0.84390247,-0.024390243,0.4563107,0.84390247
2018-1-10T13-49-13,1515588553982,0.85365856,-0.024390243,0.44660193,0.85365856
2018-1-10T13-49-13,1515588553983,0.85365856,-0.024390243,0.42718446,0.85365856
2018-1-10T13-49-13,1515588553984,0.86341465,-0.014634146,0.44660193,0.86341465
2018-1-10T13-49-13,1515588553985,0.84390247,-0.004878049,0.44660193,0.84390247
2018-1-10T13-49-13,1515588553986,0.84390247,-0.034146342,0.44660193,0.84390247
2018-1-10T13-49-13,1515588553987,0.8341463,-0.034146342,0.46601942,0.8341463
2018-1-10T13-49-13,1515588553988,0.84390247,-0.014634146,0.4368932,0.84390247
2018-1-10T13-49-13,1515588553989,0.84390247,-0.024390243,0.44660193,0.84390247
2018-1-10T13-49-13,1515588553990,0.84390247,-0.014634146,0.4368932,0.84390247
2018-1-10T13-49-13,1515588553991,0.84390247,-0.024390243,0.44660193,0.84390247
2018-1-10T13-49-13,1515588553992,0.77560973,-0.014634146,0.4563107,0.77560973
2018-1-10T13-49-13,1515588553993,0.84390247,-0.024390243,0.37864077,0.84390247
2018-1-10T13-49-13,1515588553994,0.87317073,-0.024390243,0.44660193,0.87317073
2018-1-10T13-49-13,1515588553995,0.84390247,-0.053658538,0.4368932,0.84390247
2018-1-10T13-49-13,1515588553996,0.84390247,-0.014634146,0.4368932,0.84390247
2018-1-10T13-49-13,1515588553997,0.85365856,-0.014634146,0.4563107,0.85365856
2018-1-10T13-49-13,1515588553998,0.84390247,-0.014634146,0.4854369,0.84390247
2018-1-10T13-49-13,1515588553999,0.84390247,-0.024390243,0.4563107,0.84390247
2018-1-10T13-49-14,1515588554000,0.84390247,-0.024390243,0.44660193,0.84390247
2018-1-10T13-49-14,1515588554001,0.85365856,-0.024390243,0.4368932,0.85365856
2018-1-10T13-49-14,1515588554002,0.84390247,-0.024390243,0.46601942,0.84390247
2018-1-10T13-49-14,1515588554003,0.8341463,-0.024390243,0.44660193,0.8341463
2018-1-10T13-49-14,1515588554004,0.85365856,-0.034146342,0.4368932,0.85365856
2018-1-10T13-49-14,1515588554005,0.84390247,-0.014634146,0.4368932,0.84390247
2018-1-10T13-49-14,1515588554006,0.84390247,-0.024390243,0.44660193,0.84390247
2018-1-10T13-49-14,1515588554007,0.84390247,-0.024390243,0.44660193,0.84390247
2018-1-10T13-49-14,1515588554008,0.84390247,-0.043902438,0.4368932,0.84390247
2018-1-10T13-49-14,1515588554009,0.8341463,-0.043902438,0.44660193,0.8341463
2018-1-10T13-49-14,1515588554010,0.85365856,-0.024390243,0.4368932,0.85365856
2018-1-10T13-49-14,1515588554011,0.86341465,-0.014634146,0.3883495,0.86341465
2018-1-10T13-49-14,1515588554012,0.85365856,-0.053658538,0.4563107,0.85365856
2018-1-10T13-49-14,1515588554013,0.84390247,-0.024390243,0.44660193,0.84390247
2018-1-10T13-49-14,1515588554014,0.84390247,-0.024390243,0.44660193,0.84390247
2018-1-10T13-49-14,1515588554015,0.82439023,-0.043902438,0.4368932,0.82439023
2018-1-10T13-49-14,1515588554016,0.85365856,-0.014634146,0.4563107,0.85365856
2018-1-10T13-49-14,1515588554017,0.81463414,-0.014634146,0.44660193,0.81463414
2018-1-10T13-49-14,1515588554018,0.85365856,-0.034146342,0.44660193,0.85365856
2018-1-10T13-49-14,1515588554019,0.8341463,-0.034146342,0.4368932,0.8341463
2018-1-10T13-49-14,1515588554020,0.85365856,-0.014634146,0.44660193,0.85365856
2018-1-10T13-49-14,1515588554021,0.84390247,-0.024390243,0.46601942,0.84390247
2018-1-10T13-49-14,1515588554022,0.84390247,-0.014634146,0.4368932,0.84390247
2018-1-10T13-49-14,1515588554023,0.85365856,-0.014634146,0.4368932,0.85365856
2018-1-10T13-49-14,1515588554024,0.84390247,-0.014634146,0.4368932,0.84390247
2018-1-10T13-49-14,1515588554025,0.84390247,-0.024390243,0.4368932,0.84390247
2018-1-10T13-49-14,1515588554026,0.85365856,-0.034146342,0.44660193,0.85365856
2018-1-10T13-49-14,1515588554027,0.8341463,-0.014634146,0.44660193,0.8341463
2018-1-10T13-49-14,1515588554028,0.84390247,-0.034146342,0.4368932,0.84390247
2018-1-10T13-49-14,1515588554029,0.8341463,0.004878049,0.44660193,0.8341463
2018-1-10T13-49-14,1515588554030,0.84390247,-0.024390243,0.4368932,0.84390247
2018-1-10T13-49-14,1515588554031,0.85365856,-0.024390243,0.44660193,0.85365856
2018-1-10T13-49-14,1515588554032,0.84390247,-0.004878049,0.44660193,0.84390247
2018-1-10T13-49-14,1515588554033,0.84390247,-0.004878049,0.44660193,0.84390247
2018-1-10T13-49-14,1515588554034,0.84390247,-0.024390243,0.44660193,0.84390247
2018-1-10T13-49-14,1515588554035,0.84390247,-0.034146342,0.44660193,0.84390247
2018-1-10T13-49-14,1515588554036,0.87317073,-0.024390243,0.4368932,0.87317073
2018-1-10T13-49-14,1515588554037,0.84390247,-0.014634146,0.4368932,0.84390247
2018-1-10T13-49-14,1515588554038,0.84390247,-0.024390243,0.4368932,0.84390247
2018-1-10T13-49-14,1515588554039,0.84390247,-0.014634146,0.4368932,0.84390247
2018-1-10T13-49-14,1515588554040,0.8341463,-0.024390243,0.44660193,0.8341463
2018-1-10T13-49-14,1515588554041,0.8341463,-0.024390243,0.4368932,0.8341463
2018-1-10T13-49-14,1515588554042,0.77560973,-0.014634146,0.4368932,0.77560973
2018-1-10T13-49-14,1515588554043,0.86341465,-0.024390243,0.44660193,0.86341465
2018-1-10T13-49-14,1515588554044,0.84390247,-0.014634146,0.46601942,0.84390247
2018-1-10T13-49-14,1515588554045,0.84390247,-0.043902438,0.44660193,0.84390247
2018-1-10T13-49-14,1515588554046,0.84390247,-0.024390243,0.4368932,0.84390247
2018-1-10T13-49-14,1515588554047,0.84390247,-0.024390243,0.44660193,0.84390247
2018-1-10T13-49-14,1515588554048,0.84390247,-0.034146342,0.44660193,0.84390247
2018-1-10T13-49-14,1515588554049,0.85365856,-0.014634146,0.42718446,0.85365856
2018-1-10T13-49-14,1515588554050,0.84390247,0.004878049,0.4368932,0.84390247
2018-1-10T13-49-14,1515588554051,0.8341463,-0.024390243,0.4368932,0.8341463
2018-1-10T13-49-14,1515588554052,0.87317073,0.004878049,0.44660193,0.87317073
2018-1-10T13-49-14,1515588554053,0.85365856,-0.024390243,0.44660193,0.85365856
2018-1-10T13-49-14,1515588554054,0.8341463,-0.024390243,0.4368932,0.8341463
2018-1-10T13-49-14,1515588554055,0.902439,-0.014634146,0.4563107,0.902439
2018-1-10T13-49-14,1515588554056,0.84390247,-0.024390243,0.4368932,0.84390247
2018-1-10T13-49-14,1515588554057,0.86341465,-0.024390243,0.4368932,0.86341465
2018-1-10T13-49-14,1515588554058,0.85365856,-0.014634146,0.42718446,0.85365856
2018-1-10T13-49-14,1515588554059,0.85365856,-0.014634146,0.44660193,0.85365856
2018-1-10T13-49-14,1515588554060,0.8341463,-0.014634146,0.4368932,0.8341463
2018-1-10T13-49-14,1515588554061,0.85365856,-0.024390243,0.4368932,0.85365856
2018-1-10T13-49-14,1515588554062,0.84390247,-0.024390243,0.44660193,0.84390247
2018-1-10T13-49-14,1515588554063,0.85365856,-0.024390243,0.49514562,0.85365856
2018-1-10T13-49-14,1515588554064,0.84390247,-0.024390243,0.44660193,0.84390247
2018-1-10T13-49-14,1515588554065,0.84390247,-0.014634146,0.44660193,0.84390247
2018-1-10T13-49-14,1515588554066,0.84390247,-0.043902438,0.4368932,0.84390247
2018-1-10T13-49-14,1515588554067,0.84390247,-0.034146342,0.4368932,0.84390247
2018-1-10T13-49-14,1515588554068,0.85365856,-0.024390243,0.44660193,0.85365856
2018-1-10T13-49-14,1515588554069,0.84390247,-0.024390243,0.4368932,0.84390247
2018-1-10T13-49-14,1515588554070,0.84390247,-0.024390243,0.47572815,0.84390247
2018-1-10T13-49-14,1515588554071,0.8829268,-0.014634146,0.46601942,0.8829268
2018-1-10T13-49-14,1515588554072,0.84390247,0.014634146,0.47572815,0.84390247
2018-1-10T13-49-14,1515588554073,0.85365856,-0.024390243,0.4368932,0.85365856
2018-1-10T13-49-14,1515588554074,0.85365856,-0.014634146,0.44660193,0.85365856
2018-1-10T13-49-14,1515588554075,0.85365856,-0.014634146,0.44660193,0.85365856
2018-1-10T13-49-14,1515588554076,0.84390247,-0.004878049,0.44660193,0.84390247
2018-1-10T13-49-14,1515588554077,0.84390247,-0.034146342,0.44660193,0.84390247
2018-1-10T13-49-14,1515588554078,0.85365856,-0.004878049,0.44660193,0.85365856
2018-1-10T13-49-14,1515588554079,0.84390247,-0.024390243,0.44660193,0.84390247
2018-1-10T13-49-14,1515588554080,0.84390247,-0.024390243,0.44660193,0.84390247
2018-1-10T13-49-14,1515588554081,0.84390247,-0.014634146,0.4368932,0.84390247
2018-1-10T13-49-14,1515588554082,0.84390247,-0.024390243,0.44660193,0.84390247
2018-1-10T13-49-14,1515588554083,0.8341463,-0.014634146,0.4368932,0.8341463
2018-1-10T13-49-14,1515588554084,0.84390247,-0.024390243,0.4563107,0.84390247
2018-1-10T13-49-14,1515588554085,0.84390247,-0.08292683,0.41747573,0.84390247
2018-1-10T13-49-14,1515588554086,0.84390247,-0.014634146,0.4368932,0.84390247
2018-1-10T13-49-14,1515588554087,0.8341463,-0.004878049,0.44660193,0.8341463
2018-1-10T13-49-14,1515588554088,0.84390247,-0.043902438,0.4563107,0.84390247
2018-1-10T13-49-14,1515588554089,0.8341463,-0.024390243,0.4563107,0.8341463
2018-1-10T13-49-14,1515588554090,0.85365856,-0.024390243,0.4563107,0.85365856
2018-1-10T13-49-14,1515588554091,0.85365856,-0.014634146,0.44660193,0.85365856
2018-1-10T13-49-14,1515588554092,0.85365856,-0.024390243,0.44660193,0.85365856
2018-1-10T13-49-14,1515588554093,0.85365856,-0.004878049,0.46601942,0.85365856
2018-1-10T13-49-14,1515588554094,0.79512197,-0.014634146,0.4368932,0.79512197
2018-1-10T13-49-14,1515588554095,0.8341463,-0.024390243,0.4563107,0.8341463
2018-1-10T13-49-14,1515588554096,0.84390247,-0.06341463,0.4368932,0.84390247
2018-1-10T13-49-14,1515588554097,0.85365856,-0.024390243,0.44660193,0.85365856
2018-1-10T13-49-14,1515588554098,0.85365856,-0.024390243,0.44660193,0.85365856
2018-1-10T13-49-14,1515588554099,0.84390247,-0.014634146,0.44660193,0.84390247
2018-1-10T13-49-14,1515588554100,0.84390247,-0.024390243,0.44660193,0.84390247
2018-1-10T13-49-14,1515588554101,0.84390247,0.034146342,0.44660193,0.84390247
2018-1-10T13-49-14,1515588554102,0.85365856,-0.024390243,0.44660193,0.85365856
2018-1-10T13-49-14,1515588554103,0.85365856,-0.014634146,0.4368932,0.85365856
2018-1-10T13-49-14,1515588554104,0.8341463,-0.014634146,0.4368932,0.8341463
2018-1-10T13-49-14,1515588554105,0.84390247,-0.024390243,0.44660193,0.84390247
2018-1-10T13-49-14,1515588554106,0.84390247,-0.014634146,0.42718446,0.84390247
2018-1-10T13-49-14,1515588554107,0.84390247,-0.014634146,0.44660193,0.84390247
2018-1-10T13-49-14,1515588554108,0.84390247,-0.034146342,0.4563107,0.84390247
2018-1-10T13-49-14,1515588554109,0.84390247,-0.014634146,0.4368932,0.84390247
2018-1-10T13-49-14,1515588554110,0.86341465,-0.024390243,0.4368932,0.86341465
2018-1-10T13-49-14,1515588554111,0.84390247,-0.024390243,0.44660193,0.84390247
2018-1-10T13-49-14,1515588554112,0.84390247,-0.024390243,0.44660193,0.84390247
2018-1-10T13-49-14,1515588554113,0.85365856,0.004878049,0.44660193,0.85365856
2018-1-10T13-49-14,1515588554114,0.85365856,-0.053658538,0.44660193,0.85365856
2018-1-10T13-49-14,1515588554115,0.84390247,-0.024390243,0.4368932,0.84390247
2018-1-10T13-49-14,1515588554116,0.84390247,-0.053658538,0.4368932,0.84390247
2018-1-10T13-49-14,1515588554117,0.85365856,-0.004878049,0.44660193,0.85365856
2018-1-10T13-49-14,1515588554118,0.84390247,-0.014634146,0.4563107,0.84390247
2018-1-10T13-49-14,1515588554119,0.84390247,0.014634146,0.44660193,0.84390247
2018-1-10T13-49-14,1515588554120,0.8341463,-0.014634146,0.4563107,0.8341463
2018-1-10T13-49-14,1515588554121,0.84390247,0.014634146,0.4368932,0.84390247
2018-1-10T13-49-14,1515588554122,0.85365856,-0.024390243,0.4563107,0.85365856
2018-1-10T13-49-14,1515588554123,0.79512197,-0.043902438,0.44660193,0.79512197
2018-1-10T13-49-14,1515588554124,0.85365856,0.07317073,0.44660193,0.85365856
2018-1-10T13-49-14,1515588554125,0.85365856,-0.024390243,0.4368932,0.85365856
2018-1-10T13-49-14,1515588554126,0.84390247,-0.034146342,0.44660193,0.84390247
2018-1-10T13-49-14,1515588554127,0.84390247,-0.024390243,0.44660193,0.84390247
2018-1-10T13-49-14,1515588554128,0.8341463,-0.014634146,0.4368932,0.8341463
2018-1-10T13-49-14,1515588554129,0.84390247,-0.034146342,0.4368932,0.84390247
2018-1-10T13-49-14,1515588554130,0.8341463,-0.024390243,0.44660193,0.8341463
2018-1-10T13-49-14,1515588554131,0.77560973,0.043902438,0.4368932,0.77560973
2018-1-10T13-49-14,1515588554132,0.84390247,-0.07317073,0.4368932,0.84390247
2018-1-10T13-49-14,1515588554133,0.84390247,-0.024390243,0.44660193,0.84390247
2018-1-10T13-49-14,1515588554134,0.85365856,-0.024390243,0.4368932,0.85365856
2018-1-10T13-49-14,1515588554135,0.8926829,-0.024390243,0.4368932,0.8926829
2018-1-10T13-49-14,1515588554136,0.8341463,-0.024390243,0.4368932,0.8341463
2018-1-10T13-49-14,1515588554137,0.84390247,-0.024390243,0.44660193,0.84390247
2018-1-10T13-49-14,1515588554138,0.82439023,-0.034146342,0.4368932,0.82439023
2018-1-10T13-49-14,1515588554139,0.81463414,-0.024390243,0.44660193,0.81463414
2018-1-10T13-49-14,1515588554140,0.84390247,-0.06341463,0.4563107,0.84390247
2018-1-10T13-49-14,1515588554141,0.84390247,-0.024390243,0.44660193,0.84390247
2018-1-10T13-49-14,1515588554142,0.84390247,-0.024390243,0.44660193,0.84390247
2018-1-10T13-49-14,1515588554143,0.84390247,-0.024390243,0.4563107,0.84390247
2018-1-10T13-49-14,1515588554144,0.84390247,-0.034146342,0.44660193,0.84390247
2018-1-10T13-49-14,1515588554145,0.84390247,-0.024390243,0.44660193,0.84390247
2018-1-10T13-49-14,1515588554146,0.85365856,0.014634146,0.4368932,0.85365856
2018-1-10T13-49-14,1515588554147,0.8341463,0.024390243,0.4368932,0.8341463
2018-1-10T13-49-14,1515588554148,0.85365856,-0.014634146,0.44660193,0.85365856
2018-1-10T13-49-14,1515588554149,0.85365856,-0.024390243,0.44660193,0.85365856
2018-1-10T13-49-14,1515588554150,0.84390247,-0.014634146,0.4368932,0.84390247
2018-1-10T13-49-14,1515588554151,0.84390247,-0.024390243,0.4368932,0.84390247
2018-1-10T13-49-14,1515588554152,0.85365856,-0.06341463,0.44660193,0.85365856
2018-1-10T13-49-14,1515588554153,0.84390247,-0.024390243,0.4368932,0.84390247
2018-1-10T13-49-14,1515588554154,0.84390247,-0.024390243,0.4368932,0.84390247
2018-1-10T13-49-14,1515588554155,0.84390247,-0.034146342,0.44660193,0.84390247
2018-1-10T13-49-14,1515588554156,0.8341463,-0.034146342,0.4368932,0.8341463
2018-1-10T13-49-14,1515588554157,0.84390247,-0.004878049,0.44660193,0.84390247
2018-1-10T13-49-14,1515588554158,0.84390247,-0.024390243,0.4368932,0.84390247
2018-1-10T13-49-14,1515588554159,0.85365856,-0.024390243,0.44660193,0.85365856
2018-1-10T13-49-14,1515588554160,0.8341463,-0.034146342,0.44660193,0.8341463
2018-1-10T13-49-14,1515588554161,0.85365856,-0.014634146,0.4563107,0.85365856
2018-1-10T13-49-14,1515588554162,0.85365856,-0.024390243,0.44660193,0.85365856
2018-1-10T13-49-14,1515588554163,0.84390247,-0.024390243,0.4563107,0.84390247
2018-1-10T13-49-14,1515588554164,0.8341463,-0.024390243,0.42718446,0.8341463
2018-1-10T13-49-14,1515588554165,0.82439023,-0.014634146,0.44660193,0.82439023
2018-1-10T13-49-14,1515588554166,0.85365856,-0.024390243,0.4368932,0.85365856
2018-1-10T13-49-14,1515588554167,0.84390247,-0.024390243,0.4368932,0.84390247
2018-1-10T13-49-14,1515588554168,0.84390247,-0.024390243,0.4368932,0.84390247
2018-1-10T13-49-14,1515588554169,0.85365856,-0.014634146,0.4368932,0.85365856
2018-1-10T13-49-14,1515588554170,0.84390247,-0.004878049,0.4368932,0.84390247
2018-1-10T13-49-14,1515588554171,0.85365856,-0.034146342,0.44660193,0.85365856
2018-1-10T13-49-14,1515588554172,0.87317073,-0.024390243,0.4368932,0.87317073
2018-1-10T13-49-14,1515588554173,0.84390247,-0.034146342,0.47572815,0.84390247
2018-1-10T13-49-14,1515588554174,0.84390247,-0.043902438,0.4563107,0.84390247
2018-1-10T13-49-14,1515588554175,0.84390247,-0.014634146,0.4368932,0.84390247
2018-1-10T13-49-14,1515588554176,0.84390247,-0.034146342,0.42718446,0.84390247
2018-1-10T13-49-14,1515588554177,0.80487806,-0.024390243,0.44660193,0.80487806
2018-1-10T13-49-14,1515588554178,0.84390247,-0.014634146,0.44660193,0.84390247
2018-1-10T13-49-14,1515588554179,0.8341463,-0.024390243,0.44660193,0.8341463
2018-1-10T13-49-14,1515588554180,0.84390247,-0.034146342,0.44660193,0.84390247
2018-1-10T13-49-14,1515588554181,0.8341463,-0.034146342,0.44660193,0.8341463
2018-1-10T13-49-14,1515588554182,0.85365856,-0.014634146,0.44660193,0.85365856
2018-1-10T13-49-14,1515588554183,0.8341463,0.06341463,0.39805827,0.8341463
2018-1-10T13-49-14,1515588554184,0.84390247,-0.024390243,0.4368932,0.84390247
2018-1-10T13-49-14,1515588554185,0.85365856,-0.024390243,0.4368932,0.85365856
2018-1-10T13-49-14,1515588554186,0.82439023,-0.024390243,0.44660193,0.82439023
2018-1-10T13-49-14,1515588554187,0.85365856,-0.024390243,0.44660193,0.85365856
2018-1-10T13-49-14,1515588554188,0.85365856,-0.014634146,0.44660193,0.85365856
2018-1-10T13-49-14,1515588554189,0.84390247,-0.024390243,0.4368932,0.84390247
2018-1-10T13-49-14,1515588554190,0.84390247,-0.024390243,0.4368932,0.84390247
2018-1-10T13-49-14,1515588554191,0.85365856,-0.034146342,0.44660193,0.85365856
2018-1-10T13-49-14,1515588554192,0.84390247,-0.043902438,0.44660193,0.84390247
2018-1-10T13-49-14,1515588554193,0.84390247,-0.024390243,0.44660193,0.84390247
2018-1-10T13-49-14,1515588554194,0.85365856,-0.024390243,0.4368932,0.85365856
2018-1-10T13-49-14,1515588554195,0.84390247,-0.004878049,0.44660193,0.84390247
2018-1-10T13-49-14,1515588554196,0.82439023,-0.034146342,0.4368932,0.82439023
2018-1-10T13-49-14,1515588554197,0.8341463,0.004878049,0.44660193,0.8341463
2018-1-10T13-49-14,1515588554198,0.84390247,-0.034146342,0.44660193,0.84390247
2018-1-10T13-49-14,1515588554199,0.8341463,-0.07317073,0.44660193,0.8341463
2018-1-10T13-49-14,1515588554200,0.84390247,-0.014634146,0.4368932,0.84390247
2018-1-10T13-49-14,1515588554201,0.84390247,0.034146342,0.4563107,0.84390247
2018-1-10T13-49-14,1515588554202,0.85365856,-0.024390243,0.44660193,0.85365856
2018-1-10T13-49-14,1515588554203,0.85365856,-0.024390243,0.44660193,0.85365856
2018-1-10T13-49-14,1515588554204,0.81463414,-0.024390243,0.44660193,0.81463414
2018-1-10T13-49-14,1515588554205,0.8341463,-0.034146342,0.44660193,0.8341463
2018-1-10T13-49-14,1515588554206,0.84390247,-0.024390243,0.44660193,0.84390247
2018-1-10T13-49-14,1515588554207,0.84390247,-0.034146342,0.44660193,0.84390247
2018-1-10T13-49-14,1515588554208,0.85365856,-0.024390243,0.44660193,0.85365856
2018-1-10T13-49-14,1515588554209,0.84390247,-0.024390243,0.4368932,0.84390247
2018-1-10T13-49-14,1515588554210,0.84390247,0.004878049,0.44660193,0.84390247
2018-1-10T13-49-14,1515588554211,0.85365856,-0.024390243,0.37864077,0.85365856
2018-1-10T13-49-14,1515588554212,0.79512197,-0.024390243,0.44660193,0.79512197
2018-1-10T13-49-14,1515588554213,0.84390247,-0.024390243,0.4563107,0.84390247
2018-1-10T13-49-14,1515588554214,0.79512197,-0.024390243,0.4368932,0.79512197
2018-1-10T13-49-14,1515588554215,0.84390247,-0.024390243,0.44660193,0.84390247
2018-1-10T13-49-14,1515588554216,0.8341463,-0.024390243,0.46601942,0.8341463
2018-1-10T13-49-14,1515588554217,0.84390247,-0.024390243,0.42718446,0.84390247
2018-1-10T13-49-14,1515588554218,0.8341463,-0.024390243,0.4368932,0.8341463
2018-1-10T13-49-14,1515588554219,0.85365856,-0.024390243,0.44660193,0.85365856
2018-1-10T13-49-14,1515588554220,0.85365856,-0.024390243,0.44660193,0.85365856
2018-1-10T13-49-14,1515588554221,0.7853659,-0.034146342,0.44660193,0.7853659
2018-1-10T13-49-14,1515588554222,0.8341463,-0.034146342,0.44660193,0.8341463
2018-1-10T13-49-14,1515588554223,0.84390247,-0.024390243,0.4563107,0.84390247
2018-1-10T13-49-14,1515588554224,0.8341463,-0.014634146,0.44660193,0.8341463
2018-1-10T13-49-14,1515588554225,0.84390247,0.004878049,0.4563107,0.84390247
2018-1-10T13-49-14,1515588554226,0.84390247,-0.014634146,0.4368932,0.84390247
2018-1-10T13-49-14,1515588554227,0.84390247,-0.014634146,0.4368932,0.84390247
2018-1-10T13-49-14,1515588554228,0.84390247,-0.004878049,0.44660193,0.84390247
2018-1-10T13-49-14,1515588554229,0.82439023,-0.024390243,0.44660193,0.82439023
2018-1-10T13-49-14,1515588554230,0.84390247,-0.034146342,0.4368932,0.84390247
2018-1-10T13-49-14,1515588554231,0.85365856,-0.014634146,0.44660193,0.85365856
2018-1-10T13-49-14,1515588554232,0.84390247,-0.014634146,0.4368932,0.84390247
2018-1-10T13-49-14,1515588554233,0.8341463,0.024390243,0.44660193,0.8341463
2018-1-10T13-49-14,1515588554234,0.85365856,-0.024390243,0.42718446,0.85365856
2018-1-10T13-49-14,1515588554235,0.85365856,-0.004878049,0.4368932,0.85365856
2018-1-10T13-49-14,1515588554236,0.84390247,-0.014634146,0.44660193,0.84390247
2018-1-10T13-49-14,1515588554237,0.8341463,-0.014634146,0.44660193,0.8341463
2018-1-10T13-49-14,1515588554238,0.84390247,0.024390243,0.44660193,0.84390247
2018-1-10T13-49-14,1515588554239,0.85365856,-0.014634146,0.4368932,0.85365856
2018-1-10T13-49-14,1515588554240,0.84390247,-0.034146342,0.44660193,0.84390247
2018-1-10T13-49-14,1515588554241,0.8341463,-0.024390243,0.44660193,0.8341463
2018-1-10T13-49-14,1515588554242,0.84390247,-0.034146342,0.46601942,0.84390247
2018-1-10T13-49-14,1515588554243,0.84390247,-0.034146342,0.44660193,0.84390247
2018-1-10T13-49-14,1515588554244,0.84390247,-0.034146342,0.4368932,0.84390247
2018-1-10T13-49-14,1515588554245,0.84390247,-0.034146342,0.4368932,0.84390247
2018-1-10T13-49-14,1515588554246,0.84390247,-0.024390243,0.42718446,0.84390247
2018-1-10T13-49-14,1515588554247,0.8341463,-0.014634146,0.4368932,0.8341463
2018-1-10T13-49-14,1515588554248,0.8341463,-0.024390243,0.44660193,0.8341463
2018-1-10T13-49-14,1515588554249,0.84390247,-0.024390243,0.44660193,0.84390247
2018-1-10T13-49-14,1515588554250,0.84390247,-0.024390243,0.407767,0.84390247
2018-1-10T13-49-14,1515588554251,0.8341463,-0.024390243,0.44660193,0.8341463
2018-1-10T13-49-14,1515588554252,0.84390247,-0.014634146,0.44660193,0.84390247
2018-1-10T13-49-14,1515588554253,0.84390247,-0.014634146,0.44660193,0.84390247
2018-1-10T13-49-14,1515588554254,0.85365856,-0.014634146,0.4368932,0.85365856
2018-1-10T13-49-14,1515588554255,0.84390247,-0.053658538,0.4563107,0.84390247
2018-1-10T13-49-14,1515588554256,0.84390247,-0.014634146,0.4368932,0.84390247
2018-1-10T13-49-14,1515588554257,0.80487806,0.014634146,0.44660193,0.80487806
2018-1-10T13-49-14,1515588554258,0.8341463,-0.024390243,0.39805827,0.8341463
2018-1-10T13-49-14,1515588554259,0.84390247,-0.024390243,0.44660193,0.84390247
2018-1-10T13-49-14,1515588554260,0.84390247,-0.024390243,0.4368932,0.84390247
2018-1-10T13-49-14,1515588554261,0.85365856,-0.024390243,0.4368932,0.85365856
2018-1-10T13-49-14,1515588554262,0.86341465,-0.034146342,0.44660193,0.86341465
2018-1-10T13-49-14,1515588554263,0.84390247,-0.024390243,0.4368932,0.84390247
2018-1-10T13-49-14,1515588554264,0.84390247,-0.014634146,0.4368932,0.84390247
2018-1-10T13-49-14,1515588554265,0.85365856,-0.014634146,0.4368932,0.85365856
2018-1-10T13-49-14,1515588554266,0.84390247,-0.024390243,0.44660193,0.84390247
2018-1-10T13-49-14,1515588554267,0.85365856,-0.024390243,0.4368932,0.85365856
2018-1-10T13-49-14,1515588554268,0.87317073,-0.034146342,0.44660193,0.87317073
2018-1-10T13-49-14,1515588554269,0.84390247,-0.024390243,0.4368932,0.84390247
2018-1-10T13-49-14,1515588554270,0.84390247,-0.014634146,0.44660193,0.84390247
2018-1-10T13-49-14,1515588554271,0.84390247,-0.024390243,0.4368932,0.84390247
2018-1-10T13-49-14,1515588554272,0.8341463,-0.014634146,0.44660193,0.8341463
2018-1-10T13-49-14,1515588554273,0.85365856,-0.004878049,0.44660193,0.85365856
2018-1-10T13-49-14,1515588554274,0.84390247,-0.014634146,0.41747573,0.84390247
2018-1-10T13-49-14,1515588554275,0.84390247,-0.024390243,0.4368932,0.84390247
2018-1-10T13-49-14,1515588554276,0.85365856,-0.024390243,0.46601942,0.85365856
2018-1-10T13-49-14,1515588554277,0.84390247,-0.014634146,0.44660193,0.84390247
2018-1-10T13-49-14,1515588554278,0.8341463,-0.024390243,0.4368932,0.8341463
2018-1-10T13-49-14,1515588554279,0.82439023,-0.034146342,0.44660193,0.82439023
2018-1-10T13-49-14,1515588554280,0.80487806,-0.014634146,0.44660193,0.80487806
2018-1-10T13-49-14,1515588554281,0.7853659,-0.024390243,0.4563107,0.7853659
2018-1-10T13-49-14,1515588554282,0.8341463,-0.014634146,0.4368932,0.8341463
2018-1-10T13-49-14,1515588554283,0.84390247,-0.024390243,0.42718446,0.84390247
2018-1-10T13-49-14,1515588554284,0.84390247,-0.024390243,0.4368932,0.84390247
2018-1-10T13-49-14,1515588554285,0.86341465,-0.024390243,0.44660193,0.86341465
2018-1-10T13-49-14,1515588554286,0.84390247,-0.014634146,0.44660193,0.84390247
2018-1-10T13-49-14,1515588554287,0.77560973,-0.024390243,0.4563107,0.77560973
2018-1-10T13-49-14,1515588554288,0.84390247,-0.024390243,0.4368932,0.84390247
2018-1-10T13-49-14,1515588554289,0.8341463,-0.024390243,0.44660193,0.8341463
2018-1-10T13-49-14,1515588554290,0.84390247,-0.034146342,0.46601942,0.84390247
2018-1-10T13-49-14,1515588554291,0.85365856,-0.034146342,0.5145631,0.85365856
2018-1-10T13-49-14,1515588554292,0.85365856,-0.024390243,0.4563107,0.85365856
2018-1-10T13-49-14,1515588554293,0.84390247,-0.014634146,0.44660193,0.84390247
2018-1-10T13-49-14,1515588554294,0.84390247,-0.07317073,0.44660193,0.84390247
2018-1-10T13-49-14,1515588554295,0.86341465,-0.014634146,0.44660193,0.86341465
2018-1-10T13-49-14,1515588554296,0.84390247,-0.024390243,0.44660193,0.84390247
2018-1-10T13-49-14,1515588554297,0.85365856,-0.014634146,0.44660193,0.85365856
2018-1-10T13-49-14,1515588554298,0.85365856,-0.024390243,0.44660193,0.85365856
2018-1-10T13-49-14,1515588554299,0.85365856,-0.024390243,0.4368932,0.85365856
2018-1-10T13-49-14,1515588554300,0.84390247,-0.014634146,0.41747573,0.84390247
2018-1-10T13-49-14,1515588554301,0.84390247,-0.004878049,0.44660193,0.84390247
2018-1-10T13-49-14,1515588554302,0.85365856,-0.024390243,0.4368932,0.85365856
2018-1-10T13-49-14,1515588554303,0.92195123,-0.014634146,0.4368932,0.92195123
2018-1-10T13-49-14,1515588554304,0.8341463,-0.004878049,0.44660193,0.8341463
2018-1-10T13-49-14,1515588554305,0.84390247,-0.014634146,0.4563107,0.84390247
2018-1-10T13-49-14,1515588554306,0.84390247,-0.014634146,0.4368932,0.84390247
2018-1-10T13-49-14,1515588554307,0.85365856,-0.024390243,0.44660193,0.85365856
2018-1-10T13-49-14,1515588554308,0.86341465,-0.034146342,0.44660193,0.86341465
2018-1-10T13-49-14,1515588554309,0.84390247,-0.07317073,0.41747573,0.84390247
2018-1-10T13-49-14,1515588554310,0.85365856,-0.024390243,0.4368932,0.85365856
2018-1-10T13-49-14,1515588554311,0.86341465,-0.024390243,0.4368932,0.86341465
2018-1-10T13-49-14,1515588554312,0.84390247,-0.014634146,0.44660193,0.84390247
2018-1-10T13-49-14,1515588554313,0.85365856,-0.024390243,0.4563107,0.85365856
2018-1-10T13-49-14,1515588554314,0.8341463,-0.024390243,0.44660193,0.8341463
2018-1-10T13-49-14,1515588554315,0.85365856,-0.034146342,0.44660193,0.85365856
2018-1-10T13-49-14,1515588554316,0.85365856,-0.024390243,0.4563107,0.85365856
2018-1-10T13-49-14,1515588554317,0.84390247,-0.024390243,0.44660193,0.84390247
2018-1-10T13-49-14,1515588554318,0.84390247,-0.014634146,0.42718446,0.84390247
2018-1-10T13-49-14,1515588554319,0.84390247,-0.024390243,0.42718446,0.84390247
2018-1-10T13-49-14,1515588554320,0.85365856,-0.024390243,0.4563107,0.85365856
2018-1-10T13-49-14,1515588554321,0.84390247,-0.034146342,0.4563107,0.84390247
2018-1-10T13-49-14,1515588554322,0.84390247,-0.034146342,0.4854369,0.84390247
2018-1-10T13-49-14,1515588554323,0.8341463,-0.07317073,0.44660193,0.8341463
2018-1-10T13-49-14,1515588554324,0.84390247,-0.024390243,0.4368932,0.84390247
2018-1-10T13-49-14,1515588554325,0.84390247,0.014634146,0.44660193,0.84390247
2018-1-10T13-49-14,1515588554326,0.85365856,-0.034146342,0.44660193,0.85365856
2018-1-10T13-49-14,1515588554327,0.84390247,-0.014634146,0.4368932,0.84390247
2018-1-10T13-49-14,1515588554328,0.84390247,-0.014634146,0.4368932,0.84390247
2018-1-10T13-49-14,1515588554329,0.85365856,-0.024390243,0.4368932,0.85365856
2018-1-10T13-49-14,1515588554330,0.85365856,-0.024390243,0.44660193,0.85365856
2018-1-10T13-49-14,1515588554331,0.84390247,-0.024390243,0.44660193,0.84390247
2018-1-10T13-49-14,1515588554332,0.84390247,-0.10243902,0.44660193,0.84390247
2018-1-10T13-49-14,1515588554333,0.84390247,-0.014634146,0.44660193,0.84390247
2018-1-10T13-49-14,1515588554334,0.86341465,-0.004878049,0.4368932,0.86341465
2018-1-10T13-49-14,1515588554335,0.8341463,-0.043902438,0.4368932,0.8341463
2018-1-10T13-49-14,1515588554336,0.8341463,-0.024390243,0.4563107,0.8341463
2018-1-10T13-49-14,1515588554337,0.85365856,-0.043902438,0.44660193,0.85365856
2018-1-10T13-49-14,1515588554338,0.84390247,-0.024390243,0.4368932,0.84390247
2018-1-10T13-49-14,1515588554339,0.8341463,-0.034146342,0.44660193,0.8341463
2018-1-10T13-49-14,1515588554340,0.92195123,0.014634146,0.4368932,0.92195123
2018-1-10T13-49-14,1515588554341,0.84390247,-0.024390243,0.44660193,0.84390247
2018-1-10T13-49-14,1515588554342,0.85365856,-0.06341463,0.4368932,0.85365856
2018-1-10T13-49-14,1515588554343,0.85365856,-0.024390243,0.4368932,0.85365856
2018-1-10T13-49-14,1515588554344,0.86341465,-0.024390243,0.44660193,0.86341465
2018-1-10T13-49-14,1515588554345,0.84390247,-0.004878049,0.44660193,0.84390247
2018-1-10T13-49-14,1515588554346,0.84390247,-0.024390243,0.44660193,0.84390247
2018-1-10T13-49-14,1515588554347,0.84390247,-0.024390243,0.44660193,0.84390247
2018-1-10T13-49-14,1515588554348,0.8341463,-0.014634146,0.4563107,0.8341463
2018-1-10T13-49-14,1515588554349,0.84390247,-0.034146342,0.4368932,0.84390247
2018-1-10T13-49-14,1515588554350,0.8341463,-0.034146342,0.4368932,0.8341463
2018-1-10T13-49-14,1515588554351,0.84390247,-0.024390243,0.44660193,0.84390247
2018-1-10T13-49-14,1515588554352,0.85365856,-0.07317073,0.4368932,0.85365856
2018-1-10T13-49-14,1515588554353,0.8341463,-0.014634146,0.47572815,0.8341463
2018-1-10T13-49-14,1515588554354,0.85365856,-0.024390243,0.4368932,0.85365856
2018-1-10T13-49-14,1515588554355,0.84390247,-0.024390243,0.4563107,0.84390247
2018-1-10T13-49-14,1515588554356,0.84390247,0.004878049,0.4368932,0.84390247
2018-1-10T13-49-14,1515588554357,0.84390247,-0.024390243,0.44660193,0.84390247
2018-1-10T13-49-14,1515588554358,0.7853659,-0.014634146,0.44660193,0.7853659
2018-1-10T13-49-14,1515588554359,0.8829268,-0.024390243,0.4368932,0.8829268
2018-1-10T13-49-14,1515588554360,0.85365856,-0.024390243,0.4368932,0.85365856
2018-1-10T13-49-14,1515588554361,0.84390247,-0.014634146,0.44660193,0.84390247
2018-1-10T13-49-14,1515588554362,0.85365856,-0.014634146,0.44660193,0.85365856
2018-1-10T13-49-14,1515588554363,0.77560973,-0.024390243,0.44660193,0.77560973
2018-1-10T13-49-14,1515588554364,0.85365856,-0.034146342,0.4368932,0.85365856
2018-1-10T13-49-14,1515588554365,0.84390247,-0.014634146,0.4368932,0.84390247
2018-1-10T13-49-14,1515588554366,0.85365856,-0.014634146,0.4368932,0.85365856
2018-1-10T13-49-14,1515588554367,0.84390247,-0.024390243,0.44660193,0.84390247
2018-1-10T13-49-14,1515588554368,0.84390247,-0.024390243,0.44660193,0.84390247
2018-1-10T13-49-14,1515588554369,0.84390247,-0.024390243,0.44660193,0.84390247
2018-1-10T13-49-14,1515588554370,0.85365856,-0.024390243,0.44660193,0.85365856
2018-1-10T13-49-14,1515588554371,0.85365856,-0.024390243,0.44660193,0.85365856
2018-1-10T13-49-14,1515588554372,0.85365856,-0.024390243,0.44660193,0.85365856
2018-1-10T13-49-14,1515588554373,0.84390247,0.06341463,0.4368932,0.84390247
2018-1-10T13-49-14,1515588554374,0.85365856,-0.043902438,0.4563107,0.85365856
2018-1-10T13-49-14,1515588554375,0.84390247,-0.014634146,0.44660193,0.84390247
2018-1-10T13-49-14,1515588554376,0.84390247,-0.024390243,0.44660193,0.84390247
2018-1-10T13-49-14,1515588554377,0.84390247,-0.034146342,0.4563107,0.84390247
2018-1-10T13-49-14,1515588554378,0.85365856,-0.014634146,0.44660193,0.85365856
2018-1-10T13-49-14,1515588554379,0.84390247,-0.034146342,0.46601942,0.84390247
2018-1-10T13-49-14,1515588554380,0.84390247,-0.024390243,0.44660193,0.84390247
2018-1-10T13-49-14,1515588554381,0.82439023,-0.014634146,0.4368932,0.82439023
2018-1-10T13-49-14,1515588554382,0.85365856,-0.014634146,0.4368932,0.85365856
2018-1-10T13-49-14,1515588554383,0.87317073,-0.024390243,0.4563107,0.87317073
2018-1-10T13-49-14,1515588554384,0.84390247,-0.024390243,0.4563107,0.84390247
2018-1-10T13-49-14,1515588554385,0.84390247,-0.014634146,0.4563107,0.84390247
2018-1-10T13-49-14,1515588554386,0.85365856,-0.053658538,0.44660193,0.85365856
2018-1-10T13-49-14,1515588554387,0.8341463,-0.014634146,0.4563107,0.8341463
2018-1-10T13-49-14,1515588554388,0.85365856,-0.024390243,0.4563107,0.85365856
2018-1-10T13-49-14,1515588554389,0.84390247,0.043902438,0.4368932,0.84390247
2018-1-10T13-49-14,1515588554390,0.85365856,-0.024390243,0.44660193,0.85365856
2018-1-10T13-49-14,1515588554391,0.85365856,-0.024390243,0.44660193,0.85365856
2018-1-10T13-49-14,1515588554392,0.84390247,0.014634146,0.44660193,0.84390247
2018-1-10T13-49-14,1515588554393,0.87317073,-0.024390243,0.44660193,0.87317073
2018-1-10T13-49-14,1515588554394,0.84390247,-0.014634146,0.4368932,0.84390247
2018-1-10T13-49-14,1515588554395,0.84390247,-0.034146342,0.4368932,0.84390247
2018-1-10T13-49-14,1515588554396,0.84390247,-0.024390243,0.4368932,0.84390247
2018-1-10T13-49-14,1515588554397,0.85365856,-0.014634146,0.44660193,0.85365856
2018-1-10T13-49-14,1515588554398,0.85365856,-0.043902438,0.44660193,0.85365856
2018-1-10T13-49-14,1515588554399,0.8341463,-0.014634146,0.4368932,0.8341463
2018-1-10T13-49-14,1515588554400,0.8341463,-0.024390243,0.4563107,0.8341463
2018-1-10T13-49-14,1515588554401,0.85365856,-0.053658538,0.44660193,0.85365856
2018-1-10T13-49-14,1515588554402,0.8341463,-0.014634146,0.46601942,0.8341463
2018-1-10T13-49-14,1515588554403,0.8926829,-0.014634146,0.44660193,0.8926829
2018-1-10T13-49-14,1515588554404,0.85365856,-0.034146342,0.44660193,0.85365856
2018-1-10T13-49-14,1515588554405,0.84390247,-0.024390243,0.44660193,0.84390247
2018-1-10T13-49-14,1515588554406,0.84390247,-0.014634146,0.44660193,0.84390247
2018-1-10T13-49-14,1515588554407,0.8341463,-0.024390243,0.44660193,0.8341463
2018-1-10T13-49-14,1515588554408,0.82439023,-0.034146342,0.4368932,0.82439023
2018-1-10T13-49-14,1515588554409,0.84390247,-0.024390243,0.42718446,0.84390247
2018-1-10T13-49-14,1515588554410,0.8926829,0.024390243,0.4368932,0.8926829
2018-1-10T13-49-14,1515588554411,0.82439023,-0.053658538,0.44660193,0.82439023
2018-1-10T13-49-14,1515588554412,0.84390247,-0.024390243,0.4368932,0.84390247
2018-1-10T13-49-14,1515588554413,0.84390247,-0.014634146,0.42718446,0.84390247
2018-1-10T13-49-14,1515588554414,0.86341465,-0.024390243,0.4368932,0.86341465
2018-1-10T13-49-14,1515588554415,0.8341463,-0.014634146,0.44660193,0.8341463
2018-1-10T13-49-14,1515588554416,0.84390247,-0.034146342,0.4368932,0.84390247
2018-1-10T13-49-14,1515588554417,0.84390247,-0.024390243,0.42718446,0.84390247
2018-1-10T13-49-14,1515588554418,0.9317073,-0.024390243,0.44660193,0.9317073
2018-1-10T13-49-14,1515588554419,0.85365856,-0.024390243,0.41747573,0.85365856
2018-1-10T13-49-14,1515588554420,0.84390247,-0.004878049,0.44660193,0.84390247
2018-1-10T13-49-14,1515588554421,0.8341463,-0.034146342,0.4368932,0.8341463
2018-1-10T13-49-14,1515588554422,0.8341463,-0.034146342,0.4368932,0.8341463
2018-1-10T13-49-14,1515588554423,0.85365856,-0.024390243,0.44660193,0.85365856
2018-1-10T13-49-14,1515588554424,0.85365856,-0.09268293,0.44660193,0.85365856
2018-1-10T13-49-14,1515588554425,0.84390247,-0.034146342,0.4368932,0.84390247
2018-1-10T13-49-14,1515588554426,0.84390247,-0.024390243,0.42718446,0.84390247
2018-1-10T13-49-14,1515588554427,0.84390247,-0.014634146,0.44660193,0.84390247
2018-1-10T13-49-14,1515588554428,0.8341463,-0.034146342,0.44660193,0.8341463
2018-1-10T13-49-14,1515588554429,0.82439023,-0.024390243,0.4368932,0.82439023
2018-1-10T13-49-14,1515588554430,0.87317073,-0.024390243,0.4368932,0.87317073
2018-1-10T13-49-14,1515588554431,0.84390247,-0.014634146,0.47572815,0.84390247
2018-1-10T13-49-14,1515588554432,0.85365856,-0.024390243,0.4368932,0.85365856
2018-1-10T13-49-14,1515588554433,0.84390247,-0.024390243,0.44660193,0.84390247
2018-1-10T13-49-14,1515588554434,0.85365856,-0.053658538,0.4368932,0.85365856
2018-1-10T13-49-14,1515588554435,0.8341463,-0.024390243,0.4368932,0.8341463
2018-1-10T13-49-14,1515588554436,0.79512197,-0.014634146,0.4368932,0.79512197
2018-1-10T13-49-14,1515588554437,0.85365856,-0.024390243,0.44660193,0.85365856
2018-1-10T13-49-14,1515588554438,0.85365856,-0.014634146,0.44660193,0.85365856
2018-1-10T13-49-14,1515588554439,0.8341463,-0.014634146,0.4368932,0.8341463
2018-1-10T13-49-14,1515588554440,0.8341463,-0.024390243,0.44660193,0.8341463
2018-1-10T13-49-14,1515588554441,0.84390247,-0.014634146,0.44660193,0.84390247
2018-1-10T13-49-14,1515588554442,0.84390247,-0.024390243,0.44660193,0.84390247
2018-1-10T13-49-14,1515588554443,0.84390247,-0.014634146,0.44660193,0.84390247
2018-1-10T13-49-14,1515588554444,0.84390247,-0.024390243,0.44660193,0.84390247
2018-1-10T13-49-14,1515588554445,0.85365856,-0.024390243,0.44660193,0.85365856
2018-1-10T13-49-14,1515588554446,0.84390247,-0.024390243,0.44660193,0.84390247
2018-1-10T13-49-14,1515588554447,0.84390247,-0.024390243,0.4368932,0.84390247
2018-1-10T13-49-14,1515588554448,0.85365856,-0.024390243,0.44660193,0.85365856
2018-1-10T13-49-14,1515588554449,0.8341463,-0.024390243,0.44660193,0.8341463
2018-1-10T13-49-14,1515588554450,0.85365856,-0.024390243,0.44660193,0.85365856
2018-1-10T13-49-14,1515588554451,0.84390247,-0.014634146,0.4563107,0.84390247
2018-1-10T13-49-14,1515588554452,0.84390247,-0.014634146,0.4563107,0.84390247
2018-1-10T13-49-14,1515588554453,0.84390247,-0.014634146,0.4368932,0.84390247
2018-1-10T13-49-14,1515588554454,0.84390247,-0.024390243,0.44660193,0.84390247
2018-1-10T13-49-14,1515588554455,0.85365856,-0.014634146,0.42718446,0.85365856
2018-1-10T13-49-14,1515588554456,0.84390247,-0.024390243,0.44660193,0.84390247
2018-1-10T13-49-14,1515588554457,0.91219515,-0.014634146,0.4368932,0.91219515
2018-1-10T13-49-14,1515588554458,0.84390247,-0.004878049,0.44660193,0.84390247
2018-1-10T13-49-14,1515588554459,0.8341463,-0.024390243,0.44660193,0.8341463
2018-1-10T13-49-14,1515588554460,0.85365856,-0.024390243,0.44660193,0.85365856
2018-1-10T13-49-14,1515588554461,0.84390247,-0.024390243,0.4368932,0.84390247
2018-1-10T13-49-14,1515588554462,0.8341463,-0.043902438,0.4368932,0.8341463
2018-1-10T13-49-14,1515588554463,0.84390247,-0.014634146,0.44660193,0.84390247
2018-1-10T13-49-14,1515588554464,0.84390247,-0.014634146,0.44660193,0.84390247
2018-1-10T13-49-14,1515588554465,0.8341463,-0.043902438,0.4368932,0.8341463
2018-1-10T13-49-14,1515588554466,0.84390247,-0.014634146,0.4368932,0.84390247
2018-1-10T13-49-14,1515588554467,0.8341463,-0.024390243,0.44660193,0.8341463
2018-1-10T13-49-14,1515588554468,0.84390247,0.034146342,0.4563107,0.84390247
2018-1-10T13-49-14,1515588554469,0.85365856,-0.014634146,0.44660193,0.85365856
2018-1-10T13-49-14,1515588554470,0.85365856,-0.024390243,0.4368932,0.85365856
2018-1-10T13-49-14,1515588554471,0.85365856,-0.024390243,0.4563107,0.85365856
2018-1-10T13-49-14,1515588554472,0.8341463,-0.014634146,0.4368932,0.8341463
2018-1-10T13-49-14,1515588554473,0.8341463,-0.004878049,0.44660193,0.8341463
2018-1-10T13-49-14,1515588554474,0.8829268,-0.014634146,0.44660193,0.8829268
2018-1-10T13-49-14,1515588554475,0.84390247,-0.024390243,0.4563107,0.84390247
2018-1-10T13-49-14,1515588554476,0.8341463,-0.014634146,0.44660193,0.8341463
2018-1-10T13-49-14,1515588554477,0.85365856,-0.024390243,0.4368932,0.85365856
2018-1-10T13-49-14,1515588554478,0.85365856,-0.024390243,0.44660193,0.85365856
2018-1-10T13-49-14,1515588554479,0.8341463,-0.014634146,0.4563107,0.8341463
2018-1-10T13-49-14,1515588554480,0.86341465,-0.024390243,0.44660193,0.86341465
2018-1-10T13-49-14,1515588554481,0.8341463,-0.014634146,0.44660193,0.8341463
2018-1-10T13-49-14,1515588554482,0.85365856,-0.014634146,0.44660193,0.85365856
2018-1-10T13-49-14,1515588554483,0.85365856,-0.024390243,0.44660193,0.85365856
2018-1-10T13-49-14,1515588554484,0.85365856,-0.004878049,0.4368932,0.85365856
2018-1-10T13-49-14,1515588554485,0.84390247,-0.004878049,0.4563107,0.84390247
2018-1-10T13-49-14,1515588554486,0.84390247,-0.024390243,0.4368932,0.84390247
2018-1-10T13-49-14,1515588554487,0.84390247,-0.024390243,0.4563107,0.84390247
2018-1-10T13-49-14,1515588554488,0.8341463,-0.014634146,0.44660193,0.8341463
2018-1-10T13-49-14,1515588554489,0.84390247,-0.024390243,0.4563107,0.84390247
2018-1-10T13-49-14,1515588554490,0.84390247,-0.014634146,0.4368932,0.84390247
2018-1-10T13-49-14,1515588554491,0.8341463,-0.014634146,0.4563107,0.8341463
2018-1-10T13-49-14,1515588554492,0.85365856,-0.014634146,0.4563107,0.85365856
2018-1-10T13-49-14,1515588554493,0.84390247,-0.043902438,0.4368932,0.84390247
2018-1-10T13-49-14,1515588554494,0.86341465,-0.024390243,0.4368932,0.86341465
2018-1-10T13-49-14,1515588554495,0.8341463,-0.014634146,0.44660193,0.8341463
2018-1-10T13-49-14,1515588554496,0.84390247,-0.014634146,0.44660193,0.84390247
2018-1-10T13-49-14,1515588554497,0.84390247,-0.024390243,0.44660193,0.84390247
2018-1-10T13-49-14,1515588554498,0.84390247,-0.024390243,0.4368932,0.84390247
2018-1-10T13-49-14,1515588554499,0.84390247,-0.12195122,0.4563107,0.84390247
2018-1-10T13-49-14,1515588554500,0.85365856,-0.014634146,0.44660193,0.85365856
2018-1-10T13-49-14,1515588554501,0.902439,-0.024390243,0.4368932,0.902439
2018-1-10T13-49-14,1515588554502,0.85365856,-0.014634146,0.4368932,0.85365856
2018-1-10T13-49-14,1515588554503,0.85365856,-0.004878049,0.44660193,0.85365856
2018-1-10T13-49-14,1515588554504,0.85365856,-0.004878049,0.44660193,0.85365856
2018-1-10T13-49-14,1515588554505,0.91219515,-0.024390243,0.4368932,0.91219515
2018-1-10T13-49-14,1515588554506,0.85365856,-0.014634146,0.44660193,0.85365856
2018-1-10T13-49-14,1515588554507,0.84390247,-0.034146342,0.4368932,0.84390247
2018-1-10T13-49-14,1515588554508,0.85365856,-0.004878049,0.44660193,0.85365856
2018-1-10T13-49-14,1515588554509,0.84390247,-0.014634146,0.46601942,0.84390247
2018-1-10T13-49-14,1515588554510,0.82439023,-0.034146342,0.42718446,0.82439023
2018-1-10T13-49-14,1515588554511,0.85365856,-0.024390243,0.4368932,0.85365856
2018-1-10T13-49-14,1515588554512,0.8341463,0.06341463,0.44660193,0.8341463
2018-1-10T13-49-14,1515588554513,0.84390247,0.014634146,0.4563107,0.84390247
2018-1-10T13-49-14,1515588554514,0.85365856,-0.024390243,0.4368932,0.85365856
2018-1-10T13-49-14,1515588554515,0.81463414,-0.024390243,0.46601942,0.81463414
2018-1-10T13-49-14,1515588554516,0.84390247,-0.024390243,0.41747573,0.84390247
2018-1-10T13-49-14,1515588554517,0.8829268,-0.014634146,0.4368932,0.8829268
2018-1-10T13-49-14,1515588554518,0.82439023,-0.024390243,0.4368932,0.82439023
2018-1-10T13-49-14,1515588554519,0.8341463,-0.024390243,0.4563107,0.8341463
2018-1-10T13-49-14,1515588554520,0.7853659,-0.024390243,0.42718446,0.7853659
2018-1-10T13-49-14,1515588554521,0.86341465,-0.024390243,0.4368932,0.86341465
2018-1-10T13-49-14,1515588554522,0.8829268,-0.014634146,0.44660193,0.8829268
2018-1-10T13-49-14,1515588554523,0.84390247,-0.024390243,0.4563107,0.84390247
2018-1-10T13-49-14,1515588554524,0.84390247,-0.024390243,0.44660193,0.84390247
2018-1-10T13-49-14,1515588554525,0.8341463,-0.024390243,0.4368932,0.8341463
2018-1-10T13-49-14,1515588554526,0.84390247,-0.014634146,0.4368932,0.84390247
2018-1-10T13-49-14,1515588554527,0.84390247,-0.014634146,0.4368932,0.84390247
2018-1-10T13-49-14,1515588554528,0.85365856,-0.024390243,0.4368932,0.85365856
2018-1-10T13-49-14,1515588554529,0.84390247,-0.024390243,0.44660193,0.84390247
2018-1-10T13-49-14,1515588554530,0.84390247,-0.004878049,0.4368932,0.84390247
2018-1-10T13-49-14,1515588554531,0.85365856,-0.024390243,0.4368932,0.85365856
2018-1-10T13-49-14,1515588554532,0.84390247,-0.024390243,0.4368932,0.84390247
2018-1-10T13-49-14,1515588554533,0.84390247,-0.014634146,0.4563107,0.84390247
2018-1-10T13-49-14,1515588554534,0.84390247,-0.004878049,0.4368932,0.84390247
2018-1-10T13-49-14,1515588554535,0.85365856,-0.053658538,0.42718446,0.85365856
2018-1-10T13-49-14,1515588554536,0.85365856,-0.024390243,0.44660193,0.85365856
2018-1-10T13-49-14,1515588554537,0.85365856,-0.024390243,0.4368932,0.85365856
2018-1-10T13-49-14,1515588554538,0.84390247,-0.024390243,0.4368932,0.84390247
2018-1-10T13-49-14,1515588554539,0.8829268,-0.024390243,0.46601942,0.8829268
2018-1-10T13-49-14,1515588554540,0.85365856,-0.014634146,0.4368932,0.85365856
2018-1-10T13-49-14,1515588554541,0.84390247,-0.024390243,0.407767,0.84390247
2018-1-10T13-49-14,1515588554542,0.84390247,-0.014634146,0.4368932,0.84390247
2018-1-10T13-49-14,1515588554543,0.84390247,0.004878049,0.44660193,0.84390247
2018-1-10T13-49-14,1515588554544,0.84390247,-0.034146342,0.44660193,0.84390247
2018-1-10T13-49-14,1515588554545,0.85365856,-0.024390243,0.44660193,0.85365856
2018-1-10T13-49-14,1515588554546,0.84390247,-0.014634146,0.44660193,0.84390247
2018-1-10T13-49-14,1515588554547,0.84390247,-0.024390243,0.4368932,0.84390247
2018-1-10T13-49-14,1515588554548,0.8341463,0.07317073,0.4368932,0.8341463
2018-1-10T13-49-14,1515588554549,0.8926829,-0.034146342,0.4368932,0.8926829
2018-1-10T13-49-14,1515588554550,0.84390247,-0.024390243,0.4368932,0.84390247
2018-1-10T13-49-14,1515588554551,0.85365856,-0.014634146,0.44660193,0.85365856
2018-1-10T13-49-14,1515588554552,0.85365856,-0.024390243,0.46601942,0.85365856
2018-1-10T13-49-14,1515588554553,0.84390247,-0.024390243,0.44660193,0.84390247
2018-1-10T13-49-14,1515588554554,0.85365856,-0.024390243,0.44660193,0.85365856
2018-1-10T13-49-14,1515588554555,0.92195123,-0.024390243,0.4563107,0.92195123
2018-1-10T13-49-14,1515588554556,0.86341465,-0.043902438,0.47572815,0.86341465
2018-1-10T13-49-14,1515588554557,0.85365856,-0.024390243,0.4368932,0.85365856
2018-1-10T13-49-14,1515588554558,0.85365856,-0.004878049,0.4368932,0.85365856
2018-1-10T13-49-14,1515588554559,0.85365856,-0.014634146,0.44660193,0.85365856
2018-1-10T13-49-14,1515588554560,0.86341465,-0.034146342,0.44660193,0.86341465
2018-1-10T13-49-14,1515588554561,0.85365856,-0.014634146,0.39805827,0.85365856
2018-1-10T13-49-14,1515588554562,0.85365856,-0.024390243,0.4563107,0.85365856
2018-1-10T13-49-14,1515588554563,0.85365856,-0.014634146,0.5048544,0.85365856
2018-1-10T13-49-14,1515588554564,0.84390247,-0.014634146,0.4563107,0.84390247
2018-1-10T13-49-14,1515588554565,0.84390247,-0.034146342,0.44660193,0.84390247
2018-1-10T13-49-14,1515588554566,0.84390247,-0.024390243,0.44660193,0.84390247
2018-1-10T13-49-14,1515588554567,0.85365856,-0.024390243,0.44660193,0.85365856
2018-1-10T13-49-14,1515588554568,0.82439023,-0.024390243,0.44660193,0.82439023
2018-1-10T13-49-14,1515588554569,0.84390247,-0.024390243,0.4368932,0.84390247
2018-1-10T13-49-14,1515588554570,0.85365856,-0.014634146,0.44660193,0.85365856
2018-1-10T13-49-14,1515588554571,0.85365856,-0.024390243,0.44660193,0.85365856
2018-1-10T13-49-14,1515588554572,0.85365856,-0.024390243,0.44660193,0.85365856
2018-1-10T13-49-14,1515588554573,0.84390247,-0.024390243,0.42718446,0.84390247
2018-1-10T13-49-14,1515588554574,0.85365856,-0.024390243,0.44660193,0.85365856
2018-1-10T13-49-14,1515588554575,0.85365856,-0.024390243,0.44660193,0.85365856
2018-1-10T13-49-14,1515588554576,0.84390247,-0.014634146,0.44660193,0.84390247
2018-1-10T13-49-14,1515588554577,0.85365856,-0.014634146,0.44660193,0.85365856
2018-1-10T13-49-14,1515588554578,0.85365856,-0.024390243,0.4368932,0.85365856
2018-1-10T13-49-14,1515588554579,0.85365856,0.014634146,0.44660193,0.85365856
2018-1-10T13-49-14,1515588554580,0.84390247,-0.024390243,0.4368932,0.84390247
2018-1-10T13-49-14,1515588554581,0.84390247,-0.034146342,0.44660193,0.84390247
2018-1-10T13-49-14,1515588554582,0.84390247,-0.024390243,0.44660193,0.84390247
2018-1-10T13-49-14,1515588554583,0.85365856,-0.09268293,0.4368932,0.85365856
2018-1-10T13-49-14,1515588554584,0.84390247,-0.034146342,0.4368932,0.84390247
2018-1-10T13-49-14,1515588554585,0.84390247,-0.014634146,0.44660193,0.84390247
2018-1-10T13-49-14,1515588554586,0.84390247,-0.014634146,0.4368932,0.84390247
2018-1-10T13-49-14,1515588554587,0.85365856,-0.014634146,0.44660193,0.85365856
2018-1-10T13-49-14,1515588554588,0.84390247,-0.034146342,0.4368932,0.84390247
2018-1-10T13-49-14,1515588554589,0.84390247,-0.034146342,0.44660193,0.84390247
2018-1-10T13-49-14,1515588554590,0.84390247,-0.014634146,0.4563107,0.84390247
2018-1-10T13-49-14,1515588554591,0.84390247,-0.024390243,0.4368932,0.84390247
2018-1-10T13-49-14,1515588554592,0.84390247,-0.024390243,0.44660193,0.84390247
2018-1-10T13-49-14,1515588554593,0.84390247,-0.034146342,0.44660193,0.84390247
2018-1-10T13-49-14,1515588554594,0.8926829,-0.034146342,0.4368932,0.8926829
2018-1-10T13-49-14,1515588554595,0.86341465,-0.024390243,0.41747573,0.86341465
2018-1-10T13-49-14,1515588554596,0.8341463,-0.024390243,0.4368932,0.8341463
2018-1-10T13-49-14,1515588554597,0.85365856,-0.024390243,0.4854369,0.85365856
2018-1-10T13-49-14,1515588554598,0.85365856,-0.014634146,0.44660193,0.85365856
2018-1-10T13-49-14,1515588554599,0.8341463,-0.004878049,0.44660193,0.8341463
2018-1-10T13-49-14,1515588554600,0.87317073,-0.014634146,0.44660193,0.87317073
2018-1-10T13-49-14,1515588554601,0.8341463,-0.024390243,0.4368932,0.8341463
2018-1-10T13-49-14,1515588554602,0.84390247,-0.024390243,0.39805827,0.84390247
2018-1-10T13-49-14,1515588554603,0.85365856,-0.034146342,0.42718446,0.85365856
2018-1-10T13-49-14,1515588554604,0.84390247,-0.014634146,0.44660193,0.84390247
2018-1-10T13-49-14,1515588554605,0.85365856,-0.024390243,0.44660193,0.85365856
2018-1-10T13-49-14,1515588554606,0.84390247,-0.024390243,0.4368932,0.84390247
2018-1-10T13-49-14,1515588554607,0.84390247,-0.053658538,0.4368932,0.84390247
2018-1-10T13-49-14,1515588554608,0.86341465,-0.043902438,0.44660193,0.86341465
2018-1-10T13-49-14,1515588554609,0.84390247,-0.053658538,0.44660193,0.84390247
2018-1-10T13-49-14,1515588554610,0.85365856,-0.034146342,0.46601942,0.85365856
2018-1-10T13-49-14,1515588554611,0.87317073,-0.014634146,0.44660193,0.87317073
2018-1-10T13-49-14,1515588554612,0.79512197,-0.024390243,0.44660193,0.79512197
2018-1-10T13-49-14,1515588554613,0.84390247,-0.014634146,0.44660193,0.84390247
2018-1-10T13-49-14,1515588554614,0.8341463,-0.014634146,0.46601942,0.8341463
2018-1-10T13-49-14,1515588554615,0.85365856,-0.034146342,0.44660193,0.85365856
2018-1-10T13-49-14,1515588554616,0.84390247,-0.024390243,0.4368932,0.84390247
2018-1-10T13-49-14,1515588554617,0.8341463,-0.024390243,0.4368932,0.8341463
2018-1-10T13-49-14,1515588554618,0.84390247,-0.024390243,0.44660193,0.84390247
2018-1-10T13-49-14,1515588554619,0.84390247,-0.014634146,0.4368932,0.84390247
2018-1-10T13-49-14,1515588554620,0.80487806,-0.024390243,0.4368932,0.80487806
2018-1-10T13-49-14,1515588554621,0.84390247,-0.024390243,0.44660193,0.84390247
2018-1-10T13-49-14,1515588554622,0.84390247,-0.024390243,0.44660193,0.84390247
2018-1-10T13-49-14,1515588554623,0.8341463,-0.043902438,0.44660193,0.8341463
2018-1-10T13-49-14,1515588554624,0.85365856,-0.024390243,0.4368932,0.85365856
2018-1-10T13-49-14,1515588554625,0.85365856,-0.014634146,0.44660193,0.85365856
2018-1-10T13-49-14,1515588554626,0.87317073,-0.024390243,0.4563107,0.87317073
2018-1-10T13-49-14,1515588554627,0.8341463,-0.024390243,0.44660193,0.8341463
2018-1-10T13-49-14,1515588554628,0.84390247,-0.014634146,0.44660193,0.84390247
2018-1-10T13-49-14,1515588554629,0.8341463,-0.024390243,0.46601942,0.8341463
2018-1-10T13-49-14,1515588554630,0.77560973,-0.014634146,0.44660193,0.77560973
2018-1-10T13-49-14,1515588554631,0.84390247,-0.09268293,0.44660193,0.84390247
2018-1-10T13-49-14,1515588554632,0.85365856,-0.014634146,0.44660193,0.85365856
2018-1-10T13-49-14,1515588554633,0.84390247,-0.024390243,0.44660193,0.84390247
2018-1-10T13-49-14,1515588554634,0.85365856,-0.024390243,0.4368932,0.85365856
2018-1-10T13-49-14,1515588554635,0.85365856,-0.024390243,0.44660193,0.85365856
2018-1-10T13-49-14,1515588554636,0.8341463,-0.004878049,0.42718446,0.8341463
2018-1-10T13-49-14,1515588554637,0.84390247,-0.12195122,0.44660193,0.84390247
2018-1-10T13-49-14,1515588554638,0.85365856,-0.053658538,0.4368932,0.85365856
2018-1-10T13-49-14,1515588554639,0.902439,-0.024390243,0.44660193,0.902439
2018-1-10T13-49-14,1515588554640,0.84390247,-0.014634146,0.44660193,0.84390247
2018-1-10T13-49-14,1515588554641,0.84390247,-0.024390243,0.4368932,0.84390247
2018-1-10T13-49-14,1515588554642,0.79512197,-0.014634146,0.44660193,0.79512197
2018-1-10T13-49-14,1515588554643,0.84390247,-0.014634146,0.44660193,0.84390247
2018-1-10T13-49-14,1515588554644,0.85365856,-0.014634146,0.4563107,0.85365856
2018-1-10T13-49-14,1515588554645,0.85365856,-0.014634146,0.4368932,0.85365856
2018-1-10T13-49-14,1515588554646,0.84390247,-0.014634146,0.44660193,0.84390247
2018-1-10T13-49-14,1515588554647,0.8341463,-0.024390243,0.46601942,0.8341463
2018-1-10T13-49-14,1515588554648,0.84390247,-0.014634146,0.4368932,0.84390247
2018-1-10T13-49-14,1515588554649,0.84390247,-0.014634146,0.44660193,0.84390247
2018-1-10T13-49-14,1515588554650,0.86341465,-0.034146342,0.44660193,0.86341465
2018-1-10T13-49-14,1515588554651,0.85365856,-0.024390243,0.4368932,0.85365856
2018-1-10T13-49-14,1515588554652,0.84390247,-0.024390243,0.4368932,0.84390247
2018-1-10T13-49-14,1515588554653,0.84390247,-0.014634146,0.44660193,0.84390247
2018-1-10T13-49-14,1515588554654,0.85365856,-0.014634146,0.4368932,0.85365856
2018-1-10T13-49-14,1515588554655,0.85365856,-0.014634146,0.4368932,0.85365856
2018-1-10T13-49-14,1515588554656,0.84390247,-0.034146342,0.4368932,0.84390247
2018-1-10T13-49-14,1515588554657,0.85365856,-0.004878049,0.4368932,0.85365856
2018-1-10T13-49-14,1515588554658,0.84390247,-0.014634146,0.42718446,0.84390247
2018-1-10T13-49-14,1515588554659,0.84390247,-0.034146342,0.4368932,0.84390247
2018-1-10T13-49-14,1515588554660,0.92195123,-0.024390243,0.4368932,0.92195123
2018-1-10T13-49-14,1515588554661,0.86341465,-0.034146342,0.44660193,0.86341465
2018-1-10T13-49-14,1515588554662,0.85365856,-0.014634146,0.4563107,0.85365856
2018-1-10T13-49-14,1515588554663,0.84390247,-0.034146342,0.4563107,0.84390247
2018-1-10T13-49-14,1515588554664,0.85365856,0.034146342,0.4854369,0.85365856
2018-1-10T13-49-14,1515588554665,0.7853659,-0.024390243,0.4368932,0.7853659
2018-1-10T13-49-14,1515588554666,0.85365856,-0.004878049,0.44660193,0.85365856
2018-1-10T13-49-14,1515588554667,0.85365856,-0.024390243,0.4368932,0.85365856
2018-1-10T13-49-14,1515588554668,0.84390247,-0.024390243,0.4563107,0.84390247
2018-1-10T13-49-14,1515588554669,0.87317073,-0.014634146,0.44660193,0.87317073
2018-1-10T13-49-14,1515588554670,0.85365856,-0.014634146,0.4368932,0.85365856
2018-1-10T13-49-14,1515588554671,0.84390247,-0.024390243,0.44660193,0.84390247
2018-1-10T13-49-14,1515588554672,0.84390247,-0.024390243,0.44660193,0.84390247
2018-1-10T13-49-14,1515588554673,0.84390247,-0.024390243,0.44660193,0.84390247
2018-1-10T13-49-14,1515588554674,0.8341463,0.024390243,0.4368932,0.8341463
2018-1-10T13-49-14,1515588554675,0.8341463,-0.014634146,0.44660193,0.8341463
2018-1-10T13-49-14,1515588554676,0.84390247,-0.024390243,0.44660193,0.84390247
2018-1-10T13-49-14,1515588554677,0.85365856,-0.024390243,0.4563107,0.85365856
2018-1-10T13-49-14,1515588554678,0.8341463,-0.024390243,0.4368932,0.8341463
2018-1-10T13-49-14,1515588554679,0.87317073,-0.014634146,0.44660193,0.87317073
2018-1-10T13-49-14,1515588554680,0.84390247,-0.014634146,0.4368932,0.84390247
2018-1-10T13-49-14,1515588554681,0.8341463,-0.024390243,0.44660193,0.8341463
2018-1-10T13-49-14,1515588554682,0.86341465,-0.014634146,0.4368932,0.86341465
2018-1-10T13-49-14,1515588554683,0.84390247,-0.024390243,0.42718446,0.84390247
2018-1-10T13-49-14,1515588554684,0.8341463,-0.024390243,0.39805827,0.8341463
2018-1-10T13-49-14,1515588554685,0.84390247,-0.024390243,0.44660193,0.84390247
2018-1-10T13-49-14,1515588554686,0.85365856,-0.024390243,0.44660193,0.85365856
2018-1-10T13-49-14,1515588554687,0.84390247,-0.014634146,0.4368932,0.84390247
2018-1-10T13-49-14,1515588554688,0.79512197,-0.024390243,0.44660193,0.79512197
2018-1-10T13-49-14,1515588554689,0.76585364,-0.024390243,0.44660193,0.76585364
2018-1-10T13-49-14,1515588554690,0.84390247,-0.014634146,0.4368932,0.84390247
2018-1-10T13-49-14,1515588554691,0.84390247,-0.024390243,0.44660193,0.84390247
2018-1-10T13-49-14,1515588554692,0.87317073,-0.014634146,0.4368932,0.87317073
2018-1-10T13-49-14,1515588554693,0.85365856,-0.024390243,0.44660193,0.85365856
2018-1-10T13-49-14,1515588554694,0.84390247,-0.024390243,0.44660193,0.84390247
2018-1-10T13-49-14,1515588554695,0.8341463,-0.024390243,0.47572815,0.8341463
2018-1-10T13-49-14,1515588554696,0.85365856,-0.014634146,0.44660193,0.85365856
2018-1-10T13-49-14,1515588554697,0.85365856,-0.024390243,0.4563107,0.85365856
2018-1-10T13-49-14,1515588554698,0.85365856,-0.024390243,0.407767,0.85365856
2018-1-10T13-49-14,1515588554699,0.84390247,-0.014634146,0.4368932,0.84390247
2018-1-10T13-49-14,1515588554700,0.80487806,-0.034146342,0.4368932,0.80487806
2018-1-10T13-49-14,1515588554701,0.8829268,-0.024390243,0.44660193,0.8829268
2018-1-10T13-49-14,1515588554702,0.85365856,-0.014634146,0.41747573,0.85365856
2018-1-10T13-49-14,1515588554703,0.85365856,-0.024390243,0.44660193,0.85365856
2018-1-10T13-49-14,1515588554704,0.84390247,-0.024390243,0.44660193,0.84390247
2018-1-10T13-49-14,1515588554705,0.85365856,-0.014634146,0.44660193,0.85365856
2018-1-10T13-49-14,1515588554706,0.8341463,0.004878049,0.4368932,0.8341463
2018-1-10T13-49-14,1515588554707,0.84390247,-0.014634146,0.44660193,0.84390247
2018-1-10T13-49-14,1515588554708,0.82439023,-0.024390243,0.4368932,0.82439023
2018-1-10T13-49-14,1515588554709,0.84390247,-0.024390243,0.44660193,0.84390247
2018-1-10T13-49-14,1515588554710,0.85365856,-0.014634146,0.44660193,0.85365856
2018-1-10T13-49-14,1515588554711,0.85365856,-0.014634146,0.44660193,0.85365856
2018-1-10T13-49-14,1515588554712,0.85365856,-0.024390243,0.4563107,0.85365856
2018-1-10T13-49-14,1515588554713,0.85365856,-0.014634146,0.44660193,0.85365856
2018-1-10T13-49-14,1515588554714,0.8341463,-0.014634146,0.47572815,0.8341463
2018-1-10T13-49-14,1515588554715,0.84390247,-0.024390243,0.44660193,0.84390247
2018-1-10T13-49-14,1515588554716,0.8341463,-0.024390243,0.4368932,0.8341463
2018-1-10T13-49-14,1515588554717,0.85365856,-0.014634146,0.44660193,0.85365856
2018-1-10T13-49-14,1515588554718,0.85365856,-0.08292683,0.44660193,0.85365856
2018-1-10T13-49-14,1515588554719,0.84390247,-0.004878049,0.44660193,0.84390247
2018-1-10T13-49-14,1515588554720,0.84390247,-0.014634146,0.4368932,0.84390247
2018-1-10T13-49-14,1515588554721,0.84390247,-0.014634146,0.44660193,0.84390247
2018-1-10T13-49-14,1515588554722,0.84390247,-0.024390243,0.4563107,0.84390247
2018-1-10T13-49-14,1515588554723,0.84390247,-0.024390243,0.4563107,0.84390247
2018-1-10T13-49-14,1515588554724,0.84390247,-0.014634146,0.44660193,0.84390247
2018-1-10T13-49-14,1515588554725,0.84390247,-0.014634146,0.4368932,0.84390247
2018-1-10T13-49-14,1515588554726,0.84390247,-0.024390243,0.44660193,0.84390247
2018-1-10T13-49-14,1515588554727,0.86341465,-0.034146342,0.42718446,0.86341465
2018-1-10T13-49-14,1515588554728,0.85365856,-0.014634146,0.4368932,0.85365856
2018-1-10T13-49-14,1515588554729,0.8341463,-0.004878049,0.46601942,0.8341463
2018-1-10T13-49-14,1515588554730,0.84390247,-0.024390243,0.4563107,0.84390247
2018-1-10T13-49-14,1515588554731,0.84390247,-0.024390243,0.42718446,0.84390247
2018-1-10T13-49-14,1515588554732,0.85365856,-0.014634146,0.44660193,0.85365856
2018-1-10T13-49-14,1515588554733,0.84390247,-0.014634146,0.4563107,0.84390247
2018-1-10T13-49-14,1515588554734,0.79512197,-0.024390243,0.44660193,0.79512197
2018-1-10T13-49-14,1515588554735,0.84390247,-0.024390243,0.4368932,0.84390247
2018-1-10T13-49-14,1515588554736,0.85365856,-0.024390243,0.44660193,0.85365856
2018-1-10T13-49-14,1515588554737,0.87317073,-0.043902438,0.4563107,0.87317073
2018-1-10T13-49-14,1515588554738,0.84390247,-0.034146342,0.4368932,0.84390247
2018-1-10T13-49-14,1515588554739,0.87317073,-0.043902438,0.4368932,0.87317073
2018-1-10T13-49-14,1515588554740,0.85365856,-0.024390243,0.41747573,0.85365856
2018-1-10T13-49-14,1515588554741,0.85365856,-0.024390243,0.44660193,0.85365856
2018-1-10T13-49-14,1515588554742,0.85365856,-0.024390243,0.44660193,0.85365856
2018-1-10T13-49-14,1515588554743,0.84390247,-0.024390243,0.4563107,0.84390247
2018-1-10T13-49-14,1515588554744,0.82439023,-0.024390243,0.4368932,0.82439023
2018-1-10T13-49-14,1515588554745,0.85365856,-0.014634146,0.44660193,0.85365856
2018-1-10T13-49-14,1515588554746,0.84390247,-0.014634146,0.4563107,0.84390247
2018-1-10T13-49-14,1515588554747,0.84390247,-0.024390243,0.41747573,0.84390247
2018-1-10T13-49-14,1515588554748,0.902439,-0.014634146,0.4368932,0.902439
2018-1-10T13-49-14,1515588554749,0.85365856,-0.014634146,0.4368932,0.85365856
2018-1-10T13-49-14,1515588554750,0.84390247,-0.053658538,0.44660193,0.84390247
2018-1-10T13-49-14,1515588554751,0.84390247,-0.024390243,0.44660193,0.84390247
2018-1-10T13-49-14,1515588554752,0.84390247,-0.014634146,0.4368932,0.84390247
2018-1-10T13-49-14,1515588554753,0.8341463,-0.034146342,0.4368932,0.8341463
2018-1-10T13-49-14,1515588554754,0.8341463,-0.024390243,0.4368932,0.8341463
2018-1-10T13-49-14,1515588554755,0.84390247,-0.024390243,0.4368932,0.84390247
2018-1-10T13-49-14,1515588554756,0.8341463,-0.004878049,0.4563107,0.8341463
2018-1-10T13-49-14,1515588554757,0.84390247,-0.014634146,0.44660193,0.84390247
2018-1-10T13-49-14,1515588554758,0.8341463,-0.024390243,0.4368932,0.8341463
2018-1-10T13-49-14,1515588554759,0.84390247,-0.024390243,0.4368932,0.84390247
2018-1-10T13-49-14,1515588554760,0.84390247,-0.004878049,0.44660193,0.84390247
2018-1-10T13-49-14,1515588554761,0.84390247,-0.014634146,0.44660193,0.84390247
2018-1-10T13-49-14,1515588554762,0.8341463,-0.024390243,0.44660193,0.8341463
2018-1-10T13-49-14,1515588554763,0.84390247,-0.004878049,0.44660193,0.84390247
2018-1-10T13-49-14,1515588554764,0.85365856,-0.024390243,0.44660193,0.85365856
2018-1-10T13-49-14,1515588554765,0.85365856,-0.034146342,0.41747573,0.85365856
2018-1-10T13-49-14,1515588554766,0.84390247,-0.004878049,0.4368932,0.84390247
2018-1-10T13-49-14,1515588554767,0.85365856,-0.024390243,0.4368932,0.85365856
2018-1-10T13-49-14,1515588554768,0.85365856,-0.024390243,0.44660193,0.85365856
2018-1-10T13-49-14,1515588554769,0.85365856,-0.024390243,0.44660193,0.85365856
2018-1-10T13-49-14,1515588554770,0.85365856,-0.014634146,0.44660193,0.85365856
2018-1-10T13-49-14,1515588554771,0.84390247,-0.024390243,0.407767,0.84390247
2018-1-10T13-49-14,1515588554772,0.84390247,-0.024390243,0.4368932,0.84390247
2018-1-10T13-49-14,1515588554773,0.92195123,-0.024390243,0.42718446,0.92195123
2018-1-10T13-49-14,1515588554774,0.84390247,-0.024390243,0.4368932,0.84390247
2018-1-10T13-49-14,1515588554775,0.86341465,-0.024390243,0.4368932,0.86341465
2018-1-10T13-49-14,1515588554776,0.8341463,-0.024390243,0.47572815,0.8341463
2018-1-10T13-49-14,1515588554777,0.84390247,-0.034146342,0.4368932,0.84390247
2018-1-10T13-49-14,1515588554778,0.85365856,-0.014634146,0.42718446,0.85365856
2018-1-10T13-49-14,1515588554779,0.85365856,-0.024390243,0.44660193,0.85365856
2018-1-10T13-49-14,1515588554780,0.82439023,-0.024390243,0.44660193,0.82439023
2018-1-10T13-49-14,1515588554781,0.84390247,-0.024390243,0.4368932,0.84390247
2018-1-10T13-49-14,1515588554782,0.80487806,-0.024390243,0.42718446,0.80487806
2018-1-10T13-49-14,1515588554783,0.85365856,-0.034146342,0.44660193,0.85365856
2018-1-10T13-49-14,1515588554784,0.84390247,-0.024390243,0.4368932,0.84390247
2018-1-10T13-49-14,1515588554785,0.84390247,-0.034146342,0.41747573,0.84390247
2018-1-10T13-49-14,1515588554786,0.85365856,-0.034146342,0.4368932,0.85365856
2018-1-10T13-49-14,1515588554787,0.86341465,-0.024390243,0.4368932,0.86341465
2018-1-10T13-49-14,1515588554788,0.84390247,-0.014634146,0.4563107,0.84390247
2018-1-10T13-49-14,1515588554789,0.87317073,-0.014634146,0.4368932,0.87317073
2018-1-10T13-49-14,1515588554790,0.7853659,-0.024390243,0.4563107,0.7853659
2018-1-10T13-49-14,1515588554791,0.85365856,-0.043902438,0.42718446,0.85365856
2018-1-10T13-49-14,1515588554792,0.84390247,-0.024390243,0.44660193,0.84390247
2018-1-10T13-49-14,1515588554793,0.85365856,-0.024390243,0.4563107,0.85365856
2018-1-10T13-49-14,1515588554794,0.85365856,-0.034146342,0.4563107,0.85365856
2018-1-10T13-49-14,1515588554795,0.8341463,0.034146342,0.44660193,0.8341463
2018-1-10T13-49-14,1515588554796,0.85365856,-0.014634146,0.44660193,0.85365856
2018-1-10T13-49-14,1515588554797,0.84390247,-0.034146342,0.44660193,0.84390247
2018-1-10T13-49-14,1515588554798,0.8829268,-0.034146342,0.4368932,0.8829268
2018-1-10T13-49-14,1515588554799,0.84390247,-0.024390243,0.4368932,0.84390247
2018-1-10T13-49-14,1515588554800,0.8341463,-0.034146342,0.42718446,0.8341463
2018-1-10T13-49-14,1515588554801,0.85365856,-0.024390243,0.4368932,0.85365856
2018-1-10T13-49-14,1515588554802,0.8341463,-0.014634146,0.4368932,0.8341463
2018-1-10T13-49-14,1515588554803,0.84390247,-0.024390243,0.4368932,0.84390247
2018-1-10T13-49-14,1515588554804,0.84390247,-0.024390243,0.4368932,0.84390247
2018-1-10T13-49-14,1515588554805,0.86341465,0.004878049,0.44660193,0.86341465
2018-1-10T13-49-14,1515588554806,0.85365856,-0.014634146,0.44660193,0.85365856
2018-1-10T13-49-14,1515588554807,0.84390247,0.014634146,0.44660193,0.84390247
2018-1-10T13-49-14,1515588554808,0.84390247,-0.024390243,0.44660193,0.84390247
2018-1-10T13-49-14,1515588554809,0.86341465,-0.034146342,0.44660193,0.86341465
2018-1-10T13-49-14,1515588554810,0.8926829,-0.014634146,0.44660193,0.8926829
2018-1-10T13-49-14,1515588554811,0.84390247,-0.034146342,0.4368932,0.84390247
2018-1-10T13-49-14,1515588554812,0.82439023,-0.034146342,0.4368932,0.82439023
2018-1-10T13-49-14,1515588554813,0.85365856,-0.024390243,0.44660193,0.85365856
2018-1-10T13-49-14,1515588554814,0.85365856,-0.024390243,0.4368932,0.85365856
2018-1-10T13-49-14,1515588554815,0.84390247,-0.024390243,0.4368932,0.84390247
2018-1-10T13-49-14,1515588554816,0.84390247,0.014634146,0.44660193,0.84390247
2018-1-10T13-49-14,1515588554817,0.7853659,-0.014634146,0.4368932,0.7853659
2018-1-10T13-49-14,1515588554818,0.84390247,-0.034146342,0.44660193,0.84390247
2018-1-10T13-49-14,1515588554819,0.86341465,-0.024390243,0.4368932,0.86341465
2018-1-10T13-49-14,1515588554820,0.84390247,-0.024390243,0.44660193,0.84390247
2018-1-10T13-49-14,1515588554821,0.8341463,-0.014634146,0.4368932,0.8341463
2018-1-10T13-49-14,1515588554822,0.84390247,-0.024390243,0.44660193,0.84390247
2018-1-10T13-49-14,1515588554823,0.84390247,-0.014634146,0.4563107,0.84390247
2018-1-10T13-49-14,1515588554824,0.85365856,-0.034146342,0.44660193,0.85365856
2018-1-10T13-49-14,1515588554825,0.85365856,-0.024390243,0.44660193,0.85365856
2018-1-10T13-49-14,1515588554826,0.80487806,-0.034146342,0.42718446,0.80487806
2018-1-10T13-49-14,1515588554827,0.85365856,-0.024390243,0.44660193,0.85365856
2018-1-10T13-49-14,1515588554828,0.84390247,-0.014634146,0.42718446,0.84390247
2018-1-10T13-49-14,1515588554829,0.85365856,-0.024390243,0.4563107,0.85365856
2018-1-10T13-49-14,1515588554830,0.85365856,-0.034146342,0.4368932,0.85365856
2018-1-10T13-49-14,1515588554831,0.76585364,-0.024390243,0.44660193,0.76585364
2018-1-10T13-49-14,1515588554832,0.84390247,-0.024390243,0.4563107,0.84390247
2018-1-10T13-49-14,1515588554833,0.84390247,-0.034146342,0.4368932,0.84390247
2018-1-10T13-49-14,1515588554834,0.7853659,-0.024390243,0.44660193,0.7853659
2018-1-10T13-49-14,1515588554835,0.8341463,-0.034146342,0.44660193,0.8341463
2018-1-10T13-49-14,1515588554836,0.87317073,-0.014634146,0.44660193,0.87317073
2018-1-10T13-49-14,1515588554837,0.85365856,-0.004878049,0.44660193,0.85365856
2018-1-10T13-49-14,1515588554838,0.84390247,-0.014634146,0.4368932,0.84390247
2018-1-10T13-49-14,1515588554839,0.8341463,-0.034146342,0.44660193,0.8341463
2018-1-10T13-49-14,1515588554840,0.84390247,-0.024390243,0.4368932,0.84390247
2018-1-10T13-49-14,1515588554841,0.81463414,-0.034146342,0.46601942,0.81463414
2018-1-10T13-49-14,1515588554842,0.84390247,-0.014634146,0.4368932,0.84390247
2018-1-10T13-49-14,1515588554843,0.86341465,-0.034146342,0.44660193,0.86341465
2018-1-10T13-49-14,1515588554844,0.81463414,-0.034146342,0.4368932,0.81463414
2018-1-10T13-49-14,1515588554845,0.84390247,0.014634146,0.4368932,0.84390247
2018-1-10T13-49-14,1515588554846,0.85365856,-0.024390243,0.44660193,0.85365856
2018-1-10T13-49-14,1515588554847,0.84390247,-0.024390243,0.44660193,0.84390247
2018-1-10T13-49-14,1515588554848,0.84390247,-0.09268293,0.44660193,0.84390247
2018-1-10T13-49-14,1515588554849,0.86341465,-0.014634146,0.44660193,0.86341465
2018-1-10T13-49-14,1515588554850,0.84390247,-0.024390243,0.44660193,0.84390247
2018-1-10T13-49-14,1515588554851,0.84390247,-0.034146342,0.4368932,0.84390247
2018-1-10T13-49-14,1515588554852,0.84390247,-0.034146342,0.44660193,0.84390247
2018-1-10T13-49-14,1515588554853,0.8829268,-0.024390243,0.44660193,0.8829268
2018-1-10T13-49-14,1515588554854,0.81463414,-0.024390243,0.44660193,0.81463414
2018-1-10T13-49-14,1515588554855,0.84390247,-0.014634146,0.44660193,0.84390247
2018-1-10T13-49-14,1515588554856,0.86341465,-0.014634146,0.4368932,0.86341465
2018-1-10T13-49-14,1515588554857,0.85365856,-0.043902438,0.44660193,0.85365856
2018-1-10T13-49-14,1515588554858,0.85365856,-0.014634146,0.44660193,0.85365856
2018-1-10T13-49-14,1515588554859,0.8341463,-0.024390243,0.44660193,0.8341463
2018-1-10T13-49-14,1515588554860,0.84390247,-0.014634146,0.44660193,0.84390247
2018-1-10T13-49-14,1515588554861,0.8341463,-0.014634146,0.42718446,0.8341463
2018-1-10T13-49-14,1515588554862,0.86341465,-0.06341463,0.4368932,0.86341465
2018-1-10T13-49-14,1515588554863,0.85365856,-0.014634146,0.44660193,0.85365856
2018-1-10T13-49-14,1515588554864,0.84390247,-0.014634146,0.44660193,0.84390247
2018-1-10T13-49-14,1515588554865,0.8341463,0.004878049,0.44660193,0.8341463
2018-1-10T13-49-14,1515588554866,0.84390247,-0.024390243,0.4563107,0.84390247
2018-1-10T13-49-14,1515588554867,0.85365856,-0.024390243,0.44660193,0.85365856
2018-1-10T13-49-14,1515588554868,0.84390247,-0.014634146,0.44660193,0.84390247
2018-1-10T13-49-14,1515588554869,0.85365856,-0.004878049,0.46601942,0.85365856
2018-1-10T13-49-14,1515588554870,0.85365856,-0.014634146,0.44660193,0.85365856
2018-1-10T13-49-14,1515588554871,0.84390247,-0.014634146,0.4563107,0.84390247
2018-1-10T13-49-14,1515588554872,0.8341463,-0.014634146,0.44660193,0.8341463
2018-1-10T13-49-14,1515588554873,0.84390247,-0.004878049,0.44660193,0.84390247
2018-1-10T13-49-14,1515588554874,0.85365856,0.07317073,0.44660193,0.85365856
2018-1-10T13-49-14,1515588554875,0.8341463,-0.014634146,0.4368932,0.8341463
2018-1-10T13-49-14,1515588554876,0.85365856,-0.034146342,0.4368932,0.85365856
2018-1-10T13-49-14,1515588554877,0.85365856,-0.024390243,0.44660193,0.85365856
2018-1-10T13-49-14,1515588554878,0.85365856,-0.024390243,0.4368932,0.85365856
2018-1-10T13-49-14,1515588554879,0.8341463,-0.034146342,0.44660193,0.8341463
2018-1-10T13-49-14,1515588554880,0.85365856,-0.004878049,0.44660193,0.85365856
2018-1-10T13-49-14,1515588554881,0.85365856,-0.014634146,0.44660193,0.85365856
2018-1-10T13-49-14,1515588554882,0.85365856,-0.014634146,0.44660193,0.85365856
2018-1-10T13-49-14,1515588554883,0.8341463,-0.024390243,0.47572815,0.8341463
2018-1-10T13-49-14,1515588554884,0.80487806,-0.024390243,0.4368932,0.80487806
2018-1-10T13-49-14,1515588554885,0.8341463,-0.024390243,0.44660193,0.8341463
2018-1-10T13-49-14,1515588554886,0.85365856,-0.004878049,0.42718446,0.85365856
2018-1-10T13-49-14,1515588554887,0.79512197,-0.053658538,0.44660193,0.79512197
2018-1-10T13-49-14,1515588554888,0.84390247,-0.024390243,0.4368932,0.84390247
2018-1-10T13-49-14,1515588554889,0.84390247,-0.024390243,0.4368932,0.84390247
2018-1-10T13-49-14,1515588554890,0.84390247,-0.024390243,0.44660193,0.84390247
2018-1-10T13-49-14,1515588554891,0.84390247,-0.014634146,0.41747573,0.84390247
2018-1-10T13-49-14,1515588554892,0.8341463,-0.014634146,0.4368932,0.8341463
2018-1-10T13-49-14,1515588554893,0.84390247,-0.014634146,0.44660193,0.84390247
2018-1-10T13-49-14,1515588554894,0.84390247,-0.014634146,0.4368932,0.84390247
2018-1-10T13-49-14,1515588554895,0.84390247,-0.014634146,0.44660193,0.84390247
2018-1-10T13-49-14,1515588554896,0.84390247,-0.024390243,0.4563107,0.84390247
2018-1-10T13-49-14,1515588554897,0.86341465,-0.024390243,0.44660193,0.86341465
2018-1-10T13-49-14,1515588554898,0.84390247,-0.024390243,0.44660193,0.84390247
2018-1-10T13-49-14,1515588554899,0.84390247,-0.024390243,0.44660193,0.84390247
2018-1-10T13-49-14,1515588554900,0.85365856,-0.024390243,0.4368932,0.85365856
2018-1-10T13-49-14,1515588554901,0.77560973,-0.014634146,0.44660193,0.77560973
2018-1-10T13-49-14,1515588554902,0.8341463,-0.014634146,0.46601942,0.8341463
2018-1-10T13-49-14,1515588554903,0.84390247,-0.024390243,0.44660193,0.84390247
2018-1-10T13-49-14,1515588554904,0.84390247,-0.024390243,0.44660193,0.84390247
2018-1-10T13-49-14,1515588554905,0.84390247,-0.014634146,0.44660193,0.84390247
2018-1-10T13-49-14,1515588554906,0.84390247,-0.024390243,0.4563107,0.84390247
2018-1-10T13-49-14,1515588554907,0.85365856,-0.024390243,0.47572815,0.85365856
2018-1-10T13-49-14,1515588554908,0.84390247,-0.014634146,0.4368932,0.84390247
2018-1-10T13-49-14,1515588554909,0.85365856,-0.014634146,0.4563107,0.85365856
2018-1-10T13-49-14,1515588554910,0.85365856,-0.014634146,0.44660193,0.85365856
2018-1-10T13-49-14,1515588554911,0.84390247,-0.024390243,0.4368932,0.84390247
2018-1-10T13-49-14,1515588554912,0.84390247,-0.024390243,0.4368932,0.84390247
2018-1-10T13-49-14,1515588554913,0.87317073,-0.034146342,0.4368932,0.87317073
2018-1-10T13-49-14,1515588554914,0.85365856,-0.014634146,0.44660193,0.85365856
2018-1-10T13-49-14,1515588554915,0.85365856,-0.014634146,0.4368932,0.85365856
2018-1-10T13-49-14,1515588554916,0.84390247,-0.024390243,0.44660193,0.84390247
2018-1-10T13-49-14,1515588554917,0.84390247,0.024390243,0.42718446,0.84390247
2018-1-10T13-49-14,1515588554918,0.84390247,-0.014634146,0.42718446,0.84390247
2018-1-10T13-49-14,1515588554919,0.84390247,-0.024390243,0.4368932,0.84390247
2018-1-10T13-49-14,1515588554920,0.85365856,-0.024390243,0.44660193,0.85365856
2018-1-10T13-49-14,1515588554921,0.8341463,-0.004878049,0.44660193,0.8341463
2018-1-10T13-49-14,1515588554922,0.86341465,-0.024390243,0.3883495,0.86341465
2018-1-10T13-49-14,1515588554923,0.84390247,-0.014634146,0.4368932,0.84390247
2018-1-10T13-49-14,1515588554924,0.84390247,-0.024390243,0.4368932,0.84390247
2018-1-10T13-49-14,1515588554925,0.84390247,-0.024390243,0.44660193,0.84390247
2018-1-10T13-49-14,1515588554926,0.84390247,-0.014634146,0.4368932,0.84390247
2018-1-10T13-49-14,1515588554927,0.82439023,-0.024390243,0.4368932,0.82439023
2018-1-10T13-49-14,1515588554928,0.85365856,-0.024390243,0.44660193,0.85365856
2018-1-10T13-49-14,1515588554929,0.85365856,-0.024390243,0.44660193,0.85365856
2018-1-10T13-49-14,1515588554930,0.85365856,-0.043902438,0.4368932,0.85365856
2018-1-10T13-49-14,1515588554931,0.85365856,-0.014634146,0.44660193,0.85365856
2018-1-10T13-49-14,1515588554932,0.92195123,-0.024390243,0.4368932,0.92195123
2018-1-10T13-49-14,1515588554933,0.84390247,-0.024390243,0.4368932,0.84390247
2018-1-10T13-49-14,1515588554934,0.84390247,-0.024390243,0.44660193,0.84390247
2018-1-10T13-49-14,1515588554935,0.84390247,-0.024390243,0.44660193,0.84390247
2018-1-10T13-49-14,1515588554936,0.86341465,-0.024390243,0.44660193,0.86341465
2018-1-10T13-49-14,1515588554937,0.8341463,-0.034146342,0.4368932,0.8341463
2018-1-10T13-49-14,1515588554938,0.84390247,-0.024390243,0.44660193,0.84390247
2018-1-10T13-49-14,1515588554939,0.84390247,-0.024390243,0.44660193,0.84390247
2018-1-10T13-49-14,1515588554940,0.85365856,-0.024390243,0.44660193,0.85365856
2018-1-10T13-49-14,1515588554941,0.85365856,-0.014634146,0.4368932,0.85365856
2018-1-10T13-49-14,1515588554942,0.8341463,-0.014634146,0.44660193,0.8341463
2018-1-10T13-49-14,1515588554943,0.85365856,-0.014634146,0.4368932,0.85365856
2018-1-10T13-49-14,1515588554944,0.84390247,-0.014634146,0.44660193,0.84390247
2018-1-10T13-49-14,1515588554945,0.81463414,-0.014634146,0.46601942,0.81463414
2018-1-10T13-49-14,1515588554946,0.79512197,-0.024390243,0.4563107,0.79512197
2018-1-10T13-49-14,1515588554947,0.85365856,-0.014634146,0.4368932,0.85365856
2018-1-10T13-49-14,1515588554948,0.84390247,-0.024390243,0.407767,0.84390247
2018-1-10T13-49-14,1515588554949,0.85365856,-0.06341463,0.4368932,0.85365856
2018-1-10T13-49-14,1515588554950,0.84390247,-0.034146342,0.4563107,0.84390247
2018-1-10T13-49-14,1515588554951,0.84390247,-0.014634146,0.44660193,0.84390247
2018-1-10T13-49-14,1515588554952,0.85365856,-0.053658538,0.4368932,0.85365856
2018-1-10T13-49-14,1515588554953,0.84390247,0.043902438,0.4368932,0.84390247
2018-1-10T13-49-14,1515588554954,0.85365856,-0.043902438,0.44660193,0.85365856
2018-1-10T13-49-14,1515588554955,0.84390247,-0.004878049,0.44660193,0.84390247
2018-1-10T13-49-14,1515588554956,0.84390247,-0.004878049,0.4368932,0.84390247
2018-1-10T13-49-14,1515588554957,0.82439023,-0.034146342,0.42718446,0.82439023
2018-1-10T13-49-14,1515588554958,0.8341463,-0.014634146,0.4563107,0.8341463
2018-1-10T13-49-14,1515588554959,0.84390247,-0.004878049,0.4563107,0.84390247
2018-1-10T13-49-14,1515588554960,0.85365856,-0.014634146,0.44660193,0.85365856
2018-1-10T13-49-14,1515588554961,0.902439,-0.024390243,0.42718446,0.902439
2018-1-10T13-49-14,1515588554962,0.86341465,-0.024390243,0.4368932,0.86341465
2018-1-10T13-49-14,1515588554963,0.86341465,-0.024390243,0.44660193,0.86341465
2018-1-10T13-49-14,1515588554964,0.84390247,-0.014634146,0.46601942,0.84390247
2018-1-10T13-49-14,1515588554965,0.84390247,-0.024390243,0.44660193,0.84390247
2018-1-10T13-49-14,1515588554966,0.8341463,-0.014634146,0.44660193,0.8341463
2018-1-10T13-49-14,1515588554967,0.8341463,-0.004878049,0.44660193,0.8341463
2018-1-10T13-49-14,1515588554968,0.85365856,-0.024390243,0.4368932,0.85365856
2018-1-10T13-49-14,1515588554969,0.84390247,-0.034146342,0.4563107,0.84390247
2018-1-10T13-49-14,1515588554970,0.84390247,-0.034146342,0.44660193,0.84390247
2018-1-10T13-49-14,1515588554971,0.8341463,-0.024390243,0.44660193,0.8341463
2018-1-10T13-49-14,1515588554972,0.84390247,-0.014634146,0.44660193,0.84390247
2018-1-10T13-49-14,1515588554973,0.85365856,-0.034146342,0.4368932,0.85365856
2018-1-10T13-49-14,1515588554974,0.8341463,-0.024390243,0.44660193,0.8341463
2018-1-10T13-49-14,1515588554975,0.85365856,-0.014634146,0.47572815,0.85365856
2018-1-10T13-49-14,1515588554976,0.84390247,-0.024390243,0.4368932,0.84390247
2018-1-10T13-49-14,1515588554977,0.84390247,-0.024390243,0.4368932,0.84390247
2018-1-10T13-49-14,1515588554978,0.84390247,-0.024390243,0.42718446,0.84390247
2018-1-10T13-49-14,1515588554979,0.85365856,-0.024390243,0.37864077,0.85365856
2018-1-10T13-49-14,1515588554980,0.8341463,-0.034146342,0.4368932,0.8341463
2018-1-10T13-49-14,1515588554981,0.82439023,-0.024390243,0.44660193,0.82439023
2018-1-10T13-49-14,1515588554982,0.84390247,-0.034146342,0.44660193,0.84390247
2018-1-10T13-49-14,1515588554983,0.8341463,-0.034146342,0.4368932,0.8341463
2018-1-10T13-49-14,1515588554984,0.8341463,-0.024390243,0.46601942,0.8341463
2018-1-10T13-49-14,1515588554985,0.82439023,-0.034146342,0.44660193,0.82439023
2018-1-10T13-49-14,1515588554986,0.82439023,-0.014634146,0.44660193,0.82439023
2018-1-10T13-49-14,1515588554987,0.85365856,-0.053658538,0.44660193,0.85365856
2018-1-10T13-49-14,1515588554988,0.85365856,-0.024390243,0.44660193,0.85365856
2018-1-10T13-49-14,1515588554989,0.84390247,-0.034146342,0.4368932,0.84390247
2018-1-10T13-49-14,1515588554990,0.85365856,-0.014634146,0.4368932,0.85365856
2018-1-10T13-49-14,1515588554991,0.85365856,-0.053658538,0.44660193,0.85365856
2018-1-10T13-49-14,1515588554992,0.84390247,0.014634146,0.46601942,0.84390247
2018-1-10T13-49-14,1515588554993,0.84390247,-0.024390243,0.4368932,0.84390247
2018-1-10T13-49-14,1515588554994,0.84390247,-0.043902438,0.4368932,0.84390247
2018-1-10T13-49-14,1515588554995,0.85365856,-0.024390243,0.44660193,0.85365856
2018-1-10T13-49-14,1515588554996,0.84390247,-0.024390243,0.407767,0.84390247
2018-1-10T13-49-14,1515588554997,0.84390247,-0.024390243,0.4563107,0.84390247
2018-1-10T13-49-14,1515588554998,0.84390247,-0.034146342,0.4368932,0.84390247
2018-1-10T13-49-14,1515588554999,0.85365856,-0.034146342,0.44660193,0.85365856
2018-1-10T13-49-15,1515588555000,0.85365856,-0.034146342,0.44660193,0.85365856
2018-1-10T13-49-15,1515588555001,0.84390247,-0.034146342,0.44660193,0.84390247
2018-1-10T13-49-15,1515588555002,0.84390247,-0.034146342,0.4563107,0.84390247
2018-1-10T13-49-15,1515588555003,0.84390247,-0.024390243,0.44660193,0.84390247
2018-1-10T13-49-15,1515588555004,0.85365856,-0.034146342,0.4368932,0.85365856
2018-1-10T13-49-15,1515588555005,0.85365856,-0.034146342,0.37864077,0.85365856
2018-1-10T13-49-15,1515588555006,0.85365856,-0.024390243,0.4563107,0.85365856
2018-1-10T13-49-15,1515588555007,0.84390247,-0.024390243,0.44660193,0.84390247
2018-1-10T13-49-15,1515588555008,0.84390247,-0.024390243,0.42718446,0.84390247
2018-1-10T13-49-15,1515588555009,0.8341463,-0.024390243,0.44660193,0.8341463
2018-1-10T13-49-15,1515588555010,0.8341463,-0.024390243,0.4563107,0.8341463
2018-1-10T13-49-15,1515588555011,0.8829268,-0.024390243,0.4563107,0.8829268
2018-1-10T13-49-15,1515588555012,0.84390247,-0.024390243,0.44660193,0.84390247
2018-1-10T13-49-15,1515588555013,0.86341465,-0.024390243,0.4368932,0.86341465
2018-1-10T13-49-15,1515588555014,0.8341463,-0.024390243,0.44660193,0.8341463
2018-1-10T13-49-15,1515588555015,0.84390247,0.014634146,0.4368932,0.84390247
2018-1-10T13-49-15,1515588555016,0.9317073,-0.024390243,0.44660193,0.9317073
2018-1-10T13-49-15,1515588555017,0.84390247,-0.024390243,0.4368932,0.84390247
2018-1-10T13-49-15,1515588555018,0.85365856,0.004878049,0.44660193,0.85365856
2018-1-10T13-49-15,1515588555019,0.84390247,-0.024390243,0.44660193,0.84390247
2018-1-10T13-49-15,1515588555020,0.8341463,-0.014634146,0.44660193,0.8341463
2018-1-10T13-49-15,1515588555021,0.8341463,-0.014634146,0.42718446,0.8341463
2018-1-10T13-49-15,1515588555022,0.85365856,-0.004878049,0.4368932,0.85365856
2018-1-10T13-49-15,1515588555023,0.77560973,-0.024390243,0.44660193,0.77560973
2018-1-10T13-49-15,1515588555024,0.8341463,-0.024390243,0.44660193,0.8341463
2018-1-10T13-49-15,1515588555025,0.8341463,-0.024390243,0.407767,0.8341463
2018-1-10T13-49-15,1515588555026,0.84390247,-0.034146342,0.44660193,0.84390247
2018-1-10T13-49-15,1515588555027,0.85365856,-0.034146342,0.4563107,0.85365856
2018-1-10T13-49-15,1515588555028,0.85365856,-0.024390243,0.4368932,0.85365856
2018-1-10T13-49-15,1515588555029,0.84390247,-0.043902438,0.4368932,0.84390247
2018-1-10T13-49-15,1515588555030,0.84390247,-0.024390243,0.44660193,0.84390247
2018-1-10T13-49-15,1515588555031,0.84390247,-0.06341463,0.4368932,0.84390247
2018-1-10T13-49-15,1515588555032,0.85365856,-0.024390243,0.42718446,0.85365856
2018-1-10T13-49-15,1515588555033,0.8829268,-0.024390243,0.4563107,0.8829268
2018-1-10T13-49-15,1515588555034,0.84390247,-0.014634146,0.44660193,0.84390247
2018-1-10T13-49-15,1515588555035,0.8341463,-0.034146342,0.44660193,0.8341463
2018-1-10T13-49-15,1515588555036,0.84390247,-0.06341463,0.4368932,0.84390247
2018-1-10T13-49-15,1515588555037,0.84390247,-0.004878049,0.44660193,0.84390247
2018-1-10T13-49-15,1515588555038,0.8341463,-0.034146342,0.4368932,0.8341463
2018-1-10T13-49-15,1515588555039,0.8341463,-0.024390243,0.4368932,0.8341463
2018-1-10T13-49-15,1515588555040,0.80487806,-0.034146342,0.4368932,0.80487806
2018-1-10T13-49-15,1515588555041,0.85365856,-0.014634146,0.44660193,0.85365856
2018-1-10T13-49-15,1515588555042,0.85365856,-0.024390243,0.44660193,0.85365856
2018-1-10T13-49-15,1515588555043,0.8341463,-0.004878049,0.44660193,0.8341463
2018-1-10T13-49-15,1515588555044,0.8341463,-0.014634146,0.44660193,0.8341463
2018-1-10T13-49-15,1515588555045,0.84390247,-0.014634146,0.4368932,0.84390247
2018-1-10T13-49-15,1515588555046,0.8341463,-0.024390243,0.4368932,0.8341463
2018-1-10T13-49-15,1515588555047,0.84390247,-0.024390243,0.4368932,0.84390247
2018-1-10T13-49-15,1515588555048,0.85365856,-0.034146342,0.4368932,0.85365856
2018-1-10T13-49-15,1515588555049,0.85365856,-0.024390243,0.44660193,0.85365856
2018-1-10T13-49-15,1515588555050,0.85365856,-0.024390243,0.39805827,0.85365856
2018-1-10T13-49-15,1515588555051,0.86341465,-0.024390243,0.42718446,0.86341465
2018-1-10T13-49-15,1515588555052,0.86341465,0.043902438,0.44660193,0.86341465
2018-1-10T13-49-15,1515588555053,0.85365856,-0.004878049,0.44660193,0.85365856
2018-1-10T13-49-15,1515588555054,0.84390247,-0.08292683,0.44660193,0.84390247
2018-1-10T13-49-15,1515588555055,0.84390247,-0.024390243,0.407767,0.84390247
2018-1-10T13-49-15,1515588555056,0.85365856,-0.014634146,0.44660193,0.85365856
2018-1-10T13-49-15,1515588555057,0.84390247,-0.024390243,0.42718446,0.84390247
2018-1-10T13-49-15,1515588555058,0.8341463,-0.034146342,0.4563107,0.8341463
2018-1-10T13-49-15,1515588555059,0.84390247,-0.024390243,0.44660193,0.84390247
2018-1-10T13-49-15,1515588555060,0.84390247,-0.024390243,0.37864077,0.84390247
2018-1-10T13-49-15,1515588555061,0.85365856,-0.014634146,0.44660193,0.85365856
2018-1-10T13-49-15,1515588555062,0.7853659,-0.07317073,0.44660193,0.7853659
2018-1-10T13-49-15,1515588555063,0.85365856,0.014634146,0.4368932,0.85365856
2018-1-10T13-49-15,1515588555064,0.84390247,-0.024390243,0.49514562,0.84390247
2018-1-10T13-49-15,1515588555065,0.84390247,-0.024390243,0.4368932,0.84390247
2018-1-10T13-49-15,1515588555066,0.85365856,-0.024390243,0.44660193,0.85365856
2018-1-10T13-49-15,1515588555067,0.85365856,-0.024390243,0.4368932,0.85365856
2018-1-10T13-49-15,1515588555068,0.85365856,-0.10243902,0.44660193,0.85365856
2018-1-10T13-49-15,1515588555069,0.84390247,-0.014634146,0.44660193,0.84390247
2018-1-10T13-49-15,1515588555070,0.84390247,-0.014634146,0.42718446,0.84390247
2018-1-10T13-49-15,1515588555071,0.84390247,-0.014634146,0.47572815,0.84390247
2018-1-10T13-49-15,1515588555072,0.84390247,0.024390243,0.4368932,0.84390247
2018-1-10T13-49-15,1515588555073,0.8341463,-0.014634146,0.4368932,0.8341463
2018-1-10T13-49-15,1515588555074,0.85365856,-0.024390243,0.4368932,0.85365856
2018-1-10T13-49-15,1515588555075,0.85365856,0.06341463,0.41747573,0.85365856
2018-1-10T13-49-15,1515588555076,0.87317073,-0.024390243,0.44660193,0.87317073
2018-1-10T13-49-15,1515588555077,0.84390247,-0.024390243,0.44660193,0.84390247
2018-1-10T13-49-15,1515588555078,0.8341463,-0.014634146,0.44660193,0.8341463
2018-1-10T13-49-15,1515588555079,0.85365856,-0.024390243,0.4368932,0.85365856
2018-1-10T13-49-15,1515588555080,0.8341463,-0.024390243,0.44660193,0.8341463
2018-1-10T13-49-15,1515588555081,0.8341463,-0.12195122,0.4368932,0.8341463
2018-1-10T13-49-15,1515588555082,0.8341463,-0.024390243,0.42718446,0.8341463
2018-1-10T13-49-15,1515588555083,0.84390247,-0.024390243,0.44660193,0.84390247
2018-1-10T13-49-15,1515588555084,0.85365856,0.024390243,0.4368932,0.85365856
2018-1-10T13-49-15,1515588555085,0.85365856,-0.09268293,0.4368932,0.85365856
2018-1-10T13-49-15,1515588555086,0.84390247,-0.11219512,0.4368932,0.84390247
2018-1-10T13-49-15,1515588555087,0.84390247,-0.034146342,0.4368932,0.84390247
2018-1-10T13-49-15,1515588555088,0.77560973,-0.014634146,0.44660193,0.77560973
2018-1-10T13-49-15,1515588555089,0.85365856,-0.024390243,0.42718446,0.85365856
2018-1-10T13-49-15,1515588555090,0.84390247,-0.053658538,0.44660193,0.84390247
2018-1-10T13-49-15,1515588555091,0.8341463,-0.004878049,0.44660193,0.8341463
2018-1-10T13-49-15,1515588555092,0.85365856,-0.024390243,0.4563107,0.85365856
2018-1-10T13-49-15,1515588555093,0.82439023,-0.07317073,0.4368932,0.82439023
2018-1-10T13-49-15,1515588555094,0.82439023,-0.034146342,0.4563107,0.82439023
2018-1-10T13-49-15,1515588555095,0.8341463,-0.024390243,0.44660193,0.8341463
2018-1-10T13-49-15,1515588555096,0.84390247,-0.024390243,0.4368932,0.84390247
2018-1-10T13-49-15,1515588555097,0.85365856,-0.024390243,0.4563107,0.85365856
2018-1-10T13-49-15,1515588555098,0.84390247,-0.034146342,0.44660193,0.84390247
2018-1-10T13-49-15,1515588555099,0.75609756,-0.024390243,0.44660193,0.75609756
2018-1-10T13-49-15,1515588555100,0.85365856,-0.024390243,0.46601942,0.85365856
2018-1-10T13-49-15,1515588555101,0.87317073,-0.024390243,0.4368932,0.87317073
2018-1-10T13-49-15,1515588555102,0.84390247,0.06341463,0.44660193,0.84390247
2018-1-10T13-49-15,1515588555103,0.85365856,-0.034146342,0.44660193,0.85365856
2018-1-10T13-49-15,1515588555104,0.84390247,-0.024390243,0.4368932,0.84390247
2018-1-10T13-49-15,1515588555105,0.84390247,-0.014634146,0.44660193,0.84390247
2018-1-10T13-49-15,1515588555106,0.8341463,-0.014634146,0.4368932,0.8341463
2018-1-10T13-49-15,1515588555107,0.8341463,-0.004878049,0.4563107,0.8341463
2018-1-10T13-49-15,1515588555108,0.84390247,-0.024390243,0.41747573,0.84390247
2018-1-10T13-49-15,1515588555109,0.84390247,-0.034146342,0.4563107,0.84390247
2018-1-10T13-49-15,1515588555110,0.85365856,-0.034146342,0.44660193,0.85365856
2018-1-10T13-49-15,1515588555111,0.84390247,-0.034146342,0.4563107,0.84390247
2018-1-10T13-49-15,1515588555112,0.81463414,-0.014634146,0.4368932,0.81463414
2018-1-10T13-49-15,1515588555113,0.84390247,-0.014634146,0.4563107,0.84390247
2018-1-10T13-49-15,1515588555114,0.84390247,-0.053658538,0.4563107,0.84390247
2018-1-10T13-49-15,1515588555115,0.8341463,-0.034146342,0.44660193,0.8341463
2018-1-10T13-49-15,1515588555116,0.84390247,-0.024390243,0.4368932,0.84390247
2018-1-10T13-49-15,1515588555117,0.84390247,-0.024390243,0.4563107,0.84390247
2018-1-10T13-49-15,1515588555118,0.79512197,-0.014634146,0.44660193,0.79512197
2018-1-10T13-49-15,1515588555119,0.84390247,-0.014634146,0.4854369,0.84390247
2018-1-10T13-49-15,1515588555120,0.84390247,-0.024390243,0.44660193,0.84390247
2018-1-10T13-49-15,1515588555121,0.84390247,-0.014634146,0.44660193,0.84390247
2018-1-10T13-49-15,1515588555122,0.85365856,-0.004878049,0.44660193,0.85365856
2018-1-10T13-49-15,1515588555123,0.84390247,-0.014634146,0.4368932,0.84390247
2018-1-10T13-49-15,1515588555124,0.86341465,-0.014634146,0.4368932,0.86341465
2018-1-10T13-49-15,1515588555125,0.8341463,-0.024390243,0.4368932,0.8341463
2018-1-10T13-49-15,1515588555126,0.85365856,-0.024390243,0.4368932,0.85365856
2018-1-10T13-49-15,1515588555127,0.86341465,-0.024390243,0.3883495,0.86341465
2018-1-10T13-49-15,1515588555128,0.84390247,-0.024390243,0.4563107,0.84390247
2018-1-10T13-49-15,1515588555129,0.84390247,-0.014634146,0.44660193,0.84390247
2018-1-10T13-49-15,1515588555130,0.85365856,-0.034146342,0.4368932,0.85365856
2018-1-10T13-49-15,1515588555131,0.8341463,-0.024390243,0.4368932,0.8341463
2018-1-10T13-49-15,1515588555132,0.85365856,-0.024390243,0.4563107,0.85365856
2018-1-10T13-49-15,1515588555133,0.85365856,-0.024390243,0.44660193,0.85365856
2018-1-10T13-49-15,1515588555134,0.8341463,-0.024390243,0.44660193,0.8341463
2018-1-10T13-49-15,1515588555135,0.85365856,-0.004878049,0.44660193,0.85365856
2018-1-10T13-49-15,1515588555136,0.84390247,-0.024390243,0.4368932,0.84390247
2018-1-10T13-49-15,1515588555137,0.85365856,-0.024390243,0.4563107,0.85365856
2018-1-10T13-49-15,1515588555138,0.84390247,-0.024390243,0.4854369,0.84390247
2018-1-10T13-49-15,1515588555139,0.9317073,-0.024390243,0.44660193,0.9317073
2018-1-10T13-49-15,1515588555140,0.84390247,-0.014634146,0.44660193,0.84390247
2018-1-10T13-49-15,1515588555141,0.84390247,-0.024390243,0.44660193,0.84390247
2018-1-10T13-49-15,1515588555142,0.8341463,-0.014634146,0.4368932,0.8341463
2018-1-10T13-49-15,1515588555143,0.85365856,-0.024390243,0.44660193,0.85365856
2018-1-10T13-49-15,1515588555144,0.84390247,-0.024390243,0.4563107,0.84390247
2018-1-10T13-49-15,1515588555145,0.85365856,-0.043902438,0.4368932,0.85365856
2018-1-10T13-49-15,1515588555146,0.85365856,-0.024390243,0.4563107,0.85365856
2018-1-10T13-49-15,1515588555147,0.84390247,-0.024390243,0.44660193,0.84390247
2018-1-10T13-49-15,1515588555148,0.84390247,-0.024390243,0.46601942,0.84390247
2018-1-10T13-49-15,1515588555149,0.85365856,-0.024390243,0.44660193,0.85365856
2018-1-10T13-49-15,1515588555150,0.84390247,0.004878049,0.4368932,0.84390247
2018-1-10T13-49-15,1515588555151,0.84390247,-0.034146342,0.44660193,0.84390247
2018-1-10T13-49-15,1515588555152,0.85365856,-0.014634146,0.4563107,0.85365856
2018-1-10T13-49-15,1515588555153,0.84390247,-0.024390243,0.44660193,0.84390247
2018-1-10T13-49-15,1515588555154,0.84390247,-0.034146342,0.4563107,0.84390247
2018-1-10T13-49-15,1515588555155,0.84390247,-0.024390243,0.4368932,0.84390247
2018-1-10T13-49-15,1515588555156,0.84390247,-0.043902438,0.44660193,0.84390247
2018-1-10T13-49-15,1515588555157,0.85365856,-0.014634146,0.44660193,0.85365856
2018-1-10T13-49-15,1515588555158,0.84390247,-0.014634146,0.4563107,0.84390247
2018-1-10T13-49-15,1515588555159,0.85365856,-0.024390243,0.44660193,0.85365856
2018-1-10T13-49-15,1515588555160,0.86341465,-0.024390243,0.4563107,0.86341465
2018-1-10T13-49-15,1515588555161,0.84390247,-0.014634146,0.46601942,0.84390247
2018-1-10T13-49-15,1515588555162,0.8341463,-0.004878049,0.44660193,0.8341463
2018-1-10T13-49-15,1515588555163,0.85365856,-0.014634146,0.4368932,0.85365856
2018-1-10T13-49-15,1515588555164,0.84390247,-0.024390243,0.4368932,0.84390247
2018-1-10T13-49-15,1515588555165,0.84390247,-0.014634146,0.4563107,0.84390247
2018-1-10T13-49-15,1515588555166,0.84390247,-0.024390243,0.44660193,0.84390247
2018-1-10T13-49-15,1515588555167,0.85365856,-0.09268293,0.4368932,0.85365856
2018-1-10T13-49-15,1515588555168,0.84390247,-0.024390243,0.44660193,0.84390247
2018-1-10T13-49-15,1515588555169,0.84390247,-0.014634146,0.44660193,0.84390247
2018-1-10T13-49-15,1515588555170,0.85365856,0.004878049,0.44660193,0.85365856
2018-1-10T13-49-15,1515588555171,0.84390247,0.043902438,0.44660193,0.84390247
2018-1-10T13-49-15,1515588555172,0.79512197,-0.024390243,0.44660193,0.79512197
2018-1-10T13-49-15,1515588555173,0.85365856,-0.014634146,0.44660193,0.85365856
2018-1-10T13-49-15,1515588555174,0.84390247,-0.024390243,0.4368932,0.84390247
2018-1-10T13-49-15,1515588555175,0.8341463,-0.024390243,0.4368932,0.8341463
2018-1-10T13-49-15,1515588555176,0.8341463,-0.004878049,0.4368932,0.8341463
2018-1-10T13-49-15,1515588555177,0.86341465,-0.004878049,0.44660193,0.86341465
2018-1-10T13-49-15,1515588555178,0.84390247,-0.034146342,0.44660193,0.84390247
2018-1-10T13-49-15,1515588555179,0.84390247,-0.024390243,0.44660193,0.84390247
2018-1-10T13-49-15,1515588555180,0.84390247,-0.024390243,0.44660193,0.84390247
2018-1-10T13-49-15,1515588555181,0.84390247,-0.043902438,0.4368932,0.84390247
2018-1-10T13-49-15,1515588555182,0.79512197,-0.014634146,0.4563107,0.79512197
2018-1-10T13-49-15,1515588555183,0.84390247,-0.024390243,0.44660193,0.84390247
2018-1-10T13-49-15,1515588555184,0.84390247,-0.053658538,0.44660193,0.84390247
2018-1-10T13-49-15,1515588555185,0.84390247,0.004878049,0.4368932,0.84390247
2018-1-10T13-49-15,1515588555186,0.81463414,-0.014634146,0.44660193,0.81463414
2018-1-10T13-49-15,1515588555187,0.84390247,-0.024390243,0.4563107,0.84390247
2018-1-10T13-49-15,1515588555188,0.85365856,-0.034146342,0.44660193,0.85365856
2018-1-10T13-49-15,1515588555189,0.8341463,-0.043902438,0.44660193,0.8341463
2018-1-10T13-49-15,1515588555190,0.8341463,-0.053658538,0.4563107,0.8341463
2018-1-10T13-49-15,1515588555191,0.85365856,-0.043902438,0.4563107,0.85365856
2018-1-10T13-49-15,1515588555192,0.84390247,-0.08292683,0.47572815,0.84390247
2018-1-10T13-49-15,1515588555193,0.84390247,-0.034146342,0.49514562,0.84390247
2018-1-10T13-49-15,1515588555194,0.8341463,-0.034146342,0.4563107,0.8341463
2018-1-10T13-49-15,1515588555195,0.85365856,-0.034146342,0.4563107,0.85365856
2018-1-10T13-49-15,1515588555196,0.8341463,-0.043902438,0.4368932,0.8341463
2018-1-10T13-49-15,1515588555197,0.85365856,-0.034146342,0.47572815,0.85365856
2018-1-10T13-49-15,1515588555198,0.85365856,-0.034146342,0.4854369,0.85365856
2018-1-10T13-49-15,1515588555199,0.85365856,-0.09268293,0.46601942,0.85365856
2018-1-10T13-49-15,1515588555200,0.87317073,-0.024390243,0.46601942,0.87317073
2018-1-10T13-49-15,1515588555201,0.9317073,0.024390243,0.41747573,0.9317073
2018-1-10T13-49-15,1515588555202,0.92195123,0.06341463,0.27184466,0.92195123
2018-1-10T13-49-15,1515588555203,0.87317073,0.08292683,0.27184466,0.87317073
2018-1-10T13-49-15,1515588555204,0.79512197,-0.024390243,0.4563107,0.79512197
2018-1-10T13-49-15,1515588555205,0.77560973,-0.053658538,0.52427185,0.77560973
2018-1-10T13-49-15,1515588555206,0.7853659,-0.08292683,0.36893204,0.7853659
2018-1-10T13-49-15,1515588555207,0.7853659,-0.06341463,0.34951457,0.7853659
2018-1-10T13-49-15,1515588555208,0.7853659,-0.024390243,0.4368932,0.7853659
2018-1-10T13-49-15,1515588555209,0.76585364,0.024390243,0.5048544,0.76585364
2018-1-10T13-49-15,1515588555210,0.81463414,0.043902438,0.4854369,0.81463414
2018-1-10T13-49-15,1515588555211,0.85365856,0.043902438,0.407767,0.85365856
2018-1-10T13-49-15,1515588555212,0.87317073,-0.004878049,0.407767,0.87317073
2018-1-10T13-49-15,1515588555213,0.85365856,-0.043902438,0.47572815,0.85365856
2018-1-10T13-49-15,1515588555214,0.85365856,-0.06341463,0.52427185,0.85365856
2018-1-10T13-49-15,1515588555215,0.85365856,-0.053658538,0.47572815,0.85365856
2018-1-10T13-49-15,1515588555216,0.87317073,-0.043902438,0.44660193,0.87317073
2018-1-10T13-49-15,1515588555217,0.902439,-0.09268293,0.42718446,0.902439
2018-1-10T13-49-15,1515588555218,0.902439,0.004878049,0.46601942,0.902439
2018-1-10T13-49-15,1515588555219,0.902439,-0.004878049,0.47572815,0.902439
2018-1-10T13-49-15,1515588555220,0.902439,-0.004878049,0.4563107,0.902439
2018-1-10T13-49-15,1515588555221,0.86341465,-0.043902438,0.41747573,0.86341465
2018-1-10T13-49-15,1515588555222,0.79512197,-0.07317073,0.46601942,0.79512197
2018-1-10T13-49-15,1515588555223,0.86341465,-0.10243902,0.4854369,0.86341465
2018-1-10T13-49-15,1515588555224,0.82439023,-0.09268293,0.4563107,0.82439023
2018-1-10T13-49-15,1515588555225,0.81463414,-0.06341463,0.4563107,0.81463414
2018-1-10T13-49-15,1515588555226,0.81463414,-0.053658538,0.44660193,0.81463414
2018-1-10T13-49-15,1515588555227,0.82439023,-0.024390243,0.42718446,0.82439023
2018-1-10T13-49-15,1515588555228,0.84390247,-0.004878049,0.41747573,0.84390247
2018-1-10T13-49-15,1515588555229,0.86341465,-0.004878049,0.42718446,0.86341465
2018-1-10T13-49-15,1515588555230,0.86341465,-0.004878049,0.41747573,0.86341465
2018-1-10T13-49-15,1515588555231,0.86341465,0.08292683,0.4368932,0.86341465
2018-1-10T13-49-15,1515588555232,0.86341465,-0.014634146,0.4368932,0.86341465
2018-1-10T13-49-15,1515588555233,0.86341465,-0.024390243,0.44660193,0.86341465
2018-1-10T13-49-15,1515588555234,0.84390247,-0.034146342,0.44660193,0.84390247
2018-1-10T13-49-15,1515588555235,0.7853659,-0.024390243,0.44660193,0.7853659
2018-1-10T13-49-15,1515588555236,0.8341463,-0.053658538,0.4368932,0.8341463
2018-1-10T13-49-15,1515588555237,0.8341463,-0.004878049,0.44660193,0.8341463
2018-1-10T13-49-15,1515588555238,0.8341463,-0.004878049,0.4563107,0.8341463
2018-1-10T13-49-15,1515588555239,0.84390247,-0.004878049,0.4368932,0.84390247
2018-1-10T13-49-15,1515588555240,0.85365856,0.014634146,0.44660193,0.85365856
2018-1-10T13-49-15,1515588555241,0.86341465,0.014634146,0.44660193,0.86341465
2018-1-10T13-49-15,1515588555242,0.85365856,0.024390243,0.4854369,0.85365856
2018-1-10T13-49-15,1515588555243,0.86341465,0.004878049,0.44660193,0.86341465
2018-1-10T13-49-15,1515588555244,0.86341465,-0.004878049,0.4368932,0.86341465
2018-1-10T13-49-15,1515588555245,0.84390247,-0.024390243,0.4368932,0.84390247
2018-1-10T13-49-15,1515588555246,0.8341463,-0.043902438,0.4563107,0.8341463
2018-1-10T13-49-15,1515588555247,0.82439023,-0.043902438,0.44660193,0.82439023
2018-1-10T13-49-15,1515588555248,0.82439023,-0.004878049,0.42718446,0.82439023
2018-1-10T13-49-15,1515588555249,0.8341463,-0.034146342,0.4368932,0.8341463
2018-1-10T13-49-15,1515588555250,0.8341463,-0.034146342,0.4368932,0.8341463
2018-1-10T13-49-15,1515588555251,0.82439023,-0.043902438,0.4563107,0.82439023
2018-1-10T13-49-15,1515588555252,0.84390247,-0.07317073,0.47572815,0.84390247
2018-1-10T13-49-15,1515588555253,0.8341463,-0.07317073,0.4563107,0.8341463
2018-1-10T13-49-15,1515588555254,0.92195123,-0.09268293,0.46601942,0.92195123
2018-1-10T13-49-15,1515588555255,0.86341465,-0.053658538,0.46601942,0.86341465
2018-1-10T13-49-15,1515588555256,0.86341465,-0.004878049,0.4563107,0.86341465
2018-1-10T13-49-15,1515588555257,0.87317073,-0.024390243,0.44660193,0.87317073
2018-1-10T13-49-15,1515588555258,0.8926829,-0.004878049,0.4368932,0.8926829
2018-1-10T13-49-15,1515588555259,0.9317073,-0.004878049,0.46601942,0.9317073
2018-1-10T13-49-15,1515588555260,0.85365856,-0.014634146,0.4563107,0.85365856
2018-1-10T13-49-15,1515588555261,0.81463414,-0.024390243,0.4563107,0.81463414
2018-1-10T13-49-15,1515588555262,0.82439023,-0.024390243,0.4368932,0.82439023
2018-1-10T13-49-15,1515588555263,0.82439023,-0.014634146,0.4368932,0.82439023
2018-1-10T13-49-15,1515588555264,0.84390247,0.043902438,0.44660193,0.84390247
2018-1-10T13-49-15,1515588555265,0.81463414,0.004878049,0.4368932,0.81463414
2018-1-10T13-49-15,1515588555266,0.8341463,0.004878049,0.4368932,0.8341463
2018-1-10T13-49-15,1515588555267,0.84390247,0.014634146,0.41747573,0.84390247
2018-1-10T13-49-15,1515588555268,0.7853659,0.024390243,0.42718446,0.7853659
2018-1-10T13-49-15,1515588555269,0.85365856,0.024390243,0.44660193,0.85365856
2018-1-10T13-49-15,1515588555270,0.85365856,0.024390243,0.44660193,0.85365856
2018-1-10T13-49-15,1515588555271,0.85365856,0.004878049,0.4368932,0.85365856
2018-1-10T13-49-15,1515588555272,0.85365856,0.004878049,0.4368932,0.85365856
2018-1-10T13-49-15,1515588555273,0.8829268,0.014634146,0.44660193,0.8829268
2018-1-10T13-49-15,1515588555274,0.8926829,-0.014634146,0.41747573,0.8926829
2018-1-10T13-49-15,1515588555275,0.85365856,-0.034146342,0.4563107,0.85365856
2018-1-10T13-49-15,1515588555276,0.85365856,-0.053658538,0.44660193,0.85365856
2018-1-10T13-49-15,1515588555277,0.84390247,-0.06341463,0.44660193,0.84390247
2018-1-10T13-49-15,1515588555278,0.8341463,-0.06341463,0.5145631,0.8341463
2018-1-10T13-49-15,1515588555279,0.84390247,-0.13170731,0.4563107,0.84390247
2018-1-10T13-49-15,1515588555280,0.86341465,-0.053658538,0.44660193,0.86341465
2018-1-10T13-49-15,1515588555281,0.86341465,-0.014634146,0.44660193,0.86341465
2018-1-10T13-49-15,1515588555282,0.86341465,-0.014634146,0.4368932,0.86341465
2018-1-10T13-49-15,1515588555283,0.86341465,0.053658538,0.44660193,0.86341465
2018-1-10T13-49-15,1515588555284,0.84390247,-0.053658538,0.44660193,0.84390247
2018-1-10T13-49-15,1515588555285,0.85365856,-0.053658538,0.4368932,0.85365856
2018-1-10T13-49-15,1515588555286,0.8341463,-0.043902438,0.44660193,0.8341463
2018-1-10T13-49-15,1515588555287,0.82439023,-0.043902438,0.4563107,0.82439023
2018-1-10T13-49-15,1515588555288,0.8341463,-0.024390243,0.44660193,0.8341463
2018-1-10T13-49-15,1515588555289,0.84390247,-0.004878049,0.4368932,0.84390247
2018-1-10T13-49-15,1515588555290,0.86341465,0.014634146,0.42718446,0.86341465
2018-1-10T13-49-15,1515588555291,0.84390247,0.024390243,0.4368932,0.84390247
2018-1-10T13-49-15,1515588555292,0.87317073,0.014634146,0.37864077,0.87317073
2018-1-10T13-49-15,1515588555293,0.8341463,-0.004878049,0.4368932,0.8341463
2018-1-10T13-49-15,1515588555294,0.84390247,-0.024390243,0.4368932,0.84390247
2018-1-10T13-49-15,1515588555295,0.82439023,-0.014634146,0.52427185,0.82439023
2018-1-10T13-49-15,1515588555296,0.84390247,-0.014634146,0.44660193,0.84390247
2018-1-10T13-49-15,1515588555297,0.85365856,-0.024390243,0.4368932,0.85365856
2018-1-10T13-49-15,1515588555298,0.85365856,-0.043902438,0.42718446,0.85365856
2018-1-10T13-49-15,1515588555299,0.85365856,-0.034146342,0.4368932,0.85365856
2018-1-10T13-49-15,1515588555300,0.87317073,-0.004878049,0.4563107,0.87317073
2018-1-10T13-49-15,1515588555301,0.86341465,-0.08292683,0.46601942,0.86341465
2018-1-10T13-49-15,1515588555302,0.85365856,0.004878049,0.4563107,0.85365856
2018-1-10T13-49-15,1515588555303,0.87317073,-0.004878049,0.4563107,0.87317073
2018-1-10T13-49-15,1515588555304,0.87317073,-0.004878049,0.4563107,0.87317073
2018-1-10T13-49-15,1515588555305,0.86341465,-0.024390243,0.4368932,0.86341465
2018-1-10T13-49-15,1515588555306,0.84390247,-0.034146342,0.41747573,0.84390247
2018-1-10T13-49-15,1515588555307,0.84390247,-0.043902438,0.4368932,0.84390247
2018-1-10T13-49-15,1515588555308,0.8341463,-0.043902438,0.4368932,0.8341463
2018-1-10T13-49-15,1515588555309,0.81463414,-0.053658538,0.4368932,0.81463414
2018-1-10T13-49-15,1515588555310,0.8341463,-0.053658538,0.44660193,0.8341463
2018-1-10T13-49-15,1515588555311,0.8341463,-0.053658538,0.44660193,0.8341463
2018-1-10T13-49-15,1515588555312,0.82439023,-0.024390243,0.44660193,0.82439023
2018-1-10T13-49-15,1515588555313,0.84390247,0.014634146,0.4368932,0.84390247
2018-1-10T13-49-15,1515588555314,0.81463414,-0.034146342,0.42718446,0.81463414
2018-1-10T13-49-15,1515588555315,0.8341463,-0.024390243,0.4563107,0.8341463
2018-1-10T13-49-15,1515588555316,0.85365856,-0.014634146,0.46601942,0.85365856
2018-1-10T13-49-15,1515588555317,0.84390247,-0.024390243,0.4854369,0.84390247
2018-1-10T13-49-15,1515588555318,0.84390247,-0.034146342,0.4368932,0.84390247
2018-1-10T13-49-15,1515588555319,0.81463414,-0.034146342,0.42718446,0.81463414
2018-1-10T13-49-15,1515588555320,0.85365856,-0.004878049,0.4563107,0.85365856
2018-1-10T13-49-15,1515588555321,0.86341465,-0.004878049,0.4563107,0.86341465
2018-1-10T13-49-15,1515588555322,0.85365856,0.053658538,0.44660193,0.85365856
2018-1-10T13-49-15,1515588555323,0.85365856,0.004878049,0.4368932,0.85365856
2018-1-10T13-49-15,1515588555324,0.85365856,-0.014634146,0.4368932,0.85365856
2018-1-10T13-49-15,1515588555325,0.85365856,0.004878049,0.4563107,0.85365856
2018-1-10T13-49-15,1515588555326,0.8341463,-0.024390243,0.44660193,0.8341463
2018-1-10T13-49-15,1515588555327,0.81463414,-0.024390243,0.42718446,0.81463414
2018-1-10T13-49-15,1515588555328,0.82439023,-0.024390243,0.4368932,0.82439023
2018-1-10T13-49-15,1515588555329,0.84390247,0.034146342,0.4368932,0.84390247
2018-1-10T13-49-15,1515588555330,0.82439023,-0.004878049,0.47572815,0.82439023
2018-1-10T13-49-15,1515588555331,0.8341463,-0.043902438,0.42718446,0.8341463
2018-1-10T13-49-15,1515588555332,0.84390247,-0.024390243,0.4368932,0.84390247
2018-1-10T13-49-15,1515588555333,0.84390247,-0.014634146,0.4368932,0.84390247
2018-1-10T13-49-15,1515588555334,0.8341463,-0.024390243,0.4368932,0.8341463
2018-1-10T13-49-15,1515588555335,0.8341463,-0.06341463,0.44660193,0.8341463
2018-1-10T13-49-15,1515588555336,0.82439023,-0.043902438,0.44660193,0.82439023
2018-1-10T13-49-15,1515588555337,0.77560973,-0.043902438,0.4563107,0.77560973
2018-1-10T13-49-15,1515588555338,0.86341465,-0.034146342,0.44660193,0.86341465
2018-1-10T13-49-15,1515588555339,0.86341465,-0.024390243,0.44660193,0.86341465
2018-1-10T13-49-15,1515588555340,0.85365856,-0.004878049,0.46601942,0.85365856
2018-1-10T13-49-15,1515588555341,0.86341465,-0.014634146,0.4563107,0.86341465
2018-1-10T13-49-15,1515588555342,0.85365856,-0.034146342,0.5145631,0.85365856
2018-1-10T13-49-15,1515588555343,0.86341465,-0.024390243,0.4368932,0.86341465
2018-1-10T13-49-15,1515588555344,0.85365856,-0.043902438,0.47572815,0.85365856
2018-1-10T13-49-15,1515588555345,0.84390247,-0.043902438,0.46601942,0.84390247
2018-1-10T13-49-15,1515588555346,0.8341463,-0.07317073,0.44660193,0.8341463
2018-1-10T13-49-15,1515588555347,1.2829268,-0.034146342,0.4368932,1.2829268
2018-1-10T13-49-15,1515588555348,0.8341463,-0.024390243,0.44660193,0.8341463
2018-1-10T13-49-15,1515588555349,0.84390247,-0.004878049,0.44660193,0.84390247
2018-1-10T13-49-15,1515588555350,0.86341465,-0.004878049,0.42718446,0.86341465
2018-1-10T13-49-15,1515588555351,0.84390247,-0.024390243,0.4368932,0.84390247
2018-1-10T13-49-15,1515588555352,0.84390247,-0.004878049,0.44660193,0.84390247
2018-1-10T13-49-15,1515588555353,0.84390247,-0.014634146,0.44660193,0.84390247
2018-1-10T13-49-15,1515588555354,0.85365856,-0.004878049,0.44660193,0.85365856
2018-1-10T13-49-15,1515588555355,0.81463414,0.004878049,0.44660193,0.81463414
2018-1-10T13-49-15,1515588555356,0.87317073,0.004878049,0.41747573,0.87317073
2018-1-10T13-49-15,1515588555357,0.85365856,-0.014634146,0.4368932,0.85365856
2018-1-10T13-49-15,1515588555358,0.8341463,-0.024390243,0.42718446,0.8341463
2018-1-10T13-49-15,1515588555359,0.82439023,-0.043902438,0.4368932,0.82439023
2018-1-10T13-49-15,1515588555360,0.82439023,-0.043902438,0.44660193,0.82439023
2018-1-10T13-49-15,1515588555361,0.82439023,-0.034146342,0.4368932,0.82439023
2018-1-10T13-49-15,1515588555362,0.8341463,-0.034146342,0.42718446,0.8341463
2018-1-10T13-49-15,1515588555363,0.84390247,-0.004878049,0.4368932,0.84390247
2018-1-10T13-49-15,1515588555364,0.8829268,-0.07317073,0.4563107,0.8829268
2018-1-10T13-49-15,1515588555365,0.84390247,-0.014634146,0.4368932,0.84390247
2018-1-10T13-49-15,1515588555366,0.86341465,-0.004878049,0.44660193,0.86341465
2018-1-10T13-49-15,1515588555367,0.85365856,-0.014634146,0.44660193,0.85365856
2018-1-10T13-49-15,1515588555368,0.84390247,-0.014634146,0.44660193,0.84390247
2018-1-10T13-49-15,1515588555369,0.84390247,-0.024390243,0.44660193,0.84390247
2018-1-10T13-49-15,1515588555370,0.82439023,-0.034146342,0.41747573,0.82439023
2018-1-10T13-49-15,1515588555371,0.8341463,-0.043902438,0.42718446,0.8341463
2018-1-10T13-49-15,1515588555372,0.8341463,-0.034146342,0.44660193,0.8341463
2018-1-10T13-49-15,1515588555373,0.8341463,-0.034146342,0.46601942,0.8341463
2018-1-10T13-49-15,1515588555374,0.8341463,-0.024390243,0.44660193,0.8341463
2018-1-10T13-49-15,1515588555375,0.86341465,-0.024390243,0.42718446,0.86341465
2018-1-10T13-49-15,1515588555376,0.87317073,-0.004878049,0.4368932,0.87317073
2018-1-10T13-49-15,1515588555377,0.87317073,-0.004878049,0.46601942,0.87317073
2018-1-10T13-49-15,1515588555378,0.87317073,-0.014634146,0.47572815,0.87317073
2018-1-10T13-49-15,1515588555379,0.86341465,-0.014634146,0.4368932,0.86341465
2018-1-10T13-49-15,1515588555380,0.8926829,-0.014634146,0.44660193,0.8926829
2018-1-10T13-49-15,1515588555381,0.85365856,-0.024390243,0.4563107,0.85365856
2018-1-10T13-49-15,1515588555382,0.84390247,-0.09268293,0.42718446,0.84390247
2018-1-10T13-49-15,1515588555383,0.8341463,-0.043902438,0.42718446,0.8341463
2018-1-10T13-49-15,1515588555384,0.86341465,-0.053658538,0.41747573,0.86341465
2018-1-10T13-49-15,1515588555385,0.80487806,-0.06341463,0.42718446,0.80487806
2018-1-10T13-49-15,1515588555386,0.8341463,-0.043902438,0.4368932,0.8341463
2018-1-10T13-49-15,1515588555387,0.902439,-0.09268293,0.4368932,0.902439
2018-1-10T13-49-15,1515588555388,0.86341465,-0.024390243,0.5048544,0.86341465
2018-1-10T13-49-15,1515588555389,0.86341465,-0.014634146,0.44660193,0.86341465
2018-1-10T13-49-15,1515588555390,0.8829268,0.004878049,0.44660193,0.8829268
2018-1-10T13-49-15,1515588555391,0.87317073,-0.004878049,0.44660193,0.87317073
2018-1-10T13-49-15,1515588555392,0.8341463,-0.014634146,0.44660193,0.8341463
2018-1-10T13-49-15,1515588555393,0.87317073,0.014634146,0.4368932,0.87317073
2018-1-10T13-49-15,1515588555394,0.84390247,-0.034146342,0.47572815,0.84390247
2018-1-10T13-49-15,1515588555395,0.8341463,-0.043902438,0.44660193,0.8341463
2018-1-10T13-49-15,1515588555396,0.82439023,-0.07317073,0.46601942,0.82439023
2018-1-10T13-49-15,1515588555397,0.82439023,-0.034146342,0.4368932,0.82439023
2018-1-10T13-49-15,1515588555398,0.84390247,-0.024390243,0.4368932,0.84390247
2018-1-10T13-49-15,1515588555399,0.8341463,-0.004878049,0.4563107,0.8341463
2018-1-10T13-49-15,1515588555400,0.85365856,-0.004878049,0.46601942,0.85365856
2018-1-10T13-49-15,1515588555401,0.86341465,-0.043902438,0.46601942,0.86341465
2018-1-10T13-49-15,1515588555402,0.86341465,-0.004878049,0.46601942,0.86341465
2018-1-10T13-49-15,1515588555403,0.86341465,-0.014634146,0.4563107,0.86341465
2018-1-10T13-49-15,1515588555404,0.85365856,-0.034146342,0.46601942,0.85365856
2018-1-10T13-49-15,1515588555405,0.84390247,-0.043902438,0.42718446,0.84390247
2018-1-10T13-49-15,1515588555406,0.8341463,-0.053658538,0.44660193,0.8341463
2018-1-10T13-49-15,1515588555407,0.8341463,-0.043902438,0.4563107,0.8341463
2018-1-10T13-49-15,1515588555408,0.84390247,-0.014634146,0.44660193,0.84390247
2018-1-10T13-49-15,1515588555409,0.87317073,-0.053658538,0.4368932,0.87317073
2018-1-10T13-49-15,1515588555410,0.84390247,-0.014634146,0.4368932,0.84390247
2018-1-10T13-49-15,1515588555411,0.85365856,-0.034146342,0.4368932,0.85365856
2018-1-10T13-49-15,1515588555412,0.85365856,-0.024390243,0.44660193,0.85365856
2018-1-10T13-49-15,1515588555413,0.8341463,-0.034146342,0.44660193,0.8341463
2018-1-10T13-49-15,1515588555414,0.8341463,-0.043902438,0.44660193,0.8341463
2018-1-10T13-49-15,1515588555415,0.87317073,-0.024390243,0.46601942,0.87317073
2018-1-10T13-49-15,1515588555416,0.8341463,-0.034146342,0.44660193,0.8341463
2018-1-10T13-49-15,1515588555417,0.86341465,-0.014634146,0.4368932,0.86341465
2018-1-10T13-49-15,1515588555418,0.84390247,-0.004878049,0.39805827,0.84390247
2018-1-10T13-49-15,1515588555419,0.84390247,-0.004878049,0.4368932,0.84390247
2018-1-10T13-49-15,1515588555420,0.85365856,-0.014634146,0.4368932,0.85365856
2018-1-10T13-49-15,1515588555421,0.80487806,-0.014634146,0.4563107,0.80487806
2018-1-10T13-49-15,1515588555422,0.84390247,-0.024390243,0.44660193,0.84390247
2018-1-10T13-49-15,1515588555423,0.8341463,-0.034146342,0.4563107,0.8341463
2018-1-10T13-49-15,1515588555424,0.85365856,-0.014634146,0.4368932,0.85365856
2018-1-10T13-49-15,1515588555425,0.85365856,-0.004878049,0.4368932,0.85365856
2018-1-10T13-49-15,1515588555426,0.85365856,-0.004878049,0.44660193,0.85365856
2018-1-10T13-49-15,1515588555427,0.8341463,-0.014634146,0.4563107,0.8341463
2018-1-10T13-49-15,1515588555428,0.8341463,-0.024390243,0.4563107,0.8341463
2018-1-10T13-49-15,1515588555429,0.8341463,-0.024390243,0.4368932,0.8341463
2018-1-10T13-49-15,1515588555430,0.84390247,-0.024390243,0.4563107,0.84390247
2018-1-10T13-49-15,1515588555431,0.8829268,-0.014634146,0.44660193,0.8829268
2018-1-10T13-49-15,1515588555432,0.85365856,-0.024390243,0.4368932,0.85365856
2018-1-10T13-49-15,1515588555433,0.85365856,-0.024390243,0.42718446,0.85365856
2018-1-10T13-49-15,1515588555434,0.86341465,-0.034146342,0.4563107,0.86341465
2018-1-10T13-49-15,1515588555435,0.82439023,-0.034146342,0.46601942,0.82439023
2018-1-10T13-49-15,1515588555436,0.82439023,-0.034146342,0.4563107,0.82439023
2018-1-10T13-49-15,1515588555437,0.8341463,-0.043902438,0.47572815,0.8341463
2018-1-10T13-49-15,1515588555438,0.8341463,-0.043902438,0.44660193,0.8341463
2018-1-10T13-49-15,1515588555439,0.82439023,-0.034146342,0.44660193,0.82439023
2018-1-10T13-49-15,1515588555440,0.8341463,0.043902438,0.4563107,0.8341463
2018-1-10T13-49-15,1515588555441,0.86341465,-0.024390243,0.44660193,0.86341465
2018-1-10T13-49-15,1515588555442,0.86341465,-0.004878049,0.4563107,0.86341465
2018-1-10T13-49-15,1515588555443,0.86341465,-0.004878049,0.4563107,0.86341465
2018-1-10T13-49-15,1515588555444,0.86341465,0.004878049,0.407767,0.86341465
2018-1-10T13-49-15,1515588555445,0.85365856,-0.004878049,0.44660193,0.85365856
2018-1-10T13-49-15,1515588555446,0.8341463,0.004878049,0.46601942,0.8341463
2018-1-10T13-49-15,1515588555447,0.87317073,-0.014634146,0.4368932,0.87317073
2018-1-10T13-49-15,1515588555448,0.85365856,-0.024390243,0.44660193,0.85365856
2018-1-10T13-49-15,1515588555449,0.82439023,-0.014634146,0.44660193,0.82439023
2018-1-10T13-49-15,1515588555450,0.81463414,-0.014634146,0.42718446,0.81463414
2018-1-10T13-49-15,1515588555451,0.82439023,-0.014634146,0.42718446,0.82439023
2018-1-10T13-49-15,1515588555452,0.82439023,-0.014634146,0.39805827,0.82439023
2018-1-10T13-49-15,1515588555453,0.91219515,-0.024390243,0.4368932,0.91219515
2018-1-10T13-49-15,1515588555454,0.86341465,-0.004878049,0.4368932,0.86341465
2018-1-10T13-49-15,1515588555455,0.8341463,-0.024390243,0.4563107,0.8341463
2018-1-10T13-49-15,1515588555456,0.85365856,0.034146342,0.46601942,0.85365856
2018-1-10T13-49-15,1515588555457,0.87317073,-0.004878049,0.47572815,0.87317073
2018-1-10T13-49-15,1515588555458,0.87317073,-0.004878049,0.44660193,0.87317073
2018-1-10T13-49-15,1515588555459,0.86341465,-0.024390243,0.4368932,0.86341465
2018-1-10T13-49-15,1515588555460,0.8341463,-0.034146342,0.4368932,0.8341463
2018-1-10T13-49-15,1515588555461,0.84390247,-0.034146342,0.4368932,0.84390247
2018-1-10T13-49-15,1515588555462,0.84390247,-0.053658538,0.4368932,0.84390247
2018-1-10T13-49-15,1515588555463,0.81463414,-0.053658538,0.4368932,0.81463414
2018-1-10T13-49-15,1515588555464,0.82439023,-0.004878049,0.4368932,0.82439023
2018-1-10T13-49-15,1515588555465,0.84390247,-0.11219512,0.4563107,0.84390247
2018-1-10T13-49-15,1515588555466,0.81463414,0.004878049,0.4563107,0.81463414
2018-1-10T13-49-15,1515588555467,0.81463414,-0.024390243,0.4368932,0.81463414
2018-1-10T13-49-15,1515588555468,0.85365856,-0.014634146,0.4368932,0.85365856
2018-1-10T13-49-15,1515588555469,0.85365856,-0.004878049,0.44660193,0.85365856
2018-1-10T13-49-15,1515588555470,0.85365856,0.004878049,0.4563107,0.85365856
2018-1-10T13-49-15,1515588555471,0.85365856,-0.004878049,0.4563107,0.85365856
2018-1-10T13-49-15,1515588555472,0.84390247,-0.07317073,0.44660193,0.84390247
2018-1-10T13-49-15,1515588555473,0.84390247,-0.014634146,0.42718446,0.84390247
2018-1-10T13-49-15,1515588555474,0.84390247,-0.004878049,0.41747573,0.84390247
2018-1-10T13-49-15,1515588555475,0.8341463,-0.014634146,0.4368932,0.8341463
2018-1-10T13-49-15,1515588555476,0.81463414,0.004878049,0.44660193,0.81463414
2018-1-10T13-49-15,1515588555477,0.85365856,-0.004878049,0.44660193,0.85365856
2018-1-10T13-49-15,1515588555478,0.84390247,-0.004878049,0.44660193,0.84390247
2018-1-10T13-49-15,1515588555479,0.85365856,0.004878049,0.41747573,0.85365856
2018-1-10T13-49-15,1515588555480,0.85365856,0.043902438,0.4368932,0.85365856
2018-1-10T13-49-15,1515588555481,0.86341465,0.014634146,0.46601942,0.86341465
2018-1-10T13-49-15,1515588555482,0.80487806,-0.004878049,0.46601942,0.80487806
2018-1-10T13-49-15,1515588555483,0.85365856,-0.014634146,0.4368932,0.85365856
2018-1-10T13-49-15,1515588555484,0.84390247,-0.024390243,0.4368932,0.84390247
2018-1-10T13-49-15,1515588555485,0.84390247,-0.024390243,0.44660193,0.84390247
2018-1-10T13-49-15,1515588555486,0.82439023,-0.024390243,0.44660193,0.82439023
2018-1-10T13-49-15,1515588555487,0.82439023,-0.043902438,0.4368932,0.82439023
2018-1-10T13-49-15,1515588555488,0.81463414,-0.053658538,0.41747573,0.81463414
2018-1-10T13-49-15,1515588555489,0.81463414,-0.053658538,0.42718446,0.81463414
2018-1-10T13-49-15,1515588555490,0.82439023,-0.053658538,0.5145631,0.82439023
2018-1-10T13-49-15,1515588555491,0.77560973,-0.043902438,0.4563107,0.77560973
2018-1-10T13-49-15,1515588555492,0.84390247,-0.034146342,0.44660193,0.84390247
2018-1-10T13-49-15,1515588555493,0.85365856,-0.014634146,0.46601942,0.85365856
2018-1-10T13-49-15,1515588555494,0.87317073,-0.004878049,0.5048544,0.87317073
2018-1-10T13-49-15,1515588555495,0.87317073,0.004878049,0.47572815,0.87317073
2018-1-10T13-49-15,1515588555496,0.87317073,-0.004878049,0.4368932,0.87317073
2018-1-10T13-49-15,1515588555497,0.85365856,-0.024390243,0.44660193,0.85365856
2018-1-10T13-49-15,1515588555498,0.84390247,-0.024390243,0.44660193,0.84390247
2018-1-10T13-49-15,1515588555499,0.8341463,-0.034146342,0.44660193,0.8341463
2018-1-10T13-49-15,1515588555500,0.8341463,-0.034146342,0.39805827,0.8341463
2018-1-10T13-49-15,1515588555501,0.84390247,-0.024390243,0.44660193,0.84390247
2018-1-10T13-49-15,1515588555502,0.79512197,-0.014634146,0.44660193,0.79512197
2018-1-10T13-49-15,1515588555503,0.84390247,-0.004878049,0.4563107,0.84390247
2018-1-10T13-49-15,1515588555504,0.7853659,-0.014634146,0.4563107,0.7853659
2018-1-10T13-49-15,1515588555505,0.84390247,-0.004878049,0.5339806,0.84390247
2018-1-10T13-49-15,1515588555506,0.85365856,0.014634146,0.44660193,0.85365856
2018-1-10T13-49-15,1515588555507,0.86341465,-0.014634146,0.4563107,0.86341465
2018-1-10T13-49-15,1515588555508,0.84390247,-0.043902438,0.44660193,0.84390247
2018-1-10T13-49-15,1515588555509,0.91219515,-0.024390243,0.42718446,0.91219515
2018-1-10T13-49-15,1515588555510,0.85365856,-0.034146342,0.44660193,0.85365856
2018-1-10T13-49-15,1515588555511,0.85365856,-0.043902438,0.42718446,0.85365856
2018-1-10T13-49-15,1515588555512,0.84390247,-0.034146342,0.49514562,0.84390247
2018-1-10T13-49-15,1515588555513,0.84390247,-0.024390243,0.44660193,0.84390247
2018-1-10T13-49-15,1515588555514,0.85365856,-0.024390243,0.42718446,0.85365856
2018-1-10T13-49-15,1515588555515,0.85365856,-0.004878049,0.44660193,0.85365856
2018-1-10T13-49-15,1515588555516,0.87317073,-0.024390243,0.4368932,0.87317073
2018-1-10T13-49-15,1515588555517,0.84390247,-0.024390243,0.5048544,0.84390247
2018-1-10T13-49-15,1515588555518,0.80487806,-0.024390243,0.44660193,0.80487806
2018-1-10T13-49-15,1515588555519,0.84390247,-0.024390243,0.44660193,0.84390247
2018-1-10T13-49-15,1515588555520,0.84390247,-0.034146342,0.44660193,0.84390247
2018-1-10T13-49-15,1515588555521,0.84390247,-0.043902438,0.42718446,0.84390247
2018-1-10T13-49-15,1515588555522,0.8341463,-0.034146342,0.4563107,0.8341463
2018-1-10T13-49-15,1515588555523,0.85365856,-0.034146342,0.44660193,0.85365856
2018-1-10T13-49-15,1515588555524,0.84390247,-0.024390243,0.4563107,0.84390247
2018-1-10T13-49-15,1515588555525,0.84390247,-0.024390243,0.4368932,0.84390247
2018-1-10T13-49-15,1515588555526,0.85365856,-0.06341463,0.4563107,0.85365856
2018-1-10T13-49-15,1515588555527,0.86341465,-0.014634146,0.47572815,0.86341465
2018-1-10T13-49-15,1515588555528,0.87317073,-0.034146342,0.42718446,0.87317073
2018-1-10T13-49-15,1515588555529,0.86341465,0.053658538,0.4368932,0.86341465
2018-1-10T13-49-15,1515588555530,0.84390247,-0.024390243,0.44660193,0.84390247
2018-1-10T13-49-15,1515588555531,0.85365856,-0.034146342,0.44660193,0.85365856
2018-1-10T13-49-15,1515588555532,0.84390247,-0.034146342,0.44660193,0.84390247
2018-1-10T13-49-15,1515588555533,0.92195123,-0.09268293,0.4368932,0.92195123
2018-1-10T13-49-15,1515588555534,0.86341465,-0.004878049,0.4368932,0.86341465
2018-1-10T13-49-15,1515588555535,0.84390247,-0.014634146,0.44660193,0.84390247
2018-1-10T13-49-15,1515588555536,0.86341465,-0.024390243,0.44660193,0.86341465
2018-1-10T13-49-15,1515588555537,0.85365856,-0.014634146,0.4368932,0.85365856
2018-1-10T13-49-15,1515588555538,0.86341465,-0.014634146,0.44660193,0.86341465
2018-1-10T13-49-15,1515588555539,0.86341465,-0.024390243,0.44660193,0.86341465
2018-1-10T13-49-15,1515588555540,0.84390247,-0.014634146,0.4563107,0.84390247
2018-1-10T13-49-15,1515588555541,0.80487806,-0.014634146,0.39805827,0.80487806
2018-1-10T13-49-15,1515588555542,0.8341463,-0.014634146,0.42718446,0.8341463
2018-1-10T13-49-15,1515588555543,0.8341463,-0.014634146,0.42718446,0.8341463
2018-1-10T13-49-15,1515588555544,0.84390247,-0.024390243,0.4368932,0.84390247
2018-1-10T13-49-15,1515588555545,0.82439023,-0.024390243,0.4563107,0.82439023
2018-1-10T13-49-15,1515588555546,0.8341463,-0.043902438,0.44660193,0.8341463
2018-1-10T13-49-15,1515588555547,0.8341463,-0.06341463,0.44660193,0.8341463
2018-1-10T13-49-15,1515588555548,0.84390247,0.004878049,0.4368932,0.84390247
2018-1-10T13-49-15,1515588555549,0.85365856,-0.014634146,0.44660193,0.85365856
2018-1-10T13-49-15,1515588555550,0.85365856,-0.004878049,0.47572815,0.85365856
2018-1-10T13-49-15,1515588555551,0.80487806,-0.024390243,0.4368932,0.80487806
2018-1-10T13-49-15,1515588555552,0.8341463,-0.024390243,0.44660193,0.8341463
2018-1-10T13-49-15,1515588555553,0.8341463,-0.034146342,0.44660193,0.8341463
2018-1-10T13-49-15,1515588555554,0.84390247,-0.034146342,0.4563107,0.84390247
2018-1-10T13-49-15,1515588555555,0.82439023,-0.043902438,0.44660193,0.82439023
2018-1-10T13-49-15,1515588555556,0.82439023,-0.043902438,0.4563107,0.82439023
2018-1-10T13-49-15,1515588555557,0.84390247,0.014634146,0.4368932,0.84390247
2018-1-10T13-49-15,1515588555558,0.84390247,-0.06341463,0.5145631,0.84390247
2018-1-10T13-49-15,1515588555559,0.87317073,-0.053658538,0.4563107,0.87317073
2018-1-10T13-49-15,1515588555560,0.84390247,-0.034146342,0.47572815,0.84390247
2018-1-10T13-49-15,1515588555561,0.8829268,-0.024390243,0.46601942,0.8829268
2018-1-10T13-49-15,1515588555562,0.8829268,-0.014634146,0.46601942,0.8829268
2018-1-10T13-49-15,1515588555563,0.86341465,-0.004878049,0.46601942,0.86341465
2018-1-10T13-49-15,1515588555564,0.87317073,0.37560976,0.44660193,0.87317073
2018-1-10T13-49-15,1515588555565,0.8829268,-0.004878049,0.44660193,0.8829268
2018-1-10T13-49-15,1515588555566,0.84390247,-0.014634146,0.4368932,0.84390247
2018-1-10T13-49-15,1515588555567,0.8341463,-0.024390243,0.4368932,0.8341463
2018-1-10T13-49-15,1515588555568,0.81463414,-0.08292683,0.4368932,0.81463414
2018-1-10T13-49-15,1515588555569,0.81463414,-0.043902438,0.4368932,0.81463414
2018-1-10T13-49-15,1515588555570,0.81463414,-0.034146342,0.44660193,0.81463414
2018-1-10T13-49-15,1515588555571,0.82439023,-0.024390243,0.4368932,0.82439023
2018-1-10T13-49-15,1515588555572,0.84390247,-0.014634146,0.4368932,0.84390247
2018-1-10T13-49-15,1515588555573,0.84390247,-0.004878049,0.42718446,0.84390247
2018-1-10T13-49-15,1515588555574,0.8341463,0.004878049,0.4368932,0.8341463
2018-1-10T13-49-15,1515588555575,0.85365856,0.004878049,0.44660193,0.85365856
2018-1-10T13-49-15,1515588555576,0.8829268,-0.004878049,0.44660193,0.8829268
2018-1-10T13-49-15,1515588555577,0.85365856,-0.004878049,0.4563107,0.85365856
2018-1-10T13-49-15,1515588555578,0.87317073,-0.034146342,0.44660193,0.87317073
2018-1-10T13-49-15,1515588555579,0.86341465,-0.024390243,0.46601942,0.86341465
2018-1-10T13-49-15,1515588555580,0.81463414,-0.024390243,0.46601942,0.81463414
2018-1-10T13-49-15,1515588555581,0.84390247,-0.043902438,0.44660193,0.84390247
2018-1-10T13-49-15,1515588555582,0.86341465,-0.043902438,0.4563107,0.86341465
2018-1-10T13-49-15,1515588555583,0.86341465,-0.024390243,0.44660193,0.86341465
2018-1-10T13-49-15,1515588555584,0.85365856,-0.014634146,0.4368932,0.85365856
2018-1-10T13-49-15,1515588555585,0.87317073,-0.014634146,0.44660193,0.87317073
2018-1-10T13-49-15,1515588555586,0.79512197,-0.024390243,0.46601942,0.79512197
2018-1-10T13-49-15,1515588555587,0.84390247,-0.014634146,0.4563107,0.84390247
2018-1-10T13-49-15,1515588555588,0.85365856,-0.024390243,0.4563107,0.85365856
2018-1-10T13-49-15,1515588555589,0.84390247,0.004878049,0.4368932,0.84390247
2018-1-10T13-49-15,1515588555590,0.84390247,-0.024390243,0.407767,0.84390247
2018-1-10T13-49-15,1515588555591,0.8341463,-0.014634146,0.42718446,0.8341463
2018-1-10T13-49-15,1515588555592,0.8341463,-0.034146342,0.4368932,0.8341463
2018-1-10T13-49-15,1515588555593,0.81463414,-0.034146342,0.42718446,0.81463414
2018-1-10T13-49-15,1515588555594,0.82439023,-0.043902438,0.42718446,0.82439023
2018-1-10T13-49-15,1515588555595,0.85365856,-0.034146342,0.44660193,0.85365856
2018-1-10T13-49-15,1515588555596,0.85365856,-0.014634146,0.44660193,0.85365856
2018-1-10T13-49-15,1515588555597,0.82439023,-0.014634146,0.42718446,0.82439023
2018-1-10T13-49-15,1515588555598,0.86341465,0.014634146,0.44660193,0.86341465
2018-1-10T13-49-15,1515588555599,0.86341465,0.07317073,0.44660193,0.86341465
2018-1-10T13-49-15,1515588555600,0.85365856,-0.004878049,0.44660193,0.85365856
2018-1-10T13-49-15,1515588555601,0.84390247,0.07317073,0.44660193,0.84390247
2018-1-10T13-49-15,1515588555602,0.8926829,-0.034146342,0.44660193,0.8926829
2018-1-10T13-49-15,1515588555603,0.7853659,-0.043902438,0.4368932,0.7853659
2018-1-10T13-49-15,1515588555604,0.84390247,-0.024390243,0.4368932,0.84390247
2018-1-10T13-49-15,1515588555605,0.8829268,-0.014634146,0.4368932,0.8829268
2018-1-10T13-49-15,1515588555606,0.8341463,-0.024390243,0.3883495,0.8341463
2018-1-10T13-49-15,1515588555607,0.84390247,-0.024390243,0.44660193,0.84390247
2018-1-10T13-49-15,1515588555608,0.84390247,-0.024390243,0.44660193,0.84390247
2018-1-10T13-49-15,1515588555609,0.86341465,-0.043902438,0.4368932,0.86341465
2018-1-10T13-49-15,1515588555610,0.87317073,-0.004878049,0.44660193,0.87317073
2018-1-10T13-49-15,1515588555611,0.85365856,-0.014634146,0.4563107,0.85365856
2018-1-10T13-49-15,1515588555612,0.85365856,0.004878049,0.44660193,0.85365856
2018-1-10T13-49-15,1515588555613,0.85365856,-0.11219512,0.4368932,0.85365856
2018-1-10T13-49-15,1515588555614,0.85365856,-0.024390243,0.4368932,0.85365856
2018-1-10T13-49-15,1515588555615,0.84390247,-0.024390243,0.44660193,0.84390247
2018-1-10T13-49-15,1515588555616,0.8341463,-0.034146342,0.44660193,0.8341463
2018-1-10T13-49-15,1515588555617,0.84390247,-0.034146342,0.4368932,0.84390247
2018-1-10T13-49-15,1515588555618,0.84390247,-0.034146342,0.41747573,0.84390247
2018-1-10T13-49-15,1515588555619,0.85365856,-0.004878049,0.44660193,0.85365856
2018-1-10T13-49-15,1515588555620,0.86341465,-0.034146342,0.36893204,0.86341465
2018-1-10T13-49-15,1515588555621,0.82439023,-0.014634146,0.44660193,0.82439023
2018-1-10T13-49-15,1515588555622,0.84390247,-0.024390243,0.4563107,0.84390247
2018-1-10T13-49-15,1515588555623,0.86341465,-0.014634146,0.4854369,0.86341465
2018-1-10T13-49-15,1515588555624,0.85365856,-0.014634146,0.4368932,0.85365856
2018-1-10T13-49-15,1515588555625,0.85365856,-0.043902438,0.4368932,0.85365856
2018-1-10T13-49-15,1515588555626,0.84390247,-0.014634146,0.44660193,0.84390247
2018-1-10T13-49-15,1515588555627,0.84390247,-0.024390243,0.4368932,0.84390247
2018-1-10T13-49-15,1515588555628,0.82439023,-0.043902438,0.4368932,0.82439023
2018-1-10T13-49-15,1515588555629,0.84390247,-0.043902438,0.44660193,0.84390247
2018-1-10T13-49-15,1515588555630,0.8341463,-0.034146342,0.4563107,0.8341463
2018-1-10T13-49-15,1515588555631,0.8341463,-0.06341463,0.49514562,0.8341463
2018-1-10T13-49-15,1515588555632,0.84390247,-0.014634146,0.4563107,0.84390247
2018-1-10T13-49-15,1515588555633,0.84390247,-0.024390243,0.44660193,0.84390247
2018-1-10T13-49-15,1515588555634,0.8341463,-0.014634146,0.44660193,0.8341463
2018-1-10T13-49-15,1515588555635,0.84390247,-0.043902438,0.4368932,0.84390247
2018-1-10T13-49-15,1515588555636,0.84390247,-0.024390243,0.4563107,0.84390247
2018-1-10T13-49-15,1515588555637,0.84390247,-0.034146342,0.4563107,0.84390247
2018-1-10T13-49-15,1515588555638,0.85365856,-0.024390243,0.4368932,0.85365856
2018-1-10T13-49-15,1515588555639,0.85365856,-0.014634146,0.44660193,0.85365856
2018-1-10T13-49-15,1515588555640,0.84390247,-0.014634146,0.4563107,0.84390247
2018-1-10T13-49-15,1515588555641,0.85365856,-0.014634146,0.46601942,0.85365856
2018-1-10T13-49-15,1515588555642,0.85365856,-0.024390243,0.4368932,0.85365856
2018-1-10T13-49-15,1515588555643,0.85365856,-0.024390243,0.44660193,0.85365856
2018-1-10T13-49-15,1515588555644,0.84390247,-0.024390243,0.44660193,0.84390247
2018-1-10T13-49-15,1515588555645,0.8341463,-0.034146342,0.4368932,0.8341463
2018-1-10T13-49-15,1515588555646,0.82439023,-0.043902438,0.407767,0.82439023
2018-1-10T13-49-15,1515588555647,0.82439023,-0.034146342,0.4368932,0.82439023
2018-1-10T13-49-15,1515588555648,0.84390247,-0.034146342,0.44660193,0.84390247
2018-1-10T13-49-15,1515588555649,0.84390247,-0.06341463,0.44660193,0.84390247
2018-1-10T13-49-15,1515588555650,0.84390247,-0.004878049,0.4368932,0.84390247
2018-1-10T13-49-15,1515588555651,0.84390247,0.004878049,0.4368932,0.84390247
2018-1-10T13-49-15,1515588555652,0.85365856,-0.014634146,0.44660193,0.85365856
2018-1-10T13-49-15,1515588555653,0.85365856,-0.004878049,0.4368932,0.85365856
2018-1-10T13-49-15,1515588555654,0.85365856,-0.014634146,0.44660193,0.85365856
2018-1-10T13-49-15,1515588555655,0.79512197,-0.034146342,0.4563107,0.79512197
2018-1-10T13-49-15,1515588555656,0.85365856,-0.024390243,0.4563107,0.85365856
2018-1-10T13-49-15,1515588555657,0.84390247,-0.034146342,0.4368932,0.84390247
2018-1-10T13-49-15,1515588555658,0.84390247,-0.024390243,0.4563107,0.84390247
2018-1-10T13-49-15,1515588555659,0.86341465,-0.024390243,0.44660193,0.86341465
2018-1-10T13-49-15,1515588555660,0.84390247,-0.024390243,0.4563107,0.84390247
2018-1-10T13-49-15,1515588555661,0.84390247,-0.014634146,0.4368932,0.84390247
2018-1-10T13-49-15,1515588555662,0.76585364,-0.034146342,0.42718446,0.76585364
2018-1-10T13-49-15,1515588555663,0.84390247,-0.024390243,0.44660193,0.84390247
2018-1-10T13-49-15,1515588555664,0.86341465,-0.024390243,0.47572815,0.86341465
2018-1-10T13-49-15,1515588555665,0.86341465,-0.053658538,0.44660193,0.86341465
2018-1-10T13-49-15,1515588555666,0.85365856,-0.004878049,0.41747573,0.85365856
2018-1-10T13-49-15,1515588555667,0.85365856,-0.004878049,0.407767,0.85365856
2018-1-10T13-49-15,1515588555668,0.84390247,-0.034146342,0.47572815,0.84390247
2018-1-10T13-49-15,1515588555669,0.81463414,-0.034146342,0.4563107,0.81463414
2018-1-10T13-49-15,1515588555670,0.8341463,-0.043902438,0.46601942,0.8341463
2018-1-10T13-49-15,1515588555671,0.8341463,-0.024390243,0.42718446,0.8341463
2018-1-10T13-49-15,1515588555672,0.84390247,-0.034146342,0.4368932,0.84390247
2018-1-10T13-49-15,1515588555673,0.82439023,-0.034146342,0.4368932,0.82439023
2018-1-10T13-49-15,1515588555674,0.8341463,-0.024390243,0.44660193,0.8341463
2018-1-10T13-49-15,1515588555675,0.84390247,-0.024390243,0.4563107,0.84390247
2018-1-10T13-49-15,1515588555676,0.85365856,-0.014634146,0.44660193,0.85365856
2018-1-10T13-49-15,1515588555677,0.85365856,0.004878049,0.44660193,0.85365856
2018-1-10T13-49-15,1515588555678,0.85365856,0.004878049,0.44660193,0.85365856
2018-1-10T13-49-15,1515588555679,0.86341465,-0.014634146,0.4368932,0.86341465
2018-1-10T13-49-15,1515588555680,0.85365856,-0.014634146,0.39805827,0.85365856
2018-1-10T13-49-15,1515588555681,0.84390247,-0.024390243,0.4368932,0.84390247
2018-1-10T13-49-15,1515588555682,0.8341463,-0.043902438,0.42718446,0.8341463
2018-1-10T13-49-15,1515588555683,0.82439023,0.034146342,0.4368932,0.82439023
2018-1-10T13-49-15,1515588555684,0.80487806,-0.043902438,0.46601942,0.80487806
2018-1-10T13-49-15,1515588555685,0.82439023,-0.024390243,0.47572815,0.82439023
2018-1-10T13-49-15,1515588555686,0.84390247,-0.014634146,0.42718446,0.84390247
2018-1-10T13-49-15,1515588555687,0.86341465,-0.004878049,0.47572815,0.86341465
2018-1-10T13-49-15,1515588555688,0.82439023,-0.014634146,0.46601942,0.82439023
2018-1-10T13-49-15,1515588555689,0.8829268,-0.014634146,0.47572815,0.8829268
2018-1-10T13-49-15,1515588555690,0.85365856,-0.024390243,0.47572815,0.85365856
2018-1-10T13-49-15,1515588555691,0.902439,-0.004878049,0.4368932,0.902439
2018-1-10T13-49-15,1515588555692,0.85365856,-0.024390243,0.4563107,0.85365856
2018-1-10T13-49-15,1515588555693,0.8341463,-0.024390243,0.44660193,0.8341463
2018-1-10T13-49-15,1515588555694,0.8829268,-0.024390243,0.42718446,0.8829268
2018-1-10T13-49-15,1515588555695,0.8341463,-0.043902438,0.41747573,0.8341463
2018-1-10T13-49-15,1515588555696,0.81463414,-0.043902438,0.41747573,0.81463414
2018-1-10T13-49-15,1515588555697,0.81463414,-0.024390243,0.4563107,0.81463414
2018-1-10T13-49-15,1515588555698,0.84390247,-0.034146342,0.4563107,0.84390247
2018-1-10T13-49-15,1515588555699,0.84390247,-0.024390243,0.44660193,0.84390247
2018-1-10T13-49-15,1515588555700,0.902439,0.004878049,0.4563107,0.902439
2018-1-10T13-49-15,1515588555701,0.85365856,0.004878049,0.4563107,0.85365856
2018-1-10T13-49-15,1515588555702,0.87317073,0.004878049,0.4368932,0.87317073
2018-1-10T13-49-15,1515588555703,0.86341465,-0.004878049,0.44660193,0.86341465
2018-1-10T13-49-15,1515588555704,0.8341463,-0.004878049,0.46601942,0.8341463
2018-1-10T13-49-15,1515588555705,0.84390247,-0.034146342,0.44660193,0.84390247
2018-1-10T13-49-15,1515588555706,0.8341463,-0.034146342,0.42718446,0.8341463
2018-1-10T13-49-15,1515588555707,0.8341463,-0.014634146,0.4368932,0.8341463
2018-1-10T13-49-15,1515588555708,0.8341463,-0.024390243,0.4368932,0.8341463
2018-1-10T13-49-15,1515588555709,0.8341463,-0.024390243,0.4368932,0.8341463
2018-1-10T13-49-15,1515588555710,0.8341463,-0.024390243,0.44660193,0.8341463
2018-1-10T13-49-15,1515588555711,0.91219515,-0.004878049,0.4563107,0.91219515
2018-1-10T13-49-15,1515588555712,0.8829268,-0.004878049,0.44660193,0.8829268
2018-1-10T13-49-15,1515588555713,0.92195123,-0.014634146,0.4563107,0.92195123
2018-1-10T13-49-15,1515588555714,0.86341465,-0.014634146,0.39805827,0.86341465
2018-1-10T13-49-15,1515588555715,0.85365856,-0.004878049,0.4368932,0.85365856
2018-1-10T13-49-15,1515588555716,0.8341463,-0.024390243,0.4368932,0.8341463
2018-1-10T13-49-15,1515588555717,0.8341463,-0.024390243,0.42718446,0.8341463
2018-1-10T13-49-15,1515588555718,0.82439023,-0.024390243,0.4368932,0.82439023
2018-1-10T13-49-15,1515588555719,0.84390247,-0.024390243,0.44660193,0.84390247
2018-1-10T13-49-15,1515588555720,0.85365856,-0.024390243,0.4368932,0.85365856
2018-1-10T13-49-15,1515588555721,0.80487806,-0.024390243,0.42718446,0.80487806
2018-1-10T13-49-15,1515588555722,0.77560973,-0.034146342,0.44660193,0.77560973
2018-1-10T13-49-15,1515588555723,0.84390247,-0.024390243,0.4563107,0.84390247
2018-1-10T13-49-15,1515588555724,0.84390247,-0.034146342,0.46601942,0.84390247
2018-1-10T13-49-15,1515588555725,0.84390247,-0.034146342,0.4563107,0.84390247
2018-1-10T13-49-15,1515588555726,0.85365856,-0.024390243,0.4563107,0.85365856
2018-1-10T13-49-15,1515588555727,0.84390247,-0.034146342,0.4563107,0.84390247
2018-1-10T13-49-15,1515588555728,0.86341465,-0.014634146,0.44660193,0.86341465
2018-1-10T13-49-15,1515588555729,0.84390247,-0.034146342,0.44660193,0.84390247
2018-1-10T13-49-15,1515588555730,0.85365856,-0.034146342,0.46601942,0.85365856
2018-1-10T13-49-15,1515588555731,0.82439023,-0.034146342,0.4563107,0.82439023
2018-1-10T13-49-15,1515588555732,0.84390247,-0.034146342,0.407767,0.84390247
2018-1-10T13-49-15,1515588555733,0.86341465,-0.014634146,0.42718446,0.86341465
2018-1-10T13-49-15,1515588555734,0.9414634,-0.014634146,0.44660193,0.9414634
2018-1-10T13-49-15,1515588555735,0.85365856,0.014634146,0.4563107,0.85365856
2018-1-10T13-49-15,1515588555736,0.86341465,-0.014634146,0.4563107,0.86341465
2018-1-10T13-49-15,1515588555737,0.84390247,-0.004878049,0.44660193,0.84390247
2018-1-10T13-49-15,1515588555738,0.84390247,-0.024390243,0.4368932,0.84390247
2018-1-10T13-49-15,1515588555739,0.84390247,-0.004878049,0.4368932,0.84390247
2018-1-10T13-49-15,1515588555740,0.8341463,-0.004878049,0.4368932,0.8341463
2018-1-10T13-49-15,1515588555741,0.8926829,0.004878049,0.4368932,0.8926829
2018-1-10T13-49-15,1515588555742,0.8341463,-0.024390243,0.4368932,0.8341463
2018-1-10T13-49-15,1515588555743,0.84390247,-0.014634146,0.41747573,0.84390247
2018-1-10T13-49-15,1515588555744,0.82439023,-0.014634146,0.46601942,0.82439023
2018-1-10T13-49-15,1515588555745,0.902439,0.014634146,0.44660193,0.902439
2018-1-10T13-49-15,1515588555746,0.84390247,-0.014634146,0.46601942,0.84390247
2018-1-10T13-49-15,1515588555747,0.81463414,-0.024390243,0.4368932,0.81463414
2018-1-10T13-49-15,1515588555748,0.82439023,-0.024390243,0.42718446,0.82439023
2018-1-10T13-49-15,1515588555749,0.84390247,-0.014634146,0.4368932,0.84390247
2018-1-10T13-49-15,1515588555750,0.7853659,-0.043902438,0.407767,0.7853659
2018-1-10T13-49-15,1515588555751,0.8341463,-0.15121952,0.4563107,0.8341463
2018-1-10T13-49-15,1515588555752,0.8341463,-0.053658538,0.44660193,0.8341463
2018-1-10T13-49-15,1515588555753,0.8341463,-0.034146342,0.49514562,0.8341463
2018-1-10T13-49-15,1515588555754,0.86341465,0.014634146,0.44660193,0.86341465
2018-1-10T13-49-15,1515588555755,0.86341465,-0.06341463,0.4368932,0.86341465
2018-1-10T13-49-15,1515588555756,0.86341465,-0.004878049,0.44660193,0.86341465
2018-1-10T13-49-15,1515588555757,0.86341465,-0.004878049,0.4368932,0.86341465
2018-1-10T13-49-15,1515588555758,0.87317073,-0.053658538,0.4368932,0.87317073
2018-1-10T13-49-15,1515588555759,0.82439023,-0.034146342,0.4563107,0.82439023
2018-1-10T13-49-15,1515588555760,0.92195123,-0.034146342,0.4563107,0.92195123
2018-1-10T13-49-15,1515588555761,0.8341463,-0.053658538,0.4368932,0.8341463
2018-1-10T13-49-15,1515588555762,0.82439023,-0.043902438,0.44660193,0.82439023
2018-1-10T13-49-15,1515588555763,0.8341463,-0.034146342,0.4368932,0.8341463
2018-1-10T13-49-15,1515588555764,0.8341463,-0.034146342,0.5048544,0.8341463
2018-1-10T13-49-15,1515588555765,0.8341463,-0.034146342,0.4368932,0.8341463
2018-1-10T13-49-15,1515588555766,0.85365856,-0.014634146,0.44660193,0.85365856
2018-1-10T13-49-15,1515588555767,0.8341463,-0.024390243,0.4563107,0.8341463
2018-1-10T13-49-15,1515588555768,0.85365856,-0.014634146,0.44660193,0.85365856
2018-1-10T13-49-15,1515588555769,0.85365856,-0.024390243,0.37864077,0.85365856
2018-1-10T13-49-15,1515588555770,0.8829268,-0.004878049,0.44660193,0.8829268
2018-1-10T13-49-15,1515588555771,0.85365856,-0.004878049,0.4368932,0.85365856
2018-1-10T13-49-15,1515588555772,0.84390247,-0.024390243,0.44660193,0.84390247
2018-1-10T13-49-15,1515588555773,0.84390247,-0.034146342,0.44660193,0.84390247
2018-1-10T13-49-15,1515588555774,0.81463414,-0.024390243,0.4368932,0.81463414
2018-1-10T13-49-15,1515588555775,0.8341463,-0.034146342,0.4368932,0.8341463
2018-1-10T13-49-15,1515588555776,0.84390247,-0.034146342,0.41747573,0.84390247
2018-1-10T13-49-15,1515588555777,0.81463414,-0.034146342,0.4368932,0.81463414
2018-1-10T13-49-15,1515588555778,0.86341465,-0.034146342,0.4368932,0.86341465
2018-1-10T13-49-15,1515588555779,0.84390247,-0.014634146,0.44660193,0.84390247
2018-1-10T13-49-15,1515588555780,0.85365856,-0.024390243,0.46601942,0.85365856
2018-1-10T13-49-15,1515588555781,0.86341465,-0.08292683,0.46601942,0.86341465
2018-1-10T13-49-15,1515588555782,0.85365856,-0.014634146,0.44660193,0.85365856
2018-1-10T13-49-15,1515588555783,0.81463414,-0.014634146,0.4563107,0.81463414
2018-1-10T13-49-15,1515588555784,0.8829268,-0.014634146,0.4368932,0.8829268
2018-1-10T13-49-15,1515588555785,0.85365856,-0.024390243,0.4368932,0.85365856
2018-1-10T13-49-15,1515588555786,0.8829268,-0.06341463,0.4368932,0.8829268
2018-1-10T13-49-15,1515588555787,0.84390247,-0.043902438,0.44660193,0.84390247
2018-1-10T13-49-15,1515588555788,0.84390247,-0.024390243,0.47572815,0.84390247
2018-1-10T13-49-15,1515588555789,0.86341465,-0.024390243,0.44660193,0.86341465
2018-1-10T13-49-15,1515588555790,0.85365856,-0.014634146,0.4563107,0.85365856
2018-1-10T13-49-15,1515588555791,0.86341465,0.014634146,0.46601942,0.86341465
2018-1-10T13-49-15,1515588555792,0.86341465,0.004878049,0.44660193,0.86341465
2018-1-10T13-49-15,1515588555793,0.86341465,-0.004878049,0.4563107,0.86341465
2018-1-10T13-49-15,1515588555794,0.85365856,0.004878049,0.3883495,0.85365856
2018-1-10T13-49-15,1515588555795,0.8341463,-0.024390243,0.4563107,0.8341463
2018-1-10T13-49-15,1515588555796,0.85365856,-0.024390243,0.44660193,0.85365856
2018-1-10T13-49-15,1515588555797,0.81463414,-0.043902438,0.42718446,0.81463414
2018-1-10T13-49-15,1515588555798,0.8341463,-0.043902438,0.41747573,0.8341463
2018-1-10T13-49-15,1515588555799,0.8341463,-0.09268293,0.4368932,0.8341463
2018-1-10T13-49-15,1515588555800,0.81463414,-0.034146342,0.42718446,0.81463414
2018-1-10T13-49-15,1515588555801,0.8341463,-0.043902438,0.4368932,0.8341463
2018-1-10T13-49-15,1515588555802,0.8341463,-0.014634146,0.4563107,0.8341463
2018-1-10T13-49-15,1515588555803,0.87317073,-0.014634146,0.46601942,0.87317073
2018-1-10T13-49-15,1515588555804,0.85365856,-0.024390243,0.407767,0.85365856
2018-1-10T13-49-15,1515588555805,0.86341465,-0.004878049,0.4563107,0.86341465
2018-1-10T13-49-15,1515588555806,0.86341465,-0.024390243,0.4563107,0.86341465
2018-1-10T13-49-15,1515588555807,0.85365856,-0.043902438,0.46601942,0.85365856
2018-1-10T13-49-15,1515588555808,0.84390247,-0.043902438,0.4563107,0.84390247
2018-1-10T13-49-15,1515588555809,0.84390247,0.014634146,0.46601942,0.84390247
2018-1-10T13-49-15,1515588555810,0.84390247,-0.034146342,0.46601942,0.84390247
2018-1-10T13-49-15,1515588555811,0.85365856,-0.014634146,0.4368932,0.85365856
2018-1-10T13-49-15,1515588555812,0.8341463,-0.014634146,0.39805827,0.8341463
2018-1-10T13-49-15,1515588555813,0.84390247,-0.014634146,0.4563107,0.84390247
2018-1-10T13-49-15,1515588555814,0.85365856,-0.004878049,0.46601942,0.85365856
2018-1-10T13-49-15,1515588555815,0.87317073,-0.004878049,0.41747573,0.87317073
2018-1-10T13-49-15,1515588555816,0.84390247,-0.004878049,0.44660193,0.84390247
2018-1-10T13-49-15,1515588555817,0.86341465,0.004878049,0.4368932,0.86341465
2018-1-10T13-49-15,1515588555818,0.82439023,-0.004878049,0.41747573,0.82439023
2018-1-10T13-49-15,1515588555819,0.8341463,-0.014634146,0.42718446,0.8341463
2018-1-10T13-49-15,1515588555820,0.82439023,-0.014634146,0.44660193,0.82439023
2018-1-10T13-49-15,1515588555821,0.8341463,-0.004878049,0.4368932,0.8341463
2018-1-10T13-49-15,1515588555822,0.84390247,-0.034146342,0.4368932,0.84390247
2018-1-10T13-49-15,1515588555823,0.82439023,-0.024390243,0.44660193,0.82439023
2018-1-10T13-49-15,1515588555824,0.85365856,-0.004878049,0.4368932,0.85365856
2018-1-10T13-49-15,1515588555825,0.86341465,-0.014634146,0.44660193,0.86341465
2018-1-10T13-49-15,1515588555826,0.85365856,-0.014634146,0.44660193,0.85365856
2018-1-10T13-49-15,1515588555827,0.84390247,-0.034146342,0.4563107,0.84390247
2018-1-10T13-49-15,1515588555828,0.84390247,-0.034146342,0.46601942,0.84390247
2018-1-10T13-49-15,1515588555829,0.86341465,-0.053658538,0.46601942,0.86341465
2018-1-10T13-49-15,1515588555830,0.86341465,-0.034146342,0.4368932,0.86341465
2018-1-10T13-49-15,1515588555831,0.85365856,-0.07317073,0.42718446,0.85365856
2018-1-10T13-49-15,1515588555832,0.8341463,-0.034146342,0.5145631,0.8341463
2018-1-10T13-49-15,1515588555833,0.82439023,-0.034146342,0.4563107,0.82439023
2018-1-10T13-49-15,1515588555834,0.84390247,-0.034146342,0.4368932,0.84390247
2018-1-10T13-49-15,1515588555835,0.85365856,-0.034146342,0.44660193,0.85365856
2018-1-10T13-49-15,1515588555836,0.8341463,-0.034146342,0.4563107,0.8341463
2018-1-10T13-49-15,1515588555837,0.84390247,-0.034146342,0.4563107,0.84390247
2018-1-10T13-49-15,1515588555838,0.84390247,-0.024390243,0.4563107,0.84390247
2018-1-10T13-49-15,1515588555839,0.86341465,-0.004878049,0.44660193,0.86341465
2018-1-10T13-49-15,1515588555840,0.85365856,-0.014634146,0.407767,0.85365856
2018-1-10T13-49-15,1515588555841,0.8341463,-0.014634146,0.4368932,0.8341463
2018-1-10T13-49-15,1515588555842,0.82439023,-0.004878049,0.42718446,0.82439023
2018-1-10T13-49-15,1515588555843,0.84390247,-0.014634146,0.42718446,0.84390247
2018-1-10T13-49-15,1515588555844,0.7853659,-0.014634146,0.4368932,0.7853659
2018-1-10T13-49-15,1515588555845,0.82439023,-0.06341463,0.407767,0.82439023
2018-1-10T13-49-15,1515588555846,0.8341463,-0.004878049,0.42718446,0.8341463
2018-1-10T13-49-15,1515588555847,0.8926829,-0.004878049,0.44660193,0.8926829
2018-1-10T13-49-15,1515588555848,0.84390247,-0.024390243,0.44660193,0.84390247
2018-1-10T13-49-15,1515588555849,0.85365856,-0.014634146,0.44660193,0.85365856
2018-1-10T13-49-15,1515588555850,0.8341463,-0.024390243,0.42718446,0.8341463
2018-1-10T13-49-15,1515588555851,0.86341465,-0.08292683,0.4368932,0.86341465
2018-1-10T13-49-15,1515588555852,0.84390247,-0.014634146,0.44660193,0.84390247
2018-1-10T13-49-15,1515588555853,0.84390247,-0.024390243,0.4563107,0.84390247
2018-1-10T13-49-15,1515588555854,0.84390247,-0.043902438,0.4368932,0.84390247
2018-1-10T13-49-15,1515588555855,0.84390247,-0.043902438,0.4368932,0.84390247
2018-1-10T13-49-15,1515588555856,0.84390247,-0.034146342,0.4563107,0.84390247
2018-1-10T13-49-15,1515588555857,0.84390247,-0.024390243,0.44660193,0.84390247
2018-1-10T13-49-15,1515588555858,0.85365856,-0.024390243,0.4563107,0.85365856
2018-1-10T13-49-15,1515588555859,0.85365856,-0.024390243,0.46601942,0.85365856
2018-1-10T13-49-15,1515588555860,0.85365856,-0.034146342,0.44660193,0.85365856
2018-1-10T13-49-15,1515588555861,0.85365856,-0.024390243,0.4368932,0.85365856
2018-1-10T13-49-15,1515588555862,0.85365856,-0.024390243,0.4563107,0.85365856
2018-1-10T13-49-15,1515588555863,0.79512197,-0.024390243,0.4563107,0.79512197
2018-1-10T13-49-15,1515588555864,0.82439023,-0.034146342,0.44660193,0.82439023
2018-1-10T13-49-15,1515588555865,0.85365856,-0.024390243,0.47572815,0.85365856
2018-1-10T13-49-15,1515588555866,0.85365856,-0.043902438,0.39805827,0.85365856
2018-1-10T13-49-15,1515588555867,0.8341463,-0.043902438,0.42718446,0.8341463
2018-1-10T13-49-15,1515588555868,0.84390247,-0.024390243,0.44660193,0.84390247
2018-1-10T13-49-15,1515588555869,0.8341463,-0.004878049,0.44660193,0.8341463
2018-1-10T13-49-15,1515588555870,0.84390247,-0.004878049,0.44660193,0.84390247
2018-1-10T13-49-15,1515588555871,0.85365856,-0.004878049,0.44660193,0.85365856
2018-1-10T13-49-15,1515588555872,0.86341465,0.004878049,0.4563107,0.86341465
2018-1-10T13-49-15,1515588555873,0.86341465,0.004878049,0.4368932,0.86341465
2018-1-10T13-49-15,1515588555874,0.85365856,-0.014634146,0.4563107,0.85365856
2018-1-10T13-49-15,1515588555875,0.86341465,-0.024390243,0.42718446,0.86341465
2018-1-10T13-49-15,1515588555876,0.82439023,-0.014634146,0.4368932,0.82439023
2018-1-10T13-49-15,1515588555877,0.8341463,-0.024390243,0.44660193,0.8341463
2018-1-10T13-49-15,1515588555878,0.84390247,-0.024390243,0.4368932,0.84390247
2018-1-10T13-49-15,1515588555879,0.8341463,-0.014634146,0.42718446,0.8341463
2018-1-10T13-49-15,1515588555880,0.7853659,-0.034146342,0.42718446,0.7853659
2018-1-10T13-49-15,1515588555881,0.85365856,-0.024390243,0.44660193,0.85365856
2018-1-10T13-49-15,1515588555882,0.85365856,-0.014634146,0.44660193,0.85365856
2018-1-10T13-49-15,1515588555883,0.85365856,-0.014634146,0.44660193,0.85365856
2018-1-10T13-49-15,1515588555884,0.85365856,-0.014634146,0.44660193,0.85365856
2018-1-10T13-49-15,1515588555885,0.85365856,-0.014634146,0.42718446,0.85365856
2018-1-10T13-49-15,1515588555886,0.85365856,-0.06341463,0.4368932,0.85365856
2018-1-10T13-49-15,1515588555887,0.85365856,-0.014634146,0.407767,0.85365856
2018-1-10T13-49-15,1515588555888,0.82439023,-0.043902438,0.4368932,0.82439023
2018-1-10T13-49-15,1515588555889,0.8341463,-0.053658538,0.4563107,0.8341463
2018-1-10T13-49-15,1515588555890,0.8341463,-0.014634146,0.4563107,0.8341463
2018-1-10T13-49-15,1515588555891,0.8341463,-0.043902438,0.4563107,0.8341463
2018-1-10T13-49-15,1515588555892,0.8341463,-0.034146342,0.4563107,0.8341463
2018-1-10T13-49-15,1515588555893,0.85365856,-0.004878049,0.44660193,0.85365856
2018-1-10T13-49-15,1515588555894,0.86341465,-0.004878049,0.44660193,0.86341465
2018-1-10T13-49-15,1515588555895,0.86341465,-0.14146341,0.44660193,0.86341465
2018-1-10T13-49-15,1515588555896,0.86341465,-0.014634146,0.5145631,0.86341465
2018-1-10T13-49-15,1515588555897,0.85365856,-0.024390243,0.4563107,0.85365856
2018-1-10T13-49-15,1515588555898,0.86341465,-0.06341463,0.4563107,0.86341465
2018-1-10T13-49-15,1515588555899,0.84390247,-0.034146342,0.44660193,0.84390247
2018-1-10T13-49-15,1515588555900,0.8341463,-0.034146342,0.42718446,0.8341463
2018-1-10T13-49-15,1515588555901,0.8341463,-0.024390243,0.42718446,0.8341463
2018-1-10T13-49-15,1515588555902,0.8341463,-0.053658538,0.42718446,0.8341463
2018-1-10T13-49-15,1515588555903,0.8341463,-0.034146342,0.44660193,0.8341463
2018-1-10T13-49-15,1515588555904,0.82439023,-0.034146342,0.44660193,0.82439023
2018-1-10T13-49-15,1515588555905,0.8341463,-0.024390243,0.44660193,0.8341463
2018-1-10T13-49-15,1515588555906,0.84390247,-0.004878049,0.44660193,0.84390247
2018-1-10T13-49-15,1515588555907,0.86341465,0.004878049,0.44660193,0.86341465
2018-1-10T13-49-15,1515588555908,0.87317073,0.004878049,0.42718446,0.87317073
2018-1-10T13-49-15,1515588555909,0.87317073,0.004878049,0.44660193,0.87317073
2018-1-10T13-49-15,1515588555910,0.86341465,-0.004878049,0.4368932,0.86341465
2018-1-10T13-49-15,1515588555911,0.85365856,-0.014634146,0.4368932,0.85365856
2018-1-10T13-49-15,1515588555912,0.82439023,-0.034146342,0.44660193,0.82439023
2018-1-10T13-49-15,1515588555913,0.82439023,-0.043902438,0.4368932,0.82439023
2018-1-10T13-49-15,1515588555914,0.82439023,-0.034146342,0.42718446,0.82439023
2018-1-10T13-49-15,1515588555915,0.82439023,-0.034146342,0.407767,0.82439023
2018-1-10T13-49-15,1515588555916,0.8341463,-0.034146342,0.4368932,0.8341463
2018-1-10T13-49-15,1515588555917,0.84390247,-0.014634146,0.4563107,0.84390247
2018-1-10T13-49-15,1515588555918,0.85365856,-0.004878049,0.4368932,0.85365856
2018-1-10T13-49-15,1515588555919,0.86341465,-0.004878049,0.46601942,0.86341465
2018-1-10T13-49-15,1515588555920,0.86341465,-0.014634146,0.44660193,0.86341465
2018-1-10T13-49-15,1515588555921,0.81463414,-0.014634146,0.44660193,0.81463414
2018-1-10T13-49-15,1515588555922,0.85365856,-0.014634146,0.4563107,0.85365856
2018-1-10T13-49-15,1515588555923,0.84390247,-0.034146342,0.44660193,0.84390247
2018-1-10T13-49-15,1515588555924,0.85365856,-0.034146342,0.44660193,0.85365856
2018-1-10T13-49-15,1515588555925,0.84390247,0.043902438,0.4368932,0.84390247
2018-1-10T13-49-15,1515588555926,0.85365856,-0.043902438,0.44660193,0.85365856
2018-1-10T13-49-15,1515588555927,0.84390247,-0.024390243,0.44660193,0.84390247
2018-1-10T13-49-15,1515588555928,0.84390247,-0.024390243,0.4368932,0.84390247
2018-1-10T13-49-15,1515588555929,0.8341463,-0.06341463,0.44660193,0.8341463
2018-1-10T13-49-15,1515588555930,0.84390247,-0.043902438,0.44660193,0.84390247
2018-1-10T13-49-15,1515588555931,0.84390247,-0.043902438,0.4563107,0.84390247
2018-1-10T13-49-15,1515588555932,0.84390247,-0.043902438,0.4563107,0.84390247
2018-1-10T13-49-15,1515588555933,0.85365856,-0.043902438,0.44660193,0.85365856
2018-1-10T13-49-15,1515588555934,0.86341465,-0.014634146,0.39805827,0.86341465
2018-1-10T13-49-15,1515588555935,0.85365856,-0.004878049,0.42718446,0.85365856
2018-1-10T13-49-15,1515588555936,0.84390247,-0.014634146,0.4368932,0.84390247
2018-1-10T13-49-15,1515588555937,0.85365856,-0.014634146,0.4368932,0.85365856
2018-1-10T13-49-15,1515588555938,0.85365856,-0.024390243,0.44660193,0.85365856
2018-1-10T13-49-15,1515588555939,0.85365856,-0.014634146,0.44660193,0.85365856
2018-1-10T13-49-15,1515588555940,0.82439023,-0.024390243,0.44660193,0.82439023
2018-1-10T13-49-15,1515588555941,0.82439023,-0.024390243,0.4563107,0.82439023
2018-1-10T13-49-15,1515588555942,0.85365856,-0.024390243,0.44660193,0.85365856
2018-1-10T13-49-15,1515588555943,0.902439,-0.024390243,0.4368932,0.902439
2018-1-10T13-49-15,1515588555944,0.84390247,-0.014634146,0.44660193,0.84390247
2018-1-10T13-49-15,1515588555945,0.84390247,-0.004878049,0.44660193,0.84390247
2018-1-10T13-49-15,1515588555946,0.85365856,-0.004878049,0.44660193,0.85365856
2018-1-10T13-49-15,1515588555947,0.84390247,-0.024390243,0.44660193,0.84390247
2018-1-10T13-49-15,1515588555948,0.84390247,-0.024390243,0.44660193,0.84390247
2018-1-10T13-49-15,1515588555949,0.84390247,-0.014634146,0.4368932,0.84390247
2018-1-10T13-49-15,1515588555950,0.84390247,-0.043902438,0.42718446,0.84390247
2018-1-10T13-49-15,1515588555951,0.85365856,-0.043902438,0.44660193,0.85365856
2018-1-10T13-49-15,1515588555952,0.8341463,-0.034146342,0.4563107,0.8341463
2018-1-10T13-49-15,1515588555953,0.84390247,-0.053658538,0.4854369,0.84390247
2018-1-10T13-49-15,1515588555954,0.84390247,-0.043902438,0.4368932,0.84390247
2018-1-10T13-49-15,1515588555955,0.86341465,-0.024390243,0.4368932,0.86341465
2018-1-10T13-49-15,1515588555956,0.85365856,-0.024390243,0.44660193,0.85365856
2018-1-10T13-49-15,1515588555957,0.84390247,-0.034146342,0.4563107,0.84390247
2018-1-10T13-49-15,1515588555958,0.85365856,-0.034146342,0.44660193,0.85365856
2018-1-10T13-49-15,1515588555959,0.85365856,-0.014634146,0.42718446,0.85365856
2018-1-10T13-49-15,1515588555960,0.87317073,-0.024390243,0.41747573,0.87317073
2018-1-10T13-49-15,1515588555961,0.86341465,-0.014634146,0.44660193,0.86341465
2018-1-10T13-49-15,1515588555962,0.86341465,-0.014634146,0.4368932,0.86341465
2018-1-10T13-49-15,1515588555963,0.85365856,-0.004878049,0.21359223,0.85365856
2018-1-10T13-49-15,1515588555964,0.84390247,0.014634146,0.4368932,0.84390247
2018-1-10T13-49-15,1515588555965,0.8341463,-0.034146342,0.4368932,0.8341463
2018-1-10T13-49-15,1515588555966,0.82439023,-0.043902438,0.42718446,0.82439023
2018-1-10T13-49-15,1515588555967,0.76585364,-0.06341463,0.407767,0.76585364
2018-1-10T13-49-15,1515588555968,0.8341463,-0.014634146,0.42718446,0.8341463
2018-1-10T13-49-15,1515588555969,0.84390247,-0.024390243,0.39805827,0.84390247
2018-1-10T13-49-15,1515588555970,0.8341463,-0.004878049,0.4368932,0.8341463
2018-1-10T13-49-15,1515588555971,0.84390247,-0.024390243,0.42718446,0.84390247
2018-1-10T13-49-15,1515588555972,0.84390247,-0.024390243,0.4368932,0.84390247
2018-1-10T13-49-15,1515588555973,0.7853659,-0.034146342,0.44660193,0.7853659
2018-1-10T13-49-15,1515588555974,0.85365856,-0.1609756,0.46601942,0.85365856
2018-1-10T13-49-15,1515588555975,0.85365856,-0.053658538,0.46601942,0.85365856
2018-1-10T13-49-15,1515588555976,0.87317073,-0.024390243,0.4563107,0.87317073
2018-1-10T13-49-15,1515588555977,0.87317073,-0.014634146,0.44660193,0.87317073
2018-1-10T13-49-15,1515588555978,0.85365856,-0.014634146,0.4368932,0.85365856
2018-1-10T13-49-15,1515588555979,0.8341463,-0.014634146,0.44660193,0.8341463
2018-1-10T13-49-15,1515588555980,0.8341463,-0.043902438,0.4563107,0.8341463
2018-1-10T13-49-15,1515588555981,0.84390247,-0.043902438,0.4368932,0.84390247
2018-1-10T13-49-15,1515588555982,0.84390247,-0.043902438,0.44660193,0.84390247
2018-1-10T13-49-15,1515588555983,0.8341463,0.024390243,0.4368932,0.8341463
2018-1-10T13-49-15,1515588555984,0.85365856,-0.024390243,0.44660193,0.85365856
2018-1-10T13-49-15,1515588555985,0.86341465,0.004878049,0.4368932,0.86341465
2018-1-10T13-49-15,1515588555986,0.85365856,0.004878049,0.4368932,0.85365856
2018-1-10T13-49-15,1515588555987,0.86341465,-0.004878049,0.4368932,0.86341465
2018-1-10T13-49-15,1515588555988,0.87317073,-0.004878049,0.4368932,0.87317073
2018-1-10T13-49-15,1515588555989,0.85365856,-0.004878049,0.42718446,0.85365856
2018-1-10T13-49-15,1515588555990,0.82439023,-0.06341463,0.42718446,0.82439023
2018-1-10T13-49-15,1515588555991,0.82439023,-0.043902438,0.4368932,0.82439023
2018-1-10T13-49-15,1515588555992,0.8341463,-0.034146342,0.42718446,0.8341463
2018-1-10T13-49-15,1515588555993,0.82439023,-0.024390243,0.42718446,0.82439023
2018-1-10T13-49-15,1515588555994,0.82439023,-0.024390243,0.4368932,0.82439023
2018-1-10T13-49-15,1515588555995,0.84390247,-0.034146342,0.44660193,0.84390247
2018-1-10T13-49-15,1515588555996,0.84390247,-0.024390243,0.4563107,0.84390247
2018-1-10T13-49-15,1515588555997,0.85365856,-0.004878049,0.4563107,0.85365856
2018-1-10T13-49-15,1515588555998,0.85365856,-0.004878049,0.44660193,0.85365856
2018-1-10T13-49-15,1515588555999,0.85365856,-0.014634146,0.4563107,0.85365856
2018-1-10T13-49-16,1515588556000,0.87317073,-0.004878049,0.44660193,0.87317073
2018-1-10T13-49-16,1515588556001,0.8829268,-0.004878049,0.39805827,0.8829268
2018-1-10T13-49-16,1515588556002,0.86341465,0.014634146,0.52427185,0.86341465
2018-1-10T13-49-16,1515588556003,0.85365856,-0.034146342,0.44660193,0.85365856
2018-1-10T13-49-16,1515588556004,0.84390247,-0.043902438,0.4563107,0.84390247
2018-1-10T13-49-16,1515588556005,0.8341463,0.014634146,0.4368932,0.8341463
2018-1-10T13-49-16,1515588556006,0.81463414,-0.06341463,0.49514562,0.81463414
2018-1-10T13-49-16,1515588556007,0.84390247,-0.043902438,0.4368932,0.84390247
2018-1-10T13-49-16,1515588556008,0.84390247,-0.043902438,0.5145631,0.84390247
2018-1-10T13-49-16,1515588556009,0.85365856,-0.034146342,0.4563107,0.85365856
2018-1-10T13-49-16,1515588556010,0.85365856,-0.043902438,0.4563107,0.85365856
2018-1-10T13-49-16,1515588556011,0.85365856,-0.034146342,0.44660193,0.85365856
2018-1-10T13-49-16,1515588556012,0.87317073,-0.014634146,0.4563107,0.87317073
2018-1-10T13-49-16,1515588556013,0.86341465,-0.004878049,0.39805827,0.86341465
2018-1-10T13-49-16,1515588556014,0.86341465,-0.014634146,0.4368932,0.86341465
2018-1-10T13-49-16,1515588556015,0.902439,-0.024390243,0.4368932,0.902439
2018-1-10T13-49-16,1515588556016,0.84390247,-0.004878049,0.4368932,0.84390247
2018-1-10T13-49-16,1515588556017,0.8341463,-0.034146342,0.41747573,0.8341463
2018-1-10T13-49-16,1515588556018,0.81463414,-0.024390243,0.42718446,0.81463414
2018-1-10T13-49-16,1515588556019,0.8341463,-0.024390243,0.46601942,0.8341463
2018-1-10T13-49-16,1515588556020,0.82439023,-0.024390243,0.4563107,0.82439023
2018-1-10T13-49-16,1515588556021,0.84390247,-0.014634146,0.44660193,0.84390247
2018-1-10T13-49-16,1515588556022,0.85365856,-0.004878049,0.44660193,0.85365856
2018-1-10T13-49-16,1515588556023,0.84390247,-0.014634146,0.4563107,0.84390247
2018-1-10T13-49-16,1515588556024,0.87317073,-0.004878049,0.44660193,0.87317073
2018-1-10T13-49-16,1515588556025,0.85365856,-0.004878049,0.4368932,0.85365856
2018-1-10T13-49-16,1515588556026,0.84390247,-0.014634146,0.4368932,0.84390247
2018-1-10T13-49-16,1515588556027,0.84390247,-0.004878049,0.4368932,0.84390247
2018-1-10T13-49-16,1515588556028,0.86341465,-0.024390243,0.4368932,0.86341465
2018-1-10T13-49-16,1515588556029,0.86341465,-0.024390243,0.4563107,0.86341465
2018-1-10T13-49-16,1515588556030,0.84390247,-0.024390243,0.44660193,0.84390247
2018-1-10T13-49-16,1515588556031,0.84390247,-0.024390243,0.4368932,0.84390247
2018-1-10T13-49-16,1515588556032,0.85365856,-0.024390243,0.4368932,0.85365856
2018-1-10T13-49-16,1515588556033,0.86341465,-0.034146342,0.4563107,0.86341465
2018-1-10T13-49-16,1515588556034,0.8341463,-0.034146342,0.46601942,0.8341463
2018-1-10T13-49-16,1515588556035,0.85365856,-0.043902438,0.46601942,0.85365856
2018-1-10T13-49-16,1515588556036,0.84390247,-0.043902438,0.4563107,0.84390247
2018-1-10T13-49-16,1515588556037,0.8341463,-0.043902438,0.4563107,0.8341463
2018-1-10T13-49-16,1515588556038,0.84390247,-0.043902438,0.3883495,0.84390247
2018-1-10T13-49-16,1515588556039,0.84390247,-0.024390243,0.4368932,0.84390247
2018-1-10T13-49-16,1515588556040,0.8829268,-0.053658538,0.44660193,0.8829268
2018-1-10T13-49-16,1515588556041,0.8341463,-0.024390243,0.36893204,0.8341463
2018-1-10T13-49-16,1515588556042,0.82439023,-0.024390243,0.44660193,0.82439023
2018-1-10T13-49-16,1515588556043,0.84390247,-0.014634146,0.4368932,0.84390247
2018-1-10T13-49-16,1515588556044,0.8341463,-0.024390243,0.4563107,0.8341463
2018-1-10T13-49-16,1515588556045,0.84390247,-0.014634146,0.4563107,0.84390247
2018-1-10T13-49-16,1515588556046,0.82439023,-0.014634146,0.4368932,0.82439023
2018-1-10T13-49-16,1515588556047,0.8341463,-0.014634146,0.4368932,0.8341463
2018-1-10T13-49-16,1515588556048,0.86341465,-0.004878049,0.4368932,0.86341465
2018-1-10T13-49-16,1515588556049,0.8341463,-0.004878049,0.44660193,0.8341463
2018-1-10T13-49-16,1515588556050,0.82439023,-0.014634146,0.46601942,0.82439023
2018-1-10T13-49-16,1515588556051,0.8829268,-0.053658538,0.44660193,0.8829268
2018-1-10T13-49-16,1515588556052,0.85365856,-0.004878049,0.42718446,0.85365856
2018-1-10T13-49-16,1515588556053,0.85365856,-0.024390243,0.4368932,0.85365856
2018-1-10T13-49-16,1515588556054,0.84390247,-0.004878049,0.46601942,0.84390247
2018-1-10T13-49-16,1515588556055,0.8829268,-0.024390243,0.44660193,0.8829268
2018-1-10T13-49-16,1515588556056,0.86341465,-0.004878049,0.4368932,0.86341465
2018-1-10T13-49-16,1515588556057,0.86341465,-0.014634146,0.4368932,0.86341465
2018-1-10T13-49-16,1515588556058,0.85365856,-0.024390243,0.47572815,0.85365856
2018-1-10T13-49-16,1515588556059,0.82439023,-0.034146342,0.44660193,0.82439023
2018-1-10T13-49-16,1515588556060,0.84390247,-0.034146342,0.4563107,0.84390247
2018-1-10T13-49-16,1515588556061,0.82439023,-0.034146342,0.4368932,0.82439023
2018-1-10T13-49-16,1515588556062,0.82439023,-0.014634146,0.4368932,0.82439023
2018-1-10T13-49-16,1515588556063,0.8341463,-0.034146342,0.44660193,0.8341463
2018-1-10T13-49-16,1515588556064,0.86341465,-0.024390243,0.4368932,0.86341465
2018-1-10T13-49-16,1515588556065,0.92195123,-0.014634146,0.44660193,0.92195123
2018-1-10T13-49-16,1515588556066,0.902439,-0.014634146,0.44660193,0.902439
2018-1-10T13-49-16,1515588556067,0.84390247,-0.024390243,0.44660193,0.84390247
2018-1-10T13-49-16,1515588556068,0.86341465,-0.014634146,0.4368932,0.86341465
2018-1-10T13-49-16,1515588556069,0.85365856,-0.024390243,0.4563107,0.85365856
2018-1-10T13-49-16,1515588556070,0.8341463,-0.024390243,0.46601942,0.8341463
2018-1-10T13-49-16,1515588556071,0.84390247,-0.024390243,0.44660193,0.84390247
2018-1-10T13-49-16,1515588556072,0.85365856,-0.014634146,0.5145631,0.85365856
2018-1-10T13-49-16,1515588556073,0.82439023,-0.014634146,0.4368932,0.82439023
2018-1-10T13-49-16,1515588556074,0.84390247,-0.014634146,0.42718446,0.84390247
2018-1-10T13-49-16,1515588556075,0.85365856,-0.024390243,0.42718446,0.85365856
2018-1-10T13-49-16,1515588556076,0.85365856,0.014634146,0.4368932,0.85365856
2018-1-10T13-49-16,1515588556077,0.82439023,-0.024390243,0.46601942,0.82439023
2018-1-10T13-49-16,1515588556078,0.84390247,-0.034146342,0.4563107,0.84390247
2018-1-10T13-49-16,1515588556079,0.79512197,-0.014634146,0.42718446,0.79512197
2018-1-10T13-49-16,1515588556080,0.81463414,0.004878049,0.4368932,0.81463414
2018-1-10T13-49-16,1515588556081,0.85365856,0.004878049,0.5048544,0.85365856
2018-1-10T13-49-16,1515588556082,0.86341465,-0.014634146,0.44660193,0.86341465
2018-1-10T13-49-16,1515588556083,0.84390247,-0.024390243,0.42718446,0.84390247
2018-1-10T13-49-16,1515588556084,0.8829268,-0.014634146,0.36893204,0.8829268
2018-1-10T13-49-16,1515588556085,0.84390247,-0.034146342,0.44660193,0.84390247
2018-1-10T13-49-16,1515588556086,0.8341463,-0.014634146,0.44660193,0.8341463
2018-1-10T13-49-16,1515588556087,0.8341463,-0.034146342,0.44660193,0.8341463
2018-1-10T13-49-16,1515588556088,0.84390247,-0.043902438,0.42718446,0.84390247
2018-1-10T13-49-16,1515588556089,0.84390247,-0.024390243,0.4563107,0.84390247
2018-1-10T13-49-16,1515588556090,0.8341463,-0.014634146,0.42718446,0.8341463
2018-1-10T13-49-16,1515588556091,0.8829268,-0.024390243,0.4563107,0.8829268
2018-1-10T13-49-16,1515588556092,0.85365856,-0.014634146,0.4368932,0.85365856
2018-1-10T13-49-16,1515588556093,0.86341465,-0.004878049,0.4563107,0.86341465
2018-1-10T13-49-16,1515588556094,0.86341465,-0.014634146,0.4368932,0.86341465
2018-1-10T13-49-16,1515588556095,0.84390247,-0.043902438,0.407767,0.84390247
2018-1-10T13-49-16,1515588556096,0.8341463,-0.034146342,0.4368932,0.8341463
2018-1-10T13-49-16,1515588556097,0.8341463,-0.014634146,0.4368932,0.8341463
2018-1-10T13-49-16,1515588556098,0.9414634,-0.024390243,0.4368932,0.9414634
2018-1-10T13-49-16,1515588556099,0.84390247,-0.024390243,0.4368932,0.84390247
2018-1-10T13-49-16,1515588556100,0.8341463,-0.07317073,0.4368932,0.8341463
2018-1-10T13-49-16,1515588556101,0.85365856,-0.024390243,0.4368932,0.85365856
2018-1-10T13-49-16,1515588556102,0.84390247,-0.004878049,0.44660193,0.84390247
2018-1-10T13-49-16,1515588556103,0.84390247,-0.014634146,0.42718446,0.84390247
2018-1-10T13-49-16,1515588556104,0.85365856,-0.014634146,0.4368932,0.85365856
2018-1-10T13-49-16,1515588556105,0.84390247,-0.024390243,0.44660193,0.84390247
2018-1-10T13-49-16,1515588556106,0.82439023,-0.024390243,0.4563107,0.82439023
2018-1-10T13-49-16,1515588556107,0.8341463,-0.034146342,0.4563107,0.8341463
2018-1-10T13-49-16,1515588556108,0.8341463,-0.13170731,0.44660193,0.8341463
2018-1-10T13-49-16,1515588556109,0.84390247,-0.043902438,0.42718446,0.84390247
2018-1-10T13-49-16,1515588556110,0.84390247,-0.043902438,0.4368932,0.84390247
2018-1-10T13-49-16,1515588556111,0.85365856,-0.034146342,0.44660193,0.85365856
2018-1-10T13-49-16,1515588556112,0.85365856,-0.024390243,0.46601942,0.85365856
2018-1-10T13-49-16,1515588556113,0.86341465,-0.014634146,0.46601942,0.86341465
2018-1-10T13-49-16,1515588556114,0.85365856,-0.024390243,0.44660193,0.85365856
2018-1-10T13-49-16,1515588556115,0.87317073,-0.014634146,0.4368932,0.87317073
2018-1-10T13-49-16,1515588556116,0.87317073,-0.004878049,0.44660193,0.87317073
2018-1-10T13-49-16,1515588556117,0.85365856,-0.004878049,0.4563107,0.85365856
2018-1-10T13-49-16,1515588556118,0.8341463,-0.014634146,0.4368932,0.8341463
2018-1-10T13-49-16,1515588556119,0.82439023,-0.034146342,0.4368932,0.82439023
2018-1-10T13-49-16,1515588556120,0.82439023,-0.043902438,0.4368932,0.82439023
2018-1-10T13-49-16,1515588556121,0.81463414,-0.024390243,0.44660193,0.81463414
2018-1-10T13-49-16,1515588556122,0.81463414,-0.034146342,0.42718446,0.81463414
2018-1-10T13-49-16,1515588556123,0.82439023,-0.004878049,0.42718446,0.82439023
2018-1-10T13-49-16,1515588556124,0.8341463,-0.024390243,0.42718446,0.8341463
2018-1-10T13-49-16,1515588556125,0.84390247,-0.004878049,0.44660193,0.84390247
2018-1-10T13-49-16,1515588556126,0.85365856,-0.004878049,0.44660193,0.85365856
2018-1-10T13-49-16,1515588556127,0.85365856,-0.014634146,0.4563107,0.85365856
2018-1-10T13-49-16,1515588556128,0.85365856,-0.024390243,0.44660193,0.85365856
2018-1-10T13-49-16,1515588556129,0.86341465,-0.024390243,0.5048544,0.86341465
2018-1-10T13-49-16,1515588556130,0.84390247,0.053658538,0.4368932,0.84390247
2018-1-10T13-49-16,1515588556131,0.84390247,-0.034146342,0.4563107,0.84390247
2018-1-10T13-49-16,1515588556132,0.85365856,0.004878049,0.4563107,0.85365856
2018-1-10T13-49-16,1515588556133,0.84390247,-0.07317073,0.4563107,0.84390247
2018-1-10T13-49-16,1515588556134,0.86341465,-0.043902438,0.4368932,0.86341465
2018-1-10T13-49-16,1515588556135,0.85365856,-0.024390243,0.44660193,0.85365856
2018-1-10T13-49-16,1515588556136,0.80487806,-0.024390243,0.4563107,0.80487806
2018-1-10T13-49-16,1515588556137,0.84390247,-0.014634146,0.46601942,0.84390247
2018-1-10T13-49-16,1515588556138,0.86341465,-0.014634146,0.4368932,0.86341465
2018-1-10T13-49-16,1515588556139,0.85365856,-0.034146342,0.4563107,0.85365856
2018-1-10T13-49-16,1515588556140,0.85365856,-0.024390243,0.44660193,0.85365856
2018-1-10T13-49-16,1515588556141,0.84390247,-0.014634146,0.44660193,0.84390247
2018-1-10T13-49-16,1515588556142,0.82439023,-0.014634146,0.4368932,0.82439023
2018-1-10T13-49-16,1515588556143,0.84390247,-0.014634146,0.4368932,0.84390247
2018-1-10T13-49-16,1515588556144,0.86341465,-0.014634146,0.44660193,0.86341465
2018-1-10T13-49-16,1515588556145,0.84390247,-0.014634146,0.4368932,0.84390247
2018-1-10T13-49-16,1515588556146,0.82439023,-0.024390243,0.42718446,0.82439023
2018-1-10T13-49-16,1515588556147,0.84390247,-0.014634146,0.4563107,0.84390247
2018-1-10T13-49-16,1515588556148,0.8341463,-0.004878049,0.44660193,0.8341463
2018-1-10T13-49-16,1515588556149,0.84390247,-0.004878049,0.44660193,0.84390247
2018-1-10T13-49-16,1515588556150,0.84390247,-0.004878049,0.4368932,0.84390247
2018-1-10T13-49-16,1515588556151,0.87317073,-0.014634146,0.4368932,0.87317073
2018-1-10T13-49-16,1515588556152,0.85365856,-0.014634146,0.44660193,0.85365856
2018-1-10T13-49-16,1515588556153,0.84390247,0.004878049,0.4563107,0.84390247
2018-1-10T13-49-16,1515588556154,0.85365856,-0.024390243,0.44660193,0.85365856
2018-1-10T13-49-16,1515588556155,0.86341465,-0.014634146,0.44660193,0.86341465
2018-1-10T13-49-16,1515588556156,0.85365856,-0.034146342,0.4368932,0.85365856
2018-1-10T13-49-16,1515588556157,0.85365856,-0.043902438,0.4563107,0.85365856
2018-1-10T13-49-16,1515588556158,0.86341465,-0.024390243,0.4368932,0.86341465
2018-1-10T13-49-16,1515588556159,0.85365856,-0.034146342,0.44660193,0.85365856
2018-1-10T13-49-16,1515588556160,0.80487806,-0.024390243,0.4368932,0.80487806
2018-1-10T13-49-16,1515588556161,0.85365856,-0.024390243,0.44660193,0.85365856
2018-1-10T13-49-16,1515588556162,0.85365856,-0.024390243,0.42718446,0.85365856
2018-1-10T13-49-16,1515588556163,0.8341463,-0.024390243,0.42718446,0.8341463
2018-1-10T13-49-16,1515588556164,0.84390247,0.004878049,0.42718446,0.84390247
2018-1-10T13-49-16,1515588556165,0.82439023,-0.034146342,0.4368932,0.82439023
2018-1-10T13-49-16,1515588556166,0.8341463,-0.043902438,0.44660193,0.8341463
2018-1-10T13-49-16,1515588556167,0.84390247,-0.024390243,0.4368932,0.84390247
2018-1-10T13-49-16,1515588556168,0.8829268,-0.024390243,0.44660193,0.8829268
2018-1-10T13-49-16,1515588556169,0.86341465,-0.004878049,0.4368932,0.86341465
2018-1-10T13-49-16,1515588556170,0.87317073,0.004878049,0.44660193,0.87317073
2018-1-10T13-49-16,1515588556171,0.87317073,0.004878049,0.44660193,0.87317073
2018-1-10T13-49-16,1515588556172,0.85365856,0.004878049,0.4368932,0.85365856
2018-1-10T13-49-16,1515588556173,0.85365856,-0.043902438,0.44660193,0.85365856
2018-1-10T13-49-16,1515588556174,0.8341463,0.024390243,0.44660193,0.8341463
2018-1-10T13-49-16,1515588556175,0.82439023,-0.024390243,0.44660193,0.82439023
2018-1-10T13-49-16,1515588556176,0.8341463,-0.024390243,0.4368932,0.8341463
2018-1-10T13-49-16,1515588556177,0.8341463,0.004878049,0.4368932,0.8341463
2018-1-10T13-49-16,1515588556178,0.80487806,-0.024390243,0.41747573,0.80487806
2018-1-10T13-49-16,1515588556179,0.84390247,-0.024390243,0.44660193,0.84390247
2018-1-10T13-49-16,1515588556180,0.8341463,0.024390243,0.4563107,0.8341463
2018-1-10T13-49-16,1515588556181,0.82439023,-0.043902438,0.4563107,0.82439023
2018-1-10T13-49-16,1515588556182,0.8341463,-0.014634146,0.44660193,0.8341463
2018-1-10T13-49-16,1515588556183,0.86341465,-0.014634146,0.4563107,0.86341465
2018-1-10T13-49-16,1515588556184,0.8829268,-0.034146342,0.46601942,0.8829268
2018-1-10T13-49-16,1515588556185,0.87317073,0.034146342,0.4563107,0.87317073
2018-1-10T13-49-16,1515588556186,0.85365856,-0.014634146,0.4368932,0.85365856
2018-1-10T13-49-16,1515588556187,0.8341463,-0.034146342,0.4368932,0.8341463
2018-1-10T13-49-16,1515588556188,0.82439023,-0.043902438,0.44660193,0.82439023
2018-1-10T13-49-16,1515588556189,0.81463414,-0.053658538,0.44660193,0.81463414
2018-1-10T13-49-16,1515588556190,0.81463414,-0.053658538,0.4563107,0.81463414
2018-1-10T13-49-16,1515588556191,0.82439023,-0.034146342,0.4368932,0.82439023
2018-1-10T13-49-16,1515588556192,0.8341463,-0.034146342,0.4368932,0.8341463
2018-1-10T13-49-16,1515588556193,0.80487806,-0.014634146,0.42718446,0.80487806
2018-1-10T13-49-16,1515588556194,0.85365856,-0.024390243,0.4563107,0.85365856
2018-1-10T13-49-16,1515588556195,0.85365856,0.004878049,0.4563107,0.85365856
2018-1-10T13-49-16,1515588556196,0.86341465,-0.004878049,0.4563107,0.86341465
2018-1-10T13-49-16,1515588556197,0.8341463,0.004878049,0.4368932,0.8341463
2018-1-10T13-49-16,1515588556198,0.85365856,-0.004878049,0.41747573,0.85365856
2018-1-10T13-49-16,1515588556199,0.84390247,-0.024390243,0.44660193,0.84390247
2018-1-10T13-49-16,1515588556200,0.84390247,-0.024390243,0.44660193,0.84390247
2018-1-10T13-49-16,1515588556201,0.82439023,-0.043902438,0.4368932,0.82439023
2018-1-10T13-49-16,1515588556202,0.81463414,-0.043902438,0.4563107,0.81463414
2018-1-10T13-49-16,1515588556203,0.82439023,-0.034146342,0.34951457,0.82439023
2018-1-10T13-49-16,1515588556204,0.84390247,-0.034146342,0.44660193,0.84390247
2018-1-10T13-49-16,1515588556205,0.86341465,-0.014634146,0.4368932,0.86341465
2018-1-10T13-49-16,1515588556206,0.86341465,0.004878049,0.44660193,0.86341465
2018-1-10T13-49-16,1515588556207,0.86341465,0.034146342,0.46601942,0.86341465
2018-1-10T13-49-16,1515588556208,0.86341465,-0.004878049,0.44660193,0.86341465
2018-1-10T13-49-16,1515588556209,0.84390247,-0.034146342,0.4368932,0.84390247
2018-1-10T13-49-16,1515588556210,0.86341465,0.004878049,0.46601942,0.86341465
2018-1-10T13-49-16,1515588556211,0.85365856,-0.024390243,0.44660193,0.85365856
2018-1-10T13-49-16,1515588556212,0.8341463,-0.024390243,0.41747573,0.8341463
2018-1-10T13-49-16,1515588556213,0.82439023,-0.043902438,0.407767,0.82439023
2018-1-10T13-49-16,1515588556214,0.8341463,-0.053658538,0.4368932,0.8341463
2018-1-10T13-49-16,1515588556215,0.81463414,-0.053658538,0.44660193,0.81463414
2018-1-10T13-49-16,1515588556216,0.82439023,-0.053658538,0.44660193,0.82439023
2018-1-10T13-49-16,1515588556217,0.84390247,-0.034146342,0.49514562,0.84390247
2018-1-10T13-49-16,1515588556218,0.84390247,0.014634146,0.4563107,0.84390247
2018-1-10T13-49-16,1515588556219,0.85365856,-0.004878049,0.4368932,0.85365856
2018-1-10T13-49-16,1515588556220,0.87317073,0.004878049,0.42718446,0.87317073
2018-1-10T13-49-16,1515588556221,0.8341463,-0.014634146,0.4563107,0.8341463
2018-1-10T13-49-16,1515588556222,0.85365856,-0.004878049,0.41747573,0.85365856
2018-1-10T13-49-16,1515588556223,0.85365856,0.004878049,0.44660193,0.85365856
2018-1-10T13-49-16,1515588556224,0.80487806,-0.014634146,0.44660193,0.80487806
2018-1-10T13-49-16,1515588556225,0.8341463,-0.014634146,0.44660193,0.8341463
2018-1-10T13-49-16,1515588556226,0.86341465,-0.024390243,0.39805827,0.86341465
2018-1-10T13-49-16,1515588556227,0.84390247,-0.004878049,0.42718446,0.84390247
2018-1-10T13-49-16,1515588556228,0.8341463,-0.034146342,0.44660193,0.8341463
2018-1-10T13-49-16,1515588556229,0.92195123,-0.014634146,0.4563107,0.92195123
2018-1-10T13-49-16,1515588556230,0.85365856,-0.024390243,0.44660193,0.85365856
2018-1-10T13-49-16,1515588556231,0.85365856,-0.004878049,0.44660193,0.85365856
2018-1-10T13-49-16,1515588556232,0.85365856,-0.004878049,0.47572815,0.85365856
2018-1-10T13-49-16,1515588556233,0.84390247,-0.014634146,0.42718446,0.84390247
2018-1-10T13-49-16,1515588556234,0.82439023,-0.014634146,0.44660193,0.82439023
2018-1-10T13-49-16,1515588556235,0.8341463,-0.043902438,0.407767,0.8341463
2018-1-10T13-49-16,1515588556236,0.8341463,-0.034146342,0.44660193,0.8341463
2018-1-10T13-49-16,1515588556237,0.8341463,-0.024390243,0.4368932,0.8341463
2018-1-10T13-49-16,1515588556238,0.86341465,-0.034146342,0.44660193,0.86341465
2018-1-10T13-49-16,1515588556239,0.84390247,-0.024390243,0.44660193,0.84390247
2018-1-10T13-49-16,1515588556240,0.87317073,-0.034146342,0.4368932,0.87317073
2018-1-10T13-49-16,1515588556241,0.84390247,0.004878049,0.4368932,0.84390247
2018-1-10T13-49-16,1515588556242,0.84390247,-0.034146342,0.4563107,0.84390247
2018-1-10T13-49-16,1515588556243,0.8341463,-0.043902438,0.46601942,0.8341463
2018-1-10T13-49-16,1515588556244,0.8341463,-0.053658538,0.46601942,0.8341463
2018-1-10T13-49-16,1515588556245,0.84390247,-0.024390243,0.4368932,0.84390247
2018-1-10T13-49-16,1515588556246,0.86341465,-0.024390243,0.44660193,0.86341465
2018-1-10T13-49-16,1515588556247,0.85365856,-0.004878049,0.42718446,0.85365856
2018-1-10T13-49-16,1515588556248,0.84390247,-0.024390243,0.407767,0.84390247
2018-1-10T13-49-16,1515588556249,0.84390247,-0.014634146,0.4368932,0.84390247
2018-1-10T13-49-16,1515588556250,0.85365856,-0.014634146,0.4368932,0.85365856
2018-1-10T13-49-16,1515588556251,0.84390247,-0.024390243,0.44660193,0.84390247
2018-1-10T13-49-16,1515588556252,0.82439023,-0.024390243,0.4563107,0.82439023
2018-1-10T13-49-16,1515588556253,0.84390247,-0.024390243,0.44660193,0.84390247
2018-1-10T13-49-16,1515588556254,0.86341465,-0.043902438,0.4368932,0.86341465
2018-1-10T13-49-16,1515588556255,0.85365856,-0.004878049,0.44660193,0.85365856
2018-1-10T13-49-16,1515588556256,0.85365856,-0.004878049,0.4563107,0.85365856
2018-1-10T13-49-16,1515588556257,0.84390247,-0.024390243,0.44660193,0.84390247
2018-1-10T13-49-16,1515588556258,0.85365856,-0.014634146,0.4368932,0.85365856
2018-1-10T13-49-16,1515588556259,0.85365856,-0.004878049,0.44660193,0.85365856
2018-1-10T13-49-16,1515588556260,0.84390247,-0.024390243,0.44660193,0.84390247
2018-1-10T13-49-16,1515588556261,0.81463414,-0.004878049,0.44660193,0.81463414
2018-1-10T13-49-16,1515588556262,0.85365856,0.043902438,0.4368932,0.85365856
2018-1-10T13-49-16,1515588556263,0.86341465,-0.014634146,0.4368932,0.86341465
2018-1-10T13-49-16,1515588556264,0.85365856,-0.024390243,0.46601942,0.85365856
2018-1-10T13-49-16,1515588556265,0.8341463,-0.014634146,0.44660193,0.8341463
2018-1-10T13-49-16,1515588556266,0.80487806,-0.024390243,0.36893204,0.80487806
2018-1-10T13-49-16,1515588556267,0.82439023,-0.034146342,0.41747573,0.82439023
2018-1-10T13-49-16,1515588556268,0.8341463,-0.043902438,0.42718446,0.8341463
2018-1-10T13-49-16,1515588556269,0.8341463,0.06341463,0.42718446,0.8341463
2018-1-10T13-49-16,1515588556270,0.8341463,-0.034146342,0.44660193,0.8341463
2018-1-10T13-49-16,1515588556271,0.84390247,-0.034146342,0.46601942,0.84390247
2018-1-10T13-49-16,1515588556272,0.85365856,-0.053658538,0.4563107,0.85365856
2018-1-10T13-49-16,1515588556273,0.87317073,-0.014634146,0.46601942,0.87317073
2018-1-10T13-49-16,1515588556274,0.85365856,-0.004878049,0.4563107,0.85365856
2018-1-10T13-49-16,1515588556275,0.8341463,-0.043902438,0.44660193,0.8341463
2018-1-10T13-49-16,1515588556276,0.85365856,-0.014634146,0.47572815,0.85365856
2018-1-10T13-49-16,1515588556277,0.85365856,-0.024390243,0.4368932,0.85365856
2018-1-10T13-49-16,1515588556278,0.86341465,-0.034146342,0.44660193,0.86341465
2018-1-10T13-49-16,1515588556279,0.8341463,-0.024390243,0.44660193,0.8341463
2018-1-10T13-49-16,1515588556280,0.84390247,-0.024390243,0.4368932,0.84390247
2018-1-10T13-49-16,1515588556281,0.40487805,-0.024390243,0.5048544,0.40487805
2018-1-10T13-49-16,1515588556282,0.81463414,-0.004878049,0.4368932,0.81463414
2018-1-10T13-49-16,1515588556283,0.84390247,-0.053658538,0.4563107,0.84390247
2018-1-10T13-49-16,1515588556284,0.85365856,-0.024390243,0.4563107,0.85365856
2018-1-10T13-49-16,1515588556285,0.84390247,-0.014634146,0.4368932,0.84390247
2018-1-10T13-49-16,1515588556286,0.84390247,-0.014634146,0.44660193,0.84390247
2018-1-10T13-49-16,1515588556287,0.86341465,-0.10243902,0.4563107,0.86341465
2018-1-10T13-49-16,1515588556288,0.84390247,-0.09268293,0.44660193,0.84390247
2018-1-10T13-49-16,1515588556289,0.902439,-0.004878049,0.42718446,0.902439
2018-1-10T13-49-16,1515588556290,0.85365856,-0.024390243,0.42718446,0.85365856
2018-1-10T13-49-16,1515588556291,0.84390247,-0.024390243,0.42718446,0.84390247
2018-1-10T13-49-16,1515588556292,0.84390247,-0.034146342,0.44660193,0.84390247
2018-1-10T13-49-16,1515588556293,0.84390247,-0.034146342,0.44660193,0.84390247
2018-1-10T13-49-16,1515588556294,0.8341463,-0.034146342,0.37864077,0.8341463
2018-1-10T13-49-16,1515588556295,0.8341463,-0.034146342,0.41747573,0.8341463
2018-1-10T13-49-16,1515588556296,0.8341463,-0.024390243,0.4563107,0.8341463
2018-1-10T13-49-16,1515588556297,0.84390247,-0.014634146,0.4368932,0.84390247
2018-1-10T13-49-16,1515588556298,0.85365856,-0.014634146,0.4563107,0.85365856
2018-1-10T13-49-16,1515588556299,0.84390247,-0.014634146,0.44660193,0.84390247
2018-1-10T13-49-16,1515588556300,0.85365856,-0.004878049,0.46601942,0.85365856
2018-1-10T13-49-16,1515588556301,0.87317073,-0.014634146,0.4563107,0.87317073
2018-1-10T13-49-16,1515588556302,0.84390247,-0.014634146,0.36893204,0.84390247
2018-1-10T13-49-16,1515588556303,0.84390247,-0.034146342,0.4368932,0.84390247
2018-1-10T13-49-16,1515588556304,0.8341463,-0.043902438,0.44660193,0.8341463
2018-1-10T13-49-16,1515588556305,0.7853659,-0.053658538,0.4368932,0.7853659
2018-1-10T13-49-16,1515588556306,0.84390247,0.014634146,0.44660193,0.84390247
2018-1-10T13-49-16,1515588556307,0.84390247,-0.024390243,0.4368932,0.84390247
2018-1-10T13-49-16,1515588556308,0.85365856,-0.004878049,0.44660193,0.85365856
2018-1-10T13-49-16,1515588556309,0.81463414,-0.004878049,0.42718446,0.81463414
2018-1-10T13-49-16,1515588556310,0.85365856,-0.014634146,0.4368932,0.85365856
2018-1-10T13-49-16,1515588556311,0.84390247,-0.024390243,0.44660193,0.84390247
2018-1-10T13-49-16,1515588556312,0.84390247,-0.014634146,0.46601942,0.84390247
2018-1-10T13-49-16,1515588556313,0.84390247,-0.024390243,0.46601942,0.84390247
2018-1-10T13-49-16,1515588556314,0.84390247,-0.034146342,0.4368932,0.84390247
2018-1-10T13-49-16,1515588556315,0.85365856,0.043902438,0.42718446,0.85365856
2018-1-10T13-49-16,1515588556316,0.8341463,-0.034146342,0.42718446,0.8341463
2018-1-10T13-49-16,1515588556317,0.84390247,-0.034146342,0.4368932,0.84390247
2018-1-10T13-49-16,1515588556318,0.8341463,-0.043902438,0.44660193,0.8341463
2018-1-10T13-49-16,1515588556319,0.77560973,-0.043902438,0.4368932,0.77560973
2018-1-10T13-49-16,1515588556320,0.8341463,0.043902438,0.44660193,0.8341463
2018-1-10T13-49-16,1515588556321,0.85365856,-0.014634146,0.4563107,0.85365856
2018-1-10T13-49-16,1515588556322,0.87317073,0.014634146,0.4563107,0.87317073
2018-1-10T13-49-16,1515588556323,0.8926829,0.014634146,0.44660193,0.8926829
2018-1-10T13-49-16,1515588556324,0.87317073,0.004878049,0.4563107,0.87317073
2018-1-10T13-49-16,1515588556325,0.86341465,-0.014634146,0.4368932,0.86341465
2018-1-10T13-49-16,1515588556326,0.84390247,-0.024390243,0.4368932,0.84390247
2018-1-10T13-49-16,1515588556327,0.84390247,-0.024390243,0.4368932,0.84390247
2018-1-10T13-49-16,1515588556328,0.81463414,-0.043902438,0.46601942,0.81463414
2018-1-10T13-49-16,1515588556329,0.82439023,-0.043902438,0.44660193,0.82439023
2018-1-10T13-49-16,1515588556330,0.82439023,-0.034146342,0.42718446,0.82439023
2018-1-10T13-49-16,1515588556331,0.8341463,-0.024390243,0.407767,0.8341463
2018-1-10T13-49-16,1515588556332,0.85365856,-0.014634146,0.44660193,0.85365856
2018-1-10T13-49-16,1515588556333,0.87317073,0.004878049,0.44660193,0.87317073
2018-1-10T13-49-16,1515588556334,0.86341465,-0.014634146,0.44660193,0.86341465
2018-1-10T13-49-16,1515588556335,0.86341465,-0.034146342,0.44660193,0.86341465
2018-1-10T13-49-16,1515588556336,0.85365856,-0.014634146,0.4368932,0.85365856
2018-1-10T13-49-16,1515588556337,0.84390247,-0.014634146,0.407767,0.84390247
2018-1-10T13-49-16,1515588556338,0.84390247,-0.034146342,0.44660193,0.84390247
2018-1-10T13-49-16,1515588556339,0.84390247,-0.014634146,0.44660193,0.84390247
2018-1-10T13-49-16,1515588556340,0.82439023,-0.024390243,0.44660193,0.82439023
2018-1-10T13-49-16,1515588556341,0.84390247,-0.024390243,0.407767,0.84390247
2018-1-10T13-49-16,1515588556342,0.84390247,-0.024390243,0.44660193,0.84390247
2018-1-10T13-49-16,1515588556343,0.84390247,-0.014634146,0.44660193,0.84390247
2018-1-10T13-49-16,1515588556344,0.84390247,-0.08292683,0.44660193,0.84390247
2018-1-10T13-49-16,1515588556345,0.84390247,-0.11219512,0.46601942,0.84390247
2018-1-10T13-49-16,1515588556346,0.85365856,-0.043902438,0.46601942,0.85365856
2018-1-10T13-49-16,1515588556347,0.85365856,-0.034146342,0.4563107,0.85365856
2018-1-10T13-49-16,1515588556348,0.84390247,-0.024390243,0.4563107,0.84390247
2018-1-10T13-49-16,1515588556349,0.84390247,-0.014634146,0.4563107,0.84390247
2018-1-10T13-49-16,1515588556350,0.85365856,-0.014634146,0.4563107,0.85365856
2018-1-10T13-49-16,1515588556351,0.84390247,-0.004878049,0.4368932,0.84390247
2018-1-10T13-49-16,1515588556352,0.85365856,0.004878049,0.407767,0.85365856
2018-1-10T13-49-16,1515588556353,0.8341463,-0.024390243,0.44660193,0.8341463
2018-1-10T13-49-16,1515588556354,0.8341463,-0.024390243,0.4563107,0.8341463
2018-1-10T13-49-16,1515588556355,0.8341463,-0.024390243,0.4563107,0.8341463
2018-1-10T13-49-16,1515588556356,0.8341463,-0.034146342,0.44660193,0.8341463
2018-1-10T13-49-16,1515588556357,0.85365856,-0.024390243,0.44660193,0.85365856
2018-1-10T13-49-16,1515588556358,0.84390247,-0.034146342,0.44660193,0.84390247
2018-1-10T13-49-16,1515588556359,0.8341463,-0.024390243,0.44660193,0.8341463
2018-1-10T13-49-16,1515588556360,0.86341465,-0.004878049,0.4563107,0.86341465
2018-1-10T13-49-16,1515588556361,0.84390247,-0.024390243,0.4563107,0.84390247
2018-1-10T13-49-16,1515588556362,0.86341465,-0.024390243,0.4368932,0.86341465
2018-1-10T13-49-16,1515588556363,0.82439023,-0.024390243,0.42718446,0.82439023
2018-1-10T13-49-16,1515588556364,0.8341463,-0.034146342,0.44660193,0.8341463
2018-1-10T13-49-16,1515588556365,0.85365856,-0.024390243,0.4368932,0.85365856
2018-1-10T13-49-16,1515588556366,0.84390247,-0.034146342,0.44660193,0.84390247
2018-1-10T13-49-16,1515588556367,0.82439023,-0.024390243,0.42718446,0.82439023
2018-1-10T13-49-16,1515588556368,0.80487806,-0.034146342,0.44660193,0.80487806
2018-1-10T13-49-16,1515588556369,0.84390247,-0.043902438,0.4563107,0.84390247
2018-1-10T13-49-16,1515588556370,0.85365856,-0.024390243,0.4368932,0.85365856
2018-1-10T13-49-16,1515588556371,0.8341463,-0.024390243,0.4368932,0.8341463
2018-1-10T13-49-16,1515588556372,0.87317073,-0.07317073,0.39805827,0.87317073
2018-1-10T13-49-16,1515588556373,0.8341463,-0.034146342,0.44660193,0.8341463
2018-1-10T13-49-16,1515588556374,0.8341463,-0.034146342,0.4563107,0.8341463
2018-1-10T13-49-16,1515588556375,0.85365856,-0.004878049,0.44660193,0.85365856
2018-1-10T13-49-16,1515588556376,0.87317073,-0.024390243,0.44660193,0.87317073
2018-1-10T13-49-16,1515588556377,0.86341465,0.053658538,0.44660193,0.86341465
2018-1-10T13-49-16,1515588556378,0.86341465,-0.004878049,0.42718446,0.86341465
2018-1-10T13-49-16,1515588556379,0.85365856,-0.004878049,0.41747573,0.85365856
2018-1-10T13-49-16,1515588556380,0.86341465,-0.014634146,0.4563107,0.86341465
2018-1-10T13-49-16,1515588556381,0.84390247,-0.024390243,0.4563107,0.84390247
2018-1-10T13-49-16,1515588556382,0.84390247,-0.034146342,0.42718446,0.84390247
2018-1-10T13-49-16,1515588556383,0.8341463,-0.024390243,0.41747573,0.8341463
2018-1-10T13-49-16,1515588556384,0.8341463,-0.024390243,0.44660193,0.8341463
2018-1-10T13-49-16,1515588556385,0.84390247,-0.014634146,0.4563107,0.84390247
2018-1-10T13-49-16,1515588556386,0.8341463,-0.024390243,0.44660193,0.8341463
2018-1-10T13-49-16,1515588556387,0.85365856,-0.004878049,0.4563107,0.85365856
2018-1-10T13-49-16,1515588556388,0.86341465,0.004878049,0.44660193,0.86341465
2018-1-10T13-49-16,1515588556389,0.85365856,-0.014634146,0.4854369,0.85365856
2018-1-10T13-49-16,1515588556390,0.86341465,-0.014634146,0.46601942,0.86341465
2018-1-10T13-49-16,1515588556391,0.85365856,-0.014634146,0.4368932,0.85365856
2018-1-10T13-49-16,1515588556392,0.87317073,-0.024390243,0.44660193,0.87317073
2018-1-10T13-49-16,1515588556393,0.85365856,-0.043902438,0.44660193,0.85365856
2018-1-10T13-49-16,1515588556394,0.85365856,-0.034146342,0.44660193,0.85365856
2018-1-10T13-49-16,1515588556395,0.82439023,-0.024390243,0.42718446,0.82439023
2018-1-10T13-49-16,1515588556396,0.8341463,-0.043902438,0.42718446,0.8341463
2018-1-10T13-49-16,1515588556397,0.7853659,-0.043902438,0.4563107,0.7853659
2018-1-10T13-49-16,1515588556398,0.76585364,-0.043902438,0.4563107,0.76585364
2018-1-10T13-49-16,1515588556399,0.8341463,-0.053658538,0.44660193,0.8341463
2018-1-10T13-49-16,1515588556400,0.85365856,-0.014634146,0.4368932,0.85365856
2018-1-10T13-49-16,1515588556401,0.85365856,0.004878049,0.44660193,0.85365856
2018-1-10T13-49-16,1515588556402,0.87317073,-0.004878049,0.4563107,0.87317073
2018-1-10T13-49-16,1515588556403,0.86341465,-0.004878049,0.4563107,0.86341465
2018-1-10T13-49-16,1515588556404,0.87317073,0.004878049,0.39805827,0.87317073
2018-1-10T13-49-16,1515588556405,0.85365856,0.004878049,0.4368932,0.85365856
2018-1-10T13-49-16,1515588556406,0.84390247,-0.034146342,0.44660193,0.84390247
2018-1-10T13-49-16,1515588556407,0.92195123,-0.034146342,0.46601942,0.92195123
2018-1-10T13-49-16,1515588556408,0.8341463,-0.014634146,0.42718446,0.8341463
2018-1-10T13-49-16,1515588556409,0.84390247,-0.043902438,0.44660193,0.84390247
2018-1-10T13-49-16,1515588556410,0.8341463,-0.034146342,0.44660193,0.8341463
2018-1-10T13-49-16,1515588556411,0.82439023,-0.024390243,0.4368932,0.82439023
2018-1-10T13-49-16,1515588556412,0.86341465,0.08292683,0.4368932,0.86341465
2018-1-10T13-49-16,1515588556413,0.85365856,0.004878049,-0.0776699,0.85365856
2018-1-10T13-49-16,1515588556414,0.86341465,0.004878049,0.44660193,0.86341465
2018-1-10T13-49-16,1515588556415,0.86341465,-0.004878049,0.4563107,0.86341465
2018-1-10T13-49-16,1515588556416,0.84390247,-0.014634146,0.4563107,0.84390247
2018-1-10T13-49-16,1515588556417,0.82439023,-0.043902438,0.4563107,0.82439023
2018-1-10T13-49-16,1515588556418,0.85365856,-0.024390243,0.407767,0.85365856
2018-1-10T13-49-16,1515588556419,0.8341463,-0.024390243,0.44660193,0.8341463
2018-1-10T13-49-16,1515588556420,0.81463414,-0.014634146,0.41747573,0.81463414
2018-1-10T13-49-16,1515588556421,0.82439023,-0.034146342,0.4368932,0.82439023
2018-1-10T13-49-16,1515588556422,0.82439023,-0.043902438,0.44660193,0.82439023
2018-1-10T13-49-16,1515588556423,0.8341463,-0.034146342,0.4368932,0.8341463
2018-1-10T13-49-16,1515588556424,0.84390247,-0.034146342,0.4368932,0.84390247
2018-1-10T13-49-16,1515588556425,0.85365856,-0.024390243,0.44660193,0.85365856
2018-1-10T13-49-16,1515588556426,0.85365856,-0.014634146,0.44660193,0.85365856
2018-1-10T13-49-16,1515588556427,0.86341465,-0.004878049,0.4368932,0.86341465
2018-1-10T13-49-16,1515588556428,0.86341465,-0.004878049,0.5048544,0.86341465
2018-1-10T13-49-16,1515588556429,0.86341465,-0.024390243,0.4368932,0.86341465
2018-1-10T13-49-16,1515588556430,0.8341463,-0.034146342,0.42718446,0.8341463
2018-1-10T13-49-16,1515588556431,0.82439023,-0.034146342,0.44660193,0.82439023
2018-1-10T13-49-16,1515588556432,0.8341463,-0.034146342,0.49514562,0.8341463
2018-1-10T13-49-16,1515588556433,0.84390247,-0.014634146,0.4368932,0.84390247
2018-1-10T13-49-16,1515588556434,0.8341463,-0.053658538,0.37864077,0.8341463
2018-1-10T13-49-16,1515588556435,0.84390247,0.004878049,0.42718446,0.84390247
2018-1-10T13-49-16,1515588556436,0.84390247,-0.004878049,0.44660193,0.84390247
2018-1-10T13-49-16,1515588556437,0.8829268,-0.004878049,0.4563107,0.8829268
2018-1-10T13-49-16,1515588556438,0.86341465,0.004878049,0.4563107,0.86341465
2018-1-10T13-49-16,1515588556439,0.84390247,0.004878049,0.44660193,0.84390247
2018-1-10T13-49-16,1515588556440,0.85365856,0.004878049,0.4368932,0.85365856
2018-1-10T13-49-16,1515588556441,0.86341465,-0.004878049,0.4368932,0.86341465
2018-1-10T13-49-16,1515588556442,0.84390247,-0.034146342,0.4368932,0.84390247
2018-1-10T13-49-16,1515588556443,0.8341463,-0.043902438,0.4368932,0.8341463
2018-1-10T13-49-16,1515588556444,0.86341465,-0.06341463,0.4368932,0.86341465
2018-1-10T13-49-16,1515588556445,0.8341463,-0.024390243,0.42718446,0.8341463
2018-1-10T13-49-16,1515588556446,0.84390247,-0.024390243,0.46601942,0.84390247
2018-1-10T13-49-16,1515588556447,0.87317073,-0.043902438,0.44660193,0.87317073
2018-1-10T13-49-16,1515588556448,0.8829268,-0.034146342,0.4368932,0.8829268
2018-1-10T13-49-16,1515588556449,0.85365856,-0.043902438,0.42718446,0.85365856
2018-1-10T13-49-16,1515588556450,0.8341463,-0.053658538,0.4563107,0.8341463
2018-1-10T13-49-16,1515588556451,0.86341465,-0.034146342,0.46601942,0.86341465
2018-1-10T13-49-16,1515588556452,0.8341463,-0.053658538,0.46601942,0.8341463
2018-1-10T13-49-16,1515588556453,0.84390247,-0.014634146,0.44660193,0.84390247
2018-1-10T13-49-16,1515588556454,0.87317073,-0.07317073,0.39805827,0.87317073
2018-1-10T13-49-16,1515588556455,0.8829268,-0.004878049,0.42718446,0.8829268
2018-1-10T13-49-16,1515588556456,0.86341465,0.004878049,0.42718446,0.86341465
2018-1-10T13-49-16,1515588556457,0.84390247,-0.014634146,0.4368932,0.84390247
2018-1-10T13-49-16,1515588556458,0.87317073,-0.024390243,0.44660193,0.87317073
2018-1-10T13-49-16,1515588556459,0.86341465,-0.034146342,0.4563107,0.86341465
2018-1-10T13-49-16,1515588556460,0.82439023,-0.034146342,0.4854369,0.82439023
2018-1-10T13-49-16,1515588556461,0.86341465,-0.014634146,0.41747573,0.86341465
2018-1-10T13-49-16,1515588556462,0.86341465,-0.004878049,0.42718446,0.86341465
2018-1-10T13-49-16,1515588556463,0.8341463,-0.004878049,0.42718446,0.8341463
2018-1-10T13-49-16,1515588556464,0.8341463,-0.004878049,0.4368932,0.8341463
2018-1-10T13-49-16,1515588556465,0.82439023,-0.014634146,0.4368932,0.82439023
2018-1-10T13-49-16,1515588556466,0.80487806,-0.024390243,0.42718446,0.80487806
2018-1-10T13-49-16,1515588556467,0.8341463,-0.004878049,0.4563107,0.8341463
2018-1-10T13-49-16,1515588556468,0.91219515,-0.014634146,0.46601942,0.91219515
2018-1-10T13-49-16,1515588556469,0.85365856,0.014634146,0.44660193,0.85365856
2018-1-10T13-49-16,1515588556470,0.86341465,-0.004878049,0.4368932,0.86341465
2018-1-10T13-49-16,1515588556471,0.87317073,-0.004878049,0.44660193,0.87317073
2018-1-10T13-49-16,1515588556472,0.84390247,-0.024390243,0.42718446,0.84390247
2018-1-10T13-49-16,1515588556473,0.86341465,-0.07317073,0.4368932,0.86341465
2018-1-10T13-49-16,1515588556474,0.85365856,-0.043902438,0.44660193,0.85365856
2018-1-10T13-49-16,1515588556475,0.8341463,-0.053658538,0.4368932,0.8341463
2018-1-10T13-49-16,1515588556476,0.8341463,-0.11219512,0.44660193,0.8341463
2018-1-10T13-49-16,1515588556477,0.81463414,-0.053658538,0.46601942,0.81463414
2018-1-10T13-49-16,1515588556478,0.84390247,-0.043902438,0.4563107,0.84390247
2018-1-10T13-49-16,1515588556479,0.86341465,-0.014634146,0.44660193,0.86341465
2018-1-10T13-49-16,1515588556480,0.8926829,-0.004878049,0.46601942,0.8926829
2018-1-10T13-49-16,1515588556481,0.84390247,-0.004878049,0.4368932,0.84390247
2018-1-10T13-49-16,1515588556482,0.85365856,-0.004878049,0.42718446,0.85365856
2018-1-10T13-49-16,1515588556483,0.86341465,-0.004878049,0.44660193,0.86341465
2018-1-10T13-49-16,1515588556484,0.8341463,-0.024390243,0.44660193,0.8341463
2018-1-10T13-49-16,1515588556485,0.82439023,-0.043902438,0.44660193,0.82439023
2018-1-10T13-49-16,1515588556486,0.8341463,-0.034146342,0.42718446,0.8341463
2018-1-10T13-49-16,1515588556487,0.8341463,-0.004878049,0.42718446,0.8341463
2018-1-10T13-49-16,1515588556488,0.82439023,-0.014634146,0.42718446,0.82439023
2018-1-10T13-49-16,1515588556489,0.82439023,-0.004878049,0.4368932,0.82439023
2018-1-10T13-49-16,1515588556490,0.8341463,0.07317073,0.44660193,0.8341463
2018-1-10T13-49-16,1515588556491,0.84390247,0.043902438,0.44660193,0.84390247
2018-1-10T13-49-16,1515588556492,0.84390247,-0.004878049,0.4563107,0.84390247
2018-1-10T13-49-16,1515588556493,0.85365856,-0.004878049,0.4563107,0.85365856
2018-1-10T13-49-16,1515588556494,0.87317073,-0.004878049,0.5048544,0.87317073
2018-1-10T13-49-16,1515588556495,0.86341465,-0.014634146,0.44660193,0.86341465
2018-1-10T13-49-16,1515588556496,0.87317073,0.004878049,0.44660193,0.87317073
2018-1-10T13-49-16,1515588556497,0.91219515,-0.004878049,0.4368932,0.91219515
2018-1-10T13-49-16,1515588556498,0.84390247,-0.024390243,0.44660193,0.84390247
2018-1-10T13-49-16,1515588556499,0.85365856,-0.043902438,0.4368932,0.85365856
2018-1-10T13-49-16,1515588556500,0.8341463,-0.043902438,0.4368932,0.8341463
2018-1-10T13-49-16,1515588556501,0.81463414,-0.10243902,0.46601942,0.81463414
2018-1-10T13-49-16,1515588556502,0.84390247,-0.053658538,0.4563107,0.84390247
2018-1-10T13-49-16,1515588556503,0.85365856,-0.014634146,0.4368932,0.85365856
2018-1-10T13-49-16,1515588556504,0.86341465,-0.014634146,0.4368932,0.86341465
2018-1-10T13-49-16,1515588556505,0.86341465,-0.004878049,0.4563107,0.86341465
2018-1-10T13-49-16,1515588556506,0.84390247,-0.014634146,0.44660193,0.84390247
2018-1-10T13-49-16,1515588556507,0.86341465,-0.014634146,0.4563107,0.86341465
2018-1-10T13-49-16,1515588556508,0.86341465,-0.014634146,0.4563107,0.86341465
2018-1-10T13-49-16,1515588556509,0.85365856,-0.004878049,0.42718446,0.85365856
2018-1-10T13-49-16,1515588556510,0.8341463,-0.024390243,0.41747573,0.8341463
2018-1-10T13-49-16,1515588556511,0.8341463,-0.043902438,0.42718446,0.8341463
2018-1-10T13-49-16,1515588556512,0.82439023,-0.043902438,0.4368932,0.82439023
2018-1-10T13-49-16,1515588556513,0.81463414,-0.034146342,0.44660193,0.81463414
2018-1-10T13-49-16,1515588556514,0.82439023,-0.014634146,0.4368932,0.82439023
2018-1-10T13-49-16,1515588556515,0.85365856,-0.024390243,0.4368932,0.85365856
2018-1-10T13-49-16,1515588556516,0.84390247,-0.004878049,0.4368932,0.84390247
2018-1-10T13-49-16,1515588556517,0.85365856,0.004878049,0.4368932,0.85365856
2018-1-10T13-49-16,1515588556518,0.86341465,-0.004878049,0.41747573,0.86341465
2018-1-10T13-49-16,1515588556519,0.85365856,-0.004878049,0.44660193,0.85365856
2018-1-10T13-49-16,1515588556520,0.86341465,-0.014634146,0.46601942,0.86341465
2018-1-10T13-49-16,1515588556521,0.85365856,-0.024390243,0.4368932,0.85365856
2018-1-10T13-49-16,1515588556522,0.84390247,-0.034146342,0.4368932,0.84390247
2018-1-10T13-49-16,1515588556523,0.84390247,-0.024390243,0.42718446,0.84390247
2018-1-10T13-49-16,1515588556524,0.81463414,-0.014634146,0.4368932,0.81463414
2018-1-10T13-49-16,1515588556525,0.82439023,-0.043902438,0.4368932,0.82439023
2018-1-10T13-49-16,1515588556526,0.85365856,-0.053658538,0.4368932,0.85365856
2018-1-10T13-49-16,1515588556527,0.81463414,-0.053658538,0.46601942,0.81463414
2018-1-10T13-49-16,1515588556528,0.85365856,-0.034146342,0.4563107,0.85365856
2018-1-10T13-49-16,1515588556529,0.85365856,-0.034146342,0.46601942,0.85365856
2018-1-10T13-49-16,1515588556530,0.87317073,0.004878049,0.4563107,0.87317073
2018-1-10T13-49-16,1515588556531,0.87317073,-0.004878049,0.44660193,0.87317073
2018-1-10T13-49-16,1515588556532,0.8829268,0.004878049,0.44660193,0.8829268
2018-1-10T13-49-16,1515588556533,0.84390247,-0.034146342,0.4563107,0.84390247
2018-1-10T13-49-16,1515588556534,0.84390247,-0.034146342,0.44660193,0.84390247
2018-1-10T13-49-16,1515588556535,0.902439,-0.034146342,0.4368932,0.902439
2018-1-10T13-49-16,1515588556536,0.8341463,-0.09268293,0.4368932,0.8341463
2018-1-10T13-49-16,1515588556537,0.85365856,-0.034146342,0.4368932,0.85365856
2018-1-10T13-49-16,1515588556538,0.8341463,-0.024390243,0.42718446,0.8341463
2018-1-10T13-49-16,1515588556539,0.84390247,-0.043902438,0.44660193,0.84390247
2018-1-10T13-49-16,1515588556540,0.85365856,-0.014634146,0.4563107,0.85365856
2018-1-10T13-49-16,1515588556541,0.86341465,0.004878049,0.4563107,0.86341465
2018-1-10T13-49-16,1515588556542,0.84390247,-0.014634146,0.42718446,0.84390247
2018-1-10T13-49-16,1515588556543,0.8926829,-0.014634146,0.46601942,0.8926829
2018-1-10T13-49-16,1515588556544,0.84390247,-0.004878049,0.4563107,0.84390247
2018-1-10T13-49-16,1515588556545,0.84390247,-0.004878049,0.4368932,0.84390247
2018-1-10T13-49-16,1515588556546,0.86341465,-0.014634146,0.4368932,0.86341465
2018-1-10T13-49-16,1515588556547,0.81463414,-0.08292683,0.4563107,0.81463414
2018-1-10T13-49-16,1515588556548,0.8341463,-0.034146342,0.4854369,0.8341463
2018-1-10T13-49-16,1515588556549,0.85365856,-0.08292683,0.4368932,0.85365856
2018-1-10T13-49-16,1515588556550,0.86341465,-0.024390243,0.44660193,0.86341465
2018-1-10T13-49-16,1515588556551,0.85365856,-0.034146342,0.4368932,0.85365856
2018-1-10T13-49-16,1515588556552,0.85365856,-0.024390243,0.4368932,0.85365856
2018-1-10T13-49-16,1515588556553,0.8341463,-0.034146342,0.47572815,0.8341463
2018-1-10T13-49-16,1515588556554,0.86341465,0.034146342,0.4563107,0.86341465
2018-1-10T13-49-16,1515588556555,0.84390247,-0.043902438,0.4368932,0.84390247
2018-1-10T13-49-16,1515588556556,0.84390247,-0.043902438,0.42718446,0.84390247
2018-1-10T13-49-16,1515588556557,0.86341465,-0.024390243,0.44660193,0.86341465
2018-1-10T13-49-16,1515588556558,0.85365856,-0.004878049,0.42718446,0.85365856
2018-1-10T13-49-16,1515588556559,0.902439,-0.004878049,0.4368932,0.902439
2018-1-10T13-49-16,1515588556560,0.8341463,-0.024390243,0.4368932,0.8341463
2018-1-10T13-49-16,1515588556561,0.8341463,-0.024390243,0.4368932,0.8341463
2018-1-10T13-49-16,1515588556562,0.84390247,-0.014634146,0.4563107,0.84390247
2018-1-10T13-49-16,1515588556563,0.85365856,-0.014634146,0.4368932,0.85365856
2018-1-10T13-49-16,1515588556564,0.77560973,-0.014634146,0.4368932,0.77560973
2018-1-10T13-49-16,1515588556565,0.8341463,0.004878049,0.42718446,0.8341463
2018-1-10T13-49-16,1515588556566,0.85365856,0.004878049,0.46601942,0.85365856
2018-1-10T13-49-16,1515588556567,0.85365856,0.034146342,0.4563107,0.85365856
2018-1-10T13-49-16,1515588556568,0.84390247,-0.004878049,0.4368932,0.84390247
2018-1-10T13-49-16,1515588556569,0.84390247,-0.014634146,0.26213592,0.84390247
2018-1-10T13-49-16,1515588556570,0.84390247,-0.024390243,0.44660193,0.84390247
2018-1-10T13-49-16,1515588556571,0.902439,-0.004878049,0.4563107,0.902439
2018-1-10T13-49-16,1515588556572,0.84390247,-0.024390243,0.4368932,0.84390247
2018-1-10T13-49-16,1515588556573,0.86341465,-0.034146342,0.4368932,0.86341465
2018-1-10T13-49-16,1515588556574,0.902439,-0.024390243,0.4368932,0.902439
2018-1-10T13-49-16,1515588556575,0.87317073,-0.024390243,0.4563107,0.87317073
2018-1-10T13-49-16,1515588556576,0.85365856,-0.014634146,0.42718446,0.85365856
2018-1-10T13-49-16,1515588556577,0.85365856,-0.024390243,0.4368932,0.85365856
2018-1-10T13-49-16,1515588556578,0.84390247,-0.024390243,0.4563107,0.84390247
2018-1-10T13-49-16,1515588556579,0.85365856,-0.034146342,0.44660193,0.85365856
2018-1-10T13-49-16,1515588556580,0.8341463,-0.034146342,0.4563107,0.8341463
2018-1-10T13-49-16,1515588556581,0.8341463,-0.014634146,0.44660193,0.8341463
2018-1-10T13-49-16,1515588556582,0.85365856,-0.034146342,0.44660193,0.85365856
2018-1-10T13-49-16,1515588556583,0.86341465,-0.034146342,0.42718446,0.86341465
2018-1-10T13-49-16,1515588556584,0.86341465,-0.024390243,0.44660193,0.86341465
2018-1-10T13-49-16,1515588556585,0.85365856,-0.004878049,0.4368932,0.85365856
2018-1-10T13-49-16,1515588556586,0.85365856,-0.024390243,0.4368932,0.85365856
2018-1-10T13-49-16,1515588556587,0.84390247,-0.053658538,0.4368932,0.84390247
2018-1-10T13-49-16,1515588556588,0.8341463,-0.043902438,0.4563107,0.8341463
2018-1-10T13-49-16,1515588556589,0.85365856,0.053658538,0.44660193,0.85365856
2018-1-10T13-49-16,1515588556590,0.84390247,-0.014634146,0.44660193,0.84390247
2018-1-10T13-49-16,1515588556591,0.8341463,-0.014634146,0.4368932,0.8341463
2018-1-10T13-49-16,1515588556592,0.8341463,-0.024390243,0.41747573,0.8341463
2018-1-10T13-49-16,1515588556593,0.82439023,-0.034146342,0.42718446,0.82439023
2018-1-10T13-49-16,1515588556594,0.8341463,-0.034146342,0.44660193,0.8341463
2018-1-10T13-49-16,1515588556595,0.84390247,0.024390243,0.44660193,0.84390247
2018-1-10T13-49-16,1515588556596,0.84390247,-0.024390243,0.4563107,0.84390247
2018-1-10T13-49-16,1515588556597,0.8341463,-0.034146342,0.44660193,0.8341463
2018-1-10T13-49-16,1515588556598,0.902439,0.014634146,0.44660193,0.902439
2018-1-10T13-49-16,1515588556599,0.86341465,0.004878049,0.44660193,0.86341465
2018-1-10T13-49-16,1515588556600,0.86341465,0.06341463,0.44660193,0.86341465
2018-1-10T13-49-16,1515588556601,0.86341465,-0.014634146,0.4368932,0.86341465
2018-1-10T13-49-16,1515588556602,0.84390247,-0.014634146,0.44660193,0.84390247
2018-1-10T13-49-16,1515588556603,0.8829268,-0.034146342,0.44660193,0.8829268
2018-1-10T13-49-16,1515588556604,0.8341463,0.014634146,0.44660193,0.8341463
2018-1-10T13-49-16,1515588556605,0.81463414,-0.024390243,0.4563107,0.81463414
2018-1-10T13-49-16,1515588556606,0.84390247,-0.053658538,0.47572815,0.84390247
2018-1-10T13-49-16,1515588556607,0.87317073,-0.09268293,0.44660193,0.87317073
2018-1-10T13-49-16,1515588556608,0.85365856,0.034146342,0.44660193,0.85365856
2018-1-10T13-49-16,1515588556609,0.87317073,0.024390243,0.44660193,0.87317073
2018-1-10T13-49-16,1515588556610,0.85365856,-0.004878049,0.42718446,0.85365856
2018-1-10T13-49-16,1515588556611,0.86341465,-0.004878049,0.44660193,0.86341465
2018-1-10T13-49-16,1515588556612,0.84390247,-0.014634146,0.44660193,0.84390247
2018-1-10T13-49-16,1515588556613,0.85365856,-0.024390243,0.4368932,0.85365856
2018-1-10T13-49-16,1515588556614,0.8341463,-0.034146342,0.42718446,0.8341463
2018-1-10T13-49-16,1515588556615,0.8341463,-0.053658538,0.4368932,0.8341463
2018-1-10T13-49-16,1515588556616,0.7853659,-0.024390243,0.4368932,0.7853659
2018-1-10T13-49-16,1515588556617,0.87317073,-0.014634146,0.44660193,0.87317073
2018-1-10T13-49-16,1515588556618,0.85365856,-0.034146342,0.4368932,0.85365856
2018-1-10T13-49-16,1515588556619,0.85365856,-0.004878049,0.44660193,0.85365856
2018-1-10T13-49-16,1515588556620,0.84390247,-0.004878049,0.44660193,0.84390247
2018-1-10T13-49-16,1515588556621,0.87317073,-0.004878049,0.44660193,0.87317073
2018-1-10T13-49-16,1515588556622,0.86341465,-0.043902438,0.4563107,0.86341465
2018-1-10T13-49-16,1515588556623,0.85365856,-0.034146342,0.44660193,0.85365856
2018-1-10T13-49-16,1515588556624,0.85365856,-0.034146342,0.47572815,0.85365856
2018-1-10T13-49-16,1515588556625,0.85365856,-0.034146342,0.36893204,0.85365856
2018-1-10T13-49-16,1515588556626,0.81463414,-0.043902438,0.44660193,0.81463414
2018-1-10T13-49-16,1515588556627,0.84390247,-0.043902438,0.42718446,0.84390247
2018-1-10T13-49-16,1515588556628,0.8341463,-0.034146342,0.41747573,0.8341463
2018-1-10T13-49-16,1515588556629,0.82439023,-0.034146342,0.42718446,0.82439023
2018-1-10T13-49-16,1515588556630,0.8341463,-0.014634146,0.4563107,0.8341463
2018-1-10T13-49-16,1515588556631,0.84390247,0.004878049,0.4563107,0.84390247
2018-1-10T13-49-16,1515588556632,0.8341463,-0.024390243,0.4563107,0.8341463
2018-1-10T13-49-16,1515588556633,0.87317073,-0.004878049,0.4368932,0.87317073
2018-1-10T13-49-16,1515588556634,0.87317073,0.014634146,0.42718446,0.87317073
2018-1-10T13-49-16,1515588556635,0.8341463,0.014634146,0.44660193,0.8341463
2018-1-10T13-49-16,1515588556636,0.85365856,-0.014634146,0.44660193,0.85365856
2018-1-10T13-49-16,1515588556637,0.81463414,-0.024390243,0.42718446,0.81463414
2018-1-10T13-49-16,1515588556638,0.8341463,-0.014634146,0.4368932,0.8341463
2018-1-10T13-49-16,1515588556639,0.8341463,-0.034146342,0.44660193,0.8341463
2018-1-10T13-49-16,1515588556640,0.85365856,-0.034146342,0.4368932,0.85365856
2018-1-10T13-49-16,1515588556641,0.77560973,-0.024390243,0.42718446,0.77560973
2018-1-10T13-49-16,1515588556642,0.8341463,-0.024390243,0.4368932,0.8341463
2018-1-10T13-49-16,1515588556643,0.86341465,-0.024390243,0.4563107,0.86341465
2018-1-10T13-49-16,1515588556644,0.85365856,-0.004878049,0.47572815,0.85365856
2018-1-10T13-49-16,1515588556645,0.86341465,-0.024390243,0.4563107,0.86341465
2018-1-10T13-49-16,1515588556646,0.85365856,0.014634146,0.4563107,0.85365856
2018-1-10T13-49-16,1515588556647,0.85365856,-0.014634146,0.44660193,0.85365856
2018-1-10T13-49-16,1515588556648,0.86341465,-0.014634146,0.44660193,0.86341465
2018-1-10T13-49-16,1515588556649,0.85365856,-0.024390243,0.44660193,0.85365856
2018-1-10T13-49-16,1515588556650,0.84390247,-0.024390243,0.44660193,0.84390247
2018-1-10T13-49-16,1515588556651,0.84390247,-0.024390243,0.4563107,0.84390247
2018-1-10T13-49-16,1515588556652,0.8341463,-0.034146342,0.44660193,0.8341463
2018-1-10T13-49-16,1515588556653,0.85365856,-0.06341463,0.4368932,0.85365856
2018-1-10T13-49-16,1515588556654,0.8341463,-0.043902438,0.4368932,0.8341463
2018-1-10T13-49-16,1515588556655,0.86341465,-0.034146342,0.4368932,0.86341465
2018-1-10T13-49-16,1515588556656,0.84390247,-0.043902438,0.46601942,0.84390247
2018-1-10T13-49-16,1515588556657,0.8341463,-0.034146342,0.44660193,0.8341463
2018-1-10T13-49-16,1515588556658,0.86341465,-0.014634146,0.4563107,0.86341465
2018-1-10T13-49-16,1515588556659,0.84390247,-0.024390243,0.46601942,0.84390247
2018-1-10T13-49-16,1515588556660,0.85365856,-0.024390243,0.4563107,0.85365856
2018-1-10T13-49-16,1515588556661,0.8829268,-0.004878049,0.44660193,0.8829268
2018-1-10T13-49-16,1515588556662,0.85365856,-0.024390243,0.4368932,0.85365856
2018-1-10T13-49-16,1515588556663,0.84390247,0.06341463,0.4368932,0.84390247
2018-1-10T13-49-16,1515588556664,0.8341463,-0.06341463,0.4368932,0.8341463
2018-1-10T13-49-16,1515588556665,0.82439023,-0.014634146,0.4368932,0.82439023
2018-1-10T13-49-16,1515588556666,0.84390247,-0.014634146,0.42718446,0.84390247
2018-1-10T13-49-16,1515588556667,0.87317073,-0.014634146,0.44660193,0.87317073
2018-1-10T13-49-16,1515588556668,0.84390247,-0.014634146,0.42718446,0.84390247
2018-1-10T13-49-16,1515588556669,0.85365856,-0.014634146,0.4368932,0.85365856
2018-1-10T13-49-16,1515588556670,0.85365856,-0.06341463,0.4368932,0.85365856
2018-1-10T13-49-16,1515588556671,0.84390247,-0.014634146,0.4368932,0.84390247
2018-1-10T13-49-16,1515588556672,0.85365856,-0.014634146,0.4368932,0.85365856
2018-1-10T13-49-16,1515588556673,0.84390247,-0.004878049,0.44660193,0.84390247
2018-1-10T13-49-16,1515588556674,0.84390247,-0.014634146,0.44660193,0.84390247
2018-1-10T13-49-16,1515588556675,0.86341465,-0.014634146,0.42718446,0.86341465
2018-1-10T13-49-16,1515588556676,0.79512197,-0.014634146,0.44660193,0.79512197
2018-1-10T13-49-16,1515588556677,0.84390247,-0.014634146,0.44660193,0.84390247
2018-1-10T13-49-16,1515588556678,0.85365856,0.004878049,0.44660193,0.85365856
2018-1-10T13-49-16,1515588556679,0.84390247,-0.024390243,0.4563107,0.84390247
2018-1-10T13-49-16,1515588556680,0.84390247,-0.034146342,0.44660193,0.84390247
2018-1-10T13-49-16,1515588556681,0.85365856,-0.004878049,0.4563107,0.85365856
2018-1-10T13-49-16,1515588556682,0.84390247,-0.024390243,0.4368932,0.84390247
2018-1-10T13-49-16,1515588556683,0.8341463,-0.07317073,0.46601942,0.8341463
2018-1-10T13-49-16,1515588556684,0.8341463,-0.043902438,0.4563107,0.8341463
2018-1-10T13-49-16,1515588556685,0.84390247,-0.053658538,0.4563107,0.84390247
2018-1-10T13-49-16,1515588556686,0.84390247,-0.034146342,0.4563107,0.84390247
2018-1-10T13-49-16,1515588556687,0.84390247,-0.014634146,0.44660193,0.84390247
2018-1-10T13-49-16,1515588556688,0.85365856,-0.034146342,0.4563107,0.85365856
2018-1-10T13-49-16,1515588556689,0.85365856,-0.024390243,0.44660193,0.85365856
2018-1-10T13-49-16,1515588556690,0.85365856,-0.004878049,0.42718446,0.85365856
2018-1-10T13-49-16,1515588556691,0.85365856,0.35609755,0.41747573,0.85365856
2018-1-10T13-49-16,1515588556692,0.8341463,-0.034146342,0.44660193,0.8341463
2018-1-10T13-49-16,1515588556693,0.81463414,-0.043902438,0.44660193,0.81463414
2018-1-10T13-49-16,1515588556694,0.84390247,-0.034146342,0.42718446,0.84390247
2018-1-10T13-49-16,1515588556695,0.82439023,-0.043902438,0.42718446,0.82439023
2018-1-10T13-49-16,1515588556696,0.84390247,-0.004878049,0.42718446,0.84390247
2018-1-10T13-49-16,1515588556697,0.82439023,-0.034146342,0.4563107,0.82439023
2018-1-10T13-49-16,1515588556698,0.84390247,-0.034146342,0.44660193,0.84390247
2018-1-10T13-49-16,1515588556699,0.84390247,-0.034146342,0.44660193,0.84390247
2018-1-10T13-49-16,1515588556700,0.85365856,-0.014634146,0.3592233,0.85365856
2018-1-10T13-49-16,1515588556701,0.86341465,-0.014634146,0.47572815,0.86341465
2018-1-10T13-49-16,1515588556702,0.86341465,0.004878049,0.46601942,0.86341465
2018-1-10T13-49-16,1515588556703,0.86341465,0.004878049,0.44660193,0.86341465
2018-1-10T13-49-16,1515588556704,0.86341465,-0.07317073,0.44660193,0.86341465
2018-1-10T13-49-16,1515588556705,0.8341463,-0.024390243,0.44660193,0.8341463
2018-1-10T13-49-16,1515588556706,0.8341463,-0.043902438,0.4368932,0.8341463
2018-1-10T13-49-16,1515588556707,0.82439023,-0.043902438,0.44660193,0.82439023
2018-1-10T13-49-16,1515588556708,0.81463414,-0.043902438,0.44660193,0.81463414
2018-1-10T13-49-16,1515588556709,0.82439023,-0.043902438,0.4368932,0.82439023
2018-1-10T13-49-16,1515588556710,0.8341463,-0.014634146,0.4368932,0.8341463
2018-1-10T13-49-16,1515588556711,0.84390247,-0.014634146,0.4563107,0.84390247
2018-1-10T13-49-16,1515588556712,0.85365856,0.004878049,0.4368932,0.85365856
2018-1-10T13-49-16,1515588556713,0.85365856,0.004878049,0.44660193,0.85365856
2018-1-10T13-49-16,1515588556714,0.85365856,-0.004878049,0.41747573,0.85365856
2018-1-10T13-49-16,1515588556715,0.86341465,0.06341463,0.4368932,0.86341465
2018-1-10T13-49-16,1515588556716,0.84390247,-0.004878049,0.42718446,0.84390247
2018-1-10T13-49-16,1515588556717,0.84390247,-0.024390243,0.42718446,0.84390247
2018-1-10T13-49-16,1515588556718,0.8341463,-0.024390243,0.42718446,0.8341463
2018-1-10T13-49-16,1515588556719,0.81463414,-0.06341463,0.44660193,0.81463414
2018-1-10T13-49-16,1515588556720,0.81463414,-0.024390243,0.4368932,0.81463414
2018-1-10T13-49-16,1515588556721,0.84390247,-0.043902438,0.4368932,0.84390247
2018-1-10T13-49-16,1515588556722,0.85365856,-0.004878049,0.4368932,0.85365856
2018-1-10T13-49-16,1515588556723,0.87317073,-0.004878049,0.4563107,0.87317073
2018-1-10T13-49-16,1515588556724,0.86341465,-0.004878049,0.4563107,0.86341465
2018-1-10T13-49-16,1515588556725,0.86341465,0.014634146,0.44660193,0.86341465
2018-1-10T13-49-16,1515588556726,0.87317073,0.014634146,0.4563107,0.87317073
2018-1-10T13-49-16,1515588556727,0.86341465,-0.004878049,0.44660193,0.86341465
2018-1-10T13-49-16,1515588556728,0.84390247,-0.024390243,0.4563107,0.84390247
2018-1-10T13-49-16,1515588556729,0.86341465,0.014634146,0.4563107,0.86341465
2018-1-10T13-49-16,1515588556730,0.8341463,-0.024390243,0.4368932,0.8341463
2018-1-10T13-49-16,1515588556731,0.8341463,-0.034146342,0.42718446,0.8341463
2018-1-10T13-49-16,1515588556732,0.8341463,-0.034146342,0.37864077,0.8341463
2018-1-10T13-49-16,1515588556733,0.82439023,-0.034146342,0.47572815,0.82439023
2018-1-10T13-49-16,1515588556734,0.8341463,-0.034146342,0.4563107,0.8341463
2018-1-10T13-49-16,1515588556735,0.8341463,-0.034146342,0.42718446,0.8341463
2018-1-10T13-49-16,1515588556736,0.8341463,-0.014634146,0.4563107,0.8341463
2018-1-10T13-49-16,1515588556737,0.87317073,-0.014634146,0.4563107,0.87317073
2018-1-10T13-49-16,1515588556738,0.92195123,-0.004878049,0.4368932,0.92195123
2018-1-10T13-49-16,1515588556739,0.86341465,0.004878049,0.4368932,0.86341465
2018-1-10T13-49-16,1515588556740,0.86341465,0.004878049,0.41747573,0.86341465
2018-1-10T13-49-16,1515588556741,0.85365856,-0.024390243,0.44660193,0.85365856
2018-1-10T13-49-16,1515588556742,0.84390247,-0.034146342,0.4368932,0.84390247
2018-1-10T13-49-16,1515588556743,0.82439023,-0.043902438,0.46601942,0.82439023
2018-1-10T13-49-16,1515588556744,0.82439023,-0.034146342,0.47572815,0.82439023
2018-1-10T13-49-16,1515588556745,0.77560973,-0.034146342,0.42718446,0.77560973
2018-1-10T13-49-16,1515588556746,0.84390247,-0.024390243,0.42718446,0.84390247
2018-1-10T13-49-16,1515588556747,0.84390247,-0.024390243,0.44660193,0.84390247
2018-1-10T13-49-16,1515588556748,0.86341465,0.014634146,0.47572815,0.86341465
2018-1-10T13-49-16,1515588556749,0.86341465,-0.004878049,0.44660193,0.86341465
2018-1-10T13-49-16,1515588556750,0.84390247,-0.014634146,0.44660193,0.84390247
2018-1-10T13-49-16,1515588556751,0.84390247,-0.024390243,0.44660193,0.84390247
2018-1-10T13-49-16,1515588556752,0.8341463,-0.024390243,0.42718446,0.8341463
2018-1-10T13-49-16,1515588556753,0.81463414,-0.024390243,0.42718446,0.81463414
2018-1-10T13-49-16,1515588556754,0.8341463,-0.024390243,0.44660193,0.8341463
2018-1-10T13-49-16,1515588556755,0.84390247,-0.034146342,0.4368932,0.84390247
2018-1-10T13-49-16,1515588556756,0.84390247,-0.034146342,0.4368932,0.84390247
2018-1-10T13-49-16,1515588556757,0.82439023,-0.014634146,0.1262136,0.82439023
2018-1-10T13-49-16,1515588556758,0.84390247,-0.06341463,0.44660193,0.84390247
2018-1-10T13-49-16,1515588556759,0.84390247,-0.024390243,0.4563107,0.84390247
2018-1-10T13-49-16,1515588556760,0.85365856,-0.024390243,0.44660193,0.85365856
2018-1-10T13-49-16,1515588556761,0.84390247,-0.043902438,0.44660193,0.84390247
2018-1-10T13-49-16,1515588556762,0.85365856,-0.024390243,0.44660193,0.85365856
2018-1-10T13-49-16,1515588556763,0.84390247,-0.043902438,0.46601942,0.84390247
2018-1-10T13-49-16,1515588556764,0.8341463,-0.043902438,0.44660193,0.8341463
2018-1-10T13-49-16,1515588556765,0.91219515,-0.034146342,0.41747573,0.91219515
2018-1-10T13-49-16,1515588556766,0.85365856,-0.043902438,0.4368932,0.85365856
2018-1-10T13-49-16,1515588556767,0.8341463,-0.043902438,0.44660193,0.8341463
2018-1-10T13-49-16,1515588556768,0.84390247,-0.024390243,0.4368932,0.84390247
2018-1-10T13-49-16,1515588556769,0.85365856,-0.024390243,0.4368932,0.85365856
2018-1-10T13-49-16,1515588556770,0.85365856,-0.004878049,0.4368932,0.85365856
2018-1-10T13-49-16,1515588556771,0.86341465,-0.004878049,0.4563107,0.86341465
2018-1-10T13-49-16,1515588556772,0.84390247,-0.014634146,0.44660193,0.84390247
2018-1-10T13-49-16,1515588556773,0.85365856,-0.014634146,0.4563107,0.85365856
2018-1-10T13-49-16,1515588556774,0.84390247,-0.004878049,0.44660193,0.84390247
2018-1-10T13-49-16,1515588556775,0.85365856,-0.014634146,0.4368932,0.85365856
2018-1-10T13-49-16,1515588556776,0.8341463,-0.004878049,0.44660193,0.8341463
2018-1-10T13-49-16,1515588556777,0.82439023,0.004878049,0.4854369,0.82439023
2018-1-10T13-49-16,1515588556778,0.82439023,-0.024390243,0.44660193,0.82439023
2018-1-10T13-49-16,1515588556779,0.8926829,-0.06341463,0.44660193,0.8926829
2018-1-10T13-49-16,1515588556780,0.84390247,-0.034146342,0.42718446,0.84390247
2018-1-10T13-49-16,1515588556781,0.85365856,-0.024390243,0.4563107,0.85365856
2018-1-10T13-49-16,1515588556782,0.85365856,-0.024390243,0.4563107,0.85365856
2018-1-10T13-49-16,1515588556783,0.86341465,-0.024390243,0.44660193,0.86341465
2018-1-10T13-49-16,1515588556784,0.85365856,-0.004878049,0.4368932,0.85365856
2018-1-10T13-49-16,1515588556785,0.86341465,-0.024390243,0.42718446,0.86341465
2018-1-10T13-49-16,1515588556786,0.85365856,-0.034146342,0.4368932,0.85365856
2018-1-10T13-49-16,1515588556787,0.82439023,-0.043902438,0.47572815,0.82439023
2018-1-10T13-49-16,1515588556788,0.8341463,-0.043902438,0.4368932,0.8341463
2018-1-10T13-49-16,1515588556789,0.8341463,0.024390243,0.4368932,0.8341463
2018-1-10T13-49-16,1515588556790,0.84390247,-0.014634146,0.4563107,0.84390247
2018-1-10T13-49-16,1515588556791,0.85365856,0.014634146,0.4563107,0.85365856
2018-1-10T13-49-16,1515588556792,0.85365856,-0.004878049,0.41747573,0.85365856
2018-1-10T13-49-16,1515588556793,0.85365856,0.004878049,0.42718446,0.85365856
2018-1-10T13-49-16,1515588556794,0.902439,0.004878049,0.4368932,0.902439
2018-1-10T13-49-16,1515588556795,0.86341465,-0.024390243,0.4563107,0.86341465
2018-1-10T13-49-16,1515588556796,0.84390247,-0.053658538,0.44660193,0.84390247
2018-1-10T13-49-16,1515588556797,0.76585364,-0.034146342,0.42718446,0.76585364
2018-1-10T13-49-16,1515588556798,0.84390247,-0.024390243,0.4368932,0.84390247
2018-1-10T13-49-16,1515588556799,0.84390247,-0.024390243,0.42718446,0.84390247
2018-1-10T13-49-16,1515588556800,0.8341463,-0.014634146,0.42718446,0.8341463
2018-1-10T13-49-16,1515588556801,0.82439023,-0.024390243,0.4368932,0.82439023
2018-1-10T13-49-16,1515588556802,0.84390247,-0.014634146,0.44660193,0.84390247
2018-1-10T13-49-16,1515588556803,0.8341463,0.08292683,0.44660193,0.8341463
2018-1-10T13-49-16,1515588556804,0.85365856,-0.014634146,0.4563107,0.85365856
2018-1-10T13-49-16,1515588556805,0.85365856,-0.014634146,0.4854369,0.85365856
2018-1-10T13-49-16,1515588556806,0.86341465,-0.004878049,0.4563107,0.86341465
2018-1-10T13-49-16,1515588556807,0.86341465,-0.004878049,0.4563107,0.86341465
2018-1-10T13-49-16,1515588556808,0.87317073,-0.014634146,0.42718446,0.87317073
2018-1-10T13-49-16,1515588556809,0.85365856,-0.014634146,0.42718446,0.85365856
2018-1-10T13-49-16,1515588556810,0.8341463,-0.034146342,0.44660193,0.8341463
2018-1-10T13-49-16,1515588556811,0.8341463,-0.014634146,0.42718446,0.8341463
2018-1-10T13-49-16,1515588556812,0.87317073,-0.034146342,0.44660193,0.87317073
2018-1-10T13-49-16,1515588556813,0.81463414,-0.053658538,0.4368932,0.81463414
2018-1-10T13-49-16,1515588556814,0.81463414,-0.043902438,0.42718446,0.81463414
2018-1-10T13-49-16,1515588556815,0.84390247,-0.024390243,0.44660193,0.84390247
2018-1-10T13-49-16,1515588556816,0.85365856,0.06341463,0.44660193,0.85365856
2018-1-10T13-49-16,1515588556817,0.86341465,-0.09268293,0.46601942,0.86341465
2018-1-10T13-49-16,1515588556818,0.87317073,-0.014634146,0.4563107,0.87317073
2018-1-10T13-49-16,1515588556819,0.86341465,-0.014634146,0.44660193,0.86341465
2018-1-10T13-49-16,1515588556820,0.85365856,-0.043902438,0.41747573,0.85365856
2018-1-10T13-49-16,1515588556821,0.84390247,-0.024390243,0.4368932,0.84390247
2018-1-10T13-49-16,1515588556822,0.8341463,-0.043902438,0.3883495,0.8341463
2018-1-10T13-49-16,1515588556823,0.82439023,-0.043902438,0.44660193,0.82439023
2018-1-10T13-49-16,1515588556824,0.82439023,-0.034146342,0.4368932,0.82439023
2018-1-10T13-49-16,1515588556825,0.8341463,-0.043902438,0.4368932,0.8341463
2018-1-10T13-49-16,1515588556826,0.84390247,-0.014634146,0.42718446,0.84390247
2018-1-10T13-49-16,1515588556827,0.86341465,-0.014634146,0.44660193,0.86341465
2018-1-10T13-49-16,1515588556828,0.86341465,0.004878049,0.44660193,0.86341465
2018-1-10T13-49-16,1515588556829,0.86341465,0.004878049,0.4368932,0.86341465
2018-1-10T13-49-16,1515588556830,0.86341465,-0.004878049,0.44660193,0.86341465
2018-1-10T13-49-16,1515588556831,0.85365856,0.034146342,0.44660193,0.85365856
2018-1-10T13-49-16,1515588556832,0.86341465,-0.014634146,0.42718446,0.86341465
2018-1-10T13-49-16,1515588556833,0.85365856,-0.034146342,0.4368932,0.85365856
2018-1-10T13-49-16,1515588556834,0.85365856,-0.024390243,0.42718446,0.85365856
2018-1-10T13-49-16,1515588556835,0.8341463,-0.004878049,0.41747573,0.8341463
2018-1-10T13-49-16,1515588556836,0.85365856,-0.034146342,0.42718446,0.85365856
2018-1-10T13-49-16,1515588556837,0.82439023,0.053658538,0.44660193,0.82439023
2018-1-10T13-49-16,1515588556838,0.8341463,-0.043902438,0.44660193,0.8341463
2018-1-10T13-49-16,1515588556839,0.8341463,-0.034146342,0.44660193,0.8341463
2018-1-10T13-49-16,1515588556840,0.85365856,-0.024390243,0.4563107,0.85365856
2018-1-10T13-49-16,1515588556841,0.9512195,-0.004878049,0.46601942,0.9512195
2018-1-10T13-49-16,1515588556842,0.86341465,-0.004878049,0.4563107,0.86341465
2018-1-10T13-49-16,1515588556843,0.86341465,0.024390243,0.4563107,0.86341465
2018-1-10T13-49-16,1515588556844,0.85365856,-0.004878049,0.44660193,0.85365856
2018-1-10T13-49-16,1515588556845,0.84390247,-0.024390243,0.4563107,0.84390247
2018-1-10T13-49-16,1515588556846,0.86341465,-0.034146342,0.4368932,0.86341465
2018-1-10T13-49-16,1515588556847,0.7853659,-0.043902438,0.4368932,0.7853659
2018-1-10T13-49-16,1515588556848,0.82439023,-0.053658538,0.42718446,0.82439023
2018-1-10T13-49-16,1515588556849,0.84390247,-0.024390243,0.42718446,0.84390247
2018-1-10T13-49-16,1515588556850,0.8341463,-0.024390243,0.44660193,0.8341463
2018-1-10T13-49-16,1515588556851,0.84390247,-0.014634146,0.42718446,0.84390247
2018-1-10T13-49-16,1515588556852,0.85365856,-0.014634146,0.4368932,0.85365856
2018-1-10T13-49-16,1515588556853,0.85365856,-0.024390243,0.407767,0.85365856
2018-1-10T13-49-16,1515588556854,0.84390247,-0.004878049,0.4563107,0.84390247
2018-1-10T13-49-16,1515588556855,0.84390247,-0.014634146,0.4563107,0.84390247
2018-1-10T13-49-16,1515588556856,0.92195123,-0.034146342,0.4368932,0.92195123
2018-1-10T13-49-16,1515588556857,0.82439023,-0.034146342,0.44660193,0.82439023
2018-1-10T13-49-16,1515588556858,0.8341463,-0.024390243,0.4563107,0.8341463
2018-1-10T13-49-16,1515588556859,0.8341463,-0.014634146,0.46601942,0.8341463
2018-1-10T13-49-16,1515588556860,0.8341463,-0.024390243,0.4563107,0.8341463
2018-1-10T13-49-16,1515588556861,1.0195122,0.06341463,0.42718446,1.0195122
2018-1-10T13-49-16,1515588556862,0.85365856,-0.014634146,0.4368932,0.85365856
2018-1-10T13-49-16,1515588556863,0.85365856,-0.024390243,0.44660193,0.85365856
2018-1-10T13-49-16,1515588556864,0.84390247,-0.034146342,0.46601942,0.84390247
2018-1-10T13-49-16,1515588556865,0.82439023,-0.034146342,0.42718446,0.82439023
2018-1-10T13-49-16,1515588556866,0.84390247,-0.024390243,0.4368932,0.84390247
2018-1-10T13-49-16,1515588556867,0.8341463,-0.024390243,0.4563107,0.8341463
2018-1-10T13-49-16,1515588556868,0.85365856,-0.043902438,0.44660193,0.85365856
2018-1-10T13-49-16,1515588556869,0.8341463,-0.043902438,0.4368932,0.8341463
2018-1-10T13-49-16,1515588556870,0.84390247,-0.014634146,0.41747573,0.84390247
2018-1-10T13-49-16,1515588556871,0.8341463,-0.024390243,0.41747573,0.8341463
2018-1-10T13-49-16,1515588556872,0.8341463,-0.034146342,0.4563107,0.8341463
2018-1-10T13-49-16,1515588556873,0.8341463,-0.034146342,0.46601942,0.8341463
2018-1-10T13-49-16,1515588556874,0.84390247,0.004878049,0.4563107,0.84390247
2018-1-10T13-49-16,1515588556875,0.86341465,-0.034146342,0.3883495,0.86341465
2018-1-10T13-49-16,1515588556876,0.85365856,-0.004878049,0.44660193,0.85365856
2018-1-10T13-49-16,1515588556877,0.8341463,-0.004878049,0.49514562,0.8341463
2018-1-10T13-49-16,1515588556878,0.87317073,-0.004878049,0.4368932,0.87317073
2018-1-10T13-49-16,1515588556879,0.85365856,0.004878049,0.39805827,0.85365856
2018-1-10T13-49-16,1515588556880,0.84390247,-0.004878049,0.42718446,0.84390247
2018-1-10T13-49-16,1515588556881,0.77560973,-0.024390243,0.46601942,0.77560973
2018-1-10T13-49-16,1515588556882,0.8341463,-0.024390243,0.46601942,0.8341463
2018-1-10T13-49-16,1515588556883,0.8341463,-0.043902438,0.4368932,0.8341463
2018-1-10T13-49-16,1515588556884,0.85365856,-0.014634146,0.407767,0.85365856
2018-1-10T13-49-16,1515588556885,0.85365856,-0.024390243,0.4563107,0.85365856
2018-1-10T13-49-16,1515588556886,0.85365856,-0.014634146,0.46601942,0.85365856
2018-1-10T13-49-16,1515588556887,0.84390247,-0.014634146,0.4563107,0.84390247
2018-1-10T13-49-16,1515588556888,0.85365856,-0.024390243,0.4563107,0.85365856
2018-1-10T13-49-16,1515588556889,0.85365856,-0.024390243,0.4368932,0.85365856
2018-1-10T13-49-16,1515588556890,0.84390247,-0.024390243,0.4563107,0.84390247
2018-1-10T13-49-16,1515588556891,0.84390247,-0.034146342,0.46601942,0.84390247
2018-1-10T13-49-16,1515588556892,0.8341463,-0.024390243,0.44660193,0.8341463
2018-1-10T13-49-16,1515588556893,0.8341463,-0.08292683,0.4368932,0.8341463
2018-1-10T13-49-16,1515588556894,0.84390247,0.014634146,0.44660193,0.84390247
2018-1-10T13-49-16,1515588556895,0.85365856,-0.014634146,0.44660193,0.85365856
2018-1-10T13-49-16,1515588556896,0.86341465,-0.024390243,0.4368932,0.86341465
2018-1-10T13-49-16,1515588556897,0.84390247,-0.034146342,0.44660193,0.84390247
2018-1-10T13-49-16,1515588556898,0.86341465,-0.014634146,0.42718446,0.86341465
2018-1-10T13-49-16,1515588556899,0.86341465,-0.024390243,0.44660193,0.86341465
2018-1-10T13-49-16,1515588556900,0.86341465,-0.034146342,0.44660193,0.86341465
2018-1-10T13-49-16,1515588556901,0.84390247,-0.034146342,0.42718446,0.84390247
2018-1-10T13-49-16,1515588556902,0.8341463,-0.034146342,0.44660193,0.8341463
2018-1-10T13-49-16,1515588556903,0.84390247,-0.014634146,0.42718446,0.84390247
2018-1-10T13-49-16,1515588556904,0.8341463,-0.004878049,0.4368932,0.8341463
2018-1-10T13-49-16,1515588556905,0.8341463,-0.024390243,0.4368932,0.8341463
2018-1-10T13-49-16,1515588556906,0.8341463,-0.034146342,0.44660193,0.8341463
2018-1-10T13-49-16,1515588556907,0.84390247,-0.004878049,0.4563107,0.84390247
2018-1-10T13-49-16,1515588556908,0.84390247,-0.014634146,0.44660193,0.84390247
2018-1-10T13-49-16,1515588556909,0.84390247,-0.004878049,0.41747573,0.84390247
2018-1-10T13-49-16,1515588556910,0.84390247,-0.014634146,0.44660193,0.84390247
2018-1-10T13-49-16,1515588556911,0.84390247,-0.004878049,0.44660193,0.84390247
2018-1-10T13-49-16,1515588556912,0.9414634,-0.024390243,0.4368932,0.9414634
2018-1-10T13-49-16,1515588556913,0.8341463,-0.043902438,0.44660193,0.8341463
2018-1-10T13-49-16,1515588556914,0.8341463,-0.043902438,0.44660193,0.8341463
2018-1-10T13-49-16,1515588556915,0.85365856,-0.043902438,0.4563107,0.85365856
2018-1-10T13-49-16,1515588556916,0.84390247,-0.043902438,0.44660193,0.84390247
2018-1-10T13-49-16,1515588556917,0.85365856,-0.07317073,0.44660193,0.85365856
2018-1-10T13-49-16,1515588556918,0.8341463,-0.043902438,0.4368932,0.8341463
2018-1-10T13-49-16,1515588556919,0.9902439,-0.034146342,0.4368932,0.9902439
2018-1-10T13-49-16,1515588556920,0.84390247,-0.014634146,0.4563107,0.84390247
2018-1-10T13-49-16,1515588556921,0.85365856,-0.014634146,0.4563107,0.85365856
2018-1-10T13-49-16,1515588556922,0.85365856,0.024390243,0.4368932,0.85365856
2018-1-10T13-49-16,1515588556923,0.86341465,-0.014634146,0.42718446,0.86341465
2018-1-10T13-49-16,1515588556924,0.8341463,-0.014634146,0.4368932,0.8341463
2018-1-10T13-49-16,1515588556925,0.8341463,-0.034146342,0.4368932,0.8341463
2018-1-10T13-49-16,1515588556926,0.80487806,-0.034146342,0.42718446,0.80487806
2018-1-10T13-49-16,1515588556927,0.82439023,-0.004878049,0.41747573,0.82439023
2018-1-10T13-49-16,1515588556928,0.8341463,0.024390243,0.4368932,0.8341463
2018-1-10T13-49-16,1515588556929,0.82439023,0.004878049,0.44660193,0.82439023
2018-1-10T13-49-16,1515588556930,0.84390247,-0.024390243,0.4563107,0.84390247
2018-1-10T13-49-16,1515588556931,0.91219515,-0.024390243,0.42718446,0.91219515
2018-1-10T13-49-16,1515588556932,0.86341465,-0.004878049,0.4368932,0.86341465
2018-1-10T13-49-16,1515588556933,0.86341465,-0.004878049,0.4368932,0.86341465
2018-1-10T13-49-16,1515588556934,0.86341465,-0.004878049,0.47572815,0.86341465
2018-1-10T13-49-16,1515588556935,0.85365856,-0.014634146,0.46601942,0.85365856
2018-1-10T13-49-16,1515588556936,0.86341465,-0.024390243,0.44660193,0.86341465
2018-1-10T13-49-16,1515588556937,0.84390247,-0.024390243,0.4563107,0.84390247
2018-1-10T13-49-16,1515588556938,0.84390247,-0.034146342,0.41747573,0.84390247
2018-1-10T13-49-16,1515588556939,0.8341463,-0.043902438,0.42718446,0.8341463
2018-1-10T13-49-16,1515588556940,0.91219515,-0.043902438,0.4563107,0.91219515
2018-1-10T13-49-16,1515588556941,0.8341463,-0.024390243,0.42718446,0.8341463
2018-1-10T13-49-16,1515588556942,0.77560973,-0.024390243,0.4368932,0.77560973
2018-1-10T13-49-16,1515588556943,0.85365856,-0.014634146,0.46601942,0.85365856
2018-1-10T13-49-16,1515588556944,0.86341465,-0.004878049,0.47572815,0.86341465
2018-1-10T13-49-16,1515588556945,0.87317073,-0.004878049,0.44660193,0.87317073
2018-1-10T13-49-16,1515588556946,0.87317073,-0.07317073,0.42718446,0.87317073
2018-1-10T13-49-16,1515588556947,0.87317073,-0.004878049,0.4368932,0.87317073
2018-1-10T13-49-16,1515588556948,0.7853659,-0.004878049,0.4368932,0.7853659
2018-1-10T13-49-16,1515588556949,0.84390247,-0.034146342,0.4368932,0.84390247
2018-1-10T13-49-16,1515588556950,0.82439023,-0.034146342,0.4368932,0.82439023
2018-1-10T13-49-16,1515588556951,0.82439023,-0.034146342,0.4563107,0.82439023
2018-1-10T13-49-16,1515588556952,0.80487806,-0.043902438,0.42718446,0.80487806
2018-1-10T13-49-16,1515588556953,0.80487806,-0.004878049,0.44660193,0.80487806
2018-1-10T13-49-16,1515588556954,0.82439023,-0.014634146,0.44660193,0.82439023
2018-1-10T13-49-16,1515588556955,0.84390247,-0.004878049,0.4368932,0.84390247
2018-1-10T13-49-16,1515588556956,0.81463414,-0.10243902,0.39805827,0.81463414
2018-1-10T13-49-16,1515588556957,0.84390247,-0.004878049,0.4563107,0.84390247
2018-1-10T13-49-16,1515588556958,0.84390247,-0.004878049,0.4563107,0.84390247
2018-1-10T13-49-16,1515588556959,0.86341465,-0.034146342,0.4368932,0.86341465
2018-1-10T13-49-16,1515588556960,0.85365856,-0.024390243,0.44660193,0.85365856
2018-1-10T13-49-16,1515588556961,0.8341463,-0.024390243,0.44660193,0.8341463
2018-1-10T13-49-16,1515588556962,0.8341463,-0.034146342,0.46601942,0.8341463
2018-1-10T13-49-16,1515588556963,0.8341463,-0.034146342,0.44660193,0.8341463
2018-1-10T13-49-16,1515588556964,0.8341463,-0.034146342,0.44660193,0.8341463
2018-1-10T13-49-16,1515588556965,0.85365856,-0.034146342,0.46601942,0.85365856
2018-1-10T13-49-16,1515588556966,0.84390247,-0.034146342,0.42718446,0.84390247
2018-1-10T13-49-16,1515588556967,0.85365856,-0.043902438,0.44660193,0.85365856
2018-1-10T13-49-16,1515588556968,0.8341463,-0.034146342,0.44660193,0.8341463
2018-1-10T13-49-16,1515588556969,0.8341463,-0.024390243,0.44660193,0.8341463
2018-1-10T13-49-16,1515588556970,0.87317073,-0.034146342,0.46601942,0.87317073
2018-1-10T13-49-16,1515588556971,0.84390247,-0.13170731,0.4563107,0.84390247
2018-1-10T13-49-16,1515588556972,0.85365856,0.004878049,0.44660193,0.85365856
2018-1-10T13-49-16,1515588556973,0.87317073,-0.014634146,0.4368932,0.87317073
2018-1-10T13-49-16,1515588556974,0.86341465,-0.024390243,0.42718446,0.86341465
2018-1-10T13-49-16,1515588556975,0.85365856,-0.004878049,0.4368932,0.85365856
2018-1-10T13-49-16,1515588556976,0.84390247,-0.014634146,0.44660193,0.84390247
2018-1-10T13-49-16,1515588556977,0.8341463,-0.024390243,0.42718446,0.8341463
2018-1-10T13-49-16,1515588556978,0.8341463,-0.034146342,0.42718446,0.8341463
2018-1-10T13-49-16,1515588556979,0.8341463,0.043902438,0.4368932,0.8341463
2018-1-10T13-49-16,1515588556980,0.86341465,-0.024390243,0.4368932,0.86341465
2018-1-10T13-49-16,1515588556981,0.8341463,-0.014634146,0.4563107,0.8341463
2018-1-10T13-49-16,1515588556982,0.84390247,-0.014634146,0.4368932,0.84390247
2018-1-10T13-49-16,1515588556983,0.8341463,-0.024390243,0.4368932,0.8341463
2018-1-10T13-49-16,1515588556984,0.85365856,-0.014634146,0.44660193,0.85365856
2018-1-10T13-49-16,1515588556985,0.86341465,-0.014634146,0.407767,0.86341465
2018-1-10T13-49-16,1515588556986,0.86341465,-0.004878049,0.44660193,0.86341465
2018-1-10T13-49-16,1515588556987,0.85365856,-0.034146342,0.4368932,0.85365856
2018-1-10T13-49-16,1515588556988,0.84390247,0.004878049,0.42718446,0.84390247
2018-1-10T13-49-16,1515588556989,0.85365856,-0.024390243,0.42718446,0.85365856
2018-1-10T13-49-16,1515588556990,0.84390247,-0.014634146,0.4563107,0.84390247
2018-1-10T13-49-16,1515588556991,0.8341463,-0.034146342,0.4563107,0.8341463
2018-1-10T13-49-16,1515588556992,0.8341463,-0.07317073,0.44660193,0.8341463
2018-1-10T13-49-16,1515588556993,0.82439023,-0.09268293,0.42718446,0.82439023
2018-1-10T13-49-16,1515588556994,0.8341463,-0.034146342,0.42718446,0.8341463
2018-1-10T13-49-16,1515588556995,0.8341463,-0.043902438,0.44660193,0.8341463
2018-1-10T13-49-16,1515588556996,0.86341465,-0.034146342,0.4563107,0.86341465
2018-1-10T13-49-16,1515588556997,0.84390247,-0.024390243,0.4563107,0.84390247
2018-1-10T13-49-16,1515588556998,0.86341465,-0.004878049,0.46601942,0.86341465
2018-1-10T13-49-16,1515588556999,0.8829268,-0.004878049,0.4563107,0.8829268
2018-1-10T13-49-17,1515588557000,0.87317073,0.004878049,0.4368932,0.87317073
2018-1-10T13-49-17,1515588557001,0.85365856,-0.004878049,0.42718446,0.85365856
2018-1-10T13-49-17,1515588557002,0.8829268,-0.043902438,0.42718446,0.8829268
2018-1-10T13-49-17,1515588557003,0.82439023,-0.014634146,0.44660193,0.82439023
2018-1-10T13-49-17,1515588557004,0.82439023,-0.034146342,0.4368932,0.82439023
2018-1-10T13-49-17,1515588557005,0.8341463,-0.024390243,0.44660193,0.8341463
2018-1-10T13-49-17,1515588557006,0.82439023,-0.024390243,0.4368932,0.82439023
2018-1-10T13-49-17,1515588557007,0.84390247,-0.014634146,0.4563107,0.84390247
2018-1-10T13-49-17,1515588557008,0.84390247,-0.024390243,0.42718446,0.84390247
2018-1-10T13-49-17,1515588557009,0.85365856,0.014634146,0.46601942,0.85365856
2018-1-10T13-49-17,1515588557010,0.85365856,-0.014634146,0.44660193,0.85365856
2018-1-10T13-49-17,1515588557011,0.8341463,-0.014634146,0.44660193,0.8341463
2018-1-10T13-49-17,1515588557012,0.84390247,-0.014634146,0.46601942,0.84390247
2018-1-10T13-49-17,1515588557013,0.85365856,-0.034146342,0.46601942,0.85365856
2018-1-10T13-49-17,1515588557014,0.87317073,-0.014634146,0.4563107,0.87317073
2018-1-10T13-49-17,1515588557015,0.8341463,-0.014634146,0.44660193,0.8341463
2018-1-10T13-49-17,1515588557016,0.92195123,0.024390243,0.44660193,0.92195123
2018-1-10T13-49-17,1515588557017,0.85365856,-0.024390243,0.3883495,0.85365856
2018-1-10T13-49-17,1515588557018,0.84390247,-0.11219512,0.44660193,0.84390247
2018-1-10T13-49-17,1515588557019,0.82439023,-0.043902438,0.44660193,0.82439023
2018-1-10T13-49-17,1515588557020,0.81463414,-0.053658538,0.44660193,0.81463414
2018-1-10T13-49-17,1515588557021,0.82439023,-0.06341463,0.44660193,0.82439023
2018-1-10T13-49-17,1515588557022,0.81463414,-0.043902438,0.44660193,0.81463414
2018-1-10T13-49-17,1515588557023,0.85365856,-0.024390243,0.44660193,0.85365856
2018-1-10T13-49-17,1515588557024,0.86341465,-0.014634146,0.44660193,0.86341465
2018-1-10T13-49-17,1515588557025,0.85365856,-0.014634146,0.44660193,0.85365856
2018-1-10T13-49-17,1515588557026,0.7853659,-0.024390243,0.4368932,0.7853659
2018-1-10T13-49-17,1515588557027,0.85365856,-0.014634146,0.44660193,0.85365856
2018-1-10T13-49-17,1515588557028,0.84390247,-0.014634146,0.4368932,0.84390247
2018-1-10T13-49-17,1515588557029,0.82439023,-0.034146342,0.4563107,0.82439023
2018-1-10T13-49-17,1515588557030,0.82439023,-0.043902438,0.42718446,0.82439023
2018-1-10T13-49-17,1515588557031,0.82439023,-0.043902438,0.4368932,0.82439023
2018-1-10T13-49-17,1515588557032,0.86341465,-0.024390243,0.44660193,0.86341465
2018-1-10T13-49-17,1515588557033,0.7853659,-0.024390243,0.4368932,0.7853659
2018-1-10T13-49-17,1515588557034,0.81463414,-0.014634146,0.42718446,0.81463414
2018-1-10T13-49-17,1515588557035,0.82439023,-0.034146342,0.44660193,0.82439023
2018-1-10T13-49-17,1515588557036,0.85365856,0.004878049,0.44660193,0.85365856
2018-1-10T13-49-17,1515588557037,0.85365856,0.004878049,0.407767,0.85365856
2018-1-10T13-49-17,1515588557038,0.85365856,-0.014634146,0.44660193,0.85365856
2018-1-10T13-49-17,1515588557039,0.84390247,-0.004878049,0.44660193,0.84390247
2018-1-10T13-49-17,1515588557040,0.8341463,-0.043902438,0.4368932,0.8341463
2018-1-10T13-49-17,1515588557041,0.84390247,-0.024390243,0.4368932,0.84390247
2018-1-10T13-49-17,1515588557042,0.8341463,-0.024390243,0.4368932,0.8341463
2018-1-10T13-49-17,1515588557043,0.79512197,-0.043902438,0.44660193,0.79512197
2018-1-10T13-49-17,1515588557044,0.84390247,-0.034146342,0.5145631,0.84390247
2018-1-10T13-49-17,1515588557045,0.8341463,-0.043902438,0.4368932,0.8341463
2018-1-10T13-49-17,1515588557046,0.8829268,-0.034146342,0.4563107,0.8829268
2018-1-10T13-49-17,1515588557047,0.85365856,-0.014634146,0.41747573,0.85365856
2018-1-10T13-49-17,1515588557048,0.8829268,-0.004878049,0.4563107,0.8829268
2018-1-10T13-49-17,1515588557049,1.2926829,-0.004878049,0.41747573,1.2926829
2018-1-10T13-49-17,1515588557050,0.85365856,-0.004878049,0.4368932,0.85365856
2018-1-10T13-49-17,1515588557051,0.86341465,-0.014634146,0.4368932,0.86341465
2018-1-10T13-49-17,1515588557052,0.85365856,-0.024390243,0.44660193,0.85365856
2018-1-10T13-49-17,1515588557053,0.8341463,-0.034146342,0.4368932,0.8341463
2018-1-10T13-49-17,1515588557054,0.86341465,-0.024390243,0.4854369,0.86341465
2018-1-10T13-49-17,1515588557055,0.84390247,-0.034146342,0.42718446,0.84390247
2018-1-10T13-49-17,1515588557056,0.82439023,-0.034146342,0.4368932,0.82439023
2018-1-10T13-49-17,1515588557057,0.80487806,-0.024390243,0.4368932,0.80487806
2018-1-10T13-49-17,1515588557058,0.86341465,-0.014634146,0.44660193,0.86341465
2018-1-10T13-49-17,1515588557059,0.84390247,-0.034146342,0.44660193,0.84390247
2018-1-10T13-49-17,1515588557060,0.82439023,-0.014634146,0.4563107,0.82439023
2018-1-10T13-49-17,1515588557061,0.85365856,-0.034146342,0.4368932,0.85365856
2018-1-10T13-49-17,1515588557062,0.86341465,-0.014634146,0.44660193,0.86341465
2018-1-10T13-49-17,1515588557063,0.8341463,-0.024390243,0.44660193,0.8341463
2018-1-10T13-49-17,1515588557064,0.84390247,-0.024390243,0.42718446,0.84390247
2018-1-10T13-49-17,1515588557065,0.8341463,-0.034146342,0.4368932,0.8341463
2018-1-10T13-49-17,1515588557066,0.8341463,-0.024390243,0.44660193,0.8341463
2018-1-10T13-49-17,1515588557067,0.84390247,0.004878049,0.42718446,0.84390247
2018-1-10T13-49-17,1515588557068,0.86341465,0.043902438,0.44660193,0.86341465
2018-1-10T13-49-17,1515588557069,0.84390247,-0.024390243,0.4368932,0.84390247
2018-1-10T13-49-17,1515588557070,0.85365856,-0.024390243,0.4368932,0.85365856
2018-1-10T13-49-17,1515588557071,0.85365856,-0.004878049,0.44660193,0.85365856
2018-1-10T13-49-17,1515588557072,0.84390247,-0.014634146,0.44660193,0.84390247
2018-1-10T13-49-17,1515588557073,0.84390247,-0.024390243,0.44660193,0.84390247
2018-1-10T13-49-17,1515588557074,0.85365856,-0.043902438,0.4563107,0.85365856
2018-1-10T13-49-17,1515588557075,0.84390247,-0.014634146,0.4563107,0.84390247
2018-1-10T13-49-17,1515588557076,0.85365856,-0.014634146,0.42718446,0.85365856
2018-1-10T13-49-17,1515588557077,0.85365856,-0.024390243,0.42718446,0.85365856
2018-1-10T13-49-17,1515588557078,0.84390247,-0.053658538,0.4563107,0.84390247
2018-1-10T13-49-17,1515588557079,0.85365856,-0.024390243,0.4563107,0.85365856
2018-1-10T13-49-17,1515588557080,0.85365856,-0.024390243,0.44660193,0.85365856
2018-1-10T13-49-17,1515588557081,0.85365856,-0.034146342,0.44660193,0.85365856
2018-1-10T13-49-17,1515588557082,0.79512197,-0.014634146,0.4563107,0.79512197
2018-1-10T13-49-17,1515588557083,0.86341465,0.06341463,0.44660193,0.86341465
2018-1-10T13-49-17,1515588557084,0.86341465,-0.024390243,0.44660193,0.86341465
2018-1-10T13-49-17,1515588557085,0.85365856,-0.024390243,0.4368932,0.85365856
2018-1-10T13-49-17,1515588557086,0.84390247,-0.034146342,0.4368932,0.84390247
2018-1-10T13-49-17,1515588557087,0.84390247,-0.08292683,0.4368932,0.84390247
2018-1-10T13-49-17,1515588557088,0.84390247,-0.024390243,0.5339806,0.84390247
2018-1-10T13-49-17,1515588557089,0.85365856,-0.06341463,0.4368932,0.85365856
2018-1-10T13-49-17,1515588557090,0.84390247,-0.004878049,0.42718446,0.84390247
2018-1-10T13-49-17,1515588557091,0.85365856,-0.014634146,0.42718446,0.85365856
2018-1-10T13-49-17,1515588557092,0.86341465,-0.014634146,0.4368932,0.86341465
2018-1-10T13-49-17,1515588557093,0.8341463,-0.034146342,0.46601942,0.8341463
2018-1-10T13-49-17,1515588557094,0.8341463,-0.034146342,0.4368932,0.8341463
2018-1-10T13-49-17,1515588557095,0.82439023,-0.024390243,0.44660193,0.82439023
2018-1-10T13-49-17,1515588557096,0.82439023,-0.024390243,0.44660193,0.82439023
2018-1-10T13-49-17,1515588557097,0.8341463,-0.014634146,0.39805827,0.8341463
2018-1-10T13-49-17,1515588557098,0.81463414,-0.043902438,0.42718446,0.81463414
2018-1-10T13-49-17,1515588557099,0.82439023,-0.043902438,0.44660193,0.82439023
2018-1-10T13-49-17,1515588557100,0.87317073,-0.034146342,0.46601942,0.87317073
2018-1-10T13-49-17,1515588557101,0.85365856,-0.004878049,0.4563107,0.85365856
2018-1-10T13-49-17,1515588557102,0.86341465,-0.12195122,0.4563107,0.86341465
2018-1-10T13-49-17,1515588557103,0.86341465,-0.004878049,0.4563107,0.86341465
2018-1-10T13-49-17,1515588557104,0.8829268,0.004878049,0.44660193,0.8829268
2018-1-10T13-49-17,1515588557105,0.92195123,-0.014634146,0.4563107,0.92195123
2018-1-10T13-49-17,1515588557106,0.87317073,-0.024390243,0.5145631,0.87317073
2018-1-10T13-49-17,1515588557107,0.87317073,-0.014634146,0.4563107,0.87317073
2018-1-10T13-49-17,1515588557108,0.8341463,-0.014634146,0.44660193,0.8341463
2018-1-10T13-49-17,1515588557109,0.84390247,-0.014634146,0.46601942,0.84390247
2018-1-10T13-49-17,1515588557110,0.81463414,-0.034146342,0.4368932,0.81463414
2018-1-10T13-49-17,1515588557111,0.8341463,-0.014634146,0.41747573,0.8341463
2018-1-10T13-49-17,1515588557112,0.82439023,0.014634146,0.41747573,0.82439023
2018-1-10T13-49-17,1515588557113,0.84390247,-0.09268293,0.42718446,0.84390247
2018-1-10T13-49-17,1515588557114,0.8341463,-0.034146342,0.44660193,0.8341463
2018-1-10T13-49-17,1515588557115,0.84390247,-0.024390243,0.46601942,0.84390247
2018-1-10T13-49-17,1515588557116,0.84390247,-0.014634146,0.4368932,0.84390247
2018-1-10T13-49-17,1515588557117,0.84390247,-0.014634146,0.44660193,0.84390247
2018-1-10T13-49-17,1515588557118,0.86341465,-0.014634146,0.4368932,0.86341465
2018-1-10T13-49-17,1515588557119,0.85365856,-0.004878049,0.47572815,0.85365856
2018-1-10T13-49-17,1515588557120,0.8341463,-0.014634146,0.44660193,0.8341463
2018-1-10T13-49-17,1515588557121,0.8341463,-0.07317073,0.4563107,0.8341463
2018-1-10T13-49-17,1515588557122,0.81463414,-0.034146342,0.4368932,0.81463414
2018-1-10T13-49-17,1515588557123,0.8341463,-0.043902438,0.4368932,0.8341463
2018-1-10T13-49-17,1515588557124,0.82439023,-0.034146342,0.4368932,0.82439023
2018-1-10T13-49-17,1515588557125,0.8341463,-0.034146342,0.42718446,0.8341463
2018-1-10T13-49-17,1515588557126,0.87317073,-0.043902438,0.4563107,0.87317073
2018-1-10T13-49-17,1515588557127,0.85365856,-0.034146342,0.4563107,0.85365856
2018-1-10T13-49-17,1515588557128,0.87317073,-0.06341463,0.4563107,0.87317073
2018-1-10T13-49-17,1515588557129,0.87317073,-0.004878049,0.42718446,0.87317073
2018-1-10T13-49-17,1515588557130,0.86341465,0.014634146,0.44660193,0.86341465
2018-1-10T13-49-17,1515588557131,0.86341465,-0.004878049,0.41747573,0.86341465
2018-1-10T13-49-17,1515588557132,0.84390247,-0.004878049,0.4368932,0.84390247
2018-1-10T13-49-17,1515588557133,0.86341465,-0.053658538,0.41747573,0.86341465
2018-1-10T13-49-17,1515588557134,0.82439023,-0.004878049,0.42718446,0.82439023
2018-1-10T13-49-17,1515588557135,0.8341463,0.034146342,0.44660193,0.8341463
2018-1-10T13-49-17,1515588557136,0.84390247,-0.024390243,0.46601942,0.84390247
2018-1-10T13-49-17,1515588557137,0.85365856,-0.004878049,0.44660193,0.85365856
2018-1-10T13-49-17,1515588557138,0.8829268,-0.004878049,0.44660193,0.8829268
2018-1-10T13-49-17,1515588557139,0.85365856,-0.004878049,0.44660193,0.85365856
2018-1-10T13-49-17,1515588557140,0.86341465,-0.014634146,0.4368932,0.86341465
2018-1-10T13-49-17,1515588557141,0.85365856,-0.043902438,0.44660193,0.85365856
2018-1-10T13-49-17,1515588557142,0.8341463,-0.024390243,0.46601942,0.8341463
2018-1-10T13-49-17,1515588557143,0.85365856,-0.034146342,0.46601942,0.85365856
2018-1-10T13-49-17,1515588557144,0.8341463,-0.043902438,0.44660193,0.8341463
2018-1-10T13-49-17,1515588557145,0.81463414,-0.034146342,0.4368932,0.81463414
2018-1-10T13-49-17,1515588557146,0.85365856,-0.034146342,0.4368932,0.85365856
2018-1-10T13-49-17,1515588557147,0.8341463,-0.043902438,0.4368932,0.8341463
2018-1-10T13-49-17,1515588557148,0.79512197,-0.034146342,0.4368932,0.79512197
2018-1-10T13-49-17,1515588557149,0.82439023,-0.12195122,0.4368932,0.82439023
2018-1-10T13-49-17,1515588557150,0.84390247,-0.024390243,0.44660193,0.84390247
2018-1-10T13-49-17,1515588557151,0.84390247,-0.014634146,0.4563107,0.84390247
2018-1-10T13-49-17,1515588557152,0.86341465,0.014634146,0.4368932,0.86341465
2018-1-10T13-49-17,1515588557153,0.86341465,-0.004878049,0.44660193,0.86341465
2018-1-10T13-49-17,1515588557154,0.81463414,0.004878049,0.4368932,0.81463414
2018-1-10T13-49-17,1515588557155,0.86341465,-0.004878049,0.42718446,0.86341465
2018-1-10T13-49-17,1515588557156,0.8341463,-0.024390243,0.4368932,0.8341463
2018-1-10T13-49-17,1515588557157,0.84390247,-0.024390243,0.44660193,0.84390247
2018-1-10T13-49-17,1515588557158,0.82439023,-0.034146342,0.44660193,0.82439023
2018-1-10T13-49-17,1515588557159,0.8341463,-0.043902438,0.4368932,0.8341463
2018-1-10T13-49-17,1515588557160,0.8341463,-0.024390243,0.4368932,0.8341463
2018-1-10T13-49-17,1515588557161,0.84390247,-0.08292683,0.44660193,0.84390247
2018-1-10T13-49-17,1515588557162,0.84390247,-0.014634146,0.44660193,0.84390247
2018-1-10T13-49-17,1515588557163,0.85365856,-0.024390243,0.44660193,0.85365856
2018-1-10T13-49-17,1515588557164,0.85365856,-0.06341463,0.46601942,0.85365856
2018-1-10T13-49-17,1515588557165,0.84390247,0.004878049,0.46601942,0.84390247
2018-1-10T13-49-17,1515588557166,0.86341465,-0.024390243,0.46601942,0.86341465
2018-1-10T13-49-17,1515588557167,0.84390247,-0.043902438,0.44660193,0.84390247
2018-1-10T13-49-17,1515588557168,0.85365856,-0.043902438,0.4368932,0.85365856
2018-1-10T13-49-17,1515588557169,0.85365856,-0.024390243,0.4854369,0.85365856
2018-1-10T13-49-17,1515588557170,0.8829268,-0.014634146,0.44660193,0.8829268
2018-1-10T13-49-17,1515588557171,0.84390247,-0.014634146,0.44660193,0.84390247
2018-1-10T13-49-17,1515588557172,0.82439023,-0.053658538,0.42718446,0.82439023
2018-1-10T13-49-17,1515588557173,0.84390247,-0.024390243,0.42718446,0.84390247
2018-1-10T13-49-17,1515588557174,1.1073171,-0.06341463,0.4563107,1.1073171
2018-1-10T13-49-17,1515588557175,0.85365856,-0.024390243,0.4563107,0.85365856
2018-1-10T13-49-17,1515588557176,0.8341463,-0.024390243,0.57281554,0.8341463
2018-1-10T13-49-17,1515588557177,0.86341465,-0.034146342,0.4563107,0.86341465
2018-1-10T13-49-17,1515588557178,0.84390247,-0.014634146,0.44660193,0.84390247
2018-1-10T13-49-17,1515588557179,0.85365856,-0.004878049,0.4563107,0.85365856
2018-1-10T13-49-17,1515588557180,0.85365856,-0.004878049,0.44660193,0.85365856
2018-1-10T13-49-17,1515588557181,0.84390247,-0.024390243,0.44660193,0.84390247
2018-1-10T13-49-17,1515588557182,0.8341463,-0.024390243,0.4368932,0.8341463
2018-1-10T13-49-17,1515588557183,0.84390247,-0.014634146,0.4563107,0.84390247
2018-1-10T13-49-17,1515588557184,0.84390247,-0.014634146,0.4563107,0.84390247
2018-1-10T13-49-17,1515588557185,0.8341463,-0.014634146,0.4563107,0.8341463
2018-1-10T13-49-17,1515588557186,0.86341465,-0.034146342,0.4368932,0.86341465
2018-1-10T13-49-17,1515588557187,0.85365856,0.014634146,0.4368932,0.85365856
2018-1-10T13-49-17,1515588557188,0.84390247,-0.024390243,0.44660193,0.84390247
2018-1-10T13-49-17,1515588557189,0.84390247,-0.014634146,0.44660193,0.84390247
2018-1-10T13-49-17,1515588557190,0.8341463,-0.024390243,0.407767,0.8341463
2018-1-10T13-49-17,1515588557191,0.84390247,-0.034146342,0.4368932,0.84390247
2018-1-10T13-49-17,1515588557192,0.85365856,-0.024390243,0.42718446,0.85365856
2018-1-10T13-49-17,1515588557193,0.82439023,-0.034146342,0.407767,0.82439023
2018-1-10T13-49-17,1515588557194,0.84390247,-0.014634146,0.4368932,0.84390247
2018-1-10T13-49-17,1515588557195,0.85365856,-0.004878049,0.4368932,0.85365856
2018-1-10T13-49-17,1515588557196,0.85365856,-0.004878049,0.46601942,0.85365856
2018-1-10T13-49-17,1515588557197,0.84390247,-0.014634146,0.4563107,0.84390247
2018-1-10T13-49-17,1515588557198,0.85365856,-0.014634146,0.42718446,0.85365856
2018-1-10T13-49-17,1515588557199,0.86341465,-0.004878049,0.42718446,0.86341465
2018-1-10T13-49-17,1515588557200,0.8341463,-0.014634146,0.44660193,0.8341463
2018-1-10T13-49-17,1515588557201,0.84390247,-0.014634146,0.4563107,0.84390247
2018-1-10T13-49-17,1515588557202,0.84390247,-0.024390243,0.4563107,0.84390247
2018-1-10T13-49-17,1515588557203,0.86341465,-0.014634146,0.44660193,0.86341465
2018-1-10T13-49-17,1515588557204,0.86341465,-0.014634146,0.44660193,0.86341465
2018-1-10T13-49-17,1515588557205,0.86341465,-0.004878049,0.4368932,0.86341465
2018-1-10T13-49-17,1515588557206,0.84390247,-0.14146341,0.44660193,0.84390247
2018-1-10T13-49-17,1515588557207,0.86341465,-0.12195122,0.4368932,0.86341465
2018-1-10T13-49-17,1515588557208,0.85365856,-0.034146342,0.4368932,0.85365856
2018-1-10T13-49-17,1515588557209,0.84390247,-0.043902438,0.42718446,0.84390247
2018-1-10T13-49-17,1515588557210,0.86341465,-0.043902438,0.4368932,0.86341465
2018-1-10T13-49-17,1515588557211,0.82439023,-0.043902438,0.4368932,0.82439023
2018-1-10T13-49-17,1515588557212,0.84390247,-0.024390243,0.4563107,0.84390247
2018-1-10T13-49-17,1515588557213,0.8341463,-0.034146342,0.44660193,0.8341463
2018-1-10T13-49-17,1515588557214,0.84390247,-0.024390243,0.44660193,0.84390247
2018-1-10T13-49-17,1515588557215,0.86341465,-0.024390243,0.44660193,0.86341465
2018-1-10T13-49-17,1515588557216,0.85365856,-0.014634146,0.44660193,0.85365856
2018-1-10T13-49-17,1515588557217,0.84390247,-0.11219512,0.44660193,0.84390247
2018-1-10T13-49-17,1515588557218,0.8341463,-0.043902438,0.41747573,0.8341463
2018-1-10T13-49-17,1515588557219,0.8341463,-0.034146342,0.4563107,0.8341463
2018-1-10T13-49-17,1515588557220,0.84390247,-0.043902438,0.44660193,0.84390247
2018-1-10T13-49-17,1515588557221,0.77560973,-0.043902438,0.4368932,0.77560973
2018-1-10T13-49-17,1515588557222,0.8341463,-0.024390243,0.4368932,0.8341463
2018-1-10T13-49-17,1515588557223,0.86341465,-0.014634146,0.44660193,0.86341465
2018-1-10T13-49-17,1515588557224,0.84390247,-0.014634146,0.4563107,0.84390247
2018-1-10T13-49-17,1515588557225,0.86341465,-0.11219512,0.46601942,0.86341465
2018-1-10T13-49-17,1515588557226,0.85365856,-0.024390243,0.4563107,0.85365856
2018-1-10T13-49-17,1515588557227,0.8341463,-0.004878049,0.46601942,0.8341463
2018-1-10T13-49-17,1515588557228,0.86341465,-0.014634146,0.47572815,0.86341465
2018-1-10T13-49-17,1515588557229,0.86341465,0.014634146,0.44660193,0.86341465
2018-1-10T13-49-17,1515588557230,0.84390247,-0.014634146,0.42718446,0.84390247
2018-1-10T13-49-17,1515588557231,0.84390247,-0.004878049,0.4368932,0.84390247
2018-1-10T13-49-17,1515588557232,0.8341463,-0.034146342,0.4368932,0.8341463
2018-1-10T13-49-17,1515588557233,0.81463414,-0.014634146,0.4368932,0.81463414
2018-1-10T13-49-17,1515588557234,0.80487806,-0.024390243,0.4368932,0.80487806
2018-1-10T13-49-17,1515588557235,0.82439023,-0.024390243,0.42718446,0.82439023
2018-1-10T13-49-17,1515588557236,0.81463414,0.004878049,0.42718446,0.81463414
2018-1-10T13-49-17,1515588557237,0.85365856,-0.004878049,0.4563107,0.85365856
2018-1-10T13-49-17,1515588557238,0.86341465,-0.014634146,0.44660193,0.86341465
2018-1-10T13-49-17,1515588557239,0.85365856,-0.5121951,0.44660193,0.85365856
2018-1-10T13-49-17,1515588557240,0.86341465,-0.043902438,0.4368932,0.86341465
2018-1-10T13-49-17,1515588557241,0.8341463,-0.024390243,0.4368932,0.8341463
2018-1-10T13-49-17,1515588557242,0.84390247,-0.024390243,0.44660193,0.84390247
2018-1-10T13-49-17,1515588557243,0.84390247,-0.043902438,0.44660193,0.84390247
2018-1-10T13-49-17,1515588557244,0.86341465,0.024390243,0.4563107,0.86341465
2018-1-10T13-49-17,1515588557245,0.84390247,-0.043902438,0.42718446,0.84390247
2018-1-10T13-49-17,1515588557246,0.84390247,-0.024390243,0.42718446,0.84390247
2018-1-10T13-49-17,1515588557247,0.85365856,-0.034146342,0.44660193,0.85365856
2018-1-10T13-49-17,1515588557248,0.82439023,-0.034146342,0.46601942,0.82439023
2018-1-10T13-49-17,1515588557249,0.84390247,-0.024390243,0.4368932,0.84390247
2018-1-10T13-49-17,1515588557250,0.81463414,-0.014634146,0.4563107,0.81463414
2018-1-10T13-49-17,1515588557251,0.84390247,-0.034146342,0.47572815,0.84390247
2018-1-10T13-49-17,1515588557252,0.85365856,-0.024390243,0.4368932,0.85365856
2018-1-10T13-49-17,1515588557253,0.85365856,-0.06341463,0.44660193,0.85365856
2018-1-10T13-49-17,1515588557254,0.84390247,-0.034146342,0.44660193,0.84390247
2018-1-10T13-49-17,1515588557255,0.8341463,-0.014634146,0.44660193,0.8341463
2018-1-10T13-49-17,1515588557256,0.85365856,-0.014634146,0.4563107,0.85365856
2018-1-10T13-49-17,1515588557257,0.84390247,-0.014634146,0.4368932,0.84390247
2018-1-10T13-49-17,1515588557258,0.82439023,-0.014634146,0.42718446,0.82439023
2018-1-10T13-49-17,1515588557259,0.8341463,-0.014634146,0.42718446,0.8341463
2018-1-10T13-49-17,1515588557260,0.8341463,-0.09268293,0.44660193,0.8341463
2018-1-10T13-49-17,1515588557261,0.8341463,-0.024390243,0.46601942,0.8341463
2018-1-10T13-49-17,1515588557262,0.8341463,-0.024390243,0.46601942,0.8341463
2018-1-10T13-49-17,1515588557263,0.84390247,-0.034146342,0.46601942,0.84390247
2018-1-10T13-49-17,1515588557264,0.86341465,-0.024390243,0.44660193,0.86341465
2018-1-10T13-49-17,1515588557265,0.86341465,-0.004878049,0.4563107,0.86341465
2018-1-10T13-49-17,1515588557266,0.85365856,-0.053658538,0.4563107,0.85365856
2018-1-10T13-49-17,1515588557267,0.86341465,-0.004878049,0.4563107,0.86341465
2018-1-10T13-49-17,1515588557268,0.87317073,-0.034146342,0.4563107,0.87317073
2018-1-10T13-49-17,1515588557269,0.86341465,-0.034146342,0.4563107,0.86341465
2018-1-10T13-49-17,1515588557270,0.8341463,-0.034146342,0.42718446,0.8341463
2018-1-10T13-49-17,1515588557271,0.8341463,-0.034146342,0.41747573,0.8341463
2018-1-10T13-49-17,1515588557272,0.91219515,-0.053658538,0.42718446,0.91219515
2018-1-10T13-49-17,1515588557273,0.81463414,-0.034146342,0.4368932,0.81463414
2018-1-10T13-49-17,1515588557274,0.84390247,0.004878049,0.8543689,0.84390247
2018-1-10T13-49-17,1515588557275,0.8341463,-0.014634146,0.4563107,0.8341463
2018-1-10T13-49-17,1515588557276,0.8341463,-0.014634146,0.4368932,0.8341463
2018-1-10T13-49-17,1515588557277,0.85365856,-0.004878049,0.4368932,0.85365856
2018-1-10T13-49-17,1515588557278,0.7853659,0.014634146,0.4563107,0.7853659
2018-1-10T13-49-17,1515588557279,0.84390247,-0.004878049,0.4563107,0.84390247
2018-1-10T13-49-17,1515588557280,0.85365856,-0.004878049,0.44660193,0.85365856
2018-1-10T13-49-17,1515588557281,0.86341465,-0.004878049,0.44660193,0.86341465
2018-1-10T13-49-17,1515588557282,0.87317073,-0.014634146,0.4368932,0.87317073
2018-1-10T13-49-17,1515588557283,0.84390247,-0.014634146,0.44660193,0.84390247
2018-1-10T13-49-17,1515588557284,0.84390247,-0.10243902,0.44660193,0.84390247
2018-1-10T13-49-17,1515588557285,0.85365856,-0.043902438,0.4368932,0.85365856
2018-1-10T13-49-17,1515588557286,0.84390247,-0.043902438,0.44660193,0.84390247
2018-1-10T13-49-17,1515588557287,0.85365856,-0.024390243,0.44660193,0.85365856
2018-1-10T13-49-17,1515588557288,0.85365856,-0.034146342,0.44660193,0.85365856
2018-1-10T13-49-17,1515588557289,0.87317073,-0.034146342,0.4563107,0.87317073
2018-1-10T13-49-17,1515588557290,0.8341463,-0.024390243,0.44660193,0.8341463
2018-1-10T13-49-17,1515588557291,0.84390247,-0.034146342,0.44660193,0.84390247
2018-1-10T13-49-17,1515588557292,0.84390247,-0.043902438,0.44660193,0.84390247
2018-1-10T13-49-17,1515588557293,0.82439023,-0.024390243,0.407767,0.82439023
2018-1-10T13-49-17,1515588557294,0.8341463,-0.043902438,0.4368932,0.8341463
2018-1-10T13-49-17,1515588557295,0.82439023,-0.043902438,0.44660193,0.82439023
2018-1-10T13-49-17,1515588557296,0.84390247,-0.034146342,0.4368932,0.84390247
2018-1-10T13-49-17,1515588557297,0.86341465,-0.024390243,0.44660193,0.86341465
2018-1-10T13-49-17,1515588557298,0.87317073,-0.004878049,0.4368932,0.87317073
2018-1-10T13-49-17,1515588557299,0.86341465,0.004878049,0.42718446,0.86341465
2018-1-10T13-49-17,1515588557300,0.84390247,0.004878049,0.41747573,0.84390247
2018-1-10T13-49-17,1515588557301,0.8341463,0.004878049,0.41747573,0.8341463
2018-1-10T13-49-17,1515588557302,0.8341463,-0.014634146,0.42718446,0.8341463
2018-1-10T13-49-17,1515588557303,0.81463414,-0.014634146,0.4368932,0.81463414
2018-1-10T13-49-17,1515588557304,0.82439023,-0.043902438,0.44660193,0.82439023
2018-1-10T13-49-17,1515588557305,0.80487806,-0.06341463,0.4368932,0.80487806
2018-1-10T13-49-17,1515588557306,0.8341463,-0.043902438,0.44660193,0.8341463
2018-1-10T13-49-17,1515588557307,0.8341463,-0.043902438,0.46601942,0.8341463
2018-1-10T13-49-17,1515588557308,0.85365856,-0.014634146,0.4563107,0.85365856
2018-1-10T13-49-17,1515588557309,0.85365856,-0.024390243,0.4854369,0.85365856
2018-1-10T13-49-17,1515588557310,0.84390247,-0.024390243,0.44660193,0.84390247
2018-1-10T13-49-17,1515588557311,0.85365856,0.07317073,0.46601942,0.85365856
2018-1-10T13-49-17,1515588557312,0.87317073,-0.024390243,0.47572815,0.87317073
2018-1-10T13-49-17,1515588557313,0.87317073,-0.034146342,0.4563107,0.87317073
2018-1-10T13-49-17,1515588557314,0.87317073,-0.014634146,0.44660193,0.87317073
2018-1-10T13-49-17,1515588557315,0.87317073,-0.014634146,0.44660193,0.87317073
2018-1-10T13-49-17,1515588557316,0.86341465,-0.014634146,0.44660193,0.86341465
2018-1-10T13-49-17,1515588557317,0.79512197,-0.024390243,0.46601942,0.79512197
2018-1-10T13-49-17,1515588557318,0.84390247,-0.034146342,0.47572815,0.84390247
2018-1-10T13-49-17,1515588557319,0.86341465,-0.024390243,0.44660193,0.86341465
2018-1-10T13-49-17,1515588557320,0.84390247,-0.014634146,0.44660193,0.84390247
2018-1-10T13-49-17,1515588557321,0.84390247,0.014634146,0.44660193,0.84390247
2018-1-10T13-49-17,1515588557322,0.82439023,-0.024390243,0.3883495,0.82439023
2018-1-10T13-49-17,1515588557323,0.84390247,-0.004878049,0.407767,0.84390247
2018-1-10T13-49-17,1515588557324,0.82439023,-0.004878049,0.42718446,0.82439023
2018-1-10T13-49-17,1515588557325,0.8341463,-0.004878049,0.42718446,0.8341463
2018-1-10T13-49-17,1515588557326,0.82439023,-0.014634146,0.42718446,0.82439023
2018-1-10T13-49-17,1515588557327,0.84390247,-0.014634146,0.44660193,0.84390247
2018-1-10T13-49-17,1515588557328,0.8341463,0.004878049,0.44660193,0.8341463
2018-1-10T13-49-17,1515588557329,0.84390247,-0.024390243,0.44660193,0.84390247
2018-1-10T13-49-17,1515588557330,0.8829268,-0.004878049,0.46601942,0.8829268
2018-1-10T13-49-17,1515588557331,0.86341465,-0.11219512,0.46601942,0.86341465
2018-1-10T13-49-17,1515588557332,0.85365856,-0.014634146,0.4563107,0.85365856
2018-1-10T13-49-17,1515588557333,0.8829268,-0.053658538,0.42718446,0.8829268
2018-1-10T13-49-17,1515588557334,0.86341465,-0.034146342,0.44660193,0.86341465
2018-1-10T13-49-17,1515588557335,0.84390247,-0.043902438,0.44660193,0.84390247
2018-1-10T13-49-17,1515588557336,0.84390247,-0.053658538,0.46601942,0.84390247
2018-1-10T13-49-17,1515588557337,0.85365856,-0.5609756,0.44660193,0.85365856
2018-1-10T13-49-17,1515588557338,0.85365856,-0.053658538,0.44660193,0.85365856
2018-1-10T13-49-17,1515588557339,0.87317073,0.004878049,0.44660193,0.87317073
2018-1-10T13-49-17,1515588557340,0.84390247,-0.014634146,0.44660193,0.84390247
2018-1-10T13-49-17,1515588557341,0.87317073,-0.024390243,0.4368932,0.87317073
2018-1-10T13-49-17,1515588557342,0.85365856,-0.034146342,0.4368932,0.85365856
2018-1-10T13-49-17,1515588557343,0.8341463,0.043902438,0.3592233,0.8341463
2018-1-10T13-49-17,1515588557344,0.85365856,-0.014634146,0.4563107,0.85365856
2018-1-10T13-49-17,1515588557345,0.84390247,-0.034146342,0.46601942,0.84390247
2018-1-10T13-49-17,1515588557346,0.8341463,-0.014634146,0.4368932,0.8341463
2018-1-10T13-49-17,1515588557347,0.85365856,-0.034146342,0.4563107,0.85365856
2018-1-10T13-49-17,1515588557348,0.80487806,-0.014634146,0.4563107,0.80487806
2018-1-10T13-49-17,1515588557349,0.85365856,-0.024390243,0.4368932,0.85365856
2018-1-10T13-49-17,1515588557350,0.8341463,-0.09268293,0.4368932,0.8341463
2018-1-10T13-49-17,1515588557351,0.84390247,-0.043902438,0.4368932,0.84390247
2018-1-10T13-49-17,1515588557352,0.902439,-0.034146342,0.407767,0.902439
2018-1-10T13-49-17,1515588557353,0.84390247,-0.004878049,0.4368932,0.84390247
2018-1-10T13-49-17,1515588557354,0.86341465,-0.024390243,0.49514562,0.86341465
2018-1-10T13-49-17,1515588557355,0.84390247,-0.014634146,0.44660193,0.84390247
2018-1-10T13-49-17,1515588557356,0.77560973,-0.014634146,0.44660193,0.77560973
2018-1-10T13-49-17,1515588557357,0.8341463,-0.004878049,0.4368932,0.8341463
2018-1-10T13-49-17,1515588557358,0.8341463,-0.034146342,0.4854369,0.8341463
2018-1-10T13-49-17,1515588557359,0.82439023,-0.034146342,0.4368932,0.82439023
2018-1-10T13-49-17,1515588557360,0.82439023,-0.014634146,0.46601942,0.82439023
2018-1-10T13-49-17,1515588557361,0.85365856,-0.024390243,0.44660193,0.85365856
2018-1-10T13-49-17,1515588557362,0.85365856,-0.024390243,0.4368932,0.85365856
2018-1-10T13-49-17,1515588557363,0.85365856,-0.024390243,0.42718446,0.85365856
2018-1-10T13-49-17,1515588557364,0.8926829,0.014634146,0.42718446,0.8926829
2018-1-10T13-49-17,1515588557365,0.92195123,0.014634146,0.44660193,0.92195123
2018-1-10T13-49-17,1515588557366,0.85365856,0.014634146,0.4563107,0.85365856
2018-1-10T13-49-17,1515588557367,0.87317073,0.004878049,0.44660193,0.87317073
2018-1-10T13-49-17,1515588557368,0.85365856,-0.004878049,0.4563107,0.85365856
2018-1-10T13-49-17,1515588557369,0.84390247,-0.004878049,0.5048544,0.84390247
2018-1-10T13-49-17,1515588557370,0.75609756,-0.024390243,0.42718446,0.75609756
2018-1-10T13-49-17,1515588557371,0.8341463,-0.053658538,0.4368932,0.8341463
2018-1-10T13-49-17,1515588557372,0.81463414,-0.043902438,0.44660193,0.81463414
2018-1-10T13-49-17,1515588557373,0.81463414,-0.043902438,0.44660193,0.81463414
2018-1-10T13-49-17,1515588557374,0.85365856,-0.043902438,0.44660193,0.85365856
2018-1-10T13-49-17,1515588557375,0.82439023,-0.15121952,0.4563107,0.82439023
2018-1-10T13-49-17,1515588557376,0.8341463,-0.014634146,0.44660193,0.8341463
2018-1-10T13-49-17,1515588557377,0.85365856,-0.014634146,0.4563107,0.85365856
2018-1-10T13-49-17,1515588557378,0.87317073,0.004878049,0.44660193,0.87317073
2018-1-10T13-49-17,1515588557379,0.8829268,0.014634146,0.4563107,0.8829268
2018-1-10T13-49-17,1515588557380,0.8926829,0.024390243,0.46601942,0.8926829
2018-1-10T13-49-17,1515588557381,0.87317073,-0.004878049,0.47572815,0.87317073
2018-1-10T13-49-17,1515588557382,0.71707314,-0.024390243,0.42718446,0.71707314
2018-1-10T13-49-17,1515588557383,0.82439023,-0.024390243,0.46601942,0.82439023
2018-1-10T13-49-17,1515588557384,0.84390247,-0.06341463,0.44660193,0.84390247
2018-1-10T13-49-17,1515588557385,0.82439023,-0.06341463,0.44660193,0.82439023
2018-1-10T13-49-17,1515588557386,0.82439023,-0.043902438,0.4368932,0.82439023
2018-1-10T13-49-17,1515588557387,0.86341465,-0.043902438,0.44660193,0.86341465
2018-1-10T13-49-17,1515588557388,0.85365856,-0.07317073,0.4563107,0.85365856
2018-1-10T13-49-17,1515588557389,0.84390247,-0.014634146,0.44660193,0.84390247
2018-1-10T13-49-17,1515588557390,0.85365856,-0.024390243,0.4368932,0.85365856
2018-1-10T13-49-17,1515588557391,0.8926829,-0.014634146,0.4368932,0.8926829
2018-1-10T13-49-17,1515588557392,0.84390247,-0.004878049,0.4368932,0.84390247
2018-1-10T13-49-17,1515588557393,0.84390247,0.004878049,0.4368932,0.84390247
2018-1-10T13-49-17,1515588557394,0.84390247,-0.024390243,0.42718446,0.84390247
2018-1-10T13-49-17,1515588557395,0.82439023,-0.034146342,0.42718446,0.82439023
2018-1-10T13-49-17,1515588557396,0.81463414,-0.014634146,0.46601942,0.81463414
2018-1-10T13-49-17,1515588557397,0.82439023,-0.014634146,0.44660193,0.82439023
2018-1-10T13-49-17,1515588557398,0.902439,-0.034146342,0.4368932,0.902439
2018-1-10T13-49-17,1515588557399,0.82439023,-0.07317073,0.4563107,0.82439023
2018-1-10T13-49-17,1515588557400,0.84390247,-0.004878049,0.4563107,0.84390247
2018-1-10T13-49-17,1515588557401,0.85365856,-0.043902438,0.44660193,0.85365856
2018-1-10T13-49-17,1515588557402,0.84390247,-0.004878049,0.42718446,0.84390247
2018-1-10T13-49-17,1515588557403,0.85365856,0.004878049,0.407767,0.85365856
2018-1-10T13-49-17,1515588557404,0.84390247,-0.014634146,0.4854369,0.84390247
2018-1-10T13-49-17,1515588557405,0.84390247,-0.014634146,0.5145631,0.84390247
2018-1-10T13-49-17,1515588557406,0.86341465,-0.034146342,0.44660193,0.86341465
2018-1-10T13-49-17,1515588557407,0.85365856,-0.014634146,0.4368932,0.85365856
2018-1-10T13-49-17,1515588557408,0.8341463,-0.043902438,0.42718446,0.8341463
2018-1-10T13-49-17,1515588557409,0.84390247,0.034146342,0.44660193,0.84390247
2018-1-10T13-49-17,1515588557410,0.85365856,-0.034146342,0.4563107,0.85365856
2018-1-10T13-49-17,1515588557411,0.92195123,-0.024390243,0.46601942,0.92195123
2018-1-10T13-49-17,1515588557412,0.86341465,-0.07317073,0.44660193,0.86341465
2018-1-10T13-49-17,1515588557413,0.85365856,-0.014634146,0.407767,0.85365856
2018-1-10T13-49-17,1515588557414,0.86341465,-0.004878049,0.44660193,0.86341465
2018-1-10T13-49-17,1515588557415,0.75609756,0.014634146,0.44660193,0.75609756
2018-1-10T13-49-17,1515588557416,0.84390247,0.06341463,0.44660193,0.84390247
2018-1-10T13-49-17,1515588557417,0.84390247,-0.014634146,0.46601942,0.84390247
2018-1-10T13-49-17,1515588557418,0.81463414,-0.024390243,0.44660193,0.81463414
2018-1-10T13-49-17,1515588557419,0.82439023,-0.034146342,0.44660193,0.82439023
2018-1-10T13-49-17,1515588557420,0.86341465,-0.024390243,0.44660193,0.86341465
2018-1-10T13-49-17,1515588557421,0.8829268,-0.004878049,0.4368932,0.8829268
2018-1-10T13-49-17,1515588557422,0.8341463,-0.004878049,0.4563107,0.8341463
2018-1-10T13-49-17,1515588557423,0.85365856,-0.024390243,0.46601942,0.85365856
2018-1-10T13-49-17,1515588557424,0.8341463,-0.034146342,0.44660193,0.8341463
2018-1-10T13-49-17,1515588557425,0.82439023,-0.034146342,0.44660193,0.82439023
2018-1-10T13-49-17,1515588557426,0.84390247,-0.043902438,0.4563107,0.84390247
2018-1-10T13-49-17,1515588557427,0.84390247,-0.053658538,0.42718446,0.84390247
2018-1-10T13-49-17,1515588557428,0.84390247,-0.053658538,0.4368932,0.84390247
2018-1-10T13-49-17,1515588557429,0.85365856,-0.024390243,0.4368932,0.85365856
2018-1-10T13-49-17,1515588557430,0.8829268,-0.014634146,0.42718446,0.8829268
2018-1-10T13-49-17,1515588557431,0.84390247,-0.024390243,0.41747573,0.84390247
2018-1-10T13-49-17,1515588557432,0.8341463,-0.034146342,0.44660193,0.8341463
2018-1-10T13-49-17,1515588557433,0.82439023,-0.053658538,0.46601942,0.82439023
2018-1-10T13-49-17,1515588557434,0.82439023,-0.043902438,0.46601942,0.82439023
2018-1-10T13-49-17,1515588557435,0.85365856,-0.034146342,0.4368932,0.85365856
2018-1-10T13-49-17,1515588557436,0.87317073,-0.053658538,0.44660193,0.87317073
2018-1-10T13-49-17,1515588557437,0.86341465,-0.024390243,0.42718446,0.86341465
2018-1-10T13-49-17,1515588557438,0.8341463,0.014634146,0.44660193,0.8341463
2018-1-10T13-49-17,1515588557439,0.85365856,-0.043902438,0.46601942,0.85365856
2018-1-10T13-49-17,1515588557440,0.8341463,-0.034146342,0.42718446,0.8341463
2018-1-10T13-49-17,1515588557441,0.82439023,-0.024390243,0.42718446,0.82439023
2018-1-10T13-49-17,1515588557442,0.81463414,-0.014634146,0.4368932,0.81463414
2018-1-10T13-49-17,1515588557443,0.82439023,0.004878049,0.44660193,0.82439023
2018-1-10T13-49-17,1515588557444,0.82439023,-0.014634146,0.44660193,0.82439023
2018-1-10T13-49-17,1515588557445,0.84390247,0.014634146,0.44660193,0.84390247
2018-1-10T13-49-17,1515588557446,0.86341465,0.053658538,0.4368932,0.86341465
2018-1-10T13-49-17,1515588557447,0.85365856,0.014634146,0.44660193,0.85365856
2018-1-10T13-49-17,1515588557448,0.8341463,0.09268293,0.46601942,0.8341463
2018-1-10T13-49-17,1515588557449,0.86341465,0.004878049,0.44660193,0.86341465
2018-1-10T13-49-17,1515588557450,0.85365856,-0.043902438,0.4368932,0.85365856
2018-1-10T13-49-17,1515588557451,0.84390247,-0.004878049,0.4563107,0.84390247
2018-1-10T13-49-17,1515588557452,0.84390247,-0.024390243,0.4563107,0.84390247
2018-1-10T13-49-17,1515588557453,0.85365856,-0.043902438,0.4563107,0.85365856
2018-1-10T13-49-17,1515588557454,0.86341465,-0.024390243,0.44660193,0.86341465
2018-1-10T13-49-17,1515588557455,0.85365856,-0.043902438,0.44660193,0.85365856
2018-1-10T13-49-17,1515588557456,0.8341463,-0.024390243,0.41747573,0.8341463
2018-1-10T13-49-17,1515588557457,0.81463414,-0.043902438,0.42718446,0.81463414
2018-1-10T13-49-17,1515588557458,0.8341463,-0.14146341,0.44660193,0.8341463
2018-1-10T13-49-17,1515588557459,0.84390247,0.06341463,0.46601942,0.84390247
2018-1-10T13-49-17,1515588557460,0.85365856,-0.053658538,0.46601942,0.85365856
2018-1-10T13-49-17,1515588557461,0.86341465,-0.06341463,0.4563107,0.86341465
2018-1-10T13-49-17,1515588557462,0.87317073,0.053658538,0.44660193,0.87317073
2018-1-10T13-49-17,1515588557463,0.86341465,-0.024390243,0.44660193,0.86341465
2018-1-10T13-49-17,1515588557464,0.86341465,0.014634146,0.4368932,0.86341465
2018-1-10T13-49-17,1515588557465,0.87317073,-0.004878049,0.4854369,0.87317073
2018-1-10T13-49-17,1515588557466,0.85365856,-0.004878049,0.4368932,0.85365856
2018-1-10T13-49-17,1515588557467,0.84390247,0.014634146,0.41747573,0.84390247
2018-1-10T13-49-17,1515588557468,0.7853659,-0.004878049,0.41747573,0.7853659
2018-1-10T13-49-17,1515588557469,0.82439023,-0.024390243,0.42718446,0.82439023
2018-1-10T13-49-17,1515588557470,0.81463414,-0.004878049,0.4563107,0.81463414
2018-1-10T13-49-17,1515588557471,0.82439023,0.024390243,0.44660193,0.82439023
2018-1-10T13-49-17,1515588557472,0.85365856,0.004878049,0.44660193,0.85365856
2018-1-10T13-49-17,1515588557473,0.84390247,-0.014634146,0.44660193,0.84390247
2018-1-10T13-49-17,1515588557474,0.84390247,-0.004878049,0.4563107,0.84390247
2018-1-10T13-49-17,1515588557475,0.85365856,-0.014634146,0.46601942,0.85365856
2018-1-10T13-49-17,1515588557476,0.85365856,-0.014634146,0.4563107,0.85365856
2018-1-10T13-49-17,1515588557477,0.86341465,-0.014634146,0.4563107,0.86341465
2018-1-10T13-49-17,1515588557478,0.87317073,-0.034146342,0.46601942,0.87317073
2018-1-10T13-49-17,1515588557479,0.8829268,-0.034146342,0.4368932,0.8829268
2018-1-10T13-49-17,1515588557480,0.85365856,-0.024390243,0.42718446,0.85365856
2018-1-10T13-49-17,1515588557481,0.84390247,-0.08292683,0.41747573,0.84390247
2018-1-10T13-49-17,1515588557482,0.8341463,-0.034146342,0.42718446,0.8341463
2018-1-10T13-49-17,1515588557483,0.81463414,-0.053658538,0.4563107,0.81463414
2018-1-10T13-49-17,1515588557484,0.82439023,-0.024390243,0.4368932,0.82439023
2018-1-10T13-49-17,1515588557485,0.85365856,-0.034146342,0.4563107,0.85365856
2018-1-10T13-49-17,1515588557486,0.84390247,-0.043902438,0.46601942,0.84390247
2018-1-10T13-49-17,1515588557487,0.84390247,-0.014634146,0.47572815,0.84390247
2018-1-10T13-49-17,1515588557488,0.86341465,-0.004878049,0.46601942,0.86341465
2018-1-10T13-49-17,1515588557489,0.87317073,-0.053658538,0.4563107,0.87317073
2018-1-10T13-49-17,1515588557490,0.81463414,-0.024390243,0.42718446,0.81463414
2018-1-10T13-49-17,1515588557491,0.85365856,-0.014634146,0.4368932,0.85365856
2018-1-10T13-49-17,1515588557492,0.82439023,-0.043902438,0.4368932,0.82439023
2018-1-10T13-49-17,1515588557493,0.81463414,-0.034146342,0.41747573,0.81463414
2018-1-10T13-49-17,1515588557494,0.82439023,-0.024390243,0.41747573,0.82439023
2018-1-10T13-49-17,1515588557495,0.8341463,-0.043902438,0.41747573,0.8341463
2018-1-10T13-49-17,1515588557496,0.80487806,-0.004878049,0.42718446,0.80487806
2018-1-10T13-49-17,1515588557497,0.8341463,0.004878049,0.4368932,0.8341463
2018-1-10T13-49-17,1515588557498,0.82439023,-0.014634146,0.46601942,0.82439023
2018-1-10T13-49-17,1515588557499,0.82439023,-0.014634146,0.46601942,0.82439023
2018-1-10T13-49-17,1515588557500,0.86341465,0.004878049,0.4563107,0.86341465
2018-1-10T13-49-17,1515588557501,0.9512195,0.014634146,0.4563107,0.9512195
2018-1-10T13-49-17,1515588557502,0.8926829,0.004878049,0.4563107,0.8926829
2018-1-10T13-49-17,1515588557503,0.87317073,0.014634146,0.46601942,0.87317073
2018-1-10T13-49-17,1515588557504,0.87317073,-0.014634146,0.44660193,0.87317073
2018-1-10T13-49-17,1515588557505,0.8341463,-0.024390243,0.44660193,0.8341463
2018-1-10T13-49-17,1515588557506,0.85365856,-0.034146342,0.46601942,0.85365856
2018-1-10T13-49-17,1515588557507,0.82439023,-0.053658538,0.46601942,0.82439023
2018-1-10T13-49-17,1515588557508,0.86341465,-0.053658538,0.46601942,0.86341465
2018-1-10T13-49-17,1515588557509,0.86341465,-0.043902438,0.46601942,0.86341465
2018-1-10T13-49-17,1515588557510,0.86341465,-0.08292683,0.4563107,0.86341465
2018-1-10T13-49-17,1515588557511,0.87317073,-0.024390243,0.44660193,0.87317073
2018-1-10T13-49-17,1515588557512,0.84390247,-0.014634146,0.44660193,0.84390247
2018-1-10T13-49-17,1515588557513,0.8341463,-0.034146342,0.4563107,0.8341463
2018-1-10T13-49-17,1515588557514,0.8341463,-0.043902438,0.4563107,0.8341463
2018-1-10T13-49-17,1515588557515,0.81463414,-0.043902438,0.41747573,0.81463414
2018-1-10T13-49-17,1515588557516,0.81463414,-0.034146342,0.407767,0.81463414
2018-1-10T13-49-17,1515588557517,0.81463414,-0.053658538,0.42718446,0.81463414
2018-1-10T13-49-17,1515588557518,0.80487806,-0.043902438,0.41747573,0.80487806
2018-1-10T13-49-17,1515588557519,0.8341463,-0.024390243,0.41747573,0.8341463
2018-1-10T13-49-17,1515588557520,0.82439023,-0.024390243,0.42718446,0.82439023
2018-1-10T13-49-17,1515588557521,0.8341463,-0.043902438,0.4368932,0.8341463
2018-1-10T13-49-17,1515588557522,0.82439023,-0.043902438,0.4563107,0.82439023
2018-1-10T13-49-17,1515588557523,0.84390247,-0.034146342,0.46601942,0.84390247
2018-1-10T13-49-17,1515588557524,0.82439023,-0.024390243,0.44660193,0.82439023
2018-1-10T13-49-17,1515588557525,0.86341465,-0.014634146,0.4563107,0.86341465
2018-1-10T13-49-17,1515588557526,0.86341465,-0.004878049,0.49514562,0.86341465
2018-1-10T13-49-17,1515588557527,0.8829268,-0.004878049,0.44660193,0.8829268
2018-1-10T13-49-17,1515588557528,0.902439,0.014634146,0.42718446,0.902439
2018-1-10T13-49-17,1515588557529,0.85365856,0.014634146,0.41747573,0.85365856
2018-1-10T13-49-17,1515588557530,0.85365856,-0.004878049,0.4368932,0.85365856
2018-1-10T13-49-17,1515588557531,0.8341463,-0.024390243,0.4368932,0.8341463
2018-1-10T13-49-17,1515588557532,0.84390247,-0.014634146,0.4563107,0.84390247
2018-1-10T13-49-17,1515588557533,0.86341465,-0.014634146,0.4368932,0.86341465
2018-1-10T13-49-17,1515588557534,0.85365856,-0.034146342,0.44660193,0.85365856
2018-1-10T13-49-17,1515588557535,0.86341465,-0.004878049,0.4368932,0.86341465
2018-1-10T13-49-17,1515588557536,0.86341465,-0.014634146,0.46601942,0.86341465
2018-1-10T13-49-17,1515588557537,0.86341465,-0.014634146,0.4563107,0.86341465
2018-1-10T13-49-17,1515588557538,0.82439023,0.034146342,0.4368932,0.82439023
2018-1-10T13-49-17,1515588557539,0.8341463,0.024390243,0.4368932,0.8341463
2018-1-10T13-49-17,1515588557540,0.85365856,-0.014634146,0.41747573,0.85365856
2018-1-10T13-49-17,1515588557541,0.8341463,-0.034146342,0.4368932,0.8341463
2018-1-10T13-49-17,1515588557542,0.8341463,-0.034146342,0.41747573,0.8341463
2018-1-10T13-49-17,1515588557543,0.85365856,-0.014634146,0.42718446,0.85365856
2018-1-10T13-49-17,1515588557544,0.84390247,-0.043902438,0.4368932,0.84390247
2018-1-10T13-49-17,1515588557545,0.82439023,-0.034146342,0.42718446,0.82439023
2018-1-10T13-49-17,1515588557546,0.82439023,-0.034146342,0.3883495,0.82439023
2018-1-10T13-49-17,1515588557547,0.8341463,-0.053658538,0.4368932,0.8341463
2018-1-10T13-49-17,1515588557548,0.8341463,-0.043902438,0.4563107,0.8341463
2018-1-10T13-49-17,1515588557549,0.82439023,-0.043902438,0.46601942,0.82439023
2018-1-10T13-49-17,1515588557550,0.84390247,-0.043902438,0.4563107,0.84390247
2018-1-10T13-49-17,1515588557551,0.85365856,0.014634146,0.44660193,0.85365856
2018-1-10T13-49-17,1515588557552,0.85365856,0.06341463,0.42718446,0.85365856
2018-1-10T13-49-17,1515588557553,0.84390247,0.004878049,0.42718446,0.84390247
2018-1-10T13-49-17,1515588557554,0.81463414,-0.024390243,0.407767,0.81463414
2018-1-10T13-49-17,1515588557555,0.82439023,-0.014634146,0.44660193,0.82439023
2018-1-10T13-49-17,1515588557556,0.84390247,-0.024390243,0.44660193,0.84390247
2018-1-10T13-49-17,1515588557557,0.85365856,-0.034146342,0.44660193,0.85365856
2018-1-10T13-49-17,1515588557558,0.84390247,-0.004878049,0.4563107,0.84390247
2018-1-10T13-49-17,1515588557559,0.85365856,-0.004878049,0.4368932,0.85365856
2018-1-10T13-49-17,1515588557560,0.8829268,-0.024390243,0.4563107,0.8829268
2018-1-10T13-49-17,1515588557561,0.85365856,0.004878049,0.44660193,0.85365856
2018-1-10T13-49-17,1515588557562,0.86341465,0.014634146,0.4854369,0.86341465
2018-1-10T13-49-17,1515588557563,0.86341465,-0.014634146,0.4563107,0.86341465
2018-1-10T13-49-17,1515588557564,0.86341465,0.004878049,0.44660193,0.86341465
2018-1-10T13-49-17,1515588557565,0.81463414,-0.014634146,0.42718446,0.81463414
2018-1-10T13-49-17,1515588557566,0.8341463,-0.024390243,0.42718446,0.8341463
2018-1-10T13-49-17,1515588557567,0.82439023,-0.043902438,0.4368932,0.82439023
2018-1-10T13-49-17,1515588557568,0.8341463,-0.043902438,0.44660193,0.8341463
2018-1-10T13-49-17,1515588557569,0.86341465,-0.034146342,0.41747573,0.86341465
2018-1-10T13-49-17,1515588557570,0.82439023,-0.024390243,0.42718446,0.82439023
2018-1-10T13-49-17,1515588557571,0.76585364,-0.034146342,0.42718446,0.76585364
2018-1-10T13-49-17,1515588557572,0.8341463,-0.034146342,0.44660193,0.8341463
2018-1-10T13-49-17,1515588557573,0.84390247,-0.024390243,0.4563107,0.84390247
2018-1-10T13-49-17,1515588557574,0.84390247,-0.014634146,0.44660193,0.84390247
2018-1-10T13-49-17,1515588557575,0.86341465,-0.014634146,0.4563107,0.86341465
2018-1-10T13-49-17,1515588557576,0.87317073,-0.034146342,0.42718446,0.87317073
2018-1-10T13-49-17,1515588557577,0.84390247,0.004878049,0.4368932,0.84390247
2018-1-10T13-49-17,1515588557578,0.8341463,-0.06341463,0.4368932,0.8341463
2018-1-10T13-49-17,1515588557579,0.82439023,-0.053658538,0.44660193,0.82439023
2018-1-10T13-49-17,1515588557580,0.79512197,-0.043902438,0.4368932,0.79512197
2018-1-10T13-49-17,1515588557581,0.8341463,-0.043902438,0.4563107,0.8341463
2018-1-10T13-49-17,1515588557582,0.87317073,-0.024390243,0.4563107,0.87317073
2018-1-10T13-49-17,1515588557583,0.86341465,-0.014634146,0.4563107,0.86341465
2018-1-10T13-49-17,1515588557584,0.8829268,0.034146342,0.46601942,0.8829268
2018-1-10T13-49-17,1515588557585,0.8829268,0.004878049,0.46601942,0.8829268
2018-1-10T13-49-17,1515588557586,0.8829268,0.004878049,0.4563107,0.8829268
2018-1-10T13-49-17,1515588557587,0.85365856,0.024390243,0.39805827,0.85365856
2018-1-10T13-49-17,1515588557588,0.86341465,0.024390243,0.4563107,0.86341465
2018-1-10T13-49-17,1515588557589,0.86341465,-0.014634146,0.4368932,0.86341465
2018-1-10T13-49-17,1515588557590,0.82439023,-0.024390243,0.407767,0.82439023
2018-1-10T13-49-17,1515588557591,0.81463414,-0.004878049,0.41747573,0.81463414
2018-1-10T13-49-17,1515588557592,0.82439023,-0.014634146,0.4563107,0.82439023
2018-1-10T13-49-17,1515588557593,0.81463414,-0.034146342,0.42718446,0.81463414
2018-1-10T13-49-17,1515588557594,0.81463414,-0.024390243,0.4368932,0.81463414
2018-1-10T13-49-17,1515588557595,0.8341463,-0.043902438,0.44660193,0.8341463
2018-1-10T13-49-17,1515588557596,0.8341463,-0.024390243,0.44660193,0.8341463
2018-1-10T13-49-17,1515588557597,0.84390247,-0.014634146,0.4368932,0.84390247
2018-1-10T13-49-17,1515588557598,0.85365856,-0.014634146,0.44660193,0.85365856
2018-1-10T13-49-17,1515588557599,0.84390247,-0.034146342,0.4563107,0.84390247
2018-1-10T13-49-17,1515588557600,0.84390247,-0.034146342,0.4563107,0.84390247
2018-1-10T13-49-17,1515588557601,0.84390247,-0.024390243,0.4368932,0.84390247
2018-1-10T13-49-17,1515588557602,0.84390247,-0.043902438,0.3883495,0.84390247
2018-1-10T13-49-17,1515588557603,0.8341463,-0.043902438,0.44660193,0.8341463
2018-1-10T13-49-17,1515588557604,0.86341465,-0.014634146,0.46601942,0.86341465
2018-1-10T13-49-17,1515588557605,0.8829268,-0.024390243,0.4563107,0.8829268
2018-1-10T13-49-17,1515588557606,0.87317073,-0.014634146,0.44660193,0.87317073
2018-1-10T13-49-17,1515588557607,0.87317073,0.014634146,0.4563107,0.87317073
2018-1-10T13-49-17,1515588557608,0.8829268,0.014634146,0.4563107,0.8829268
2018-1-10T13-49-17,1515588557609,0.8829268,-0.004878049,0.46601942,0.8829268
2018-1-10T13-49-17,1515588557610,0.84390247,-0.034146342,0.4563107,0.84390247
2018-1-10T13-49-17,1515588557611,0.84390247,-0.004878049,0.4563107,0.84390247
2018-1-10T13-49-17,1515588557612,0.8341463,-0.004878049,0.44660193,0.8341463
2018-1-10T13-49-17,1515588557613,0.8341463,-0.024390243,0.42718446,0.8341463
2018-1-10T13-49-17,1515588557614,0.8341463,-0.024390243,0.42718446,0.8341463
2018-1-10T13-49-17,1515588557615,0.80487806,-0.043902438,0.407767,0.80487806
2018-1-10T13-49-17,1515588557616,0.82439023,-0.034146342,0.42718446,0.82439023
2018-1-10T13-49-17,1515588557617,0.82439023,-0.08292683,0.46601942,0.82439023
2018-1-10T13-49-17,1515588557618,0.85365856,-0.06341463,0.44660193,0.85365856
2018-1-10T13-49-17,1515588557619,0.8341463,-0.004878049,0.407767,0.8341463
2018-1-10T13-49-17,1515588557620,0.8341463,-0.034146342,0.4368932,0.8341463
2018-1-10T13-49-17,1515588557621,0.85365856,-0.014634146,0.4563107,0.85365856
2018-1-10T13-49-17,1515588557622,0.8829268,0.004878049,0.46601942,0.8829268
2018-1-10T13-49-17,1515588557623,0.86341465,0.014634146,0.4368932,0.86341465
2018-1-10T13-49-17,1515588557624,0.87317073,0.004878049,0.44660193,0.87317073
2018-1-10T13-49-17,1515588557625,0.8829268,-0.014634146,0.4563107,0.8829268
2018-1-10T13-49-17,1515588557626,0.85365856,-0.014634146,0.42718446,0.85365856
2018-1-10T13-49-17,1515588557627,0.81463414,-0.043902438,0.41747573,0.81463414
2018-1-10T13-49-17,1515588557628,0.82439023,-0.043902438,0.4368932,0.82439023
2018-1-10T13-49-17,1515588557629,0.79512197,-0.06341463,0.4563107,0.79512197
2018-1-10T13-49-17,1515588557630,0.82439023,-0.043902438,0.4368932,0.82439023
2018-1-10T13-49-17,1515588557631,0.8341463,-0.043902438,0.4368932,0.8341463
2018-1-10T13-49-17,1515588557632,0.8341463,-0.024390243,0.4368932,0.8341463
2018-1-10T13-49-17,1515588557633,0.8341463,0.053658538,0.44660193,0.8341463
2018-1-10T13-49-17,1515588557634,0.87317073,0.014634146,0.44660193,0.87317073
2018-1-10T13-49-17,1515588557635,0.84390247,0.014634146,0.44660193,0.84390247
2018-1-10T13-49-17,1515588557636,0.85365856,0.024390243,0.4368932,0.85365856
2018-1-10T13-49-17,1515588557637,0.9804878,-0.004878049,0.44660193,0.9804878
2018-1-10T13-49-17,1515588557638,0.85365856,-0.024390243,0.4563107,0.85365856
2018-1-10T13-49-17,1515588557639,0.85365856,-0.004878049,0.4368932,0.85365856
2018-1-10T13-49-17,1515588557640,0.8341463,-0.014634146,0.44660193,0.8341463
2018-1-10T13-49-17,1515588557641,0.8341463,-0.043902438,0.49514562,0.8341463
2018-1-10T13-49-17,1515588557642,0.84390247,-0.053658538,0.44660193,0.84390247
2018-1-10T13-49-17,1515588557643,0.7853659,-0.034146342,0.4563107,0.7853659
2018-1-10T13-49-17,1515588557644,0.85365856,-0.053658538,0.44660193,0.85365856
2018-1-10T13-49-17,1515588557645,0.84390247,-0.043902438,0.4563107,0.84390247
2018-1-10T13-49-17,1515588557646,0.84390247,-0.043902438,0.46601942,0.84390247
2018-1-10T13-49-17,1515588557647,0.87317073,-0.034146342,0.44660193,0.87317073
2018-1-10T13-49-17,1515588557648,0.87317073,-0.043902438,0.44660193,0.87317073
2018-1-10T13-49-17,1515588557649,0.84390247,-0.024390243,0.44660193,0.84390247
2018-1-10T13-49-17,1515588557650,0.84390247,-0.034146342,0.3883495,0.84390247
2018-1-10T13-49-17,1515588557651,0.8341463,-0.053658538,0.4368932,0.8341463
2018-1-10T13-49-17,1515588557652,0.80487806,-0.043902438,0.407767,0.80487806
2018-1-10T13-49-17,1515588557653,0.81463414,-0.024390243,0.42718446,0.81463414
2018-1-10T13-49-17,1515588557654,0.8341463,-0.043902438,0.44660193,0.8341463
2018-1-10T13-49-17,1515588557655,0.84390247,-0.024390243,0.4563107,0.84390247
2018-1-10T13-49-17,1515588557656,0.86341465,0.014634146,0.44660193,0.86341465
2018-1-10T13-49-17,1515588557657,0.86341465,0.024390243,0.4368932,0.86341465
2018-1-10T13-49-17,1515588557658,0.86341465,0.024390243,0.42718446,0.86341465
2018-1-10T13-49-17,1515588557659,0.85365856,0.024390243,0.4563107,0.85365856
2018-1-10T13-49-17,1515588557660,0.84390247,0.014634146,0.44660193,0.84390247
2018-1-10T13-49-17,1515588557661,0.84390247,-0.024390243,0.4368932,0.84390247
2018-1-10T13-49-17,1515588557662,0.82439023,-0.014634146,0.42718446,0.82439023
2018-1-10T13-49-17,1515588557663,0.81463414,-0.004878049,0.42718446,0.81463414
2018-1-10T13-49-17,1515588557664,0.8341463,-0.034146342,0.42718446,0.8341463
2018-1-10T13-49-17,1515588557665,0.81463414,-0.034146342,0.46601942,0.81463414
2018-1-10T13-49-17,1515588557666,0.85365856,-0.024390243,0.46601942,0.85365856
2018-1-10T13-49-17,1515588557667,0.85365856,-0.034146342,0.44660193,0.85365856
2018-1-10T13-49-17,1515588557668,0.85365856,-0.034146342,0.42718446,0.85365856
2018-1-10T13-49-17,1515588557669,0.85365856,-0.004878049,0.4563107,0.85365856
2018-1-10T13-49-17,1515588557670,0.87317073,-0.043902438,0.47572815,0.87317073
2018-1-10T13-49-17,1515588557671,0.8829268,-0.024390243,0.47572815,0.8829268
2018-1-10T13-49-17,1515588557672,0.87317073,-0.014634146,0.46601942,0.87317073
2018-1-10T13-49-17,1515588557673,0.86341465,0.024390243,0.4563107,0.86341465
2018-1-10T13-49-17,1515588557674,0.86341465,-0.034146342,0.41747573,0.86341465
2018-1-10T13-49-17,1515588557675,0.8341463,-0.06341463,0.41747573,0.8341463
2018-1-10T13-49-17,1515588557676,0.81463414,-0.004878049,0.41747573,0.81463414
2018-1-10T13-49-17,1515588557677,0.80487806,-0.053658538,0.4368932,0.80487806
2018-1-10T13-49-17,1515588557678,0.75609756,-0.053658538,0.46601942,0.75609756
2018-1-10T13-49-17,1515588557679,0.81463414,-0.034146342,0.44660193,0.81463414
2018-1-10T13-49-17,1515588557680,0.84390247,-0.043902438,0.4368932,0.84390247
2018-1-10T13-49-17,1515588557681,0.84390247,-0.024390243,0.4368932,0.84390247
2018-1-10T13-49-17,1515588557682,0.84390247,0.004878049,0.4563107,0.84390247
2018-1-10T13-49-17,1515588557683,0.87317073,-0.004878049,0.4563107,0.87317073
2018-1-10T13-49-17,1515588557684,0.86341465,0.043902438,0.44660193,0.86341465
2018-1-10T13-49-17,1515588557685,0.84390247,0.024390243,0.42718446,0.84390247
2018-1-10T13-49-17,1515588557686,0.85365856,0.004878049,0.44660193,0.85365856
2018-1-10T13-49-17,1515588557687,0.84390247,0.004878049,0.42718446,0.84390247
2018-1-10T13-49-17,1515588557688,0.8341463,-0.024390243,0.41747573,0.8341463
2018-1-10T13-49-17,1515588557689,0.84390247,-0.043902438,0.4368932,0.84390247
2018-1-10T13-49-17,1515588557690,0.8926829,-0.043902438,0.4368932,0.8926829
2018-1-10T13-49-17,1515588557691,0.84390247,-0.034146342,0.44660193,0.84390247
2018-1-10T13-49-17,1515588557692,0.86341465,-0.004878049,0.592233,0.86341465
2018-1-10T13-49-17,1515588557693,0.86341465,-0.014634146,0.4563107,0.86341465
2018-1-10T13-49-17,1515588557694,0.87317073,0.004878049,0.44660193,0.87317073
2018-1-10T13-49-17,1515588557695,0.87317073,-0.014634146,0.4563107,0.87317073
2018-1-10T13-49-17,1515588557696,0.87317073,-0.024390243,0.44660193,0.87317073
2018-1-10T13-49-17,1515588557697,0.87317073,-0.034146342,0.44660193,0.87317073
2018-1-10T13-49-17,1515588557698,0.85365856,-0.043902438,0.4368932,0.85365856
2018-1-10T13-49-17,1515588557699,0.8341463,-0.034146342,0.44660193,0.8341463
2018-1-10T13-49-17,1515588557700,0.81463414,-0.043902438,0.4368932,0.81463414
2018-1-10T13-49-17,1515588557701,0.82439023,-0.034146342,0.4368932,0.82439023
2018-1-10T13-49-17,1515588557702,0.8341463,-0.034146342,0.42718446,0.8341463
2018-1-10T13-49-17,1515588557703,0.84390247,-0.024390243,0.4368932,0.84390247
2018-1-10T13-49-17,1515588557704,0.85365856,-0.014634146,0.4368932,0.85365856
2018-1-10T13-49-17,1515588557705,0.85365856,0.014634146,0.44660193,0.85365856
2018-1-10T13-49-17,1515588557706,0.85365856,0.004878049,0.44660193,0.85365856
2018-1-10T13-49-17,1515588557707,0.8341463,0.004878049,0.4563107,0.8341463
2018-1-10T13-49-17,1515588557708,0.85365856,0.004878049,0.46601942,0.85365856
2018-1-10T13-49-17,1515588557709,0.85365856,-0.024390243,0.46601942,0.85365856
2018-1-10T13-49-17,1515588557710,0.85365856,-0.014634146,0.4563107,0.85365856
2018-1-10T13-49-17,1515588557711,0.87317073,-0.024390243,0.44660193,0.87317073
2018-1-10T13-49-17,1515588557712,0.82439023,-0.034146342,0.44660193,0.82439023
2018-1-10T13-49-17,1515588557713,0.85365856,-0.024390243,0.42718446,0.85365856
2018-1-10T13-49-17,1515588557714,0.86341465,-0.024390243,0.4563107,0.86341465
2018-1-10T13-49-17,1515588557715,0.84390247,-0.024390243,0.4563107,0.84390247
2018-1-10T13-49-17,1515588557716,0.8341463,-0.043902438,0.42718446,0.8341463
2018-1-10T13-49-17,1515588557717,0.82439023,-0.034146342,0.407767,0.82439023
2018-1-10T13-49-17,1515588557718,0.8341463,-0.024390243,0.42718446,0.8341463
2018-1-10T13-49-17,1515588557719,0.8341463,-0.024390243,0.4563107,0.8341463
2018-1-10T13-49-17,1515588557720,0.82439023,-0.014634146,0.4368932,0.82439023
2018-1-10T13-49-17,1515588557721,0.84390247,-0.004878049,0.4368932,0.84390247
2018-1-10T13-49-17,1515588557722,0.86341465,-0.014634146,0.44660193,0.86341465
2018-1-10T13-49-17,1515588557723,0.86341465,0.014634146,0.44660193,0.86341465
2018-1-10T13-49-17,1515588557724,0.85365856,-0.024390243,0.407767,0.85365856
2018-1-10T13-49-17,1515588557725,0.86341465,-0.014634146,0.44660193,0.86341465
2018-1-10T13-49-17,1515588557726,0.8926829,-0.024390243,0.4563107,0.8926829
2018-1-10T13-49-17,1515588557727,0.84390247,-0.004878049,0.46601942,0.84390247
2018-1-10T13-49-17,1515588557728,0.8926829,-0.034146342,0.44660193,0.8926829
2018-1-10T13-49-17,1515588557729,0.85365856,-0.10243902,0.44660193,0.85365856
2018-1-10T13-49-17,1515588557730,0.85365856,-0.024390243,0.44660193,0.85365856
2018-1-10T13-49-17,1515588557731,0.84390247,-0.014634146,0.4368932,0.84390247
2018-1-10T13-49-17,1515588557732,0.84390247,-0.014634146,0.4368932,0.84390247
2018-1-10T13-49-17,1515588557733,0.8341463,-0.034146342,0.44660193,0.8341463
2018-1-10T13-49-17,1515588557734,0.8341463,-0.004878049,0.46601942,0.8341463
2018-1-10T13-49-17,1515588557735,0.84390247,0.034146342,0.46601942,0.84390247
2018-1-10T13-49-17,1515588557736,0.85365856,-0.014634146,0.42718446,0.85365856
2018-1-10T13-49-17,1515588557737,0.84390247,-0.004878049,0.4368932,0.84390247
2018-1-10T13-49-17,1515588557738,0.85365856,-0.06341463,0.44660193,0.85365856
2018-1-10T13-49-17,1515588557739,0.85365856,-0.034146342,0.44660193,0.85365856
2018-1-10T13-49-17,1515588557740,0.84390247,-0.004878049,0.4368932,0.84390247
2018-1-10T13-49-17,1515588557741,0.85365856,-0.034146342,0.4368932,0.85365856
2018-1-10T13-49-17,1515588557742,0.85365856,-0.034146342,0.4368932,0.85365856
2018-1-10T13-49-17,1515588557743,0.85365856,-0.024390243,0.4368932,0.85365856
2018-1-10T13-49-17,1515588557744,0.84390247,-0.053658538,0.4563107,0.84390247
2018-1-10T13-49-17,1515588557745,0.86341465,-0.024390243,0.4368932,0.86341465
2018-1-10T13-49-17,1515588557746,0.84390247,-0.034146342,0.44660193,0.84390247
2018-1-10T13-49-17,1515588557747,0.84390247,-0.034146342,0.4368932,0.84390247
2018-1-10T13-49-17,1515588557748,0.85365856,-0.07317073,0.4368932,0.85365856
2018-1-10T13-49-17,1515588557749,0.82439023,-0.053658538,0.4368932,0.82439023
2018-1-10T13-49-17,1515588557750,0.84390247,-0.043902438,0.4368932,0.84390247
2018-1-10T13-49-17,1515588557751,0.82439023,-0.043902438,0.4563107,0.82439023
2018-1-10T13-49-17,1515588557752,0.85365856,-0.043902438,0.4563107,0.85365856
2018-1-10T13-49-17,1515588557753,0.8341463,-0.024390243,0.4368932,0.8341463
2018-1-10T13-49-17,1515588557754,0.85365856,0.004878049,0.44660193,0.85365856
2018-1-10T13-49-17,1515588557755,0.86341465,-0.014634146,0.44660193,0.86341465
2018-1-10T13-49-17,1515588557756,0.86341465,0.004878049,0.4368932,0.86341465
2018-1-10T13-49-17,1515588557757,0.85365856,0.014634146,0.42718446,0.85365856
2018-1-10T13-49-17,1515588557758,0.86341465,0.004878049,0.44660193,0.86341465
2018-1-10T13-49-17,1515588557759,0.85365856,0.004878049,0.44660193,0.85365856
2018-1-10T13-49-17,1515588557760,0.8341463,0.004878049,0.41747573,0.8341463
2018-1-10T13-49-17,1515588557761,0.8926829,-0.024390243,0.42718446,0.8926829
2018-1-10T13-49-17,1515588557762,0.84390247,-0.024390243,0.49514562,0.84390247
2018-1-10T13-49-17,1515588557763,0.81463414,-0.014634146,0.44660193,0.81463414
2018-1-10T13-49-17,1515588557764,0.84390247,-0.024390243,0.44660193,0.84390247
2018-1-10T13-49-17,1515588557765,0.84390247,-0.024390243,0.42718446,0.84390247
2018-1-10T13-49-17,1515588557766,0.85365856,-0.024390243,0.44660193,0.85365856
2018-1-10T13-49-17,1515588557767,0.85365856,-0.024390243,0.46601942,0.85365856
2018-1-10T13-49-17,1515588557768,0.86341465,-0.024390243,0.4563107,0.86341465
2018-1-10T13-49-17,1515588557769,0.85365856,-0.014634146,0.44660193,0.85365856
2018-1-10T13-49-17,1515588557770,0.86341465,-0.034146342,0.47572815,0.86341465
2018-1-10T13-49-17,1515588557771,0.86341465,-0.034146342,0.42718446,0.86341465
2018-1-10T13-49-17,1515588557772,0.8341463,-0.034146342,0.44660193,0.8341463
2018-1-10T13-49-17,1515588557773,0.81463414,-0.043902438,0.4368932,0.81463414
2018-1-10T13-49-17,1515588557774,0.84390247,-0.053658538,0.4563107,0.84390247
2018-1-10T13-49-17,1515588557775,0.82439023,-0.06341463,0.44660193,0.82439023
2018-1-10T13-49-17,1515588557776,0.8341463,-0.034146342,0.41747573,0.8341463
2018-1-10T13-49-17,1515588557777,0.82439023,-0.024390243,0.4368932,0.82439023
2018-1-10T13-49-17,1515588557778,0.84390247,-0.024390243,0.4563107,0.84390247
2018-1-10T13-49-17,1515588557779,0.8341463,-0.024390243,0.4563107,0.8341463
2018-1-10T13-49-17,1515588557780,0.85365856,-0.004878049,0.42718446,0.85365856
2018-1-10T13-49-17,1515588557781,0.87317073,-0.004878049,0.4368932,0.87317073
2018-1-10T13-49-17,1515588557782,0.86341465,-0.004878049,0.44660193,0.86341465
2018-1-10T13-49-17,1515588557783,0.86341465,0.014634146,0.44660193,0.86341465
2018-1-10T13-49-17,1515588557784,0.86341465,-0.024390243,0.4368932,0.86341465
2018-1-10T13-49-17,1515588557785,0.8341463,-0.014634146,0.41747573,0.8341463
2018-1-10T13-49-17,1515588557786,0.82439023,0.004878049,0.4368932,0.82439023
2018-1-10T13-49-17,1515588557787,0.8341463,-0.034146342,0.4368932,0.8341463
2018-1-10T13-49-17,1515588557788,0.74634147,-0.024390243,0.4368932,0.74634147
2018-1-10T13-49-17,1515588557789,0.81463414,-0.024390243,0.4368932,0.81463414
2018-1-10T13-49-17,1515588557790,0.81463414,-0.024390243,0.44660193,0.81463414
2018-1-10T13-49-17,1515588557791,0.8341463,0.034146342,0.44660193,0.8341463
2018-1-10T13-49-17,1515588557792,0.85365856,-0.024390243,0.4854369,0.85365856
2018-1-10T13-49-17,1515588557793,0.86341465,-0.024390243,0.44660193,0.86341465
2018-1-10T13-49-17,1515588557794,0.86341465,-0.014634146,0.41747573,0.86341465
2018-1-10T13-49-17,1515588557795,0.86341465,-0.014634146,0.46601942,0.86341465
2018-1-10T13-49-17,1515588557796,0.86341465,-0.024390243,0.46601942,0.86341465
2018-1-10T13-49-17,1515588557797,0.84390247,-0.053658538,0.4368932,0.84390247
2018-1-10T13-49-17,1515588557798,0.8341463,-0.043902438,0.39805827,0.8341463
2018-1-10T13-49-17,1515588557799,0.8341463,-0.043902438,0.52427185,0.8341463
2018-1-10T13-49-17,1515588557800,0.84390247,-0.053658538,0.44660193,0.84390247
2018-1-10T13-49-17,1515588557801,0.8341463,-0.11219512,0.4368932,0.8341463
2018-1-10T13-49-17,1515588557802,0.84390247,-0.024390243,0.4368932,0.84390247
2018-1-10T13-49-17,1515588557803,0.84390247,-0.004878049,0.4368932,0.84390247
2018-1-10T13-49-17,1515588557804,0.84390247,-0.034146342,0.44660193,0.84390247
2018-1-10T13-49-17,1515588557805,0.8341463,-0.024390243,0.39805827,0.8341463
2018-1-10T13-49-17,1515588557806,0.85365856,-0.024390243,0.44660193,0.85365856
2018-1-10T13-49-17,1515588557807,0.902439,-0.014634146,0.44660193,0.902439
2018-1-10T13-49-17,1515588557808,0.84390247,-0.014634146,0.44660193,0.84390247
2018-1-10T13-49-17,1515588557809,0.85365856,-0.014634146,0.4368932,0.85365856
2018-1-10T13-49-17,1515588557810,0.85365856,-0.024390243,0.41747573,0.85365856
2018-1-10T13-49-17,1515588557811,0.82439023,-0.014634146,0.42718446,0.82439023
2018-1-10T13-49-17,1515588557812,0.8341463,-0.004878049,0.44660193,0.8341463
2018-1-10T13-49-17,1515588557813,0.84390247,-0.004878049,0.4563107,0.84390247
2018-1-10T13-49-17,1515588557814,0.8341463,-0.024390243,0.4368932,0.8341463
2018-1-10T13-49-17,1515588557815,0.8341463,-0.024390243,0.44660193,0.8341463
2018-1-10T13-49-17,1515588557816,0.92195123,-0.014634146,0.46601942,0.92195123
2018-1-10T13-49-17,1515588557817,0.84390247,-0.043902438,0.46601942,0.84390247
2018-1-10T13-49-17,1515588557818,0.84390247,-0.014634146,0.47572815,0.84390247
2018-1-10T13-49-17,1515588557819,0.85365856,-0.024390243,0.44660193,0.85365856
2018-1-10T13-49-17,1515588557820,0.7853659,-0.034146342,0.42718446,0.7853659
2018-1-10T13-49-17,1515588557821,0.8341463,-0.024390243,0.4368932,0.8341463
2018-1-10T13-49-17,1515588557822,0.84390247,-0.014634146,0.4368932,0.84390247
2018-1-10T13-49-17,1515588557823,0.86341465,-0.024390243,0.4563107,0.86341465
2018-1-10T13-49-17,1515588557824,0.8341463,0.043902438,0.44660193,0.8341463
2018-1-10T13-49-17,1515588557825,0.86341465,-0.053658538,0.4368932,0.86341465
2018-1-10T13-49-17,1515588557826,0.8829268,0.024390243,0.4368932,0.8829268
2018-1-10T13-49-17,1515588557827,0.86341465,0.004878049,0.4563107,0.86341465
2018-1-10T13-49-17,1515588557828,0.85365856,0.014634146,0.47572815,0.85365856
2018-1-10T13-49-17,1515588557829,0.86341465,-0.004878049,0.47572815,0.86341465
2018-1-10T13-49-17,1515588557830,0.85365856,0.004878049,0.39805827,0.85365856
2018-1-10T13-49-17,1515588557831,0.8341463,-0.004878049,0.44660193,0.8341463
2018-1-10T13-49-17,1515588557832,0.8341463,-0.034146342,0.44660193,0.8341463
2018-1-10T13-49-17,1515588557833,0.81463414,-0.06341463,0.4563107,0.81463414
2018-1-10T13-49-17,1515588557834,0.81463414,-0.06341463,0.4368932,0.81463414
2018-1-10T13-49-17,1515588557835,0.82439023,-0.043902438,0.44660193,0.82439023
2018-1-10T13-49-17,1515588557836,0.8341463,-0.014634146,0.4563107,0.8341463
2018-1-10T13-49-17,1515588557837,0.84390247,-0.034146342,0.44660193,0.84390247
2018-1-10T13-49-17,1515588557838,0.85365856,-0.024390243,0.42718446,0.85365856
2018-1-10T13-49-17,1515588557839,0.87317073,-0.014634146,0.4368932,0.87317073
2018-1-10T13-49-17,1515588557840,0.8829268,-0.014634146,0.42718446,0.8829268
2018-1-10T13-49-17,1515588557841,0.87317073,0.004878049,0.4368932,0.87317073
2018-1-10T13-49-17,1515588557842,0.87317073,-0.004878049,0.46601942,0.87317073
2018-1-10T13-49-17,1515588557843,0.86341465,0.004878049,0.44660193,0.86341465
2018-1-10T13-49-17,1515588557844,0.84390247,-0.004878049,0.42718446,0.84390247
2018-1-10T13-49-17,1515588557845,0.8341463,-0.034146342,0.41747573,0.8341463
2018-1-10T13-49-17,1515588557846,0.82439023,-0.034146342,0.44660193,0.82439023
2018-1-10T13-49-17,1515588557847,0.80487806,-0.024390243,0.42718446,0.80487806
2018-1-10T13-49-17,1515588557848,0.82439023,-0.014634146,0.4368932,0.82439023
2018-1-10T13-49-17,1515588557849,0.8341463,-0.043902438,0.44660193,0.8341463
2018-1-10T13-49-17,1515588557850,0.82439023,-0.07317073,0.44660193,0.82439023
2018-1-10T13-49-17,1515588557851,0.81463414,-0.024390243,0.4563107,0.81463414
2018-1-10T13-49-17,1515588557852,0.91219515,-0.004878049,0.4563107,0.91219515
2018-1-10T13-49-17,1515588557853,0.87317073,0.034146342,0.4368932,0.87317073
2018-1-10T13-49-17,1515588557854,0.81463414,0.004878049,0.4563107,0.81463414
2018-1-10T13-49-17,1515588557855,0.85365856,0.024390243,0.46601942,0.85365856
2018-1-10T13-49-17,1515588557856,0.86341465,-0.024390243,0.47572815,0.86341465
2018-1-10T13-49-17,1515588557857,0.8341463,-0.004878049,0.46601942,0.8341463
2018-1-10T13-49-17,1515588557858,0.85365856,-0.024390243,0.41747573,0.85365856
2018-1-10T13-49-17,1515588557859,0.84390247,-0.053658538,0.42718446,0.84390247
2018-1-10T13-49-17,1515588557860,0.82439023,-0.034146342,0.44660193,0.82439023
2018-1-10T13-49-17,1515588557861,0.84390247,-0.024390243,0.44660193,0.84390247
2018-1-10T13-49-17,1515588557862,0.84390247,-0.024390243,0.4368932,0.84390247
2018-1-10T13-49-17,1515588557863,0.82439023,-0.014634146,0.407767,0.82439023
2018-1-10T13-49-17,1515588557864,0.84390247,-0.024390243,0.44660193,0.84390247
2018-1-10T13-49-17,1515588557865,0.87317073,-0.014634146,0.4563107,0.87317073
2018-1-10T13-49-17,1515588557866,0.85365856,-0.024390243,0.46601942,0.85365856
2018-1-10T13-49-17,1515588557867,0.86341465,-0.014634146,0.46601942,0.86341465
2018-1-10T13-49-17,1515588557868,0.86341465,-0.004878049,0.44660193,0.86341465
2018-1-10T13-49-17,1515588557869,0.86341465,-0.024390243,0.4368932,0.86341465
2018-1-10T13-49-17,1515588557870,0.84390247,-0.034146342,0.42718446,0.84390247
2018-1-10T13-49-17,1515588557871,0.8341463,-0.034146342,0.42718446,0.8341463
2018-1-10T13-49-17,1515588557872,0.6292683,-0.043902438,0.41747573,0.6292683
2018-1-10T13-49-17,1515588557873,0.82439023,-0.014634146,0.4368932,0.82439023
2018-1-10T13-49-17,1515588557874,0.8341463,-0.024390243,0.4368932,0.8341463
2018-1-10T13-49-17,1515588557875,0.8341463,-0.024390243,0.4368932,0.8341463
2018-1-10T13-49-17,1515588557876,0.8341463,-0.024390243,0.4563107,0.8341463
2018-1-10T13-49-17,1515588557877,0.85365856,-0.004878049,0.4563107,0.85365856
2018-1-10T13-49-17,1515588557878,0.86341465,-0.014634146,0.47572815,0.86341465
2018-1-10T13-49-17,1515588557879,0.86341465,-0.004878049,0.4563107,0.86341465
2018-1-10T13-49-17,1515588557880,0.84390247,-0.004878049,0.4368932,0.84390247
2018-1-10T13-49-17,1515588557881,0.85365856,-0.004878049,0.44660193,0.85365856
2018-1-10T13-49-17,1515588557882,0.86341465,-0.014634146,0.44660193,0.86341465
2018-1-10T13-49-17,1515588557883,0.84390247,-0.034146342,0.44660193,0.84390247
2018-1-10T13-49-17,1515588557884,0.84390247,-0.034146342,0.4368932,0.84390247
2018-1-10T13-49-17,1515588557885,0.84390247,-0.014634146,0.42718446,0.84390247
2018-1-10T13-49-17,1515588557886,0.84390247,-0.09268293,0.44660193,0.84390247
2018-1-10T13-49-17,1515588557887,0.84390247,-0.024390243,0.44660193,0.84390247
2018-1-10T13-49-17,1515588557888,0.86341465,-0.034146342,0.44660193,0.86341465
2018-1-10T13-49-17,1515588557889,0.84390247,-0.034146342,0.4854369,0.84390247
2018-1-10T13-49-17,1515588557890,0.82439023,-0.024390243,0.44660193,0.82439023
2018-1-10T13-49-17,1515588557891,0.85365856,-0.014634146,0.44660193,0.85365856
2018-1-10T13-49-17,1515588557892,0.84390247,-0.034146342,0.44660193,0.84390247
2018-1-10T13-49-17,1515588557893,0.8341463,-0.024390243,0.44660193,0.8341463
2018-1-10T13-49-17,1515588557894,0.84390247,-0.024390243,0.4368932,0.84390247
2018-1-10T13-49-17,1515588557895,0.8341463,-0.024390243,0.42718446,0.8341463
2018-1-10T13-49-17,1515588557896,0.8341463,-0.024390243,0.42718446,0.8341463
2018-1-10T13-49-17,1515588557897,0.8341463,-0.034146342,0.4563107,0.8341463
2018-1-10T13-49-17,1515588557898,0.8341463,-0.024390243,0.4368932,0.8341463
2018-1-10T13-49-17,1515588557899,0.86341465,-0.004878049,0.44660193,0.86341465
2018-1-10T13-49-17,1515588557900,0.87317073,-0.004878049,0.46601942,0.87317073
2018-1-10T13-49-17,1515588557901,0.86341465,-0.024390243,0.44660193,0.86341465
2018-1-10T13-49-17,1515588557902,0.85365856,-0.014634146,0.4368932,0.85365856
2018-1-10T13-49-17,1515588557903,0.87317073,-0.014634146,0.4563107,0.87317073
2018-1-10T13-49-17,1515588557904,0.85365856,-0.024390243,0.44660193,0.85365856
2018-1-10T13-49-17,1515588557905,0.87317073,-0.004878049,0.42718446,0.87317073
2018-1-10T13-49-17,1515588557906,0.75609756,0.014634146,0.4368932,0.75609756
2018-1-10T13-49-17,1515588557907,0.82439023,-0.024390243,0.46601942,0.82439023
2018-1-10T13-49-17,1515588557908,0.8341463,-0.024390243,0.4368932,0.8341463
2018-1-10T13-49-17,1515588557909,0.8341463,-0.024390243,0.4563107,0.8341463
2018-1-10T13-49-17,1515588557910,0.84390247,-0.053658538,0.47572815,0.84390247
2018-1-10T13-49-17,1515588557911,0.85365856,-0.043902438,0.44660193,0.85365856
2018-1-10T13-49-17,1515588557912,0.85365856,-0.043902438,0.52427185,0.85365856
2018-1-10T13-49-17,1515588557913,0.86341465,-0.034146342,0.4563107,0.86341465
2018-1-10T13-49-17,1515588557914,0.84390247,-0.034146342,0.4563107,0.84390247
2018-1-10T13-49-17,1515588557915,0.85365856,-0.034146342,0.4563107,0.85365856
2018-1-10T13-49-17,1515588557916,0.8829268,-0.014634146,0.46601942,0.8829268
2018-1-10T13-49-17,1515588557917,0.8829268,-0.034146342,0.46601942,0.8829268
2018-1-10T13-49-17,1515588557918,0.84390247,-0.034146342,0.44660193,0.84390247
2018-1-10T13-49-17,1515588557919,0.84390247,-0.034146342,0.4368932,0.84390247
2018-1-10T13-49-17,1515588557920,0.85365856,-0.043902438,0.44660193,0.85365856
2018-1-10T13-49-17,1515588557921,0.85365856,-0.053658538,0.44660193,0.85365856
2018-1-10T13-49-17,1515588557922,0.82439023,-0.024390243,0.4368932,0.82439023
2018-1-10T13-49-17,1515588557923,0.84390247,-0.014634146,0.407767,0.84390247
2018-1-10T13-49-17,1515588557924,0.82439023,-0.014634146,0.4368932,0.82439023
2018-1-10T13-49-17,1515588557925,0.85365856,0.004878049,0.4563107,0.85365856
2018-1-10T13-49-17,1515588557926,0.8341463,0.004878049,0.4368932,0.8341463
2018-1-10T13-49-17,1515588557927,0.85365856,0.004878049,0.42718446,0.85365856
2018-1-10T13-49-17,1515588557928,0.8341463,0.014634146,0.41747573,0.8341463
2018-1-10T13-49-17,1515588557929,0.84390247,0.014634146,0.4368932,0.84390247
2018-1-10T13-49-17,1515588557930,0.86341465,0.004878049,0.44660193,0.86341465
2018-1-10T13-49-17,1515588557931,0.82439023,-0.004878049,0.44660193,0.82439023
2018-1-10T13-49-17,1515588557932,0.85365856,0.004878049,0.44660193,0.85365856
2018-1-10T13-49-17,1515588557933,0.87317073,-0.014634146,0.42718446,0.87317073
2018-1-10T13-49-17,1515588557934,0.85365856,0.004878049,0.4368932,0.85365856
2018-1-10T13-49-17,1515588557935,0.8341463,-0.014634146,0.4563107,0.8341463
2018-1-10T13-49-17,1515588557936,0.84390247,-0.043902438,0.46601942,0.84390247
2018-1-10T13-49-17,1515588557937,0.84390247,-0.034146342,0.4368932,0.84390247
2018-1-10T13-49-17,1515588557938,0.8341463,-0.053658538,0.4368932,0.8341463
2018-1-10T13-49-17,1515588557939,0.84390247,-0.043902438,0.46601942,0.84390247
2018-1-10T13-49-17,1515588557940,0.81463414,-0.024390243,0.47572815,0.81463414
2018-1-10T13-49-17,1515588557941,0.85365856,-0.034146342,0.44660193,0.85365856
2018-1-10T13-49-17,1515588557942,0.8341463,-0.053658538,0.42718446,0.8341463
2018-1-10T13-49-17,1515588557943,0.84390247,-0.07317073,0.4368932,0.84390247
2018-1-10T13-49-17,1515588557944,0.82439023,-0.053658538,0.42718446,0.82439023
2018-1-10T13-49-17,1515588557945,0.8341463,-0.034146342,0.4563107,0.8341463
2018-1-10T13-49-17,1515588557946,0.85365856,-0.034146342,0.46601942,0.85365856
2018-1-10T13-49-17,1515588557947,0.86341465,-0.014634146,0.4563107,0.86341465
2018-1-10T13-49-17,1515588557948,0.87317073,0.014634146,0.44660193,0.87317073
2018-1-10T13-49-17,1515588557949,0.8829268,0.014634146,0.44660193,0.8829268
2018-1-10T13-49-17,1515588557950,0.8829268,-0.004878049,0.4368932,0.8829268
2018-1-10T13-49-17,1515588557951,0.85365856,0.004878049,0.4563107,0.85365856
2018-1-10T13-49-17,1515588557952,0.84390247,0.004878049,0.44660193,0.84390247
2018-1-10T13-49-17,1515588557953,0.84390247,-0.024390243,0.44660193,0.84390247
2018-1-10T13-49-17,1515588557954,0.8341463,-0.12195122,0.4368932,0.8341463
2018-1-10T13-49-17,1515588557955,0.82439023,-0.043902438,0.4563107,0.82439023
2018-1-10T13-49-17,1515588557956,0.8341463,-0.024390243,0.44660193,0.8341463
2018-1-10T13-49-17,1515588557957,0.82439023,-0.034146342,0.44660193,0.82439023
2018-1-10T13-49-17,1515588557958,0.84390247,-0.024390243,0.4563107,0.84390247
2018-1-10T13-49-17,1515588557959,0.84390247,-0.024390243,0.44660193,0.84390247
2018-1-10T13-49-17,1515588557960,0.8341463,-0.024390243,0.42718446,0.8341463
2018-1-10T13-49-17,1515588557961,0.82439023,-0.014634146,0.41747573,0.82439023
2018-1-10T13-49-17,1515588557962,0.85365856,-0.024390243,0.46601942,0.85365856
2018-1-10T13-49-17,1515588557963,0.85365856,-0.024390243,0.44660193,0.85365856
2018-1-10T13-49-17,1515588557964,0.86341465,-0.034146342,0.4368932,0.86341465
2018-1-10T13-49-17,1515588557965,0.87317073,0.004878049,0.4563107,0.87317073
2018-1-10T13-49-17,1515588557966,0.81463414,-0.024390243,0.44660193,0.81463414
2018-1-10T13-49-17,1515588557967,0.84390247,-0.014634146,0.4563107,0.84390247
2018-1-10T13-49-17,1515588557968,0.82439023,-0.034146342,0.407767,0.82439023
2018-1-10T13-49-17,1515588557969,0.82439023,-0.043902438,0.42718446,0.82439023
2018-1-10T13-49-17,1515588557970,0.81463414,0.004878049,0.44660193,0.81463414
2018-1-10T13-49-17,1515588557971,0.81463414,0.034146342,0.4563107,0.81463414
2018-1-10T13-49-17,1515588557972,0.82439023,-0.053658538,0.44660193,0.82439023
2018-1-10T13-49-17,1515588557973,0.87317073,-0.034146342,0.4563107,0.87317073
2018-1-10T13-49-17,1515588557974,0.84390247,0.004878049,0.4563107,0.84390247
2018-1-10T13-49-17,1515588557975,0.87317073,-0.004878049,0.44660193,0.87317073
2018-1-10T13-49-17,1515588557976,0.86341465,0.004878049,0.42718446,0.86341465
2018-1-10T13-49-17,1515588557977,0.85365856,0.004878049,0.42718446,0.85365856
2018-1-10T13-49-17,1515588557978,0.86341465,-0.004878049,0.407767,0.86341465
2018-1-10T13-49-17,1515588557979,0.84390247,-0.034146342,0.44660193,0.84390247
2018-1-10T13-49-17,1515588557980,0.85365856,-0.024390243,0.44660193,0.85365856
2018-1-10T13-49-17,1515588557981,0.8341463,-0.014634146,0.46601942,0.8341463
2018-1-10T13-49-17,1515588557982,0.86341465,-0.024390243,0.4368932,0.86341465
2018-1-10T13-49-17,1515588557983,0.84390247,-0.024390243,0.42718446,0.84390247
2018-1-10T13-49-17,1515588557984,0.84390247,-0.004878049,0.4563107,0.84390247
2018-1-10T13-49-17,1515588557985,0.85365856,-0.014634146,0.46601942,0.85365856
2018-1-10T13-49-17,1515588557986,0.8341463,-0.034146342,0.44660193,0.8341463
2018-1-10T13-49-17,1515588557987,0.85365856,-0.024390243,0.4563107,0.85365856
2018-1-10T13-49-17,1515588557988,0.85365856,-0.024390243,0.44660193,0.85365856
2018-1-10T13-49-17,1515588557989,0.85365856,0.053658538,0.46601942,0.85365856
2018-1-10T13-49-17,1515588557990,0.85365856,-0.014634146,0.46601942,0.85365856
2018-1-10T13-49-17,1515588557991,0.84390247,-0.024390243,0.44660193,0.84390247
2018-1-10T13-49-17,1515588557992,0.8341463,-0.004878049,0.42718446,0.8341463
2018-1-10T13-49-17,1515588557993,0.82439023,-0.034146342,0.4368932,0.82439023
2018-1-10T13-49-17,1515588557994,0.84390247,-0.014634146,0.44660193,0.84390247
2018-1-10T13-49-17,1515588557995,0.84390247,-0.034146342,0.42718446,0.84390247
2018-1-10T13-49-17,1515588557996,0.8341463,-0.024390243,0.4368932,0.8341463
2018-1-10T13-49-17,1515588557997,0.84390247,-0.014634146,0.4563107,0.84390247
2018-1-10T13-49-17,1515588557998,0.84390247,-0.024390243,0.4563107,0.84390247
2018-1-10T13-49-17,1515588557999,0.8341463,-0.014634146,0.42718446,0.8341463
2018-1-10T13-49-18,1515588558000,0.8341463,-0.014634146,0.407767,0.8341463
2018-1-10T13-49-18,1515588558001,0.79512197,-0.024390243,0.46601942,0.79512197
2018-1-10T13-49-18,1515588558002,0.84390247,-0.09268293,0.47572815,0.84390247
2018-1-10T13-49-18,1515588558003,0.8341463,-0.034146342,0.44660193,0.8341463
2018-1-10T13-49-18,1515588558004,0.82439023,0.014634146,0.42718446,0.82439023
2018-1-10T13-49-18,1515588558005,0.84390247,-0.034146342,0.41747573,0.84390247
2018-1-10T13-49-18,1515588558006,0.8341463,-0.034146342,0.4563107,0.8341463
2018-1-10T13-49-18,1515588558007,0.84390247,-0.024390243,0.44660193,0.84390247
2018-1-10T13-49-18,1515588558008,0.84390247,-0.024390243,0.44660193,0.84390247
2018-1-10T13-49-18,1515588558009,0.84390247,-0.004878049,0.4368932,0.84390247
2018-1-10T13-49-18,1515588558010,0.84390247,-0.004878049,0.41747573,0.84390247
2018-1-10T13-49-18,1515588558011,0.84390247,0.004878049,0.4368932,0.84390247
2018-1-10T13-49-18,1515588558012,0.86341465,-0.014634146,0.46601942,0.86341465
2018-1-10T13-49-18,1515588558013,0.86341465,-0.004878049,0.49514562,0.86341465
2018-1-10T13-49-18,1515588558014,0.87317073,-0.034146342,0.46601942,0.87317073
2018-1-10T13-49-18,1515588558015,0.87317073,-0.043902438,0.4368932,0.87317073
2018-1-10T13-49-18,1515588558016,0.85365856,-0.024390243,0.44660193,0.85365856
2018-1-10T13-49-18,1515588558017,0.84390247,-0.034146342,0.4563107,0.84390247
2018-1-10T13-49-18,1515588558018,0.8341463,-0.034146342,0.47572815,0.8341463
2018-1-10T13-49-18,1515588558019,0.7853659,-0.024390243,0.4368932,0.7853659
2018-1-10T13-49-18,1515588558020,0.8341463,-0.034146342,0.42718446,0.8341463
2018-1-10T13-49-18,1515588558021,0.84390247,-0.034146342,0.4368932,0.84390247
2018-1-10T13-49-18,1515588558022,0.8341463,-0.024390243,0.44660193,0.8341463
2018-1-10T13-49-18,1515588558023,0.84390247,-0.014634146,0.44660193,0.84390247
2018-1-10T13-49-18,1515588558024,0.85365856,-0.014634146,0.4368932,0.85365856
2018-1-10T13-49-18,1515588558025,0.8341463,-0.014634146,0.44660193,0.8341463
2018-1-10T13-49-18,1515588558026,0.84390247,-0.014634146,0.46601942,0.84390247
2018-1-10T13-49-18,1515588558027,0.85365856,-0.034146342,0.4563107,0.85365856
2018-1-10T13-49-18,1515588558028,0.84390247,-0.024390243,0.42718446,0.84390247
2018-1-10T13-49-18,1515588558029,0.87317073,-0.014634146,0.44660193,0.87317073
2018-1-10T13-49-18,1515588558030,0.85365856,-0.014634146,0.47572815,0.85365856
2018-1-10T13-49-18,1515588558031,0.85365856,-0.043902438,0.44660193,0.85365856
2018-1-10T13-49-18,1515588558032,0.8341463,-0.024390243,0.42718446,0.8341463
2018-1-10T13-49-18,1515588558033,0.85365856,-0.014634146,0.44660193,0.85365856
2018-1-10T13-49-18,1515588558034,0.85365856,-0.034146342,0.42718446,0.85365856
2018-1-10T13-49-18,1515588558035,0.8341463,-0.11219512,0.4563107,0.8341463
2018-1-10T13-49-18,1515588558036,0.8341463,-0.014634146,0.44660193,0.8341463
2018-1-10T13-49-18,1515588558037,0.84390247,-0.014634146,0.44660193,0.84390247
2018-1-10T13-49-18,1515588558038,0.85365856,-0.004878049,0.47572815,0.85365856
2018-1-10T13-49-18,1515588558039,0.84390247,0.014634146,0.4368932,0.84390247
2018-1-10T13-49-18,1515588558040,0.87317073,-0.004878049,0.42718446,0.87317073
2018-1-10T13-49-18,1515588558041,0.8341463,-0.014634146,0.41747573,0.8341463
2018-1-10T13-49-18,1515588558042,0.80487806,-0.004878049,0.42718446,0.80487806
2018-1-10T13-49-18,1515588558043,0.8341463,-0.014634146,0.44660193,0.8341463
2018-1-10T13-49-18,1515588558044,0.8341463,-0.024390243,0.44660193,0.8341463
2018-1-10T13-49-18,1515588558045,0.82439023,-0.024390243,0.44660193,0.82439023
2018-1-10T13-49-18,1515588558046,0.86341465,-0.043902438,0.44660193,0.86341465
2018-1-10T13-49-18,1515588558047,0.85365856,-0.043902438,0.4563107,0.85365856
2018-1-10T13-49-18,1515588558048,0.85365856,-0.024390243,0.44660193,0.85365856
2018-1-10T13-49-18,1515588558049,0.85365856,-0.024390243,0.4563107,0.85365856
2018-1-10T13-49-18,1515588558050,0.85365856,-0.043902438,0.46601942,0.85365856
2018-1-10T13-49-18,1515588558051,0.86341465,0.034146342,0.44660193,0.86341465
2018-1-10T13-49-18,1515588558052,0.86341465,-0.024390243,0.42718446,0.86341465
2018-1-10T13-49-18,1515588558053,0.86341465,-0.034146342,0.4368932,0.86341465
2018-1-10T13-49-18,1515588558054,0.84390247,-0.024390243,0.44660193,0.84390247
2018-1-10T13-49-18,1515588558055,0.8341463,-0.024390243,0.44660193,0.8341463
2018-1-10T13-49-18,1515588558056,0.82439023,-0.034146342,0.4368932,0.82439023
2018-1-10T13-49-18,1515588558057,0.82439023,-0.08292683,0.41747573,0.82439023
2018-1-10T13-49-18,1515588558058,0.81463414,-0.024390243,0.4368932,0.81463414
2018-1-10T13-49-18,1515588558059,0.81463414,-0.024390243,0.4563107,0.81463414
2018-1-10T13-49-18,1515588558060,0.85365856,-0.034146342,0.42718446,0.85365856
2018-1-10T13-49-18,1515588558061,0.86341465,-0.014634146,0.4563107,0.86341465
2018-1-10T13-49-18,1515588558062,0.8829268,-0.004878049,0.4368932,0.8829268
2018-1-10T13-49-18,1515588558063,0.8829268,-0.004878049,0.4368932,0.8829268
2018-1-10T13-49-18,1515588558064,0.85365856,0.004878049,0.41747573,0.85365856
2018-1-10T13-49-18,1515588558065,0.8341463,-0.004878049,0.42718446,0.8341463
2018-1-10T13-49-18,1515588558066,0.8341463,-0.024390243,0.4368932,0.8341463
2018-1-10T13-49-18,1515588558067,0.81463414,-0.024390243,0.4368932,0.81463414
2018-1-10T13-49-18,1515588558068,0.81463414,-0.024390243,0.42718446,0.81463414
2018-1-10T13-49-18,1515588558069,0.85365856,-0.004878049,0.44660193,0.85365856
2018-1-10T13-49-18,1515588558070,0.86341465,-0.014634146,0.42718446,0.86341465
2018-1-10T13-49-18,1515588558071,0.84390247,-0.014634146,0.4368932,0.84390247
2018-1-10T13-49-18,1515588558072,0.85365856,-0.024390243,0.4368932,0.85365856
2018-1-10T13-49-18,1515588558073,0.84390247,-0.034146342,0.4563107,0.84390247
2018-1-10T13-49-18,1515588558074,0.84390247,-0.034146342,0.44660193,0.84390247
2018-1-10T13-49-18,1515588558075,0.85365856,-0.024390243,0.4563107,0.85365856
2018-1-10T13-49-18,1515588558076,0.86341465,-0.043902438,0.4563107,0.86341465
2018-1-10T13-49-18,1515588558077,0.85365856,-0.043902438,0.42718446,0.85365856
2018-1-10T13-49-18,1515588558078,0.85365856,-0.014634146,0.37864077,0.85365856
2018-1-10T13-49-18,1515588558079,0.85365856,-0.024390243,0.44660193,0.85365856
2018-1-10T13-49-18,1515588558080,0.84390247,-0.034146342,0.4368932,0.84390247
2018-1-10T13-49-18,1515588558081,0.81463414,-0.043902438,0.41747573,0.81463414
2018-1-10T13-49-18,1515588558082,0.82439023,-0.043902438,0.4563107,0.82439023
2018-1-10T13-49-18,1515588558083,0.84390247,-0.053658538,0.46601942,0.84390247
2018-1-10T13-49-18,1515588558084,0.86341465,0.004878049,0.4563107,0.86341465
2018-1-10T13-49-18,1515588558085,0.85365856,-0.024390243,0.46601942,0.85365856
2018-1-10T13-49-18,1515588558086,0.86341465,-0.014634146,0.46601942,0.86341465
2018-1-10T13-49-18,1515588558087,0.86341465,-0.004878049,0.4563107,0.86341465
2018-1-10T13-49-18,1515588558088,0.85365856,-0.004878049,0.4563107,0.85365856
2018-1-10T13-49-18,1515588558089,0.8341463,-0.034146342,0.42718446,0.8341463
2018-1-10T13-49-18,1515588558090,0.82439023,-0.034146342,0.4368932,0.82439023
2018-1-10T13-49-18,1515588558091,0.81463414,-0.043902438,0.4563107,0.81463414
2018-1-10T13-49-18,1515588558092,0.86341465,-0.034146342,0.4563107,0.86341465
2018-1-10T13-49-18,1515588558093,0.8829268,-0.004878049,0.4368932,0.8829268
2018-1-10T13-49-18,1515588558094,0.87317073,0.014634146,0.4368932,0.87317073
2018-1-10T13-49-18,1515588558095,0.86341465,0.014634146,0.4368932,0.86341465
2018-1-10T13-49-18,1515588558096,0.85365856,0.014634146,0.49514562,0.85365856
2018-1-10T13-49-18,1515588558097,0.84390247,0.014634146,0.44660193,0.84390247
2018-1-10T13-49-18,1515588558098,0.85365856,-0.014634146,0.46601942,0.85365856
2018-1-10T13-49-18,1515588558099,0.82439023,-0.043902438,0.47572815,0.82439023
2018-1-10T13-49-18,1515588558100,0.84390247,-0.043902438,0.44660193,0.84390247
2018-1-10T13-49-18,1515588558101,0.85365856,-0.004878049,0.42718446,0.85365856
2018-1-10T13-49-18,1515588558102,0.84390247,0.14146341,0.4368932,0.84390247
2018-1-10T13-49-18,1515588558103,0.82439023,-0.034146342,0.42718446,0.82439023
2018-1-10T13-49-18,1515588558104,0.81463414,-0.043902438,0.44660193,0.81463414
2018-1-10T13-49-18,1515588558105,0.82439023,-0.06341463,0.41747573,0.82439023
2018-1-10T13-49-18,1515588558106,0.81463414,-0.053658538,0.42718446,0.81463414
2018-1-10T13-49-18,1515588558107,0.81463414,-0.07317073,0.41747573,0.81463414
2018-1-10T13-49-18,1515588558108,0.84390247,-0.004878049,0.46601942,0.84390247
2018-1-10T13-49-18,1515588558109,0.87317073,-0.024390243,0.4563107,0.87317073
2018-1-10T13-49-18,1515588558110,0.86341465,-0.004878049,0.46601942,0.86341465
2018-1-10T13-49-18,1515588558111,0.8926829,0.08292683,0.4563107,0.8926829
2018-1-10T13-49-18,1515588558112,0.8829268,-0.004878049,0.4368932,0.8829268
2018-1-10T13-49-18,1515588558113,0.84390247,-0.014634146,0.42718446,0.84390247
2018-1-10T13-49-18,1515588558114,0.82439023,-0.053658538,0.44660193,0.82439023
2018-1-10T13-49-18,1515588558115,0.86341465,-0.034146342,0.8543689,0.86341465
2018-1-10T13-49-18,1515588558116,0.82439023,-0.053658538,0.4368932,0.82439023
2018-1-10T13-49-18,1515588558117,0.81463414,-0.014634146,0.42718446,0.81463414
2018-1-10T13-49-18,1515588558118,0.8341463,-0.014634146,0.4368932,0.8341463
2018-1-10T13-49-18,1515588558119,0.8341463,-0.08292683,0.44660193,0.8341463
2018-1-10T13-49-18,1515588558120,0.85365856,0.014634146,0.4563107,0.85365856
2018-1-10T13-49-18,1515588558121,0.86341465,-0.024390243,0.4368932,0.86341465
2018-1-10T13-49-18,1515588558122,0.86341465,-0.004878049,0.4368932,0.86341465
2018-1-10T13-49-18,1515588558123,0.85365856,-0.004878049,0.47572815,0.85365856
2018-1-10T13-49-18,1515588558124,0.86341465,-0.014634146,0.47572815,0.86341465
2018-1-10T13-49-18,1515588558125,0.86341465,-0.034146342,0.4563107,0.86341465
2018-1-10T13-49-18,1515588558126,0.84390247,-0.024390243,0.39805827,0.84390247
2018-1-10T13-49-18,1515588558127,0.8341463,-0.043902438,0.4368932,0.8341463
2018-1-10T13-49-18,1515588558128,0.84390247,-0.053658538,0.44660193,0.84390247
2018-1-10T13-49-18,1515588558129,0.82439023,-0.043902438,0.42718446,0.82439023
2018-1-10T13-49-18,1515588558130,0.82439023,-0.043902438,0.4368932,0.82439023
2018-1-10T13-49-18,1515588558131,0.81463414,-0.09268293,0.42718446,0.81463414
2018-1-10T13-49-18,1515588558132,0.82439023,-0.06341463,0.4368932,0.82439023
2018-1-10T13-49-18,1515588558133,0.84390247,-0.034146342,0.4368932,0.84390247
2018-1-10T13-49-18,1515588558134,0.84390247,0.024390243,0.3883495,0.84390247
2018-1-10T13-49-18,1515588558135,0.86341465,-0.014634146,0.4563107,0.86341465
2018-1-10T13-49-18,1515588558136,0.86341465,-0.014634146,0.4563107,0.86341465
2018-1-10T13-49-18,1515588558137,0.85365856,0.004878049,0.4368932,0.85365856
2018-1-10T13-49-18,1515588558138,0.87317073,0.004878049,0.4368932,0.87317073
2018-1-10T13-49-18,1515588558139,0.85365856,0.014634146,0.42718446,0.85365856
2018-1-10T13-49-18,1515588558140,0.85365856,0.014634146,0.44660193,0.85365856
2018-1-10T13-49-18,1515588558141,0.84390247,-0.024390243,0.57281554,0.84390247
2018-1-10T13-49-18,1515588558142,0.8341463,-0.024390243,0.4368932,0.8341463
2018-1-10T13-49-18,1515588558143,0.8341463,-0.034146342,0.4563107,0.8341463
2018-1-10T13-49-18,1515588558144,0.85365856,-0.034146342,0.44660193,0.85365856
2018-1-10T13-49-18,1515588558145,0.8341463,-0.024390243,0.4368932,0.8341463
2018-1-10T13-49-18,1515588558146,0.8341463,0.014634146,0.4368932,0.8341463
2018-1-10T13-49-18,1515588558147,0.84390247,-0.014634146,0.46601942,0.84390247
2018-1-10T13-49-18,1515588558148,0.86341465,0.014634146,0.4563107,0.86341465
2018-1-10T13-49-18,1515588558149,0.84390247,-0.014634146,0.4368932,0.84390247
2018-1-10T13-49-18,1515588558150,0.86341465,-0.034146342,0.44660193,0.86341465
2018-1-10T13-49-18,1515588558151,0.85365856,-0.043902438,0.4563107,0.85365856
2018-1-10T13-49-18,1515588558152,0.8341463,-0.034146342,0.44660193,0.8341463
2018-1-10T13-49-18,1515588558153,0.8341463,-0.08292683,0.4368932,0.8341463
2018-1-10T13-49-18,1515588558154,0.8341463,-0.06341463,0.41747573,0.8341463
2018-1-10T13-49-18,1515588558155,0.81463414,-0.024390243,0.4368932,0.81463414
2018-1-10T13-49-18,1515588558156,0.82439023,-0.053658538,0.44660193,0.82439023
2018-1-10T13-49-18,1515588558157,0.85365856,-0.053658538,0.46601942,0.85365856
2018-1-10T13-49-18,1515588558158,0.86341465,-0.043902438,0.44660193,0.86341465
2018-1-10T13-49-18,1515588558159,0.8926829,0.014634146,0.4563107,0.8926829
2018-1-10T13-49-18,1515588558160,0.8829268,0.004878049,0.46601942,0.8829268
2018-1-10T13-49-18,1515588558161,0.8829268,0.004878049,0.44660193,0.8829268
2018-1-10T13-49-18,1515588558162,0.87317073,-0.053658538,0.44660193,0.87317073
2018-1-10T13-49-18,1515588558163,0.85365856,-0.024390243,0.44660193,0.85365856
2018-1-10T13-49-18,1515588558164,0.85365856,-0.024390243,0.46601942,0.85365856
2018-1-10T13-49-18,1515588558165,0.81463414,0.034146342,0.4563107,0.81463414
2018-1-10T13-49-18,1515588558166,0.82439023,-0.034146342,0.42718446,0.82439023
2018-1-10T13-49-18,1515588558167,0.86341465,-0.034146342,0.4368932,0.86341465
2018-1-10T13-49-18,1515588558168,0.80487806,-0.014634146,0.44660193,0.80487806
2018-1-10T13-49-18,1515588558169,0.82439023,0.004878049,0.42718446,0.82439023
2018-1-10T13-49-18,1515588558170,0.85365856,0.004878049,0.4368932,0.85365856
2018-1-10T13-49-18,1515588558171,0.8341463,-0.004878049,0.41747573,0.8341463
2018-1-10T13-49-18,1515588558172,0.82439023,0.024390243,0.5145631,0.82439023
2018-1-10T13-49-18,1515588558173,0.85365856,-0.004878049,0.4563107,0.85365856
2018-1-10T13-49-18,1515588558174,0.85365856,-0.024390243,0.44660193,0.85365856
2018-1-10T13-49-18,1515588558175,0.84390247,-0.014634146,0.42718446,0.84390247
2018-1-10T13-49-18,1515588558176,0.87317073,-0.024390243,0.4563107,0.87317073
2018-1-10T13-49-18,1515588558177,0.85365856,-0.034146342,0.407767,0.85365856
2018-1-10T13-49-18,1515588558178,0.84390247,-0.053658538,0.4563107,0.84390247
2018-1-10T13-49-18,1515588558179,0.85365856,-0.09268293,0.4563107,0.85365856
2018-1-10T13-49-18,1515588558180,0.86341465,-0.034146342,0.44660193,0.86341465
2018-1-10T13-49-18,1515588558181,0.85365856,-0.034146342,0.4368932,0.85365856
2018-1-10T13-49-18,1515588558182,0.8341463,-0.034146342,0.46601942,0.8341463
2018-1-10T13-49-18,1515588558183,0.85365856,-0.043902438,0.4563107,0.85365856
2018-1-10T13-49-18,1515588558184,0.8829268,-0.043902438,0.46601942,0.8829268
2018-1-10T13-49-18,1515588558185,0.8341463,-0.034146342,0.4368932,0.8341463
2018-1-10T13-49-18,1515588558186,0.84390247,-0.043902438,0.42718446,0.84390247
2018-1-10T13-49-18,1515588558187,0.82439023,-0.043902438,0.42718446,0.82439023
2018-1-10T13-49-18,1515588558188,0.82439023,-0.034146342,0.44660193,0.82439023
2018-1-10T13-49-18,1515588558189,0.84390247,-0.024390243,0.4368932,0.84390247
2018-1-10T13-49-18,1515588558190,0.8341463,-0.024390243,0.4368932,0.8341463
2018-1-10T13-49-18,1515588558191,0.84390247,-0.004878049,0.5048544,0.84390247
2018-1-10T13-49-18,1515588558192,0.85365856,-0.004878049,0.44660193,0.85365856
2018-1-10T13-49-18,1515588558193,0.87317073,0.014634146,0.44660193,0.87317073
2018-1-10T13-49-18,1515588558194,0.85365856,0.004878049,0.4368932,0.85365856
2018-1-10T13-49-18,1515588558195,0.86341465,0.014634146,0.49514562,0.86341465
2018-1-10T13-49-18,1515588558196,0.86341465,0.014634146,0.47572815,0.86341465
2018-1-10T13-49-18,1515588558197,0.85365856,-0.004878049,0.44660193,0.85365856
2018-1-10T13-49-18,1515588558198,0.85365856,0.014634146,0.4368932,0.85365856
2018-1-10T13-49-18,1515588558199,0.8926829,-0.014634146,0.4368932,0.8926829
2018-1-10T13-49-18,1515588558200,0.84390247,-0.014634146,0.46601942,0.84390247
2018-1-10T13-49-18,1515588558201,0.84390247,-0.024390243,0.46601942,0.84390247
2018-1-10T13-49-18,1515588558202,0.84390247,-0.004878049,0.44660193,0.84390247
2018-1-10T13-49-18,1515588558203,0.85365856,-0.024390243,0.44660193,0.85365856
2018-1-10T13-49-18,1515588558204,0.82439023,-0.004878049,0.4368932,0.82439023
2018-1-10T13-49-18,1515588558205,0.85365856,-0.024390243,0.44660193,0.85365856
2018-1-10T13-49-18,1515588558206,0.85365856,-0.024390243,0.4563107,0.85365856
2018-1-10T13-49-18,1515588558207,0.8341463,-0.034146342,0.44660193,0.8341463
2018-1-10T13-49-18,1515588558208,0.86341465,-0.043902438,0.44660193,0.86341465
2018-1-10T13-49-18,1515588558209,0.85365856,-0.034146342,0.4563107,0.85365856
2018-1-10T13-49-18,1515588558210,0.84390247,-0.053658538,0.44660193,0.84390247
2018-1-10T13-49-18,1515588558211,0.82439023,-0.053658538,0.41747573,0.82439023
2018-1-10T13-49-18,1515588558212,0.82439023,-0.043902438,0.42718446,0.82439023
2018-1-10T13-49-18,1515588558213,0.82439023,-0.053658538,0.42718446,0.82439023
2018-1-10T13-49-18,1515588558214,0.82439023,-0.053658538,0.42718446,0.82439023
2018-1-10T13-49-18,1515588558215,0.82439023,-0.043902438,0.407767,0.82439023
2018-1-10T13-49-18,1515588558216,0.84390247,-0.024390243,0.41747573,0.84390247
2018-1-10T13-49-18,1515588558217,0.85365856,-0.004878049,0.4563107,0.85365856
2018-1-10T13-49-18,1515588558218,0.86341465,-0.004878049,0.44660193,0.86341465
2018-1-10T13-49-18,1515588558219,0.84390247,0.004878049,0.44660193,0.84390247
2018-1-10T13-49-18,1515588558220,0.86341465,0.004878049,0.3883495,0.86341465
2018-1-10T13-49-18,1515588558221,0.87317073,0.014634146,0.44660193,0.87317073
2018-1-10T13-49-18,1515588558222,0.86341465,-0.004878049,0.4563107,0.86341465
2018-1-10T13-49-18,1515588558223,0.8341463,-0.024390243,0.4368932,0.8341463
2018-1-10T13-49-18,1515588558224,0.84390247,0.004878049,0.42718446,0.84390247
2018-1-10T13-49-18,1515588558225,0.86341465,-0.014634146,0.44660193,0.86341465
2018-1-10T13-49-18,1515588558226,0.84390247,-0.024390243,0.4368932,0.84390247
2018-1-10T13-49-18,1515588558227,0.84390247,-0.024390243,0.42718446,0.84390247
2018-1-10T13-49-18,1515588558228,0.81463414,-0.014634146,0.44660193,0.81463414
2018-1-10T13-49-18,1515588558229,0.81463414,-0.024390243,0.44660193,0.81463414
2018-1-10T13-49-18,1515588558230,0.8341463,-0.06341463,0.4563107,0.8341463
2018-1-10T13-49-18,1515588558231,0.85365856,-0.043902438,0.4563107,0.85365856
2018-1-10T13-49-18,1515588558232,0.85365856,-0.024390243,0.44660193,0.85365856
2018-1-10T13-49-18,1515588558233,0.86341465,-0.024390243,0.46601942,0.86341465
2018-1-10T13-49-18,1515588558234,0.86341465,-0.014634146,0.46601942,0.86341465
2018-1-10T13-49-18,1515588558235,0.87317073,-0.014634146,0.4368932,0.87317073
2018-1-10T13-49-18,1515588558236,0.8341463,-0.014634146,0.3592233,0.8341463
2018-1-10T13-49-18,1515588558237,0.8341463,-0.014634146,0.41747573,0.8341463
2018-1-10T13-49-18,1515588558238,0.84390247,-0.014634146,0.44660193,0.84390247
2018-1-10T13-49-18,1515588558239,0.8341463,-0.034146342,0.4368932,0.8341463
2018-1-10T13-49-18,1515588558240,0.82439023,-0.004878049,0.42718446,0.82439023
2018-1-10T13-49-18,1515588558241,0.84390247,-0.004878049,0.44660193,0.84390247
2018-1-10T13-49-18,1515588558242,0.85365856,-0.034146342,0.44660193,0.85365856
2018-1-10T13-49-18,1515588558243,0.85365856,-0.09268293,0.47572815,0.85365856
2018-1-10T13-49-18,1515588558244,0.85365856,-0.024390243,0.46601942,0.85365856
2018-1-10T13-49-18,1515588558245,0.87317073,-0.043902438,0.44660193,0.87317073
2018-1-10T13-49-18,1515588558246,0.84390247,-0.034146342,0.41747573,0.84390247
2018-1-10T13-49-18,1515588558247,0.82439023,-0.024390243,0.41747573,0.82439023
2018-1-10T13-49-18,1515588558248,0.82439023,-0.024390243,0.41747573,0.82439023
2018-1-10T13-49-18,1515588558249,0.81463414,-0.034146342,0.47572815,0.81463414
2018-1-10T13-49-18,1515588558250,0.82439023,-0.024390243,0.4368932,0.82439023
2018-1-10T13-49-18,1515588558251,0.8341463,-0.024390243,0.41747573,0.8341463
2018-1-10T13-49-18,1515588558252,0.84390247,-0.014634146,0.4368932,0.84390247
2018-1-10T13-49-18,1515588558253,0.8341463,-0.024390243,0.46601942,0.8341463
2018-1-10T13-49-18,1515588558254,0.87317073,-0.014634146,0.47572815,0.87317073
2018-1-10T13-49-18,1515588558255,0.87317073,-0.024390243,0.4563107,0.87317073
2018-1-10T13-49-18,1515588558256,0.87317073,-0.004878049,0.4563107,0.87317073
2018-1-10T13-49-18,1515588558257,0.87317073,-0.004878049,0.46601942,0.87317073
2018-1-10T13-49-18,1515588558258,0.87317073,-0.034146342,0.46601942,0.87317073
2018-1-10T13-49-18,1515588558259,0.8341463,-0.2682927,0.47572815,0.8341463
2018-1-10T13-49-18,1515588558260,0.84390247,0.024390243,0.42718446,0.84390247
2018-1-10T13-49-18,1515588558261,0.82439023,-0.06341463,0.42718446,0.82439023
2018-1-10T13-49-18,1515588558262,0.80487806,-0.053658538,0.4368932,0.80487806
2018-1-10T13-49-18,1515588558263,0.80487806,0.043902438,0.44660193,0.80487806
2018-1-10T13-49-18,1515588558264,0.8341463,-0.034146342,0.4368932,0.8341463
2018-1-10T13-49-18,1515588558265,0.86341465,-0.014634146,0.4854369,0.86341465
2018-1-10T13-49-18,1515588558266,0.84390247,0.014634146,0.4563107,0.84390247
2018-1-10T13-49-18,1515588558267,0.8829268,0.014634146,0.46601942,0.8829268
2018-1-10T13-49-18,1515588558268,0.8829268,-0.004878049,0.4563107,0.8829268
2018-1-10T13-49-18,1515588558269,0.86341465,0.004878049,0.4368932,0.86341465
2018-1-10T13-49-18,1515588558270,0.87317073,-0.014634146,0.4563107,0.87317073
2018-1-10T13-49-18,1515588558271,0.85365856,-0.014634146,0.4563107,0.85365856
2018-1-10T13-49-18,1515588558272,0.81463414,-0.024390243,0.3592233,0.81463414
2018-1-10T13-49-18,1515588558273,0.81463414,-0.014634146,0.41747573,0.81463414
2018-1-10T13-49-18,1515588558274,0.84390247,-0.014634146,0.4368932,0.84390247
2018-1-10T13-49-18,1515588558275,0.80487806,-0.014634146,0.407767,0.80487806
2018-1-10T13-49-18,1515588558276,0.81463414,-0.024390243,0.4368932,0.81463414
2018-1-10T13-49-18,1515588558277,0.8341463,-0.004878049,0.41747573,0.8341463
2018-1-10T13-49-18,1515588558278,0.8341463,-0.024390243,0.44660193,0.8341463
2018-1-10T13-49-18,1515588558279,0.84390247,0.014634146,0.4563107,0.84390247
2018-1-10T13-49-18,1515588558280,0.8341463,-0.043902438,0.46601942,0.8341463
2018-1-10T13-49-18,1515588558281,0.86341465,-0.024390243,0.4563107,0.86341465
2018-1-10T13-49-18,1515588558282,0.8829268,-0.024390243,0.4563107,0.8829268
2018-1-10T13-49-18,1515588558283,0.85365856,-0.024390243,0.44660193,0.85365856
2018-1-10T13-49-18,1515588558284,0.85365856,-0.034146342,0.42718446,0.85365856
2018-1-10T13-49-18,1515588558285,0.82439023,-0.053658538,0.4368932,0.82439023
2018-1-10T13-49-18,1515588558286,0.81463414,-0.043902438,0.44660193,0.81463414
2018-1-10T13-49-18,1515588558287,0.8341463,-0.043902438,0.41747573,0.8341463
2018-1-10T13-49-18,1515588558288,0.82439023,-0.053658538,0.44660193,0.82439023
2018-1-10T13-49-18,1515588558289,0.85365856,-0.024390243,0.4563107,0.85365856
2018-1-10T13-49-18,1515588558290,0.86341465,-0.014634146,0.4563107,0.86341465
2018-1-10T13-49-18,1515588558291,0.87317073,0.043902438,0.4563107,0.87317073
2018-1-10T13-49-18,1515588558292,0.87317073,0.014634146,0.46601942,0.87317073
2018-1-10T13-49-18,1515588558293,0.85365856,-0.004878049,0.46601942,0.85365856
2018-1-10T13-49-18,1515588558294,0.84390247,-0.014634146,0.42718446,0.84390247
2018-1-10T13-49-18,1515588558295,0.82439023,-0.014634146,0.42718446,0.82439023
2018-1-10T13-49-18,1515588558296,0.81463414,-0.034146342,0.42718446,0.81463414
2018-1-10T13-49-18,1515588558297,0.79512197,-0.043902438,0.4368932,0.79512197
2018-1-10T13-49-18,1515588558298,0.81463414,-0.024390243,0.4368932,0.81463414
2018-1-10T13-49-18,1515588558299,0.84390247,-0.014634146,0.47572815,0.84390247
2018-1-10T13-49-18,1515588558300,0.85365856,-0.024390243,0.4563107,0.85365856
2018-1-10T13-49-18,1515588558301,0.86341465,-0.004878049,0.44660193,0.86341465
2018-1-10T13-49-18,1515588558302,0.87317073,0.014634146,0.4368932,0.87317073
2018-1-10T13-49-18,1515588558303,0.86341465,0.004878049,0.4563107,0.86341465
2018-1-10T13-49-18,1515588558304,0.86341465,-0.014634146,0.4563107,0.86341465
2018-1-10T13-49-18,1515588558305,0.85365856,-0.004878049,0.4563107,0.85365856
2018-1-10T13-49-18,1515588558306,0.85365856,-0.024390243,0.4563107,0.85365856
2018-1-10T13-49-18,1515588558307,0.84390247,-0.043902438,0.407767,0.84390247
2018-1-10T13-49-18,1515588558308,0.81463414,-0.034146342,0.407767,0.81463414
2018-1-10T13-49-18,1515588558309,0.81463414,-0.034146342,0.42718446,0.81463414
2018-1-10T13-49-18,1515588558310,0.82439023,-0.06341463,0.4368932,0.82439023
2018-1-10T13-49-18,1515588558311,0.82439023,-0.06341463,0.44660193,0.82439023
2018-1-10T13-49-18,1515588558312,0.8341463,-0.024390243,0.4368932,0.8341463
2018-1-10T13-49-18,1515588558313,0.85365856,-0.10243902,0.4368932,0.85365856
2018-1-10T13-49-18,1515588558314,0.85365856,-0.014634146,0.46601942,0.85365856
2018-1-10T13-49-18,1515588558315,0.86341465,-0.004878049,0.47572815,0.86341465
2018-1-10T13-49-18,1515588558316,0.8829268,-0.014634146,0.46601942,0.8829268
2018-1-10T13-49-18,1515588558317,0.87317073,-0.004878049,0.44660193,0.87317073
2018-1-10T13-49-18,1515588558318,0.85365856,-0.004878049,0.44660193,0.85365856
2018-1-10T13-49-18,1515588558319,0.85365856,-0.014634146,0.4563107,0.85365856
2018-1-10T13-49-18,1515588558320,0.84390247,-0.043902438,0.4563107,0.84390247
2018-1-10T13-49-18,1515588558321,0.82439023,-0.034146342,0.42718446,0.82439023
2018-1-10T13-49-18,1515588558322,0.8341463,-0.014634146,0.42718446,0.8341463
2018-1-10T13-49-18,1515588558323,0.81463414,-0.034146342,0.44660193,0.81463414
2018-1-10T13-49-18,1515588558324,0.8341463,-0.034146342,0.44660193,0.8341463
2018-1-10T13-49-18,1515588558325,0.84390247,-0.014634146,0.44660193,0.84390247
2018-1-10T13-49-18,1515588558326,0.85365856,-0.014634146,0.4368932,0.85365856
2018-1-10T13-49-18,1515588558327,0.85365856,-0.024390243,0.4368932,0.85365856
2018-1-10T13-49-18,1515588558328,0.85365856,-0.014634146,0.4563107,0.85365856
2018-1-10T13-49-18,1515588558329,0.86341465,-0.014634146,0.4563107,0.86341465
2018-1-10T13-49-18,1515588558330,0.86341465,-0.08292683,0.44660193,0.86341465
2018-1-10T13-49-18,1515588558331,0.91219515,-0.014634146,0.4368932,0.91219515
2018-1-10T13-49-18,1515588558332,0.84390247,-0.014634146,0.44660193,0.84390247
2018-1-10T13-49-18,1515588558333,0.84390247,-0.004878049,0.42718446,0.84390247
2018-1-10T13-49-18,1515588558334,0.82439023,-0.014634146,0.44660193,0.82439023
2018-1-10T13-49-18,1515588558335,0.8341463,-0.004878049,0.44660193,0.8341463
2018-1-10T13-49-18,1515588558336,0.85365856,-0.034146342,0.44660193,0.85365856
2018-1-10T13-49-18,1515588558337,0.84390247,-0.014634146,0.4563107,0.84390247
2018-1-10T13-49-18,1515588558338,0.8829268,0.004878049,0.44660193,0.8829268
2018-1-10T13-49-18,1515588558339,0.87317073,-0.014634146,0.4563107,0.87317073
2018-1-10T13-49-18,1515588558340,0.86341465,-0.014634146,0.44660193,0.86341465
2018-1-10T13-49-18,1515588558341,0.85365856,-0.004878049,0.44660193,0.85365856
2018-1-10T13-49-18,1515588558342,0.85365856,-0.024390243,0.4563107,0.85365856
2018-1-10T13-49-18,1515588558343,0.85365856,-0.024390243,0.44660193,0.85365856
2018-1-10T13-49-18,1515588558344,0.82439023,-0.024390243,0.46601942,0.82439023
2018-1-10T13-49-18,1515588558345,0.82439023,-0.024390243,0.41747573,0.82439023
2018-1-10T13-49-18,1515588558346,0.8341463,-0.043902438,0.4368932,0.8341463
2018-1-10T13-49-18,1515588558347,0.82439023,-0.053658538,0.42718446,0.82439023
2018-1-10T13-49-18,1515588558348,0.8341463,-0.034146342,0.4563107,0.8341463
2018-1-10T13-49-18,1515588558349,0.84390247,-0.034146342,0.4368932,0.84390247
2018-1-10T13-49-18,1515588558350,0.8341463,-0.024390243,0.44660193,0.8341463
2018-1-10T13-49-18,1515588558351,0.8341463,-0.024390243,0.4563107,0.8341463
2018-1-10T13-49-18,1515588558352,0.85365856,-0.024390243,0.4563107,0.85365856
2018-1-10T13-49-18,1515588558353,0.86341465,0.004878049,0.46601942,0.86341465
2018-1-10T13-49-18,1515588558354,0.8926829,-0.004878049,0.5048544,0.8926829
2018-1-10T13-49-18,1515588558355,0.8829268,-0.004878049,0.44660193,0.8829268
2018-1-10T13-49-18,1515588558356,0.86341465,-0.014634146,0.42718446,0.86341465
2018-1-10T13-49-18,1515588558357,0.8341463,-0.024390243,0.37864077,0.8341463
2018-1-10T13-49-18,1515588558358,0.82439023,-0.024390243,0.44660193,0.82439023
2018-1-10T13-49-18,1515588558359,0.82439023,-0.024390243,0.4368932,0.82439023
2018-1-10T13-49-18,1515588558360,0.81463414,-0.043902438,0.44660193,0.81463414
2018-1-10T13-49-18,1515588558361,0.81463414,-0.024390243,0.44660193,0.81463414
2018-1-10T13-49-18,1515588558362,0.85365856,-0.014634146,0.41747573,0.85365856
2018-1-10T13-49-18,1515588558363,0.85365856,0.004878049,0.4563107,0.85365856
2018-1-10T13-49-18,1515588558364,0.8829268,0.004878049,0.44660193,0.8829268
2018-1-10T13-49-18,1515588558365,0.85365856,0.014634146,0.4368932,0.85365856
2018-1-10T13-49-18,1515588558366,0.85365856,-0.014634146,0.4368932,0.85365856
2018-1-10T13-49-18,1515588558367,0.8341463,-0.004878049,0.44660193,0.8341463
2018-1-10T13-49-18,1515588558368,0.84390247,-0.004878049,0.42718446,0.84390247
2018-1-10T13-49-18,1515588558369,0.82439023,-0.034146342,0.42718446,0.82439023
2018-1-10T13-49-18,1515588558370,0.80487806,0.6097561,0.42718446,0.80487806
2018-1-10T13-49-18,1515588558371,0.84390247,-0.06341463,0.44660193,0.84390247
2018-1-10T13-49-18,1515588558372,0.84390247,-0.014634146,0.42718446,0.84390247
2018-1-10T13-49-18,1515588558373,0.84390247,-0.024390243,0.42718446,0.84390247
2018-1-10T13-49-18,1515588558374,0.84390247,-0.024390243,0.42718446,0.84390247
2018-1-10T13-49-18,1515588558375,0.84390247,-0.014634146,0.44660193,0.84390247
2018-1-10T13-49-18,1515588558376,0.84390247,-0.014634146,0.46601942,0.84390247
2018-1-10T13-49-18,1515588558377,0.85365856,-0.014634146,0.4563107,0.85365856
2018-1-10T13-49-18,1515588558378,0.85365856,-0.024390243,0.44660193,0.85365856
2018-1-10T13-49-18,1515588558379,0.85365856,-0.034146342,0.46601942,0.85365856
2018-1-10T13-49-18,1515588558380,0.84390247,-0.043902438,0.44660193,0.84390247
2018-1-10T13-49-18,1515588558381,0.84390247,-0.053658538,0.37864077,0.84390247
2018-1-10T13-49-18,1515588558382,0.82439023,-0.06341463,0.41747573,0.82439023
2018-1-10T13-49-18,1515588558383,0.82439023,-0.053658538,0.4368932,0.82439023
2018-1-10T13-49-18,1515588558384,0.81463414,-0.053658538,0.44660193,0.81463414
2018-1-10T13-49-18,1515588558385,0.8341463,-0.053658538,0.44660193,0.8341463
2018-1-10T13-49-18,1515588558386,0.84390247,-0.024390243,0.44660193,0.84390247
2018-1-10T13-49-18,1515588558387,0.8829268,-0.004878049,0.46601942,0.8829268
2018-1-10T13-49-18,1515588558388,0.8926829,0.004878049,0.4563107,0.8926829
2018-1-10T13-49-18,1515588558389,0.87317073,0.004878049,0.42718446,0.87317073
2018-1-10T13-49-18,1515588558390,0.86341465,0.014634146,0.44660193,0.86341465
2018-1-10T13-49-18,1515588558391,0.86341465,-0.014634146,0.4563107,0.86341465
2018-1-10T13-49-18,1515588558392,0.82439023,-0.014634146,0.44660193,0.82439023
2018-1-10T13-49-18,1515588558393,0.82439023,-0.014634146,0.41747573,0.82439023
2018-1-10T13-49-18,1515588558394,0.81463414,-0.06341463,0.39805827,0.81463414
2018-1-10T13-49-18,1515588558395,0.82439023,-0.004878049,0.42718446,0.82439023
2018-1-10T13-49-18,1515588558396,0.81463414,-0.024390243,0.44660193,0.81463414
2018-1-10T13-49-18,1515588558397,0.8341463,-0.024390243,0.44660193,0.8341463
2018-1-10T13-49-18,1515588558398,0.85365856,-0.024390243,0.4563107,0.85365856
2018-1-10T13-49-18,1515588558399,0.84390247,-0.024390243,0.44660193,0.84390247
2018-1-10T13-49-18,1515588558400,0.9414634,-0.053658538,0.4563107,0.9414634
2018-1-10T13-49-18,1515588558401,0.8829268,0.004878049,0.46601942,0.8829268
2018-1-10T13-49-18,1515588558402,0.8829268,-0.024390243,0.4563107,0.8829268
2018-1-10T13-49-18,1515588558403,0.8926829,0.014634146,0.4563107,0.8926829
2018-1-10T13-49-18,1515588558404,0.87317073,-0.004878049,0.3883495,0.87317073
2018-1-10T13-49-18,1515588558405,0.86341465,-0.014634146,0.42718446,0.86341465
2018-1-10T13-49-18,1515588558406,0.82439023,-0.024390243,0.44660193,0.82439023
2018-1-10T13-49-18,1515588558407,0.8341463,-0.053658538,0.4563107,0.8341463
2018-1-10T13-49-18,1515588558408,0.8341463,-0.06341463,0.4563107,0.8341463
2018-1-10T13-49-18,1515588558409,0.82439023,-0.053658538,0.44660193,0.82439023
2018-1-10T13-49-18,1515588558410,0.85365856,-0.053658538,0.42718446,0.85365856
2018-1-10T13-49-18,1515588558411,0.84390247,-0.053658538,0.42718446,0.84390247
2018-1-10T13-49-18,1515588558412,0.84390247,-0.014634146,0.44660193,0.84390247
2018-1-10T13-49-18,1515588558413,0.85365856,-0.004878049,0.42718446,0.85365856
2018-1-10T13-49-18,1515588558414,0.86341465,-0.004878049,0.4368932,0.86341465
2018-1-10T13-49-18,1515588558415,0.84390247,0.08292683,0.42718446,0.84390247
2018-1-10T13-49-18,1515588558416,0.8341463,-0.004878049,0.44660193,0.8341463
2018-1-10T13-49-18,1515588558417,0.81463414,-0.014634146,0.44660193,0.81463414
2018-1-10T13-49-18,1515588558418,0.8341463,-0.034146342,0.42718446,0.8341463
2018-1-10T13-49-18,1515588558419,0.8341463,-0.024390243,0.42718446,0.8341463
2018-1-10T13-49-18,1515588558420,0.82439023,-0.024390243,0.44660193,0.82439023
2018-1-10T13-49-18,1515588558421,0.82439023,-0.043902438,0.42718446,0.82439023
2018-1-10T13-49-18,1515588558422,0.8341463,-0.034146342,0.4563107,0.8341463
2018-1-10T13-49-18,1515588558423,0.84390247,-0.034146342,0.44660193,0.84390247
2018-1-10T13-49-18,1515588558424,0.84390247,-0.034146342,0.4368932,0.84390247
2018-1-10T13-49-18,1515588558425,0.85365856,-0.014634146,0.4563107,0.85365856
2018-1-10T13-49-18,1515588558426,0.86341465,-0.004878049,0.46601942,0.86341465
2018-1-10T13-49-18,1515588558427,0.87317073,-0.004878049,0.4563107,0.87317073
2018-1-10T13-49-18,1515588558428,0.86341465,-0.014634146,0.41747573,0.86341465
2018-1-10T13-49-18,1515588558429,0.84390247,0.024390243,0.4368932,0.84390247
2018-1-10T13-49-18,1515588558430,0.84390247,-0.024390243,0.5145631,0.84390247
2018-1-10T13-49-18,1515588558431,0.8341463,-0.014634146,0.49514562,0.8341463
2018-1-10T13-49-18,1515588558432,0.82439023,-0.024390243,0.42718446,0.82439023
2018-1-10T13-49-18,1515588558433,0.84390247,-0.014634146,0.4368932,0.84390247
2018-1-10T13-49-18,1515588558434,0.7853659,-0.034146342,0.4563107,0.7853659
2018-1-10T13-49-18,1515588558435,0.84390247,0.004878049,0.39805827,0.84390247
2018-1-10T13-49-18,1515588558436,0.84390247,-0.024390243,0.44660193,0.84390247
2018-1-10T13-49-18,1515588558437,0.86341465,-0.024390243,0.44660193,0.86341465
2018-1-10T13-49-18,1515588558438,0.84390247,-0.024390243,0.44660193,0.84390247
2018-1-10T13-49-18,1515588558439,0.85365856,-0.024390243,0.47572815,0.85365856
2018-1-10T13-49-18,1515588558440,0.85365856,-0.024390243,0.4563107,0.85365856
2018-1-10T13-49-18,1515588558441,0.84390247,-0.034146342,0.44660193,0.84390247
2018-1-10T13-49-18,1515588558442,0.85365856,-0.014634146,0.41747573,0.85365856
2018-1-10T13-49-18,1515588558443,0.84390247,-0.034146342,0.4563107,0.84390247
2018-1-10T13-49-18,1515588558444,0.8341463,-0.004878049,0.44660193,0.8341463
2018-1-10T13-49-18,1515588558445,0.82439023,-0.024390243,0.4563107,0.82439023
2018-1-10T13-49-18,1515588558446,0.84390247,-0.024390243,0.4368932,0.84390247
2018-1-10T13-49-18,1515588558447,0.82439023,-0.034146342,0.4368932,0.82439023
2018-1-10T13-49-18,1515588558448,0.8341463,-0.024390243,0.4368932,0.8341463
2018-1-10T13-49-18,1515588558449,0.84390247,-0.043902438,0.4563107,0.84390247
2018-1-10T13-49-18,1515588558450,0.85365856,-0.043902438,0.46601942,0.85365856
2018-1-10T13-49-18,1515588558451,0.86341465,-0.014634146,0.44660193,0.86341465
2018-1-10T13-49-18,1515588558452,0.87317073,-0.014634146,0.4563107,0.87317073
2018-1-10T13-49-18,1515588558453,0.85365856,-0.004878049,0.44660193,0.85365856
2018-1-10T13-49-18,1515588558454,0.84390247,-0.004878049,0.407767,0.84390247
2018-1-10T13-49-18,1515588558455,0.84390247,-0.004878049,0.4368932,0.84390247
2018-1-10T13-49-18,1515588558456,0.86341465,-0.014634146,0.44660193,0.86341465
2018-1-10T13-49-18,1515588558457,0.8341463,-0.034146342,0.4368932,0.8341463
2018-1-10T13-49-18,1515588558458,0.84390247,-0.014634146,0.4368932,0.84390247
2018-1-10T13-49-18,1515588558459,0.84390247,-0.024390243,0.44660193,0.84390247
2018-1-10T13-49-18,1515588558460,0.84390247,-0.014634146,0.44660193,0.84390247
2018-1-10T13-49-18,1515588558461,0.82439023,-0.014634146,0.4563107,0.82439023
2018-1-10T13-49-18,1515588558462,0.8341463,-0.034146342,0.44660193,0.8341463
2018-1-10T13-49-18,1515588558463,0.86341465,-0.014634146,0.4368932,0.86341465
2018-1-10T13-49-18,1515588558464,0.84390247,-0.004878049,0.4368932,0.84390247
2018-1-10T13-49-18,1515588558465,0.85365856,0.004878049,0.44660193,0.85365856
2018-1-10T13-49-18,1515588558466,0.84390247,-0.053658538,0.4368932,0.84390247
2018-1-10T13-49-18,1515588558467,0.82439023,-0.034146342,0.4368932,0.82439023
2018-1-10T13-49-18,1515588558468,0.8341463,-0.014634146,0.44660193,0.8341463
2018-1-10T13-49-18,1515588558469,0.85365856,-0.034146342,0.4368932,0.85365856
2018-1-10T13-49-18,1515588558470,0.82439023,-0.043902438,0.4368932,0.82439023
2018-1-10T13-49-18,1515588558471,0.84390247,-0.034146342,0.42718446,0.84390247
2018-1-10T13-49-18,1515588558472,0.86341465,-0.034146342,0.4368932,0.86341465
2018-1-10T13-49-18,1515588558473,0.86341465,-0.034146342,0.44660193,0.86341465
2018-1-10T13-49-18,1515588558474,0.85365856,-0.09268293,0.44660193,0.85365856
2018-1-10T13-49-18,1515588558475,0.86341465,-0.024390243,0.4563107,0.86341465
2018-1-10T13-49-18,1515588558476,0.84390247,-0.034146342,0.4563107,0.84390247
2018-1-10T13-49-18,1515588558477,0.86341465,-0.024390243,0.44660193,0.86341465
2018-1-10T13-49-18,1515588558478,0.87317073,-0.034146342,0.44660193,0.87317073
2018-1-10T13-49-18,1515588558479,0.85365856,-0.014634146,0.44660193,0.85365856
2018-1-10T13-49-18,1515588558480,0.84390247,-0.034146342,0.4368932,0.84390247
2018-1-10T13-49-18,1515588558481,0.82439023,-0.024390243,0.39805827,0.82439023
2018-1-10T13-49-18,1515588558482,0.8341463,-0.024390243,0.44660193,0.8341463
2018-1-10T13-49-18,1515588558483,0.84390247,-0.034146342,0.4563107,0.84390247
2018-1-10T13-49-18,1515588558484,0.84390247,-0.024390243,0.41747573,0.84390247
2018-1-10T13-49-18,1515588558485,0.84390247,-0.014634146,0.42718446,0.84390247
2018-1-10T13-49-18,1515588558486,0.8341463,-0.014634146,0.41747573,0.8341463
2018-1-10T13-49-18,1515588558487,0.84390247,-0.014634146,0.42718446,0.84390247
2018-1-10T13-49-18,1515588558488,0.84390247,-0.014634146,0.46601942,0.84390247
2018-1-10T13-49-18,1515588558489,0.84390247,-0.004878049,0.42718446,0.84390247
2018-1-10T13-49-18,1515588558490,0.8341463,-0.024390243,0.4368932,0.8341463
2018-1-10T13-49-18,1515588558491,0.84390247,-0.024390243,0.4368932,0.84390247
2018-1-10T13-49-18,1515588558492,0.8341463,-0.034146342,0.4368932,0.8341463
2018-1-10T13-49-18,1515588558493,0.82439023,-0.024390243,0.41747573,0.82439023
2018-1-10T13-49-18,1515588558494,0.84390247,-0.014634146,0.4368932,0.84390247
2018-1-10T13-49-18,1515588558495,0.86341465,-0.024390243,0.4563107,0.86341465
2018-1-10T13-49-18,1515588558496,0.84390247,-0.034146342,0.4368932,0.84390247
2018-1-10T13-49-18,1515588558497,0.8341463,-0.024390243,0.44660193,0.8341463
2018-1-10T13-49-18,1515588558498,0.85365856,-0.053658538,0.49514562,0.85365856
2018-1-10T13-49-18,1515588558499,0.8829268,-0.053658538,0.47572815,0.8829268
2018-1-10T13-49-18,1515588558500,0.8829268,-0.024390243,0.46601942,0.8829268
2018-1-10T13-49-18,1515588558501,0.8926829,-0.024390243,0.46601942,0.8926829
2018-1-10T13-49-18,1515588558502,0.8829268,-0.034146342,0.4563107,0.8829268
2018-1-10T13-49-18,1515588558503,0.86341465,-0.024390243,0.44660193,0.86341465
2018-1-10T13-49-18,1515588558504,0.84390247,-0.014634146,0.4368932,0.84390247
2018-1-10T13-49-18,1515588558505,0.84390247,-0.024390243,0.44660193,0.84390247
2018-1-10T13-49-18,1515588558506,0.81463414,-0.034146342,0.44660193,0.81463414
2018-1-10T13-49-18,1515588558507,0.82439023,-0.024390243,0.41747573,0.82439023
2018-1-10T13-49-18,1515588558508,0.8341463,-0.014634146,0.44660193,0.8341463
2018-1-10T13-49-18,1515588558509,0.8341463,-0.014634146,0.42718446,0.8341463
2018-1-10T13-49-18,1515588558510,0.82439023,-0.034146342,0.4368932,0.82439023
2018-1-10T13-49-18,1515588558511,0.8341463,-0.014634146,0.39805827,0.8341463
2018-1-10T13-49-18,1515588558512,0.84390247,0.004878049,0.41747573,0.84390247
2018-1-10T13-49-18,1515588558513,0.81463414,0.004878049,0.4563107,0.81463414
2018-1-10T13-49-18,1515588558514,0.85365856,-0.004878049,0.4563107,0.85365856
2018-1-10T13-49-18,1515588558515,0.85365856,-0.024390243,0.44660193,0.85365856
2018-1-10T13-49-18,1515588558516,0.86341465,0.004878049,0.4368932,0.86341465
2018-1-10T13-49-18,1515588558517,0.86341465,0.014634146,0.4368932,0.86341465
2018-1-10T13-49-18,1515588558518,0.86341465,0.004878049,0.44660193,0.86341465
2018-1-10T13-49-18,1515588558519,0.86341465,-0.004878049,0.4368932,0.86341465
2018-1-10T13-49-18,1515588558520,0.84390247,-0.024390243,0.4563107,0.84390247
2018-1-10T13-49-18,1515588558521,0.84390247,-0.053658538,0.4854369,0.84390247
2018-1-10T13-49-18,1515588558522,0.8341463,-0.06341463,0.4563107,0.8341463
2018-1-10T13-49-18,1515588558523,0.84390247,-0.11219512,0.44660193,0.84390247
2018-1-10T13-49-18,1515588558524,0.87317073,-0.053658538,0.49514562,0.87317073
2018-1-10T13-49-18,1515588558525,0.82439023,-0.034146342,0.4854369,0.82439023
2018-1-10T13-49-18,1515588558526,0.87317073,-0.034146342,0.4563107,0.87317073
2018-1-10T13-49-18,1515588558527,0.87317073,-0.034146342,0.4563107,0.87317073
2018-1-10T13-49-18,1515588558528,0.85365856,-0.053658538,0.44660193,0.85365856
2018-1-10T13-49-18,1515588558529,0.84390247,-0.053658538,0.4368932,0.84390247
2018-1-10T13-49-18,1515588558530,0.8341463,-0.034146342,0.4563107,0.8341463
2018-1-10T13-49-18,1515588558531,0.91219515,-0.034146342,0.44660193,0.91219515
2018-1-10T13-49-18,1515588558532,0.82439023,-0.014634146,0.4368932,0.82439023
2018-1-10T13-49-18,1515588558533,0.8341463,-0.004878049,0.41747573,0.8341463
2018-1-10T13-49-18,1515588558534,0.86341465,0.024390243,0.42718446,0.86341465
2018-1-10T13-49-18,1515588558535,0.82439023,-0.004878049,0.4368932,0.82439023
2018-1-10T13-49-18,1515588558536,0.84390247,0.024390243,0.4563107,0.84390247
2018-1-10T13-49-18,1515588558537,0.84390247,-0.004878049,0.4563107,0.84390247
2018-1-10T13-49-18,1515588558538,0.86341465,-0.004878049,0.4368932,0.86341465
2018-1-10T13-49-18,1515588558539,0.84390247,-0.004878049,0.42718446,0.84390247
2018-1-10T13-49-18,1515588558540,0.84390247,-0.004878049,0.42718446,0.84390247
2018-1-10T13-49-18,1515588558541,0.8341463,-0.014634146,0.44660193,0.8341463
2018-1-10T13-49-18,1515588558542,0.8341463,-0.024390243,0.44660193,0.8341463
2018-1-10T13-49-18,1515588558543,0.84390247,-0.014634146,0.407767,0.84390247
2018-1-10T13-49-18,1515588558544,0.84390247,-0.043902438,0.4368932,0.84390247
2018-1-10T13-49-18,1515588558545,0.84390247,-0.004878049,0.4563107,0.84390247
2018-1-10T13-49-18,1515588558546,0.84390247,-0.024390243,0.44660193,0.84390247
2018-1-10T13-49-18,1515588558547,0.86341465,-0.014634146,0.4563107,0.86341465
2018-1-10T13-49-18,1515588558548,0.86341465,-0.034146342,0.46601942,0.86341465
2018-1-10T13-49-18,1515588558549,0.87317073,-0.024390243,0.46601942,0.87317073
2018-1-10T13-49-18,1515588558550,0.87317073,-0.024390243,0.4563107,0.87317073
2018-1-10T13-49-18,1515588558551,0.86341465,-0.024390243,0.4368932,0.86341465
2018-1-10T13-49-18,1515588558552,0.8341463,-0.034146342,0.4368932,0.8341463
2018-1-10T13-49-18,1515588558553,0.82439023,-0.043902438,0.44660193,0.82439023
2018-1-10T13-49-18,1515588558554,0.8341463,-0.053658538,0.44660193,0.8341463
2018-1-10T13-49-18,1515588558555,0.8341463,0.014634146,0.4368932,0.8341463
2018-1-10T13-49-18,1515588558556,0.8341463,-0.024390243,0.42718446,0.8341463
2018-1-10T13-49-18,1515588558557,0.84390247,-0.024390243,0.41747573,0.84390247
2018-1-10T13-49-18,1515588558558,0.82439023,-0.014634146,0.4368932,0.82439023
2018-1-10T13-49-18,1515588558559,0.8341463,-0.004878049,0.46601942,0.8341463
2018-1-10T13-49-18,1515588558560,0.85365856,-0.024390243,0.44660193,0.85365856
2018-1-10T13-49-18,1515588558561,0.85365856,-0.024390243,0.46601942,0.85365856
2018-1-10T13-49-18,1515588558562,0.9317073,0.004878049,0.44660193,0.9317073
2018-1-10T13-49-18,1515588558563,0.84390247,-0.004878049,0.44660193,0.84390247
2018-1-10T13-49-18,1515588558564,0.85365856,-0.004878049,0.4563107,0.85365856
2018-1-10T13-49-18,1515588558565,0.86341465,0.004878049,0.44660193,0.86341465
2018-1-10T13-49-18,1515588558566,0.86341465,-0.004878049,0.4368932,0.86341465
2018-1-10T13-49-18,1515588558567,0.87317073,-0.004878049,0.4368932,0.87317073
2018-1-10T13-49-18,1515588558568,0.84390247,0.004878049,0.4563107,0.84390247
2018-1-10T13-49-18,1515588558569,0.82439023,-0.004878049,0.4563107,0.82439023
2018-1-10T13-49-18,1515588558570,0.84390247,-0.024390243,0.4368932,0.84390247
2018-1-10T13-49-18,1515588558571,0.82439023,-0.024390243,0.42718446,0.82439023
2018-1-10T13-49-18,1515588558572,0.84390247,-0.024390243,0.4368932,0.84390247
2018-1-10T13-49-18,1515588558573,0.84390247,-0.043902438,0.5048544,0.84390247
2018-1-10T13-49-18,1515588558574,0.8341463,-0.024390243,0.44660193,0.8341463
2018-1-10T13-49-18,1515588558575,0.8341463,-0.034146342,0.42718446,0.8341463
2018-1-10T13-49-18,1515588558576,0.8341463,-0.043902438,0.42718446,0.8341463
2018-1-10T13-49-18,1515588558577,0.82439023,-0.053658538,0.42718446,0.82439023
2018-1-10T13-49-18,1515588558578,0.82439023,-0.043902438,0.44660193,0.82439023
2018-1-10T13-49-18,1515588558579,0.8341463,-0.034146342,0.44660193,0.8341463
2018-1-10T13-49-18,1515588558580,0.8341463,-0.043902438,0.42718446,0.8341463
2018-1-10T13-49-18,1515588558581,0.84390247,-0.034146342,0.42718446,0.84390247
2018-1-10T13-49-18,1515588558582,0.79512197,-0.024390243,0.42718446,0.79512197
2018-1-10T13-49-18,1515588558583,0.85365856,-0.11219512,0.4368932,0.85365856
2018-1-10T13-49-18,1515588558584,0.84390247,-0.024390243,0.4368932,0.84390247
2018-1-10T13-49-18,1515588558585,0.85365856,-0.004878049,0.4563107,0.85365856
2018-1-10T13-49-18,1515588558586,0.85365856,-0.034146342,0.5145631,0.85365856
2018-1-10T13-49-18,1515588558587,0.85365856,-0.024390243,0.46601942,0.85365856
2018-1-10T13-49-18,1515588558588,0.84390247,-0.024390243,0.4563107,0.84390247
2018-1-10T13-49-18,1515588558589,0.86341465,-0.014634146,0.44660193,0.86341465
2018-1-10T13-49-18,1515588558590,0.86341465,-0.024390243,0.44660193,0.86341465
2018-1-10T13-49-18,1515588558591,0.85365856,0.004878049,0.4368932,0.85365856
2018-1-10T13-49-18,1515588558592,0.85365856,0.004878049,0.44660193,0.85365856
2018-1-10T13-49-18,1515588558593,0.86341465,-0.034146342,0.44660193,0.86341465
2018-1-10T13-49-18,1515588558594,0.84390247,-0.004878049,0.44660193,0.84390247
2018-1-10T13-49-18,1515588558595,0.85365856,-0.004878049,0.4368932,0.85365856
2018-1-10T13-49-18,1515588558596,0.85365856,-0.014634146,0.44660193,0.85365856
2018-1-10T13-49-18,1515588558597,0.86341465,-0.024390243,0.407767,0.86341465
2018-1-10T13-49-18,1515588558598,0.86341465,0.004878049,0.4368932,0.86341465
2018-1-10T13-49-18,1515588558599,0.85365856,0.004878049,0.4368932,0.85365856
2018-1-10T13-49-18,1515588558600,0.82439023,0.004878049,0.41747573,0.82439023
2018-1-10T13-49-18,1515588558601,0.80487806,0.004878049,0.4368932,0.80487806
2018-1-10T13-49-18,1515588558602,0.8341463,-0.004878049,0.4368932,0.8341463
2018-1-10T13-49-18,1515588558603,0.85365856,-0.014634146,0.44660193,0.85365856
2018-1-10T13-49-18,1515588558604,0.8341463,-0.014634146,0.41747573,0.8341463
2018-1-10T13-49-18,1515588558605,0.85365856,-0.004878049,0.41747573,0.85365856
2018-1-10T13-49-18,1515588558606,0.8926829,-0.014634146,0.44660193,0.8926829
2018-1-10T13-49-18,1515588558607,0.84390247,-0.014634146,0.46601942,0.84390247
2018-1-10T13-49-18,1515588558608,0.84390247,-0.034146342,0.4368932,0.84390247
2018-1-10T13-49-18,1515588558609,0.85365856,-0.13170731,0.42718446,0.85365856
2018-1-10T13-49-18,1515588558610,0.8341463,-0.014634146,0.4368932,0.8341463
2018-1-10T13-49-18,1515588558611,0.84390247,-0.024390243,0.46601942,0.84390247
2018-1-10T13-49-18,1515588558612,0.84390247,-0.034146342,0.44660193,0.84390247
2018-1-10T13-49-18,1515588558613,0.8341463,-0.024390243,0.4368932,0.8341463
2018-1-10T13-49-18,1515588558614,0.8341463,-0.024390243,0.4368932,0.8341463
2018-1-10T13-49-18,1515588558615,0.84390247,-0.053658538,0.44660193,0.84390247
2018-1-10T13-49-18,1515588558616,0.8341463,-0.043902438,0.44660193,0.8341463
2018-1-10T13-49-18,1515588558617,0.84390247,-0.024390243,0.44660193,0.84390247
2018-1-10T13-49-18,1515588558618,0.84390247,-0.024390243,0.4368932,0.84390247
2018-1-10T13-49-18,1515588558619,0.84390247,-0.043902438,0.4563107,0.84390247
2018-1-10T13-49-18,1515588558620,0.85365856,-0.034146342,0.4368932,0.85365856
2018-1-10T13-49-18,1515588558621,0.86341465,-0.024390243,0.44660193,0.86341465
2018-1-10T13-49-18,1515588558622,0.87317073,-0.014634146,0.4563107,0.87317073
2018-1-10T13-49-18,1515588558623,0.86341465,-0.004878049,0.44660193,0.86341465
2018-1-10T13-49-18,1515588558624,0.84390247,-0.004878049,0.44660193,0.84390247
2018-1-10T13-49-18,1515588558625,0.84390247,-0.034146342,0.42718446,0.84390247
2018-1-10T13-49-18,1515588558626,0.82439023,-0.034146342,0.46601942,0.82439023
2018-1-10T13-49-18,1515588558627,0.82439023,-0.06341463,0.4368932,0.82439023
2018-1-10T13-49-18,1515588558628,0.8341463,-0.024390243,0.44660193,0.8341463
2018-1-10T13-49-18,1515588558629,0.87317073,-0.043902438,0.46601942,0.87317073
2018-1-10T13-49-18,1515588558630,0.85365856,-0.034146342,0.46601942,0.85365856
2018-1-10T13-49-18,1515588558631,0.87317073,-0.014634146,0.4368932,0.87317073
2018-1-10T13-49-18,1515588558632,0.86341465,-0.004878049,0.4368932,0.86341465
2018-1-10T13-49-18,1515588558633,0.85365856,0.014634146,0.4368932,0.85365856
2018-1-10T13-49-18,1515588558634,0.85365856,0.024390243,0.44660193,0.85365856
2018-1-10T13-49-18,1515588558635,0.85365856,0.09268293,0.4563107,0.85365856
2018-1-10T13-49-18,1515588558636,0.84390247,0.004878049,0.407767,0.84390247
2018-1-10T13-49-18,1515588558637,0.84390247,-0.004878049,0.4368932,0.84390247
2018-1-10T13-49-18,1515588558638,0.85365856,-0.014634146,0.42718446,0.85365856
2018-1-10T13-49-18,1515588558639,0.82439023,-0.014634146,0.42718446,0.82439023
2018-1-10T13-49-18,1515588558640,0.82439023,-0.024390243,0.42718446,0.82439023
2018-1-10T13-49-18,1515588558641,0.80487806,-0.034146342,0.4563107,0.80487806
2018-1-10T13-49-18,1515588558642,0.79512197,-0.043902438,0.42718446,0.79512197
2018-1-10T13-49-18,1515588558643,0.79512197,-0.034146342,0.4368932,0.79512197
2018-1-10T13-49-18,1515588558644,0.81463414,-0.034146342,0.44660193,0.81463414
2018-1-10T13-49-18,1515588558645,0.8341463,-0.053658538,0.4563107,0.8341463
2018-1-10T13-49-18,1515588558646,0.86341465,-0.034146342,0.4563107,0.86341465
2018-1-10T13-49-18,1515588558647,0.87317073,-0.014634146,0.47572815,0.87317073
2018-1-10T13-49-18,1515588558648,0.8926829,-0.014634146,0.4563107,0.8926829
2018-1-10T13-49-18,1515588558649,0.87317073,0.07317073,0.46601942,0.87317073
2018-1-10T13-49-18,1515588558650,0.85365856,-0.034146342,0.4563107,0.85365856
2018-1-10T13-49-18,1515588558651,0.86341465,-0.06341463,0.4563107,0.86341465
2018-1-10T13-49-18,1515588558652,0.84390247,-0.043902438,0.4563107,0.84390247
2018-1-10T13-49-18,1515588558653,0.86341465,-0.024390243,0.5145631,0.86341465
2018-1-10T13-49-18,1515588558654,0.82439023,-0.034146342,0.44660193,0.82439023
2018-1-10T13-49-18,1515588558655,0.84390247,-0.004878049,0.3883495,0.84390247
2018-1-10T13-49-18,1515588558656,0.97073174,-0.024390243,0.46601942,0.97073174
2018-1-10T13-49-18,1515588558657,0.86341465,-0.034146342,0.4563107,0.86341465
2018-1-10T13-49-18,1515588558658,0.86341465,-0.014634146,0.42718446,0.86341465
2018-1-10T13-49-18,1515588558659,0.85365856,0.014634146,0.42718446,0.85365856
2018-1-10T13-49-18,1515588558660,0.85365856,0.07317073,0.4368932,0.85365856
2018-1-10T13-49-18,1515588558661,0.8341463,-0.004878049,0.44660193,0.8341463
2018-1-10T13-49-18,1515588558662,0.8341463,0.11219512,0.42718446,0.8341463
2018-1-10T13-49-18,1515588558663,0.8341463,0.004878049,0.42718446,0.8341463
2018-1-10T13-49-18,1515588558664,0.84390247,-0.014634146,0.4368932,0.84390247
2018-1-10T13-49-18,1515588558665,0.8341463,-0.004878049,0.4368932,0.8341463
2018-1-10T13-49-18,1515588558666,0.82439023,-0.004878049,0.4368932,0.82439023
2018-1-10T13-49-18,1515588558667,0.85365856,-0.024390243,0.4368932,0.85365856
2018-1-10T13-49-18,1515588558668,0.84390247,-0.024390243,0.4563107,0.84390247
2018-1-10T13-49-18,1515588558669,0.8341463,-0.024390243,0.44660193,0.8341463
2018-1-10T13-49-18,1515588558670,0.85365856,-0.014634146,0.44660193,0.85365856
2018-1-10T13-49-18,1515588558671,0.8341463,-0.034146342,0.46601942,0.8341463
2018-1-10T13-49-18,1515588558672,0.8341463,-0.053658538,0.46601942,0.8341463
2018-1-10T13-49-18,1515588558673,0.80487806,-0.034146342,0.4368932,0.80487806
2018-1-10T13-49-18,1515588558674,0.85365856,-0.053658538,0.42718446,0.85365856
2018-1-10T13-49-18,1515588558675,0.8341463,-0.034146342,0.44660193,0.8341463
2018-1-10T13-49-18,1515588558676,0.85365856,0.004878049,0.4563107,0.85365856
2018-1-10T13-49-18,1515588558677,0.84390247,-0.024390243,0.44660193,0.84390247
2018-1-10T13-49-18,1515588558678,0.85365856,-0.014634146,0.42718446,0.85365856
2018-1-10T13-49-18,1515588558679,0.87317073,-0.014634146,0.4368932,0.87317073
2018-1-10T13-49-18,1515588558680,0.87317073,-0.004878049,0.44660193,0.87317073
2018-1-10T13-49-18,1515588558681,0.85365856,-0.014634146,0.4368932,0.85365856
2018-1-10T13-49-18,1515588558682,0.85365856,-0.004878049,0.4368932,0.85365856
2018-1-10T13-49-18,1515588558683,0.85365856,-0.004878049,0.46601942,0.85365856
2018-1-10T13-49-18,1515588558684,0.84390247,-0.034146342,0.4563107,0.84390247
2018-1-10T13-49-18,1515588558685,0.8341463,-0.024390243,0.4368932,0.8341463
2018-1-10T13-49-18,1515588558686,0.8341463,-0.024390243,0.4368932,0.8341463
2018-1-10T13-49-18,1515588558687,0.82439023,-0.024390243,0.42718446,0.82439023
2018-1-10T13-49-18,1515588558688,0.84390247,-0.004878049,0.44660193,0.84390247
2018-1-10T13-49-18,1515588558689,0.86341465,-0.024390243,0.46601942,0.86341465
2018-1-10T13-49-18,1515588558690,0.86341465,-0.014634146,0.46601942,0.86341465
2018-1-10T13-49-18,1515588558691,0.8926829,-0.004878049,0.42718446,0.8926829
2018-1-10T13-49-18,1515588558692,0.86341465,-0.014634146,0.4563107,0.86341465
2018-1-10T13-49-18,1515588558693,0.87317073,-0.034146342,0.44660193,0.87317073
2018-1-10T13-49-18,1515588558694,0.85365856,-0.024390243,0.44660193,0.85365856
2018-1-10T13-49-18,1515588558695,0.87317073,-0.024390243,0.4563107,0.87317073
2018-1-10T13-49-18,1515588558696,0.86341465,-0.024390243,0.4368932,0.86341465
2018-1-10T13-49-18,1515588558697,0.84390247,-0.014634146,0.42718446,0.84390247
2018-1-10T13-49-18,1515588558698,0.8341463,0.043902438,0.41747573,0.8341463
2018-1-10T13-49-18,1515588558699,0.82439023,-0.024390243,0.44660193,0.82439023
2018-1-10T13-49-18,1515588558700,0.82439023,-0.034146342,0.42718446,0.82439023
2018-1-10T13-49-18,1515588558701,0.82439023,-0.034146342,0.5145631,0.82439023
2018-1-10T13-49-18,1515588558702,0.8341463,-0.024390243,0.46601942,0.8341463
2018-1-10T13-49-18,1515588558703,0.84390247,-0.024390243,0.4368932,0.84390247
2018-1-10T13-49-18,1515588558704,0.82439023,-0.024390243,0.44660193,0.82439023
2018-1-10T13-49-18,1515588558705,0.84390247,-0.043902438,0.42718446,0.84390247
2018-1-10T13-49-18,1515588558706,0.86341465,-0.034146342,0.44660193,0.86341465
2018-1-10T13-49-18,1515588558707,0.85365856,-0.014634146,0.4563107,0.85365856
2018-1-10T13-49-18,1515588558708,0.8341463,-0.024390243,0.4563107,0.8341463
2018-1-10T13-49-18,1515588558709,0.86341465,-0.024390243,0.44660193,0.86341465
2018-1-10T13-49-18,1515588558710,0.84390247,0.004878049,0.44660193,0.84390247
2018-1-10T13-49-18,1515588558711,0.84390247,-0.014634146,0.42718446,0.84390247
2018-1-10T13-49-18,1515588558712,0.86341465,0.004878049,0.4368932,0.86341465
2018-1-10T13-49-18,1515588558713,0.84390247,-0.014634146,0.44660193,0.84390247
2018-1-10T13-49-18,1515588558714,0.84390247,-0.014634146,0.44660193,0.84390247
2018-1-10T13-49-18,1515588558715,0.84390247,0.014634146,0.44660193,0.84390247
2018-1-10T13-49-18,1515588558716,0.85365856,-0.034146342,0.44660193,0.85365856
2018-1-10T13-49-18,1515588558717,0.86341465,-0.014634146,0.44660193,0.86341465
2018-1-10T13-49-18,1515588558718,0.85365856,-0.004878049,0.4563107,0.85365856
2018-1-10T13-49-18,1515588558719,0.85365856,-0.024390243,0.4563107,0.85365856
2018-1-10T13-49-18,1515588558720,0.84390247,-0.014634146,0.4368932,0.84390247
2018-1-10T13-49-18,1515588558721,0.81463414,-0.024390243,0.42718446,0.81463414
2018-1-10T13-49-18,1515588558722,0.87317073,-0.024390243,0.44660193,0.87317073
2018-1-10T13-49-18,1515588558723,0.85365856,-0.024390243,0.42718446,0.85365856
2018-1-10T13-49-18,1515588558724,0.82439023,-0.004878049,0.4368932,0.82439023
2018-1-10T13-49-18,1515588558725,0.8341463,-0.024390243,0.44660193,0.8341463
2018-1-10T13-49-18,1515588558726,0.8341463,-0.014634146,0.4368932,0.8341463
2018-1-10T13-49-18,1515588558727,0.81463414,-0.034146342,0.4368932,0.81463414
2018-1-10T13-49-18,1515588558728,0.85365856,-0.024390243,0.4368932,0.85365856
2018-1-10T13-49-18,1515588558729,0.8341463,-0.024390243,0.42718446,0.8341463
2018-1-10T13-49-18,1515588558730,0.85365856,-0.004878049,-0.029126214,0.85365856
2018-1-10T13-49-18,1515588558731,0.8341463,-0.024390243,0.4563107,0.8341463
2018-1-10T13-49-18,1515588558732,0.85365856,-0.053658538,0.46601942,0.85365856
2018-1-10T13-49-18,1515588558733,0.85365856,-0.034146342,0.4563107,0.85365856
2018-1-10T13-49-18,1515588558734,0.80487806,-0.034146342,0.4368932,0.80487806
2018-1-10T13-49-18,1515588558735,0.86341465,-0.053658538,0.4368932,0.86341465
2018-1-10T13-49-18,1515588558736,0.84390247,-0.043902438,0.44660193,0.84390247
2018-1-10T13-49-18,1515588558737,0.8341463,-0.034146342,0.44660193,0.8341463
2018-1-10T13-49-18,1515588558738,0.8341463,-0.034146342,0.42718446,0.8341463
2018-1-10T13-49-18,1515588558739,0.8341463,-0.034146342,0.42718446,0.8341463
2018-1-10T13-49-18,1515588558740,0.8341463,-0.034146342,0.42718446,0.8341463
2018-1-10T13-49-18,1515588558741,0.85365856,-0.06341463,0.44660193,0.85365856
2018-1-10T13-49-18,1515588558742,0.86341465,-0.024390243,0.47572815,0.86341465
2018-1-10T13-49-18,1515588558743,0.85365856,-0.004878049,0.44660193,0.85365856
2018-1-10T13-49-18,1515588558744,0.87317073,-0.004878049,0.4563107,0.87317073
2018-1-10T13-49-18,1515588558745,0.85365856,-0.004878049,0.4368932,0.85365856
2018-1-10T13-49-18,1515588558746,0.84390247,-0.014634146,0.4368932,0.84390247
2018-1-10T13-49-18,1515588558747,0.82439023,-0.014634146,0.44660193,0.82439023
2018-1-10T13-49-18,1515588558748,0.8341463,-0.034146342,0.4563107,0.8341463
2018-1-10T13-49-18,1515588558749,0.81463414,-0.043902438,0.4368932,0.81463414
2018-1-10T13-49-18,1515588558750,0.82439023,-0.024390243,0.42718446,0.82439023
2018-1-10T13-49-18,1515588558751,0.8341463,-0.014634146,0.42718446,0.8341463
2018-1-10T13-49-18,1515588558752,0.85365856,-0.024390243,0.44660193,0.85365856
2018-1-10T13-49-18,1515588558753,0.84390247,-0.004878049,0.5145631,0.84390247
2018-1-10T13-49-18,1515588558754,0.85365856,-0.014634146,0.4368932,0.85365856
2018-1-10T13-49-18,1515588558755,0.86341465,-0.004878049,0.4368932,0.86341465
2018-1-10T13-49-18,1515588558756,0.85365856,-0.014634146,0.46601942,0.85365856
2018-1-10T13-49-18,1515588558757,0.86341465,-0.014634146,0.47572815,0.86341465
2018-1-10T13-49-18,1515588558758,0.87317073,-0.014634146,0.4563107,0.87317073
2018-1-10T13-49-18,1515588558759,0.902439,-0.014634146,0.4368932,0.902439
2018-1-10T13-49-18,1515588558760,0.85365856,0.004878049,0.4368932,0.85365856
2018-1-10T13-49-18,1515588558761,0.8829268,-0.014634146,0.44660193,0.8829268
2018-1-10T13-49-18,1515588558762,0.84390247,-0.004878049,0.42718446,0.84390247
2018-1-10T13-49-18,1515588558763,0.82439023,0.004878049,0.4368932,0.82439023
2018-1-10T13-49-18,1515588558764,0.8341463,-0.014634146,0.39805827,0.8341463
2018-1-10T13-49-18,1515588558765,0.82439023,-0.024390243,0.42718446,0.82439023
2018-1-10T13-49-18,1515588558766,0.80487806,-0.014634146,0.44660193,0.80487806
2018-1-10T13-49-18,1515588558767,0.81463414,-0.2682927,0.4563107,0.81463414
2018-1-10T13-49-18,1515588558768,0.85365856,-0.024390243,0.4563107,0.85365856
2018-1-10T13-49-18,1515588558769,0.84390247,-0.024390243,0.47572815,0.84390247
2018-1-10T13-49-18,1515588558770,0.86341465,-0.024390243,0.4563107,0.86341465
2018-1-10T13-49-18,1515588558771,0.86341465,-0.034146342,0.42718446,0.86341465
2018-1-10T13-49-18,1515588558772,0.82439023,-0.043902438,0.4368932,0.82439023
2018-1-10T13-49-18,1515588558773,0.8341463,-0.024390243,0.44660193,0.8341463
2018-1-10T13-49-18,1515588558774,0.84390247,-0.043902438,0.44660193,0.84390247
2018-1-10T13-49-18,1515588558775,0.8341463,-0.06341463,0.4368932,0.8341463
2018-1-10T13-49-18,1515588558776,0.84390247,-0.06341463,0.42718446,0.84390247
2018-1-10T13-49-18,1515588558777,0.85365856,0.043902438,0.46601942,0.85365856
2018-1-10T13-49-18,1515588558778,0.86341465,-0.024390243,0.4563107,0.86341465
2018-1-10T13-49-18,1515588558779,0.86341465,-0.004878049,0.44660193,0.86341465
2018-1-10T13-49-18,1515588558780,0.87317073,-0.014634146,0.44660193,0.87317073
2018-1-10T13-49-18,1515588558781,0.87317073,-0.024390243,0.4563107,0.87317073
2018-1-10T13-49-18,1515588558782,0.84390247,-0.004878049,0.46601942,0.84390247
2018-1-10T13-49-18,1515588558783,0.8341463,-0.024390243,0.37864077,0.8341463
2018-1-10T13-49-18,1515588558784,0.8341463,-0.034146342,0.44660193,0.8341463
2018-1-10T13-49-18,1515588558785,0.81463414,-0.034146342,0.4368932,0.81463414
2018-1-10T13-49-18,1515588558786,0.84390247,-0.034146342,0.44660193,0.84390247
2018-1-10T13-49-18,1515588558787,0.85365856,-0.034146342,0.4368932,0.85365856
2018-1-10T13-49-18,1515588558788,0.84390247,-0.043902438,0.4368932,0.84390247
2018-1-10T13-49-18,1515588558789,0.84390247,-0.024390243,0.5145631,0.84390247
2018-1-10T13-49-18,1515588558790,0.84390247,-0.014634146,0.4563107,0.84390247
2018-1-10T13-49-18,1515588558791,0.86341465,-0.024390243,0.44660193,0.86341465
2018-1-10T13-49-18,1515588558792,0.86341465,0.014634146,0.4368932,0.86341465
2018-1-10T13-49-18,1515588558793,0.85365856,0.014634146,0.4563107,0.85365856
2018-1-10T13-49-18,1515588558794,0.84390247,-0.004878049,0.42718446,0.84390247
2018-1-10T13-49-18,1515588558795,0.82439023,-0.004878049,0.39805827,0.82439023
2018-1-10T13-49-18,1515588558796,0.81463414,-0.004878049,0.42718446,0.81463414
2018-1-10T13-49-18,1515588558797,0.82439023,-0.014634146,0.4563107,0.82439023
2018-1-10T13-49-18,1515588558798,0.82439023,-0.024390243,0.4563107,0.82439023
2018-1-10T13-49-18,1515588558799,0.8341463,-0.024390243,0.44660193,0.8341463
2018-1-10T13-49-18,1515588558800,0.87317073,-0.024390243,0.3883495,0.87317073
2018-1-10T13-49-18,1515588558801,0.86341465,-0.034146342,0.4563107,0.86341465
2018-1-10T13-49-18,1515588558802,0.81463414,-0.014634146,0.4563107,0.81463414
2018-1-10T13-49-18,1515588558803,0.85365856,-0.034146342,0.3883495,0.85365856
2018-1-10T13-49-18,1515588558804,0.7853659,-0.034146342,0.44660193,0.7853659
2018-1-10T13-49-18,1515588558805,0.85365856,-0.024390243,0.47572815,0.85365856
2018-1-10T13-49-18,1515588558806,0.86341465,-0.034146342,0.46601942,0.86341465
2018-1-10T13-49-18,1515588558807,0.86341465,-0.034146342,0.42718446,0.86341465
2018-1-10T13-49-18,1515588558808,0.86341465,-0.024390243,0.41747573,0.86341465
2018-1-10T13-49-18,1515588558809,0.85365856,-0.014634146,0.4563107,0.85365856
2018-1-10T13-49-18,1515588558810,0.86341465,-0.024390243,0.46601942,0.86341465
2018-1-10T13-49-18,1515588558811,0.81463414,-0.014634146,0.42718446,0.81463414
2018-1-10T13-49-18,1515588558812,0.82439023,-0.014634146,0.42718446,0.82439023
2018-1-10T13-49-18,1515588558813,0.8341463,-0.024390243,0.46601942,0.8341463
2018-1-10T13-49-18,1515588558814,0.82439023,-0.034146342,0.46601942,0.82439023
2018-1-10T13-49-18,1515588558815,0.84390247,-0.014634146,0.46601942,0.84390247
2018-1-10T13-49-18,1515588558816,0.85365856,-0.014634146,0.407767,0.85365856
2018-1-10T13-49-18,1515588558817,0.86341465,-0.014634146,0.42718446,0.86341465
2018-1-10T13-49-18,1515588558818,0.84390247,0.014634146,0.4368932,0.84390247
2018-1-10T13-49-18,1515588558819,0.82439023,-0.024390243,0.4368932,0.82439023
2018-1-10T13-49-18,1515588558820,0.82439023,-0.034146342,0.41747573,0.82439023
2018-1-10T13-49-18,1515588558821,0.76585364,-0.014634146,0.4368932,0.76585364
2018-1-10T13-49-18,1515588558822,0.81463414,-0.014634146,0.46601942,0.81463414
2018-1-10T13-49-18,1515588558823,0.85365856,-0.034146342,0.4563107,0.85365856
2018-1-10T13-49-18,1515588558824,0.85365856,-0.024390243,0.44660193,0.85365856
2018-1-10T13-49-18,1515588558825,0.86341465,-0.004878049,0.44660193,0.86341465
2018-1-10T13-49-18,1515588558826,0.87317073,-0.024390243,0.4563107,0.87317073
2018-1-10T13-49-18,1515588558827,0.86341465,-0.024390243,0.4368932,0.86341465
2018-1-10T13-49-18,1515588558828,0.8829268,-0.014634146,0.44660193,0.8829268
2018-1-10T13-49-18,1515588558829,0.85365856,-0.034146342,0.4854369,0.85365856
2018-1-10T13-49-18,1515588558830,0.81463414,-0.053658538,0.46601942,0.81463414
2018-1-10T13-49-18,1515588558831,0.85365856,-0.024390243,0.44660193,0.85365856
2018-1-10T13-49-18,1515588558832,0.84390247,-0.034146342,0.42718446,0.84390247
2018-1-10T13-49-18,1515588558833,0.86341465,-0.024390243,0.42718446,0.86341465
2018-1-10T13-49-18,1515588558834,0.9317073,-0.014634146,0.42718446,0.9317073
2018-1-10T13-49-18,1515588558835,0.84390247,-0.004878049,0.44660193,0.84390247
2018-1-10T13-49-18,1515588558836,0.84390247,-0.024390243,0.42718446,0.84390247
2018-1-10T13-49-18,1515588558837,0.8341463,-0.024390243,0.4368932,0.8341463
2018-1-10T13-49-18,1515588558838,0.80487806,-0.034146342,0.4563107,0.80487806
2018-1-10T13-49-18,1515588558839,0.85365856,-0.043902438,0.4563107,0.85365856
2018-1-10T13-49-18,1515588558840,0.84390247,0.06341463,0.4563107,0.84390247
2018-1-10T13-49-18,1515588558841,0.85365856,-0.014634146,0.46601942,0.85365856
2018-1-10T13-49-18,1515588558842,0.86341465,0.004878049,0.4368932,0.86341465
2018-1-10T13-49-18,1515588558843,0.86341465,-0.004878049,0.41747573,0.86341465
2018-1-10T13-49-18,1515588558844,0.84390247,-0.004878049,0.407767,0.84390247
2018-1-10T13-49-18,1515588558845,0.80487806,0.014634146,0.4368932,0.80487806
2018-1-10T13-49-18,1515588558846,0.84390247,-0.034146342,0.4854369,0.84390247
2018-1-10T13-49-18,1515588558847,0.82439023,-0.043902438,0.44660193,0.82439023
2018-1-10T13-49-18,1515588558848,0.86341465,-0.034146342,0.4368932,0.86341465
2018-1-10T13-49-18,1515588558849,0.85365856,-0.034146342,0.44660193,0.85365856
2018-1-10T13-49-18,1515588558850,0.84390247,-0.024390243,0.46601942,0.84390247
2018-1-10T13-49-18,1515588558851,0.80487806,-0.034146342,0.4368932,0.80487806
2018-1-10T13-49-18,1515588558852,0.85365856,-0.014634146,0.44660193,0.85365856
2018-1-10T13-49-18,1515588558853,0.85365856,-0.024390243,0.44660193,0.85365856
2018-1-10T13-49-18,1515588558854,0.8341463,0.004878049,0.47572815,0.8341463
2018-1-10T13-49-18,1515588558855,0.87317073,-0.034146342,0.46601942,0.87317073
2018-1-10T13-49-18,1515588558856,0.86341465,-0.043902438,0.4563107,0.86341465
2018-1-10T13-49-18,1515588558857,0.86341465,-0.024390243,0.4368932,0.86341465
2018-1-10T13-49-18,1515588558858,0.87317073,-0.014634146,0.44660193,0.87317073
2018-1-10T13-49-18,1515588558859,0.86341465,-0.024390243,0.44660193,0.86341465
2018-1-10T13-49-18,1515588558860,0.84390247,-0.024390243,0.4368932,0.84390247
2018-1-10T13-49-18,1515588558861,0.8341463,-0.034146342,0.4368932,0.8341463
2018-1-10T13-49-18,1515588558862,0.86341465,-0.043902438,0.42718446,0.86341465
2018-1-10T13-49-18,1515588558863,0.8341463,-0.034146342,0.4563107,0.8341463
2018-1-10T13-49-18,1515588558864,0.84390247,-0.034146342,0.44660193,0.84390247
2018-1-10T13-49-18,1515588558865,0.8341463,-0.024390243,0.4563107,0.8341463
2018-1-10T13-49-18,1515588558866,0.84390247,-0.034146342,0.46601942,0.84390247
2018-1-10T13-49-18,1515588558867,0.85365856,-0.034146342,0.4368932,0.85365856
2018-1-10T13-49-18,1515588558868,0.85365856,-0.014634146,0.42718446,0.85365856
2018-1-10T13-49-18,1515588558869,0.8341463,-0.014634146,0.41747573,0.8341463
2018-1-10T13-49-18,1515588558870,0.8341463,-0.014634146,0.39805827,0.8341463
2018-1-10T13-49-18,1515588558871,0.84390247,-0.004878049,0.44660193,0.84390247
2018-1-10T13-49-18,1515588558872,0.84390247,-0.014634146,0.42718446,0.84390247
2018-1-10T13-49-18,1515588558873,0.84390247,0.014634146,0.4368932,0.84390247
2018-1-10T13-49-18,1515588558874,0.87317073,0.004878049,0.44660193,0.87317073
2018-1-10T13-49-18,1515588558875,0.9317073,-0.004878049,0.42718446,0.9317073
2018-1-10T13-49-18,1515588558876,0.8341463,-0.004878049,0.41747573,0.8341463
2018-1-10T13-49-18,1515588558877,0.8341463,-0.014634146,0.4368932,0.8341463
2018-1-10T13-49-18,1515588558878,0.8341463,-0.043902438,0.46601942,0.8341463
2018-1-10T13-49-18,1515588558879,0.8341463,-0.043902438,0.5048544,0.8341463
2018-1-10T13-49-18,1515588558880,0.8341463,-0.053658538,0.44660193,0.8341463
2018-1-10T13-49-18,1515588558881,0.87317073,-0.053658538,0.42718446,0.87317073
2018-1-10T13-49-18,1515588558882,0.85365856,-0.034146342,0.44660193,0.85365856
2018-1-10T13-49-18,1515588558883,0.85365856,-0.034146342,0.46601942,0.85365856
2018-1-10T13-49-18,1515588558884,0.86341465,-0.034146342,0.46601942,0.86341465
2018-1-10T13-49-18,1515588558885,0.86341465,-0.034146342,0.4368932,0.86341465
2018-1-10T13-49-18,1515588558886,0.84390247,-0.053658538,0.44660193,0.84390247
2018-1-10T13-49-18,1515588558887,0.86341465,-0.004878049,0.4563107,0.86341465
2018-1-10T13-49-18,1515588558888,0.86341465,-0.014634146,0.4563107,0.86341465
2018-1-10T13-49-18,1515588558889,0.85365856,0.004878049,0.44660193,0.85365856
2018-1-10T13-49-18,1515588558890,0.87317073,0.034146342,0.4563107,0.87317073
2018-1-10T13-49-18,1515588558891,0.8829268,0.014634146,0.44660193,0.8829268
2018-1-10T13-49-18,1515588558892,0.85365856,-0.014634146,0.407767,0.85365856
2018-1-10T13-49-18,1515588558893,0.86341465,0.004878049,0.41747573,0.86341465
2018-1-10T13-49-18,1515588558894,0.80487806,-0.024390243,0.4368932,0.80487806
2018-1-10T13-49-18,1515588558895,0.81463414,-0.053658538,0.44660193,0.81463414
2018-1-10T13-49-18,1515588558896,0.81463414,-0.043902438,0.42718446,0.81463414
2018-1-10T13-49-18,1515588558897,0.8341463,-0.014634146,0.41747573,0.8341463
2018-1-10T13-49-18,1515588558898,0.8341463,-0.024390243,0.407767,0.8341463
2018-1-10T13-49-18,1515588558899,0.8341463,-0.014634146,0.44660193,0.8341463
2018-1-10T13-49-18,1515588558900,0.85365856,-0.004878049,0.407767,0.85365856
2018-1-10T13-49-18,1515588558901,0.8341463,-0.024390243,0.407767,0.8341463
2018-1-10T13-49-18,1515588558902,0.84390247,-0.004878049,0.4368932,0.84390247
2018-1-10T13-49-18,1515588558903,0.8341463,-0.024390243,0.4563107,0.8341463
2018-1-10T13-49-18,1515588558904,0.85365856,-0.024390243,0.47572815,0.85365856
2018-1-10T13-49-18,1515588558905,0.84390247,-0.034146342,0.4563107,0.84390247
2018-1-10T13-49-18,1515588558906,0.86341465,-0.014634146,0.4563107,0.86341465
2018-1-10T13-49-18,1515588558907,0.87317073,-0.034146342,0.4563107,0.87317073
2018-1-10T13-49-18,1515588558908,0.86341465,-0.034146342,0.4368932,0.86341465
2018-1-10T13-49-18,1515588558909,0.8341463,-0.014634146,0.4563107,0.8341463
2018-1-10T13-49-18,1515588558910,0.85365856,-0.024390243,0.44660193,0.85365856
2018-1-10T13-49-18,1515588558911,0.84390247,-0.043902438,0.42718446,0.84390247
2018-1-10T13-49-18,1515588558912,0.8341463,-0.043902438,0.407767,0.8341463
2018-1-10T13-49-18,1515588558913,0.84390247,-0.043902438,0.4563107,0.84390247
2018-1-10T13-49-18,1515588558914,0.85365856,-0.043902438,0.47572815,0.85365856
2018-1-10T13-49-18,1515588558915,0.84390247,-0.043902438,0.47572815,0.84390247
2018-1-10T13-49-18,1515588558916,0.85365856,-0.043902438,0.4563107,0.85365856
2018-1-10T13-49-18,1515588558917,0.82439023,-0.053658538,0.42718446,0.82439023
2018-1-10T13-49-18,1515588558918,0.8341463,-0.043902438,0.4368932,0.8341463
2018-1-10T13-49-18,1515588558919,0.80487806,-0.043902438,0.46601942,0.80487806
2018-1-10T13-49-18,1515588558920,0.84390247,-0.043902438,0.46601942,0.84390247
2018-1-10T13-49-18,1515588558921,0.84390247,-0.034146342,0.407767,0.84390247
2018-1-10T13-49-18,1515588558922,0.86341465,-0.014634146,0.41747573,0.86341465
2018-1-10T13-49-18,1515588558923,0.86341465,-0.053658538,0.42718446,0.86341465
2018-1-10T13-49-18,1515588558924,0.85365856,0.024390243,0.44660193,0.85365856
2018-1-10T13-49-18,1515588558925,0.80487806,0.014634146,0.4368932,0.80487806
2018-1-10T13-49-18,1515588558926,0.8341463,0.024390243,0.4368932,0.8341463
2018-1-10T13-49-18,1515588558927,0.84390247,0.004878049,0.4368932,0.84390247
2018-1-10T13-49-18,1515588558928,0.8341463,0.004878049,0.4368932,0.8341463
2018-1-10T13-49-18,1515588558929,0.82439023,-0.004878049,0.4563107,0.82439023
2018-1-10T13-49-18,1515588558930,0.82439023,-0.014634146,0.41747573,0.82439023
2018-1-10T13-49-18,1515588558931,0.8341463,0.004878049,0.42718446,0.8341463
2018-1-10T13-49-18,1515588558932,0.82439023,0.004878049,0.4368932,0.82439023
2018-1-10T13-49-18,1515588558933,0.8341463,-0.034146342,0.4563107,0.8341463
2018-1-10T13-49-18,1515588558934,0.84390247,-0.034146342,0.44660193,0.84390247
2018-1-10T13-49-18,1515588558935,0.8341463,-0.034146342,0.42718446,0.8341463
2018-1-10T13-49-18,1515588558936,0.87317073,-0.053658538,0.42718446,0.87317073
2018-1-10T13-49-18,1515588558937,1.2634146,-0.024390243,0.5048544,1.2634146
2018-1-10T13-49-18,1515588558938,0.82439023,-0.024390243,0.4854369,0.82439023
2018-1-10T13-49-18,1515588558939,0.8829268,-0.014634146,0.4563107,0.8829268
2018-1-10T13-49-18,1515588558940,0.87317073,-0.014634146,0.42718446,0.87317073
2018-1-10T13-49-18,1515588558941,0.86341465,-0.014634146,0.44660193,0.86341465
2018-1-10T13-49-18,1515588558942,0.8341463,-0.004878049,0.4563107,0.8341463
2018-1-10T13-49-18,1515588558943,0.8341463,-0.053658538,0.4563107,0.8341463
2018-1-10T13-49-18,1515588558944,0.82439023,-0.053658538,0.4368932,0.82439023
2018-1-10T13-49-18,1515588558945,0.84390247,-0.024390243,0.4563107,0.84390247
2018-1-10T13-49-18,1515588558946,0.85365856,-0.034146342,0.47572815,0.85365856
2018-1-10T13-49-18,1515588558947,0.91219515,-0.043902438,0.4563107,0.91219515
2018-1-10T13-49-18,1515588558948,0.86341465,-0.024390243,0.46601942,0.86341465
2018-1-10T13-49-18,1515588558949,0.8926829,-0.014634146,0.4563107,0.8926829
2018-1-10T13-49-18,1515588558950,0.8341463,-0.014634146,0.44660193,0.8341463
2018-1-10T13-49-18,1515588558951,0.8341463,0.024390243,0.42718446,0.8341463
2018-1-10T13-49-18,1515588558952,0.8341463,-0.004878049,0.42718446,0.8341463
2018-1-10T13-49-18,1515588558953,0.8926829,-0.014634146,0.39805827,0.8926829
2018-1-10T13-49-18,1515588558954,0.81463414,-0.014634146,0.42718446,0.81463414
2018-1-10T13-49-18,1515588558955,0.82439023,-0.014634146,0.4368932,0.82439023
2018-1-10T13-49-18,1515588558956,0.8341463,-0.043902438,0.4368932,0.8341463
2018-1-10T13-49-18,1515588558957,0.8341463,-0.024390243,0.42718446,0.8341463
2018-1-10T13-49-18,1515588558958,0.84390247,0.004878049,0.4368932,0.84390247
2018-1-10T13-49-18,1515588558959,0.85365856,-0.014634146,0.44660193,0.85365856
2018-1-10T13-49-18,1515588558960,0.85365856,-0.004878049,0.4368932,0.85365856
2018-1-10T13-49-18,1515588558961,0.84390247,-0.004878049,0.44660193,0.84390247
2018-1-10T13-49-18,1515588558962,0.85365856,0.034146342,0.4563107,0.85365856
2018-1-10T13-49-18,1515588558963,0.86341465,-0.004878049,0.44660193,0.86341465
2018-1-10T13-49-18,1515588558964,0.87317073,0.004878049,0.44660193,0.87317073
2018-1-10T13-49-18,1515588558965,0.85365856,-0.014634146,0.4368932,0.85365856
2018-1-10T13-49-18,1515588558966,0.84390247,-0.034146342,0.4368932,0.84390247
2018-1-10T13-49-18,1515588558967,0.82439023,-0.034146342,0.4368932,0.82439023
2018-1-10T13-49-18,1515588558968,0.8341463,-0.034146342,0.44660193,0.8341463
2018-1-10T13-49-18,1515588558969,0.84390247,-0.034146342,0.46601942,0.84390247
2018-1-10T13-49-18,1515588558970,0.82439023,-0.024390243,0.4563107,0.82439023
2018-1-10T13-49-18,1515588558971,0.87317073,-0.034146342,0.47572815,0.87317073
2018-1-10T13-49-18,1515588558972,0.87317073,-0.024390243,0.44660193,0.87317073
2018-1-10T13-49-18,1515588558973,0.86341465,-0.014634146,0.42718446,0.86341465
2018-1-10T13-49-18,1515588558974,0.86341465,-0.014634146,0.4368932,0.86341465
2018-1-10T13-49-18,1515588558975,0.84390247,-0.034146342,0.4563107,0.84390247
2018-1-10T13-49-18,1515588558976,0.84390247,-0.034146342,0.44660193,0.84390247
2018-1-10T13-49-18,1515588558977,0.82439023,0.004878049,0.407767,0.82439023
2018-1-10T13-49-18,1515588558978,0.80487806,-0.034146342,0.407767,0.80487806
2018-1-10T13-49-18,1515588558979,0.80487806,-0.053658538,0.4368932,0.80487806
2018-1-10T13-49-18,1515588558980,0.80487806,-0.034146342,0.4368932,0.80487806
2018-1-10T13-49-18,1515588558981,0.84390247,-0.053658538,0.4368932,0.84390247
2018-1-10T13-49-18,1515588558982,0.84390247,0.004878049,0.4368932,0.84390247
2018-1-10T13-49-18,1515588558983,0.81463414,-0.014634146,0.44660193,0.81463414
2018-1-10T13-49-18,1515588558984,0.84390247,-0.06341463,0.4563107,0.84390247
2018-1-10T13-49-18,1515588558985,0.86341465,-0.014634146,0.47572815,0.86341465
2018-1-10T13-49-18,1515588558986,0.87317073,-0.004878049,0.46601942,0.87317073
2018-1-10T13-49-18,1515588558987,0.87317073,-0.014634146,0.44660193,0.87317073
2018-1-10T13-49-18,1515588558988,0.87317073,-0.014634146,0.46601942,0.87317073
2018-1-10T13-49-18,1515588558989,0.86341465,-0.014634146,0.44660193,0.86341465
2018-1-10T13-49-18,1515588558990,0.36585367,-0.014634146,0.42718446,0.36585367
2018-1-10T13-49-18,1515588558991,0.8341463,-0.014634146,0.4368932,0.8341463
2018-1-10T13-49-18,1515588558992,0.85365856,-0.024390243,0.44660193,0.85365856
2018-1-10T13-49-18,1515588558993,0.82439023,-0.034146342,0.47572815,0.82439023
2018-1-10T13-49-18,1515588558994,0.84390247,-0.034146342,0.4563107,0.84390247
2018-1-10T13-49-18,1515588558995,0.84390247,-0.034146342,0.4368932,0.84390247
2018-1-10T13-49-18,1515588558996,0.84390247,-0.034146342,0.44660193,0.84390247
2018-1-10T13-49-18,1515588558997,0.85365856,-0.004878049,0.49514562,0.85365856
2018-1-10T13-49-18,1515588558998,0.85365856,0.014634146,0.46601942,0.85365856
2018-1-10T13-49-18,1515588558999,0.84390247,-0.043902438,0.4563107,0.84390247
2018-1-10T13-49-19,1515588559000,0.84390247,-0.024390243,0.44660193,0.84390247
2018-1-10T13-49-19,1515588559001,0.87317073,-0.024390243,0.44660193,0.87317073
2018-1-10T13-49-19,1515588559002,0.85365856,-0.034146342,0.44660193,0.85365856
2018-1-10T13-49-19,1515588559003,0.85365856,-0.004878049,0.42718446,0.85365856
2018-1-10T13-49-19,1515588559004,0.85365856,-0.004878049,0.4368932,0.85365856
2018-1-10T13-49-19,1515588559005,0.84390247,-0.024390243,0.4368932,0.84390247
2018-1-10T13-49-19,1515588559006,0.84390247,-0.024390243,0.41747573,0.84390247
2018-1-10T13-49-19,1515588559007,0.82439023,-0.014634146,0.42718446,0.82439023
2018-1-10T13-49-19,1515588559008,0.82439023,-0.034146342,0.47572815,0.82439023
2018-1-10T13-49-19,1515588559009,0.80487806,-0.043902438,0.42718446,0.80487806
2018-1-10T13-49-19,1515588559010,0.8341463,-0.014634146,0.4563107,0.8341463
2018-1-10T13-49-19,1515588559011,0.86341465,-0.024390243,0.5145631,0.86341465
2018-1-10T13-49-19,1515588559012,0.85365856,-0.004878049,0.44660193,0.85365856
2018-1-10T13-49-19,1515588559013,0.86341465,-0.004878049,0.4368932,0.86341465
2018-1-10T13-49-19,1515588559014,0.86341465,-0.014634146,0.42718446,0.86341465
2018-1-10T13-49-19,1515588559015,0.8341463,0.004878049,0.42718446,0.8341463
2018-1-10T13-49-19,1515588559016,0.82439023,-0.024390243,0.4368932,0.82439023
2018-1-10T13-49-19,1515588559017,0.84390247,-0.014634146,0.46601942,0.84390247
2018-1-10T13-49-19,1515588559018,0.84390247,-0.043902438,0.4563107,0.84390247
2018-1-10T13-49-19,1515588559019,0.84390247,-0.034146342,0.44660193,0.84390247
2018-1-10T13-49-19,1515588559020,0.85365856,0.004878049,0.46601942,0.85365856
2018-1-10T13-49-19,1515588559021,0.86341465,-0.014634146,0.4563107,0.86341465
2018-1-10T13-49-19,1515588559022,0.86341465,-0.014634146,0.4563107,0.86341465
2018-1-10T13-49-19,1515588559023,0.87317073,0.014634146,0.4563107,0.87317073
2018-1-10T13-49-19,1515588559024,0.8829268,-0.004878049,0.4563107,0.8829268
2018-1-10T13-49-19,1515588559025,0.86341465,-0.004878049,0.47572815,0.86341465
2018-1-10T13-49-19,1515588559026,0.8341463,0.004878049,0.44660193,0.8341463
2018-1-10T13-49-19,1515588559027,0.8341463,-0.024390243,0.4368932,0.8341463
2018-1-10T13-49-19,1515588559028,0.85365856,-0.024390243,0.42718446,0.85365856
2018-1-10T13-49-19,1515588559029,0.8341463,-0.004878049,0.4368932,0.8341463
2018-1-10T13-49-19,1515588559030,0.8341463,-0.024390243,0.42718446,0.8341463
2018-1-10T13-49-19,1515588559031,0.82439023,-0.014634146,0.407767,0.82439023
2018-1-10T13-49-19,1515588559032,0.81463414,0.004878049,0.4368932,0.81463414
2018-1-10T13-49-19,1515588559033,0.84390247,-0.014634146,0.44660193,0.84390247
2018-1-10T13-49-19,1515588559034,0.84390247,-0.004878049,0.44660193,0.84390247
2018-1-10T13-49-19,1515588559035,0.82439023,-0.024390243,0.4368932,0.82439023
2018-1-10T13-49-19,1515588559036,0.76585364,-0.043902438,0.4563107,0.76585364
2018-1-10T13-49-19,1515588559037,0.85365856,-0.014634146,0.42718446,0.85365856
2018-1-10T13-49-19,1515588559038,0.8341463,-0.024390243,0.41747573,0.8341463
2018-1-10T13-49-19,1515588559039,0.82439023,-0.024390243,0.4368932,0.82439023
2018-1-10T13-49-19,1515588559040,0.8341463,-0.06341463,0.4563107,0.8341463
2018-1-10T13-49-19,1515588559041,0.8341463,-0.043902438,0.4563107,0.8341463
2018-1-10T13-49-19,1515588559042,0.85365856,-0.034146342,0.44660193,0.85365856
2018-1-10T13-49-19,1515588559043,0.86341465,-0.024390243,0.4368932,0.86341465
2018-1-10T13-49-19,1515588559044,0.87317073,-0.034146342,0.4563107,0.87317073
2018-1-10T13-49-19,1515588559045,0.87317073,0.043902438,0.47572815,0.87317073
2018-1-10T13-49-19,1515588559046,0.8829268,-0.024390243,0.4854369,0.8829268
2018-1-10T13-49-19,1515588559047,0.8829268,-0.014634146,0.44660193,0.8829268
2018-1-10T13-49-19,1515588559048,0.86341465,-0.014634146,0.4368932,0.86341465
2018-1-10T13-49-19,1515588559049,0.86341465,-0.004878049,0.4368932,0.86341465
2018-1-10T13-49-19,1515588559050,0.86341465,-0.034146342,0.4563107,0.86341465
2018-1-10T13-49-19,1515588559051,0.82439023,-0.034146342,0.44660193,0.82439023
2018-1-10T13-49-19,1515588559052,0.8341463,-0.014634146,0.42718446,0.8341463
2018-1-10T13-49-19,1515588559053,0.84390247,-0.024390243,0.44660193,0.84390247
2018-1-10T13-49-19,1515588559054,0.8341463,-0.043902438,0.44660193,0.8341463
2018-1-10T13-49-19,1515588559055,0.82439023,-0.024390243,0.4563107,0.82439023
2018-1-10T13-49-19,1515588559056,0.84390247,-0.024390243,0.4563107,0.84390247
2018-1-10T13-49-19,1515588559057,0.85365856,-0.024390243,0.4368932,0.85365856
2018-1-10T13-49-19,1515588559058,0.84390247,-0.024390243,0.4368932,0.84390247
2018-1-10T13-49-19,1515588559059,0.84390247,-0.014634146,0.44660193,0.84390247
2018-1-10T13-49-19,1515588559060,0.84390247,-0.024390243,0.4563107,0.84390247
2018-1-10T13-49-19,1515588559061,0.8341463,-0.014634146,0.4368932,0.8341463
2018-1-10T13-49-19,1515588559062,0.8341463,-0.024390243,0.42718446,0.8341463
2018-1-10T13-49-19,1515588559063,0.8341463,-0.034146342,0.41747573,0.8341463
2018-1-10T13-49-19,1515588559064,0.85365856,-0.034146342,0.41747573,0.85365856
2018-1-10T13-49-19,1515588559065,0.82439023,-0.014634146,0.4563107,0.82439023
2018-1-10T13-49-19,1515588559066,0.85365856,-0.024390243,0.46601942,0.85365856
2018-1-10T13-49-19,1515588559067,0.86341465,-0.024390243,0.4368932,0.86341465
2018-1-10T13-49-19,1515588559068,0.85365856,0.004878049,0.4563107,0.85365856
2018-1-10T13-49-19,1515588559069,0.8926829,-0.004878049,0.44660193,0.8926829
2018-1-10T13-49-19,1515588559070,0.87317073,-0.014634146,0.4368932,0.87317073
2018-1-10T13-49-19,1515588559071,0.85365856,0.043902438,0.42718446,0.85365856
2018-1-10T13-49-19,1515588559072,0.82439023,-0.014634146,0.4563107,0.82439023
2018-1-10T13-49-19,1515588559073,0.8341463,-0.034146342,0.4563107,0.8341463
2018-1-10T13-49-19,1515588559074,0.81463414,-0.034146342,0.42718446,0.81463414
2018-1-10T13-49-19,1515588559075,0.7853659,-0.034146342,0.41747573,0.7853659
2018-1-10T13-49-19,1515588559076,0.8341463,-0.043902438,0.41747573,0.8341463
2018-1-10T13-49-19,1515588559077,0.8341463,-0.043902438,0.44660193,0.8341463
2018-1-10T13-49-19,1515588559078,0.85365856,-0.034146342,0.47572815,0.85365856
2018-1-10T13-49-19,1515588559079,0.86341465,-0.043902438,0.4563107,0.86341465
2018-1-10T13-49-19,1515588559080,0.85365856,-0.053658538,0.42718446,0.85365856
2018-1-10T13-49-19,1515588559081,0.84390247,-0.043902438,0.4368932,0.84390247
2018-1-10T13-49-19,1515588559082,0.87317073,-0.043902438,0.47572815,0.87317073
2018-1-10T13-49-19,1515588559083,0.87317073,-0.034146342,0.47572815,0.87317073
2018-1-10T13-49-19,1515588559084,0.86341465,-0.004878049,0.4563107,0.86341465
2018-1-10T13-49-19,1515588559085,0.8829268,0.004878049,0.4563107,0.8829268
2018-1-10T13-49-19,1515588559086,0.902439,-0.024390243,0.42718446,0.902439
2018-1-10T13-49-19,1515588559087,0.85365856,-0.014634146,0.41747573,0.85365856
2018-1-10T13-49-19,1515588559088,0.86341465,-0.024390243,0.4368932,0.86341465
2018-1-10T13-49-19,1515588559089,0.84390247,-0.024390243,0.4563107,0.84390247
2018-1-10T13-49-19,1515588559090,0.8341463,-0.034146342,0.41747573,0.8341463
2018-1-10T13-49-19,1515588559091,0.80487806,-0.024390243,0.41747573,0.80487806
2018-1-10T13-49-19,1515588559092,0.82439023,-0.034146342,0.42718446,0.82439023
2018-1-10T13-49-19,1515588559093,0.8341463,-0.034146342,0.44660193,0.8341463
2018-1-10T13-49-19,1515588559094,0.8341463,-0.014634146,0.4368932,0.8341463
2018-1-10T13-49-19,1515588559095,0.84390247,-0.014634146,0.42718446,0.84390247
2018-1-10T13-49-19,1515588559096,0.8341463,-0.024390243,0.4368932,0.8341463
2018-1-10T13-49-19,1515588559097,0.8341463,-0.014634146,0.44660193,0.8341463
2018-1-10T13-49-19,1515588559098,0.85365856,-0.014634146,0.4563107,0.85365856
2018-1-10T13-49-19,1515588559099,0.84390247,-0.024390243,0.42718446,0.84390247
2018-1-10T13-49-19,1515588559100,0.84390247,-0.034146342,0.41747573,0.84390247
2018-1-10T13-49-19,1515588559101,0.85365856,-0.024390243,0.44660193,0.85365856
2018-1-10T13-49-19,1515588559102,0.8341463,-0.043902438,0.46601942,0.8341463
2018-1-10T13-49-19,1515588559103,0.82439023,-0.024390243,0.44660193,0.82439023
2018-1-10T13-49-19,1515588559104,0.84390247,-0.024390243,0.44660193,0.84390247
2018-1-10T13-49-19,1515588559105,0.86341465,-0.004878049,0.44660193,0.86341465
2018-1-10T13-49-19,1515588559106,0.87317073,-0.024390243,0.4563107,0.87317073
2018-1-10T13-49-19,1515588559107,0.86341465,-0.014634146,0.47572815,0.86341465
2018-1-10T13-49-19,1515588559108,0.87317073,-0.014634146,0.4563107,0.87317073
2018-1-10T13-49-19,1515588559109,0.87317073,-0.024390243,0.4368932,0.87317073
2018-1-10T13-49-19,1515588559110,0.86341465,-0.024390243,0.42718446,0.86341465
2018-1-10T13-49-19,1515588559111,0.91219515,-0.024390243,0.4563107,0.91219515
2018-1-10T13-49-19,1515588559112,0.81463414,-0.06341463,0.42718446,0.81463414
2018-1-10T13-49-19,1515588559113,0.80487806,-0.06341463,0.42718446,0.80487806
2018-1-10T13-49-19,1515588559114,0.80487806,-0.053658538,0.4368932,0.80487806
2018-1-10T13-49-19,1515588559115,0.85365856,-0.053658538,0.4563107,0.85365856
2018-1-10T13-49-19,1515588559116,0.85365856,-0.034146342,0.4563107,0.85365856
2018-1-10T13-49-19,1515588559117,0.87317073,0.014634146,0.44660193,0.87317073
2018-1-10T13-49-19,1515588559118,0.902439,0.034146342,0.4563107,0.902439
2018-1-10T13-49-19,1515588559119,0.8829268,0.024390243,0.4368932,0.8829268
2018-1-10T13-49-19,1515588559120,0.87317073,0.024390243,0.42718446,0.87317073
2018-1-10T13-49-19,1515588559121,0.8341463,0.014634146,0.4563107,0.8341463
2018-1-10T13-49-19,1515588559122,0.84390247,-0.024390243,0.46601942,0.84390247
2018-1-10T13-49-19,1515588559123,0.82439023,-0.024390243,0.4563107,0.82439023
2018-1-10T13-49-19,1515588559124,0.81463414,-0.034146342,0.4368932,0.81463414
2018-1-10T13-49-19,1515588559125,0.8341463,-0.034146342,0.42718446,0.8341463
2018-1-10T13-49-19,1515588559126,0.8341463,-0.024390243,0.44660193,0.8341463
2018-1-10T13-49-19,1515588559127,0.8341463,-0.014634146,0.4563107,0.8341463
2018-1-10T13-49-19,1515588559128,0.85365856,0.053658538,0.4368932,0.85365856
2018-1-10T13-49-19,1515588559129,0.8341463,-0.014634146,0.407767,0.8341463
2018-1-10T13-49-19,1515588559130,0.84390247,-0.004878049,0.4368932,0.84390247
2018-1-10T13-49-19,1515588559131,0.85365856,-0.004878049,0.4563107,0.85365856
2018-1-10T13-49-19,1515588559132,0.85365856,-0.014634146,0.44660193,0.85365856
2018-1-10T13-49-19,1515588559133,0.86341465,0.004878049,0.4563107,0.86341465
2018-1-10T13-49-19,1515588559134,0.87317073,-0.004878049,0.4368932,0.87317073
2018-1-10T13-49-19,1515588559135,0.85365856,-0.014634146,0.41747573,0.85365856
2018-1-10T13-49-19,1515588559136,0.80487806,-0.024390243,0.42718446,0.80487806
2018-1-10T13-49-19,1515588559137,0.81463414,-0.043902438,0.44660193,0.81463414
2018-1-10T13-49-19,1515588559138,0.80487806,-0.07317073,0.44660193,0.80487806
2018-1-10T13-49-19,1515588559139,0.86341465,-0.07317073,0.42718446,0.86341465
2018-1-10T13-49-19,1515588559140,0.8341463,-0.053658538,0.4368932,0.8341463
2018-1-10T13-49-19,1515588559141,0.84390247,-0.053658538,0.4563107,0.84390247
2018-1-10T13-49-19,1515588559142,0.86341465,-0.034146342,0.47572815,0.86341465
2018-1-10T13-49-19,1515588559143,0.86341465,-0.014634146,0.46601942,0.86341465
2018-1-10T13-49-19,1515588559144,0.8926829,0.014634146,0.46601942,0.8926829
2018-1-10T13-49-19,1515588559145,0.87317073,0.004878049,0.46601942,0.87317073
2018-1-10T13-49-19,1515588559146,0.86341465,0.014634146,0.4563107,0.86341465
2018-1-10T13-49-19,1515588559147,0.86341465,-0.07317073,0.4368932,0.86341465
2018-1-10T13-49-19,1515588559148,0.84390247,-0.034146342,0.4563107,0.84390247
2018-1-10T13-49-19,1515588559149,0.8341463,-0.034146342,0.4368932,0.8341463
2018-1-10T13-49-19,1515588559150,0.82439023,-0.034146342,0.44660193,0.82439023
2018-1-10T13-49-19,1515588559151,0.80487806,-0.034146342,0.46601942,0.80487806
2018-1-10T13-49-19,1515588559152,0.84390247,-0.014634146,0.4563107,0.84390247
2018-1-10T13-49-19,1515588559153,0.8341463,-0.004878049,0.4563107,0.8341463
2018-1-10T13-49-19,1515588559154,0.86341465,-0.014634146,0.44660193,0.86341465
2018-1-10T13-49-19,1515588559155,0.84390247,-0.014634146,0.44660193,0.84390247
2018-1-10T13-49-19,1515588559156,0.85365856,-0.004878049,0.4563107,0.85365856
2018-1-10T13-49-19,1515588559157,0.85365856,-0.004878049,0.44660193,0.85365856
2018-1-10T13-49-19,1515588559158,0.85365856,-0.014634146,0.4368932,0.85365856
2018-1-10T13-49-19,1515588559159,0.84390247,0.004878049,0.42718446,0.84390247
2018-1-10T13-49-19,1515588559160,0.81463414,-0.014634146,0.42718446,0.81463414
2018-1-10T13-49-19,1515588559161,0.82439023,-0.014634146,0.41747573,0.82439023
2018-1-10T13-49-19,1515588559162,0.82439023,-0.034146342,0.44660193,0.82439023
2018-1-10T13-49-19,1515588559163,0.82439023,-0.034146342,0.44660193,0.82439023
2018-1-10T13-49-19,1515588559164,0.84390247,-0.034146342,0.4368932,0.84390247
2018-1-10T13-49-19,1515588559165,0.81463414,-0.024390243,0.42718446,0.81463414
2018-1-10T13-49-19,1515588559166,0.85365856,-0.014634146,0.46601942,0.85365856
2018-1-10T13-49-19,1515588559167,0.86341465,-0.014634146,0.46601942,0.86341465
2018-1-10T13-49-19,1515588559168,0.86341465,-0.014634146,0.44660193,0.86341465
2018-1-10T13-49-19,1515588559169,0.86341465,-0.014634146,0.44660193,0.86341465
2018-1-10T13-49-19,1515588559170,0.9317073,-0.034146342,0.47572815,0.9317073
2018-1-10T13-49-19,1515588559171,0.86341465,-0.053658538,0.46601942,0.86341465
2018-1-10T13-49-19,1515588559172,0.85365856,-0.024390243,0.42718446,0.85365856
2018-1-10T13-49-19,1515588559173,0.84390247,-0.034146342,0.41747573,0.84390247
2018-1-10T13-49-19,1515588559174,0.85365856,-0.034146342,0.41747573,0.85365856
2018-1-10T13-49-19,1515588559175,0.82439023,-0.024390243,0.4368932,0.82439023
2018-1-10T13-49-19,1515588559176,0.8341463,-0.024390243,0.44660193,0.8341463
2018-1-10T13-49-19,1515588559177,0.82439023,-0.034146342,0.42718446,0.82439023
2018-1-10T13-49-19,1515588559178,0.8341463,-0.014634146,0.42718446,0.8341463
2018-1-10T13-49-19,1515588559179,0.8341463,-0.014634146,0.44660193,0.8341463
2018-1-10T13-49-19,1515588559180,0.8341463,-0.024390243,0.46601942,0.8341463
2018-1-10T13-49-19,1515588559181,0.84390247,-0.024390243,0.46601942,0.84390247
2018-1-10T13-49-19,1515588559182,0.86341465,-0.024390243,0.4563107,0.86341465
2018-1-10T13-49-19,1515588559183,0.86341465,-0.024390243,0.4563107,0.86341465
2018-1-10T13-49-19,1515588559184,0.86341465,-0.024390243,0.44660193,0.86341465
2018-1-10T13-49-19,1515588559185,0.84390247,-0.014634146,0.46601942,0.84390247
2018-1-10T13-49-19,1515588559186,0.85365856,-0.034146342,0.44660193,0.85365856
2018-1-10T13-49-19,1515588559187,0.86341465,-0.034146342,0.44660193,0.86341465
2018-1-10T13-49-19,1515588559188,0.8829268,-0.024390243,0.44660193,0.8829268
2018-1-10T13-49-19,1515588559189,0.87317073,-0.014634146,0.4368932,0.87317073
2018-1-10T13-49-19,1515588559190,0.86341465,-0.014634146,0.42718446,0.86341465
2018-1-10T13-49-19,1515588559191,0.8341463,-0.014634146,0.44660193,0.8341463
2018-1-10T13-49-19,1515588559192,0.85365856,-0.014634146,0.4563107,0.85365856
2018-1-10T13-49-19,1515588559193,0.85365856,-0.014634146,0.4563107,0.85365856
2018-1-10T13-49-19,1515588559194,0.84390247,-0.004878049,0.42718446,0.84390247
2018-1-10T13-49-19,1515588559195,0.84390247,-0.004878049,0.44660193,0.84390247
2018-1-10T13-49-19,1515588559196,0.86341465,-0.004878049,0.4368932,0.86341465
2018-1-10T13-49-19,1515588559197,0.85365856,-0.004878049,0.4368932,0.85365856
2018-1-10T13-49-19,1515588559198,0.84390247,-0.014634146,0.4368932,0.84390247
2018-1-10T13-49-19,1515588559199,0.84390247,-0.09268293,0.42718446,0.84390247
2018-1-10T13-49-19,1515588559200,0.8341463,-0.024390243,0.4368932,0.8341463
2018-1-10T13-49-19,1515588559201,0.8341463,-0.024390243,0.4368932,0.8341463
2018-1-10T13-49-19,1515588559202,0.84390247,-0.043902438,0.44660193,0.84390247
2018-1-10T13-49-19,1515588559203,0.84390247,-0.053658538,0.44660193,0.84390247
2018-1-10T13-49-19,1515588559204,0.84390247,0.004878049,0.4368932,0.84390247
2018-1-10T13-49-19,1515588559205,0.87317073,-0.034146342,0.4563107,0.87317073
2018-1-10T13-49-19,1515588559206,0.87317073,-0.034146342,0.4854369,0.87317073
2018-1-10T13-49-19,1515588559207,0.79512197,-0.043902438,0.44660193,0.79512197
2018-1-10T13-49-19,1515588559208,0.86341465,-0.014634146,0.4368932,0.86341465
2018-1-10T13-49-19,1515588559209,0.84390247,-0.004878049,0.4368932,0.84390247
2018-1-10T13-49-19,1515588559210,0.8341463,-0.014634146,0.44660193,0.8341463
2018-1-10T13-49-19,1515588559211,0.8341463,-0.024390243,0.4368932,0.8341463
2018-1-10T13-49-19,1515588559212,0.85365856,-0.043902438,0.42718446,0.85365856
2018-1-10T13-49-19,1515588559213,0.85365856,-0.014634146,0.4368932,0.85365856
2018-1-10T13-49-19,1515588559214,0.84390247,-0.004878049,0.44660193,0.84390247
2018-1-10T13-49-19,1515588559215,0.84390247,-0.014634146,0.4563107,0.84390247
2018-1-10T13-49-19,1515588559216,0.87317073,-0.014634146,0.4563107,0.87317073
2018-1-10T13-49-19,1515588559217,0.85365856,-0.004878049,0.407767,0.85365856
2018-1-10T13-49-19,1515588559218,0.85365856,-0.014634146,0.4368932,0.85365856
2018-1-10T13-49-19,1515588559219,0.84390247,-0.034146342,0.4563107,0.84390247
2018-1-10T13-49-19,1515588559220,0.84390247,-0.034146342,0.52427185,0.84390247
2018-1-10T13-49-19,1515588559221,0.82439023,-0.06341463,0.44660193,0.82439023
2018-1-10T13-49-19,1515588559222,0.8341463,-0.034146342,0.4368932,0.8341463
2018-1-10T13-49-19,1515588559223,0.85365856,-0.034146342,0.4368932,0.85365856
2018-1-10T13-49-19,1515588559224,0.85365856,-0.043902438,0.44660193,0.85365856
2018-1-10T13-49-19,1515588559225,0.86341465,-0.014634146,0.4368932,0.86341465
2018-1-10T13-49-19,1515588559226,0.8341463,-0.024390243,0.44660193,0.8341463
2018-1-10T13-49-19,1515588559227,0.85365856,0.043902438,0.44660193,0.85365856
2018-1-10T13-49-19,1515588559228,0.84390247,-0.024390243,0.4368932,0.84390247
2018-1-10T13-49-19,1515588559229,0.82439023,-0.034146342,0.4563107,0.82439023
2018-1-10T13-49-19,1515588559230,0.82439023,-0.043902438,0.4563107,0.82439023
2018-1-10T13-49-19,1515588559231,0.82439023,-0.014634146,0.46601942,0.82439023
2018-1-10T13-49-19,1515588559232,0.82439023,-0.053658538,0.42718446,0.82439023
2018-1-10T13-49-19,1515588559233,0.84390247,-0.024390243,0.42718446,0.84390247
2018-1-10T13-49-19,1515588559234,0.82439023,-0.004878049,0.44660193,0.82439023
2018-1-10T13-49-19,1515588559235,0.85365856,-0.014634146,0.4368932,0.85365856
2018-1-10T13-49-19,1515588559236,0.86341465,-0.004878049,0.44660193,0.86341465
2018-1-10T13-49-19,1515588559237,0.8341463,-0.024390243,0.4368932,0.8341463
2018-1-10T13-49-19,1515588559238,0.84390247,-0.034146342,0.44660193,0.84390247
2018-1-10T13-49-19,1515588559239,0.902439,-0.043902438,0.46601942,0.902439
2018-1-10T13-49-19,1515588559240,0.86341465,-0.014634146,0.47572815,0.86341465
2018-1-10T13-49-19,1515588559241,0.82439023,-0.034146342,0.4854369,0.82439023
2018-1-10T13-49-19,1515588559242,0.8829268,-0.024390243,0.4368932,0.8829268
2018-1-10T13-49-19,1515588559243,0.87317073,0.004878049,0.41747573,0.87317073
2018-1-10T13-49-19,1515588559244,0.86341465,-0.004878049,0.4563107,0.86341465
2018-1-10T13-49-19,1515588559245,0.85365856,-0.004878049,0.4368932,0.85365856
2018-1-10T13-49-19,1515588559246,0.82439023,-0.004878049,0.4368932,0.82439023
2018-1-10T13-49-19,1515588559247,0.8341463,-0.024390243,0.36893204,0.8341463
2018-1-10T13-49-19,1515588559248,0.82439023,-0.024390243,0.4368932,0.82439023
2018-1-10T13-49-19,1515588559249,0.8341463,-0.024390243,0.44660193,0.8341463
2018-1-10T13-49-19,1515588559250,0.8341463,-0.034146342,0.46601942,0.8341463
2018-1-10T13-49-19,1515588559251,0.7853659,-0.024390243,0.4368932,0.7853659
2018-1-10T13-49-19,1515588559252,0.85365856,-0.014634146,0.37864077,0.85365856
2018-1-10T13-49-19,1515588559253,0.82439023,-0.024390243,0.4854369,0.82439023
2018-1-10T13-49-19,1515588559254,0.82439023,-0.014634146,0.4563107,0.82439023
2018-1-10T13-49-19,1515588559255,0.81463414,-0.024390243,0.44660193,0.81463414
2018-1-10T13-49-19,1515588559256,0.81463414,-0.043902438,0.41747573,0.81463414
2018-1-10T13-49-19,1515588559257,0.82439023,-0.053658538,0.407767,0.82439023
2018-1-10T13-49-19,1515588559258,0.82439023,-0.043902438,0.4563107,0.82439023
2018-1-10T13-49-19,1515588559259,0.85365856,0.024390243,0.47572815,0.85365856
2018-1-10T13-49-19,1515588559260,0.85365856,-0.024390243,0.44660193,0.85365856
2018-1-10T13-49-19,1515588559261,0.87317073,-0.06341463,0.41747573,0.87317073
2018-1-10T13-49-19,1515588559262,0.85365856,-0.034146342,0.42718446,0.85365856
2018-1-10T13-49-19,1515588559263,0.85365856,-0.034146342,0.47572815,0.85365856
2018-1-10T13-49-19,1515588559264,0.85365856,-0.034146342,0.4854369,0.85365856
2018-1-10T13-49-19,1515588559265,0.84390247,-0.014634146,0.4563107,0.84390247
2018-1-10T13-49-19,1515588559266,0.8926829,0.004878049,0.44660193,0.8926829
2018-1-10T13-49-19,1515588559267,0.902439,0.014634146,0.44660193,0.902439
2018-1-10T13-49-19,1515588559268,0.92195123,0.024390243,0.4563107,0.92195123
2018-1-10T13-49-19,1515588559269,0.87317073,0.014634146,0.44660193,0.87317073
2018-1-10T13-49-19,1515588559270,0.8341463,0.004878049,0.4368932,0.8341463
2018-1-10T13-49-19,1515588559271,0.85365856,-0.043902438,0.42718446,0.85365856
2018-1-10T13-49-19,1515588559272,0.82439023,-0.06341463,0.41747573,0.82439023
2018-1-10T13-49-19,1515588559273,0.7853659,-0.034146342,0.44660193,0.7853659
2018-1-10T13-49-19,1515588559274,0.77560973,-0.043902438,0.44660193,0.77560973
2018-1-10T13-49-19,1515588559275,0.80487806,-0.043902438,0.44660193,0.80487806
2018-1-10T13-49-19,1515588559276,0.82439023,-0.034146342,0.44660193,0.82439023
2018-1-10T13-49-19,1515588559277,0.8341463,-0.034146342,0.42718446,0.8341463
2018-1-10T13-49-19,1515588559278,0.8341463,-0.024390243,0.407767,0.8341463
2018-1-10T13-49-19,1515588559279,0.82439023,-0.034146342,0.4368932,0.82439023
2018-1-10T13-49-19,1515588559280,0.82439023,-0.034146342,0.44660193,0.82439023
2018-1-10T13-49-19,1515588559281,0.8341463,-0.024390243,0.44660193,0.8341463
2018-1-10T13-49-19,1515588559282,0.85365856,-0.043902438,0.42718446,0.85365856
2018-1-10T13-49-19,1515588559283,0.85365856,-0.024390243,0.4563107,0.85365856
2018-1-10T13-49-19,1515588559284,0.8829268,-0.014634146,0.4854369,0.8829268
2018-1-10T13-49-19,1515588559285,0.8829268,-0.024390243,0.42718446,0.8829268
2018-1-10T13-49-19,1515588559286,0.85365856,-0.014634146,0.407767,0.85365856
2018-1-10T13-49-19,1515588559287,0.82439023,-0.004878049,0.41747573,0.82439023
2018-1-10T13-49-19,1515588559288,0.82439023,0.024390243,0.4368932,0.82439023
2018-1-10T13-49-19,1515588559289,0.77560973,-0.043902438,0.39805827,0.77560973
2018-1-10T13-49-19,1515588559290,0.82439023,-0.043902438,0.44660193,0.82439023
2018-1-10T13-49-19,1515588559291,0.85365856,-0.053658538,0.4854369,0.85365856
2018-1-10T13-49-19,1515588559292,0.8829268,-0.034146342,0.4854369,0.8829268
2018-1-10T13-49-19,1515588559293,0.8926829,0.06341463,0.4854369,0.8926829
2018-1-10T13-49-19,1515588559294,0.8829268,-0.004878049,0.42718446,0.8829268
2018-1-10T13-49-19,1515588559295,0.87317073,0.004878049,0.44660193,0.87317073
2018-1-10T13-49-19,1515588559296,0.84390247,0.004878049,0.4563107,0.84390247
2018-1-10T13-49-19,1515588559297,0.8341463,-0.004878049,0.47572815,0.8341463
2018-1-10T13-49-19,1515588559298,0.91219515,-0.024390243,0.44660193,0.91219515
2018-1-10T13-49-19,1515588559299,0.8829268,0.043902438,0.4368932,0.8829268
2018-1-10T13-49-19,1515588559300,0.87317073,0.004878049,0.407767,0.87317073
2018-1-10T13-49-19,1515588559301,0.87317073,0.043902438,0.407767,0.87317073
2018-1-10T13-49-19,1515588559302,0.8341463,0.024390243,0.4368932,0.8341463
2018-1-10T13-49-19,1515588559303,0.81463414,0.014634146,0.44660193,0.81463414
2018-1-10T13-49-19,1515588559304,0.82439023,0.004878049,0.4563107,0.82439023
2018-1-10T13-49-19,1515588559305,0.82439023,-0.034146342,0.44660193,0.82439023
2018-1-10T13-49-19,1515588559306,0.81463414,0.06341463,0.4368932,0.81463414
2018-1-10T13-49-19,1515588559307,0.8341463,-0.06341463,0.4368932,0.8341463
2018-1-10T13-49-19,1515588559308,0.84390247,-0.053658538,0.47572815,0.84390247
2018-1-10T13-49-19,1515588559309,0.84390247,-0.07317073,0.4563107,0.84390247
2018-1-10T13-49-19,1515588559310,0.84390247,-0.07317073,0.4368932,0.84390247
2018-1-10T13-49-19,1515588559311,0.82439023,-0.06341463,0.42718446,0.82439023
2018-1-10T13-49-19,1515588559312,0.91219515,-0.043902438,0.44660193,0.91219515
2018-1-10T13-49-19,1515588559313,0.8341463,-0.034146342,0.44660193,0.8341463
2018-1-10T13-49-19,1515588559314,0.86341465,-0.034146342,0.44660193,0.86341465
2018-1-10T13-49-19,1515588559315,0.79512197,-0.024390243,0.4368932,0.79512197
2018-1-10T13-49-19,1515588559316,0.87317073,-0.004878049,0.4563107,0.87317073
2018-1-10T13-49-19,1515588559317,0.87317073,0.06341463,0.46601942,0.87317073
2018-1-10T13-49-19,1515588559318,0.87317073,0.004878049,0.47572815,0.87317073
2018-1-10T13-49-19,1515588559319,0.81463414,-0.014634146,0.4563107,0.81463414
2018-1-10T13-49-19,1515588559320,0.82439023,0.004878049,0.4368932,0.82439023
2018-1-10T13-49-19,1515588559321,0.80487806,-0.014634146,0.46601942,0.80487806
2018-1-10T13-49-19,1515588559322,0.85365856,-0.034146342,0.44660193,0.85365856
2018-1-10T13-49-19,1515588559323,0.85365856,-0.014634146,0.44660193,0.85365856
2018-1-10T13-49-19,1515588559324,0.86341465,-0.004878049,0.4368932,0.86341465
2018-1-10T13-49-19,1515588559325,0.902439,0.014634146,0.46601942,0.902439
2018-1-10T13-49-19,1515588559326,0.85365856,0.024390243,0.44660193,0.85365856
2018-1-10T13-49-19,1515588559327,0.86341465,0.024390243,0.42718446,0.86341465
2018-1-10T13-49-19,1515588559328,0.8341463,0.014634146,0.4368932,0.8341463
2018-1-10T13-49-19,1515588559329,0.85365856,0.004878049,0.4563107,0.85365856
2018-1-10T13-49-19,1515588559330,0.84390247,-0.014634146,0.4368932,0.84390247
2018-1-10T13-49-19,1515588559331,0.87317073,-0.07317073,0.42718446,0.87317073
2018-1-10T13-49-19,1515588559332,0.8341463,-0.024390243,0.42718446,0.8341463
2018-1-10T13-49-19,1515588559333,0.86341465,0.004878049,0.42718446,0.86341465
2018-1-10T13-49-19,1515588559334,0.8341463,0.014634146,0.41747573,0.8341463
2018-1-10T13-49-19,1515588559335,0.82439023,-0.043902438,0.41747573,0.82439023
2018-1-10T13-49-19,1515588559336,0.80487806,-0.034146342,0.44660193,0.80487806
2018-1-10T13-49-19,1515588559337,0.76585364,-0.09268293,0.4368932,0.76585364
2018-1-10T13-49-19,1515588559338,0.79512197,-0.053658538,0.42718446,0.79512197
2018-1-10T13-49-19,1515588559339,0.81463414,-0.053658538,0.42718446,0.81463414
2018-1-10T13-49-19,1515588559340,0.82439023,-0.043902438,0.44660193,0.82439023
2018-1-10T13-49-19,1515588559341,0.84390247,-0.053658538,0.4368932,0.84390247
2018-1-10T13-49-19,1515588559342,0.8341463,-0.043902438,0.407767,0.8341463
2018-1-10T13-49-19,1515588559343,0.82439023,-0.043902438,0.4368932,0.82439023
2018-1-10T13-49-19,1515588559344,0.85365856,-0.053658538,0.47572815,0.85365856
2018-1-10T13-49-19,1515588559345,0.85365856,-0.08292683,0.57281554,0.85365856
2018-1-10T13-49-19,1515588559346,0.86341465,-0.043902438,0.4563107,0.86341465
2018-1-10T13-49-19,1515588559347,0.87317073,-0.024390243,0.4563107,0.87317073
2018-1-10T13-49-19,1515588559348,0.91219515,-0.014634146,0.47572815,0.91219515
2018-1-10T13-49-19,1515588559349,0.8926829,0.004878049,0.47572815,0.8926829
2018-1-10T13-49-19,1515588559350,0.8829268,0.014634146,0.4854369,0.8829268
2018-1-10T13-49-19,1515588559351,0.87317073,0.024390243,0.46601942,0.87317073
2018-1-10T13-49-19,1515588559352,0.85365856,0.004878049,0.4368932,0.85365856
2018-1-10T13-49-19,1515588559353,0.85365856,0.004878049,0.42718446,0.85365856
2018-1-10T13-49-19,1515588559354,0.82439023,-0.004878049,0.4368932,0.82439023
2018-1-10T13-49-19,1515588559355,0.81463414,-0.014634146,0.34951457,0.81463414
2018-1-10T13-49-19,1515588559356,0.80487806,-0.004878049,0.41747573,0.80487806
2018-1-10T13-49-19,1515588559357,0.80487806,0.07317073,0.4368932,0.80487806
2018-1-10T13-49-19,1515588559358,0.82439023,-0.034146342,0.44660193,0.82439023
2018-1-10T13-49-19,1515588559359,0.82439023,-0.034146342,0.47572815,0.82439023
2018-1-10T13-49-19,1515588559360,0.86341465,-0.07317073,0.46601942,0.86341465
2018-1-10T13-49-19,1515588559361,0.86341465,-0.043902438,0.42718446,0.86341465
2018-1-10T13-49-19,1515588559362,0.85365856,-0.043902438,0.41747573,0.85365856
2018-1-10T13-49-19,1515588559363,0.8341463,-0.043902438,0.4368932,0.8341463
2018-1-10T13-49-19,1515588559364,0.82439023,-0.08292683,0.46601942,0.82439023
2018-1-10T13-49-19,1515588559365,0.84390247,-0.053658538,0.42718446,0.84390247
2018-1-10T13-49-19,1515588559366,0.84390247,0.004878049,0.407767,0.84390247
2018-1-10T13-49-19,1515588559367,0.86341465,-0.024390243,0.42718446,0.86341465
2018-1-10T13-49-19,1515588559368,0.85365856,-0.014634146,0.47572815,0.85365856
2018-1-10T13-49-19,1515588559369,0.86341465,-0.024390243,0.46601942,0.86341465
2018-1-10T13-49-19,1515588559370,0.87317073,0.004878049,0.44660193,0.87317073
2018-1-10T13-49-19,1515588559371,0.85365856,-0.004878049,0.44660193,0.85365856
2018-1-10T13-49-19,1515588559372,0.86341465,0.004878049,0.4563107,0.86341465
2018-1-10T13-49-19,1515588559373,0.85365856,0.004878049,0.4854369,0.85365856
2018-1-10T13-49-19,1515588559374,0.86341465,-0.014634146,0.44660193,0.86341465
2018-1-10T13-49-19,1515588559375,0.82439023,-0.014634146,0.4368932,0.82439023
2018-1-10T13-49-19,1515588559376,0.84390247,-0.014634146,0.42718446,0.84390247
2018-1-10T13-49-19,1515588559377,0.82439023,-0.024390243,0.42718446,0.82439023
2018-1-10T13-49-19,1515588559378,0.8341463,-0.024390243,0.42718446,0.8341463
2018-1-10T13-49-19,1515588559379,0.80487806,-0.024390243,0.4368932,0.80487806
2018-1-10T13-49-19,1515588559380,0.85365856,-0.014634146,0.44660193,0.85365856
2018-1-10T13-49-19,1515588559381,0.84390247,-0.004878049,0.47572815,0.84390247
2018-1-10T13-49-19,1515588559382,0.86341465,-0.014634146,0.44660193,0.86341465
2018-1-10T13-49-19,1515588559383,0.9414634,-0.004878049,0.44660193,0.9414634
2018-1-10T13-49-19,1515588559384,0.85365856,-0.024390243,0.44660193,0.85365856
2018-1-10T13-49-19,1515588559385,0.84390247,-0.024390243,0.42718446,0.84390247
2018-1-10T13-49-19,1515588559386,0.86341465,-0.014634146,0.407767,0.86341465
2018-1-10T13-49-19,1515588559387,0.84390247,-0.034146342,0.44660193,0.84390247
2018-1-10T13-49-19,1515588559388,0.87317073,-0.024390243,0.4563107,0.87317073
2018-1-10T13-49-19,1515588559389,0.86341465,-0.024390243,0.4368932,0.86341465
2018-1-10T13-49-19,1515588559390,0.8829268,-0.024390243,0.41747573,0.8829268
2018-1-10T13-49-19,1515588559391,0.86341465,-0.024390243,0.3883495,0.86341465
2018-1-10T13-49-19,1515588559392,0.82439023,-0.034146342,0.4368932,0.82439023
2018-1-10T13-49-19,1515588559393,0.7853659,-0.053658538,0.4563107,0.7853659
2018-1-10T13-49-19,1515588559394,0.81463414,-0.08292683,0.4854369,0.81463414
2018-1-10T13-49-19,1515588559395,0.82439023,-0.06341463,0.42718446,0.82439023
2018-1-10T13-49-19,1515588559396,0.81463414,-0.06341463,0.42718446,0.81463414
2018-1-10T13-49-19,1515588559397,0.82439023,-0.053658538,0.44660193,0.82439023
2018-1-10T13-49-19,1515588559398,0.8341463,-0.053658538,0.5533981,0.8341463
2018-1-10T13-49-19,1515588559399,0.84390247,-0.024390243,0.44660193,0.84390247
2018-1-10T13-49-19,1515588559400,0.84390247,-0.034146342,0.4563107,0.84390247
2018-1-10T13-49-19,1515588559401,0.8341463,-0.014634146,0.4563107,0.8341463
2018-1-10T13-49-19,1515588559402,0.86341465,0.004878049,0.46601942,0.86341465
2018-1-10T13-49-19,1515588559403,0.8926829,0.014634146,0.4368932,0.8926829
2018-1-10T13-49-19,1515588559404,0.86341465,0.034146342,0.44660193,0.86341465
2018-1-10T13-49-19,1515588559405,0.86341465,0.024390243,0.41747573,0.86341465
2018-1-10T13-49-19,1515588559406,0.84390247,0.034146342,0.41747573,0.84390247
2018-1-10T13-49-19,1515588559407,0.82439023,0.004878049,0.4368932,0.82439023
2018-1-10T13-49-19,1515588559408,0.81463414,-0.004878049,0.4368932,0.81463414
2018-1-10T13-49-19,1515588559409,0.81463414,-0.014634146,0.44660193,0.81463414
2018-1-10T13-49-19,1515588559410,0.8341463,-0.034146342,0.4368932,0.8341463
2018-1-10T13-49-19,1515588559411,0.80487806,-0.043902438,0.46601942,0.80487806
2018-1-10T13-49-19,1515588559412,0.8829268,-0.043902438,0.52427185,0.8829268
2018-1-10T13-49-19,1515588559413,0.8926829,-0.024390243,0.4854369,0.8926829
2018-1-10T13-49-19,1515588559414,0.8926829,-0.024390243,0.46601942,0.8926829
2018-1-10T13-49-19,1515588559415,0.8829268,-0.014634146,0.46601942,0.8829268
2018-1-10T13-49-19,1515588559416,0.87317073,-0.014634146,0.4563107,0.87317073
2018-1-10T13-49-19,1515588559417,0.85365856,-0.014634146,0.41747573,0.85365856
2018-1-10T13-49-19,1515588559418,0.84390247,-0.014634146,0.42718446,0.84390247
2018-1-10T13-49-19,1515588559419,0.8341463,-0.014634146,0.44660193,0.8341463
2018-1-10T13-49-19,1515588559420,0.82439023,-0.024390243,0.44660193,0.82439023
2018-1-10T13-49-19,1515588559421,0.82439023,-0.034146342,0.407767,0.82439023
2018-1-10T13-49-19,1515588559422,0.75609756,-0.034146342,0.407767,0.75609756
2018-1-10T13-49-19,1515588559423,0.81463414,-0.053658538,0.44660193,0.81463414
2018-1-10T13-49-19,1515588559424,0.82439023,-0.06341463,0.4854369,0.82439023
2018-1-10T13-49-19,1515588559425,0.79512197,-0.053658538,0.42718446,0.79512197
2018-1-10T13-49-19,1515588559426,0.81463414,-0.053658538,0.41747573,0.81463414
2018-1-10T13-49-19,1515588559427,0.8341463,-0.034146342,0.4563107,0.8341463
2018-1-10T13-49-19,1515588559428,0.84390247,-0.034146342,0.4854369,0.84390247
2018-1-10T13-49-19,1515588559429,0.82439023,-0.024390243,0.46601942,0.82439023
2018-1-10T13-49-19,1515588559430,0.85365856,-0.014634146,0.41747573,0.85365856
2018-1-10T13-49-19,1515588559431,0.86341465,0.014634146,0.39805827,0.86341465
2018-1-10T13-49-19,1515588559432,0.82439023,0.024390243,0.42718446,0.82439023
2018-1-10T13-49-19,1515588559433,0.82439023,-0.014634146,0.4368932,0.82439023
2018-1-10T13-49-19,1515588559434,0.80487806,-0.034146342,0.44660193,0.80487806
2018-1-10T13-49-19,1515588559435,0.84390247,-0.024390243,0.46601942,0.84390247
2018-1-10T13-49-19,1515588559436,0.8829268,-0.034146342,0.47572815,0.8829268
2018-1-10T13-49-19,1515588559437,0.8926829,-0.014634146,0.4563107,0.8926829
2018-1-10T13-49-19,1515588559438,0.8926829,-0.14146341,0.44660193,0.8926829
2018-1-10T13-49-19,1515588559439,0.91219515,-0.004878049,0.46601942,0.91219515
2018-1-10T13-49-19,1515588559440,0.87317073,0.004878049,0.4368932,0.87317073
2018-1-10T13-49-19,1515588559441,0.85365856,0.004878049,0.44660193,0.85365856
2018-1-10T13-49-19,1515588559442,0.84390247,-0.004878049,0.44660193,0.84390247
2018-1-10T13-49-19,1515588559443,0.8926829,-0.024390243,0.44660193,0.8926829
2018-1-10T13-49-19,1515588559444,0.77560973,0.014634146,0.44660193,0.77560973
2018-1-10T13-49-19,1515588559445,0.8341463,-0.024390243,0.41747573,0.8341463
2018-1-10T13-49-19,1515588559446,0.79512197,-0.014634146,0.39805827,0.79512197
2018-1-10T13-49-19,1515588559447,0.80487806,-0.004878049,0.41747573,0.80487806
2018-1-10T13-49-19,1515588559448,0.81463414,0.043902438,0.44660193,0.81463414
2018-1-10T13-49-19,1515588559449,0.79512197,-0.07317073,0.4368932,0.79512197
2018-1-10T13-49-19,1515588559450,0.81463414,-0.06341463,0.4368932,0.81463414
2018-1-10T13-49-19,1515588559451,0.8341463,-0.06341463,0.44660193,0.8341463
2018-1-10T13-49-19,1515588559452,0.85365856,-0.043902438,0.4563107,0.85365856
2018-1-10T13-49-19,1515588559453,0.86341465,-0.043902438,0.42718446,0.86341465
2018-1-10T13-49-19,1515588559454,0.85365856,-0.024390243,0.39805827,0.85365856
2018-1-10T13-49-19,1515588559455,0.8341463,-0.053658538,0.407767,0.8341463
2018-1-10T13-49-19,1515588559456,0.82439023,-0.034146342,0.4368932,0.82439023
2018-1-10T13-49-19,1515588559457,0.8341463,-0.034146342,0.4563107,0.8341463
2018-1-10T13-49-19,1515588559458,0.86341465,-0.043902438,0.46601942,0.86341465
2018-1-10T13-49-19,1515588559459,0.8829268,-0.024390243,0.4854369,0.8829268
2018-1-10T13-49-19,1515588559460,0.902439,0.053658538,0.49514562,0.902439
2018-1-10T13-49-19,1515588559461,0.9414634,-0.014634146,0.46601942,0.9414634
2018-1-10T13-49-19,1515588559462,0.9512195,0.014634146,0.47572815,0.9512195
2018-1-10T13-49-19,1515588559463,0.87317073,0.014634146,0.4368932,0.87317073
2018-1-10T13-49-19,1515588559464,0.85365856,-0.004878049,0.42718446,0.85365856
2018-1-10T13-49-19,1515588559465,0.81463414,0.004878049,0.41747573,0.81463414
2018-1-10T13-49-19,1515588559466,0.7853659,-0.004878049,0.407767,0.7853659
2018-1-10T13-49-19,1515588559467,0.7853659,-0.024390243,0.41747573,0.7853659
2018-1-10T13-49-19,1515588559468,0.81463414,0.004878049,0.44660193,0.81463414
2018-1-10T13-49-19,1515588559469,0.85365856,-0.024390243,0.42718446,0.85365856
2018-1-10T13-49-19,1515588559470,0.86341465,-0.014634146,0.39805827,0.86341465
2018-1-10T13-49-19,1515588559471,0.87317073,-0.014634146,0.4563107,0.87317073
2018-1-10T13-49-19,1515588559472,0.74634147,-0.014634146,0.4563107,0.74634147
2018-1-10T13-49-19,1515588559473,0.7853659,-0.014634146,0.44660193,0.7853659
2018-1-10T13-49-19,1515588559474,0.85365856,-0.024390243,0.42718446,0.85365856
2018-1-10T13-49-19,1515588559475,0.85365856,-0.043902438,0.4854369,0.85365856
2018-1-10T13-49-19,1515588559476,0.85365856,-0.004878049,0.47572815,0.85365856
2018-1-10T13-49-19,1515588559477,0.87317073,-0.043902438,0.42718446,0.87317073
2018-1-10T13-49-19,1515588559478,0.86341465,-0.043902438,0.41747573,0.86341465
2018-1-10T13-49-19,1515588559479,0.84390247,-0.043902438,0.41747573,0.84390247
2018-1-10T13-49-19,1515588559480,0.82439023,-0.053658538,0.42718446,0.82439023
2018-1-10T13-49-19,1515588559481,0.81463414,-0.053658538,0.407767,0.81463414
2018-1-10T13-49-19,1515588559482,0.82439023,-0.043902438,0.4368932,0.82439023
2018-1-10T13-49-19,1515588559483,0.82439023,-0.06341463,0.4563107,0.82439023
2018-1-10T13-49-19,1515588559484,0.8341463,-0.06341463,0.44660193,0.8341463
2018-1-10T13-49-19,1515588559485,0.87317073,-0.043902438,0.44660193,0.87317073
2018-1-10T13-49-19,1515588559486,0.85365856,-0.034146342,0.44660193,0.85365856
2018-1-10T13-49-19,1515588559487,0.86341465,-0.024390243,0.46601942,0.86341465
2018-1-10T13-49-19,1515588559488,0.86341465,-0.014634146,0.4563107,0.86341465
2018-1-10T13-49-19,1515588559489,0.86341465,0.053658538,0.4563107,0.86341465
2018-1-10T13-49-19,1515588559490,0.86341465,0.014634146,0.4368932,0.86341465
2018-1-10T13-49-19,1515588559491,0.85365856,0.034146342,0.41747573,0.85365856
2018-1-10T13-49-19,1515588559492,0.8341463,0.004878049,0.42718446,0.8341463
2018-1-10T13-49-19,1515588559493,0.85365856,0.004878049,0.4368932,0.85365856
2018-1-10T13-49-19,1515588559494,0.80487806,-0.014634146,0.4368932,0.80487806
2018-1-10T13-49-19,1515588559495,0.80487806,-0.014634146,0.42718446,0.80487806
2018-1-10T13-49-19,1515588559496,0.8926829,0.004878049,0.39805827,0.8926829
2018-1-10T13-49-19,1515588559497,0.81463414,-0.024390243,0.407767,0.81463414
2018-1-10T13-49-19,1515588559498,0.8341463,-0.034146342,0.4368932,0.8341463
2018-1-10T13-49-19,1515588559499,0.86341465,-0.024390243,0.46601942,0.86341465
2018-1-10T13-49-19,1515588559500,0.86341465,-0.004878049,0.44660193,0.86341465
2018-1-10T13-49-19,1515588559501,0.7853659,-0.034146342,0.4368932,0.7853659
2018-1-10T13-49-19,1515588559502,0.85365856,-0.034146342,0.4368932,0.85365856
2018-1-10T13-49-19,1515588559503,0.85365856,-0.024390243,0.44660193,0.85365856
2018-1-10T13-49-19,1515588559504,0.8341463,-0.024390243,0.4854369,0.8341463
2018-1-10T13-49-19,1515588559505,0.8341463,-0.034146342,0.4368932,0.8341463
2018-1-10T13-49-19,1515588559506,0.84390247,-0.024390243,0.44660193,0.84390247
2018-1-10T13-49-19,1515588559507,0.85365856,-0.06341463,0.4368932,0.85365856
2018-1-10T13-49-19,1515588559508,0.8829268,-0.014634146,0.42718446,0.8829268
2018-1-10T13-49-19,1515588559509,0.86341465,-0.043902438,0.46601942,0.86341465
2018-1-10T13-49-19,1515588559510,0.8341463,-0.043902438,0.4854369,0.8341463
2018-1-10T13-49-19,1515588559511,0.84390247,-0.043902438,0.47572815,0.84390247
2018-1-10T13-49-19,1515588559512,0.85365856,-0.06341463,0.46601942,0.85365856
2018-1-10T13-49-19,1515588559513,0.8341463,-0.053658538,0.4368932,0.8341463
2018-1-10T13-49-19,1515588559514,0.82439023,-0.034146342,0.41747573,0.82439023
2018-1-10T13-49-19,1515588559515,0.82439023,-0.043902438,0.41747573,0.82439023
2018-1-10T13-49-19,1515588559516,0.82439023,-0.043902438,0.42718446,0.82439023
2018-1-10T13-49-19,1515588559517,0.82439023,-0.024390243,0.41747573,0.82439023
2018-1-10T13-49-19,1515588559518,0.82439023,-0.004878049,0.41747573,0.82439023
2018-1-10T13-49-19,1515588559519,0.8341463,0.004878049,0.4368932,0.8341463
2018-1-10T13-49-19,1515588559520,0.85365856,0.07317073,0.4563107,0.85365856
2018-1-10T13-49-19,1515588559521,0.85365856,0.024390243,0.4563107,0.85365856
2018-1-10T13-49-19,1515588559522,0.8829268,0.08292683,0.44660193,0.8829268
2018-1-10T13-49-19,1515588559523,0.8829268,0.004878049,0.44660193,0.8829268
2018-1-10T13-49-19,1515588559524,0.85365856,0.004878049,0.47572815,0.85365856
2018-1-10T13-49-19,1515588559525,0.85365856,-0.014634146,0.46601942,0.85365856
2018-1-10T13-49-19,1515588559526,0.8341463,-0.043902438,0.44660193,0.8341463
2018-1-10T13-49-19,1515588559527,0.81463414,-0.034146342,0.4368932,0.81463414
2018-1-10T13-49-19,1515588559528,0.82439023,-0.06341463,0.3883495,0.82439023
2018-1-10T13-49-19,1515588559529,0.79512197,-0.08292683,0.42718446,0.79512197
2018-1-10T13-49-19,1515588559530,0.80487806,-0.07317073,0.44660193,0.80487806
2018-1-10T13-49-19,1515588559531,0.82439023,-0.06341463,0.4563107,0.82439023
2018-1-10T13-49-19,1515588559532,0.82439023,-0.043902438,0.46601942,0.82439023
2018-1-10T13-49-19,1515588559533,0.87317073,-0.034146342,0.44660193,0.87317073
2018-1-10T13-49-19,1515588559534,0.87317073,-0.004878049,0.41747573,0.87317073
2018-1-10T13-49-19,1515588559535,0.87317073,0.004878049,0.4368932,0.87317073
2018-1-10T13-49-19,1515588559536,0.86341465,-0.014634146,0.4854369,0.86341465
2018-1-10T13-49-19,1515588559537,0.87317073,-0.024390243,0.46601942,0.87317073
2018-1-10T13-49-19,1515588559538,0.86341465,-0.014634146,0.4563107,0.86341465
2018-1-10T13-49-19,1515588559539,0.85365856,-0.004878049,0.4368932,0.85365856
2018-1-10T13-49-19,1515588559540,0.82439023,-0.5219512,0.4368932,0.82439023
2018-1-10T13-49-19,1515588559541,0.84390247,0.004878049,0.407767,0.84390247
2018-1-10T13-49-19,1515588559542,0.82439023,-0.004878049,0.4368932,0.82439023
2018-1-10T13-49-19,1515588559543,0.84390247,-0.034146342,0.4563107,0.84390247
2018-1-10T13-49-19,1515588559544,0.84390247,-0.053658538,0.47572815,0.84390247
2018-1-10T13-49-19,1515588559545,0.84390247,-0.053658538,0.4563107,0.84390247
2018-1-10T13-49-19,1515588559546,0.86341465,-0.034146342,0.46601942,0.86341465
2018-1-10T13-49-19,1515588559547,0.87317073,-0.024390243,0.4854369,0.87317073
2018-1-10T13-49-19,1515588559548,0.87317073,0.004878049,0.46601942,0.87317073
2018-1-10T13-49-19,1515588559549,0.84390247,-0.004878049,0.4368932,0.84390247
2018-1-10T13-49-19,1515588559550,0.80487806,-0.004878049,0.39805827,0.80487806
2018-1-10T13-49-19,1515588559551,0.76585364,-0.034146342,0.41747573,0.76585364
2018-1-10T13-49-19,1515588559552,0.7853659,-0.024390243,0.44660193,0.7853659
2018-1-10T13-49-19,1515588559553,0.7853659,-0.043902438,0.41747573,0.7853659
2018-1-10T13-49-19,1515588559554,0.84390247,-0.043902438,0.41747573,0.84390247
2018-1-10T13-49-19,1515588559555,0.8341463,-0.024390243,0.44660193,0.8341463
2018-1-10T13-49-19,1515588559556,0.8829268,-0.024390243,0.46601942,0.8829268
2018-1-10T13-49-19,1515588559557,0.8926829,-0.08292683,0.47572815,0.8926829
2018-1-10T13-49-19,1515588559558,0.902439,-0.07317073,0.4563107,0.902439
2018-1-10T13-49-19,1515588559559,0.8829268,-0.004878049,0.4563107,0.8829268
2018-1-10T13-49-19,1515588559560,0.82439023,-0.014634146,0.44660193,0.82439023
2018-1-10T13-49-19,1515588559561,0.84390247,-0.004878049,0.4368932,0.84390247
2018-1-10T13-49-19,1515588559562,0.82439023,-0.024390243,0.46601942,0.82439023
2018-1-10T13-49-19,1515588559563,0.8341463,-0.014634146,0.46601942,0.8341463
2018-1-10T13-49-19,1515588559564,0.8341463,-0.043902438,0.46601942,0.8341463
2018-1-10T13-49-19,1515588559565,0.85365856,-0.043902438,0.42718446,0.85365856
2018-1-10T13-49-19,1515588559566,0.84390247,0.014634146,0.4368932,0.84390247
2018-1-10T13-49-19,1515588559567,0.85365856,-0.043902438,0.4563107,0.85365856
2018-1-10T13-49-19,1515588559568,0.84390247,-0.014634146,0.44660193,0.84390247
2018-1-10T13-49-19,1515588559569,0.8341463,-0.024390243,0.44660193,0.8341463
2018-1-10T13-49-19,1515588559570,0.77560973,-0.043902438,0.4563107,0.77560973
2018-1-10T13-49-19,1515588559571,0.8341463,-0.024390243,0.44660193,0.8341463
2018-1-10T13-49-19,1515588559572,0.8341463,-0.034146342,0.4368932,0.8341463
2018-1-10T13-49-19,1515588559573,0.9317073,-0.024390243,0.42718446,0.9317073
2018-1-10T13-49-19,1515588559574,0.80487806,-0.014634146,0.41747573,0.80487806
2018-1-10T13-49-19,1515588559575,0.8341463,-0.014634146,0.4368932,0.8341463
2018-1-10T13-49-19,1515588559576,0.84390247,-0.014634146,0.4368932,0.84390247
2018-1-10T13-49-19,1515588559577,0.5121951,0.06341463,0.41747573,0.5121951
2018-1-10T13-49-19,1515588559578,0.84390247,-0.024390243,0.3883495,0.84390247
2018-1-10T13-49-19,1515588559579,0.81463414,-0.024390243,0.42718446,0.81463414
2018-1-10T13-49-19,1515588559580,0.84390247,-0.024390243,0.44660193,0.84390247
2018-1-10T13-49-19,1515588559581,0.84390247,-0.034146342,0.47572815,0.84390247
2018-1-10T13-49-19,1515588559582,0.86341465,-0.034146342,0.4563107,0.86341465
2018-1-10T13-49-19,1515588559583,0.86341465,0.043902438,0.42718446,0.86341465
2018-1-10T13-49-19,1515588559584,0.86341465,0.004878049,0.42718446,0.86341465
2018-1-10T13-49-19,1515588559585,0.86341465,0.004878049,0.4368932,0.86341465
2018-1-10T13-49-19,1515588559586,0.84390247,0.004878049,0.44660193,0.84390247
2018-1-10T13-49-19,1515588559587,0.82439023,-0.004878049,0.46601942,0.82439023
2018-1-10T13-49-19,1515588559588,0.8829268,-0.014634146,0.42718446,0.8829268
2018-1-10T13-49-19,1515588559589,0.85365856,-0.053658538,0.46601942,0.85365856
2018-1-10T13-49-19,1515588559590,0.86341465,-0.014634146,0.4368932,0.86341465
2018-1-10T13-49-19,1515588559591,0.85365856,-0.014634146,0.42718446,0.85365856
2018-1-10T13-49-19,1515588559592,0.85365856,-0.034146342,0.42718446,0.85365856
2018-1-10T13-49-19,1515588559593,0.82439023,-0.004878049,0.42718446,0.82439023
2018-1-10T13-49-19,1515588559594,0.82439023,0.004878049,0.42718446,0.82439023
2018-1-10T13-49-19,1515588559595,0.80487806,-0.024390243,0.44660193,0.80487806
2018-1-10T13-49-19,1515588559596,0.81463414,-0.034146342,0.41747573,0.81463414
2018-1-10T13-49-19,1515588559597,0.81463414,-0.024390243,0.41747573,0.81463414
2018-1-10T13-49-19,1515588559598,0.75609756,-0.053658538,0.44660193,0.75609756
2018-1-10T13-49-19,1515588559599,0.8341463,-0.043902438,0.4854369,0.8341463
2018-1-10T13-49-19,1515588559600,0.86341465,-0.06341463,0.47572815,0.86341465
2018-1-10T13-49-19,1515588559601,0.8829268,-0.034146342,0.4368932,0.8829268
2018-1-10T13-49-19,1515588559602,0.86341465,0.024390243,0.44660193,0.86341465
2018-1-10T13-49-19,1515588559603,0.86341465,-0.014634146,0.47572815,0.86341465
2018-1-10T13-49-19,1515588559604,0.902439,-0.034146342,0.47572815,0.902439
2018-1-10T13-49-19,1515588559605,0.84390247,-0.07317073,0.41747573,0.84390247
2018-1-10T13-49-19,1515588559606,0.81463414,-0.053658538,0.39805827,0.81463414
2018-1-10T13-49-19,1515588559607,0.80487806,-0.07317073,0.42718446,0.80487806
2018-1-10T13-49-19,1515588559608,0.79512197,-0.10243902,0.4368932,0.79512197
2018-1-10T13-49-19,1515588559609,0.77560973,-0.08292683,0.407767,0.77560973
2018-1-10T13-49-19,1515588559610,0.84390247,-0.034146342,0.46601942,0.84390247
2018-1-10T13-49-19,1515588559611,0.902439,-0.034146342,0.47572815,0.902439
2018-1-10T13-49-19,1515588559612,0.8829268,-0.004878049,0.47572815,0.8829268
2018-1-10T13-49-19,1515588559613,0.91219515,-0.024390243,0.44660193,0.91219515
2018-1-10T13-49-19,1515588559614,0.91219515,0.034146342,0.46601942,0.91219515
2018-1-10T13-49-19,1515588559615,0.902439,0.024390243,0.46601942,0.902439
2018-1-10T13-49-19,1515588559616,0.87317073,0.024390243,0.44660193,0.87317073
2018-1-10T13-49-19,1515588559617,0.82439023,0.004878049,0.41747573,0.82439023
2018-1-10T13-49-19,1515588559618,0.8341463,0.004878049,0.39805827,0.8341463
2018-1-10T13-49-19,1515588559619,0.8341463,0.004878049,0.4368932,0.8341463
2018-1-10T13-49-19,1515588559620,0.8341463,0.004878049,0.407767,0.8341463
2018-1-10T13-49-19,1515588559621,0.80487806,-0.014634146,0.42718446,0.80487806
2018-1-10T13-49-19,1515588559622,0.80487806,-0.034146342,0.44660193,0.80487806
2018-1-10T13-49-19,1515588559623,0.85365856,-0.034146342,0.42718446,0.85365856
2018-1-10T13-49-19,1515588559624,0.86341465,-0.004878049,0.4563107,0.86341465
2018-1-10T13-49-19,1515588559625,0.86341465,-0.034146342,0.4563107,0.86341465
2018-1-10T13-49-19,1515588559626,0.87317073,0.014634146,0.49514562,0.87317073
2018-1-10T13-49-19,1515588559627,0.8926829,0.014634146,0.47572815,0.8926829
2018-1-10T13-49-19,1515588559628,0.902439,0.014634146,0.44660193,0.902439
2018-1-10T13-49-19,1515588559629,0.87317073,-0.004878049,0.4368932,0.87317073
2018-1-10T13-49-19,1515588559630,0.86341465,-0.014634146,0.4368932,0.86341465
2018-1-10T13-49-19,1515588559631,0.82439023,0.034146342,0.47572815,0.82439023
2018-1-10T13-49-19,1515588559632,0.81463414,-0.014634146,0.42718446,0.81463414
2018-1-10T13-49-19,1515588559633,0.81463414,-0.043902438,0.41747573,0.81463414
2018-1-10T13-49-19,1515588559634,0.79512197,-0.043902438,0.4368932,0.79512197
2018-1-10T13-49-19,1515588559635,0.80487806,-0.053658538,0.4563107,0.80487806
2018-1-10T13-49-19,1515588559636,0.82439023,-0.07317073,0.44660193,0.82439023
2018-1-10T13-49-19,1515588559637,0.81463414,-0.11219512,0.4563107,0.81463414
2018-1-10T13-49-19,1515588559638,0.8341463,-0.09268293,0.42718446,0.8341463
2018-1-10T13-49-19,1515588559639,0.79512197,-0.08292683,0.4368932,0.79512197
2018-1-10T13-49-19,1515588559640,0.80487806,-0.08292683,0.42718446,0.80487806
2018-1-10T13-49-19,1515588559641,0.81463414,-0.06341463,0.4368932,0.81463414
2018-1-10T13-49-19,1515588559642,0.80487806,0.034146342,0.49514562,0.80487806
2018-1-10T13-49-19,1515588559643,0.8341463,-0.014634146,0.4563107,0.8341463
2018-1-10T13-49-19,1515588559644,0.8829268,0.004878049,0.47572815,0.8829268
2018-1-10T13-49-19,1515588559645,0.92195123,0.034146342,0.47572815,0.92195123
2018-1-10T13-49-19,1515588559646,0.92195123,0.043902438,0.4563107,0.92195123
2018-1-10T13-49-19,1515588559647,0.91219515,0.034146342,0.46601942,0.91219515
2018-1-10T13-49-19,1515588559648,0.8829268,0.034146342,0.47572815,0.8829268
2018-1-10T13-49-19,1515588559649,0.86341465,0.004878049,0.4368932,0.86341465
2018-1-10T13-49-19,1515588559650,0.81463414,-0.034146342,0.4368932,0.81463414
2018-1-10T13-49-19,1515588559651,0.79512197,-0.034146342,0.4368932,0.79512197
2018-1-10T13-49-19,1515588559652,0.7853659,-0.06341463,0.41747573,0.7853659
2018-1-10T13-49-19,1515588559653,0.79512197,-0.06341463,0.41747573,0.79512197
2018-1-10T13-49-19,1515588559654,0.81463414,-0.014634146,0.4368932,0.81463414
2018-1-10T13-49-19,1515588559655,0.80487806,0.004878049,0.4563107,0.80487806
2018-1-10T13-49-19,1515588559656,0.8341463,0.024390243,0.44660193,0.8341463
2018-1-10T13-49-19,1515588559657,0.8829268,0.024390243,0.44660193,0.8829268
2018-1-10T13-49-19,1515588559658,0.902439,0.024390243,0.46601942,0.902439
2018-1-10T13-49-19,1515588559659,0.8829268,0.004878049,0.4854369,0.8829268
2018-1-10T13-49-19,1515588559660,0.8829268,-0.034146342,0.46601942,0.8829268
2018-1-10T13-49-19,1515588559661,0.87317073,-0.043902438,0.44660193,0.87317073
2018-1-10T13-49-19,1515588559662,0.86341465,-0.043902438,0.4368932,0.86341465
2018-1-10T13-49-19,1515588559663,0.85365856,-0.053658538,0.4368932,0.85365856
2018-1-10T13-49-19,1515588559664,0.79512197,-0.043902438,0.407767,0.79512197
2018-1-10T13-49-19,1515588559665,0.76585364,-0.024390243,0.42718446,0.76585364
2018-1-10T13-49-19,1515588559666,0.8341463,-0.014634146,0.4563107,0.8341463
2018-1-10T13-49-19,1515588559667,0.85365856,-0.08292683,0.44660193,0.85365856
2018-1-10T13-49-19,1515588559668,0.8829268,0.004878049,0.46601942,0.8829268
2018-1-10T13-49-19,1515588559669,0.87317073,0.004878049,0.47572815,0.87317073
2018-1-10T13-49-19,1515588559670,0.91219515,0.004878049,0.4563107,0.91219515
2018-1-10T13-49-19,1515588559671,0.86341465,-0.053658538,0.4368932,0.86341465
2018-1-10T13-49-19,1515588559672,0.8341463,-0.024390243,0.4368932,0.8341463
2018-1-10T13-49-19,1515588559673,0.80487806,-0.08292683,0.4563107,0.80487806
2018-1-10T13-49-19,1515588559674,0.77560973,-0.07317073,0.4368932,0.77560973
2018-1-10T13-49-19,1515588559675,0.7853659,-0.09268293,0.407767,0.7853659
2018-1-10T13-49-19,1515588559676,0.77560973,-0.10243902,0.39805827,0.77560973
2018-1-10T13-49-19,1515588559677,0.79512197,-0.08292683,0.4563107,0.79512197
2018-1-10T13-49-19,1515588559678,0.81463414,-0.08292683,0.4854369,0.81463414
2018-1-10T13-49-19,1515588559679,0.86341465,-0.043902438,0.47572815,0.86341465
2018-1-10T13-49-19,1515588559680,0.86341465,-0.014634146,0.44660193,0.86341465
2018-1-10T13-49-19,1515588559681,0.91219515,0.014634146,0.44660193,0.91219515
2018-1-10T13-49-19,1515588559682,0.8926829,0.024390243,0.4563107,0.8926829
2018-1-10T13-49-19,1515588559683,0.8829268,0.024390243,0.46601942,0.8829268
2018-1-10T13-49-19,1515588559684,0.8829268,0.024390243,0.4563107,0.8829268
2018-1-10T13-49-19,1515588559685,0.87317073,0.043902438,0.46601942,0.87317073
2018-1-10T13-49-19,1515588559686,0.87317073,0.014634146,0.44660193,0.87317073
2018-1-10T13-49-19,1515588559687,0.85365856,-0.014634146,0.42718446,0.85365856
2018-1-10T13-49-19,1515588559688,0.8341463,0.004878049,0.39805827,0.8341463
2018-1-10T13-49-19,1515588559689,0.82439023,0.08292683,0.39805827,0.82439023
2018-1-10T13-49-19,1515588559690,0.81463414,-0.014634146,0.4368932,0.81463414
2018-1-10T13-49-19,1515588559691,0.82439023,-0.014634146,0.47572815,0.82439023
2018-1-10T13-49-19,1515588559692,0.82439023,-0.034146342,0.46601942,0.82439023
2018-1-10T13-49-19,1515588559693,0.8341463,-0.024390243,0.42718446,0.8341463
2018-1-10T13-49-19,1515588559694,0.84390247,0.004878049,0.407767,0.84390247
2018-1-10T13-49-19,1515588559695,0.82439023,-0.004878049,0.36893204,0.82439023
2018-1-10T13-49-19,1515588559696,0.82439023,-0.014634146,0.4368932,0.82439023
2018-1-10T13-49-19,1515588559697,0.82439023,-0.014634146,0.4368932,0.82439023
2018-1-10T13-49-19,1515588559698,0.84390247,0.053658538,0.42718446,0.84390247
2018-1-10T13-49-19,1515588559699,0.8341463,-0.024390243,0.42718446,0.8341463
2018-1-10T13-49-19,1515588559700,0.8341463,-0.034146342,0.42718446,0.8341463
2018-1-10T13-49-19,1515588559701,0.82439023,-0.024390243,0.5339806,0.82439023
2018-1-10T13-49-19,1515588559702,0.84390247,-0.09268293,0.47572815,0.84390247
2018-1-10T13-49-19,1515588559703,0.84390247,-0.053658538,0.4368932,0.84390247
2018-1-10T13-49-19,1515588559704,0.84390247,-0.08292683,0.42718446,0.84390247
2018-1-10T13-49-19,1515588559705,0.84390247,-0.07317073,0.42718446,0.84390247
2018-1-10T13-49-19,1515588559706,0.84390247,-0.06341463,0.4854369,0.84390247
2018-1-10T13-49-19,1515588559707,0.84390247,-0.053658538,0.46601942,0.84390247
2018-1-10T13-49-19,1515588559708,0.84390247,-0.053658538,0.44660193,0.84390247
2018-1-10T13-49-19,1515588559709,0.87317073,-0.014634146,0.44660193,0.87317073
2018-1-10T13-49-19,1515588559710,1.3317074,-0.014634146,0.4854369,1.3317074
2018-1-10T13-49-19,1515588559711,0.8829268,-0.024390243,0.46601942,0.8829268
2018-1-10T13-49-19,1515588559712,0.85365856,-0.024390243,0.44660193,0.85365856
2018-1-10T13-49-19,1515588559713,0.80487806,-0.024390243,0.39805827,0.80487806
2018-1-10T13-49-19,1515588559714,0.80487806,-0.024390243,0.4368932,0.80487806
2018-1-10T13-49-19,1515588559715,0.82439023,-0.024390243,0.4563107,0.82439023
2018-1-10T13-49-19,1515588559716,0.8341463,0.034146342,0.44660193,0.8341463
2018-1-10T13-49-19,1515588559717,0.85365856,-0.053658538,0.4368932,0.85365856
2018-1-10T13-49-19,1515588559718,0.87317073,0.034146342,0.4368932,0.87317073
2018-1-10T13-49-19,1515588559719,0.87317073,0.034146342,0.42718446,0.87317073
2018-1-10T13-49-19,1515588559720,0.85365856,0.043902438,0.42718446,0.85365856
2018-1-10T13-49-19,1515588559721,0.85365856,0.043902438,0.4368932,0.85365856
2018-1-10T13-49-19,1515588559722,0.85365856,0.014634146,0.4563107,0.85365856
2018-1-10T13-49-19,1515588559723,0.9317073,0.004878049,0.44660193,0.9317073
2018-1-10T13-49-19,1515588559724,0.84390247,0.004878049,0.41747573,0.84390247
2018-1-10T13-49-19,1515588559725,0.8341463,-0.024390243,0.4368932,0.8341463
2018-1-10T13-49-19,1515588559726,0.8341463,-0.034146342,0.44660193,0.8341463
2018-1-10T13-49-19,1515588559727,0.81463414,-0.043902438,0.44660193,0.81463414
2018-1-10T13-49-19,1515588559728,0.82439023,-0.07317073,0.42718446,0.82439023
2018-1-10T13-49-19,1515588559729,0.75609756,-0.06341463,0.44660193,0.75609756
2018-1-10T13-49-19,1515588559730,0.84390247,-0.043902438,0.4854369,0.84390247
2018-1-10T13-49-19,1515588559731,0.82439023,-0.06341463,0.4563107,0.82439023
2018-1-10T13-49-19,1515588559732,0.8829268,-0.034146342,0.44660193,0.8829268
2018-1-10T13-49-19,1515588559733,0.87317073,-0.10243902,0.46601942,0.87317073
2018-1-10T13-49-19,1515588559734,0.87317073,-0.024390243,0.4563107,0.87317073
2018-1-10T13-49-19,1515588559735,0.84390247,-0.06341463,0.4368932,0.84390247
2018-1-10T13-49-19,1515588559736,0.81463414,-0.06341463,0.41747573,0.81463414
2018-1-10T13-49-19,1515588559737,0.80487806,-0.06341463,0.42718446,0.80487806
2018-1-10T13-49-19,1515588559738,0.75609756,-0.06341463,0.4368932,0.75609756
2018-1-10T13-49-19,1515588559739,0.80487806,-0.10243902,0.44660193,0.80487806
2018-1-10T13-49-19,1515588559740,0.82439023,-0.043902438,0.41747573,0.82439023
2018-1-10T13-49-19,1515588559741,0.8341463,-0.014634146,0.4368932,0.8341463
2018-1-10T13-49-19,1515588559742,0.8829268,-0.06341463,0.46601942,0.8829268
2018-1-10T13-49-19,1515588559743,0.86341465,0.014634146,0.46601942,0.86341465
2018-1-10T13-49-19,1515588559744,0.87317073,0.014634146,0.4563107,0.87317073
2018-1-10T13-49-19,1515588559745,0.86341465,0.053658538,0.4563107,0.86341465
2018-1-10T13-49-19,1515588559746,0.84390247,0.034146342,0.47572815,0.84390247
2018-1-10T13-49-19,1515588559747,0.8926829,0.024390243,0.42718446,0.8926829
2018-1-10T13-49-19,1515588559748,0.84390247,0.014634146,0.407767,0.84390247
2018-1-10T13-49-19,1515588559749,0.8341463,0.014634146,0.41747573,0.8341463
2018-1-10T13-49-19,1515588559750,0.81463414,-0.004878049,0.46601942,0.81463414
2018-1-10T13-49-19,1515588559751,0.8341463,-0.014634146,0.44660193,0.8341463
2018-1-10T13-49-19,1515588559752,0.79512197,-0.014634146,0.42718446,0.79512197
2018-1-10T13-49-19,1515588559753,0.85365856,-0.014634146,0.44660193,0.85365856
2018-1-10T13-49-19,1515588559754,0.85365856,-0.024390243,0.46601942,0.85365856
2018-1-10T13-49-19,1515588559755,0.86341465,-0.034146342,0.44660193,0.86341465
2018-1-10T13-49-19,1515588559756,0.86341465,-0.043902438,0.42718446,0.86341465
2018-1-10T13-49-19,1515588559757,0.84390247,-0.034146342,0.3883495,0.84390247
2018-1-10T13-49-19,1515588559758,0.80487806,-0.053658538,0.46601942,0.80487806
2018-1-10T13-49-19,1515588559759,0.82439023,-0.07317073,0.4563107,0.82439023
2018-1-10T13-49-19,1515588559760,0.82439023,-0.07317073,0.44660193,0.82439023
2018-1-10T13-49-19,1515588559761,0.84390247,-0.08292683,0.42718446,0.84390247
2018-1-10T13-49-19,1515588559762,0.8341463,-0.06341463,0.407767,0.8341463
2018-1-10T13-49-19,1515588559763,0.85365856,-0.034146342,0.4368932,0.85365856
2018-1-10T13-49-19,1515588559764,0.84390247,-0.043902438,0.4563107,0.84390247
2018-1-10T13-49-19,1515588559765,0.82439023,-0.06341463,0.46601942,0.82439023
2018-1-10T13-49-19,1515588559766,0.8829268,-0.034146342,0.42718446,0.8829268
2018-1-10T13-49-19,1515588559767,0.8341463,-0.034146342,0.4368932,0.8341463
2018-1-10T13-49-19,1515588559768,0.8829268,-0.034146342,0.46601942,0.8829268
2018-1-10T13-49-19,1515588559769,0.84390247,-0.07317073,0.47572815,0.84390247
2018-1-10T13-49-19,1515588559770,0.85365856,-0.014634146,0.46601942,0.85365856
2018-1-10T13-49-19,1515588559771,0.86341465,-0.004878049,0.41747573,0.86341465
2018-1-10T13-49-19,1515588559772,0.8341463,0.004878049,0.407767,0.8341463
2018-1-10T13-49-19,1515588559773,0.7853659,0.014634146,0.4368932,0.7853659
2018-1-10T13-49-19,1515588559774,0.82439023,-0.004878049,0.4563107,0.82439023
2018-1-10T13-49-19,1515588559775,0.8341463,0.004878049,0.46601942,0.8341463
2018-1-10T13-49-19,1515588559776,0.85365856,0.034146342,0.42718446,0.85365856
2018-1-10T13-49-19,1515588559777,0.85365856,0.024390243,0.41747573,0.85365856
2018-1-10T13-49-19,1515588559778,0.84390247,0.014634146,0.42718446,0.84390247
2018-1-10T13-49-19,1515588559779,0.84390247,0.014634146,0.42718446,0.84390247
2018-1-10T13-49-19,1515588559780,0.8341463,0.024390243,0.44660193,0.8341463
2018-1-10T13-49-19,1515588559781,0.7853659,0.024390243,0.44660193,0.7853659
2018-1-10T13-49-19,1515588559782,0.84390247,-0.004878049,0.44660193,0.84390247
2018-1-10T13-49-19,1515588559783,0.86341465,-0.004878049,0.4368932,0.86341465
2018-1-10T13-49-19,1515588559784,0.86341465,-0.014634146,0.4563107,0.86341465
2018-1-10T13-49-19,1515588559785,0.85365856,-0.024390243,0.44660193,0.85365856
2018-1-10T13-49-19,1515588559786,0.86341465,-0.034146342,0.4563107,0.86341465
2018-1-10T13-49-19,1515588559787,0.86341465,-0.043902438,0.46601942,0.86341465
2018-1-10T13-49-19,1515588559788,0.85365856,-0.043902438,0.46601942,0.85365856
2018-1-10T13-49-19,1515588559789,0.85365856,-0.043902438,0.44660193,0.85365856
2018-1-10T13-49-19,1515588559790,0.8341463,-0.034146342,0.39805827,0.8341463
2018-1-10T13-49-19,1515588559791,0.82439023,-0.043902438,0.42718446,0.82439023
2018-1-10T13-49-19,1515588559792,0.79512197,-0.043902438,0.41747573,0.79512197
2018-1-10T13-49-19,1515588559793,0.80487806,-0.053658538,0.4854369,0.80487806
2018-1-10T13-49-19,1515588559794,0.79512197,-0.053658538,0.42718446,0.79512197
2018-1-10T13-49-19,1515588559795,0.79512197,-0.06341463,0.4368932,0.79512197
2018-1-10T13-49-19,1515588559796,0.79512197,-0.06341463,0.4563107,0.79512197
2018-1-10T13-49-19,1515588559797,0.82439023,-0.06341463,0.4368932,0.82439023
2018-1-10T13-49-19,1515588559798,0.85365856,-0.043902438,0.4563107,0.85365856
2018-1-10T13-49-19,1515588559799,0.87317073,-0.053658538,0.4854369,0.87317073
2018-1-10T13-49-19,1515588559800,0.91219515,-0.014634146,0.46601942,0.91219515
2018-1-10T13-49-19,1515588559801,0.87317073,-0.014634146,0.47572815,0.87317073
2018-1-10T13-49-19,1515588559802,0.8829268,-0.014634146,0.4854369,0.8829268
2018-1-10T13-49-19,1515588559803,0.8829268,0.014634146,0.4563107,0.8829268
2018-1-10T13-49-19,1515588559804,0.85365856,0.014634146,0.4368932,0.85365856
2018-1-10T13-49-19,1515588559805,0.84390247,0.004878049,0.4368932,0.84390247
2018-1-10T13-49-19,1515588559806,0.82439023,-0.004878049,0.4368932,0.82439023
2018-1-10T13-49-19,1515588559807,0.81463414,-0.024390243,0.41747573,0.81463414
2018-1-10T13-49-19,1515588559808,0.7853659,-0.034146342,0.407767,0.7853659
2018-1-10T13-49-19,1515588559809,0.79512197,-0.034146342,0.41747573,0.79512197
2018-1-10T13-49-19,1515588559810,0.80487806,-0.024390243,0.4563107,0.80487806
2018-1-10T13-49-19,1515588559811,0.81463414,-0.014634146,0.47572815,0.81463414
2018-1-10T13-49-19,1515588559812,0.84390247,-0.004878049,0.4563107,0.84390247
2018-1-10T13-49-19,1515588559813,0.87317073,-0.004878049,0.44660193,0.87317073
2018-1-10T13-49-19,1515588559814,0.8926829,-0.034146342,0.47572815,0.8926829
2018-1-10T13-49-19,1515588559815,0.8926829,0.014634146,0.47572815,0.8926829
2018-1-10T13-49-19,1515588559816,0.87317073,0.004878049,0.44660193,0.87317073
2018-1-10T13-49-19,1515588559817,0.8829268,-0.004878049,0.44660193,0.8829268
2018-1-10T13-49-19,1515588559818,0.85365856,-0.024390243,0.42718446,0.85365856
2018-1-10T13-49-19,1515588559819,0.85365856,-0.043902438,0.41747573,0.85365856
2018-1-10T13-49-19,1515588559820,0.82439023,-0.034146342,0.41747573,0.82439023
2018-1-10T13-49-19,1515588559821,0.81463414,-0.043902438,0.4368932,0.81463414
2018-1-10T13-49-19,1515588559822,0.81463414,-0.034146342,0.47572815,0.81463414
2018-1-10T13-49-19,1515588559823,0.82439023,-0.034146342,0.49514562,0.82439023
2018-1-10T13-49-19,1515588559824,0.87317073,-0.053658538,0.46601942,0.87317073
2018-1-10T13-49-19,1515588559825,0.8829268,-0.024390243,0.42718446,0.8829268
2018-1-10T13-49-19,1515588559826,0.85365856,0.014634146,0.4368932,0.85365856
2018-1-10T13-49-19,1515588559827,0.8926829,-0.004878049,0.49514562,0.8926829
2018-1-10T13-49-19,1515588559828,0.8341463,-0.024390243,0.4854369,0.8341463
2018-1-10T13-49-19,1515588559829,0.87317073,-0.024390243,0.42718446,0.87317073
2018-1-10T13-49-19,1515588559830,0.85365856,-0.024390243,0.39805827,0.85365856
2018-1-10T13-49-19,1515588559831,0.82439023,-0.034146342,0.3592233,0.82439023
2018-1-10T13-49-19,1515588559832,0.7853659,-0.004878049,0.4368932,0.7853659
2018-1-10T13-49-19,1515588559833,0.80487806,-0.053658538,0.407767,0.80487806
2018-1-10T13-49-19,1515588559834,0.81463414,-0.053658538,0.41747573,0.81463414
2018-1-10T13-49-19,1515588559835,0.81463414,-0.014634146,0.4368932,0.81463414
2018-1-10T13-49-19,1515588559836,0.84390247,-0.024390243,0.4563107,0.84390247
2018-1-10T13-49-19,1515588559837,0.85365856,-0.004878049,0.4854369,0.85365856
2018-1-10T13-49-19,1515588559838,0.8926829,0.004878049,0.49514562,0.8926829
2018-1-10T13-49-19,1515588559839,0.91219515,0.014634146,0.47572815,0.91219515
2018-1-10T13-49-19,1515588559840,0.9317073,0.004878049,0.46601942,0.9317073
2018-1-10T13-49-19,1515588559841,0.902439,-0.004878049,0.44660193,0.902439
2018-1-10T13-49-19,1515588559842,0.85365856,-0.024390243,0.4368932,0.85365856
2018-1-10T13-49-19,1515588559843,0.81463414,-0.043902438,0.41747573,0.81463414
2018-1-10T13-49-19,1515588559844,0.7853659,-0.043902438,0.42718446,0.7853659
2018-1-10T13-49-19,1515588559845,0.79512197,-0.053658538,0.42718446,0.79512197
2018-1-10T13-49-19,1515588559846,0.81463414,-0.024390243,0.4368932,0.81463414
2018-1-10T13-49-19,1515588559847,0.82439023,-0.024390243,0.42718446,0.82439023
2018-1-10T13-49-19,1515588559848,0.84390247,-0.004878049,0.4368932,0.84390247
2018-1-10T13-49-19,1515588559849,0.85365856,-0.004878049,0.46601942,0.85365856
2018-1-10T13-49-19,1515588559850,0.86341465,-0.014634146,0.4854369,0.86341465
2018-1-10T13-49-19,1515588559851,0.85365856,-0.004878049,0.5048544,0.85365856
2018-1-10T13-49-19,1515588559852,0.85365856,-0.014634146,0.4563107,0.85365856
2018-1-10T13-49-19,1515588559853,0.84390247,-0.014634146,0.4368932,0.84390247
2018-1-10T13-49-19,1515588559854,0.8341463,-0.034146342,0.5339806,0.8341463
2018-1-10T13-49-19,1515588559855,0.75609756,-0.014634146,0.41747573,0.75609756
2018-1-10T13-49-19,1515588559856,0.81463414,-0.024390243,0.407767,0.81463414
2018-1-10T13-49-19,1515588559857,0.82439023,-0.004878049,0.3883495,0.82439023
2018-1-10T13-49-19,1515588559858,0.82439023,-0.024390243,0.39805827,0.82439023
2018-1-10T13-49-19,1515588559859,0.82439023,-0.043902438,0.4854369,0.82439023
2018-1-10T13-49-19,1515588559860,0.85365856,-0.034146342,0.4854369,0.85365856
2018-1-10T13-49-19,1515588559861,0.87317073,-0.043902438,0.46601942,0.87317073
2018-1-10T13-49-19,1515588559862,0.8926829,-0.024390243,0.46601942,0.8926829
2018-1-10T13-49-19,1515588559863,0.86341465,-0.024390243,0.4563107,0.86341465
2018-1-10T13-49-19,1515588559864,0.77560973,-0.014634146,0.4368932,0.77560973
2018-1-10T13-49-19,1515588559865,0.85365856,-0.014634146,0.49514562,0.85365856
2018-1-10T13-49-19,1515588559866,0.8829268,-0.014634146,0.4563107,0.8829268
2018-1-10T13-49-19,1515588559867,0.84390247,-0.024390243,0.39805827,0.84390247
2018-1-10T13-49-19,1515588559868,0.84390247,0.07317073,0.407767,0.84390247
2018-1-10T13-49-19,1515588559869,0.8341463,-0.024390243,0.42718446,0.8341463
2018-1-10T13-49-19,1515588559870,0.8341463,-0.014634146,0.42718446,0.8341463
2018-1-10T13-49-19,1515588559871,0.8341463,-0.004878049,0.41747573,0.8341463
2018-1-10T13-49-19,1515588559872,0.80487806,-0.004878049,0.41747573,0.80487806
2018-1-10T13-49-19,1515588559873,0.81463414,-0.014634146,0.4563107,0.81463414
2018-1-10T13-49-19,1515588559874,0.84390247,-0.024390243,0.4563107,0.84390247
2018-1-10T13-49-19,1515588559875,0.84390247,-0.034146342,0.46601942,0.84390247
2018-1-10T13-49-19,1515588559876,0.87317073,-0.043902438,0.44660193,0.87317073
2018-1-10T13-49-19,1515588559877,0.86341465,-0.014634146,0.4854369,0.86341465
2018-1-10T13-49-19,1515588559878,0.8829268,-0.034146342,0.46601942,0.8829268
2018-1-10T13-49-19,1515588559879,0.87317073,-0.014634146,0.4368932,0.87317073
2018-1-10T13-49-19,1515588559880,0.84390247,-0.004878049,0.4563107,0.84390247
2018-1-10T13-49-19,1515588559881,0.86341465,-0.014634146,0.44660193,0.86341465
2018-1-10T13-49-19,1515588559882,0.8341463,-0.06341463,0.4563107,0.8341463
2018-1-10T13-49-19,1515588559883,0.8341463,-0.043902438,0.407767,0.8341463
2018-1-10T13-49-19,1515588559884,0.84390247,-0.034146342,0.41747573,0.84390247
2018-1-10T13-49-19,1515588559885,0.8341463,-0.024390243,0.44660193,0.8341463
2018-1-10T13-49-19,1515588559886,0.82439023,-0.024390243,0.4368932,0.82439023
2018-1-10T13-49-19,1515588559887,0.82439023,-0.024390243,0.42718446,0.82439023
2018-1-10T13-49-19,1515588559888,0.84390247,-0.034146342,0.44660193,0.84390247
2018-1-10T13-49-19,1515588559889,0.84390247,0.024390243,0.4368932,0.84390247
2018-1-10T13-49-19,1515588559890,0.8341463,-0.014634146,0.44660193,0.8341463
2018-1-10T13-49-19,1515588559891,0.75609756,-0.034146342,0.44660193,0.75609756
2018-1-10T13-49-19,1515588559892,0.84390247,-0.034146342,0.4368932,0.84390247
2018-1-10T13-49-19,1515588559893,0.84390247,-0.024390243,0.407767,0.84390247
2018-1-10T13-49-19,1515588559894,0.82439023,-0.024390243,0.4368932,0.82439023
2018-1-10T13-49-19,1515588559895,0.91219515,-0.024390243,0.4368932,0.91219515
2018-1-10T13-49-19,1515588559896,0.7853659,-0.034146342,0.47572815,0.7853659
2018-1-10T13-49-19,1515588559897,0.86341465,-0.043902438,0.4854369,0.86341465
2018-1-10T13-49-19,1515588559898,0.8829268,-0.024390243,0.44660193,0.8829268
2018-1-10T13-49-19,1515588559899,0.87317073,-0.014634146,0.42718446,0.87317073
2018-1-10T13-49-19,1515588559900,0.86341465,-0.043902438,0.46601942,0.86341465
2018-1-10T13-49-19,1515588559901,0.86341465,-0.004878049,0.46601942,0.86341465
2018-1-10T13-49-19,1515588559902,0.87317073,-0.06341463,0.4368932,0.87317073
2018-1-10T13-49-19,1515588559903,0.8341463,-0.034146342,0.42718446,0.8341463
2018-1-10T13-49-19,1515588559904,0.82439023,-0.043902438,0.4563107,0.82439023
2018-1-10T13-49-19,1515588559905,0.81463414,-0.053658538,0.44660193,0.81463414
2018-1-10T13-49-19,1515588559906,0.81463414,-0.024390243,0.4368932,0.81463414
2018-1-10T13-49-19,1515588559907,0.86341465,-0.024390243,0.46601942,0.86341465
2018-1-10T13-49-19,1515588559908,0.8829268,-0.024390243,0.47572815,0.8829268
2018-1-10T13-49-19,1515588559909,0.91219515,0.004878049,0.44660193,0.91219515
2018-1-10T13-49-19,1515588559910,0.87317073,0.004878049,0.44660193,0.87317073
2018-1-10T13-49-19,1515588559911,0.85365856,0.004878049,0.3883495,0.85365856
2018-1-10T13-49-19,1515588559912,0.85365856,0.014634146,0.42718446,0.85365856
2018-1-10T13-49-19,1515588559913,0.82439023,-0.004878049,0.42718446,0.82439023
2018-1-10T13-49-19,1515588559914,0.8341463,-0.034146342,0.4368932,0.8341463
2018-1-10T13-49-19,1515588559915,0.80487806,-0.004878049,0.44660193,0.80487806
2018-1-10T13-49-19,1515588559916,0.80487806,-0.053658538,0.4368932,0.80487806
2018-1-10T13-49-19,1515588559917,0.82439023,-0.014634146,0.3883495,0.82439023
2018-1-10T13-49-19,1515588559918,0.81463414,-0.034146342,0.41747573,0.81463414
2018-1-10T13-49-19,1515588559919,0.84390247,-0.014634146,0.42718446,0.84390247
2018-1-10T13-49-19,1515588559920,0.84390247,0.014634146,0.46601942,0.84390247
2018-1-10T13-49-19,1515588559921,0.8829268,0.034146342,0.4563107,0.8829268
2018-1-10T13-49-19,1515588559922,0.87317073,-0.014634146,0.4368932,0.87317073
2018-1-10T13-49-19,1515588559923,0.8926829,0.06341463,0.42718446,0.8926829
2018-1-10T13-49-19,1515588559924,0.85365856,-0.034146342,0.4368932,0.85365856
2018-1-10T13-49-19,1515588559925,0.8829268,-0.024390243,0.44660193,0.8829268
2018-1-10T13-49-19,1515588559926,0.82439023,-0.053658538,0.42718446,0.82439023
2018-1-10T13-49-19,1515588559927,0.80487806,-0.053658538,0.41747573,0.80487806
2018-1-10T13-49-19,1515588559928,0.86341465,-0.08292683,0.47572815,0.86341465
2018-1-10T13-49-19,1515588559929,0.80487806,-0.12195122,0.4854369,0.80487806
2018-1-10T13-49-19,1515588559930,0.85365856,-0.053658538,0.4854369,0.85365856
2018-1-10T13-49-19,1515588559931,0.85365856,-0.034146342,0.47572815,0.85365856
2018-1-10T13-49-19,1515588559932,0.91219515,-0.043902438,0.4854369,0.91219515
2018-1-10T13-49-19,1515588559933,0.92195123,-0.014634146,0.47572815,0.92195123
2018-1-10T13-49-19,1515588559934,0.902439,-0.024390243,0.4368932,0.902439
2018-1-10T13-49-19,1515588559935,0.86341465,-0.024390243,0.41747573,0.86341465
2018-1-10T13-49-19,1515588559936,0.82439023,-0.024390243,0.4563107,0.82439023
2018-1-10T13-49-19,1515588559937,0.81463414,-0.024390243,0.44660193,0.81463414
2018-1-10T13-49-19,1515588559938,0.81463414,-0.034146342,0.42718446,0.81463414
2018-1-10T13-49-19,1515588559939,0.80487806,-0.024390243,0.407767,0.80487806
2018-1-10T13-49-19,1515588559940,0.79512197,-0.024390243,0.37864077,0.79512197
2018-1-10T13-49-19,1515588559941,0.8341463,-0.014634146,0.44660193,0.8341463
2018-1-10T13-49-19,1515588559942,0.8341463,-0.014634146,0.4368932,0.8341463
2018-1-10T13-49-19,1515588559943,0.75609756,-0.004878049,0.44660193,0.75609756
2018-1-10T13-49-19,1515588559944,0.84390247,-0.004878049,0.46601942,0.84390247
2018-1-10T13-49-19,1515588559945,0.8341463,0.004878049,0.4854369,0.8341463
2018-1-10T13-49-19,1515588559946,0.8829268,0.004878049,0.4563107,0.8829268
2018-1-10T13-49-19,1515588559947,0.87317073,0.004878049,0.41747573,0.87317073
2018-1-10T13-49-19,1515588559948,0.86341465,0.043902438,0.42718446,0.86341465
2018-1-10T13-49-19,1515588559949,0.8829268,0.043902438,0.42718446,0.8829268
2018-1-10T13-49-19,1515588559950,0.85365856,0.024390243,0.42718446,0.85365856
2018-1-10T13-49-19,1515588559951,0.8341463,0.06341463,0.41747573,0.8341463
2018-1-10T13-49-19,1515588559952,0.82439023,-0.014634146,0.44660193,0.82439023
2018-1-10T13-49-19,1515588559953,0.84390247,-0.043902438,0.44660193,0.84390247
2018-1-10T13-49-19,1515588559954,0.84390247,-0.053658538,0.4563107,0.84390247
2018-1-10T13-49-19,1515588559955,0.8341463,-0.06341463,0.44660193,0.8341463
2018-1-10T13-49-19,1515588559956,0.82439023,-0.07317073,0.44660193,0.82439023
2018-1-10T13-49-19,1515588559957,0.81463414,-0.09268293,0.4368932,0.81463414
2018-1-10T13-49-19,1515588559958,0.82439023,-0.09268293,0.4368932,0.82439023
2018-1-10T13-49-19,1515588559959,0.79512197,-0.034146342,0.42718446,0.79512197
2018-1-10T13-49-19,1515588559960,0.81463414,-0.07317073,0.42718446,0.81463414
2018-1-10T13-49-19,1515588559961,0.82439023,-0.043902438,0.42718446,0.82439023
2018-1-10T13-49-19,1515588559962,0.86341465,-0.024390243,0.4563107,0.86341465
2018-1-10T13-49-19,1515588559963,0.902439,0.08292683,0.4854369,0.902439
2018-1-10T13-49-19,1515588559964,0.92195123,-0.004878049,0.47572815,0.92195123
2018-1-10T13-49-19,1515588559965,0.902439,0.004878049,0.44660193,0.902439
2018-1-10T13-49-19,1515588559966,0.902439,0.004878049,0.4563107,0.902439
2018-1-10T13-49-19,1515588559967,0.87317073,0.043902438,0.46601942,0.87317073
2018-1-10T13-49-19,1515588559968,0.85365856,-0.014634146,0.5145631,0.85365856
2018-1-10T13-49-19,1515588559969,0.80487806,-0.024390243,0.46601942,0.80487806
2018-1-10T13-49-19,1515588559970,0.82439023,-0.034146342,0.4368932,0.82439023
2018-1-10T13-49-19,1515588559971,0.82439023,-0.024390243,0.4368932,0.82439023
2018-1-10T13-49-19,1515588559972,0.82439023,-0.014634146,0.44660193,0.82439023
2018-1-10T13-49-19,1515588559973,0.8341463,0.014634146,0.4368932,0.8341463
2018-1-10T13-49-19,1515588559974,0.8341463,0.034146342,0.4368932,0.8341463
2018-1-10T13-49-19,1515588559975,0.84390247,0.024390243,0.41747573,0.84390247
2018-1-10T13-49-19,1515588559976,0.85365856,0.024390243,0.4368932,0.85365856
2018-1-10T13-49-19,1515588559977,0.84390247,0.034146342,0.44660193,0.84390247
2018-1-10T13-49-19,1515588559978,0.85365856,0.034146342,0.42718446,0.85365856
2018-1-10T13-49-19,1515588559979,0.84390247,0.014634146,0.4368932,0.84390247
2018-1-10T13-49-19,1515588559980,0.8341463,0.004878049,0.42718446,0.8341463
2018-1-10T13-49-19,1515588559981,0.8341463,-0.014634146,0.42718446,0.8341463
2018-1-10T13-49-19,1515588559982,0.82439023,-0.10243902,0.4368932,0.82439023
2018-1-10T13-49-19,1515588559983,0.81463414,-0.053658538,0.4368932,0.81463414
2018-1-10T13-49-19,1515588559984,0.82439023,-0.043902438,0.44660193,0.82439023
2018-1-10T13-49-19,1515588559985,0.84390247,-0.07317073,0.46601942,0.84390247
2018-1-10T13-49-19,1515588559986,0.85365856,-0.06341463,0.46601942,0.85365856
2018-1-10T13-49-19,1515588559987,0.87317073,-0.09268293,0.46601942,0.87317073
2018-1-10T13-49-19,1515588559988,0.87317073,-0.08292683,0.4563107,0.87317073
2018-1-10T13-49-19,1515588559989,0.86341465,-0.08292683,0.46601942,0.86341465
2018-1-10T13-49-19,1515588559990,0.84390247,-0.08292683,0.4563107,0.84390247
2018-1-10T13-49-19,1515588559991,0.8341463,-0.053658538,0.4563107,0.8341463
2018-1-10T13-49-19,1515588559992,0.84390247,-0.034146342,0.42718446,0.84390247
2018-1-10T13-49-19,1515588559993,0.84390247,-0.024390243,0.42718446,0.84390247
2018-1-10T13-49-19,1515588559994,0.85365856,-0.014634146,0.42718446,0.85365856
2018-1-10T13-49-19,1515588559995,0.85365856,0.004878049,0.44660193,0.85365856
2018-1-10T13-49-19,1515588559996,0.86341465,0.004878049,0.4563107,0.86341465
2018-1-10T13-49-19,1515588559997,0.85365856,0.014634146,0.4854369,0.85365856
2018-1-10T13-49-19,1515588559998,0.84390247,0.014634146,0.44660193,0.84390247
2018-1-10T13-49-19,1515588559999,0.84390247,0.014634146,0.4368932,0.84390247
2018-1-10T13-49-20,1515588560000,0.8341463,0.004878049,0.4368932,0.8341463
2018-1-10T13-49-20,1515588560001,0.86341465,0.014634146,0.42718446,0.86341465
2018-1-10T13-49-20,1515588560002,0.8341463,0.014634146,0.42718446,0.8341463
2018-1-10T13-49-20,1515588560003,0.8341463,-0.004878049,0.5533981,0.8341463
2018-1-10T13-49-20,1515588560004,0.84390247,-0.043902438,0.4563107,0.84390247
2018-1-10T13-49-20,1515588560005,0.84390247,-0.034146342,0.4368932,0.84390247
2018-1-10T13-49-20,1515588560006,0.86341465,-0.024390243,0.42718446,0.86341465
2018-1-10T13-49-20,1515588560007,0.84390247,-0.024390243,0.42718446,0.84390247
2018-1-10T13-49-20,1515588560008,0.8341463,-0.004878049,0.44660193,0.8341463
2018-1-10T13-49-20,1515588560009,0.8341463,-0.014634146,0.4563107,0.8341463
2018-1-10T13-49-20,1515588560010,0.84390247,-0.034146342,0.4563107,0.84390247
2018-1-10T13-49-20,1515588560011,0.84390247,-0.053658538,0.44660193,0.84390247
2018-1-10T13-49-20,1515588560012,0.86341465,-0.053658538,0.44660193,0.86341465
2018-1-10T13-49-20,1515588560013,0.85365856,-0.043902438,0.44660193,0.85365856
2018-1-10T13-49-20,1515588560014,0.84390247,-0.034146342,0.4563107,0.84390247
2018-1-10T13-49-20,1515588560015,0.86341465,-0.014634146,0.46601942,0.86341465
2018-1-10T13-49-20,1515588560016,0.9317073,-0.034146342,0.47572815,0.9317073
2018-1-10T13-49-20,1515588560017,0.87317073,-0.043902438,0.42718446,0.87317073
2018-1-10T13-49-20,1515588560018,0.85365856,-0.17073171,0.41747573,0.85365856
2018-1-10T13-49-20,1515588560019,0.84390247,-0.034146342,0.41747573,0.84390247
2018-1-10T13-49-20,1515588560020,0.84390247,-0.024390243,0.44660193,0.84390247
2018-1-10T13-49-20,1515588560021,0.82439023,-0.004878049,0.46601942,0.82439023
2018-1-10T13-49-20,1515588560022,0.8341463,-0.053658538,0.4563107,0.8341463
2018-1-10T13-49-20,1515588560023,0.84390247,-0.043902438,0.42718446,0.84390247
2018-1-10T13-49-20,1515588560024,0.8341463,0.004878049,0.407767,0.8341463
2018-1-10T13-49-20,1515588560025,0.80487806,-0.014634146,0.407767,0.80487806
2018-1-10T13-49-20,1515588560026,0.82439023,-0.004878049,0.4368932,0.82439023
2018-1-10T13-49-20,1515588560027,0.82439023,-0.014634146,0.46601942,0.82439023
2018-1-10T13-49-20,1515588560028,0.84390247,-0.004878049,0.4563107,0.84390247
2018-1-10T13-49-20,1515588560029,0.8829268,-0.024390243,0.44660193,0.8829268
2018-1-10T13-49-20,1515588560030,0.85365856,-0.004878049,0.44660193,0.85365856
2018-1-10T13-49-20,1515588560031,0.8341463,-0.014634146,0.44660193,0.8341463
2018-1-10T13-49-20,1515588560032,0.85365856,0.004878049,0.4854369,0.85365856
2018-1-10T13-49-20,1515588560033,0.8829268,0.024390243,0.44660193,0.8829268
2018-1-10T13-49-20,1515588560034,0.87317073,0.004878049,0.47572815,0.87317073
2018-1-10T13-49-20,1515588560035,0.8341463,-0.004878049,0.4368932,0.8341463
2018-1-10T13-49-20,1515588560036,0.85365856,-0.014634146,0.42718446,0.85365856
2018-1-10T13-49-20,1515588560037,0.82439023,-0.034146342,0.44660193,0.82439023
2018-1-10T13-49-20,1515588560038,0.8341463,-0.053658538,0.47572815,0.8341463
2018-1-10T13-49-20,1515588560039,0.84390247,-0.08292683,0.46601942,0.84390247
2018-1-10T13-49-20,1515588560040,0.9512195,-0.06341463,0.4563107,0.9512195
2018-1-10T13-49-20,1515588560041,0.87317073,-0.043902438,0.4368932,0.87317073
2018-1-10T13-49-20,1515588560042,0.84390247,-0.034146342,0.42718446,0.84390247
2018-1-10T13-49-20,1515588560043,0.8341463,-0.034146342,0.39805827,0.8341463
2018-1-10T13-49-20,1515588560044,0.82439023,-0.024390243,0.41747573,0.82439023
2018-1-10T13-49-20,1515588560045,0.81463414,-0.024390243,0.42718446,0.81463414
2018-1-10T13-49-20,1515588560046,0.80487806,-0.08292683,0.42718446,0.80487806
2018-1-10T13-49-20,1515588560047,0.8341463,-0.034146342,0.44660193,0.8341463
2018-1-10T13-49-20,1515588560048,0.85365856,-0.034146342,0.47572815,0.85365856
2018-1-10T13-49-20,1515588560049,0.87317073,-0.043902438,0.44660193,0.87317073
2018-1-10T13-49-20,1515588560050,0.85365856,-0.014634146,0.407767,0.85365856
2018-1-10T13-49-20,1515588560051,0.8341463,-0.004878049,0.41747573,0.8341463
2018-1-10T13-49-20,1515588560052,0.8341463,-0.014634146,0.46601942,0.8341463
2018-1-10T13-49-20,1515588560053,0.87317073,-0.053658538,0.46601942,0.87317073
2018-1-10T13-49-20,1515588560054,0.82439023,-0.024390243,0.4368932,0.82439023
2018-1-10T13-49-20,1515588560055,0.85365856,-0.014634146,0.407767,0.85365856
2018-1-10T13-49-20,1515588560056,0.87317073,-0.024390243,0.47572815,0.87317073
2018-1-10T13-49-20,1515588560057,0.8829268,-0.024390243,0.4854369,0.8829268
2018-1-10T13-49-20,1515588560058,0.8829268,0.004878049,0.4368932,0.8829268
2018-1-10T13-49-20,1515588560059,0.8829268,0.014634146,0.4368932,0.8829268
2018-1-10T13-49-20,1515588560060,0.87317073,0.004878049,0.407767,0.87317073
2018-1-10T13-49-20,1515588560061,0.8341463,-0.004878049,0.4563107,0.8341463
2018-1-10T13-49-20,1515588560062,0.82439023,-0.024390243,0.44660193,0.82439023
2018-1-10T13-49-20,1515588560063,0.84390247,-0.034146342,0.42718446,0.84390247
2018-1-10T13-49-20,1515588560064,0.8341463,-0.014634146,0.4368932,0.8341463
2018-1-10T13-49-20,1515588560065,0.85365856,-0.024390243,0.42718446,0.85365856
2018-1-10T13-49-20,1515588560066,0.8341463,-0.004878049,0.4368932,0.8341463
2018-1-10T13-49-20,1515588560067,0.8341463,-0.004878049,0.4563107,0.8341463
2018-1-10T13-49-20,1515588560068,0.84390247,-0.004878049,0.42718446,0.84390247
2018-1-10T13-49-20,1515588560069,0.84390247,-0.004878049,0.4368932,0.84390247
2018-1-10T13-49-20,1515588560070,0.84390247,-0.034146342,0.4368932,0.84390247
2018-1-10T13-49-20,1515588560071,0.85365856,-0.034146342,0.4563107,0.85365856
2018-1-10T13-49-20,1515588560072,0.85365856,-0.053658538,0.44660193,0.85365856
2018-1-10T13-49-20,1515588560073,0.8341463,-0.053658538,0.41747573,0.8341463
2018-1-10T13-49-20,1515588560074,0.8341463,-0.053658538,0.42718446,0.8341463
2018-1-10T13-49-20,1515588560075,0.82439023,-0.053658538,0.42718446,0.82439023
2018-1-10T13-49-20,1515588560076,0.8341463,-0.024390243,0.47572815,0.8341463
2018-1-10T13-49-20,1515588560077,0.85365856,-0.014634146,0.47572815,0.85365856
2018-1-10T13-49-20,1515588560078,0.8829268,-0.024390243,0.47572815,0.8829268
2018-1-10T13-49-20,1515588560079,0.8829268,-0.034146342,0.49514562,0.8829268
2018-1-10T13-49-20,1515588560080,0.902439,-0.034146342,0.49514562,0.902439
2018-1-10T13-49-20,1515588560081,0.902439,-0.06341463,0.44660193,0.902439
2018-1-10T13-49-20,1515588560082,0.8341463,-0.024390243,0.41747573,0.8341463
2018-1-10T13-49-20,1515588560083,0.81463414,0.034146342,0.42718446,0.81463414
2018-1-10T13-49-20,1515588560084,0.7853659,-0.034146342,0.41747573,0.7853659
2018-1-10T13-49-20,1515588560085,0.77560973,-0.053658538,0.39805827,0.77560973
2018-1-10T13-49-20,1515588560086,0.7853659,-0.024390243,0.407767,0.7853659
2018-1-10T13-49-20,1515588560087,0.81463414,-0.024390243,0.42718446,0.81463414
2018-1-10T13-49-20,1515588560088,0.84390247,-0.004878049,0.44660193,0.84390247
2018-1-10T13-49-20,1515588560089,0.85365856,0.014634146,0.44660193,0.85365856
2018-1-10T13-49-20,1515588560090,0.8926829,0.014634146,0.4563107,0.8926829
2018-1-10T13-49-20,1515588560091,0.8926829,0.014634146,0.46601942,0.8926829
2018-1-10T13-49-20,1515588560092,0.87317073,-0.004878049,0.4563107,0.87317073
2018-1-10T13-49-20,1515588560093,0.85365856,-0.004878049,0.44660193,0.85365856
2018-1-10T13-49-20,1515588560094,0.84390247,-0.014634146,0.44660193,0.84390247
2018-1-10T13-49-20,1515588560095,0.8341463,-0.024390243,0.44660193,0.8341463
2018-1-10T13-49-20,1515588560096,0.82439023,-0.034146342,0.4563107,0.82439023
2018-1-10T13-49-20,1515588560097,0.8341463,-0.08292683,0.44660193,0.8341463
2018-1-10T13-49-20,1515588560098,0.84390247,-0.043902438,0.44660193,0.84390247
2018-1-10T13-49-20,1515588560099,0.84390247,-0.024390243,0.4563107,0.84390247
2018-1-10T13-49-20,1515588560100,0.87317073,-0.004878049,0.4368932,0.87317073
2018-1-10T13-49-20,1515588560101,0.87317073,-0.004878049,0.4854369,0.87317073
2018-1-10T13-49-20,1515588560102,0.9317073,-0.004878049,0.49514562,0.9317073
2018-1-10T13-49-20,1515588560103,0.87317073,-0.004878049,0.47572815,0.87317073
2018-1-10T13-49-20,1515588560104,0.86341465,-0.014634146,0.4368932,0.86341465
2018-1-10T13-49-20,1515588560105,0.85365856,-0.034146342,0.42718446,0.85365856
2018-1-10T13-49-20,1515588560106,0.8341463,-0.034146342,0.46601942,0.8341463
2018-1-10T13-49-20,1515588560107,0.85365856,-0.043902438,0.4368932,0.85365856
2018-1-10T13-49-20,1515588560108,0.81463414,-0.034146342,0.41747573,0.81463414
2018-1-10T13-49-20,1515588560109,0.80487806,-0.043902438,0.39805827,0.80487806
2018-1-10T13-49-20,1515588560110,0.77560973,-0.053658538,0.39805827,0.77560973
2018-1-10T13-49-20,1515588560111,0.81463414,-0.053658538,0.44660193,0.81463414
2018-1-10T13-49-20,1515588560112,0.81463414,-0.053658538,0.46601942,0.81463414
2018-1-10T13-49-20,1515588560113,0.85365856,-0.043902438,0.46601942,0.85365856
2018-1-10T13-49-20,1515588560114,0.8829268,-0.024390243,0.46601942,0.8829268
2018-1-10T13-49-20,1515588560115,0.902439,-0.014634146,0.49514562,0.902439
2018-1-10T13-49-20,1515588560116,0.92195123,0.034146342,0.47572815,0.92195123
2018-1-10T13-49-20,1515588560117,0.91219515,0.024390243,0.4368932,0.91219515
2018-1-10T13-49-20,1515588560118,0.8926829,0.053658538,0.4368932,0.8926829
2018-1-10T13-49-20,1515588560119,0.86341465,0.014634146,0.4368932,0.86341465
2018-1-10T13-49-20,1515588560120,0.84390247,-0.014634146,0.41747573,0.84390247
2018-1-10T13-49-20,1515588560121,0.80487806,-0.034146342,0.41747573,0.80487806
2018-1-10T13-49-20,1515588560122,0.7853659,-0.053658538,0.41747573,0.7853659
2018-1-10T13-49-20,1515588560123,0.79512197,-0.053658538,0.41747573,0.79512197
2018-1-10T13-49-20,1515588560124,0.82439023,-0.64878047,0.4368932,0.82439023
2018-1-10T13-49-20,1515588560125,0.81463414,-0.043902438,0.44660193,0.81463414
2018-1-10T13-49-20,1515588560126,0.85365856,-0.07317073,0.4563107,0.85365856
2018-1-10T13-49-20,1515588560127,0.85365856,-0.034146342,0.49514562,0.85365856
2018-1-10T13-49-20,1515588560128,0.902439,0.004878049,0.44660193,0.902439
2018-1-10T13-49-20,1515588560129,0.902439,0.014634146,0.4368932,0.902439
2018-1-10T13-49-20,1515588560130,0.8926829,0.043902438,0.4368932,0.8926829
2018-1-10T13-49-20,1515588560131,0.86341465,0.024390243,0.4368932,0.86341465
2018-1-10T13-49-20,1515588560132,0.84390247,0.024390243,0.4368932,0.84390247
2018-1-10T13-49-20,1515588560133,0.82439023,-0.004878049,0.4368932,0.82439023
2018-1-10T13-49-20,1515588560134,0.85365856,-0.034146342,0.52427185,0.85365856
2018-1-10T13-49-20,1515588560135,0.8341463,-0.034146342,0.41747573,0.8341463
2018-1-10T13-49-20,1515588560136,0.8341463,-0.024390243,0.42718446,0.8341463
2018-1-10T13-49-20,1515588560137,0.8341463,-0.034146342,0.44660193,0.8341463
2018-1-10T13-49-20,1515588560138,0.8341463,-0.06341463,0.4563107,0.8341463
2018-1-10T13-49-20,1515588560139,0.84390247,-0.034146342,0.47572815,0.84390247
2018-1-10T13-49-20,1515588560140,0.84390247,-0.043902438,0.4854369,0.84390247
2018-1-10T13-49-20,1515588560141,0.85365856,-0.034146342,0.46601942,0.85365856
2018-1-10T13-49-20,1515588560142,0.85365856,-0.034146342,0.42718446,0.85365856
2018-1-10T13-49-20,1515588560143,0.86341465,-0.014634146,0.41747573,0.86341465
2018-1-10T13-49-20,1515588560144,0.85365856,-0.014634146,0.407767,0.85365856
2018-1-10T13-49-20,1515588560145,0.8341463,-0.08292683,0.407767,0.8341463
2018-1-10T13-49-20,1515588560146,0.80487806,-0.053658538,0.407767,0.80487806
2018-1-10T13-49-20,1515588560147,0.80487806,-0.06341463,0.41747573,0.80487806
2018-1-10T13-49-20,1515588560148,0.85365856,-0.053658538,0.4563107,0.85365856
2018-1-10T13-49-20,1515588560149,0.82439023,-0.07317073,0.5339806,0.82439023
2018-1-10T13-49-20,1515588560150,0.86341465,-0.024390243,0.46601942,0.86341465
2018-1-10T13-49-20,1515588560151,0.902439,-0.004878049,0.46601942,0.902439
2018-1-10T13-49-20,1515588560152,0.91219515,-0.004878049,0.4563107,0.91219515
2018-1-10T13-49-20,1515588560153,0.902439,-0.004878049,0.4563107,0.902439
2018-1-10T13-49-20,1515588560154,0.86341465,-0.004878049,0.4368932,0.86341465
2018-1-10T13-49-20,1515588560155,0.8341463,-0.004878049,0.4368932,0.8341463
2018-1-10T13-49-20,1515588560156,0.81463414,-0.024390243,0.44660193,0.81463414
2018-1-10T13-49-20,1515588560157,0.80487806,-0.034146342,0.42718446,0.80487806
2018-1-10T13-49-20,1515588560158,0.82439023,-0.024390243,0.4368932,0.82439023
2018-1-10T13-49-20,1515588560159,0.84390247,-0.004878049,0.42718446,0.84390247
2018-1-10T13-49-20,1515588560160,0.87317073,0.004878049,0.44660193,0.87317073
2018-1-10T13-49-20,1515588560161,0.85365856,0.004878049,0.47572815,0.85365856
2018-1-10T13-49-20,1515588560162,0.8829268,0.024390243,0.46601942,0.8829268
2018-1-10T13-49-20,1515588560163,0.87317073,0.004878049,0.4368932,0.87317073
2018-1-10T13-49-20,1515588560164,0.84390247,0.014634146,0.407767,0.84390247
2018-1-10T13-49-20,1515588560165,0.79512197,0.034146342,0.41747573,0.79512197
2018-1-10T13-49-20,1515588560166,0.81463414,-0.014634146,0.4563107,0.81463414
2018-1-10T13-49-20,1515588560167,0.80487806,0.004878049,0.44660193,0.80487806
2018-1-10T13-49-20,1515588560168,0.8341463,-0.004878049,0.42718446,0.8341463
2018-1-10T13-49-20,1515588560169,0.8341463,-0.014634146,0.42718446,0.8341463
2018-1-10T13-49-20,1515588560170,0.85365856,-0.024390243,0.41747573,0.85365856
2018-1-10T13-49-20,1515588560171,0.84390247,-0.034146342,0.4563107,0.84390247
2018-1-10T13-49-20,1515588560172,0.85365856,-0.034146342,0.44660193,0.85365856
2018-1-10T13-49-20,1515588560173,0.85365856,-0.043902438,0.44660193,0.85365856
2018-1-10T13-49-20,1515588560174,0.8341463,-0.06341463,0.42718446,0.8341463
2018-1-10T13-49-20,1515588560175,0.81463414,-0.07317073,0.46601942,0.81463414
2018-1-10T13-49-20,1515588560176,0.8341463,-0.08292683,0.47572815,0.8341463
2018-1-10T13-49-20,1515588560177,0.82439023,-0.08292683,0.49514562,0.82439023
2018-1-10T13-49-20,1515588560178,0.84390247,-0.09268293,0.44660193,0.84390247
2018-1-10T13-49-20,1515588560179,0.86341465,-0.06341463,0.41747573,0.86341465
2018-1-10T13-49-20,1515588560180,0.87317073,-0.043902438,0.47572815,0.87317073
2018-1-10T13-49-20,1515588560181,0.8829268,-0.014634146,0.4563107,0.8829268
2018-1-10T13-49-20,1515588560182,0.8829268,-0.004878049,0.44660193,0.8829268
2018-1-10T13-49-20,1515588560183,0.87317073,0.004878049,0.5048544,0.87317073
2018-1-10T13-49-20,1515588560184,0.87317073,-0.014634146,0.4563107,0.87317073
2018-1-10T13-49-20,1515588560185,0.75609756,-0.024390243,0.46601942,0.75609756
2018-1-10T13-49-20,1515588560186,0.8341463,-0.034146342,0.44660193,0.8341463
2018-1-10T13-49-20,1515588560187,0.82439023,-0.053658538,0.41747573,0.82439023
2018-1-10T13-49-20,1515588560188,0.80487806,-0.053658538,0.39805827,0.80487806
2018-1-10T13-49-20,1515588560189,0.77560973,-0.034146342,0.41747573,0.77560973
2018-1-10T13-49-20,1515588560190,0.7853659,-0.053658538,0.4368932,0.7853659
2018-1-10T13-49-20,1515588560191,0.80487806,-0.024390243,0.4368932,0.80487806
2018-1-10T13-49-20,1515588560192,0.8341463,0.034146342,0.44660193,0.8341463
2018-1-10T13-49-20,1515588560193,0.902439,0.014634146,0.4563107,0.902439
2018-1-10T13-49-20,1515588560194,0.8926829,0.024390243,0.49514562,0.8926829
2018-1-10T13-49-20,1515588560195,0.9317073,0.053658538,0.4563107,0.9317073
2018-1-10T13-49-20,1515588560196,0.92195123,0.053658538,0.4563107,0.92195123
2018-1-10T13-49-20,1515588560197,0.91219515,0.053658538,0.4563107,0.91219515
2018-1-10T13-49-20,1515588560198,0.8926829,0.034146342,0.44660193,0.8926829
2018-1-10T13-49-20,1515588560199,0.85365856,0.004878049,0.42718446,0.85365856
2018-1-10T13-49-20,1515588560200,0.82439023,-0.014634146,0.3883495,0.82439023
2018-1-10T13-49-20,1515588560201,0.77560973,-0.053658538,0.42718446,0.77560973
2018-1-10T13-49-20,1515588560202,0.79512197,-0.06341463,0.4368932,0.79512197
2018-1-10T13-49-20,1515588560203,0.81463414,-0.07317073,0.4563107,0.81463414
2018-1-10T13-49-20,1515588560204,0.85365856,-0.07317073,0.46601942,0.85365856
2018-1-10T13-49-20,1515588560205,0.84390247,-0.06341463,0.44660193,0.84390247
2018-1-10T13-49-20,1515588560206,0.85365856,0.014634146,0.42718446,0.85365856
2018-1-10T13-49-20,1515588560207,0.86341465,-0.034146342,0.44660193,0.86341465
2018-1-10T13-49-20,1515588560208,0.86341465,-0.034146342,0.44660193,0.86341465
2018-1-10T13-49-20,1515588560209,0.84390247,-0.053658538,0.44660193,0.84390247
2018-1-10T13-49-20,1515588560210,0.85365856,-0.053658538,0.42718446,0.85365856
2018-1-10T13-49-20,1515588560211,0.85365856,-0.043902438,0.4368932,0.85365856
2018-1-10T13-49-20,1515588560212,0.81463414,-0.06341463,0.42718446,0.81463414
2018-1-10T13-49-20,1515588560213,0.84390247,-0.043902438,0.41747573,0.84390247
2018-1-10T13-49-20,1515588560214,0.82439023,-0.034146342,0.4368932,0.82439023
2018-1-10T13-49-20,1515588560215,0.8341463,-0.014634146,0.4368932,0.8341463
2018-1-10T13-49-20,1515588560216,0.84390247,-0.034146342,0.44660193,0.84390247
2018-1-10T13-49-20,1515588560217,0.85365856,-0.053658538,0.47572815,0.85365856
2018-1-10T13-49-20,1515588560218,0.9609756,-0.004878049,0.49514562,0.9609756
2018-1-10T13-49-20,1515588560219,0.902439,0.004878049,0.46601942,0.902439
2018-1-10T13-49-20,1515588560220,0.8829268,0.004878049,0.5436893,0.8829268
2018-1-10T13-49-20,1515588560221,0.8829268,0.014634146,0.4563107,0.8829268
2018-1-10T13-49-20,1515588560222,0.87317073,0.014634146,0.4368932,0.87317073
2018-1-10T13-49-20,1515588560223,0.8341463,-0.014634146,0.4368932,0.8341463
2018-1-10T13-49-20,1515588560224,0.85365856,0.024390243,0.42718446,0.85365856
2018-1-10T13-49-20,1515588560225,0.82439023,0.014634146,0.41747573,0.82439023
2018-1-10T13-49-20,1515588560226,0.82439023,0.004878049,0.41747573,0.82439023
2018-1-10T13-49-20,1515588560227,0.8341463,0.004878049,0.4368932,0.8341463
2018-1-10T13-49-20,1515588560228,0.84390247,-0.034146342,0.44660193,0.84390247
2018-1-10T13-49-20,1515588560229,0.79512197,-0.024390243,0.41747573,0.79512197
2018-1-10T13-49-20,1515588560230,0.84390247,-0.004878049,0.4563107,0.84390247
2018-1-10T13-49-20,1515588560231,0.82439023,-0.014634146,0.44660193,0.82439023
2018-1-10T13-49-20,1515588560232,0.84390247,-0.034146342,0.4368932,0.84390247
2018-1-10T13-49-20,1515588560233,0.81463414,-0.024390243,0.41747573,0.81463414
2018-1-10T13-49-20,1515588560234,0.81463414,-0.024390243,0.41747573,0.81463414
2018-1-10T13-49-20,1515588560235,0.81463414,-0.07317073,0.407767,0.81463414
2018-1-10T13-49-20,1515588560236,0.81463414,-0.053658538,0.39805827,0.81463414
2018-1-10T13-49-20,1515588560237,0.81463414,-0.09268293,0.4368932,0.81463414
2018-1-10T13-49-20,1515588560238,0.81463414,-0.10243902,0.47572815,0.81463414
2018-1-10T13-49-20,1515588560239,0.8341463,-0.11219512,0.5145631,0.8341463
2018-1-10T13-49-20,1515588560240,0.87317073,-0.09268293,0.49514562,0.87317073
2018-1-10T13-49-20,1515588560241,0.8926829,-0.06341463,0.46601942,0.8926829
2018-1-10T13-49-20,1515588560242,0.97073174,-0.004878049,0.4563107,0.97073174
2018-1-10T13-49-20,1515588560243,0.8926829,-0.004878049,0.46601942,0.8926829
2018-1-10T13-49-20,1515588560244,0.85365856,0.004878049,0.4368932,0.85365856
2018-1-10T13-49-20,1515588560245,1.3414634,0.014634146,0.4368932,1.3414634
2018-1-10T13-49-20,1515588560246,0.85365856,-0.004878049,0.4563107,0.85365856
2018-1-10T13-49-20,1515588560247,0.85365856,-0.004878049,0.46601942,0.85365856
2018-1-10T13-49-20,1515588560248,0.85365856,0.014634146,0.407767,0.85365856
2018-1-10T13-49-20,1515588560249,0.82439023,0.024390243,0.39805827,0.82439023
2018-1-10T13-49-20,1515588560250,0.8341463,0.024390243,0.4368932,0.8341463
2018-1-10T13-49-20,1515588560251,0.81463414,0.004878049,0.4563107,0.81463414
2018-1-10T13-49-20,1515588560252,0.80487806,-0.014634146,0.46601942,0.80487806
2018-1-10T13-49-20,1515588560253,0.8341463,-0.024390243,0.407767,0.8341463
2018-1-10T13-49-20,1515588560254,0.84390247,0.004878049,0.44660193,0.84390247
2018-1-10T13-49-20,1515588560255,0.84390247,0.09268293,0.4368932,0.84390247
2018-1-10T13-49-20,1515588560256,0.85365856,-0.004878049,0.4563107,0.85365856
2018-1-10T13-49-20,1515588560257,0.87317073,-0.014634146,0.44660193,0.87317073
2018-1-10T13-49-20,1515588560258,0.85365856,0.034146342,0.44660193,0.85365856
2018-1-10T13-49-20,1515588560259,0.85365856,0.004878049,0.407767,0.85365856
2018-1-10T13-49-20,1515588560260,0.84390247,-0.004878049,0.41747573,0.84390247
2018-1-10T13-49-20,1515588560261,0.82439023,-0.043902438,0.4368932,0.82439023
2018-1-10T13-49-20,1515588560262,0.85365856,-0.07317073,0.4563107,0.85365856
2018-1-10T13-49-20,1515588560263,0.85365856,-0.08292683,0.4563107,0.85365856
2018-1-10T13-49-20,1515588560264,0.81463414,-0.09268293,0.42718446,0.81463414
2018-1-10T13-49-20,1515588560265,0.8341463,-0.09268293,0.41747573,0.8341463
2018-1-10T13-49-20,1515588560266,0.84390247,-0.08292683,0.46601942,0.84390247
2018-1-10T13-49-20,1515588560267,0.85365856,-0.043902438,0.49514562,0.85365856
2018-1-10T13-49-20,1515588560268,0.86341465,-0.024390243,0.4368932,0.86341465
2018-1-10T13-49-20,1515588560269,0.8829268,0.014634146,0.42718446,0.8829268
2018-1-10T13-49-20,1515588560270,0.8829268,0.014634146,0.4563107,0.8829268
2018-1-10T13-49-20,1515588560271,0.8926829,0.014634146,0.47572815,0.8926829
2018-1-10T13-49-20,1515588560272,0.87317073,0.014634146,0.4368932,0.87317073
2018-1-10T13-49-20,1515588560273,0.84390247,-0.014634146,0.41747573,0.84390247
2018-1-10T13-49-20,1515588560274,0.82439023,-0.024390243,0.39805827,0.82439023
2018-1-10T13-49-20,1515588560275,0.79512197,-0.034146342,0.41747573,0.79512197
2018-1-10T13-49-20,1515588560276,0.77560973,-0.043902438,0.41747573,0.77560973
2018-1-10T13-49-20,1515588560277,0.80487806,-0.024390243,0.41747573,0.80487806
2018-1-10T13-49-20,1515588560278,0.81463414,-0.034146342,0.4563107,0.81463414
2018-1-10T13-49-20,1515588560279,0.84390247,-0.004878049,0.44660193,0.84390247
2018-1-10T13-49-20,1515588560280,0.85365856,-0.004878049,0.4368932,0.85365856
2018-1-10T13-49-20,1515588560281,0.85365856,-0.014634146,0.46601942,0.85365856
2018-1-10T13-49-20,1515588560282,0.87317073,-0.014634146,0.47572815,0.87317073
2018-1-10T13-49-20,1515588560283,0.8829268,-0.024390243,0.46601942,0.8829268
2018-1-10T13-49-20,1515588560284,0.87317073,-0.004878049,0.44660193,0.87317073
2018-1-10T13-49-20,1515588560285,0.86341465,-0.004878049,0.42718446,0.86341465
2018-1-10T13-49-20,1515588560286,0.86341465,-0.024390243,0.41747573,0.86341465
2018-1-10T13-49-20,1515588560287,0.84390247,-0.014634146,0.5048544,0.84390247
2018-1-10T13-49-20,1515588560288,0.85365856,-0.043902438,0.41747573,0.85365856
2018-1-10T13-49-20,1515588560289,0.84390247,-0.034146342,0.44660193,0.84390247
2018-1-10T13-49-20,1515588560290,0.86341465,-0.043902438,0.47572815,0.86341465
2018-1-10T13-49-20,1515588560291,0.84390247,-0.024390243,0.44660193,0.84390247
2018-1-10T13-49-20,1515588560292,0.86341465,-0.034146342,0.4563107,0.86341465
2018-1-10T13-49-20,1515588560293,0.8341463,-0.043902438,0.4563107,0.8341463
2018-1-10T13-49-20,1515588560294,0.85365856,-0.043902438,0.46601942,0.85365856
2018-1-10T13-49-20,1515588560295,0.8341463,-0.034146342,0.42718446,0.8341463
2018-1-10T13-49-20,1515588560296,0.79512197,-0.034146342,0.407767,0.79512197
2018-1-10T13-49-20,1515588560297,0.79512197,-0.034146342,0.407767,0.79512197
2018-1-10T13-49-20,1515588560298,0.80487806,-0.034146342,0.42718446,0.80487806
2018-1-10T13-49-20,1515588560299,0.79512197,-0.024390243,0.44660193,0.79512197
2018-1-10T13-49-20,1515588560300,0.82439023,-0.014634146,0.42718446,0.82439023
2018-1-10T13-49-20,1515588560301,0.86341465,0.004878049,0.4368932,0.86341465
2018-1-10T13-49-20,1515588560302,0.8829268,0.014634146,0.44660193,0.8829268
2018-1-10T13-49-20,1515588560303,0.8926829,0.024390243,0.4563107,0.8926829
2018-1-10T13-49-20,1515588560304,0.87317073,0.034146342,0.47572815,0.87317073
2018-1-10T13-49-20,1515588560305,0.87317073,-0.004878049,0.44660193,0.87317073
2018-1-10T13-49-20,1515588560306,0.86341465,-0.024390243,0.4563107,0.86341465
2018-1-10T13-49-20,1515588560307,0.84390247,0.004878049,0.42718446,0.84390247
2018-1-10T13-49-20,1515588560308,0.8341463,-0.034146342,0.42718446,0.8341463
2018-1-10T13-49-20,1515588560309,0.82439023,-0.06341463,0.46601942,0.82439023
2018-1-10T13-49-20,1515588560310,0.8341463,-0.07317073,0.46601942,0.8341463
2018-1-10T13-49-20,1515588560311,0.84390247,-0.053658538,0.41747573,0.84390247
2018-1-10T13-49-20,1515588560312,0.8926829,-0.06341463,0.407767,0.8926829
2018-1-10T13-49-20,1515588560313,0.902439,-0.043902438,0.44660193,0.902439
2018-1-10T13-49-20,1515588560314,0.85365856,-0.06341463,0.4563107,0.85365856
2018-1-10T13-49-20,1515588560315,0.8341463,-0.06341463,0.47572815,0.8341463
2018-1-10T13-49-20,1515588560316,0.84390247,-0.053658538,0.44660193,0.84390247
2018-1-10T13-49-20,1515588560317,0.85365856,-0.043902438,0.44660193,0.85365856
2018-1-10T13-49-20,1515588560318,0.8341463,-0.014634146,0.46601942,0.8341463
2018-1-10T13-49-20,1515588560319,0.86341465,-0.004878049,0.42718446,0.86341465
2018-1-10T13-49-20,1515588560320,0.86341465,0.014634146,0.41747573,0.86341465
2018-1-10T13-49-20,1515588560321,0.87317073,0.024390243,0.41747573,0.87317073
2018-1-10T13-49-20,1515588560322,0.85365856,0.024390243,0.4368932,0.85365856
2018-1-10T13-49-20,1515588560323,0.82439023,0.024390243,0.4563107,0.82439023
2018-1-10T13-49-20,1515588560324,0.84390247,0.014634146,0.4368932,0.84390247
2018-1-10T13-49-20,1515588560325,0.84390247,-0.014634146,0.4563107,0.84390247
2018-1-10T13-49-20,1515588560326,0.81463414,-0.043902438,0.46601942,0.81463414
2018-1-10T13-49-20,1515588560327,0.84390247,-0.06341463,0.44660193,0.84390247
2018-1-10T13-49-20,1515588560328,0.8341463,0.014634146,0.44660193,0.8341463
2018-1-10T13-49-20,1515588560329,0.82439023,0.004878049,0.42718446,0.82439023
2018-1-10T13-49-20,1515588560330,0.84390247,-0.004878049,0.4368932,0.84390247
2018-1-10T13-49-20,1515588560331,0.84390247,-0.053658538,0.4563107,0.84390247
2018-1-10T13-49-20,1515588560332,0.86341465,0.014634146,0.5048544,0.86341465
2018-1-10T13-49-20,1515588560333,0.902439,0.004878049,0.4563107,0.902439
2018-1-10T13-49-20,1515588560334,0.8926829,-0.06341463,0.4563107,0.8926829
2018-1-10T13-49-20,1515588560335,0.8926829,-0.014634146,0.4563107,0.8926829
2018-1-10T13-49-20,1515588560336,0.8926829,-0.024390243,0.4563107,0.8926829
2018-1-10T13-49-20,1515588560337,0.85365856,-0.034146342,0.42718446,0.85365856
2018-1-10T13-49-20,1515588560338,0.81463414,-0.043902438,0.42718446,0.81463414
2018-1-10T13-49-20,1515588560339,0.82439023,-0.043902438,0.42718446,0.82439023
2018-1-10T13-49-20,1515588560340,0.81463414,-0.034146342,0.41747573,0.81463414
2018-1-10T13-49-20,1515588560341,0.80487806,-0.10243902,0.42718446,0.80487806
2018-1-10T13-49-20,1515588560342,0.82439023,-0.06341463,0.4368932,0.82439023
2018-1-10T13-49-20,1515588560343,0.82439023,-0.06341463,0.4368932,0.82439023
2018-1-10T13-49-20,1515588560344,0.8341463,-0.024390243,0.44660193,0.8341463
2018-1-10T13-49-20,1515588560345,0.8341463,-0.053658538,0.4368932,0.8341463
2018-1-10T13-49-20,1515588560346,0.82439023,-0.053658538,0.42718446,0.82439023
2018-1-10T13-49-20,1515588560347,0.84390247,-0.053658538,0.44660193,0.84390247
2018-1-10T13-49-20,1515588560348,0.85365856,-0.024390243,0.4563107,0.85365856
2018-1-10T13-49-20,1515588560349,0.85365856,-0.004878049,0.4563107,0.85365856
2018-1-10T13-49-20,1515588560350,0.86341465,-0.014634146,0.4563107,0.86341465
2018-1-10T13-49-20,1515588560351,0.8829268,-0.014634146,0.41747573,0.8829268
2018-1-10T13-49-20,1515588560352,0.87317073,-0.024390243,0.4854369,0.87317073
2018-1-10T13-49-20,1515588560353,0.85365856,-0.014634146,0.3883495,0.85365856
2018-1-10T13-49-20,1515588560354,0.84390247,-0.014634146,0.41747573,0.84390247
2018-1-10T13-49-20,1515588560355,0.82439023,-0.014634146,0.4368932,0.82439023
2018-1-10T13-49-20,1515588560356,0.8341463,-0.06341463,0.4563107,0.8341463
2018-1-10T13-49-20,1515588560357,0.81463414,-0.043902438,0.44660193,0.81463414
2018-1-10T13-49-20,1515588560358,0.8341463,-0.053658538,0.44660193,0.8341463
2018-1-10T13-49-20,1515588560359,0.85365856,0.004878049,0.4368932,0.85365856
2018-1-10T13-49-20,1515588560360,0.85365856,-0.004878049,0.407767,0.85365856
2018-1-10T13-49-20,1515588560361,0.85365856,0.014634146,0.42718446,0.85365856
2018-1-10T13-49-20,1515588560362,0.81463414,0.004878049,0.4368932,0.81463414
2018-1-10T13-49-20,1515588560363,0.84390247,0.034146342,0.4368932,0.84390247
2018-1-10T13-49-20,1515588560364,0.81463414,0.004878049,0.41747573,0.81463414
2018-1-10T13-49-20,1515588560365,0.82439023,0.024390243,0.42718446,0.82439023
2018-1-10T13-49-20,1515588560366,0.82439023,-0.024390243,0.44660193,0.82439023
2018-1-10T13-49-20,1515588560367,0.8341463,-0.034146342,0.44660193,0.8341463
2018-1-10T13-49-20,1515588560368,0.82439023,-0.043902438,0.4368932,0.82439023
2018-1-10T13-49-20,1515588560369,0.85365856,-0.043902438,0.42718446,0.85365856
2018-1-10T13-49-20,1515588560370,0.82439023,-0.043902438,0.46601942,0.82439023
2018-1-10T13-49-20,1515588560371,0.84390247,-0.053658538,0.49514562,0.84390247
2018-1-10T13-49-20,1515588560372,0.86341465,-0.043902438,0.46601942,0.86341465
2018-1-10T13-49-20,1515588560373,0.87317073,-0.014634146,0.44660193,0.87317073
2018-1-10T13-49-20,1515588560374,0.8829268,-0.004878049,0.41747573,0.8829268
2018-1-10T13-49-20,1515588560375,0.85365856,-0.014634146,0.4563107,0.85365856
2018-1-10T13-49-20,1515588560376,0.84390247,-0.004878049,0.4368932,0.84390247
2018-1-10T13-49-20,1515588560377,0.84390247,-0.004878049,0.4368932,0.84390247
2018-1-10T13-49-20,1515588560378,0.82439023,-0.034146342,0.4368932,0.82439023
2018-1-10T13-49-20,1515588560379,0.81463414,-0.043902438,0.41747573,0.81463414
2018-1-10T13-49-20,1515588560380,0.82439023,-0.024390243,0.4368932,0.82439023
2018-1-10T13-49-20,1515588560381,0.8341463,-0.004878049,0.44660193,0.8341463
2018-1-10T13-49-20,1515588560382,0.8341463,-0.014634146,0.42718446,0.8341463
2018-1-10T13-49-20,1515588560383,0.86341465,-0.004878049,0.41747573,0.86341465
2018-1-10T13-49-20,1515588560384,0.85365856,-0.014634146,0.4368932,0.85365856
2018-1-10T13-49-20,1515588560385,0.84390247,-0.024390243,0.46601942,0.84390247
2018-1-10T13-49-20,1515588560386,0.8341463,-0.043902438,0.42718446,0.8341463
2018-1-10T13-49-20,1515588560387,0.8341463,-0.024390243,0.4368932,0.8341463
2018-1-10T13-49-20,1515588560388,0.84390247,-0.034146342,0.44660193,0.84390247
2018-1-10T13-49-20,1515588560389,0.86341465,0.034146342,0.46601942,0.86341465
2018-1-10T13-49-20,1515588560390,0.84390247,-0.014634146,0.4368932,0.84390247
2018-1-10T13-49-20,1515588560391,0.85365856,0.004878049,0.407767,0.85365856
2018-1-10T13-49-20,1515588560392,0.84390247,-0.004878049,0.4854369,0.84390247
2018-1-10T13-49-20,1515588560393,0.87317073,-0.043902438,0.46601942,0.87317073
2018-1-10T13-49-20,1515588560394,0.87317073,-0.024390243,0.44660193,0.87317073
2018-1-10T13-49-20,1515588560395,0.85365856,-0.10243902,0.4563107,0.85365856
2018-1-10T13-49-20,1515588560396,0.8829268,-0.014634146,0.46601942,0.8829268
2018-1-10T13-49-20,1515588560397,0.84390247,-0.034146342,0.4854369,0.84390247
2018-1-10T13-49-20,1515588560398,0.87317073,-0.014634146,0.407767,0.87317073
2018-1-10T13-49-20,1515588560399,0.84390247,-0.024390243,0.44660193,0.84390247
2018-1-10T13-49-20,1515588560400,0.82439023,-0.024390243,0.4368932,0.82439023
2018-1-10T13-49-20,1515588560401,0.84390247,-0.034146342,0.41747573,0.84390247
2018-1-10T13-49-20,1515588560402,0.81463414,-0.043902438,0.42718446,0.81463414
2018-1-10T13-49-20,1515588560403,0.79512197,-0.043902438,0.42718446,0.79512197
2018-1-10T13-49-20,1515588560404,0.85365856,-0.024390243,0.4563107,0.85365856
2018-1-10T13-49-20,1515588560405,0.84390247,-0.004878049,0.4563107,0.84390247
2018-1-10T13-49-20,1515588560406,0.86341465,-0.004878049,0.41747573,0.86341465
2018-1-10T13-49-20,1515588560407,0.84390247,-0.004878049,0.42718446,0.84390247
2018-1-10T13-49-20,1515588560408,0.85365856,-0.004878049,0.44660193,0.85365856
2018-1-10T13-49-20,1515588560409,0.85365856,-0.014634146,0.4368932,0.85365856
2018-1-10T13-49-20,1515588560410,0.80487806,-0.024390243,0.4368932,0.80487806
2018-1-10T13-49-20,1515588560411,0.84390247,-0.034146342,0.46601942,0.84390247
2018-1-10T13-49-20,1515588560412,0.85365856,-0.043902438,0.46601942,0.85365856
2018-1-10T13-49-20,1515588560413,0.87317073,-0.034146342,0.4563107,0.87317073
2018-1-10T13-49-20,1515588560414,0.8341463,-0.014634146,0.4368932,0.8341463
2018-1-10T13-49-20,1515588560415,0.84390247,-0.014634146,0.46601942,0.84390247
2018-1-10T13-49-20,1515588560416,0.84390247,-0.024390243,0.4368932,0.84390247
2018-1-10T13-49-20,1515588560417,0.8341463,-0.053658538,0.42718446,0.8341463
2018-1-10T13-49-20,1515588560418,0.82439023,-0.43414634,0.41747573,0.82439023
2018-1-10T13-49-20,1515588560419,0.81463414,-0.024390243,0.4368932,0.81463414
2018-1-10T13-49-20,1515588560420,0.8341463,-0.024390243,0.44660193,0.8341463
2018-1-10T13-49-20,1515588560421,0.8341463,-0.014634146,0.4563107,0.8341463
2018-1-10T13-49-20,1515588560422,0.8829268,-0.014634146,0.4368932,0.8829268
2018-1-10T13-49-20,1515588560423,0.86341465,-0.004878049,0.42718446,0.86341465
2018-1-10T13-49-20,1515588560424,0.86341465,0.014634146,0.47572815,0.86341465
2018-1-10T13-49-20,1515588560425,0.85365856,-0.014634146,0.44660193,0.85365856
2018-1-10T13-49-20,1515588560426,0.8341463,-0.004878049,0.4368932,0.8341463
2018-1-10T13-49-20,1515588560427,0.8341463,-0.004878049,0.41747573,0.8341463
2018-1-10T13-49-20,1515588560428,0.80487806,-0.024390243,0.42718446,0.80487806
2018-1-10T13-49-20,1515588560429,0.8341463,-0.004878049,0.47572815,0.8341463
2018-1-10T13-49-20,1515588560430,0.85365856,-0.014634146,0.4854369,0.85365856
2018-1-10T13-49-20,1515588560431,0.87317073,-0.024390243,0.44660193,0.87317073
2018-1-10T13-49-20,1515588560432,0.87317073,-0.053658538,0.41747573,0.87317073
2018-1-10T13-49-20,1515588560433,0.84390247,-0.034146342,0.41747573,0.84390247
2018-1-10T13-49-20,1515588560434,0.81463414,-0.06341463,0.41747573,0.81463414
2018-1-10T13-49-20,1515588560435,0.79512197,0.034146342,0.47572815,0.79512197
2018-1-10T13-49-20,1515588560436,0.82439023,-0.09268293,0.39805827,0.82439023
2018-1-10T13-49-20,1515588560437,0.8341463,-0.06341463,0.44660193,0.8341463
2018-1-10T13-49-20,1515588560438,0.8341463,-0.07317073,0.42718446,0.8341463
2018-1-10T13-49-20,1515588560439,0.86341465,-0.043902438,0.4368932,0.86341465
2018-1-10T13-49-20,1515588560440,0.86341465,-0.034146342,0.4368932,0.86341465
2018-1-10T13-49-20,1515588560441,0.85365856,-0.004878049,0.44660193,0.85365856
2018-1-10T13-49-20,1515588560442,0.85365856,-0.014634146,0.44660193,0.85365856
2018-1-10T13-49-20,1515588560443,0.86341465,-0.014634146,0.46601942,0.86341465
2018-1-10T13-49-20,1515588560444,0.86341465,-0.004878049,0.4563107,0.86341465
2018-1-10T13-49-20,1515588560445,0.85365856,-0.014634146,0.42718446,0.85365856
2018-1-10T13-49-20,1515588560446,0.86341465,-0.014634146,0.4368932,0.86341465
2018-1-10T13-49-20,1515588560447,0.8341463,-0.034146342,0.44660193,0.8341463
2018-1-10T13-49-20,1515588560448,0.86341465,-0.014634146,0.44660193,0.86341465
2018-1-10T13-49-20,1515588560449,0.8341463,-0.024390243,0.4368932,0.8341463
2018-1-10T13-49-20,1515588560450,0.82439023,-0.014634146,0.407767,0.82439023
2018-1-10T13-49-20,1515588560451,0.77560973,-0.024390243,0.4368932,0.77560973
2018-1-10T13-49-20,1515588560452,0.8341463,-0.024390243,0.46601942,0.8341463
2018-1-10T13-49-20,1515588560453,0.8341463,-0.024390243,0.44660193,0.8341463
2018-1-10T13-49-20,1515588560454,0.87317073,-0.024390243,0.4368932,0.87317073
2018-1-10T13-49-20,1515588560455,0.85365856,-0.014634146,0.42718446,0.85365856
2018-1-10T13-49-20,1515588560456,0.84390247,0.004878049,0.4563107,0.84390247
2018-1-10T13-49-20,1515588560457,0.82439023,-0.014634146,0.44660193,0.82439023
2018-1-10T13-49-20,1515588560458,0.8341463,0.014634146,0.4368932,0.8341463
2018-1-10T13-49-20,1515588560459,0.8341463,-0.024390243,0.46601942,0.8341463
2018-1-10T13-49-20,1515588560460,0.85365856,-0.004878049,0.41747573,0.85365856
2018-1-10T13-49-20,1515588560461,0.85365856,-0.024390243,0.4854369,0.85365856
2018-1-10T13-49-20,1515588560462,0.86341465,-0.043902438,0.47572815,0.86341465
2018-1-10T13-49-20,1515588560463,0.86341465,-0.034146342,0.4563107,0.86341465
2018-1-10T13-49-20,1515588560464,0.8829268,0.024390243,0.42718446,0.8829268
2018-1-10T13-49-20,1515588560465,0.84390247,-0.014634146,0.44660193,0.84390247
2018-1-10T13-49-20,1515588560466,0.84390247,0.014634146,0.44660193,0.84390247
2018-1-10T13-49-20,1515588560467,0.82439023,-0.014634146,0.4563107,0.82439023
2018-1-10T13-49-20,1515588560468,0.84390247,-0.053658538,0.44660193,0.84390247
2018-1-10T13-49-20,1515588560469,0.84390247,-0.043902438,0.42718446,0.84390247
2018-1-10T13-49-20,1515588560470,0.80487806,-0.043902438,0.42718446,0.80487806
2018-1-10T13-49-20,1515588560471,0.82439023,-0.034146342,0.4368932,0.82439023
2018-1-10T13-49-20,1515588560472,0.8341463,-0.034146342,0.4563107,0.8341463
2018-1-10T13-49-20,1515588560473,0.84390247,-0.024390243,0.4368932,0.84390247
2018-1-10T13-49-20,1515588560474,0.82439023,-0.014634146,0.41747573,0.82439023
2018-1-10T13-49-20,1515588560475,0.8341463,-0.014634146,0.44660193,0.8341463
2018-1-10T13-49-20,1515588560476,0.7853659,0.004878049,0.47572815,0.7853659
2018-1-10T13-49-20,1515588560477,0.86341465,-0.034146342,0.46601942,0.86341465
2018-1-10T13-49-20,1515588560478,0.8926829,0.014634146,0.41747573,0.8926829
2018-1-10T13-49-20,1515588560479,0.87317073,0.014634146,0.407767,0.87317073
2018-1-10T13-49-20,1515588560480,0.87317073,0.004878049,0.4368932,0.87317073
2018-1-10T13-49-20,1515588560481,0.85365856,0.024390243,0.4368932,0.85365856
2018-1-10T13-49-20,1515588560482,0.8341463,0.004878049,0.44660193,0.8341463
2018-1-10T13-49-20,1515588560483,0.82439023,-0.09268293,0.407767,0.82439023
2018-1-10T13-49-20,1515588560484,0.84390247,0.053658538,0.4368932,0.84390247
2018-1-10T13-49-20,1515588560485,0.84390247,-0.034146342,0.4368932,0.84390247
2018-1-10T13-49-20,1515588560486,0.86341465,-0.014634146,0.42718446,0.86341465
2018-1-10T13-49-20,1515588560487,0.84390247,-0.034146342,0.4368932,0.84390247
2018-1-10T13-49-20,1515588560488,0.84390247,-0.034146342,0.4368932,0.84390247
2018-1-10T13-49-20,1515588560489,0.8341463,-0.053658538,0.4563107,0.8341463
2018-1-10T13-49-20,1515588560490,0.8341463,-0.07317073,0.47572815,0.8341463
2018-1-10T13-49-20,1515588560491,0.82439023,-0.07317073,0.44660193,0.82439023
2018-1-10T13-49-20,1515588560492,0.85365856,-0.09268293,0.4368932,0.85365856
2018-1-10T13-49-20,1515588560493,0.85365856,-0.024390243,0.5048544,0.85365856
2018-1-10T13-49-20,1515588560494,0.86341465,-0.043902438,0.4368932,0.86341465
2018-1-10T13-49-20,1515588560495,0.84390247,-0.034146342,0.42718446,0.84390247
2018-1-10T13-49-20,1515588560496,0.7853659,-0.014634146,0.42718446,0.7853659
2018-1-10T13-49-20,1515588560497,0.8341463,-0.004878049,0.4368932,0.8341463
2018-1-10T13-49-20,1515588560498,0.84390247,-0.014634146,0.46601942,0.84390247
2018-1-10T13-49-20,1515588560499,0.86341465,-0.024390243,0.46601942,0.86341465
2018-1-10T13-49-20,1515588560500,0.87317073,0.034146342,0.44660193,0.87317073
2018-1-10T13-49-20,1515588560501,0.902439,-0.004878049,0.4563107,0.902439
2018-1-10T13-49-20,1515588560502,0.87317073,-0.004878049,0.46601942,0.87317073
2018-1-10T13-49-20,1515588560503,0.86341465,-0.014634146,0.44660193,0.86341465
2018-1-10T13-49-20,1515588560504,0.85365856,-0.014634146,0.4368932,0.85365856
2018-1-10T13-49-20,1515588560505,0.84390247,-0.014634146,0.44660193,0.84390247
2018-1-10T13-49-20,1515588560506,0.81463414,-0.034146342,0.4368932,0.81463414
2018-1-10T13-49-20,1515588560507,0.82439023,-0.034146342,0.4368932,0.82439023
2018-1-10T13-49-20,1515588560508,0.86341465,-0.043902438,0.44660193,0.86341465
2018-1-10T13-49-20,1515588560509,0.8341463,-0.004878049,0.41747573,0.8341463
2018-1-10T13-49-20,1515588560510,0.8341463,-0.014634146,0.4368932,0.8341463
2018-1-10T13-49-20,1515588560511,0.8341463,0.014634146,0.4368932,0.8341463
2018-1-10T13-49-20,1515588560512,0.8341463,0.014634146,0.4563107,0.8341463
2018-1-10T13-49-20,1515588560513,0.82439023,-0.014634146,0.46601942,0.82439023
2018-1-10T13-49-20,1515588560514,0.86341465,0.024390243,0.4563107,0.86341465
2018-1-10T13-49-20,1515588560515,0.87317073,-0.004878049,0.44660193,0.87317073
2018-1-10T13-49-20,1515588560516,0.8829268,-0.014634146,0.4563107,0.8829268
2018-1-10T13-49-20,1515588560517,0.87317073,-0.014634146,0.42718446,0.87317073
2018-1-10T13-49-20,1515588560518,0.84390247,-0.014634146,0.41747573,0.84390247
2018-1-10T13-49-20,1515588560519,0.81463414,-0.043902438,0.42718446,0.81463414
2018-1-10T13-49-20,1515588560520,0.80487806,-0.06341463,0.4368932,0.80487806
2018-1-10T13-49-20,1515588560521,0.81463414,-0.06341463,0.42718446,0.81463414
2018-1-10T13-49-20,1515588560522,0.81463414,-0.06341463,0.39805827,0.81463414
2018-1-10T13-49-20,1515588560523,0.84390247,-0.06341463,0.4368932,0.84390247
2018-1-10T13-49-20,1515588560524,0.85365856,-0.043902438,0.47572815,0.85365856
2018-1-10T13-49-20,1515588560525,0.8926829,-0.053658538,0.47572815,0.8926829
2018-1-10T13-49-20,1515588560526,0.8829268,-0.034146342,0.4563107,0.8829268
2018-1-10T13-49-20,1515588560527,0.87317073,-0.004878049,0.4563107,0.87317073
2018-1-10T13-49-20,1515588560528,0.86341465,0.09268293,0.4368932,0.86341465
2018-1-10T13-49-20,1515588560529,0.86341465,0.014634146,0.44660193,0.86341465
2018-1-10T13-49-20,1515588560530,0.85365856,0.014634146,0.4563107,0.85365856
2018-1-10T13-49-20,1515588560531,0.85365856,0.004878049,0.44660193,0.85365856
2018-1-10T13-49-20,1515588560532,0.87317073,-0.034146342,0.42718446,0.87317073
2018-1-10T13-49-20,1515588560533,0.85365856,-0.014634146,0.41747573,0.85365856
2018-1-10T13-49-20,1515588560534,0.8341463,-0.024390243,0.44660193,0.8341463
2018-1-10T13-49-20,1515588560535,0.81463414,-0.024390243,0.42718446,0.81463414
2018-1-10T13-49-20,1515588560536,0.8341463,-0.024390243,0.44660193,0.8341463
2018-1-10T13-49-20,1515588560537,0.82439023,-0.034146342,0.4563107,0.82439023
2018-1-10T13-49-20,1515588560538,0.84390247,-0.034146342,0.4563107,0.84390247
2018-1-10T13-49-20,1515588560539,0.86341465,-0.014634146,0.4563107,0.86341465
2018-1-10T13-49-20,1515588560540,0.8829268,-0.004878049,0.44660193,0.8829268
2018-1-10T13-49-20,1515588560541,0.87317073,0.004878049,0.41747573,0.87317073
2018-1-10T13-49-20,1515588560542,0.82439023,-0.024390243,0.41747573,0.82439023
2018-1-10T13-49-20,1515588560543,0.80487806,-0.034146342,0.407767,0.80487806
2018-1-10T13-49-20,1515588560544,0.80487806,-0.053658538,0.42718446,0.80487806
2018-1-10T13-49-20,1515588560545,0.77560973,-0.06341463,0.41747573,0.77560973
2018-1-10T13-49-20,1515588560546,0.80487806,-0.06341463,0.4368932,0.80487806
2018-1-10T13-49-20,1515588560547,0.84390247,-0.043902438,0.44660193,0.84390247
2018-1-10T13-49-20,1515588560548,0.86341465,-0.043902438,0.46601942,0.86341465
2018-1-10T13-49-20,1515588560549,0.8829268,-0.004878049,0.4368932,0.8829268
2018-1-10T13-49-20,1515588560550,0.85365856,-0.004878049,0.4563107,0.85365856
2018-1-10T13-49-20,1515588560551,0.86341465,-0.024390243,0.4854369,0.86341465
2018-1-10T13-49-20,1515588560552,0.69756097,0.004878049,0.46601942,0.69756097
2018-1-10T13-49-20,1515588560553,0.84390247,-0.004878049,0.4368932,0.84390247
2018-1-10T13-49-20,1515588560554,0.85365856,-0.004878049,0.4368932,0.85365856
2018-1-10T13-49-20,1515588560555,0.84390247,-0.014634146,0.46601942,0.84390247
2018-1-10T13-49-20,1515588560556,0.9902439,-0.034146342,0.47572815,0.9902439
2018-1-10T13-49-20,1515588560557,0.87317073,-0.043902438,0.44660193,0.87317073
2018-1-10T13-49-20,1515588560558,0.85365856,-0.034146342,0.407767,0.85365856
2018-1-10T13-49-20,1515588560559,0.8341463,-0.024390243,0.407767,0.8341463
2018-1-10T13-49-20,1515588560560,0.81463414,-0.014634146,0.44660193,0.81463414
2018-1-10T13-49-20,1515588560561,0.7853659,-0.024390243,0.4563107,0.7853659
2018-1-10T13-49-20,1515588560562,0.8341463,-0.034146342,0.46601942,0.8341463
2018-1-10T13-49-20,1515588560563,0.85365856,-0.034146342,0.46601942,0.85365856
2018-1-10T13-49-20,1515588560564,0.87317073,-0.014634146,0.4368932,0.87317073
2018-1-10T13-49-20,1515588560565,0.8829268,0.004878049,0.4368932,0.8829268
2018-1-10T13-49-20,1515588560566,0.85365856,0.014634146,0.4368932,0.85365856
2018-1-10T13-49-20,1515588560567,0.85365856,0.004878049,0.4368932,0.85365856
2018-1-10T13-49-20,1515588560568,0.82439023,-0.004878049,0.4368932,0.82439023
2018-1-10T13-49-20,1515588560569,0.8341463,-0.024390243,0.34951457,0.8341463
2018-1-10T13-49-20,1515588560571,0.84390247,-0.014634146,0.4563107,0.84390247
2018-1-10T13-49-20,1515588560572,0.85365856,-0.034146342,0.46601942,0.85365856
2018-1-10T13-49-20,1515588560573,0.8829268,-0.004878049,0.44660193,0.8829268
2018-1-10T13-49-20,1515588560574,0.87317073,0.004878049,0.42718446,0.87317073
2018-1-10T13-49-20,1515588560575,0.84390247,-0.024390243,0.41747573,0.84390247
2018-1-10T13-49-20,1515588560576,0.82439023,-0.07317073,0.4563107,0.82439023
2018-1-10T13-49-20,1515588560577,0.81463414,-0.014634146,0.4563107,0.81463414
2018-1-10T13-49-20,1515588560578,0.82439023,-0.06341463,0.4368932,0.82439023
2018-1-10T13-49-20,1515588560579,0.81463414,-0.043902438,0.4368932,0.81463414
2018-1-10T13-49-20,1515588560580,0.84390247,-0.024390243,0.44660193,0.84390247
2018-1-10T13-49-20,1515588560581,0.85365856,-0.024390243,0.44660193,0.85365856
2018-1-10T13-49-20,1515588560582,0.85365856,-0.024390243,0.407767,0.85365856
2018-1-10T13-49-20,1515588560583,0.84390247,-0.004878049,0.41747573,0.84390247
2018-1-10T13-49-20,1515588560584,0.8341463,-0.004878049,0.4368932,0.8341463
2018-1-10T13-49-20,1515588560585,0.84390247,0.004878049,0.46601942,0.84390247
2018-1-10T13-49-20,1515588560586,0.8341463,0.004878049,0.4368932,0.8341463
2018-1-10T13-49-20,1515588560587,0.81463414,-0.024390243,0.44660193,0.81463414
2018-1-10T13-49-20,1515588560588,0.85365856,-0.014634146,0.4563107,0.85365856
2018-1-10T13-49-20,1515588560589,0.84390247,-0.034146342,0.4563107,0.84390247
2018-1-10T13-49-20,1515588560590,0.87317073,-0.043902438,0.4368932,0.87317073
2018-1-10T13-49-20,1515588560591,0.8341463,-0.053658538,0.4563107,0.8341463
2018-1-10T13-49-20,1515588560592,0.8341463,-0.053658538,0.4368932,0.8341463
2018-1-10T13-49-20,1515588560593,0.74634147,-0.043902438,0.4563107,0.74634147
2018-1-10T13-49-20,1515588560594,0.82439023,-0.034146342,0.44660193,0.82439023
2018-1-10T13-49-20,1515588560595,0.84390247,-0.043902438,0.46601942,0.84390247
2018-1-10T13-49-20,1515588560596,0.86341465,-0.043902438,0.46601942,0.86341465
2018-1-10T13-49-20,1515588560597,0.8926829,-0.08292683,0.46601942,0.8926829
2018-1-10T13-49-20,1515588560598,0.8926829,-0.004878049,0.4563107,0.8926829
2018-1-10T13-49-20,1515588560599,0.8829268,-0.024390243,0.4563107,0.8829268
2018-1-10T13-49-20,1515588560600,0.86341465,-0.014634146,0.4563107,0.86341465
2018-1-10T13-49-20,1515588560601,0.85365856,0.004878049,0.4563107,0.85365856
2018-1-10T13-49-20,1515588560602,0.7853659,-0.004878049,0.4563107,0.7853659
2018-1-10T13-49-20,1515588560603,0.86341465,-0.004878049,0.44660193,0.86341465
2018-1-10T13-49-20,1515588560604,0.82439023,-0.024390243,0.4368932,0.82439023
2018-1-10T13-49-20,1515588560605,0.87317073,-0.024390243,0.41747573,0.87317073
2018-1-10T13-49-20,1515588560606,0.81463414,-0.043902438,0.41747573,0.81463414
2018-1-10T13-49-20,1515588560607,0.80487806,-0.014634146,0.41747573,0.80487806
2018-1-10T13-49-20,1515588560608,0.81463414,-0.024390243,0.4368932,0.81463414
2018-1-10T13-49-20,1515588560609,0.79512197,-0.014634146,0.42718446,0.79512197
2018-1-10T13-49-20,1515588560610,0.8341463,-0.024390243,0.42718446,0.8341463
2018-1-10T13-49-20,1515588560611,0.84390247,-0.014634146,0.4368932,0.84390247
2018-1-10T13-49-20,1515588560612,0.84390247,-0.014634146,0.4563107,0.84390247
2018-1-10T13-49-20,1515588560613,0.87317073,0.004878049,0.44660193,0.87317073
2018-1-10T13-49-20,1515588560614,0.9609756,-0.014634146,0.4563107,0.9609756
2018-1-10T13-49-20,1515588560615,0.87317073,0.004878049,0.4563107,0.87317073
2018-1-10T13-49-20,1515588560616,0.86341465,0.004878049,0.42718446,0.86341465
2018-1-10T13-49-20,1515588560617,0.86341465,-0.053658538,0.4368932,0.86341465
2018-1-10T13-49-20,1515588560618,0.8926829,-0.024390243,0.4563107,0.8926829
2018-1-10T13-49-20,1515588560619,0.81463414,-0.034146342,0.46601942,0.81463414
2018-1-10T13-49-20,1515588560620,0.87317073,-0.09268293,0.4854369,0.87317073
2018-1-10T13-49-20,1515588560621,0.87317073,-0.034146342,0.4563107,0.87317073
2018-1-10T13-49-20,1515588560622,0.87317073,-0.053658538,0.42718446,0.87317073
2018-1-10T13-49-20,1515588560623,0.84390247,-0.13170731,0.42718446,0.84390247
2018-1-10T13-49-20,1515588560624,0.82439023,-0.043902438,0.44660193,0.82439023
2018-1-10T13-49-20,1515588560625,0.80487806,-0.06341463,0.44660193,0.80487806
2018-1-10T13-49-20,1515588560626,0.81463414,-0.043902438,0.42718446,0.81463414
2018-1-10T13-49-20,1515588560627,0.84390247,-0.014634146,0.4368932,0.84390247
2018-1-10T13-49-20,1515588560628,0.85365856,-0.014634146,0.4368932,0.85365856
2018-1-10T13-49-20,1515588560629,0.87317073,0.014634146,0.4368932,0.87317073
2018-1-10T13-49-20,1515588560630,0.8829268,0.034146342,0.41747573,0.8829268
2018-1-10T13-49-20,1515588560631,0.902439,0.043902438,0.4368932,0.902439
2018-1-10T13-49-20,1515588560632,0.87317073,0.024390243,0.42718446,0.87317073
2018-1-10T13-49-20,1515588560633,0.91219515,0.014634146,0.44660193,0.91219515
2018-1-10T13-49-20,1515588560634,0.84390247,0.004878049,0.4368932,0.84390247
2018-1-10T13-49-20,1515588560635,0.80487806,-0.043902438,0.44660193,0.80487806
2018-1-10T13-49-20,1515588560636,0.80487806,-0.053658538,0.44660193,0.80487806
2018-1-10T13-49-20,1515588560637,0.8341463,-0.053658538,0.44660193,0.8341463
2018-1-10T13-49-20,1515588560638,0.8926829,-0.07317073,0.407767,0.8926829
2018-1-10T13-49-20,1515588560639,0.8341463,-0.06341463,0.4563107,0.8341463
2018-1-10T13-49-20,1515588560640,0.85365856,-0.043902438,0.42718446,0.85365856
2018-1-10T13-49-20,1515588560641,0.85365856,-0.024390243,0.42718446,0.85365856
2018-1-10T13-49-20,1515588560642,0.8341463,-0.004878049,0.44660193,0.8341463
2018-1-10T13-49-20,1515588560643,0.86341465,-0.014634146,0.46601942,0.86341465
2018-1-10T13-49-20,1515588560644,0.87317073,-0.004878049,0.42718446,0.87317073
2018-1-10T13-49-20,1515588560645,0.87317073,-0.014634146,0.41747573,0.87317073
2018-1-10T13-49-20,1515588560646,0.85365856,-0.004878049,0.407767,0.85365856
2018-1-10T13-49-20,1515588560647,0.8926829,-0.014634146,0.4563107,0.8926829
2018-1-10T13-49-20,1515588560648,0.80487806,-0.034146342,0.46601942,0.80487806
2018-1-10T13-49-20,1515588560649,0.81463414,-0.034146342,0.42718446,0.81463414
2018-1-10T13-49-20,1515588560650,0.84390247,-0.024390243,0.41747573,0.84390247
2018-1-10T13-49-20,1515588560651,0.8341463,-0.014634146,0.42718446,0.8341463
2018-1-10T13-49-20,1515588560652,0.8341463,-0.024390243,0.46601942,0.8341463
2018-1-10T13-49-20,1515588560653,0.84390247,-0.024390243,0.4563107,0.84390247
2018-1-10T13-49-20,1515588560654,0.86341465,-0.034146342,0.37864077,0.86341465
2018-1-10T13-49-20,1515588560655,0.86341465,-0.034146342,0.4368932,0.86341465
2018-1-10T13-49-20,1515588560656,0.85365856,-0.014634146,0.44660193,0.85365856
2018-1-10T13-49-20,1515588560657,0.8341463,-0.034146342,0.4368932,0.8341463
2018-1-10T13-49-20,1515588560658,0.82439023,-0.053658538,0.42718446,0.82439023
2018-1-10T13-49-20,1515588560659,0.81463414,-0.053658538,0.44660193,0.81463414
2018-1-10T13-49-20,1515588560660,0.82439023,-0.043902438,0.4368932,0.82439023
2018-1-10T13-49-20,1515588560661,0.84390247,-0.034146342,0.47572815,0.84390247
2018-1-10T13-49-20,1515588560662,0.85365856,-0.043902438,0.4854369,0.85365856
2018-1-10T13-49-20,1515588560663,0.8829268,-0.014634146,0.4563107,0.8829268
2018-1-10T13-49-20,1515588560664,0.902439,0.014634146,0.42718446,0.902439
2018-1-10T13-49-20,1515588560665,0.87317073,0.004878049,0.42718446,0.87317073
2018-1-10T13-49-20,1515588560666,0.84390247,-0.004878049,0.4563107,0.84390247
2018-1-10T13-49-20,1515588560667,0.8341463,-0.004878049,0.4563107,0.8341463
2018-1-10T13-49-20,1515588560668,0.82439023,-0.004878049,0.42718446,0.82439023
2018-1-10T13-49-20,1515588560669,0.84390247,-0.014634146,0.42718446,0.84390247
2018-1-10T13-49-20,1515588560670,0.85365856,-0.004878049,0.407767,0.85365856
2018-1-10T13-49-20,1515588560671,0.84390247,-0.004878049,0.4563107,0.84390247
2018-1-10T13-49-20,1515588560672,0.86341465,-0.014634146,0.41747573,0.86341465
2018-1-10T13-49-20,1515588560673,0.86341465,-0.004878049,0.42718446,0.86341465
2018-1-10T13-49-20,1515588560674,0.85365856,-0.024390243,0.41747573,0.85365856
2018-1-10T13-49-20,1515588560675,0.80487806,-0.034146342,0.4368932,0.80487806
2018-1-10T13-49-20,1515588560676,0.79512197,0.07317073,0.4368932,0.79512197
2018-1-10T13-49-20,1515588560677,0.82439023,-0.053658538,0.42718446,0.82439023
2018-1-10T13-49-20,1515588560678,0.80487806,-0.07317073,0.407767,0.80487806
2018-1-10T13-49-20,1515588560679,0.79512197,-0.034146342,0.41747573,0.79512197
2018-1-10T13-49-20,1515588560680,0.8341463,-0.034146342,0.46601942,0.8341463
2018-1-10T13-49-20,1515588560681,0.84390247,-0.024390243,0.4368932,0.84390247
2018-1-10T13-49-20,1515588560682,0.8829268,-0.004878049,0.4563107,0.8829268
2018-1-10T13-49-20,1515588560683,0.8829268,-0.014634146,0.46601942,0.8829268
2018-1-10T13-49-20,1515588560684,0.91219515,-0.004878049,0.44660193,0.91219515
2018-1-10T13-49-20,1515588560685,0.86341465,0.004878049,0.4563107,0.86341465
2018-1-10T13-49-20,1515588560686,0.87317073,-0.014634146,0.4563107,0.87317073
2018-1-10T13-49-20,1515588560687,0.86341465,-0.043902438,0.4563107,0.86341465
2018-1-10T13-49-20,1515588560688,0.84390247,0.07317073,0.44660193,0.84390247
2018-1-10T13-49-20,1515588560689,0.84390247,-0.043902438,0.4563107,0.84390247
2018-1-10T13-49-20,1515588560690,0.82439023,-0.034146342,0.44660193,0.82439023
2018-1-10T13-49-20,1515588560691,0.8341463,-0.034146342,0.44660193,0.8341463
2018-1-10T13-49-20,1515588560692,0.85365856,-0.014634146,0.4368932,0.85365856
2018-1-10T13-49-20,1515588560693,0.85365856,-0.034146342,0.39805827,0.85365856
2018-1-10T13-49-20,1515588560694,0.84390247,-0.024390243,0.42718446,0.84390247
2018-1-10T13-49-20,1515588560695,0.87317073,-0.034146342,0.4563107,0.87317073
2018-1-10T13-49-20,1515588560696,0.85365856,-0.034146342,0.46601942,0.85365856
2018-1-10T13-49-20,1515588560697,0.85365856,-0.043902438,0.44660193,0.85365856
2018-1-10T13-49-20,1515588560698,0.86341465,-0.024390243,0.4368932,0.86341465
2018-1-10T13-49-20,1515588560699,0.84390247,-0.014634146,0.4368932,0.84390247
2018-1-10T13-49-20,1515588560700,0.85365856,-0.004878049,0.42718446,0.85365856
2018-1-10T13-49-20,1515588560701,0.84390247,-0.004878049,0.41747573,0.84390247
2018-1-10T13-49-20,1515588560702,0.82439023,-0.024390243,0.4368932,0.82439023
2018-1-10T13-49-20,1515588560703,0.82439023,-0.014634146,0.44660193,0.82439023
2018-1-10T13-49-20,1515588560704,0.84390247,-0.024390243,0.44660193,0.84390247
2018-1-10T13-49-20,1515588560705,0.8341463,-0.034146342,0.4368932,0.8341463
2018-1-10T13-49-20,1515588560706,0.8341463,-0.014634146,0.4368932,0.8341463
2018-1-10T13-49-20,1515588560707,0.86341465,-0.034146342,0.44660193,0.86341465
2018-1-10T13-49-20,1515588560708,0.85365856,-0.034146342,0.4854369,0.85365856
2018-1-10T13-49-20,1515588560709,0.85365856,-0.024390243,0.4368932,0.85365856
2018-1-10T13-49-20,1515588560710,0.8341463,-0.034146342,0.44660193,0.8341463
2018-1-10T13-49-20,1515588560711,0.85365856,-0.034146342,0.4563107,0.85365856
2018-1-10T13-49-20,1515588560712,0.85365856,-0.014634146,0.4563107,0.85365856
2018-1-10T13-49-20,1515588560713,0.85365856,-0.014634146,0.4563107,0.85365856
2018-1-10T13-49-20,1515588560714,0.85365856,-0.034146342,0.42718446,0.85365856
2018-1-10T13-49-20,1515588560715,0.84390247,-0.024390243,0.42718446,0.84390247
2018-1-10T13-49-20,1515588560716,0.82439023,-0.014634146,0.3883495,0.82439023
2018-1-10T13-49-20,1515588560717,0.81463414,-0.024390243,0.41747573,0.81463414
2018-1-10T13-49-20,1515588560718,0.82439023,-0.043902438,0.47572815,0.82439023
2018-1-10T13-49-20,1515588560719,0.8341463,-0.053658538,0.4854369,0.8341463
2018-1-10T13-49-20,1515588560720,0.91219515,-0.053658538,0.4563107,0.91219515
2018-1-10T13-49-20,1515588560721,0.8829268,-0.043902438,0.44660193,0.8829268
2018-1-10T13-49-20,1515588560722,0.91219515,-0.024390243,0.44660193,0.91219515
2018-1-10T13-49-20,1515588560723,0.87317073,0.034146342,0.4563107,0.87317073
2018-1-10T13-49-20,1515588560724,0.85365856,-0.014634146,0.4368932,0.85365856
2018-1-10T13-49-20,1515588560725,0.85365856,-0.034146342,0.4368932,0.85365856
2018-1-10T13-49-20,1515588560726,0.82439023,-0.024390243,0.4368932,0.82439023
2018-1-10T13-49-20,1515588560727,0.82439023,-0.034146342,0.4368932,0.82439023
2018-1-10T13-49-20,1515588560728,0.84390247,-0.024390243,0.44660193,0.84390247
2018-1-10T13-49-20,1515588560729,0.86341465,0.014634146,0.44660193,0.86341465
2018-1-10T13-49-20,1515588560730,0.87317073,0.004878049,0.4368932,0.87317073
2018-1-10T13-49-20,1515588560731,0.84390247,-0.004878049,0.42718446,0.84390247
2018-1-10T13-49-20,1515588560732,0.8341463,0.014634146,0.5048544,0.8341463
2018-1-10T13-49-20,1515588560733,0.79512197,-0.08292683,0.4368932,0.79512197
2018-1-10T13-49-20,1515588560734,0.81463414,-0.014634146,0.4368932,0.81463414
2018-1-10T13-49-20,1515588560735,0.82439023,0.004878049,0.44660193,0.82439023
2018-1-10T13-49-20,1515588560736,0.84390247,-0.18048781,0.44660193,0.84390247
2018-1-10T13-49-20,1515588560737,0.87317073,-0.014634146,0.4368932,0.87317073
2018-1-10T13-49-20,1515588560738,0.87317073,0.014634146,0.44660193,0.87317073
2018-1-10T13-49-20,1515588560739,0.87317073,0.014634146,0.42718446,0.87317073
2018-1-10T13-49-20,1515588560740,0.8926829,-0.014634146,0.47572815,0.8926829
2018-1-10T13-49-20,1515588560741,0.8926829,-0.004878049,0.4563107,0.8926829
2018-1-10T13-49-20,1515588560742,0.8829268,0.004878049,0.42718446,0.8829268
2018-1-10T13-49-20,1515588560743,0.87317073,-0.024390243,0.4368932,0.87317073
2018-1-10T13-49-20,1515588560744,0.8341463,-0.034146342,0.46601942,0.8341463
2018-1-10T13-49-20,1515588560745,0.82439023,-0.053658538,0.44660193,0.82439023
2018-1-10T13-49-20,1515588560746,0.82439023,-0.043902438,0.44660193,0.82439023
2018-1-10T13-49-20,1515588560747,0.87317073,-0.053658538,0.44660193,0.87317073
2018-1-10T13-49-20,1515588560748,0.81463414,-0.043902438,0.3883495,0.81463414
2018-1-10T13-49-20,1515588560749,0.80487806,-0.034146342,0.3592233,0.80487806
2018-1-10T13-49-20,1515588560750,0.80487806,-0.043902438,0.37864077,0.80487806
2018-1-10T13-49-20,1515588560751,0.81463414,-0.053658538,0.4563107,0.81463414
2018-1-10T13-49-20,1515588560752,0.80487806,-0.053658538,0.4563107,0.80487806
2018-1-10T13-49-20,1515588560753,0.85365856,-0.15121952,0.46601942,0.85365856
2018-1-10T13-49-20,1515588560754,0.85365856,-0.08292683,0.47572815,0.85365856
2018-1-10T13-49-20,1515588560755,0.91219515,-0.024390243,0.47572815,0.91219515
2018-1-10T13-49-20,1515588560756,0.92195123,-0.004878049,0.4563107,0.92195123
2018-1-10T13-49-20,1515588560757,0.91219515,0.004878049,0.44660193,0.91219515
2018-1-10T13-49-20,1515588560758,0.8926829,-0.004878049,0.44660193,0.8926829
2018-1-10T13-49-20,1515588560759,0.84390247,-0.014634146,0.44660193,0.84390247
2018-1-10T13-49-20,1515588560760,0.82439023,-0.014634146,0.44660193,0.82439023
2018-1-10T13-49-20,1515588560761,0.79512197,-0.043902438,0.41747573,0.79512197
2018-1-10T13-49-20,1515588560762,0.80487806,-0.024390243,0.3883495,0.80487806
2018-1-10T13-49-20,1515588560763,0.7853659,-0.06341463,0.407767,0.7853659
2018-1-10T13-49-20,1515588560764,0.79512197,-0.004878049,0.42718446,0.79512197
2018-1-10T13-49-20,1515588560765,0.84390247,0.004878049,0.4368932,0.84390247
2018-1-10T13-49-20,1515588560766,0.84390247,0.024390243,0.44660193,0.84390247
2018-1-10T13-49-20,1515588560767,0.86341465,0.034146342,0.4563107,0.86341465
2018-1-10T13-49-20,1515588560768,0.902439,0.053658538,0.47572815,0.902439
2018-1-10T13-49-20,1515588560769,0.8926829,0.043902438,0.46601942,0.8926829
2018-1-10T13-49-20,1515588560770,0.902439,0.034146342,0.44660193,0.902439
2018-1-10T13-49-20,1515588560771,0.8829268,0.034146342,0.4368932,0.8829268
2018-1-10T13-49-20,1515588560772,0.84390247,-0.08292683,0.41747573,0.84390247
2018-1-10T13-49-20,1515588560773,0.82439023,-0.043902438,0.42718446,0.82439023
2018-1-10T13-49-20,1515588560774,0.80487806,-0.043902438,0.4368932,0.80487806
2018-1-10T13-49-20,1515588560775,0.81463414,-0.043902438,0.44660193,0.81463414
2018-1-10T13-49-20,1515588560776,0.81463414,-0.06341463,0.42718446,0.81463414
2018-1-10T13-49-20,1515588560777,0.84390247,-0.024390243,0.41747573,0.84390247
2018-1-10T13-49-20,1515588560778,0.85365856,-0.024390243,0.47572815,0.85365856
2018-1-10T13-49-20,1515588560779,0.87317073,-0.034146342,0.33009708,0.87317073
2018-1-10T13-49-20,1515588560780,0.87317073,-0.043902438,0.52427185,0.87317073
2018-1-10T13-49-20,1515588560781,0.8926829,-0.053658538,0.5048544,0.8926829
2018-1-10T13-49-20,1515588560782,0.8926829,-0.06341463,0.46601942,0.8926829
2018-1-10T13-49-20,1515588560783,0.82439023,-0.043902438,0.42718446,0.82439023
2018-1-10T13-49-20,1515588560784,0.8341463,-0.053658538,0.407767,0.8341463
2018-1-10T13-49-20,1515588560785,0.76585364,-0.08292683,0.41747573,0.76585364
2018-1-10T13-49-20,1515588560786,0.75609756,-0.13170731,0.407767,0.75609756
2018-1-10T13-49-20,1515588560787,0.75609756,-0.10243902,0.407767,0.75609756
2018-1-10T13-49-20,1515588560788,0.77560973,-0.08292683,0.41747573,0.77560973
2018-1-10T13-49-20,1515588560789,0.82439023,-0.053658538,0.4563107,0.82439023
2018-1-10T13-49-20,1515588560790,0.902439,0.014634146,0.4854369,0.902439
2018-1-10T13-49-20,1515588560791,0.92195123,0.06341463,0.47572815,0.92195123
2018-1-10T13-49-20,1515588560792,0.92195123,0.07317073,0.44660193,0.92195123
2018-1-10T13-49-20,1515588560793,0.91219515,0.07317073,0.4368932,0.91219515
2018-1-10T13-49-20,1515588560794,0.8829268,0.08292683,0.44660193,0.8829268
2018-1-10T13-49-20,1515588560795,0.84390247,0.034146342,0.4368932,0.84390247
2018-1-10T13-49-20,1515588560796,0.81463414,0.004878049,0.42718446,0.81463414
2018-1-10T13-49-20,1515588560797,0.79512197,-0.024390243,0.4368932,0.79512197
2018-1-10T13-49-20,1515588560798,0.81463414,-0.043902438,0.42718446,0.81463414
2018-1-10T13-49-20,1515588560799,0.8341463,-0.034146342,0.4563107,0.8341463
2018-1-10T13-49-20,1515588560800,0.902439,-0.024390243,0.4368932,0.902439
2018-1-10T13-49-20,1515588560801,0.85365856,0.024390243,0.42718446,0.85365856
2018-1-10T13-49-20,1515588560802,0.86341465,0.004878049,0.47572815,0.86341465
2018-1-10T13-49-20,1515588560803,0.87317073,-0.053658538,0.4854369,0.87317073
2018-1-10T13-49-20,1515588560804,0.86341465,-0.034146342,0.4854369,0.86341465
2018-1-10T13-49-20,1515588560805,0.87317073,-0.024390243,0.47572815,0.87317073
2018-1-10T13-49-20,1515588560806,0.86341465,-0.014634146,0.4563107,0.86341465
2018-1-10T13-49-20,1515588560807,0.86341465,-0.043902438,0.42718446,0.86341465
2018-1-10T13-49-20,1515588560808,0.85365856,-0.034146342,0.41747573,0.85365856
2018-1-10T13-49-20,1515588560809,0.82439023,0.06341463,0.3883495,0.82439023
2018-1-10T13-49-20,1515588560810,0.80487806,-0.024390243,0.41747573,0.80487806
2018-1-10T13-49-20,1515588560811,0.81463414,-0.043902438,0.4368932,0.81463414
2018-1-10T13-49-20,1515588560812,0.84390247,-0.043902438,0.46601942,0.84390247
2018-1-10T13-49-20,1515588560813,0.79512197,-0.07317073,0.44660193,0.79512197
2018-1-10T13-49-20,1515588560814,0.75609756,-0.053658538,0.4563107,0.75609756
2018-1-10T13-49-20,1515588560815,0.84390247,-0.043902438,0.4368932,0.84390247
2018-1-10T13-49-20,1515588560816,0.85365856,-0.024390243,0.44660193,0.85365856
2018-1-10T13-49-20,1515588560817,0.86341465,-0.024390243,0.49514562,0.86341465
2018-1-10T13-49-20,1515588560818,0.85365856,-0.014634146,0.4563107,0.85365856
2018-1-10T13-49-20,1515588560819,0.81463414,-0.024390243,0.407767,0.81463414
2018-1-10T13-49-20,1515588560820,0.82439023,-0.024390243,0.37864077,0.82439023
2018-1-10T13-49-20,1515588560821,0.81463414,-0.024390243,0.4368932,0.81463414
2018-1-10T13-49-20,1515588560822,0.81463414,-0.024390243,0.3883495,0.81463414
2018-1-10T13-49-20,1515588560823,0.81463414,0.004878049,0.46601942,0.81463414
2018-1-10T13-49-20,1515588560824,0.8829268,-0.004878049,0.4854369,0.8829268
2018-1-10T13-49-20,1515588560825,0.902439,0.014634146,0.4854369,0.902439
2018-1-10T13-49-20,1515588560826,0.9317073,0.034146342,0.4368932,0.9317073
2018-1-10T13-49-20,1515588560827,0.84390247,0.034146342,0.4563107,0.84390247
2018-1-10T13-49-20,1515588560828,0.8829268,0.014634146,0.4854369,0.8829268
2018-1-10T13-49-20,1515588560829,0.85365856,-0.014634146,0.4563107,0.85365856
2018-1-10T13-49-20,1515588560830,0.8341463,0.024390243,0.42718446,0.8341463
2018-1-10T13-49-20,1515588560831,0.7365854,-0.053658538,0.41747573,0.7365854
2018-1-10T13-49-20,1515588560832,0.7853659,-0.053658538,0.4368932,0.7853659
2018-1-10T13-49-20,1515588560833,0.79512197,-0.06341463,0.44660193,0.79512197
2018-1-10T13-49-20,1515588560834,0.84390247,-0.053658538,0.41747573,0.84390247
2018-1-10T13-49-20,1515588560835,0.84390247,-0.014634146,0.4368932,0.84390247
2018-1-10T13-49-20,1515588560836,0.85365856,-0.014634146,0.5145631,0.85365856
2018-1-10T13-49-20,1515588560837,0.81463414,-0.014634146,0.4854369,0.81463414
2018-1-10T13-49-20,1515588560838,0.85365856,-0.024390243,0.47572815,0.85365856
2018-1-10T13-49-20,1515588560839,0.87317073,-0.024390243,0.4368932,0.87317073
2018-1-10T13-49-20,1515588560840,0.8341463,-0.043902438,0.44660193,0.8341463
2018-1-10T13-49-20,1515588560841,0.82439023,-0.06341463,0.4368932,0.82439023
2018-1-10T13-49-20,1515588560842,0.81463414,-0.043902438,0.41747573,0.81463414
2018-1-10T13-49-20,1515588560843,0.81463414,-0.034146342,0.42718446,0.81463414
2018-1-10T13-49-20,1515588560844,0.80487806,-0.024390243,0.4368932,0.80487806
2018-1-10T13-49-20,1515588560845,0.85365856,-0.014634146,0.4368932,0.85365856
2018-1-10T13-49-20,1515588560846,0.84390247,0.11219512,0.42718446,0.84390247
2018-1-10T13-49-20,1515588560847,0.85365856,-0.004878049,0.4368932,0.85365856
2018-1-10T13-49-20,1515588560848,0.86341465,-0.014634146,0.47572815,0.86341465
2018-1-10T13-49-20,1515588560849,0.84390247,-0.004878049,0.46601942,0.84390247
2018-1-10T13-49-20,1515588560850,0.86341465,-0.024390243,0.46601942,0.86341465
2018-1-10T13-49-20,1515588560851,0.85365856,-0.034146342,0.44660193,0.85365856
2018-1-10T13-49-20,1515588560852,0.8341463,-0.043902438,0.44660193,0.8341463
2018-1-10T13-49-20,1515588560853,0.82439023,-0.024390243,0.4563107,0.82439023
2018-1-10T13-49-20,1515588560854,0.85365856,-0.014634146,0.44660193,0.85365856
2018-1-10T13-49-20,1515588560855,0.84390247,-0.014634146,0.42718446,0.84390247
2018-1-10T13-49-20,1515588560856,0.84390247,-0.024390243,0.407767,0.84390247
2018-1-10T13-49-20,1515588560857,1.0,-0.014634146,0.44660193,1.0
2018-1-10T13-49-20,1515588560858,0.84390247,-0.004878049,0.4854369,0.84390247
2018-1-10T13-49-20,1515588560859,0.86341465,0.004878049,0.47572815,0.86341465
2018-1-10T13-49-20,1515588560860,0.902439,-0.014634146,0.4563107,0.902439
2018-1-10T13-49-20,1515588560861,0.8926829,-0.004878049,0.44660193,0.8926829
2018-1-10T13-49-20,1515588560862,0.87317073,-0.014634146,0.41747573,0.87317073
2018-1-10T13-49-20,1515588560863,0.85365856,-0.024390243,0.4563107,0.85365856
2018-1-10T13-49-20,1515588560864,0.8341463,-0.053658538,0.4368932,0.8341463
2018-1-10T13-49-20,1515588560865,0.80487806,-0.024390243,0.4368932,0.80487806
2018-1-10T13-49-20,1515588560866,0.81463414,-0.043902438,0.41747573,0.81463414
2018-1-10T13-49-20,1515588560867,0.82439023,-0.014634146,0.39805827,0.82439023
2018-1-10T13-49-20,1515588560868,0.81463414,-0.014634146,0.42718446,0.81463414
2018-1-10T13-49-20,1515588560869,0.85365856,-0.014634146,0.4368932,0.85365856
2018-1-10T13-49-20,1515588560870,0.8341463,-0.004878049,0.39805827,0.8341463
2018-1-10T13-49-20,1515588560871,0.86341465,-0.014634146,0.44660193,0.86341465
2018-1-10T13-49-20,1515588560872,0.8926829,0.014634146,0.42718446,0.8926829
2018-1-10T13-49-20,1515588560873,0.85365856,0.024390243,0.42718446,0.85365856
2018-1-10T13-49-20,1515588560874,0.84390247,0.004878049,0.44660193,0.84390247
2018-1-10T13-49-20,1515588560875,0.82439023,-0.014634146,0.41747573,0.82439023
2018-1-10T13-49-20,1515588560876,0.81463414,-0.024390243,0.41747573,0.81463414
2018-1-10T13-49-20,1515588560877,0.80487806,-0.014634146,0.41747573,0.80487806
2018-1-10T13-49-20,1515588560878,0.81463414,-0.043902438,0.4368932,0.81463414
2018-1-10T13-49-20,1515588560879,0.80487806,-0.09268293,0.4368932,0.80487806
2018-1-10T13-49-20,1515588560880,0.85365856,-0.004878049,0.4368932,0.85365856
2018-1-10T13-49-20,1515588560881,0.87317073,0.004878049,0.4563107,0.87317073
2018-1-10T13-49-20,1515588560882,0.8829268,-0.014634146,0.4854369,0.8829268
2018-1-10T13-49-20,1515588560883,0.8829268,-0.034146342,0.46601942,0.8829268
2018-1-10T13-49-20,1515588560884,0.8829268,-0.043902438,0.47572815,0.8829268
2018-1-10T13-49-20,1515588560885,0.8829268,-0.17073171,0.4854369,0.8829268
2018-1-10T13-49-20,1515588560886,0.87317073,-0.07317073,0.47572815,0.87317073
2018-1-10T13-49-20,1515588560887,0.86341465,-0.053658538,0.46601942,0.86341465
2018-1-10T13-49-20,1515588560888,0.86341465,-0.034146342,0.44660193,0.86341465
2018-1-10T13-49-20,1515588560889,0.84390247,-0.014634146,0.4368932,0.84390247
2018-1-10T13-49-20,1515588560890,0.82439023,-0.014634146,0.41747573,0.82439023
2018-1-10T13-49-20,1515588560891,0.81463414,-0.024390243,0.41747573,0.81463414
2018-1-10T13-49-20,1515588560892,0.82439023,-0.034146342,0.42718446,0.82439023
2018-1-10T13-49-20,1515588560893,0.81463414,-0.043902438,0.42718446,0.81463414
2018-1-10T13-49-20,1515588560894,0.81463414,-0.043902438,0.44660193,0.81463414
2018-1-10T13-49-20,1515588560895,0.82439023,-0.06341463,0.4563107,0.82439023
2018-1-10T13-49-20,1515588560896,0.8341463,-0.024390243,0.4563107,0.8341463
2018-1-10T13-49-20,1515588560897,0.85365856,0.004878049,0.4368932,0.85365856
2018-1-10T13-49-20,1515588560898,0.86341465,0.024390243,0.4368932,0.86341465
2018-1-10T13-49-20,1515588560899,0.87317073,0.034146342,0.42718446,0.87317073
2018-1-10T13-49-20,1515588560900,0.85365856,0.053658538,0.41747573,0.85365856
2018-1-10T13-49-20,1515588560901,0.84390247,0.053658538,0.4368932,0.84390247
2018-1-10T13-49-20,1515588560902,0.87317073,0.034146342,0.44660193,0.87317073
2018-1-10T13-49-20,1515588560903,0.84390247,0.024390243,0.4563107,0.84390247
2018-1-10T13-49-20,1515588560904,0.8829268,0.004878049,0.4368932,0.8829268
2018-1-10T13-49-20,1515588560905,0.8829268,0.004878049,0.4563107,0.8829268
2018-1-10T13-49-20,1515588560906,0.8829268,-0.004878049,0.44660193,0.8829268
2018-1-10T13-49-20,1515588560907,0.8341463,-0.034146342,0.4368932,0.8341463
2018-1-10T13-49-20,1515588560908,0.82439023,-0.07317073,0.4368932,0.82439023
2018-1-10T13-49-20,1515588560909,0.81463414,-0.08292683,0.44660193,0.81463414
2018-1-10T13-49-20,1515588560910,0.80487806,-0.08292683,0.44660193,0.80487806
2018-1-10T13-49-20,1515588560911,0.80487806,-0.09268293,0.4368932,0.80487806
2018-1-10T13-49-20,1515588560912,0.81463414,-0.08292683,0.4368932,0.81463414
2018-1-10T13-49-20,1515588560913,0.86341465,-0.053658538,0.4368932,0.86341465
2018-1-10T13-49-20,1515588560914,0.86341465,-0.024390243,0.42718446,0.86341465
2018-1-10T13-49-20,1515588560915,0.8829268,-0.014634146,0.41747573,0.8829268
2018-1-10T13-49-20,1515588560916,0.8829268,0.004878049,0.47572815,0.8829268
2018-1-10T13-49-20,1515588560917,0.8829268,-0.024390243,0.46601942,0.8829268
2018-1-10T13-49-20,1515588560918,0.87317073,-0.014634146,0.41747573,0.87317073
2018-1-10T13-49-20,1515588560919,0.8341463,-0.014634146,0.41747573,0.8341463
2018-1-10T13-49-20,1515588560920,0.82439023,-0.053658538,0.42718446,0.82439023
2018-1-10T13-49-20,1515588560921,0.7853659,-0.043902438,0.42718446,0.7853659
2018-1-10T13-49-20,1515588560922,0.80487806,-0.043902438,0.4368932,0.80487806
2018-1-10T13-49-20,1515588560923,0.79512197,-0.004878049,0.4368932,0.79512197
2018-1-10T13-49-20,1515588560924,0.80487806,-0.024390243,0.4563107,0.80487806
2018-1-10T13-49-20,1515588560925,0.84390247,-0.004878049,0.42718446,0.84390247
2018-1-10T13-49-20,1515588560926,0.86341465,-0.004878049,0.4368932,0.86341465
2018-1-10T13-49-20,1515588560927,0.8926829,0.014634146,0.4563107,0.8926829
2018-1-10T13-49-20,1515588560928,0.86341465,0.014634146,0.46601942,0.86341465
2018-1-10T13-49-20,1515588560929,0.86341465,0.004878049,0.47572815,0.86341465
2018-1-10T13-49-20,1515588560930,0.87317073,-0.004878049,0.44660193,0.87317073
2018-1-10T13-49-20,1515588560931,0.8829268,0.014634146,0.407767,0.8829268
2018-1-10T13-49-20,1515588560932,0.8341463,-0.004878049,0.4368932,0.8341463
2018-1-10T13-49-20,1515588560933,0.8341463,-0.014634146,0.44660193,0.8341463
2018-1-10T13-49-20,1515588560934,0.8341463,-0.014634146,0.4854369,0.8341463
2018-1-10T13-49-20,1515588560935,0.86341465,0.014634146,0.44660193,0.86341465
2018-1-10T13-49-20,1515588560936,0.87317073,0.004878049,0.4368932,0.87317073
2018-1-10T13-49-20,1515588560937,0.87317073,0.004878049,0.47572815,0.87317073
2018-1-10T13-49-20,1515588560938,0.87317073,-0.004878049,0.46601942,0.87317073
2018-1-10T13-49-20,1515588560939,0.87317073,0.004878049,0.44660193,0.87317073
2018-1-10T13-49-20,1515588560940,0.85365856,-0.004878049,0.42718446,0.85365856
2018-1-10T13-49-20,1515588560941,0.84390247,-0.034146342,0.4368932,0.84390247
2018-1-10T13-49-20,1515588560942,0.81463414,-0.06341463,0.44660193,0.81463414
2018-1-10T13-49-20,1515588560943,0.79512197,-0.07317073,0.41747573,0.79512197
2018-1-10T13-49-20,1515588560944,0.7853659,-0.07317073,0.407767,0.7853659
2018-1-10T13-49-20,1515588560945,0.7853659,-0.08292683,0.42718446,0.7853659
2018-1-10T13-49-20,1515588560946,0.76585364,-0.053658538,0.4563107,0.76585364
2018-1-10T13-49-20,1515588560947,0.80487806,-0.053658538,0.4563107,0.80487806
2018-1-10T13-49-20,1515588560948,0.86341465,-0.034146342,0.46601942,0.86341465
2018-1-10T13-49-20,1515588560949,0.8926829,0.014634146,0.44660193,0.8926829
2018-1-10T13-49-20,1515588560950,0.902439,0.024390243,0.47572815,0.902439
2018-1-10T13-49-20,1515588560951,0.902439,0.014634146,0.4854369,0.902439
2018-1-10T13-49-20,1515588560952,0.8926829,0.004878049,0.44660193,0.8926829
2018-1-10T13-49-20,1515588560953,0.84390247,-0.014634146,0.41747573,0.84390247
2018-1-10T13-49-20,1515588560954,0.85365856,-0.024390243,0.407767,0.85365856
2018-1-10T13-49-20,1515588560955,0.79512197,-0.034146342,0.4563107,0.79512197
2018-1-10T13-49-20,1515588560956,0.77560973,-0.06341463,0.46601942,0.77560973
2018-1-10T13-49-20,1515588560957,0.82439023,-0.043902438,0.42718446,0.82439023
2018-1-10T13-49-20,1515588560958,0.84390247,-0.014634146,0.42718446,0.84390247
2018-1-10T13-49-20,1515588560959,0.87317073,0.014634146,0.4368932,0.87317073
2018-1-10T13-49-20,1515588560960,0.8341463,0.014634146,0.46601942,0.8341463
2018-1-10T13-49-20,1515588560961,0.8829268,0.034146342,0.4563107,0.8829268
2018-1-10T13-49-20,1515588560962,0.8341463,0.004878049,0.44660193,0.8341463
2018-1-10T13-49-20,1515588560963,0.84390247,-0.004878049,0.44660193,0.84390247
2018-1-10T13-49-20,1515588560964,0.84390247,-0.014634146,0.44660193,0.84390247
2018-1-10T13-49-20,1515588560965,0.8341463,-0.024390243,0.47572815,0.8341463
2018-1-10T13-49-20,1515588560966,0.85365856,-0.014634146,0.4368932,0.85365856
2018-1-10T13-49-20,1515588560967,0.91219515,-0.034146342,0.41747573,0.91219515
2018-1-10T13-49-20,1515588560968,0.84390247,-0.004878049,0.41747573,0.84390247
2018-1-10T13-49-20,1515588560969,0.85365856,-0.034146342,0.44660193,0.85365856
2018-1-10T13-49-20,1515588560970,0.8341463,-0.004878049,0.4854369,0.8341463
2018-1-10T13-49-20,1515588560971,0.84390247,-0.034146342,0.47572815,0.84390247
2018-1-10T13-49-20,1515588560972,0.85365856,-0.043902438,0.46601942,0.85365856
2018-1-10T13-49-20,1515588560973,0.85365856,0.024390243,0.44660193,0.85365856
2018-1-10T13-49-20,1515588560974,0.80487806,-0.034146342,0.4563107,0.80487806
2018-1-10T13-49-20,1515588560975,0.84390247,-0.024390243,0.41747573,0.84390247
2018-1-10T13-49-20,1515588560976,0.8341463,-0.053658538,0.46601942,0.8341463
2018-1-10T13-49-20,1515588560977,0.8341463,-0.034146342,0.42718446,0.8341463
2018-1-10T13-49-20,1515588560978,0.81463414,-0.053658538,0.407767,0.81463414
2018-1-10T13-49-20,1515588560979,0.79512197,-0.024390243,0.407767,0.79512197
2018-1-10T13-49-20,1515588560980,0.80487806,-0.043902438,0.42718446,0.80487806
2018-1-10T13-49-20,1515588560981,0.81463414,-0.034146342,0.44660193,0.81463414
2018-1-10T13-49-20,1515588560982,0.84390247,-0.09268293,0.4368932,0.84390247
2018-1-10T13-49-20,1515588560983,0.91219515,-0.014634146,0.4368932,0.91219515
2018-1-10T13-49-20,1515588560984,0.87317073,-0.014634146,0.44660193,0.87317073
2018-1-10T13-49-20,1515588560985,0.87317073,0.004878049,0.4563107,0.87317073
2018-1-10T13-49-20,1515588560986,0.8829268,-0.004878049,0.5145631,0.8829268
2018-1-10T13-49-20,1515588560987,0.8829268,-0.034146342,0.4854369,0.8829268
2018-1-10T13-49-20,1515588560988,0.8926829,0.004878049,0.4368932,0.8926829
2018-1-10T13-49-20,1515588560989,0.8829268,0.07317073,0.42718446,0.8829268
2018-1-10T13-49-20,1515588560990,0.87317073,0.004878049,0.44660193,0.87317073
2018-1-10T13-49-20,1515588560991,0.85365856,0.004878049,0.4563107,0.85365856
2018-1-10T13-49-20,1515588560992,0.8341463,-0.014634146,0.42718446,0.8341463
2018-1-10T13-49-20,1515588560993,0.81463414,-0.004878049,0.3883495,0.81463414
2018-1-10T13-49-20,1515588560994,0.80487806,0.004878049,0.407767,0.80487806
2018-1-10T13-49-20,1515588560995,0.79512197,-0.024390243,0.42718446,0.79512197
2018-1-10T13-49-20,1515588560996,0.80487806,-0.034146342,0.4368932,0.80487806
2018-1-10T13-49-20,1515588560997,0.82439023,0.004878049,0.42718446,0.82439023
2018-1-10T13-49-20,1515588560998,0.8341463,-0.014634146,0.4368932,0.8341463
2018-1-10T13-49-20,1515588560999,0.85365856,-0.014634146,0.44660193,0.85365856
2018-1-10T13-49-21,1515588561000,0.84390247,-0.014634146,0.46601942,0.84390247
2018-1-10T13-49-21,1515588561001,0.85365856,-0.034146342,0.4368932,0.85365856
2018-1-10T13-49-21,1515588561002,0.8341463,-0.034146342,0.39805827,0.8341463
2018-1-10T13-49-21,1515588561003,0.87317073,0.31707317,0.4368932,0.87317073
2018-1-10T13-49-21,1515588561004,0.81463414,-0.043902438,0.41747573,0.81463414
2018-1-10T13-49-21,1515588561005,0.91219515,-0.09268293,0.407767,0.91219515
2018-1-10T13-49-21,1515588561006,0.82439023,-0.06341463,0.41747573,0.82439023
2018-1-10T13-49-21,1515588561007,0.79512197,-0.053658538,0.46601942,0.79512197
2018-1-10T13-49-21,1515588561008,0.86341465,-0.014634146,0.4854369,0.86341465
2018-1-10T13-49-21,1515588561009,0.87317073,-0.024390243,0.44660193,0.87317073
2018-1-10T13-49-21,1515588561010,0.85365856,-0.004878049,0.44660193,0.85365856
2018-1-10T13-49-21,1515588561011,0.902439,0.024390243,0.4368932,0.902439
2018-1-10T13-49-21,1515588561012,0.8926829,0.024390243,0.4854369,0.8926829
2018-1-10T13-49-21,1515588561013,0.85365856,0.034146342,0.47572815,0.85365856
2018-1-10T13-49-21,1515588561014,0.85365856,0.043902438,0.4563107,0.85365856
2018-1-10T13-49-21,1515588561015,0.85365856,-0.004878049,0.46601942,0.85365856
2018-1-10T13-49-21,1515588561016,0.87317073,-0.024390243,0.4563107,0.87317073
2018-1-10T13-49-21,1515588561017,0.87317073,-0.014634146,0.4368932,0.87317073
2018-1-10T13-49-21,1515588561018,0.85365856,-0.014634146,0.407767,0.85365856
2018-1-10T13-49-21,1515588561019,0.84390247,0.004878049,0.42718446,0.84390247
2018-1-10T13-49-21,1515588561020,0.81463414,-0.014634146,0.42718446,0.81463414
2018-1-10T13-49-21,1515588561021,0.80487806,-0.034146342,0.41747573,0.80487806
2018-1-10T13-49-21,1515588561022,0.80487806,0.004878049,0.41747573,0.80487806
2018-1-10T13-49-21,1515588561023,0.81463414,0.014634146,0.4368932,0.81463414
2018-1-10T13-49-21,1515588561024,0.82439023,-0.014634146,0.42718446,0.82439023
2018-1-10T13-49-21,1515588561025,0.8341463,-0.034146342,0.42718446,0.8341463
2018-1-10T13-49-21,1515588561026,0.82439023,-0.043902438,0.44660193,0.82439023
2018-1-10T13-49-21,1515588561027,0.8341463,-0.10243902,0.4368932,0.8341463
2018-1-10T13-49-21,1515588561028,0.80487806,-0.053658538,0.42718446,0.80487806
2018-1-10T13-49-21,1515588561029,0.79512197,-0.06341463,0.44660193,0.79512197
2018-1-10T13-49-21,1515588561030,0.8341463,-0.08292683,0.46601942,0.8341463
2018-1-10T13-49-21,1515588561031,0.8926829,-0.08292683,0.49514562,0.8926829
2018-1-10T13-49-21,1515588561032,0.902439,-0.053658538,0.49514562,0.902439
2018-1-10T13-49-21,1515588561033,0.92195123,-0.034146342,0.47572815,0.92195123
2018-1-10T13-49-21,1515588561034,0.9317073,-0.053658538,0.4854369,0.9317073
2018-1-10T13-49-21,1515588561035,0.8926829,-0.004878049,0.47572815,0.8926829
2018-1-10T13-49-21,1515588561036,0.86341465,-0.024390243,0.44660193,0.86341465
2018-1-10T13-49-21,1515588561037,0.7853659,-0.024390243,0.41747573,0.7853659
2018-1-10T13-49-21,1515588561038,0.79512197,-0.034146342,0.407767,0.79512197
2018-1-10T13-49-21,1515588561039,0.76585364,-0.053658538,0.4368932,0.76585364
2018-1-10T13-49-21,1515588561040,0.77560973,-0.053658538,0.42718446,0.77560973
2018-1-10T13-49-21,1515588561041,0.81463414,0.024390243,0.42718446,0.81463414
2018-1-10T13-49-21,1515588561042,0.82439023,-0.08292683,0.42718446,0.82439023
2018-1-10T13-49-21,1515588561043,0.87317073,0.024390243,0.4368932,0.87317073
2018-1-10T13-49-21,1515588561044,0.85365856,0.043902438,0.4368932,0.85365856
2018-1-10T13-49-21,1515588561045,0.87317073,0.034146342,0.44660193,0.87317073
2018-1-10T13-49-21,1515588561046,0.86341465,-0.004878049,0.4368932,0.86341465
2018-1-10T13-49-21,1515588561047,0.86341465,0.004878049,0.41747573,0.86341465
2018-1-10T13-49-21,1515588561048,0.9317073,0.014634146,0.407767,0.9317073
2018-1-10T13-49-21,1515588561049,0.8341463,0.014634146,0.4563107,0.8341463
2018-1-10T13-49-21,1515588561050,0.8341463,-0.004878049,0.47572815,0.8341463
2018-1-10T13-49-21,1515588561051,0.84390247,0.004878049,0.42718446,0.84390247
2018-1-10T13-49-21,1515588561052,0.84390247,-0.004878049,0.4368932,0.84390247
2018-1-10T13-49-21,1515588561053,0.86341465,-0.014634146,0.47572815,0.86341465
2018-1-10T13-49-21,1515588561054,0.86341465,0.014634146,0.4563107,0.86341465
2018-1-10T13-49-21,1515588561055,0.85365856,-0.014634146,0.4563107,0.85365856
2018-1-10T13-49-21,1515588561056,0.86341465,-0.06341463,0.47572815,0.86341465
2018-1-10T13-49-21,1515588561057,0.84390247,-0.06341463,0.4854369,0.84390247
2018-1-10T13-49-21,1515588561058,0.82439023,-0.07317073,0.46601942,0.82439023
2018-1-10T13-49-21,1515588561059,0.85365856,-0.13170731,0.44660193,0.85365856
2018-1-10T13-49-21,1515588561060,0.86341465,-0.053658538,0.46601942,0.86341465
2018-1-10T13-49-21,1515588561061,0.85365856,-0.053658538,0.42718446,0.85365856
2018-1-10T13-49-21,1515588561062,0.86341465,-0.004878049,0.41747573,0.86341465
2018-1-10T13-49-21,1515588561063,0.84390247,-0.014634146,0.42718446,0.84390247
2018-1-10T13-49-21,1515588561064,0.8341463,-0.024390243,0.4368932,0.8341463
2018-1-10T13-49-21,1515588561065,0.8341463,-0.06341463,0.42718446,0.8341463
2018-1-10T13-49-21,1515588561066,0.80487806,-0.034146342,0.41747573,0.80487806
2018-1-10T13-49-21,1515588561067,0.7268293,-0.034146342,0.407767,0.7268293
2018-1-10T13-49-21,1515588561068,0.81463414,-0.034146342,0.52427185,0.81463414
2018-1-10T13-49-21,1515588561069,0.81463414,-0.053658538,0.75728154,0.81463414
2018-1-10T13-49-21,1515588561070,0.81463414,-0.014634146,0.44660193,0.81463414
2018-1-10T13-49-21,1515588561071,0.87317073,0.004878049,0.4563107,0.87317073
2018-1-10T13-49-21,1515588561072,0.87317073,-0.014634146,0.4368932,0.87317073
2018-1-10T13-49-21,1515588561073,0.85365856,-0.004878049,0.4368932,0.85365856
2018-1-10T13-49-21,1515588561074,0.8341463,-0.06341463,0.4368932,0.8341463
2018-1-10T13-49-21,1515588561075,0.86341465,-0.014634146,0.44660193,0.86341465
2018-1-10T13-49-21,1515588561076,0.8341463,-0.014634146,0.4854369,0.8341463
2018-1-10T13-49-21,1515588561077,0.85365856,-0.014634146,0.4563107,0.85365856
2018-1-10T13-49-21,1515588561078,0.902439,-0.004878049,0.4368932,0.902439
2018-1-10T13-49-21,1515588561079,0.87317073,0.024390243,0.44660193,0.87317073
2018-1-10T13-49-21,1515588561080,0.86341465,0.004878049,0.41747573,0.86341465
2018-1-10T13-49-21,1515588561081,0.8341463,-0.004878049,0.41747573,0.8341463
2018-1-10T13-49-21,1515588561082,0.81463414,-0.014634146,0.42718446,0.81463414
2018-1-10T13-49-21,1515588561083,0.77560973,-0.024390243,0.44660193,0.77560973
2018-1-10T13-49-21,1515588561084,0.79512197,-0.043902438,0.46601942,0.79512197
2018-1-10T13-49-21,1515588561085,0.8341463,-0.024390243,0.44660193,0.8341463
2018-1-10T13-49-21,1515588561086,0.85365856,-0.043902438,0.44660193,0.85365856
2018-1-10T13-49-21,1515588561087,0.8926829,-0.043902438,0.4368932,0.8926829
2018-1-10T13-49-21,1515588561088,0.87317073,-0.024390243,0.44660193,0.87317073
2018-1-10T13-49-21,1515588561089,0.86341465,-0.014634146,0.4368932,0.86341465
2018-1-10T13-49-21,1515588561090,0.82439023,-0.004878049,0.4368932,0.82439023
2018-1-10T13-49-21,1515588561091,0.85365856,-0.004878049,0.41747573,0.85365856
2018-1-10T13-49-21,1515588561092,0.84390247,-0.014634146,0.4368932,0.84390247
2018-1-10T13-49-21,1515588561093,0.84390247,-0.014634146,0.4563107,0.84390247
2018-1-10T13-49-21,1515588561094,0.82439023,-0.043902438,0.4368932,0.82439023
2018-1-10T13-49-21,1515588561095,0.84390247,-0.034146342,0.44660193,0.84390247
2018-1-10T13-49-21,1515588561096,0.85365856,-0.043902438,0.4563107,0.85365856
2018-1-10T13-49-21,1515588561097,0.85365856,-0.06341463,0.44660193,0.85365856
2018-1-10T13-49-21,1515588561098,0.80487806,-0.07317073,0.46601942,0.80487806
2018-1-10T13-49-21,1515588561099,0.8341463,-0.053658538,0.46601942,0.8341463
2018-1-10T13-49-21,1515588561100,0.84390247,-0.043902438,0.47572815,0.84390247
2018-1-10T13-49-21,1515588561101,0.85365856,-0.034146342,0.4368932,0.85365856
2018-1-10T13-49-21,1515588561102,0.87317073,-0.014634146,0.46601942,0.87317073
2018-1-10T13-49-21,1515588561103,0.86341465,-0.004878049,0.407767,0.86341465
2018-1-10T13-49-21,1515588561104,0.86341465,0.004878049,0.44660193,0.86341465
2018-1-10T13-49-21,1515588561105,0.85365856,0.014634146,0.407767,0.85365856
2018-1-10T13-49-21,1515588561106,0.8341463,0.014634146,0.41747573,0.8341463
2018-1-10T13-49-21,1515588561107,0.82439023,0.014634146,0.4368932,0.82439023
2018-1-10T13-49-21,1515588561108,0.81463414,-0.014634146,0.42718446,0.81463414
2018-1-10T13-49-21,1515588561109,0.81463414,-0.014634146,0.41747573,0.81463414
2018-1-10T13-49-21,1515588561110,0.82439023,-0.014634146,0.3592233,0.82439023
2018-1-10T13-49-21,1515588561111,0.8926829,-0.004878049,0.4563107,0.8926829
2018-1-10T13-49-21,1515588561112,0.86341465,-0.034146342,0.4854369,0.86341465
2018-1-10T13-49-21,1515588561113,0.85365856,-0.024390243,0.4368932,0.85365856
2018-1-10T13-49-21,1515588561114,0.85365856,-0.004878049,0.42718446,0.85365856
2018-1-10T13-49-21,1515588561115,0.85365856,-0.014634146,0.4368932,0.85365856
2018-1-10T13-49-21,1515588561116,0.86341465,0.014634146,0.46601942,0.86341465
2018-1-10T13-49-21,1515588561117,0.84390247,-0.034146342,0.46601942,0.84390247
2018-1-10T13-49-21,1515588561118,0.86341465,-0.11219512,0.44660193,0.86341465
2018-1-10T13-49-21,1515588561119,0.86341465,-0.034146342,0.4368932,0.86341465
2018-1-10T13-49-21,1515588561120,0.85365856,0.043902438,0.41747573,0.85365856
2018-1-10T13-49-21,1515588561121,0.84390247,-0.024390243,0.47572815,0.84390247
2018-1-10T13-49-21,1515588561122,0.81463414,-0.014634146,0.4563107,0.81463414
2018-1-10T13-49-21,1515588561123,0.82439023,-0.014634146,0.46601942,0.82439023
2018-1-10T13-49-21,1515588561124,0.8341463,-0.034146342,0.47572815,0.8341463
2018-1-10T13-49-21,1515588561125,0.85365856,-0.034146342,0.44660193,0.85365856
2018-1-10T13-49-21,1515588561126,0.87317073,-0.034146342,0.44660193,0.87317073
2018-1-10T13-49-21,1515588561127,0.87317073,-0.004878049,0.46601942,0.87317073
2018-1-10T13-49-21,1515588561128,0.8829268,-0.034146342,0.4563107,0.8829268
2018-1-10T13-49-21,1515588561129,0.86341465,-0.014634146,0.4368932,0.86341465
2018-1-10T13-49-21,1515588561130,0.82439023,-0.024390243,0.42718446,0.82439023
2018-1-10T13-49-21,1515588561131,0.82439023,-0.024390243,0.42718446,0.82439023
2018-1-10T13-49-21,1515588561132,0.81463414,-0.034146342,0.44660193,0.81463414
2018-1-10T13-49-21,1515588561133,0.82439023,0.024390243,0.37864077,0.82439023
2018-1-10T13-49-21,1515588561134,0.8341463,-0.014634146,0.41747573,0.8341463
2018-1-10T13-49-21,1515588561135,0.85365856,0.014634146,0.44660193,0.85365856
2018-1-10T13-49-21,1515588561136,0.87317073,0.014634146,0.4563107,0.87317073
2018-1-10T13-49-21,1515588561137,0.86341465,0.004878049,0.4368932,0.86341465
2018-1-10T13-49-21,1515588561138,0.85365856,0.014634146,0.44660193,0.85365856
2018-1-10T13-49-21,1515588561139,0.85365856,-0.004878049,0.4563107,0.85365856
2018-1-10T13-49-21,1515588561140,0.8341463,-0.004878049,0.44660193,0.8341463
2018-1-10T13-49-21,1515588561141,0.8341463,-0.024390243,0.41747573,0.8341463
2018-1-10T13-49-21,1515588561142,0.86341465,-0.034146342,0.41747573,0.86341465
2018-1-10T13-49-21,1515588561143,0.84390247,-0.043902438,0.4563107,0.84390247
2018-1-10T13-49-21,1515588561144,0.8341463,-0.034146342,0.46601942,0.8341463
2018-1-10T13-49-21,1515588561145,0.84390247,-0.043902438,0.44660193,0.84390247
2018-1-10T13-49-21,1515588561146,0.85365856,-0.053658538,0.4368932,0.85365856
2018-1-10T13-49-21,1515588561147,0.87317073,-0.034146342,0.4368932,0.87317073
2018-1-10T13-49-21,1515588561148,0.84390247,-0.034146342,0.44660193,0.84390247
2018-1-10T13-49-21,1515588561149,0.82439023,-0.043902438,0.44660193,0.82439023
2018-1-10T13-49-21,1515588561150,0.82439023,-0.053658538,0.47572815,0.82439023
2018-1-10T13-49-21,1515588561151,0.82439023,-0.053658538,0.4563107,0.82439023
2018-1-10T13-49-21,1515588561152,0.84390247,-0.034146342,0.42718446,0.84390247
2018-1-10T13-49-21,1515588561153,0.81463414,-0.043902438,0.4368932,0.81463414
2018-1-10T13-49-21,1515588561154,0.84390247,-0.024390243,0.4368932,0.84390247
2018-1-10T13-49-21,1515588561155,0.84390247,-0.004878049,0.44660193,0.84390247
2018-1-10T13-49-21,1515588561156,0.81463414,0.004878049,0.4368932,0.81463414
2018-1-10T13-49-21,1515588561157,0.86341465,0.004878049,0.44660193,0.86341465
2018-1-10T13-49-21,1515588561158,0.87317073,0.014634146,0.46601942,0.87317073
2018-1-10T13-49-21,1515588561159,0.87317073,0.004878049,0.46601942,0.87317073
2018-1-10T13-49-21,1515588561160,0.87317073,0.004878049,0.4368932,0.87317073
2018-1-10T13-49-21,1515588561161,0.81463414,0.024390243,0.41747573,0.81463414
2018-1-10T13-49-21,1515588561162,0.81463414,-0.014634146,0.4368932,0.81463414
2018-1-10T13-49-21,1515588561163,0.81463414,-0.024390243,0.4368932,0.81463414
2018-1-10T13-49-21,1515588561164,0.81463414,0.004878049,0.4368932,0.81463414
2018-1-10T13-49-21,1515588561165,0.80487806,0.053658538,0.41747573,0.80487806
2018-1-10T13-49-21,1515588561166,0.81463414,-0.034146342,0.4854369,0.81463414
2018-1-10T13-49-21,1515588561167,0.77560973,-0.014634146,0.46601942,0.77560973
2018-1-10T13-49-21,1515588561168,0.86341465,-0.10243902,0.49514562,0.86341465
2018-1-10T13-49-21,1515588561169,0.902439,0.004878049,0.4368932,0.902439
2018-1-10T13-49-21,1515588561170,0.902439,0.004878049,0.4368932,0.902439
2018-1-10T13-49-21,1515588561171,0.8829268,0.043902438,0.46601942,0.8829268
2018-1-10T13-49-21,1515588561172,0.87317073,-0.004878049,0.47572815,0.87317073
2018-1-10T13-49-21,1515588561173,0.84390247,0.014634146,0.4563107,0.84390247
2018-1-10T13-49-21,1515588561174,0.86341465,-0.024390243,0.4563107,0.86341465
2018-1-10T13-49-21,1515588561175,0.87317073,-0.024390243,0.41747573,0.87317073
2018-1-10T13-49-21,1515588561176,0.86341465,-0.043902438,0.44660193,0.86341465
2018-1-10T13-49-21,1515588561177,0.84390247,-0.043902438,0.44660193,0.84390247
2018-1-10T13-49-21,1515588561178,0.85365856,-0.034146342,0.4563107,0.85365856
2018-1-10T13-49-21,1515588561179,0.85365856,-0.043902438,0.46601942,0.85365856
2018-1-10T13-49-21,1515588561180,0.8341463,-0.043902438,0.44660193,0.8341463
2018-1-10T13-49-21,1515588561181,0.84390247,-0.034146342,0.42718446,0.84390247
2018-1-10T13-49-21,1515588561182,0.82439023,-0.004878049,0.41747573,0.82439023
2018-1-10T13-49-21,1515588561183,0.82439023,-0.034146342,0.4563107,0.82439023
2018-1-10T13-49-21,1515588561184,0.82439023,-0.034146342,0.42718446,0.82439023
2018-1-10T13-49-21,1515588561185,0.80487806,-0.034146342,0.41747573,0.80487806
2018-1-10T13-49-21,1515588561186,0.8341463,-0.024390243,0.4368932,0.8341463
2018-1-10T13-49-21,1515588561187,0.81463414,-0.024390243,0.4368932,0.81463414
2018-1-10T13-49-21,1515588561188,0.82439023,-0.004878049,0.44660193,0.82439023
2018-1-10T13-49-21,1515588561189,0.84390247,-0.014634146,0.44660193,0.84390247
2018-1-10T13-49-21,1515588561190,0.85365856,-0.004878049,0.46601942,0.85365856
2018-1-10T13-49-21,1515588561191,0.87317073,0.06341463,0.46601942,0.87317073
2018-1-10T13-49-21,1515588561192,0.8926829,-0.004878049,0.46601942,0.8926829
2018-1-10T13-49-21,1515588561193,0.8926829,-0.043902438,0.4563107,0.8926829
2018-1-10T13-49-21,1515588561194,0.85365856,-0.024390243,0.4368932,0.85365856
2018-1-10T13-49-21,1515588561195,0.82439023,-0.06341463,0.42718446,0.82439023
2018-1-10T13-49-21,1515588561196,0.80487806,-0.043902438,0.4368932,0.80487806
2018-1-10T13-49-21,1515588561197,0.82439023,-0.053658538,0.4368932,0.82439023
2018-1-10T13-49-21,1515588561198,0.81463414,-0.053658538,0.44660193,0.81463414
2018-1-10T13-49-21,1515588561199,0.87317073,-0.034146342,0.4368932,0.87317073
2018-1-10T13-49-21,1515588561200,0.87317073,-0.004878049,0.407767,0.87317073
2018-1-10T13-49-21,1515588561201,0.87317073,-0.004878049,0.4368932,0.87317073
2018-1-10T13-49-21,1515588561202,0.8829268,-0.004878049,0.47572815,0.8829268
2018-1-10T13-49-21,1515588561203,0.86341465,-0.004878049,0.46601942,0.86341465
2018-1-10T13-49-21,1515588561204,0.85365856,-0.08292683,0.44660193,0.85365856
2018-1-10T13-49-21,1515588561205,0.8926829,-0.014634146,0.4368932,0.8926829
2018-1-10T13-49-21,1515588561206,0.84390247,-0.024390243,0.4563107,0.84390247
2018-1-10T13-49-21,1515588561207,0.84390247,-0.004878049,0.4368932,0.84390247
2018-1-10T13-49-21,1515588561208,0.84390247,0.014634146,0.39805827,0.84390247
2018-1-10T13-49-21,1515588561209,0.84390247,0.014634146,0.41747573,0.84390247
2018-1-10T13-49-21,1515588561210,0.81463414,-0.014634146,0.4563107,0.81463414
2018-1-10T13-49-21,1515588561211,0.81463414,-0.024390243,0.4563107,0.81463414
2018-1-10T13-49-21,1515588561212,0.84390247,-0.043902438,0.44660193,0.84390247
2018-1-10T13-49-21,1515588561213,0.8829268,-0.014634146,0.4368932,0.8829268
2018-1-10T13-49-21,1515588561214,0.8829268,-0.014634146,0.44660193,0.8829268
2018-1-10T13-49-21,1515588561215,0.8829268,-0.07317073,0.47572815,0.8829268
2018-1-10T13-49-21,1515588561216,0.86341465,-0.07317073,0.4854369,0.86341465
2018-1-10T13-49-21,1515588561217,0.85365856,-0.053658538,0.39805827,0.85365856
2018-1-10T13-49-21,1515588561218,0.81463414,-0.024390243,0.407767,0.81463414
2018-1-10T13-49-21,1515588561219,0.79512197,-0.06341463,0.407767,0.79512197
2018-1-10T13-49-21,1515588561220,0.80487806,-0.07317073,0.4368932,0.80487806
2018-1-10T13-49-21,1515588561221,0.80487806,-0.07317073,0.4563107,0.80487806
2018-1-10T13-49-21,1515588561222,0.82439023,-0.043902438,0.41747573,0.82439023
2018-1-10T13-49-21,1515588561223,0.86341465,-0.034146342,0.4368932,0.86341465
2018-1-10T13-49-21,1515588561224,0.87317073,0.09268293,0.44660193,0.87317073
2018-1-10T13-49-21,1515588561225,0.8829268,0.004878049,0.4563107,0.8829268
2018-1-10T13-49-21,1515588561226,0.902439,0.004878049,0.5145631,0.902439
2018-1-10T13-49-21,1515588561227,0.97073174,-0.014634146,0.47572815,0.97073174
2018-1-10T13-49-21,1515588561228,0.8926829,-0.034146342,0.4563107,0.8926829
2018-1-10T13-49-21,1515588561229,0.87317073,-0.024390243,0.42718446,0.87317073
2018-1-10T13-49-21,1515588561230,0.81463414,-0.053658538,0.44660193,0.81463414
2018-1-10T13-49-21,1515588561231,0.82439023,-0.053658538,0.41747573,0.82439023
2018-1-10T13-49-21,1515588561232,0.74634147,-0.08292683,0.36893204,0.74634147
2018-1-10T13-49-21,1515588561233,0.7268293,-0.06341463,0.3592233,0.7268293
2018-1-10T13-49-21,1515588561234,0.7365854,-0.053658538,0.407767,0.7365854
2018-1-10T13-49-21,1515588561235,0.7853659,-0.043902438,0.5145631,0.7853659
2018-1-10T13-49-21,1515588561236,0.84390247,-0.024390243,0.4854369,0.84390247
2018-1-10T13-49-21,1515588561237,0.97073174,0.024390243,0.44660193,0.97073174
2018-1-10T13-49-21,1515588561238,0.9512195,0.053658538,0.4563107,0.9512195
2018-1-10T13-49-21,1515588561239,0.9317073,0.07317073,0.4854369,0.9317073
2018-1-10T13-49-21,1515588561240,0.902439,0.043902438,0.47572815,0.902439
2018-1-10T13-49-21,1515588561241,0.902439,0.014634146,0.44660193,0.902439
2018-1-10T13-49-21,1515588561242,0.85365856,-0.004878049,0.42718446,0.85365856
2018-1-10T13-49-21,1515588561243,0.8341463,-0.024390243,0.47572815,0.8341463
2018-1-10T13-49-21,1515588561244,0.8341463,-0.053658538,0.4854369,0.8341463
2018-1-10T13-49-21,1515588561245,0.84390247,-0.053658538,0.42718446,0.84390247
2018-1-10T13-49-21,1515588561246,0.82439023,-0.014634146,0.41747573,0.82439023
2018-1-10T13-49-21,1515588561247,0.8341463,0.024390243,0.4563107,0.8341463
2018-1-10T13-49-21,1515588561248,0.77560973,-0.053658538,0.46601942,0.77560973
2018-1-10T13-49-21,1515588561249,0.82439023,-0.043902438,0.4563107,0.82439023
2018-1-10T13-49-21,1515588561250,0.84390247,-0.014634146,0.46601942,0.84390247
2018-1-10T13-49-21,1515588561251,0.87317073,-0.08292683,0.47572815,0.87317073
2018-1-10T13-49-21,1515588561252,0.8341463,-0.06341463,0.407767,0.8341463
2018-1-10T13-49-21,1515588561253,0.79512197,-0.024390243,0.34951457,0.79512197
2018-1-10T13-49-21,1515588561254,0.79512197,-0.024390243,0.36893204,0.79512197
2018-1-10T13-49-21,1515588561255,0.80487806,-0.043902438,0.4854369,0.80487806
2018-1-10T13-49-21,1515588561256,0.80487806,-0.043902438,0.47572815,0.80487806
2018-1-10T13-49-21,1515588561257,0.82439023,-0.024390243,0.3883495,0.82439023
2018-1-10T13-49-21,1515588561258,0.84390247,-0.004878049,0.407767,0.84390247
2018-1-10T13-49-21,1515588561259,0.902439,-0.004878049,0.49514562,0.902439
2018-1-10T13-49-21,1515588561260,0.8926829,0.004878049,0.52427185,0.8926829
2018-1-10T13-49-21,1515588561261,0.91219515,-0.004878049,0.49514562,0.91219515
2018-1-10T13-49-21,1515588561262,0.91219515,0.014634146,0.44660193,0.91219515
2018-1-10T13-49-21,1515588561263,0.8926829,0.004878049,0.47572815,0.8926829
2018-1-10T13-49-21,1515588561264,0.84390247,-0.004878049,0.46601942,0.84390247
2018-1-10T13-49-21,1515588561265,0.82439023,0.11219512,0.4368932,0.82439023
2018-1-10T13-49-21,1515588561266,0.79512197,-0.043902438,0.37864077,0.79512197
2018-1-10T13-49-21,1515588561267,0.79512197,-0.053658538,0.3883495,0.79512197
2018-1-10T13-49-21,1515588561268,0.79512197,-0.053658538,0.39805827,0.79512197
2018-1-10T13-49-21,1515588561269,0.77560973,-0.07317073,0.4368932,0.77560973
2018-1-10T13-49-21,1515588561270,0.80487806,-0.07317073,0.41747573,0.80487806
2018-1-10T13-49-21,1515588561271,0.80487806,-0.053658538,0.41747573,0.80487806
2018-1-10T13-49-21,1515588561272,0.8341463,-0.024390243,0.42718446,0.8341463
2018-1-10T13-49-21,1515588561273,0.86341465,-0.004878049,0.47572815,0.86341465
2018-1-10T13-49-21,1515588561274,0.87317073,-0.014634146,0.4854369,0.87317073
2018-1-10T13-49-21,1515588561275,0.8926829,0.004878049,0.44660193,0.8926829
2018-1-10T13-49-21,1515588561276,0.86341465,-0.004878049,0.5145631,0.86341465
2018-1-10T13-49-21,1515588561277,0.87317073,-0.034146342,0.46601942,0.87317073
2018-1-10T13-49-21,1515588561278,0.87317073,-0.004878049,0.4563107,0.87317073
2018-1-10T13-49-21,1515588561279,0.87317073,-0.004878049,0.41747573,0.87317073
2018-1-10T13-49-21,1515588561280,0.87317073,-0.024390243,0.44660193,0.87317073
2018-1-10T13-49-21,1515588561281,0.87317073,-0.014634146,0.46601942,0.87317073
2018-1-10T13-49-21,1515588561282,0.86341465,-0.034146342,0.46601942,0.86341465
2018-1-10T13-49-21,1515588561283,0.87317073,-0.043902438,0.4563107,0.87317073
2018-1-10T13-49-21,1515588561284,0.86341465,-0.024390243,0.4563107,0.86341465
2018-1-10T13-49-21,1515588561285,0.84390247,-0.034146342,0.5145631,0.84390247
2018-1-10T13-49-21,1515588561286,0.84390247,-0.034146342,0.39805827,0.84390247
2018-1-10T13-49-21,1515588561287,0.82439023,-0.024390243,0.4368932,0.82439023
2018-1-10T13-49-21,1515588561288,0.80487806,-0.024390243,0.407767,0.80487806
2018-1-10T13-49-21,1515588561289,0.79512197,0.014634146,0.3883495,0.79512197
2018-1-10T13-49-21,1515588561290,0.75609756,-0.014634146,0.3883495,0.75609756
2018-1-10T13-49-21,1515588561291,0.76585364,-0.034146342,0.37864077,0.76585364
2018-1-10T13-49-21,1515588561292,0.7853659,-0.06341463,0.4368932,0.7853659
2018-1-10T13-49-21,1515588561293,0.81463414,-0.043902438,0.3883495,0.81463414
2018-1-10T13-49-21,1515588561294,0.8341463,-0.034146342,0.42718446,0.8341463
2018-1-10T13-49-21,1515588561295,0.77560973,-0.004878049,0.44660193,0.77560973
2018-1-10T13-49-21,1515588561296,0.9414634,0.004878049,0.47572815,0.9414634
2018-1-10T13-49-21,1515588561297,0.91219515,0.004878049,0.5048544,0.91219515
2018-1-10T13-49-21,1515588561298,0.91219515,0.004878049,0.47572815,0.91219515
2018-1-10T13-49-21,1515588561299,0.8926829,-0.004878049,0.4563107,0.8926829
2018-1-10T13-49-21,1515588561300,0.87317073,-0.024390243,0.44660193,0.87317073
2018-1-10T13-49-21,1515588561301,0.82439023,-0.06341463,0.4563107,0.82439023
2018-1-10T13-49-21,1515588561302,0.8341463,-0.053658538,0.46601942,0.8341463
2018-1-10T13-49-21,1515588561303,0.8341463,-0.07317073,0.46601942,0.8341463
2018-1-10T13-49-21,1515588561304,0.8341463,0.024390243,0.42718446,0.8341463
2018-1-10T13-49-21,1515588561305,0.84390247,0.004878049,0.41747573,0.84390247
2018-1-10T13-49-21,1515588561306,0.84390247,-0.014634146,0.44660193,0.84390247
2018-1-10T13-49-21,1515588561307,0.81463414,-0.004878049,0.46601942,0.81463414
2018-1-10T13-49-21,1515588561308,0.85365856,0.014634146,0.46601942,0.85365856
2018-1-10T13-49-21,1515588561309,0.85365856,0.014634146,0.42718446,0.85365856
2018-1-10T13-49-21,1515588561310,0.87317073,0.014634146,0.42718446,0.87317073
2018-1-10T13-49-21,1515588561311,0.87317073,-0.004878049,0.46601942,0.87317073
2018-1-10T13-49-21,1515588561312,0.85365856,-0.014634146,0.407767,0.85365856
2018-1-10T13-49-21,1515588561313,0.84390247,-0.014634146,0.41747573,0.84390247
2018-1-10T13-49-21,1515588561314,0.80487806,-0.053658538,0.4563107,0.80487806
2018-1-10T13-49-21,1515588561315,0.81463414,-0.034146342,0.42718446,0.81463414
2018-1-10T13-49-21,1515588561316,0.8341463,-0.024390243,0.4563107,0.8341463
2018-1-10T13-49-21,1515588561317,0.8341463,-0.024390243,0.407767,0.8341463
2018-1-10T13-49-21,1515588561318,0.84390247,-0.034146342,0.44660193,0.84390247
2018-1-10T13-49-21,1515588561319,0.8341463,-0.053658538,0.47572815,0.8341463
2018-1-10T13-49-21,1515588561320,0.84390247,-0.043902438,0.46601942,0.84390247
2018-1-10T13-49-21,1515588561321,0.87317073,-0.053658538,0.44660193,0.87317073
2018-1-10T13-49-21,1515588561322,0.76585364,0.024390243,0.4563107,0.76585364
2018-1-10T13-49-21,1515588561323,0.85365856,-0.034146342,0.4368932,0.85365856
2018-1-10T13-49-21,1515588561324,0.81463414,-0.014634146,0.41747573,0.81463414
2018-1-10T13-49-21,1515588561325,0.82439023,-0.024390243,0.44660193,0.82439023
2018-1-10T13-49-21,1515588561326,0.86341465,-0.024390243,0.4368932,0.86341465
2018-1-10T13-49-21,1515588561327,0.86341465,-0.024390243,0.47572815,0.86341465
2018-1-10T13-49-21,1515588561328,0.8926829,-0.014634146,0.407767,0.8926829
2018-1-10T13-49-21,1515588561329,1.2829268,0.004878049,0.42718446,1.2829268
2018-1-10T13-49-21,1515588561330,0.87317073,0.004878049,0.42718446,0.87317073
2018-1-10T13-49-21,1515588561331,0.84390247,-0.004878049,0.5048544,0.84390247
2018-1-10T13-49-21,1515588561332,0.86341465,-0.014634146,0.46601942,0.86341465
2018-1-10T13-49-21,1515588561333,0.87317073,-0.014634146,0.4368932,0.87317073
2018-1-10T13-49-21,1515588561334,0.85365856,-0.014634146,0.4368932,0.85365856
2018-1-10T13-49-21,1515588561335,0.81463414,-0.024390243,0.4368932,0.81463414
2018-1-10T13-49-21,1515588561336,0.80487806,-0.034146342,0.41747573,0.80487806
2018-1-10T13-49-21,1515588561337,0.82439023,-0.043902438,0.37864077,0.82439023
2018-1-10T13-49-21,1515588561338,0.74634147,-0.11219512,0.39805827,0.74634147
2018-1-10T13-49-21,1515588561339,0.79512197,-0.024390243,0.4368932,0.79512197
2018-1-10T13-49-21,1515588561340,0.80487806,-0.024390243,0.47572815,0.80487806
2018-1-10T13-49-21,1515588561341,0.902439,-0.004878049,0.52427185,0.902439
2018-1-10T13-49-21,1515588561342,0.92195123,0.014634146,0.4563107,0.92195123
2018-1-10T13-49-21,1515588561343,0.9512195,0.034146342,0.44660193,0.9512195
2018-1-10T13-49-21,1515588561344,0.92195123,0.024390243,0.47572815,0.92195123
2018-1-10T13-49-21,1515588561345,0.8926829,0.034146342,0.49514562,0.8926829
2018-1-10T13-49-21,1515588561346,0.85365856,-0.004878049,0.49514562,0.85365856
2018-1-10T13-49-21,1515588561347,0.902439,-0.014634146,0.42718446,0.902439
2018-1-10T13-49-21,1515588561348,0.81463414,-0.06341463,0.4563107,0.81463414
2018-1-10T13-49-21,1515588561349,0.82439023,-0.034146342,0.44660193,0.82439023
2018-1-10T13-49-21,1515588561350,0.8341463,-0.043902438,0.4368932,0.8341463
2018-1-10T13-49-21,1515588561351,0.82439023,-0.043902438,0.4368932,0.82439023
2018-1-10T13-49-21,1515588561352,0.85365856,-0.034146342,0.39805827,0.85365856
2018-1-10T13-49-21,1515588561353,0.80487806,-0.034146342,0.407767,0.80487806
2018-1-10T13-49-21,1515588561354,0.81463414,-0.043902438,0.4854369,0.81463414
2018-1-10T13-49-21,1515588561355,0.8341463,-0.034146342,0.47572815,0.8341463
2018-1-10T13-49-21,1515588561356,0.86341465,-0.014634146,0.4563107,0.86341465
2018-1-10T13-49-21,1515588561357,0.8829268,-0.004878049,0.407767,0.8829268
2018-1-10T13-49-21,1515588561358,0.85365856,-0.014634146,0.4368932,0.85365856
2018-1-10T13-49-21,1515588561359,0.84390247,-0.024390243,0.42718446,0.84390247
2018-1-10T13-49-21,1515588561360,0.81463414,-0.06341463,0.42718446,0.81463414
2018-1-10T13-49-21,1515588561361,0.79512197,-0.034146342,0.41747573,0.79512197
2018-1-10T13-49-21,1515588561362,0.81463414,-0.043902438,0.41747573,0.81463414
2018-1-10T13-49-21,1515588561363,0.82439023,-0.053658538,0.46601942,0.82439023
2018-1-10T13-49-21,1515588561364,0.86341465,-0.024390243,0.47572815,0.86341465
2018-1-10T13-49-21,1515588561365,0.92195123,-0.024390243,0.46601942,0.92195123
2018-1-10T13-49-21,1515588561366,0.9317073,-0.004878049,0.46601942,0.9317073
2018-1-10T13-49-21,1515588561367,0.902439,0.004878049,0.47572815,0.902439
2018-1-10T13-49-21,1515588561368,0.8926829,-0.014634146,0.47572815,0.8926829
2018-1-10T13-49-21,1515588561369,0.86341465,0.004878049,0.52427185,0.86341465
2018-1-10T13-49-21,1515588561370,0.84390247,-0.004878049,0.44660193,0.84390247
2018-1-10T13-49-21,1515588561371,0.82439023,-0.014634146,0.4563107,0.82439023
2018-1-10T13-49-21,1515588561372,0.8341463,-0.014634146,0.4368932,0.8341463
2018-1-10T13-49-21,1515588561373,0.81463414,0.014634146,0.41747573,0.81463414
2018-1-10T13-49-21,1515588561374,0.85365856,-0.004878049,0.41747573,0.85365856
2018-1-10T13-49-21,1515588561375,0.81463414,-0.024390243,0.407767,0.81463414
2018-1-10T13-49-21,1515588561376,0.85365856,0.024390243,0.41747573,0.85365856
2018-1-10T13-49-21,1515588561377,0.80487806,-0.004878049,0.46601942,0.80487806
2018-1-10T13-49-21,1515588561378,0.8341463,-0.034146342,0.4854369,0.8341463
2018-1-10T13-49-21,1515588561379,0.86341465,-0.014634146,0.44660193,0.86341465
2018-1-10T13-49-21,1515588561380,0.85365856,-0.014634146,0.4368932,0.85365856
2018-1-10T13-49-21,1515588561381,0.8829268,-0.024390243,0.44660193,0.8829268
2018-1-10T13-49-21,1515588561382,0.9609756,-0.004878049,0.46601942,0.9609756
2018-1-10T13-49-21,1515588561383,0.86341465,0.004878049,0.4368932,0.86341465
2018-1-10T13-49-21,1515588561384,0.84390247,-0.004878049,0.41747573,0.84390247
2018-1-10T13-49-21,1515588561385,0.84390247,0.034146342,0.4368932,0.84390247
2018-1-10T13-49-21,1515588561386,0.82439023,-0.024390243,0.4368932,0.82439023
2018-1-10T13-49-21,1515588561387,0.84390247,0.06341463,0.4368932,0.84390247
2018-1-10T13-49-21,1515588561388,0.85365856,-0.034146342,0.44660193,0.85365856
2018-1-10T13-49-21,1515588561389,0.8829268,-0.034146342,0.46601942,0.8829268
2018-1-10T13-49-21,1515588561390,0.86341465,-0.043902438,0.44660193,0.86341465
2018-1-10T13-49-21,1515588561391,0.84390247,0.014634146,0.41747573,0.84390247
2018-1-10T13-49-21,1515588561392,0.8341463,0.014634146,0.4563107,0.8341463
2018-1-10T13-49-21,1515588561393,0.80487806,-0.043902438,0.5145631,0.80487806
2018-1-10T13-49-21,1515588561394,0.84390247,-0.053658538,0.44660193,0.84390247
2018-1-10T13-49-21,1515588561395,0.8341463,-0.024390243,0.3883495,0.8341463
2018-1-10T13-49-21,1515588561396,0.8341463,-0.053658538,0.407767,0.8341463
2018-1-10T13-49-21,1515588561397,0.8341463,-0.08292683,0.4368932,0.8341463
2018-1-10T13-49-21,1515588561398,0.77560973,-0.024390243,0.407767,0.77560973
2018-1-10T13-49-21,1515588561399,0.79512197,-0.024390243,0.36893204,0.79512197
2018-1-10T13-49-21,1515588561400,0.7853659,-0.014634146,0.39805827,0.7853659
2018-1-10T13-49-21,1515588561401,0.80487806,-0.024390243,0.47572815,0.80487806
2018-1-10T13-49-21,1515588561402,0.85365856,-0.024390243,0.4854369,0.85365856
2018-1-10T13-49-21,1515588561403,0.8926829,0.004878049,0.4563107,0.8926829
2018-1-10T13-49-21,1515588561404,0.902439,0.014634146,0.39805827,0.902439
2018-1-10T13-49-21,1515588561405,0.9317073,-0.004878049,0.49514562,0.9317073
2018-1-10T13-49-21,1515588561406,0.91219515,-0.004878049,0.5339806,0.91219515
2018-1-10T13-49-21,1515588561407,0.902439,-0.034146342,0.5048544,0.902439
2018-1-10T13-49-21,1515588561408,0.86341465,-0.014634146,0.407767,0.86341465
2018-1-10T13-49-21,1515588561409,0.8341463,-0.034146342,0.3883495,0.8341463
2018-1-10T13-49-21,1515588561410,0.82439023,-0.024390243,0.44660193,0.82439023
2018-1-10T13-49-21,1515588561411,0.81463414,-0.034146342,0.44660193,0.81463414
2018-1-10T13-49-21,1515588561412,0.80487806,-0.034146342,0.4368932,0.80487806
2018-1-10T13-49-21,1515588561413,0.8341463,-0.034146342,0.46601942,0.8341463
2018-1-10T13-49-21,1515588561414,0.82439023,-0.034146342,0.4563107,0.82439023
2018-1-10T13-49-21,1515588561415,0.85365856,-0.034146342,0.4563107,0.85365856
2018-1-10T13-49-21,1515588561416,0.85365856,-0.014634146,0.4368932,0.85365856
2018-1-10T13-49-21,1515588561417,0.84390247,-0.004878049,0.407767,0.84390247
2018-1-10T13-49-21,1515588561418,0.8341463,0.004878049,0.42718446,0.8341463
2018-1-10T13-49-21,1515588561419,0.79512197,-0.004878049,0.4563107,0.79512197
2018-1-10T13-49-21,1515588561420,0.8341463,-0.034146342,0.4368932,0.8341463
2018-1-10T13-49-21,1515588561421,0.84390247,-0.014634146,0.407767,0.84390247
2018-1-10T13-49-21,1515588561422,0.8341463,-0.034146342,0.44660193,0.8341463
2018-1-10T13-49-21,1515588561423,0.8341463,-0.014634146,0.44660193,0.8341463
2018-1-10T13-49-21,1515588561424,0.85365856,-0.034146342,0.44660193,0.85365856
2018-1-10T13-49-21,1515588561425,0.85365856,0.004878049,0.46601942,0.85365856
2018-1-10T13-49-21,1515588561426,0.8926829,-0.004878049,0.47572815,0.8926829
2018-1-10T13-49-21,1515588561427,0.8926829,-0.024390243,0.44660193,0.8926829
2018-1-10T13-49-21,1515588561428,0.86341465,-0.034146342,0.46601942,0.86341465
2018-1-10T13-49-21,1515588561429,0.85365856,-0.053658538,0.4854369,0.85365856
2018-1-10T13-49-21,1515588561430,0.86341465,-0.08292683,0.4563107,0.86341465
2018-1-10T13-49-21,1515588561431,0.8341463,-0.043902438,0.407767,0.8341463
2018-1-10T13-49-21,1515588561432,0.7853659,-0.053658538,0.3883495,0.7853659
2018-1-10T13-49-21,1515588561433,0.79512197,-0.034146342,0.407767,0.79512197
2018-1-10T13-49-21,1515588561434,0.84390247,-0.034146342,0.44660193,0.84390247
2018-1-10T13-49-21,1515588561435,0.87317073,-0.043902438,0.4563107,0.87317073
2018-1-10T13-49-21,1515588561436,0.87317073,-0.024390243,0.4563107,0.87317073
2018-1-10T13-49-21,1515588561437,0.8926829,-0.004878049,0.39805827,0.8926829
2018-1-10T13-49-21,1515588561438,0.902439,0.004878049,0.46601942,0.902439
2018-1-10T13-49-21,1515588561439,0.92195123,-0.014634146,0.4854369,0.92195123
2018-1-10T13-49-21,1515588561440,0.87317073,-0.014634146,0.4854369,0.87317073
2018-1-10T13-49-21,1515588561441,0.84390247,-0.004878049,0.41747573,0.84390247
2018-1-10T13-49-21,1515588561442,0.82439023,-0.024390243,0.39805827,0.82439023
2018-1-10T13-49-21,1515588561443,0.79512197,-0.024390243,0.41747573,0.79512197
2018-1-10T13-49-21,1515588561444,0.79512197,-0.024390243,0.407767,0.79512197
2018-1-10T13-49-21,1515588561445,0.75609756,-0.024390243,0.42718446,0.75609756
2018-1-10T13-49-21,1515588561446,0.8341463,-0.034146342,0.4563107,0.8341463
2018-1-10T13-49-21,1515588561447,0.84390247,-0.043902438,0.44660193,0.84390247
2018-1-10T13-49-21,1515588561448,0.85365856,-0.024390243,0.42718446,0.85365856
2018-1-10T13-49-21,1515588561449,0.84390247,-0.034146342,0.42718446,0.84390247
2018-1-10T13-49-21,1515588561450,0.8829268,-0.014634146,0.4563107,0.8829268
2018-1-10T13-49-21,1515588561451,0.85365856,-0.034146342,0.52427185,0.85365856
2018-1-10T13-49-21,1515588561452,0.902439,-0.043902438,0.4854369,0.902439
2018-1-10T13-49-21,1515588561453,0.902439,-0.024390243,0.42718446,0.902439
2018-1-10T13-49-21,1515588561454,0.8829268,0.043902438,0.407767,0.8829268
2018-1-10T13-49-21,1515588561455,0.85365856,-0.014634146,0.44660193,0.85365856
2018-1-10T13-49-21,1515588561456,0.81463414,-0.004878049,0.4563107,0.81463414
2018-1-10T13-49-21,1515588561457,0.82439023,0.004878049,0.42718446,0.82439023
2018-1-10T13-49-21,1515588561458,0.81463414,0.024390243,0.4368932,0.81463414
2018-1-10T13-49-21,1515588561459,0.85365856,0.034146342,0.44660193,0.85365856
2018-1-10T13-49-21,1515588561460,0.87317073,0.014634146,0.47572815,0.87317073
2018-1-10T13-49-21,1515588561461,0.86341465,0.043902438,0.47572815,0.86341465
2018-1-10T13-49-21,1515588561462,0.87317073,-0.024390243,0.44660193,0.87317073
2018-1-10T13-49-21,1515588561463,0.8341463,-0.053658538,0.41747573,0.8341463
2018-1-10T13-49-21,1515588561464,0.79512197,-0.06341463,0.42718446,0.79512197
2018-1-10T13-49-21,1515588561465,0.77560973,-0.09268293,0.42718446,0.77560973
2018-1-10T13-49-21,1515588561466,0.75609756,-0.08292683,0.44660193,0.75609756
2018-1-10T13-49-21,1515588561467,0.80487806,-0.043902438,0.3883495,0.80487806
2018-1-10T13-49-21,1515588561468,0.7853659,-0.043902438,0.407767,0.7853659
2018-1-10T13-49-21,1515588561469,0.86341465,-0.034146342,0.47572815,0.86341465
2018-1-10T13-49-21,1515588561470,0.902439,-0.014634146,0.46601942,0.902439
2018-1-10T13-49-21,1515588561471,0.87317073,0.6585366,0.47572815,0.87317073
2018-1-10T13-49-21,1515588561472,0.91219515,0.024390243,0.46601942,0.91219515
2018-1-10T13-49-21,1515588561473,0.8926829,0.004878049,0.46601942,0.8926829
2018-1-10T13-49-21,1515588561474,0.84390247,-0.004878049,0.4854369,0.84390247
2018-1-10T13-49-21,1515588561475,0.85365856,-0.043902438,0.4563107,0.85365856
2018-1-10T13-49-21,1515588561476,0.82439023,0.024390243,0.42718446,0.82439023
2018-1-10T13-49-21,1515588561477,0.82439023,-0.053658538,0.407767,0.82439023
2018-1-10T13-49-21,1515588561478,0.80487806,-0.034146342,0.3883495,0.80487806
2018-1-10T13-49-21,1515588561479,0.76585364,-0.043902438,0.39805827,0.76585364
2018-1-10T13-49-21,1515588561480,0.7853659,-0.043902438,0.44660193,0.7853659
2018-1-10T13-49-21,1515588561481,0.81463414,-0.034146342,0.3398058,0.81463414
2018-1-10T13-49-21,1515588561482,0.8341463,-0.014634146,0.42718446,0.8341463
2018-1-10T13-49-21,1515588561483,0.87317073,-0.004878049,0.39805827,0.87317073
2018-1-10T13-49-21,1515588561484,0.87317073,0.004878049,0.27184466,0.87317073
2018-1-10T13-49-21,1515588561485,0.87317073,0.034146342,0.46601942,0.87317073
2018-1-10T13-49-21,1515588561486,0.81463414,-0.004878049,0.46601942,0.81463414
2018-1-10T13-49-21,1515588561487,0.8829268,0.004878049,0.46601942,0.8829268
2018-1-10T13-49-21,1515588561488,0.85365856,-0.034146342,0.66019416,0.85365856
2018-1-10T13-49-21,1515588561489,0.8829268,-0.014634146,0.4368932,0.8829268
2018-1-10T13-49-21,1515588561490,0.85365856,-0.024390243,0.41747573,0.85365856
2018-1-10T13-49-21,1515588561491,0.8829268,-0.014634146,0.41747573,0.8829268
2018-1-10T13-49-21,1515588561492,0.85365856,-0.043902438,0.4368932,0.85365856
2018-1-10T13-49-21,1515588561493,0.82439023,-0.014634146,0.46601942,0.82439023
2018-1-10T13-49-21,1515588561494,0.8829268,-0.014634146,0.49514562,0.8829268
2018-1-10T13-49-21,1515588561495,0.87317073,-0.034146342,0.4854369,0.87317073
2018-1-10T13-49-21,1515588561496,0.86341465,-0.043902438,0.4563107,0.86341465
2018-1-10T13-49-21,1515588561497,0.86341465,-0.06341463,0.4368932,0.86341465
2018-1-10T13-49-21,1515588561498,0.86341465,-0.024390243,0.42718446,0.86341465
2018-1-10T13-49-21,1515588561499,0.8341463,-0.014634146,0.41747573,0.8341463
2018-1-10T13-49-21,1515588561500,0.79512197,-0.004878049,0.41747573,0.79512197
2018-1-10T13-49-21,1515588561501,0.80487806,-0.014634146,0.39805827,0.80487806
2018-1-10T13-49-21,1515588561502,0.82439023,-0.024390243,0.4368932,0.82439023
2018-1-10T13-49-21,1515588561503,0.84390247,-0.004878049,0.41747573,0.84390247
2018-1-10T13-49-21,1515588561504,0.84390247,-0.024390243,0.39805827,0.84390247
2018-1-10T13-49-21,1515588561505,0.84390247,-0.004878049,0.407767,0.84390247
2018-1-10T13-49-21,1515588561506,0.85365856,-0.08292683,0.44660193,0.85365856
2018-1-10T13-49-21,1515588561507,0.8341463,-0.034146342,0.4563107,0.8341463
2018-1-10T13-49-21,1515588561508,0.8341463,-0.06341463,0.47572815,0.8341463
2018-1-10T13-49-21,1515588561509,0.86341465,-0.034146342,0.4854369,0.86341465
2018-1-10T13-49-21,1515588561510,0.86341465,-0.014634146,0.4563107,0.86341465
2018-1-10T13-49-21,1515588561511,0.87317073,-0.034146342,0.4854369,0.87317073
2018-1-10T13-49-21,1515588561512,0.8926829,-0.053658538,0.49514562,0.8926829
2018-1-10T13-49-21,1515588561513,0.86341465,-0.06341463,0.4854369,0.86341465
2018-1-10T13-49-21,1515588561514,0.8926829,-0.034146342,0.49514562,0.8926829
2018-1-10T13-49-21,1515588561515,0.86341465,0.004878049,0.39805827,0.86341465
2018-1-10T13-49-21,1515588561516,0.84390247,0.004878049,0.41747573,0.84390247
2018-1-10T13-49-21,1515588561517,0.80487806,-0.014634146,0.44660193,0.80487806
2018-1-10T13-49-21,1515588561518,0.82439023,-0.014634146,0.41747573,0.82439023
2018-1-10T13-49-21,1515588561519,0.81463414,-0.004878049,0.37864077,0.81463414
2018-1-10T13-49-21,1515588561520,0.81463414,-0.004878049,0.407767,0.81463414
2018-1-10T13-49-21,1515588561521,0.82439023,-0.014634146,0.46601942,0.82439023
2018-1-10T13-49-21,1515588561522,0.84390247,-0.034146342,0.4854369,0.84390247
2018-1-10T13-49-21,1515588561523,0.85365856,-0.004878049,0.4563107,0.85365856
2018-1-10T13-49-21,1515588561524,0.91219515,-0.034146342,0.46601942,0.91219515
2018-1-10T13-49-21,1515588561525,0.87317073,-0.024390243,0.41747573,0.87317073
2018-1-10T13-49-21,1515588561526,0.87317073,-0.053658538,0.46601942,0.87317073
2018-1-10T13-49-21,1515588561527,0.85365856,-0.014634146,0.4854369,0.85365856
2018-1-10T13-49-21,1515588561528,0.87317073,0.024390243,0.4563107,0.87317073
2018-1-10T13-49-21,1515588561529,0.87317073,-0.024390243,0.4563107,0.87317073
2018-1-10T13-49-21,1515588561530,0.8926829,-0.014634146,0.47572815,0.8926829
2018-1-10T13-49-21,1515588561531,0.87317073,-0.024390243,0.4563107,0.87317073
2018-1-10T13-49-21,1515588561532,0.8341463,-0.004878049,0.42718446,0.8341463
2018-1-10T13-49-21,1515588561533,0.85365856,-0.024390243,0.097087376,0.85365856
2018-1-10T13-49-21,1515588561534,0.82439023,-0.024390243,0.47572815,0.82439023
2018-1-10T13-49-21,1515588561535,0.81463414,-0.053658538,0.41747573,0.81463414
2018-1-10T13-49-21,1515588561536,0.75609756,-0.043902438,0.37864077,0.75609756
2018-1-10T13-49-21,1515588561537,0.79512197,-0.034146342,0.41747573,0.79512197
2018-1-10T13-49-21,1515588561538,0.79512197,-0.034146342,0.4563107,0.79512197
2018-1-10T13-49-21,1515588561539,0.82439023,-0.034146342,0.46601942,0.82439023
2018-1-10T13-49-21,1515588561540,0.84390247,-0.034146342,0.37864077,0.84390247
2018-1-10T13-49-21,1515588561541,0.87317073,-0.024390243,0.39805827,0.87317073
2018-1-10T13-49-21,1515588561542,0.86341465,0.034146342,0.46601942,0.86341465
2018-1-10T13-49-21,1515588561543,0.8926829,-0.024390243,0.47572815,0.8926829
2018-1-10T13-49-21,1515588561544,0.86341465,-0.024390243,0.47572815,0.86341465
2018-1-10T13-49-21,1515588561545,0.85365856,-0.034146342,0.42718446,0.85365856
2018-1-10T13-49-21,1515588561546,0.85365856,-0.034146342,0.41747573,0.85365856
2018-1-10T13-49-21,1515588561547,0.85365856,-0.014634146,0.4368932,0.85365856
2018-1-10T13-49-21,1515588561548,0.82439023,-0.014634146,0.4563107,0.82439023
2018-1-10T13-49-21,1515588561549,0.82439023,0.004878049,0.4368932,0.82439023
2018-1-10T13-49-21,1515588561550,0.82439023,0.034146342,0.4368932,0.82439023
2018-1-10T13-49-21,1515588561551,0.87317073,0.014634146,0.4368932,0.87317073
2018-1-10T13-49-21,1515588561552,0.86341465,-0.004878049,0.4368932,0.86341465
2018-1-10T13-49-21,1515588561553,0.86341465,0.014634146,0.46601942,0.86341465
2018-1-10T13-49-21,1515588561554,0.8829268,-0.004878049,0.4854369,0.8829268
2018-1-10T13-49-21,1515588561555,0.87317073,-0.004878049,0.4854369,0.87317073
2018-1-10T13-49-21,1515588561556,0.8829268,-0.004878049,0.41747573,0.8829268
2018-1-10T13-49-21,1515588561557,0.82439023,-0.014634146,0.41747573,0.82439023
2018-1-10T13-49-21,1515588561558,0.82439023,-0.053658538,0.44660193,0.82439023
2018-1-10T13-49-21,1515588561559,0.7853659,-0.014634146,0.47572815,0.7853659
2018-1-10T13-49-21,1515588561560,0.81463414,-0.034146342,0.42718446,0.81463414
2018-1-10T13-49-21,1515588561561,0.79512197,-0.07317073,0.39805827,0.79512197
2018-1-10T13-49-21,1515588561562,0.82439023,-0.024390243,0.42718446,0.82439023
2018-1-10T13-49-21,1515588561563,0.84390247,-0.09268293,0.5145631,0.84390247
2018-1-10T13-49-21,1515588561564,0.86341465,-0.07317073,0.47572815,0.86341465
2018-1-10T13-49-21,1515588561565,0.8829268,-0.024390243,0.41747573,0.8829268
2018-1-10T13-49-21,1515588561566,0.86341465,-0.014634146,0.4563107,0.86341465
2018-1-10T13-49-21,1515588561567,0.86341465,-0.034146342,0.46601942,0.86341465
2018-1-10T13-49-21,1515588561568,0.8341463,0.024390243,0.4368932,0.8341463
2018-1-10T13-49-21,1515588561569,0.82439023,-0.034146342,0.39805827,0.82439023
2018-1-10T13-49-21,1515588561570,0.81463414,-0.034146342,0.4368932,0.81463414
2018-1-10T13-49-21,1515588561571,0.79512197,-0.034146342,0.4368932,0.79512197
2018-1-10T13-49-21,1515588561572,0.82439023,-0.043902438,0.4368932,0.82439023
2018-1-10T13-49-21,1515588561573,0.8341463,-0.034146342,0.41747573,0.8341463
2018-1-10T13-49-21,1515588561574,0.87317073,-0.014634146,0.4563107,0.87317073
2018-1-10T13-49-21,1515588561575,0.8829268,-0.024390243,0.4854369,0.8829268
2018-1-10T13-49-21,1515588561576,0.8829268,-0.004878049,0.47572815,0.8829268
2018-1-10T13-49-21,1515588561577,0.9317073,0.014634146,0.4854369,0.9317073
2018-1-10T13-49-21,1515588561578,0.87317073,0.043902438,0.41747573,0.87317073
2018-1-10T13-49-21,1515588561579,0.85365856,0.10243902,0.42718446,0.85365856
2018-1-10T13-49-21,1515588561580,0.84390247,0.024390243,0.44660193,0.84390247
2018-1-10T13-49-21,1515588561581,0.82439023,-0.004878049,0.46601942,0.82439023
2018-1-10T13-49-21,1515588561582,0.8341463,-0.004878049,0.4368932,0.8341463
2018-1-10T13-49-21,1515588561583,0.85365856,-0.034146342,0.407767,0.85365856
2018-1-10T13-49-21,1515588561584,0.82439023,-0.07317073,0.41747573,0.82439023
2018-1-10T13-49-21,1515588561585,0.81463414,-0.06341463,0.46601942,0.81463414
2018-1-10T13-49-21,1515588561586,0.84390247,-0.024390243,0.4563107,0.84390247
2018-1-10T13-49-21,1515588561587,0.84390247,-0.024390243,0.44660193,0.84390247
2018-1-10T13-49-21,1515588561588,0.85365856,-0.024390243,0.407767,0.85365856
2018-1-10T13-49-21,1515588561589,0.84390247,-0.024390243,0.44660193,0.84390247
2018-1-10T13-49-21,1515588561590,0.8341463,-0.014634146,0.47572815,0.8341463
2018-1-10T13-49-21,1515588561591,0.86341465,-0.06341463,0.44660193,0.86341465
2018-1-10T13-49-21,1515588561592,0.86341465,-0.034146342,0.4368932,0.86341465
2018-1-10T13-49-21,1515588561593,0.87317073,-0.014634146,0.39805827,0.87317073
2018-1-10T13-49-21,1515588561594,0.80487806,-0.004878049,0.3883495,0.80487806
2018-1-10T13-49-21,1515588561595,0.8829268,0.024390243,0.46601942,0.8829268
2018-1-10T13-49-21,1515588561596,0.8341463,-0.034146342,0.5048544,0.8341463
2018-1-10T13-49-21,1515588561597,0.84390247,-0.034146342,0.4368932,0.84390247
2018-1-10T13-49-21,1515588561598,0.86341465,-0.024390243,0.41747573,0.86341465
2018-1-10T13-49-21,1515588561599,0.8926829,-0.024390243,0.49514562,0.8926829
2018-1-10T13-49-21,1515588561600,0.86341465,-0.024390243,0.5048544,0.86341465
2018-1-10T13-49-21,1515588561601,0.87317073,-0.004878049,0.4368932,0.87317073
2018-1-10T13-49-21,1515588561602,0.85365856,0.004878049,0.41747573,0.85365856
2018-1-10T13-49-21,1515588561603,0.84390247,0.004878049,0.44660193,0.84390247
2018-1-10T13-49-21,1515588561604,0.86341465,-0.024390243,0.4368932,0.86341465
2018-1-10T13-49-21,1515588561605,0.81463414,-0.024390243,0.39805827,0.81463414
2018-1-10T13-49-21,1515588561606,0.81463414,-0.014634146,0.41747573,0.81463414
2018-1-10T13-49-21,1515588561607,0.81463414,-0.024390243,0.44660193,0.81463414
2018-1-10T13-49-21,1515588561608,0.80487806,-0.053658538,0.44660193,0.80487806
2018-1-10T13-49-21,1515588561609,0.81463414,-0.024390243,0.407767,0.81463414
2018-1-10T13-49-21,1515588561610,0.81463414,-0.034146342,0.41747573,0.81463414
2018-1-10T13-49-21,1515588561611,0.7853659,-0.014634146,0.4368932,0.7853659
2018-1-10T13-49-21,1515588561612,0.82439023,0.11219512,0.4563107,0.82439023
2018-1-10T13-49-21,1515588561613,0.8341463,-0.014634146,0.47572815,0.8341463
2018-1-10T13-49-21,1515588561614,0.87317073,-0.034146342,0.49514562,0.87317073
2018-1-10T13-49-21,1515588561615,0.9317073,-0.004878049,0.4854369,0.9317073
2018-1-10T13-49-21,1515588561616,0.902439,-0.014634146,0.4563107,0.902439
2018-1-10T13-49-21,1515588561617,0.82439023,-0.004878049,0.4563107,0.82439023
2018-1-10T13-49-21,1515588561618,0.87317073,-0.024390243,0.4368932,0.87317073
2018-1-10T13-49-21,1515588561619,0.82439023,-0.034146342,0.39805827,0.82439023
2018-1-10T13-49-21,1515588561620,0.76585364,-0.06341463,0.39805827,0.76585364
2018-1-10T13-49-21,1515588561621,0.75609756,-0.06341463,0.4368932,0.75609756
2018-1-10T13-49-21,1515588561622,0.7853659,-0.06341463,0.47572815,0.7853659
2018-1-10T13-49-21,1515588561623,0.79512197,-0.06341463,0.49514562,0.79512197
2018-1-10T13-49-21,1515588561624,0.91219515,0.024390243,0.42718446,0.91219515
2018-1-10T13-49-21,1515588561625,0.91219515,-0.043902438,0.4368932,0.91219515
2018-1-10T13-49-21,1515588561626,0.8926829,0.014634146,0.4368932,0.8926829
2018-1-10T13-49-21,1515588561627,0.79512197,-0.024390243,0.47572815,0.79512197
2018-1-10T13-49-21,1515588561628,0.8341463,-0.004878049,0.5048544,0.8341463
2018-1-10T13-49-21,1515588561629,0.8341463,-0.014634146,0.4563107,0.8341463
2018-1-10T13-49-21,1515588561630,0.80487806,-0.004878049,0.41747573,0.80487806
2018-1-10T13-49-21,1515588561631,0.8341463,-0.014634146,0.44660193,0.8341463
2018-1-10T13-49-21,1515588561632,0.902439,-0.004878049,0.44660193,0.902439
2018-1-10T13-49-21,1515588561633,0.87317073,0.014634146,0.44660193,0.87317073
2018-1-10T13-49-21,1515588561634,0.84390247,-0.004878049,0.4563107,0.84390247
2018-1-10T13-49-21,1515588561635,0.84390247,-0.024390243,0.4563107,0.84390247
2018-1-10T13-49-21,1515588561636,0.8341463,-0.024390243,0.46601942,0.8341463
2018-1-10T13-49-21,1515588561637,0.84390247,-0.024390243,0.4563107,0.84390247
2018-1-10T13-49-21,1515588561638,0.85365856,-0.014634146,0.42718446,0.85365856
2018-1-10T13-49-21,1515588561639,0.8341463,-0.043902438,0.42718446,0.8341463
2018-1-10T13-49-21,1515588561640,0.82439023,-0.043902438,0.4368932,0.82439023
2018-1-10T13-49-21,1515588561641,0.81463414,-0.053658538,0.407767,0.81463414
2018-1-10T13-49-21,1515588561642,0.75609756,-0.034146342,0.42718446,0.75609756
2018-1-10T13-49-21,1515588561643,0.82439023,-0.053658538,0.42718446,0.82439023
2018-1-10T13-49-21,1515588561644,0.81463414,-0.053658538,0.41747573,0.81463414
2018-1-10T13-49-21,1515588561645,0.75609756,-0.014634146,0.42718446,0.75609756
2018-1-10T13-49-21,1515588561646,0.86341465,-0.004878049,0.47572815,0.86341465
2018-1-10T13-49-21,1515588561647,0.92195123,0.004878049,0.46601942,0.92195123
2018-1-10T13-49-21,1515588561648,0.91219515,0.08292683,0.44660193,0.91219515
2018-1-10T13-49-21,1515588561649,0.8829268,-0.014634146,0.4368932,0.8829268
2018-1-10T13-49-21,1515588561650,0.84390247,-0.014634146,0.4563107,0.84390247
2018-1-10T13-49-21,1515588561651,0.80487806,-0.043902438,0.4563107,0.80487806
2018-1-10T13-49-21,1515588561652,0.7853659,-0.07317073,0.4368932,0.7853659
2018-1-10T13-49-21,1515588561653,0.76585364,-0.10243902,0.39805827,0.76585364
2018-1-10T13-49-21,1515588561654,0.81463414,-0.08292683,0.41747573,0.81463414
2018-1-10T13-49-21,1515588561655,0.82439023,-0.07317073,0.4368932,0.82439023
2018-1-10T13-49-21,1515588561656,0.85365856,-0.024390243,0.44660193,0.85365856
2018-1-10T13-49-21,1515588561657,0.84390247,-0.014634146,0.42718446,0.84390247
2018-1-10T13-49-21,1515588561658,0.84390247,0.014634146,0.4368932,0.84390247
2018-1-10T13-49-21,1515588561659,0.86341465,0.034146342,0.44660193,0.86341465
2018-1-10T13-49-21,1515588561660,0.87317073,0.024390243,0.49514562,0.87317073
2018-1-10T13-49-21,1515588561661,0.902439,0.024390243,0.4854369,0.902439
2018-1-10T13-49-21,1515588561662,0.902439,0.014634146,0.42718446,0.902439
2018-1-10T13-49-21,1515588561663,0.8829268,0.004878049,0.42718446,0.8829268
2018-1-10T13-49-21,1515588561664,0.8829268,0.004878049,0.46601942,0.8829268
2018-1-10T13-49-21,1515588561665,0.85365856,0.014634146,0.47572815,0.85365856
2018-1-10T13-49-21,1515588561666,0.8341463,-0.004878049,0.44660193,0.8341463
2018-1-10T13-49-21,1515588561667,0.82439023,-0.043902438,0.44660193,0.82439023
2018-1-10T13-49-21,1515588561668,0.8829268,-0.043902438,0.4563107,0.8829268
2018-1-10T13-49-21,1515588561669,0.85365856,-0.06341463,0.3883495,0.85365856
2018-1-10T13-49-21,1515588561670,0.84390247,-0.034146342,0.4854369,0.84390247
2018-1-10T13-49-21,1515588561671,0.87317073,-0.043902438,0.47572815,0.87317073
2018-1-10T13-49-21,1515588561672,0.85365856,-0.053658538,0.41747573,0.85365856
2018-1-10T13-49-21,1515588561673,0.82439023,-0.034146342,0.3592233,0.82439023
2018-1-10T13-49-21,1515588561674,0.79512197,-0.024390243,0.3883495,0.79512197
2018-1-10T13-49-21,1515588561675,0.82439023,0.043902438,0.4368932,0.82439023
2018-1-10T13-49-21,1515588561676,0.75609756,-0.06341463,0.4368932,0.75609756
2018-1-10T13-49-21,1515588561677,0.77560973,-0.014634146,0.41747573,0.77560973
2018-1-10T13-49-21,1515588561678,0.86341465,-0.034146342,0.44660193,0.86341465
2018-1-10T13-49-21,1515588561679,0.8926829,-0.034146342,0.47572815,0.8926829
2018-1-10T13-49-21,1515588561680,0.9609756,-0.004878049,0.4854369,0.9609756
2018-1-10T13-49-21,1515588561681,0.9317073,-0.034146342,0.46601942,0.9317073
2018-1-10T13-49-21,1515588561682,0.8926829,0.024390243,0.4563107,0.8926829
2018-1-10T13-49-21,1515588561683,0.85365856,0.004878049,0.39805827,0.85365856
2018-1-10T13-49-21,1515588561684,0.84390247,-0.004878049,0.47572815,0.84390247
2018-1-10T13-49-21,1515588561685,0.8341463,-0.034146342,0.4563107,0.8341463
2018-1-10T13-49-21,1515588561686,0.81463414,-0.053658538,0.407767,0.81463414
2018-1-10T13-49-21,1515588561687,0.81463414,-0.043902438,0.3883495,0.81463414
2018-1-10T13-49-21,1515588561688,0.80487806,-0.043902438,0.407767,0.80487806
2018-1-10T13-49-21,1515588561689,0.7853659,-0.043902438,0.4563107,0.7853659
2018-1-10T13-49-21,1515588561690,0.7853659,-0.034146342,0.42718446,0.7853659
2018-1-10T13-49-21,1515588561691,0.80487806,-0.004878049,0.44660193,0.80487806
2018-1-10T13-49-21,1515588561692,0.84390247,-0.004878049,0.46601942,0.84390247
2018-1-10T13-49-21,1515588561693,0.8829268,-0.004878049,0.4854369,0.8829268
2018-1-10T13-49-21,1515588561694,1.0390244,-0.014634146,0.46601942,1.0390244
2018-1-10T13-49-21,1515588561695,0.902439,-0.004878049,0.44660193,0.902439
2018-1-10T13-49-21,1515588561696,0.8926829,0.004878049,0.1553398,0.8926829
2018-1-10T13-49-21,1515588561697,0.79512197,-0.034146342,0.407767,0.79512197
2018-1-10T13-49-21,1515588561698,0.77560973,-0.053658538,0.46601942,0.77560973
2018-1-10T13-49-21,1515588561699,0.77560973,-0.043902438,0.4563107,0.77560973
2018-1-10T13-49-21,1515588561700,0.8341463,-0.06341463,0.4563107,0.8341463
2018-1-10T13-49-21,1515588561701,0.86341465,-0.07317073,0.44660193,0.86341465
2018-1-10T13-49-21,1515588561702,0.91219515,0.08292683,0.44660193,0.91219515
2018-1-10T13-49-21,1515588561703,0.9317073,-0.034146342,0.47572815,0.9317073
2018-1-10T13-49-21,1515588561704,0.92195123,-0.014634146,0.52427185,0.92195123
2018-1-10T13-49-21,1515588561705,0.87317073,-0.004878049,0.46601942,0.87317073
2018-1-10T13-49-21,1515588561706,0.84390247,0.004878049,0.42718446,0.84390247
2018-1-10T13-49-21,1515588561707,0.84390247,0.004878049,0.4563107,0.84390247
2018-1-10T13-49-21,1515588561708,0.85365856,0.024390243,0.46601942,0.85365856
2018-1-10T13-49-21,1515588561709,0.82439023,0.004878049,0.42718446,0.82439023
2018-1-10T13-49-21,1515588561710,0.82439023,-0.014634146,0.39805827,0.82439023
2018-1-10T13-49-21,1515588561711,0.8341463,-0.004878049,0.37864077,0.8341463
2018-1-10T13-49-21,1515588561712,0.7853659,-0.034146342,0.41747573,0.7853659
2018-1-10T13-49-21,1515588561713,0.79512197,-0.004878049,0.42718446,0.79512197
2018-1-10T13-49-21,1515588561714,0.7853659,-0.034146342,0.37864077,0.7853659
2018-1-10T13-49-21,1515588561715,0.75609756,-0.024390243,0.42718446,0.75609756
2018-1-10T13-49-21,1515588561716,0.86341465,-0.034146342,0.42718446,0.86341465
2018-1-10T13-49-21,1515588561717,0.87317073,-0.034146342,0.4563107,0.87317073
2018-1-10T13-49-21,1515588561718,0.87317073,0.07317073,0.47572815,0.87317073
2018-1-10T13-49-21,1515588561719,0.8926829,-0.034146342,0.46601942,0.8926829
2018-1-10T13-49-21,1515588561720,0.8829268,-0.043902438,0.4368932,0.8829268
2018-1-10T13-49-21,1515588561721,0.86341465,-0.043902438,0.42718446,0.86341465
2018-1-10T13-49-21,1515588561722,0.84390247,-0.053658538,0.42718446,0.84390247
2018-1-10T13-49-21,1515588561723,0.82439023,-0.043902438,0.4563107,0.82439023
2018-1-10T13-49-21,1515588561724,0.82439023,-0.053658538,0.4368932,0.82439023
2018-1-10T13-49-21,1515588561725,0.84390247,-0.034146342,0.4368932,0.84390247
2018-1-10T13-49-21,1515588561726,0.86341465,-0.024390243,0.44660193,0.86341465
2018-1-10T13-49-21,1515588561727,0.87317073,-0.034146342,0.4854369,0.87317073
2018-1-10T13-49-21,1515588561728,0.92195123,-0.024390243,0.47572815,0.92195123
2018-1-10T13-49-21,1515588561729,0.86341465,-0.024390243,0.42718446,0.86341465
2018-1-10T13-49-21,1515588561730,0.8341463,0.043902438,0.41747573,0.8341463
2018-1-10T13-49-21,1515588561731,0.76585364,-0.043902438,0.4368932,0.76585364
2018-1-10T13-49-21,1515588561732,0.81463414,-0.043902438,0.4368932,0.81463414
2018-1-10T13-49-21,1515588561733,0.81463414,-0.014634146,0.44660193,0.81463414
2018-1-10T13-49-21,1515588561734,0.85365856,-0.004878049,0.41747573,0.85365856
2018-1-10T13-49-21,1515588561735,0.84390247,-0.004878049,0.41747573,0.84390247
2018-1-10T13-49-21,1515588561736,0.86341465,0.004878049,0.41747573,0.86341465
2018-1-10T13-49-21,1515588561737,0.8341463,0.014634146,0.407767,0.8341463
2018-1-10T13-49-21,1515588561738,0.82439023,0.024390243,0.42718446,0.82439023
2018-1-10T13-49-21,1515588561739,0.81463414,0.10243902,0.42718446,0.81463414
2018-1-10T13-49-21,1515588561740,0.81463414,-0.014634146,0.4563107,0.81463414
2018-1-10T13-49-21,1515588561741,0.8829268,-0.014634146,0.46601942,0.8829268
2018-1-10T13-49-21,1515588561742,0.87317073,0.004878049,0.47572815,0.87317073
2018-1-10T13-49-21,1515588561743,0.86341465,-0.004878049,0.46601942,0.86341465
2018-1-10T13-49-21,1515588561744,0.87317073,-0.004878049,0.44660193,0.87317073
2018-1-10T13-49-21,1515588561745,0.86341465,-0.004878049,0.4368932,0.86341465
2018-1-10T13-49-21,1515588561746,0.86341465,-0.004878049,0.44660193,0.86341465
2018-1-10T13-49-21,1515588561747,0.81463414,-0.034146342,0.49514562,0.81463414
2018-1-10T13-49-21,1515588561748,0.84390247,-0.034146342,0.49514562,0.84390247
2018-1-10T13-49-21,1515588561749,0.84390247,-0.07317073,0.4368932,0.84390247
2018-1-10T13-49-21,1515588561750,0.8341463,-0.06341463,0.3592233,0.8341463
2018-1-10T13-49-21,1515588561751,0.81463414,-0.06341463,0.41747573,0.81463414
2018-1-10T13-49-21,1515588561752,0.76585364,-0.12195122,0.46601942,0.76585364
2018-1-10T13-49-21,1515588561753,0.77560973,-0.09268293,0.42718446,0.77560973
2018-1-10T13-49-21,1515588561754,0.80487806,-0.053658538,0.407767,0.80487806
2018-1-10T13-49-21,1515588561755,0.9317073,0.024390243,0.46601942,0.9317073
2018-1-10T13-49-21,1515588561756,0.8926829,-0.004878049,0.49514562,0.8926829
2018-1-10T13-49-21,1515588561757,0.902439,0.014634146,0.4854369,0.902439
2018-1-10T13-49-21,1515588561758,0.9414634,0.024390243,0.47572815,0.9414634
2018-1-10T13-49-21,1515588561759,0.9317073,0.024390243,0.4368932,0.9317073
2018-1-10T13-49-21,1515588561760,0.902439,0.043902438,0.4563107,0.902439
2018-1-10T13-49-21,1515588561761,0.8341463,0.014634146,0.407767,0.8341463
2018-1-10T13-49-21,1515588561762,0.7853659,-0.014634146,0.4854369,0.7853659
2018-1-10T13-49-21,1515588561763,0.75609756,-0.043902438,0.42718446,0.75609756
2018-1-10T13-49-21,1515588561764,0.7853659,-0.034146342,0.407767,0.7853659
2018-1-10T13-49-21,1515588561765,0.79512197,-0.06341463,0.41747573,0.79512197
2018-1-10T13-49-21,1515588561766,0.71707314,-0.053658538,0.4368932,0.71707314
2018-1-10T13-49-21,1515588561767,0.8341463,-0.043902438,0.4368932,0.8341463
2018-1-10T13-49-21,1515588561768,0.84390247,-0.014634146,0.4368932,0.84390247
2018-1-10T13-49-21,1515588561769,0.8341463,0.014634146,0.42718446,0.8341463
2018-1-10T13-49-21,1515588561770,0.81463414,-0.004878049,0.41747573,0.81463414
2018-1-10T13-49-21,1515588561771,0.8341463,-0.024390243,0.39805827,0.8341463
2018-1-10T13-49-21,1515588561772,0.80487806,-0.014634146,0.407767,0.80487806
2018-1-10T13-49-21,1515588561773,0.8341463,-0.024390243,0.4368932,0.8341463
2018-1-10T13-49-21,1515588561774,0.87317073,-0.043902438,0.4854369,0.87317073
2018-1-10T13-49-21,1515588561775,0.85365856,-0.053658538,0.47572815,0.85365856
2018-1-10T13-49-21,1515588561776,0.8926829,-0.004878049,0.42718446,0.8926829
2018-1-10T13-49-21,1515588561777,0.92195123,-0.004878049,0.46601942,0.92195123
2018-1-10T13-49-21,1515588561778,0.8829268,0.004878049,0.4854369,0.8829268
2018-1-10T13-49-21,1515588561779,0.85365856,0.004878049,0.49514562,0.85365856
2018-1-10T13-49-21,1515588561780,0.86341465,0.1609756,0.49514562,0.86341465
2018-1-10T13-49-21,1515588561781,0.9512195,-0.024390243,0.4854369,0.9512195
2018-1-10T13-49-21,1515588561782,0.87317073,-0.034146342,0.4854369,0.87317073
2018-1-10T13-49-21,1515588561783,0.86341465,-0.08292683,0.46601942,0.86341465
2018-1-10T13-49-21,1515588561784,0.82439023,-0.06341463,0.39805827,0.82439023
2018-1-10T13-49-21,1515588561785,0.79512197,-0.014634146,0.3398058,0.79512197
2018-1-10T13-49-21,1515588561786,0.7853659,-0.004878049,0.42718446,0.7853659
2018-1-10T13-49-21,1515588561787,0.7853659,-0.014634146,0.41747573,0.7853659
2018-1-10T13-49-21,1515588561788,0.75609756,-0.004878049,0.39805827,0.75609756
2018-1-10T13-49-21,1515588561789,0.7853659,0.014634146,0.3592233,0.7853659
2018-1-10T13-49-21,1515588561790,0.79512197,-0.043902438,0.4368932,0.79512197
2018-1-10T13-49-21,1515588561791,0.8341463,-0.024390243,0.46601942,0.8341463
2018-1-10T13-49-21,1515588561792,0.84390247,-0.06341463,0.44660193,0.84390247
2018-1-10T13-49-21,1515588561793,0.86341465,-0.004878049,0.4563107,0.86341465
2018-1-10T13-49-21,1515588561794,0.8926829,-0.004878049,0.4563107,0.8926829
2018-1-10T13-49-21,1515588561795,0.902439,0.014634146,0.49514562,0.902439
2018-1-10T13-49-21,1515588561796,0.92195123,0.014634146,0.4854369,0.92195123
2018-1-10T13-49-21,1515588561797,0.91219515,0.014634146,0.46601942,0.91219515
2018-1-10T13-49-21,1515588561798,0.91219515,-0.004878049,0.47572815,0.91219515
2018-1-10T13-49-21,1515588561799,0.87317073,-0.034146342,0.49514562,0.87317073
2018-1-10T13-49-21,1515588561800,0.87317073,-0.034146342,0.46601942,0.87317073
2018-1-10T13-49-21,1515588561801,0.8341463,-0.043902438,0.44660193,0.8341463
2018-1-10T13-49-21,1515588561802,0.80487806,-0.09268293,0.41747573,0.80487806
2018-1-10T13-49-21,1515588561803,0.75609756,-0.10243902,0.39805827,0.75609756
2018-1-10T13-49-21,1515588561804,0.77560973,-0.053658538,0.3883495,0.77560973
2018-1-10T13-49-21,1515588561805,0.77560973,-0.06341463,0.39805827,0.77560973
2018-1-10T13-49-21,1515588561806,0.79512197,-0.043902438,0.4368932,0.79512197
2018-1-10T13-49-21,1515588561807,0.80487806,0.004878049,0.42718446,0.80487806
2018-1-10T13-49-21,1515588561808,0.82439023,-0.014634146,0.4563107,0.82439023
2018-1-10T13-49-21,1515588561809,0.86341465,-0.014634146,0.407767,0.86341465
2018-1-10T13-49-21,1515588561810,0.81463414,-0.004878049,0.39805827,0.81463414
2018-1-10T13-49-21,1515588561811,0.82439023,0.014634146,0.42718446,0.82439023
2018-1-10T13-49-21,1515588561812,0.86341465,0.043902438,0.44660193,0.86341465
2018-1-10T13-49-21,1515588561813,0.85365856,0.014634146,0.46601942,0.85365856
2018-1-10T13-49-21,1515588561814,0.8829268,-0.004878049,0.44660193,0.8829268
2018-1-10T13-49-21,1515588561815,0.91219515,0.004878049,0.46601942,0.91219515
2018-1-10T13-49-21,1515588561816,0.9512195,0.06341463,0.5436893,0.9512195
2018-1-10T13-49-21,1515588561817,0.9414634,-0.024390243,0.5339806,0.9414634
2018-1-10T13-49-21,1515588561818,0.91219515,-0.004878049,0.44660193,0.91219515
2018-1-10T13-49-21,1515588561819,0.87317073,-0.014634146,0.42718446,0.87317073
2018-1-10T13-49-21,1515588561820,0.8341463,-0.014634146,0.44660193,0.8341463
2018-1-10T13-49-21,1515588561821,0.82439023,-0.034146342,0.4563107,0.82439023
2018-1-10T13-49-21,1515588561822,0.77560973,-0.07317073,0.42718446,0.77560973
2018-1-10T13-49-21,1515588561823,0.81463414,-0.07317073,0.407767,0.81463414
2018-1-10T13-49-21,1515588561824,0.81463414,-0.06341463,0.41747573,0.81463414
2018-1-10T13-49-21,1515588561825,0.8341463,-0.024390243,0.39805827,0.8341463
2018-1-10T13-49-21,1515588561826,0.82439023,-0.004878049,0.42718446,0.82439023
2018-1-10T13-49-21,1515588561827,0.82439023,-0.024390243,0.4368932,0.82439023
2018-1-10T13-49-21,1515588561828,0.80487806,-0.014634146,0.4368932,0.80487806
2018-1-10T13-49-21,1515588561829,0.8341463,-0.014634146,0.44660193,0.8341463
2018-1-10T13-49-21,1515588561830,0.85365856,-0.053658538,0.46601942,0.85365856
2018-1-10T13-49-21,1515588561831,0.86341465,-0.06341463,0.4563107,0.86341465
2018-1-10T13-49-21,1515588561832,0.85365856,0.004878049,0.407767,0.85365856
2018-1-10T13-49-21,1515588561833,0.86341465,0.004878049,0.44660193,0.86341465
2018-1-10T13-49-21,1515588561834,0.85365856,-0.004878049,0.4563107,0.85365856
2018-1-10T13-49-21,1515588561835,0.84390247,-0.004878049,0.42718446,0.84390247
2018-1-10T13-49-21,1515588561836,0.79512197,0.024390243,0.41747573,0.79512197
2018-1-10T13-49-21,1515588561837,0.87317073,-0.004878049,0.46601942,0.87317073
2018-1-10T13-49-21,1515588561838,0.86341465,-0.014634146,0.4563107,0.86341465
2018-1-10T13-49-21,1515588561839,0.87317073,-0.014634146,0.41747573,0.87317073
2018-1-10T13-49-21,1515588561840,0.84390247,-0.043902438,0.4368932,0.84390247
2018-1-10T13-49-21,1515588561841,0.82439023,-0.053658538,0.4854369,0.82439023
2018-1-10T13-49-21,1515588561842,0.84390247,-0.06341463,0.44660193,0.84390247
2018-1-10T13-49-21,1515588561843,0.82439023,-0.06341463,0.4368932,0.82439023
2018-1-10T13-49-21,1515588561844,0.85365856,0.004878049,0.42718446,0.85365856
2018-1-10T13-49-21,1515588561845,0.81463414,-0.024390243,0.4368932,0.81463414
2018-1-10T13-49-21,1515588561846,0.79512197,-0.014634146,0.37864077,0.79512197
2018-1-10T13-49-21,1515588561847,0.86341465,-0.004878049,0.4563107,0.86341465
2018-1-10T13-49-21,1515588561848,0.8341463,0.014634146,0.37864077,0.8341463
2018-1-10T13-49-21,1515588561849,0.8341463,0.014634146,0.39805827,0.8341463
2018-1-10T13-49-21,1515588561850,0.79512197,-0.004878049,0.42718446,0.79512197
2018-1-10T13-49-21,1515588561851,0.77560973,0.014634146,0.4563107,0.77560973
2018-1-10T13-49-21,1515588561852,0.82439023,-0.024390243,0.4563107,0.82439023
2018-1-10T13-49-21,1515588561853,0.84390247,-0.043902438,0.407767,0.84390247
2018-1-10T13-49-21,1515588561854,0.84390247,-0.08292683,0.42718446,0.84390247
2018-1-10T13-49-21,1515588561855,0.86341465,-0.024390243,0.44660193,0.86341465
2018-1-10T13-49-21,1515588561856,0.91219515,-0.043902438,0.49514562,0.91219515
2018-1-10T13-49-21,1515588561857,0.902439,0.06341463,0.4854369,0.902439
2018-1-10T13-49-21,1515588561858,0.902439,-0.004878049,0.41747573,0.902439
2018-1-10T13-49-21,1515588561859,0.8829268,0.024390243,0.42718446,0.8829268
2018-1-10T13-49-21,1515588561860,0.86341465,0.004878049,0.4854369,0.86341465
2018-1-10T13-49-21,1515588561861,0.86341465,-0.034146342,0.5048544,0.86341465
2018-1-10T13-49-21,1515588561862,0.85365856,-0.034146342,0.41747573,0.85365856
2018-1-10T13-49-21,1515588561863,0.82439023,-0.034146342,0.39805827,0.82439023
2018-1-10T13-49-21,1515588561864,0.80487806,-0.053658538,0.47572815,0.80487806
2018-1-10T13-49-21,1515588561865,0.81463414,-0.043902438,0.47572815,0.81463414
2018-1-10T13-49-21,1515588561866,0.7853659,-0.043902438,0.4368932,0.7853659
2018-1-10T13-49-21,1515588561867,0.81463414,-0.07317073,0.39805827,0.81463414
2018-1-10T13-49-21,1515588561868,0.81463414,-0.043902438,0.4368932,0.81463414
2018-1-10T13-49-21,1515588561869,0.82439023,-0.06341463,0.47572815,0.82439023
2018-1-10T13-49-21,1515588561870,0.82439023,-0.024390243,0.4368932,0.82439023
2018-1-10T13-49-21,1515588561871,0.86341465,-0.004878049,0.407767,0.86341465
2018-1-10T13-49-21,1515588561872,0.87317073,0.014634146,0.44660193,0.87317073
2018-1-10T13-49-21,1515588561873,0.87317073,0.004878049,0.49514562,0.87317073
2018-1-10T13-49-21,1515588561874,0.8926829,0.004878049,0.49514562,0.8926829
2018-1-10T13-49-21,1515588561875,0.8341463,0.014634146,0.42718446,0.8341463
2018-1-10T13-49-21,1515588561876,0.8926829,0.014634146,0.42718446,0.8926829
2018-1-10T13-49-21,1515588561877,0.8926829,0.004878049,0.46601942,0.8926829
2018-1-10T13-49-21,1515588561878,0.84390247,0.014634146,0.47572815,0.84390247
2018-1-10T13-49-21,1515588561879,0.84390247,-0.014634146,0.49514562,0.84390247
2018-1-10T13-49-21,1515588561880,0.8341463,-0.024390243,0.4368932,0.8341463
2018-1-10T13-49-21,1515588561881,0.87317073,-0.014634146,0.407767,0.87317073
2018-1-10T13-49-21,1515588561882,0.82439023,-0.024390243,0.33009708,0.82439023
2018-1-10T13-49-21,1515588561883,0.79512197,-0.024390243,0.4563107,0.79512197
2018-1-10T13-49-21,1515588561884,0.79512197,-0.043902438,0.44660193,0.79512197
2018-1-10T13-49-21,1515588561885,0.8341463,-0.043902438,0.4368932,0.8341463
2018-1-10T13-49-21,1515588561886,0.79512197,-0.034146342,0.41747573,0.79512197
2018-1-10T13-49-21,1515588561887,0.8341463,-0.024390243,0.41747573,0.8341463
2018-1-10T13-49-21,1515588561888,0.8341463,-0.034146342,0.46601942,0.8341463
2018-1-10T13-49-21,1515588561889,0.87317073,-0.06341463,0.44660193,0.87317073
2018-1-10T13-49-21,1515588561890,0.87317073,-0.034146342,0.42718446,0.87317073
2018-1-10T13-49-21,1515588561891,0.84390247,-0.043902438,0.39805827,0.84390247
2018-1-10T13-49-21,1515588561892,0.82439023,-0.043902438,0.407767,0.82439023
2018-1-10T13-49-21,1515588561893,0.80487806,-0.043902438,0.4563107,0.80487806
2018-1-10T13-49-21,1515588561894,0.84390247,-0.09268293,0.46601942,0.84390247
2018-1-10T13-49-21,1515588561895,0.82439023,-0.043902438,0.4563107,0.82439023
2018-1-10T13-49-21,1515588561896,0.85365856,-0.004878049,0.4368932,0.85365856
2018-1-10T13-49-21,1515588561897,0.902439,0.053658538,0.4563107,0.902439
2018-1-10T13-49-21,1515588561898,0.8926829,0.014634146,0.39805827,0.8926829
2018-1-10T13-49-21,1515588561899,0.8926829,0.014634146,0.4563107,0.8926829
2018-1-10T13-49-21,1515588561900,0.8829268,0.024390243,0.49514562,0.8829268
2018-1-10T13-49-21,1515588561901,0.8829268,-0.07317073,0.5145631,0.8829268
2018-1-10T13-49-21,1515588561902,0.8829268,-0.034146342,0.4854369,0.8829268
2018-1-10T13-49-21,1515588561903,0.87317073,-0.014634146,0.42718446,0.87317073
2018-1-10T13-49-21,1515588561904,0.87317073,-0.024390243,0.42718446,0.87317073
2018-1-10T13-49-21,1515588561905,0.8341463,-0.014634146,0.4563107,0.8341463
2018-1-10T13-49-21,1515588561906,0.81463414,-0.014634146,0.4563107,0.81463414
2018-1-10T13-49-21,1515588561907,0.81463414,-0.014634146,0.41747573,0.81463414
2018-1-10T13-49-21,1515588561908,0.7853659,-0.024390243,0.37864077,0.7853659
2018-1-10T13-49-21,1515588561909,0.79512197,-0.014634146,0.36893204,0.79512197
2018-1-10T13-49-21,1515588561910,0.77560973,-0.014634146,0.39805827,0.77560973
2018-1-10T13-49-21,1515588561911,0.77560973,-0.034146342,0.42718446,0.77560973
2018-1-10T13-49-21,1515588561912,0.8341463,-0.024390243,0.42718446,0.8341463
2018-1-10T13-49-21,1515588561913,0.84390247,-0.024390243,0.42718446,0.84390247
2018-1-10T13-49-21,1515588561914,0.8926829,-0.034146342,0.46601942,0.8926829
2018-1-10T13-49-21,1515588561915,0.91219515,-0.024390243,0.5048544,0.91219515
2018-1-10T13-49-21,1515588561916,0.92195123,-0.014634146,0.5145631,0.92195123
2018-1-10T13-49-21,1515588561917,0.92195123,-0.034146342,0.4854369,0.92195123
2018-1-10T13-49-21,1515588561918,0.91219515,-0.024390243,0.4563107,0.91219515
2018-1-10T13-49-21,1515588561919,0.87317073,-0.034146342,0.44660193,0.87317073
2018-1-10T13-49-21,1515588561920,0.82439023,-0.07317073,0.4368932,0.82439023
2018-1-10T13-49-21,1515588561921,0.7853659,-0.06341463,0.37864077,0.7853659
2018-1-10T13-49-21,1515588561922,0.7853659,-0.06341463,0.44660193,0.7853659
2018-1-10T13-49-21,1515588561923,0.81463414,-0.06341463,0.41747573,0.81463414
2018-1-10T13-49-21,1515588561924,0.79512197,-0.034146342,0.407767,0.79512197
2018-1-10T13-49-21,1515588561925,0.82439023,-0.004878049,0.46601942,0.82439023
2018-1-10T13-49-21,1515588561926,0.8341463,0.024390243,0.41747573,0.8341463
2018-1-10T13-49-21,1515588561927,0.8341463,0.06341463,0.47572815,0.8341463
2018-1-10T13-49-21,1515588561928,0.8926829,0.014634146,0.4854369,0.8926829
2018-1-10T13-49-21,1515588561929,0.8926829,0.12195122,0.44660193,0.8926829
2018-1-10T13-49-21,1515588561930,0.8926829,0.034146342,0.41747573,0.8926829
2018-1-10T13-49-21,1515588561931,0.92195123,0.034146342,0.46601942,0.92195123
2018-1-10T13-49-21,1515588561932,0.87317073,0.014634146,0.4563107,0.87317073
2018-1-10T13-49-21,1515588561933,0.85365856,0.06341463,0.407767,0.85365856
2018-1-10T13-49-21,1515588561934,0.84390247,-0.004878049,0.407767,0.84390247
2018-1-10T13-49-21,1515588561935,0.7853659,-0.004878049,0.41747573,0.7853659
2018-1-10T13-49-21,1515588561936,0.7853659,-0.014634146,0.41747573,0.7853659
2018-1-10T13-49-21,1515588561937,0.7853659,-0.053658538,0.46601942,0.7853659
2018-1-10T13-49-21,1515588561938,0.80487806,-0.06341463,0.4563107,0.80487806
2018-1-10T13-49-21,1515588561939,0.86341465,-0.06341463,0.47572815,0.86341465
2018-1-10T13-49-21,1515588561940,0.902439,-0.09268293,0.46601942,0.902439
2018-1-10T13-49-21,1515588561941,0.902439,-0.034146342,0.4854369,0.902439
2018-1-10T13-49-21,1515588561942,0.87317073,-0.06341463,0.41747573,0.87317073
2018-1-10T13-49-21,1515588561943,0.85365856,-0.043902438,0.4563107,0.85365856
2018-1-10T13-49-21,1515588561944,0.84390247,-0.024390243,0.4563107,0.84390247
2018-1-10T13-49-21,1515588561945,0.86341465,-0.014634146,0.42718446,0.86341465
2018-1-10T13-49-21,1515588561946,0.8341463,-0.034146342,0.4563107,0.8341463
2018-1-10T13-49-21,1515588561947,0.86341465,-0.014634146,0.4563107,0.86341465
2018-1-10T13-49-21,1515588561948,0.86341465,-0.024390243,0.4563107,0.86341465
2018-1-10T13-49-21,1515588561949,0.8926829,-0.024390243,0.41747573,0.8926829
2018-1-10T13-49-21,1515588561950,0.8341463,-0.014634146,0.407767,0.8341463
2018-1-10T13-49-21,1515588561951,0.81463414,-0.034146342,0.4368932,0.81463414
2018-1-10T13-49-21,1515588561952,0.80487806,-0.034146342,0.30097088,0.80487806
2018-1-10T13-49-21,1515588561953,0.81463414,-0.043902438,0.49514562,0.81463414
2018-1-10T13-49-21,1515588561954,0.84390247,-0.034146342,0.3883495,0.84390247
2018-1-10T13-49-21,1515588561955,0.84390247,-0.024390243,0.3883495,0.84390247
2018-1-10T13-49-21,1515588561956,0.82439023,0.014634146,0.36893204,0.82439023
2018-1-10T13-49-21,1515588561957,0.8341463,-0.014634146,0.42718446,0.8341463
2018-1-10T13-49-21,1515588561958,0.82439023,0.014634146,0.46601942,0.82439023
2018-1-10T13-49-21,1515588561959,0.8341463,0.014634146,0.46601942,0.8341463
2018-1-10T13-49-21,1515588561960,0.8341463,0.06341463,0.41747573,0.8341463
2018-1-10T13-49-21,1515588561961,0.85365856,0.024390243,0.44660193,0.85365856
2018-1-10T13-49-21,1515588561962,0.8829268,0.014634146,0.46601942,0.8829268
2018-1-10T13-49-21,1515588561963,0.8926829,0.014634146,0.47572815,0.8926829
2018-1-10T13-49-21,1515588561964,0.8829268,-0.024390243,0.44660193,0.8829268
2018-1-10T13-49-21,1515588561965,0.87317073,-0.004878049,0.44660193,0.87317073
2018-1-10T13-49-21,1515588561966,0.8341463,-0.024390243,0.44660193,0.8341463
2018-1-10T13-49-21,1515588561967,0.7853659,-0.014634146,0.46601942,0.7853659
2018-1-10T13-49-21,1515588561968,0.82439023,-0.07317073,0.49514562,0.82439023
2018-1-10T13-49-21,1515588561969,0.84390247,-0.014634146,0.47572815,0.84390247
2018-1-10T13-49-21,1515588561970,0.8829268,-0.06341463,0.34951457,0.8829268
2018-1-10T13-49-21,1515588561971,0.84390247,-0.043902438,0.41747573,0.84390247
2018-1-10T13-49-21,1515588561972,0.91219515,-0.043902438,0.42718446,0.91219515
2018-1-10T13-49-21,1515588561973,0.7853659,-0.053658538,0.4368932,0.7853659
2018-1-10T13-49-21,1515588561974,0.77560973,-0.053658538,0.4368932,0.77560973
2018-1-10T13-49-21,1515588561975,0.80487806,-0.053658538,0.47572815,0.80487806
2018-1-10T13-49-21,1515588561976,0.84390247,-0.043902438,0.4563107,0.84390247
2018-1-10T13-49-21,1515588561977,0.87317073,0.004878049,0.4368932,0.87317073
2018-1-10T13-49-21,1515588561978,0.8829268,0.004878049,0.407767,0.8829268
2018-1-10T13-49-21,1515588561979,0.85365856,-0.004878049,0.39805827,0.85365856
2018-1-10T13-49-21,1515588561980,0.8341463,0.024390243,0.407767,0.8341463
2018-1-10T13-49-21,1515588561981,0.80487806,0.004878049,0.4563107,0.80487806
2018-1-10T13-49-21,1515588561982,0.81463414,0.08292683,0.47572815,0.81463414
2018-1-10T13-49-21,1515588561983,0.86341465,-0.024390243,0.4563107,0.86341465
2018-1-10T13-49-21,1515588561984,0.8926829,-0.034146342,0.46601942,0.8926829
2018-1-10T13-49-21,1515588561985,0.91219515,-0.014634146,0.46601942,0.91219515
2018-1-10T13-49-21,1515588561986,0.91219515,-0.004878049,0.44660193,0.91219515
2018-1-10T13-49-21,1515588561987,0.91219515,-0.004878049,0.46601942,0.91219515
2018-1-10T13-49-21,1515588561988,0.85365856,-0.014634146,0.44660193,0.85365856
2018-1-10T13-49-21,1515588561989,0.81463414,-0.014634146,0.42718446,0.81463414
2018-1-10T13-49-21,1515588561990,0.79512197,-0.024390243,0.4563107,0.79512197
2018-1-10T13-49-21,1515588561991,0.81463414,-0.034146342,0.44660193,0.81463414
2018-1-10T13-49-21,1515588561992,0.8341463,-0.004878049,0.407767,0.8341463
2018-1-10T13-49-21,1515588561993,0.85365856,0.08292683,0.4368932,0.85365856
2018-1-10T13-49-21,1515588561994,0.8341463,-0.014634146,0.39805827,0.8341463
2018-1-10T13-49-21,1515588561995,0.84390247,-0.014634146,0.42718446,0.84390247
2018-1-10T13-49-21,1515588561996,0.8341463,-0.043902438,0.44660193,0.8341463
2018-1-10T13-49-21,1515588561997,0.81463414,-0.09268293,0.4368932,0.81463414
2018-1-10T13-49-21,1515588561998,0.80487806,-0.034146342,0.3883495,0.80487806
2018-1-10T13-49-21,1515588561999,0.8341463,-0.043902438,0.41747573,0.8341463
2018-1-10T13-49-22,1515588562000,0.84390247,-0.09268293,0.46601942,0.84390247
2018-1-10T13-49-22,1515588562001,0.86341465,0.004878049,0.4854369,0.86341465
2018-1-10T13-49-22,1515588562002,0.87317073,-0.014634146,0.4563107,0.87317073
2018-1-10T13-49-22,1515588562003,0.86341465,-0.034146342,0.44660193,0.86341465
2018-1-10T13-49-22,1515588562004,0.81463414,-0.043902438,0.4368932,0.81463414
2018-1-10T13-49-22,1515588562005,0.82439023,-0.10243902,0.42718446,0.82439023
2018-1-10T13-49-22,1515588562006,0.84390247,-0.024390243,0.4563107,0.84390247
2018-1-10T13-49-22,1515588562007,0.84390247,0.004878049,0.42718446,0.84390247
2018-1-10T13-49-22,1515588562008,0.81463414,-0.024390243,0.41747573,0.81463414
2018-1-10T13-49-22,1515588562009,0.84390247,0.004878049,0.41747573,0.84390247
2018-1-10T13-49-22,1515588562010,0.8829268,-0.004878049,0.44660193,0.8829268
2018-1-10T13-49-22,1515588562011,0.79512197,0.004878049,0.44660193,0.79512197
2018-1-10T13-49-22,1515588562012,0.84390247,0.024390243,0.4368932,0.84390247
2018-1-10T13-49-22,1515588562013,0.86341465,0.024390243,0.4854369,0.86341465
2018-1-10T13-49-22,1515588562014,0.8829268,0.004878049,0.5145631,0.8829268
2018-1-10T13-49-22,1515588562015,0.902439,0.014634146,0.46601942,0.902439
2018-1-10T13-49-22,1515588562016,0.902439,0.024390243,0.44660193,0.902439
2018-1-10T13-49-22,1515588562017,0.8829268,-0.034146342,0.5339806,0.8829268
2018-1-10T13-49-22,1515588562018,0.85365856,0.004878049,0.42718446,0.85365856
2018-1-10T13-49-22,1515588562019,0.82439023,-0.014634146,0.4368932,0.82439023
2018-1-10T13-49-22,1515588562020,0.79512197,-0.024390243,0.4563107,0.79512197
2018-1-10T13-49-22,1515588562021,0.80487806,-0.1609756,0.44660193,0.80487806
2018-1-10T13-49-22,1515588562022,0.8341463,-0.053658538,0.4368932,0.8341463
2018-1-10T13-49-22,1515588562023,0.82439023,0.024390243,0.41747573,0.82439023
2018-1-10T13-49-22,1515588562024,0.8341463,-0.12195122,0.42718446,0.8341463
2018-1-10T13-49-22,1515588562025,0.84390247,-0.043902438,0.4368932,0.84390247
2018-1-10T13-49-22,1515588562026,0.81463414,-0.07317073,0.4563107,0.81463414
2018-1-10T13-49-22,1515588562027,0.82439023,-0.06341463,0.5145631,0.82439023
2018-1-10T13-49-22,1515588562028,0.85365856,-0.07317073,0.49514562,0.85365856
2018-1-10T13-49-22,1515588562029,0.87317073,-0.024390243,0.46601942,0.87317073
2018-1-10T13-49-22,1515588562030,0.8341463,-0.004878049,0.4368932,0.8341463
2018-1-10T13-49-22,1515588562031,0.91219515,-0.014634146,0.46601942,0.91219515
2018-1-10T13-49-22,1515588562032,0.91219515,0.004878049,0.47572815,0.91219515
2018-1-10T13-49-22,1515588562033,0.8926829,-0.004878049,0.4368932,0.8926829
2018-1-10T13-49-22,1515588562034,0.84390247,-0.053658538,0.3883495,0.84390247
2018-1-10T13-49-22,1515588562035,0.80487806,-0.014634146,0.407767,0.80487806
2018-1-10T13-49-22,1515588562036,0.7365854,-0.06341463,0.46601942,0.7365854
2018-1-10T13-49-22,1515588562037,0.7853659,-0.09268293,0.47572815,0.7853659
2018-1-10T13-49-22,1515588562038,0.81463414,-0.053658538,0.44660193,0.81463414
2018-1-10T13-49-22,1515588562039,0.85365856,-0.043902438,0.4368932,0.85365856
2018-1-10T13-49-22,1515588562040,0.84390247,-0.034146342,0.44660193,0.84390247
2018-1-10T13-49-22,1515588562041,0.85365856,-0.08292683,0.44660193,0.85365856
2018-1-10T13-49-22,1515588562042,0.8341463,-0.004878049,0.41747573,0.8341463
2018-1-10T13-49-22,1515588562043,0.81463414,-0.004878049,0.3592233,0.81463414
2018-1-10T13-49-22,1515588562044,0.75609756,0.014634146,0.37864077,0.75609756
2018-1-10T13-49-22,1515588562045,0.82439023,-0.004878049,0.47572815,0.82439023
2018-1-10T13-49-22,1515588562046,0.85365856,-0.014634146,0.5339806,0.85365856
2018-1-10T13-49-22,1515588562047,0.902439,0.024390243,0.46601942,0.902439
2018-1-10T13-49-22,1515588562048,0.9317073,0.053658538,0.42718446,0.9317073
2018-1-10T13-49-22,1515588562049,0.9512195,0.06341463,0.44660193,0.9512195
2018-1-10T13-49-22,1515588562050,0.902439,-0.024390243,0.49514562,0.902439
2018-1-10T13-49-22,1515588562051,0.902439,0.024390243,0.49514562,0.902439
2018-1-10T13-49-22,1515588562052,0.8829268,0.024390243,0.4563107,0.8829268
2018-1-10T13-49-22,1515588562053,0.80487806,-0.014634146,0.46601942,0.80487806
2018-1-10T13-49-22,1515588562054,0.84390247,-0.053658538,0.4563107,0.84390247
2018-1-10T13-49-22,1515588562055,0.81463414,-0.09268293,0.39805827,0.81463414
2018-1-10T13-49-22,1515588562056,0.8829268,-0.08292683,0.407767,0.8829268
2018-1-10T13-49-22,1515588562057,0.79512197,-0.08292683,0.407767,0.79512197
2018-1-10T13-49-22,1515588562058,0.79512197,-0.08292683,0.41747573,0.79512197
2018-1-10T13-49-22,1515588562059,0.77560973,-0.07317073,0.407767,0.77560973
2018-1-10T13-49-22,1515588562060,0.76585364,-0.07317073,0.4368932,0.76585364
2018-1-10T13-49-22,1515588562061,0.80487806,-0.09268293,0.4563107,0.80487806
2018-1-10T13-49-22,1515588562062,0.85365856,-0.07317073,0.44660193,0.85365856
2018-1-10T13-49-22,1515588562063,0.87317073,-0.053658538,0.41747573,0.87317073
2018-1-10T13-49-22,1515588562064,0.87317073,-0.034146342,0.41747573,0.87317073
2018-1-10T13-49-22,1515588562065,0.85365856,-0.004878049,0.44660193,0.85365856
2018-1-10T13-49-22,1515588562066,0.86341465,0.024390243,0.4854369,0.86341465
2018-1-10T13-49-22,1515588562067,0.87317073,-0.004878049,0.47572815,0.87317073
2018-1-10T13-49-22,1515588562068,0.87317073,0.004878049,0.407767,0.87317073
2018-1-10T13-49-22,1515588562069,0.8829268,0.034146342,0.37864077,0.8829268
2018-1-10T13-49-22,1515588562070,0.87317073,-0.004878049,0.4563107,0.87317073
2018-1-10T13-49-22,1515588562071,0.85365856,-0.004878049,0.49514562,0.85365856
2018-1-10T13-49-22,1515588562072,0.86341465,-0.024390243,0.49514562,0.86341465
2018-1-10T13-49-22,1515588562073,0.85365856,-0.024390243,0.4368932,0.85365856
2018-1-10T13-49-22,1515588562074,0.84390247,-0.15121952,0.41747573,0.84390247
2018-1-10T13-49-22,1515588562075,0.80487806,-0.024390243,0.4368932,0.80487806
2018-1-10T13-49-22,1515588562076,0.8341463,-0.004878049,0.4563107,0.8341463
2018-1-10T13-49-22,1515588562077,0.81463414,-0.1902439,0.42718446,0.81463414
2018-1-10T13-49-22,1515588562078,0.82439023,-0.024390243,0.39805827,0.82439023
2018-1-10T13-49-22,1515588562079,0.82439023,-0.004878049,0.41747573,0.82439023
2018-1-10T13-49-22,1515588562080,0.84390247,-0.014634146,0.46601942,0.84390247
2018-1-10T13-49-22,1515588562081,0.86341465,-0.014634146,0.52427185,0.86341465
2018-1-10T13-49-22,1515588562082,0.87317073,-0.034146342,0.46601942,0.87317073
2018-1-10T13-49-22,1515588562083,0.8829268,-0.004878049,0.37864077,0.8829268
2018-1-10T13-49-22,1515588562084,0.86341465,-0.024390243,0.41747573,0.86341465
2018-1-10T13-49-22,1515588562085,0.82439023,-0.053658538,0.46601942,0.82439023
2018-1-10T13-49-22,1515588562086,0.79512197,-0.06341463,0.42718446,0.79512197
2018-1-10T13-49-22,1515588562087,0.7853659,-0.08292683,0.407767,0.7853659
2018-1-10T13-49-22,1515588562088,0.80487806,-0.09268293,0.42718446,0.80487806
2018-1-10T13-49-22,1515588562089,0.81463414,-0.11219512,0.4854369,0.81463414
2018-1-10T13-49-22,1515588562090,0.8341463,-0.09268293,0.46601942,0.8341463
2018-1-10T13-49-22,1515588562091,0.86341465,-0.07317073,0.4368932,0.86341465
2018-1-10T13-49-22,1515588562092,0.86341465,-0.024390243,0.407767,0.86341465
2018-1-10T13-49-22,1515588562093,0.87317073,-0.014634146,0.44660193,0.87317073
2018-1-10T13-49-22,1515588562094,0.86341465,-0.004878049,0.4854369,0.86341465
2018-1-10T13-49-22,1515588562095,0.86341465,-0.004878049,0.49514562,0.86341465
2018-1-10T13-49-22,1515588562096,0.8926829,-0.014634146,0.47572815,0.8926829
2018-1-10T13-49-22,1515588562097,0.91219515,0.024390243,0.41747573,0.91219515
2018-1-10T13-49-22,1515588562098,0.91219515,0.024390243,0.46601942,0.91219515
2018-1-10T13-49-22,1515588562099,0.8926829,0.034146342,0.47572815,0.8926829
2018-1-10T13-49-22,1515588562100,0.85365856,0.024390243,0.4563107,0.85365856
2018-1-10T13-49-22,1515588562101,0.8341463,0.034146342,0.39805827,0.8341463
2018-1-10T13-49-22,1515588562102,0.7853659,0.004878049,0.34951457,0.7853659
2018-1-10T13-49-22,1515588562103,0.76585364,-0.043902438,0.407767,0.76585364
2018-1-10T13-49-22,1515588562104,0.7365854,-0.014634146,0.46601942,0.7365854
2018-1-10T13-49-22,1515588562105,0.81463414,-0.024390243,0.4854369,0.81463414
2018-1-10T13-49-22,1515588562106,0.85365856,0.024390243,0.42718446,0.85365856
2018-1-10T13-49-22,1515588562107,0.9902439,-0.024390243,0.46601942,0.9902439
2018-1-10T13-49-22,1515588562108,0.87317073,0.004878049,0.4563107,0.87317073
2018-1-10T13-49-22,1515588562109,0.86341465,-0.004878049,0.4563107,0.86341465
2018-1-10T13-49-22,1515588562110,0.8341463,-0.004878049,0.4368932,0.8341463
2018-1-10T13-49-22,1515588562111,0.8341463,-0.034146342,0.407767,0.8341463
2018-1-10T13-49-22,1515588562112,0.82439023,-0.043902438,0.4563107,0.82439023
2018-1-10T13-49-22,1515588562113,0.8341463,-0.07317073,0.4854369,0.8341463
2018-1-10T13-49-22,1515588562114,0.82439023,-0.08292683,0.44660193,0.82439023
2018-1-10T13-49-22,1515588562115,0.81463414,-0.07317073,0.42718446,0.81463414
2018-1-10T13-49-22,1515588562116,0.84390247,-0.06341463,0.4368932,0.84390247
2018-1-10T13-49-22,1515588562117,0.84390247,-0.07317073,0.49514562,0.84390247
2018-1-10T13-49-22,1515588562118,0.8829268,-0.06341463,0.49514562,0.8829268
2018-1-10T13-49-22,1515588562119,0.8829268,-0.024390243,0.41747573,0.8829268
2018-1-10T13-49-22,1515588562120,0.85365856,-0.014634146,0.4368932,0.85365856
2018-1-10T13-49-22,1515588562121,0.84390247,-0.034146342,0.4563107,0.84390247
2018-1-10T13-49-22,1515588562122,0.85365856,-0.053658538,0.47572815,0.85365856
2018-1-10T13-49-22,1515588562123,0.82439023,0.004878049,0.4563107,0.82439023
2018-1-10T13-49-22,1515588562124,0.86341465,-0.043902438,0.44660193,0.86341465
2018-1-10T13-49-22,1515588562125,0.84390247,-0.024390243,0.4563107,0.84390247
2018-1-10T13-49-22,1515588562126,0.81463414,-0.014634146,0.44660193,0.81463414
2018-1-10T13-49-22,1515588562127,0.84390247,0.024390243,0.41747573,0.84390247
2018-1-10T13-49-22,1515588562128,0.84390247,0.034146342,0.407767,0.84390247
2018-1-10T13-49-22,1515588562129,0.84390247,0.024390243,0.42718446,0.84390247
2018-1-10T13-49-22,1515588562130,0.86341465,0.053658538,0.4563107,0.86341465
2018-1-10T13-49-22,1515588562131,0.87317073,0.11219512,0.46601942,0.87317073
2018-1-10T13-49-22,1515588562132,0.8829268,0.014634146,0.44660193,0.8829268
2018-1-10T13-49-22,1515588562133,0.86341465,0.024390243,0.4368932,0.86341465
2018-1-10T13-49-22,1515588562134,0.85365856,-0.004878049,0.42718446,0.85365856
2018-1-10T13-49-22,1515588562135,0.85365856,-0.034146342,0.44660193,0.85365856
2018-1-10T13-49-22,1515588562136,0.8341463,-0.024390243,0.4563107,0.8341463
2018-1-10T13-49-22,1515588562137,0.84390247,-0.053658538,0.4563107,0.84390247
2018-1-10T13-49-22,1515588562138,0.8341463,-0.09268293,0.4563107,0.8341463
2018-1-10T13-49-22,1515588562139,0.87317073,-0.07317073,0.4368932,0.87317073
2018-1-10T13-49-22,1515588562140,0.82439023,-0.07317073,0.39805827,0.82439023
2018-1-10T13-49-22,1515588562141,0.8341463,-0.043902438,0.46601942,0.8341463
2018-1-10T13-49-22,1515588562142,0.8341463,-0.06341463,0.52427185,0.8341463
2018-1-10T13-49-22,1515588562143,0.8829268,-0.06341463,0.46601942,0.8829268
2018-1-10T13-49-22,1515588562144,0.8341463,-0.034146342,0.42718446,0.8341463
2018-1-10T13-49-22,1515588562145,0.87317073,0.014634146,0.39805827,0.87317073
2018-1-10T13-49-22,1515588562146,0.85365856,-0.024390243,0.44660193,0.85365856
2018-1-10T13-49-22,1515588562147,0.84390247,-0.034146342,0.5048544,0.84390247
2018-1-10T13-49-22,1515588562148,0.86341465,-0.014634146,0.47572815,0.86341465
2018-1-10T13-49-22,1515588562149,0.86341465,-0.034146342,0.39805827,0.86341465
2018-1-10T13-49-22,1515588562150,0.82439023,-0.024390243,0.3883495,0.82439023
2018-1-10T13-49-22,1515588562151,0.7853659,0.004878049,0.4368932,0.7853659
2018-1-10T13-49-22,1515588562152,0.82439023,-0.014634146,0.5048544,0.82439023
2018-1-10T13-49-22,1515588562153,0.8341463,-0.034146342,0.4368932,0.8341463
2018-1-10T13-49-22,1515588562154,0.84390247,-0.004878049,0.39805827,0.84390247
2018-1-10T13-49-22,1515588562155,0.8829268,0.004878049,0.46601942,0.8829268
2018-1-10T13-49-22,1515588562156,0.84390247,-0.004878049,0.4368932,0.84390247
2018-1-10T13-49-22,1515588562157,0.84390247,-0.004878049,0.49514562,0.84390247
2018-1-10T13-49-22,1515588562158,0.8341463,-0.004878049,0.42718446,0.8341463
2018-1-10T13-49-22,1515588562159,0.86341465,0.004878049,0.41747573,0.86341465
2018-1-10T13-49-22,1515588562160,0.87317073,0.004878049,0.44660193,0.87317073
2018-1-10T13-49-22,1515588562161,0.8341463,-0.004878049,0.42718446,0.8341463
2018-1-10T13-49-22,1515588562162,0.82439023,-0.004878049,0.42718446,0.82439023
2018-1-10T13-49-22,1515588562163,0.81463414,-0.024390243,0.44660193,0.81463414
2018-1-10T13-49-22,1515588562164,0.81463414,-0.034146342,0.42718446,0.81463414
2018-1-10T13-49-22,1515588562165,0.82439023,-0.043902438,0.4563107,0.82439023
2018-1-10T13-49-22,1515588562166,0.85365856,-0.024390243,0.47572815,0.85365856
2018-1-10T13-49-22,1515588562167,0.902439,-0.024390243,0.4854369,0.902439
2018-1-10T13-49-22,1515588562168,0.91219515,-0.014634146,0.46601942,0.91219515
2018-1-10T13-49-22,1515588562169,0.8829268,-0.014634146,0.42718446,0.8829268
2018-1-10T13-49-22,1515588562170,0.87317073,-0.014634146,0.46601942,0.87317073
2018-1-10T13-49-22,1515588562171,0.85365856,-0.09268293,0.4563107,0.85365856
2018-1-10T13-49-22,1515588562172,0.84390247,0.024390243,0.4563107,0.84390247
2018-1-10T13-49-22,1515588562173,0.80487806,-0.06341463,0.41747573,0.80487806
2018-1-10T13-49-22,1515588562174,0.81463414,-0.043902438,0.407767,0.81463414
2018-1-10T13-49-22,1515588562175,0.77560973,-0.053658538,0.41747573,0.77560973
2018-1-10T13-49-22,1515588562176,0.81463414,-0.034146342,0.42718446,0.81463414
2018-1-10T13-49-22,1515588562177,0.81463414,-0.024390243,0.4368932,0.81463414
2018-1-10T13-49-22,1515588562178,0.81463414,-0.014634146,0.44660193,0.81463414
2018-1-10T13-49-22,1515588562179,0.84390247,-0.004878049,0.4563107,0.84390247
2018-1-10T13-49-22,1515588562180,0.85365856,-0.004878049,0.4368932,0.85365856
2018-1-10T13-49-22,1515588562181,0.902439,-0.024390243,0.4368932,0.902439
2018-1-10T13-49-22,1515588562182,0.86341465,0.024390243,0.4368932,0.86341465
2018-1-10T13-49-22,1515588562183,0.85365856,-0.07317073,0.4854369,0.85365856
2018-1-10T13-49-22,1515588562184,0.85365856,-0.08292683,0.44660193,0.85365856
2018-1-10T13-49-22,1515588562185,0.85365856,-0.004878049,0.407767,0.85365856
2018-1-10T13-49-22,1515588562186,0.84390247,-0.004878049,0.42718446,0.84390247
2018-1-10T13-49-22,1515588562187,0.85365856,-0.014634146,0.4368932,0.85365856
2018-1-10T13-49-22,1515588562188,0.84390247,0.014634146,0.4854369,0.84390247
2018-1-10T13-49-22,1515588562189,0.85365856,-0.024390243,0.44660193,0.85365856
2018-1-10T13-49-22,1515588562190,0.8926829,-0.014634146,0.41747573,0.8926829
2018-1-10T13-49-22,1515588562191,0.8829268,-0.004878049,0.4368932,0.8829268
2018-1-10T13-49-22,1515588562192,0.87317073,-0.014634146,0.5048544,0.87317073
2018-1-10T13-49-22,1515588562193,0.84390247,-0.043902438,0.47572815,0.84390247
2018-1-10T13-49-22,1515588562194,0.8341463,-0.043902438,0.4368932,0.8341463
2018-1-10T13-49-22,1515588562195,0.7853659,-0.034146342,0.2038835,0.7853659
2018-1-10T13-49-22,1515588562196,0.82439023,-0.043902438,0.41747573,0.82439023
2018-1-10T13-49-22,1515588562197,0.80487806,-0.053658538,0.41747573,0.80487806
2018-1-10T13-49-22,1515588562198,0.81463414,-0.024390243,0.4368932,0.81463414
2018-1-10T13-49-22,1515588562199,0.84390247,-0.06341463,0.47572815,0.84390247
2018-1-10T13-49-22,1515588562200,0.76585364,-0.053658538,0.4368932,0.76585364
2018-1-10T13-49-22,1515588562201,0.86341465,-0.024390243,0.42718446,0.86341465
2018-1-10T13-49-22,1515588562202,0.87317073,0.014634146,0.46601942,0.87317073
2018-1-10T13-49-22,1515588562203,0.87317073,-0.024390243,0.46601942,0.87317073
2018-1-10T13-49-22,1515588562204,0.85365856,-0.024390243,0.44660193,0.85365856
2018-1-10T13-49-22,1515588562205,0.82439023,-0.014634146,0.41747573,0.82439023
2018-1-10T13-49-22,1515588562206,0.8341463,-0.014634146,0.44660193,0.8341463
2018-1-10T13-49-22,1515588562207,0.8341463,0.004878049,0.49514562,0.8341463
2018-1-10T13-49-22,1515588562208,0.82439023,-0.024390243,0.4368932,0.82439023
2018-1-10T13-49-22,1515588562209,0.84390247,-0.024390243,0.4563107,0.84390247
2018-1-10T13-49-22,1515588562210,0.86341465,-0.014634146,0.44660193,0.86341465
2018-1-10T13-49-22,1515588562211,0.85365856,-0.004878049,0.407767,0.85365856
2018-1-10T13-49-22,1515588562212,0.84390247,0.014634146,0.41747573,0.84390247
2018-1-10T13-49-22,1515588562213,0.87317073,0.024390243,0.49514562,0.87317073
2018-1-10T13-49-22,1515588562214,0.902439,-0.004878049,0.52427185,0.902439
2018-1-10T13-49-22,1515588562215,0.82439023,-0.004878049,0.41747573,0.82439023
2018-1-10T13-49-22,1515588562216,0.85365856,-0.014634146,0.3883495,0.85365856
2018-1-10T13-49-22,1515588562217,0.82439023,-0.004878049,0.44660193,0.82439023
2018-1-10T13-49-22,1515588562218,0.82439023,-0.043902438,0.5048544,0.82439023
2018-1-10T13-49-22,1515588562219,0.8341463,-0.024390243,0.47572815,0.8341463
2018-1-10T13-49-22,1515588562220,0.85365856,-0.004878049,0.39805827,0.85365856
2018-1-10T13-49-22,1515588562221,0.85365856,0.043902438,0.39805827,0.85365856
2018-1-10T13-49-22,1515588562222,0.85365856,0.024390243,0.4368932,0.85365856
2018-1-10T13-49-22,1515588562223,0.81463414,-0.014634146,0.41747573,0.81463414
2018-1-10T13-49-22,1515588562224,0.80487806,-0.024390243,0.41747573,0.80487806
2018-1-10T13-49-22,1515588562225,0.81463414,-0.034146342,0.4368932,0.81463414
2018-1-10T13-49-22,1515588562226,0.8341463,-0.08292683,0.4563107,0.8341463
2018-1-10T13-49-22,1515588562227,0.84390247,-0.034146342,0.4563107,0.84390247
2018-1-10T13-49-22,1515588562228,0.87317073,-0.07317073,0.44660193,0.87317073
2018-1-10T13-49-22,1515588562229,0.87317073,-0.06341463,0.4563107,0.87317073
2018-1-10T13-49-22,1515588562230,0.86341465,-0.053658538,0.39805827,0.86341465
2018-1-10T13-49-22,1515588562231,0.84390247,-0.06341463,0.4368932,0.84390247
2018-1-10T13-49-22,1515588562232,0.8341463,-0.043902438,0.44660193,0.8341463
2018-1-10T13-49-22,1515588562233,0.82439023,-0.034146342,0.46601942,0.82439023
2018-1-10T13-49-22,1515588562234,0.85365856,-0.014634146,0.4854369,0.85365856
2018-1-10T13-49-22,1515588562235,0.87317073,-0.014634146,0.4563107,0.87317073
2018-1-10T13-49-22,1515588562236,0.91219515,-0.034146342,0.42718446,0.91219515
2018-1-10T13-49-22,1515588562237,0.8926829,0.004878049,0.4368932,0.8926829
2018-1-10T13-49-22,1515588562238,0.86341465,-0.034146342,0.44660193,0.86341465
2018-1-10T13-49-22,1515588562239,0.82439023,-0.024390243,0.46601942,0.82439023
2018-1-10T13-49-22,1515588562240,0.82439023,-0.024390243,0.4368932,0.82439023
2018-1-10T13-49-22,1515588562241,0.82439023,-0.034146342,0.4368932,0.82439023
2018-1-10T13-49-22,1515588562242,0.81463414,-0.014634146,0.42718446,0.81463414
2018-1-10T13-49-22,1515588562243,0.82439023,-0.014634146,0.42718446,0.82439023
2018-1-10T13-49-22,1515588562244,0.80487806,0.004878049,0.47572815,0.80487806
2018-1-10T13-49-22,1515588562245,0.86341465,-0.014634146,0.4563107,0.86341465
2018-1-10T13-49-22,1515588562246,0.84390247,0.014634146,0.42718446,0.84390247
2018-1-10T13-49-22,1515588562247,0.86341465,0.014634146,0.42718446,0.86341465
2018-1-10T13-49-22,1515588562248,0.9317073,0.004878049,0.42718446,0.9317073
2018-1-10T13-49-22,1515588562249,0.84390247,0.004878049,0.47572815,0.84390247
2018-1-10T13-49-22,1515588562250,0.87317073,0.004878049,0.4368932,0.87317073
2018-1-10T13-49-22,1515588562251,0.87317073,0.014634146,0.4854369,0.87317073
2018-1-10T13-49-22,1515588562252,0.8829268,-0.004878049,0.47572815,0.8829268
2018-1-10T13-49-22,1515588562253,0.8829268,-0.024390243,0.42718446,0.8829268
2018-1-10T13-49-22,1515588562254,0.84390247,0.004878049,0.41747573,0.84390247
2018-1-10T13-49-22,1515588562255,0.8341463,-0.014634146,0.4368932,0.8341463
2018-1-10T13-49-22,1515588562256,0.82439023,-0.053658538,0.46601942,0.82439023
2018-1-10T13-49-22,1515588562257,0.82439023,-0.053658538,0.44660193,0.82439023
2018-1-10T13-49-22,1515588562258,0.81463414,-0.06341463,0.407767,0.81463414
2018-1-10T13-49-22,1515588562259,0.80487806,-0.11219512,0.4368932,0.80487806
2018-1-10T13-49-22,1515588562260,0.8341463,-0.17073171,0.4368932,0.8341463
2018-1-10T13-49-22,1515588562261,0.75609756,-0.07317073,0.44660193,0.75609756
2018-1-10T13-49-22,1515588562262,0.84390247,-0.043902438,0.4368932,0.84390247
2018-1-10T13-49-22,1515588562263,0.84390247,-0.034146342,0.42718446,0.84390247
2018-1-10T13-49-22,1515588562264,0.85365856,-0.06341463,0.44660193,0.85365856
2018-1-10T13-49-22,1515588562265,0.81463414,-0.014634146,0.46601942,0.81463414
2018-1-10T13-49-22,1515588562266,0.86341465,-0.004878049,0.4563107,0.86341465
2018-1-10T13-49-22,1515588562267,0.86341465,-0.004878049,0.4368932,0.86341465
2018-1-10T13-49-22,1515588562268,0.9317073,0.004878049,0.41747573,0.9317073
2018-1-10T13-49-22,1515588562269,0.81463414,-0.014634146,0.39805827,0.81463414
2018-1-10T13-49-22,1515588562270,0.77560973,-0.06341463,0.42718446,0.77560973
2018-1-10T13-49-22,1515588562271,0.81463414,-0.043902438,0.44660193,0.81463414
2018-1-10T13-49-22,1515588562272,0.79512197,-0.043902438,0.46601942,0.79512197
2018-1-10T13-49-22,1515588562273,0.82439023,-0.053658538,0.42718446,0.82439023
2018-1-10T13-49-22,1515588562274,0.86341465,0.004878049,0.42718446,0.86341465
2018-1-10T13-49-22,1515588562275,0.86341465,-0.004878049,0.4563107,0.86341465
2018-1-10T13-49-22,1515588562276,0.87317073,0.024390243,0.46601942,0.87317073
2018-1-10T13-49-22,1515588562277,0.87317073,0.07317073,0.49514562,0.87317073
2018-1-10T13-49-22,1515588562278,0.87317073,0.004878049,0.46601942,0.87317073
2018-1-10T13-49-22,1515588562279,0.8829268,-0.004878049,0.41747573,0.8829268
2018-1-10T13-49-22,1515588562280,0.92195123,0.043902438,0.407767,0.92195123
2018-1-10T13-49-22,1515588562281,0.87317073,0.043902438,0.4368932,0.87317073
2018-1-10T13-49-22,1515588562282,0.84390247,0.014634146,0.4563107,0.84390247
2018-1-10T13-49-22,1515588562283,0.84390247,0.014634146,0.4368932,0.84390247
2018-1-10T13-49-22,1515588562284,0.8341463,-0.014634146,0.42718446,0.8341463
2018-1-10T13-49-22,1515588562285,0.84390247,-0.014634146,0.4368932,0.84390247
2018-1-10T13-49-22,1515588562286,0.82439023,-0.043902438,0.4563107,0.82439023
2018-1-10T13-49-22,1515588562287,0.81463414,-0.043902438,0.4563107,0.81463414
2018-1-10T13-49-22,1515588562288,0.8341463,-0.034146342,0.42718446,0.8341463
2018-1-10T13-49-22,1515588562289,0.8341463,-0.053658538,0.44660193,0.8341463
2018-1-10T13-49-22,1515588562290,0.85365856,-0.06341463,0.407767,0.85365856
2018-1-10T13-49-22,1515588562291,0.80487806,-0.07317073,0.407767,0.80487806
2018-1-10T13-49-22,1515588562292,0.79512197,-0.053658538,0.42718446,0.79512197
2018-1-10T13-49-22,1515588562293,0.79512197,-0.07317073,0.44660193,0.79512197
2018-1-10T13-49-22,1515588562294,0.82439023,-0.053658538,0.5145631,0.82439023
2018-1-10T13-49-22,1515588562295,0.85365856,-0.053658538,0.39805827,0.85365856
2018-1-10T13-49-22,1515588562296,0.85365856,-0.034146342,0.41747573,0.85365856
2018-1-10T13-49-22,1515588562297,0.84390247,-0.024390243,0.4563107,0.84390247
2018-1-10T13-49-22,1515588562298,0.8926829,-0.014634146,0.49514562,0.8926829
2018-1-10T13-49-22,1515588562299,0.8926829,-0.014634146,0.5339806,0.8926829
2018-1-10T13-49-22,1515588562300,0.92195123,-0.024390243,0.49514562,0.92195123
2018-1-10T13-49-22,1515588562301,0.8926829,-0.004878049,0.44660193,0.8926829
2018-1-10T13-49-22,1515588562302,0.8829268,0.004878049,0.44660193,0.8829268
2018-1-10T13-49-22,1515588562303,0.82439023,-0.004878049,0.4563107,0.82439023
2018-1-10T13-49-22,1515588562304,0.80487806,0.004878049,0.41747573,0.80487806
2018-1-10T13-49-22,1515588562305,0.81463414,-0.014634146,0.39805827,0.81463414
2018-1-10T13-49-22,1515588562306,0.80487806,-0.024390243,0.42718446,0.80487806
2018-1-10T13-49-22,1515588562307,0.82439023,-0.043902438,0.41747573,0.82439023
2018-1-10T13-49-22,1515588562308,0.79512197,-0.034146342,0.4368932,0.79512197
2018-1-10T13-49-22,1515588562309,0.81463414,-0.034146342,0.41747573,0.81463414
2018-1-10T13-49-22,1515588562310,0.82439023,-0.034146342,0.407767,0.82439023
2018-1-10T13-49-22,1515588562311,0.81463414,-0.004878049,0.42718446,0.81463414
2018-1-10T13-49-22,1515588562312,0.85365856,0.004878049,0.44660193,0.85365856
2018-1-10T13-49-22,1515588562313,0.84390247,-0.014634146,0.47572815,0.84390247
2018-1-10T13-49-22,1515588562314,0.85365856,-0.004878049,0.49514562,0.85365856
2018-1-10T13-49-22,1515588562315,0.902439,-0.004878049,0.4563107,0.902439
2018-1-10T13-49-22,1515588562316,0.902439,0.014634146,0.407767,0.902439
2018-1-10T13-49-22,1515588562317,0.8829268,0.004878049,0.42718446,0.8829268
2018-1-10T13-49-22,1515588562318,0.9414634,0.10243902,0.4563107,0.9414634
2018-1-10T13-49-22,1515588562319,0.84390247,0.004878049,0.46601942,0.84390247
2018-1-10T13-49-22,1515588562320,0.84390247,0.014634146,0.41747573,0.84390247
2018-1-10T13-49-22,1515588562321,0.82439023,-0.004878049,0.407767,0.82439023
2018-1-10T13-49-22,1515588562322,0.81463414,-0.043902438,0.41747573,0.81463414
2018-1-10T13-49-22,1515588562323,0.82439023,-0.034146342,0.4563107,0.82439023
2018-1-10T13-49-22,1515588562324,0.8341463,-0.053658538,0.47572815,0.8341463
2018-1-10T13-49-22,1515588562325,0.84390247,-0.06341463,0.4368932,0.84390247
2018-1-10T13-49-22,1515588562326,0.8341463,-0.06341463,0.4368932,0.8341463
2018-1-10T13-49-22,1515588562327,0.82439023,-0.06341463,0.44660193,0.82439023
2018-1-10T13-49-22,1515588562328,0.81463414,-0.053658538,0.44660193,0.81463414
2018-1-10T13-49-22,1515588562329,0.8341463,-0.043902438,0.3883495,0.8341463
2018-1-10T13-49-22,1515588562330,0.8341463,-0.024390243,0.46601942,0.8341463
2018-1-10T13-49-22,1515588562331,0.85365856,-0.043902438,0.4368932,0.85365856
2018-1-10T13-49-22,1515588562332,0.86341465,-0.014634146,0.39805827,0.86341465
2018-1-10T13-49-22,1515588562333,0.8341463,-0.004878049,0.42718446,0.8341463
2018-1-10T13-49-22,1515588562334,0.8341463,-0.034146342,0.47572815,0.8341463
2018-1-10T13-49-22,1515588562335,0.82439023,-0.034146342,0.5631068,0.82439023
2018-1-10T13-49-22,1515588562336,0.87317073,0.004878049,0.44660193,0.87317073
2018-1-10T13-49-22,1515588562337,0.8926829,0.024390243,0.39805827,0.8926829
2018-1-10T13-49-22,1515588562338,0.8829268,-0.004878049,0.4563107,0.8829268
2018-1-10T13-49-22,1515588562339,0.902439,0.014634146,0.46601942,0.902439
2018-1-10T13-49-22,1515588562340,0.86341465,-0.004878049,0.4854369,0.86341465
2018-1-10T13-49-22,1515588562341,0.86341465,-0.043902438,0.44660193,0.86341465
2018-1-10T13-49-22,1515588562342,0.85365856,-0.053658538,0.41747573,0.85365856
2018-1-10T13-49-22,1515588562343,0.87317073,-0.07317073,0.44660193,0.87317073
2018-1-10T13-49-22,1515588562344,0.80487806,-0.09268293,0.4368932,0.80487806
2018-1-10T13-49-22,1515588562345,0.79512197,-0.053658538,0.4368932,0.79512197
2018-1-10T13-49-22,1515588562346,0.81463414,-0.053658538,0.41747573,0.81463414
2018-1-10T13-49-22,1515588562347,0.8341463,-0.043902438,0.39805827,0.8341463
2018-1-10T13-49-22,1515588562348,0.80487806,-0.014634146,0.39805827,0.80487806
2018-1-10T13-49-22,1515588562349,0.84390247,0.034146342,0.44660193,0.84390247
2018-1-10T13-49-22,1515588562350,0.8341463,-0.014634146,0.4563107,0.8341463
2018-1-10T13-49-22,1515588562351,0.84390247,0.024390243,0.42718446,0.84390247
2018-1-10T13-49-22,1515588562352,0.87317073,0.014634146,0.4368932,0.87317073
2018-1-10T13-49-22,1515588562353,0.902439,0.004878049,0.4563107,0.902439
2018-1-10T13-49-22,1515588562354,0.86341465,0.034146342,0.44660193,0.86341465
2018-1-10T13-49-22,1515588562355,0.8926829,-0.004878049,0.44660193,0.8926829
2018-1-10T13-49-22,1515588562356,0.86341465,-0.024390243,0.4563107,0.86341465
2018-1-10T13-49-22,1515588562357,0.86341465,-0.024390243,0.42718446,0.86341465
2018-1-10T13-49-22,1515588562358,0.84390247,-0.034146342,0.44660193,0.84390247
2018-1-10T13-49-22,1515588562359,0.84390247,-0.043902438,0.44660193,0.84390247
2018-1-10T13-49-22,1515588562360,0.86341465,-0.034146342,0.5339806,0.86341465
2018-1-10T13-49-22,1515588562361,0.8341463,-0.024390243,0.44660193,0.8341463
2018-1-10T13-49-22,1515588562362,0.84390247,-0.024390243,0.42718446,0.84390247
2018-1-10T13-49-22,1515588562363,0.81463414,-0.034146342,0.42718446,0.81463414
2018-1-10T13-49-22,1515588562364,0.82439023,-0.034146342,0.46601942,0.82439023
2018-1-10T13-49-22,1515588562365,0.77560973,-0.043902438,0.42718446,0.77560973
2018-1-10T13-49-22,1515588562366,0.81463414,-0.043902438,0.4368932,0.81463414
2018-1-10T13-49-22,1515588562367,0.82439023,-0.06341463,0.44660193,0.82439023
2018-1-10T13-49-22,1515588562368,0.8341463,-0.07317073,0.44660193,0.8341463
2018-1-10T13-49-22,1515588562369,0.84390247,-0.024390243,0.42718446,0.84390247
2018-1-10T13-49-22,1515588562370,0.85365856,-0.004878049,0.41747573,0.85365856
2018-1-10T13-49-22,1515588562371,0.86341465,-0.053658538,0.42718446,0.86341465
2018-1-10T13-49-22,1515588562372,0.87317073,-0.004878049,0.39805827,0.87317073
2018-1-10T13-49-22,1515588562373,0.8829268,0.004878049,0.44660193,0.8829268
2018-1-10T13-49-22,1515588562374,0.87317073,0.014634146,0.44660193,0.87317073
2018-1-10T13-49-22,1515588562375,0.81463414,0.004878049,0.44660193,0.81463414
2018-1-10T13-49-22,1515588562376,0.87317073,0.014634146,0.44660193,0.87317073
2018-1-10T13-49-22,1515588562377,0.86341465,0.004878049,0.4563107,0.86341465
2018-1-10T13-49-22,1515588562378,0.87317073,-0.004878049,0.46601942,0.87317073
2018-1-10T13-49-22,1515588562379,0.87317073,-0.034146342,0.57281554,0.87317073
2018-1-10T13-49-22,1515588562380,0.85365856,-0.053658538,0.42718446,0.85365856
2018-1-10T13-49-22,1515588562381,0.84390247,-0.043902438,0.39805827,0.84390247
2018-1-10T13-49-22,1515588562382,0.81463414,-0.053658538,0.42718446,0.81463414
2018-1-10T13-49-22,1515588562383,0.79512197,-0.043902438,0.44660193,0.79512197
2018-1-10T13-49-22,1515588562384,0.80487806,-0.06341463,0.47572815,0.80487806
2018-1-10T13-49-22,1515588562385,0.7853659,-0.12195122,0.42718446,0.7853659
2018-1-10T13-49-22,1515588562386,0.86341465,-0.043902438,0.39805827,0.86341465
2018-1-10T13-49-22,1515588562387,0.82439023,-0.014634146,0.44660193,0.82439023
2018-1-10T13-49-22,1515588562388,0.86341465,-0.004878049,0.47572815,0.86341465
2018-1-10T13-49-22,1515588562389,0.8829268,-0.043902438,0.47572815,0.8829268
2018-1-10T13-49-22,1515588562390,0.87317073,0.014634146,0.41747573,0.87317073
2018-1-10T13-49-22,1515588562391,0.85365856,0.004878049,0.407767,0.85365856
2018-1-10T13-49-22,1515588562392,0.85365856,-0.004878049,0.44660193,0.85365856
2018-1-10T13-49-22,1515588562393,0.8341463,-0.024390243,0.5048544,0.8341463
2018-1-10T13-49-22,1515588562394,0.84390247,-0.053658538,0.4563107,0.84390247
2018-1-10T13-49-22,1515588562395,0.85365856,-0.004878049,0.3883495,0.85365856
2018-1-10T13-49-22,1515588562396,0.84390247,-0.034146342,0.34951457,0.84390247
2018-1-10T13-49-22,1515588562397,0.79512197,-0.034146342,0.47572815,0.79512197
2018-1-10T13-49-22,1515588562398,0.8341463,-0.014634146,0.5436893,0.8341463
2018-1-10T13-49-22,1515588562399,0.87317073,0.004878049,0.4563107,0.87317073
2018-1-10T13-49-22,1515588562400,0.8926829,-0.014634146,0.407767,0.8926829
2018-1-10T13-49-22,1515588562401,0.87317073,0.014634146,0.44660193,0.87317073
2018-1-10T13-49-22,1515588562402,0.84390247,0.004878049,0.46601942,0.84390247
2018-1-10T13-49-22,1515588562403,0.84390247,0.024390243,0.44660193,0.84390247
2018-1-10T13-49-22,1515588562404,0.81463414,-0.004878049,0.3883495,0.81463414
2018-1-10T13-49-22,1515588562405,0.80487806,-0.004878049,0.47572815,0.80487806
2018-1-10T13-49-22,1515588562406,0.81463414,-0.024390243,0.47572815,0.81463414
2018-1-10T13-49-22,1515588562407,0.84390247,-0.043902438,0.46601942,0.84390247
2018-1-10T13-49-22,1515588562408,0.87317073,0.014634146,0.39805827,0.87317073
2018-1-10T13-49-22,1515588562409,0.84390247,-0.014634146,0.39805827,0.84390247
2018-1-10T13-49-22,1515588562410,0.86341465,-0.004878049,0.42718446,0.86341465
2018-1-10T13-49-22,1515588562411,0.8341463,-0.024390243,0.4854369,0.8341463
2018-1-10T13-49-22,1515588562412,0.8341463,-0.024390243,0.4854369,0.8341463
2018-1-10T13-49-22,1515588562413,0.85365856,-0.024390243,0.4854369,0.85365856
2018-1-10T13-49-22,1515588562414,0.86341465,-0.043902438,0.4368932,0.86341465
2018-1-10T13-49-22,1515588562415,0.87317073,-0.024390243,0.39805827,0.87317073
2018-1-10T13-49-22,1515588562416,0.85365856,-0.10243902,0.39805827,0.85365856
2018-1-10T13-49-22,1515588562417,0.8341463,-0.053658538,0.44660193,0.8341463
2018-1-10T13-49-22,1515588562418,0.82439023,-0.024390243,0.42718446,0.82439023
2018-1-10T13-49-22,1515588562419,0.81463414,-0.06341463,0.4368932,0.81463414
2018-1-10T13-49-22,1515588562420,0.82439023,-0.06341463,0.37864077,0.82439023
2018-1-10T13-49-22,1515588562421,0.80487806,-0.043902438,0.44660193,0.80487806
2018-1-10T13-49-22,1515588562422,0.85365856,-0.043902438,0.4563107,0.85365856
2018-1-10T13-49-22,1515588562423,0.8926829,-0.024390243,0.4854369,0.8926829
2018-1-10T13-49-22,1515588562424,0.902439,-0.004878049,0.49514562,0.902439
2018-1-10T13-49-22,1515588562425,0.9317073,0.034146342,0.4368932,0.9317073
2018-1-10T13-49-22,1515588562426,0.87317073,0.014634146,0.407767,0.87317073
2018-1-10T13-49-22,1515588562427,0.902439,0.024390243,0.47572815,0.902439
2018-1-10T13-49-22,1515588562428,0.902439,-0.043902438,0.42718446,0.902439
2018-1-10T13-49-22,1515588562429,0.80487806,-0.014634146,0.44660193,0.80487806
2018-1-10T13-49-22,1515588562430,0.84390247,-0.014634146,0.407767,0.84390247
2018-1-10T13-49-22,1515588562431,0.8829268,-0.004878049,0.592233,0.8829268
2018-1-10T13-49-22,1515588562432,0.8341463,-0.014634146,0.4368932,0.8341463
2018-1-10T13-49-22,1515588562433,0.81463414,-0.004878049,0.41747573,0.81463414
2018-1-10T13-49-22,1515588562434,0.82439023,0.07317073,0.4368932,0.82439023
2018-1-10T13-49-22,1515588562435,0.80487806,-0.043902438,0.4368932,0.80487806
2018-1-10T13-49-22,1515588562436,0.81463414,-0.053658538,0.4368932,0.81463414
2018-1-10T13-49-22,1515588562437,0.82439023,0.06341463,0.44660193,0.82439023
2018-1-10T13-49-22,1515588562438,0.86341465,-0.053658538,0.42718446,0.86341465
2018-1-10T13-49-22,1515588562439,0.82439023,-0.034146342,0.4563107,0.82439023
2018-1-10T13-49-22,1515588562440,0.82439023,-0.09268293,0.407767,0.82439023
2018-1-10T13-49-22,1515588562441,0.91219515,-0.014634146,0.4563107,0.91219515
2018-1-10T13-49-22,1515588562442,0.92195123,-0.08292683,0.4563107,0.92195123
2018-1-10T13-49-22,1515588562443,0.91219515,-0.06341463,0.44660193,0.91219515
2018-1-10T13-49-22,1515588562444,0.87317073,-0.053658538,0.4368932,0.87317073
2018-1-10T13-49-22,1515588562445,0.85365856,-0.034146342,0.4368932,0.85365856
2018-1-10T13-49-22,1515588562446,0.8341463,-0.053658538,0.4368932,0.8341463
2018-1-10T13-49-22,1515588562447,0.79512197,-0.07317073,0.4368932,0.79512197
2018-1-10T13-49-22,1515588562448,0.80487806,-0.08292683,0.44660193,0.80487806
2018-1-10T13-49-22,1515588562449,0.8926829,-0.06341463,0.41747573,0.8926829
2018-1-10T13-49-22,1515588562450,0.79512197,-0.053658538,0.4368932,0.79512197
2018-1-10T13-49-22,1515588562451,0.84390247,-0.014634146,0.39805827,0.84390247
2018-1-10T13-49-22,1515588562452,0.85365856,-0.034146342,0.42718446,0.85365856
2018-1-10T13-49-22,1515588562453,0.87317073,0.024390243,0.4563107,0.87317073
2018-1-10T13-49-22,1515588562454,0.84390247,0.024390243,0.4563107,0.84390247
2018-1-10T13-49-22,1515588562455,0.86341465,0.024390243,0.4563107,0.86341465
2018-1-10T13-49-22,1515588562456,0.8829268,0.024390243,0.44660193,0.8829268
2018-1-10T13-49-22,1515588562457,0.87317073,0.024390243,0.44660193,0.87317073
2018-1-10T13-49-22,1515588562458,0.86341465,0.014634146,0.42718446,0.86341465
2018-1-10T13-49-22,1515588562459,0.84390247,0.014634146,0.42718446,0.84390247
2018-1-10T13-49-22,1515588562460,0.84390247,0.004878049,0.4563107,0.84390247
2018-1-10T13-49-22,1515588562461,0.86341465,-0.034146342,0.4854369,0.86341465
2018-1-10T13-49-22,1515588562462,0.84390247,-0.043902438,0.4368932,0.84390247
2018-1-10T13-49-22,1515588562463,0.81463414,-0.053658538,0.3883495,0.81463414
2018-1-10T13-49-22,1515588562464,0.79512197,-0.06341463,0.407767,0.79512197
2018-1-10T13-49-22,1515588562465,0.79512197,-0.053658538,0.4563107,0.79512197
2018-1-10T13-49-22,1515588562466,0.79512197,-0.06341463,0.4854369,0.79512197
2018-1-10T13-49-22,1515588562467,0.8341463,-0.06341463,0.4563107,0.8341463
2018-1-10T13-49-22,1515588562468,0.85365856,-0.053658538,0.4368932,0.85365856
2018-1-10T13-49-22,1515588562469,0.87317073,-0.053658538,0.5145631,0.87317073
2018-1-10T13-49-22,1515588562470,0.8926829,-0.08292683,0.49514562,0.8926829
2018-1-10T13-49-22,1515588562471,0.902439,-0.06341463,0.4563107,0.902439
2018-1-10T13-49-22,1515588562472,0.902439,0.004878049,0.407767,0.902439
2018-1-10T13-49-22,1515588562473,0.87317073,0.014634146,0.41747573,0.87317073
2018-1-10T13-49-22,1515588562474,0.84390247,-0.004878049,0.46601942,0.84390247
2018-1-10T13-49-22,1515588562475,0.82439023,-0.053658538,0.46601942,0.82439023
2018-1-10T13-49-22,1515588562476,0.80487806,-0.06341463,0.41747573,0.80487806
2018-1-10T13-49-22,1515588562477,0.80487806,-0.053658538,0.3883495,0.80487806
2018-1-10T13-49-22,1515588562478,0.75609756,-0.043902438,0.3883495,0.75609756
2018-1-10T13-49-22,1515588562479,0.77560973,-0.043902438,0.42718446,0.77560973
2018-1-10T13-49-22,1515588562480,0.80487806,-0.014634146,0.407767,0.80487806
2018-1-10T13-49-22,1515588562481,0.85365856,-0.014634146,0.47572815,0.85365856
2018-1-10T13-49-22,1515588562482,0.86341465,-0.014634146,0.46601942,0.86341465
2018-1-10T13-49-22,1515588562483,0.902439,0.004878049,0.44660193,0.902439
2018-1-10T13-49-22,1515588562484,0.902439,0.014634146,0.49514562,0.902439
2018-1-10T13-49-22,1515588562485,0.91219515,0.024390243,0.47572815,0.91219515
2018-1-10T13-49-22,1515588562486,0.8829268,-0.043902438,0.49514562,0.8829268
2018-1-10T13-49-22,1515588562487,0.87317073,0.014634146,0.4368932,0.87317073
2018-1-10T13-49-22,1515588562488,0.87317073,-0.004878049,0.44660193,0.87317073
2018-1-10T13-49-22,1515588562489,0.85365856,-0.004878049,0.4368932,0.85365856
2018-1-10T13-49-22,1515588562490,0.84390247,-0.024390243,0.407767,0.84390247
2018-1-10T13-49-22,1515588562491,0.81463414,-0.11219512,0.41747573,0.81463414
2018-1-10T13-49-22,1515588562492,0.79512197,-0.034146342,0.44660193,0.79512197
2018-1-10T13-49-22,1515588562493,0.81463414,-0.07317073,0.44660193,0.81463414
2018-1-10T13-49-22,1515588562494,0.81463414,-0.053658538,0.4368932,0.81463414
2018-1-10T13-49-22,1515588562495,0.81463414,-0.08292683,0.44660193,0.81463414
2018-1-10T13-49-22,1515588562496,0.86341465,-0.043902438,0.47572815,0.86341465
2018-1-10T13-49-22,1515588562497,0.86341465,-0.053658538,0.4368932,0.86341465
2018-1-10T13-49-22,1515588562498,0.87317073,0.024390243,0.407767,0.87317073
2018-1-10T13-49-22,1515588562499,0.86341465,0.004878049,0.407767,0.86341465
2018-1-10T13-49-22,1515588562500,0.82439023,0.004878049,0.46601942,0.82439023
2018-1-10T13-49-22,1515588562501,0.86341465,-0.014634146,0.4854369,0.86341465
2018-1-10T13-49-22,1515588562502,0.87317073,0.034146342,0.4854369,0.87317073
2018-1-10T13-49-22,1515588562503,0.8926829,-0.004878049,0.4368932,0.8926829
2018-1-10T13-49-22,1515588562504,0.902439,-0.004878049,0.39805827,0.902439
2018-1-10T13-49-22,1515588562505,0.87317073,-0.014634146,0.4368932,0.87317073
2018-1-10T13-49-22,1515588562506,0.84390247,-0.014634146,0.44660193,0.84390247
2018-1-10T13-49-22,1515588562507,0.82439023,-0.004878049,0.4368932,0.82439023
2018-1-10T13-49-22,1515588562508,0.80487806,-0.043902438,0.47572815,0.80487806
2018-1-10T13-49-22,1515588562509,0.81463414,-0.08292683,0.4563107,0.81463414
2018-1-10T13-49-22,1515588562510,0.8341463,-0.06341463,0.41747573,0.8341463
2018-1-10T13-49-22,1515588562511,0.85365856,-0.014634146,0.4368932,0.85365856
2018-1-10T13-49-22,1515588562512,0.86341465,-0.034146342,0.41747573,0.86341465
2018-1-10T13-49-22,1515588562513,0.81463414,-0.014634146,0.39805827,0.81463414
2018-1-10T13-49-22,1515588562514,0.81463414,-0.024390243,0.36893204,0.81463414
2018-1-10T13-49-22,1515588562515,0.80487806,-0.024390243,0.42718446,0.80487806
2018-1-10T13-49-22,1515588562516,0.79512197,0.034146342,0.4854369,0.79512197
2018-1-10T13-49-22,1515588562517,0.82439023,-0.043902438,0.46601942,0.82439023
2018-1-10T13-49-22,1515588562518,0.85365856,-0.043902438,0.4563107,0.85365856
2018-1-10T13-49-22,1515588562519,0.91219515,0.08292683,0.46601942,0.91219515
2018-1-10T13-49-22,1515588562520,0.9414634,-0.014634146,0.52427185,0.9414634
2018-1-10T13-49-22,1515588562521,0.9414634,0.014634146,0.4854369,0.9414634
2018-1-10T13-49-22,1515588562522,0.9317073,0.024390243,0.41747573,0.9317073
2018-1-10T13-49-22,1515588562523,0.75609756,-0.014634146,0.44660193,0.75609756
2018-1-10T13-49-22,1515588562524,0.86341465,0.004878049,0.47572815,0.86341465
2018-1-10T13-49-22,1515588562525,0.8341463,-0.024390243,0.4563107,0.8341463
2018-1-10T13-49-22,1515588562526,0.79512197,-0.043902438,0.3883495,0.79512197
2018-1-10T13-49-22,1515588562527,0.81463414,-0.034146342,0.39805827,0.81463414
2018-1-10T13-49-22,1515588562528,0.81463414,0.053658538,0.44660193,0.81463414
2018-1-10T13-49-22,1515588562529,0.82439023,-0.053658538,0.4563107,0.82439023
2018-1-10T13-49-22,1515588562530,0.79512197,-0.043902438,0.3883495,0.79512197
2018-1-10T13-49-22,1515588562531,0.77560973,-0.043902438,0.37864077,0.77560973
2018-1-10T13-49-22,1515588562532,0.79512197,-0.06341463,0.4368932,0.79512197
2018-1-10T13-49-22,1515588562533,0.82439023,-0.043902438,0.46601942,0.82439023
2018-1-10T13-49-22,1515588562534,0.84390247,-0.043902438,0.44660193,0.84390247
2018-1-10T13-49-22,1515588562535,0.85365856,-0.043902438,0.41747573,0.85365856
2018-1-10T13-49-22,1515588562536,0.87317073,-0.014634146,0.4563107,0.87317073
2018-1-10T13-49-22,1515588562537,0.8829268,-0.014634146,0.5048544,0.8829268
2018-1-10T13-49-22,1515588562538,0.902439,-0.024390243,0.4854369,0.902439
2018-1-10T13-49-22,1515588562539,0.8829268,-0.014634146,0.42718446,0.8829268
2018-1-10T13-49-22,1515588562540,0.8829268,0.004878049,0.37864077,0.8829268
2018-1-10T13-49-22,1515588562541,0.84390247,-0.034146342,0.44660193,0.84390247
2018-1-10T13-49-22,1515588562542,0.84390247,-0.004878049,0.47572815,0.84390247
2018-1-10T13-49-22,1515588562543,0.82439023,-0.034146342,0.4563107,0.82439023
2018-1-10T13-49-22,1515588562544,0.8341463,-0.034146342,0.4368932,0.8341463
2018-1-10T13-49-22,1515588562545,0.84390247,-0.014634146,0.4563107,0.84390247
2018-1-10T13-49-22,1515588562546,0.76585364,-0.014634146,0.4368932,0.76585364
2018-1-10T13-49-22,1515588562547,0.84390247,-0.024390243,0.44660193,0.84390247
2018-1-10T13-49-22,1515588562548,0.84390247,-0.004878049,0.42718446,0.84390247
2018-1-10T13-49-22,1515588562549,0.8341463,-0.004878049,0.41747573,0.8341463
2018-1-10T13-49-22,1515588562550,0.8341463,-0.014634146,0.41747573,0.8341463
2018-1-10T13-49-22,1515588562551,0.82439023,-0.004878049,0.3883495,0.82439023
2018-1-10T13-49-22,1515588562552,0.79512197,-0.004878049,0.39805827,0.79512197
2018-1-10T13-49-22,1515588562553,0.81463414,-0.014634146,0.42718446,0.81463414
2018-1-10T13-49-22,1515588562554,0.8341463,-0.024390243,0.49514562,0.8341463
2018-1-10T13-49-22,1515588562555,0.8829268,-0.034146342,0.5048544,0.8829268
2018-1-10T13-49-22,1515588562556,0.8829268,-0.024390243,0.4368932,0.8829268
2018-1-10T13-49-22,1515588562557,0.8829268,-0.014634146,0.36893204,0.8829268
2018-1-10T13-49-22,1515588562558,0.85365856,0.024390243,0.42718446,0.85365856
2018-1-10T13-49-22,1515588562559,0.8341463,0.004878049,0.5339806,0.8341463
2018-1-10T13-49-22,1515588562560,0.84390247,-0.024390243,0.49514562,0.84390247
2018-1-10T13-49-22,1515588562561,0.84390247,-0.024390243,0.39805827,0.84390247
2018-1-10T13-49-22,1515588562562,0.84390247,-0.053658538,0.39805827,0.84390247
2018-1-10T13-49-22,1515588562563,0.86341465,-0.07317073,0.5048544,0.86341465
2018-1-10T13-49-22,1515588562564,0.86341465,-0.07317073,0.47572815,0.86341465
2018-1-10T13-49-22,1515588562565,0.84390247,-0.043902438,0.42718446,0.84390247
2018-1-10T13-49-22,1515588562566,0.85365856,-0.043902438,0.46601942,0.85365856
2018-1-10T13-49-22,1515588562567,0.85365856,-0.014634146,0.4563107,0.85365856
2018-1-10T13-49-22,1515588562568,0.8341463,-0.043902438,0.49514562,0.8341463
2018-1-10T13-49-22,1515588562569,0.84390247,-0.024390243,0.4563107,0.84390247
2018-1-10T13-49-22,1515588562570,0.8829268,-0.034146342,0.4563107,0.8829268
2018-1-10T13-49-22,1515588562571,0.8926829,-0.053658538,0.47572815,0.8926829
2018-1-10T13-49-22,1515588562572,0.8829268,0.004878049,0.4563107,0.8829268
2018-1-10T13-49-22,1515588562573,0.8829268,0.11219512,0.42718446,0.8829268
2018-1-10T13-49-22,1515588562574,0.87317073,0.043902438,0.3883495,0.87317073
2018-1-10T13-49-22,1515588562575,0.82439023,0.024390243,0.407767,0.82439023
2018-1-10T13-49-22,1515588562576,0.79512197,0.024390243,0.42718446,0.79512197
2018-1-10T13-49-22,1515588562577,0.79512197,0.014634146,0.407767,0.79512197
2018-1-10T13-49-22,1515588562578,0.79512197,-0.024390243,0.407767,0.79512197
2018-1-10T13-49-22,1515588562579,0.82439023,-0.034146342,0.41747573,0.82439023
2018-1-10T13-49-22,1515588562580,0.82439023,-0.043902438,0.44660193,0.82439023
2018-1-10T13-49-22,1515588562581,0.81463414,-0.053658538,0.4368932,0.81463414
2018-1-10T13-49-22,1515588562582,0.82439023,-0.053658538,0.42718446,0.82439023
2018-1-10T13-49-22,1515588562583,0.82439023,-0.014634146,0.42718446,0.82439023
2018-1-10T13-49-22,1515588562584,0.85365856,-0.024390243,0.47572815,0.85365856
2018-1-10T13-49-22,1515588562585,0.8926829,-0.043902438,0.47572815,0.8926829
2018-1-10T13-49-22,1515588562586,0.8829268,-0.034146342,0.46601942,0.8829268
2018-1-10T13-49-22,1515588562587,0.91219515,-0.014634146,0.37864077,0.91219515
2018-1-10T13-49-22,1515588562588,0.902439,-0.004878049,0.4368932,0.902439
2018-1-10T13-49-22,1515588562589,0.902439,0.004878049,0.47572815,0.902439
2018-1-10T13-49-22,1515588562590,0.85365856,0.014634146,0.4563107,0.85365856
2018-1-10T13-49-22,1515588562591,0.82439023,-0.014634146,0.46601942,0.82439023
2018-1-10T13-49-22,1515588562592,0.84390247,-0.024390243,0.44660193,0.84390247
2018-1-10T13-49-22,1515588562593,0.85365856,-0.024390243,0.42718446,0.85365856
2018-1-10T13-49-22,1515588562594,0.82439023,-0.024390243,0.42718446,0.82439023
2018-1-10T13-49-22,1515588562595,0.82439023,-0.034146342,0.44660193,0.82439023
2018-1-10T13-49-22,1515588562596,0.92195123,-0.024390243,0.42718446,0.92195123
2018-1-10T13-49-22,1515588562597,0.82439023,-0.043902438,0.4368932,0.82439023
2018-1-10T13-49-22,1515588562598,0.8341463,-0.043902438,0.4368932,0.8341463
2018-1-10T13-49-22,1515588562599,0.81463414,-0.024390243,0.42718446,0.81463414
2018-1-10T13-49-22,1515588562600,0.76585364,-0.014634146,0.407767,0.76585364
2018-1-10T13-49-22,1515588562601,0.8341463,-0.014634146,0.42718446,0.8341463
2018-1-10T13-49-22,1515588562602,0.81463414,0.004878049,0.4563107,0.81463414
2018-1-10T13-49-22,1515588562603,0.86341465,-0.004878049,0.41747573,0.86341465
2018-1-10T13-49-22,1515588562604,0.87317073,0.004878049,0.4563107,0.87317073
2018-1-10T13-49-22,1515588562605,0.86341465,0.014634146,0.42718446,0.86341465
2018-1-10T13-49-22,1515588562606,0.86341465,-0.053658538,0.4563107,0.86341465
2018-1-10T13-49-22,1515588562607,0.82439023,-0.043902438,0.44660193,0.82439023
2018-1-10T13-49-22,1515588562608,0.91219515,-0.06341463,0.42718446,0.91219515
2018-1-10T13-49-22,1515588562609,0.77560973,-0.07317073,0.4563107,0.77560973
2018-1-10T13-49-22,1515588562610,0.81463414,-0.043902438,0.47572815,0.81463414
2018-1-10T13-49-22,1515588562611,0.87317073,-0.024390243,0.46601942,0.87317073
2018-1-10T13-49-22,1515588562612,0.8926829,-0.024390243,0.37864077,0.8926829
2018-1-10T13-49-22,1515588562613,0.87317073,0.014634146,0.42718446,0.87317073
2018-1-10T13-49-22,1515588562614,0.87317073,0.034146342,0.44660193,0.87317073
2018-1-10T13-49-22,1515588562615,0.86341465,0.004878049,0.49514562,0.86341465
2018-1-10T13-49-22,1515588562616,0.86341465,-0.014634146,0.4854369,0.86341465
2018-1-10T13-49-22,1515588562617,0.85365856,-0.043902438,0.44660193,0.85365856
2018-1-10T13-49-22,1515588562618,0.82439023,-0.053658538,0.407767,0.82439023
2018-1-10T13-49-22,1515588562619,0.79512197,-0.034146342,0.3883495,0.79512197
2018-1-10T13-49-22,1515588562620,0.75609756,-0.043902438,0.3883495,0.75609756
2018-1-10T13-49-22,1515588562621,0.7853659,-0.014634146,0.4368932,0.7853659
2018-1-10T13-49-22,1515588562622,0.80487806,-0.09268293,0.47572815,0.80487806
2018-1-10T13-49-22,1515588562623,0.82439023,-0.024390243,0.46601942,0.82439023
2018-1-10T13-49-22,1515588562624,0.87317073,-0.004878049,0.4368932,0.87317073
2018-1-10T13-49-22,1515588562625,0.91219515,0.004878049,0.41747573,0.91219515
2018-1-10T13-49-22,1515588562626,0.902439,0.004878049,0.49514562,0.902439
2018-1-10T13-49-22,1515588562627,0.902439,0.024390243,0.4854369,0.902439
2018-1-10T13-49-22,1515588562628,0.9317073,0.024390243,0.4563107,0.9317073
2018-1-10T13-49-22,1515588562629,0.8926829,0.024390243,0.4368932,0.8926829
2018-1-10T13-49-22,1515588562630,0.84390247,0.004878049,0.41747573,0.84390247
2018-1-10T13-49-22,1515588562631,0.79512197,0.014634146,0.39805827,0.79512197
2018-1-10T13-49-22,1515588562632,0.81463414,-0.014634146,0.4563107,0.81463414
2018-1-10T13-49-22,1515588562633,0.82439023,-0.053658538,0.4563107,0.82439023
2018-1-10T13-49-22,1515588562634,0.84390247,-0.053658538,0.4368932,0.84390247
2018-1-10T13-49-22,1515588562635,0.8829268,-0.10243902,0.4368932,0.8829268
2018-1-10T13-49-22,1515588562636,0.82439023,-0.043902438,0.4563107,0.82439023
2018-1-10T13-49-22,1515588562637,0.82439023,-0.034146342,0.46601942,0.82439023
2018-1-10T13-49-22,1515588562638,0.81463414,-0.08292683,0.41747573,0.81463414
2018-1-10T13-49-22,1515588562639,0.79512197,-0.11219512,0.39805827,0.79512197
2018-1-10T13-49-22,1515588562640,0.82439023,-0.09268293,0.39805827,0.82439023
2018-1-10T13-49-22,1515588562641,0.79512197,-0.10243902,0.42718446,0.79512197
2018-1-10T13-49-22,1515588562642,0.79512197,-0.08292683,0.42718446,0.79512197
2018-1-10T13-49-22,1515588562643,0.8341463,-0.043902438,0.3883495,0.8341463
2018-1-10T13-49-22,1515588562644,0.86341465,-0.014634146,0.44660193,0.86341465
2018-1-10T13-49-22,1515588562645,0.902439,0.034146342,0.4563107,0.902439
2018-1-10T13-49-22,1515588562646,0.91219515,0.024390243,0.49514562,0.91219515
2018-1-10T13-49-22,1515588562647,0.92195123,0.004878049,0.49514562,0.92195123
2018-1-10T13-49-22,1515588562648,0.9414634,0.024390243,0.49514562,0.9414634
2018-1-10T13-49-22,1515588562649,0.8926829,0.014634146,0.47572815,0.8926829
2018-1-10T13-49-22,1515588562650,0.87317073,-0.004878049,0.4563107,0.87317073
2018-1-10T13-49-22,1515588562651,0.85365856,-0.10243902,0.4563107,0.85365856
2018-1-10T13-49-22,1515588562652,0.8341463,-0.034146342,0.4368932,0.8341463
2018-1-10T13-49-22,1515588562653,0.80487806,-0.014634146,0.3883495,0.80487806
2018-1-10T13-49-22,1515588562654,0.7853659,-0.014634146,0.37864077,0.7853659
2018-1-10T13-49-22,1515588562655,0.7853659,-0.004878049,0.407767,0.7853659
2018-1-10T13-49-22,1515588562656,0.77560973,-0.014634146,0.37864077,0.77560973
2018-1-10T13-49-22,1515588562657,0.79512197,-0.034146342,0.39805827,0.79512197
2018-1-10T13-49-22,1515588562658,0.82439023,-0.024390243,0.4368932,0.82439023
2018-1-10T13-49-22,1515588562659,0.85365856,-0.014634146,0.46601942,0.85365856
2018-1-10T13-49-22,1515588562660,0.8829268,0.004878049,0.4854369,0.8829268
2018-1-10T13-49-22,1515588562661,0.8829268,0.004878049,0.44660193,0.8829268
2018-1-10T13-49-22,1515588562662,0.8829268,0.034146342,0.41747573,0.8829268
2018-1-10T13-49-22,1515588562663,0.8829268,0.014634146,0.44660193,0.8829268
2018-1-10T13-49-22,1515588562664,0.79512197,-0.004878049,0.4563107,0.79512197
2018-1-10T13-49-22,1515588562665,0.84390247,-0.014634146,0.44660193,0.84390247
2018-1-10T13-49-22,1515588562666,0.85365856,-0.034146342,0.407767,0.85365856
2018-1-10T13-49-22,1515588562667,0.85365856,-0.034146342,0.42718446,0.85365856
2018-1-10T13-49-22,1515588562668,0.80487806,-0.043902438,0.4563107,0.80487806
2018-1-10T13-49-22,1515588562669,0.902439,-0.043902438,0.46601942,0.902439
2018-1-10T13-49-22,1515588562670,0.902439,-0.043902438,0.47572815,0.902439
2018-1-10T13-49-22,1515588562671,0.81463414,0.004878049,0.4854369,0.81463414
2018-1-10T13-49-22,1515588562672,0.85365856,-0.034146342,0.46601942,0.85365856
2018-1-10T13-49-22,1515588562673,0.8341463,-0.06341463,0.44660193,0.8341463
2018-1-10T13-49-22,1515588562674,0.7853659,-0.07317073,0.44660193,0.7853659
2018-1-10T13-49-22,1515588562675,0.81463414,-0.043902438,0.4368932,0.81463414
2018-1-10T13-49-22,1515588562676,0.77560973,-0.034146342,0.42718446,0.77560973
2018-1-10T13-49-22,1515588562677,0.84390247,-0.014634146,0.39805827,0.84390247
2018-1-10T13-49-22,1515588562678,0.82439023,0.004878049,0.407767,0.82439023
2018-1-10T13-49-22,1515588562679,0.79512197,0.024390243,0.39805827,0.79512197
2018-1-10T13-49-22,1515588562680,0.80487806,0.024390243,0.407767,0.80487806
2018-1-10T13-49-22,1515588562681,0.82439023,-0.004878049,0.44660193,0.82439023
2018-1-10T13-49-22,1515588562682,0.85365856,-0.024390243,0.4563107,0.85365856
2018-1-10T13-49-22,1515588562683,0.87317073,-0.014634146,0.44660193,0.87317073
2018-1-10T13-49-22,1515588562684,0.8926829,-0.014634146,0.4368932,0.8926829
2018-1-10T13-49-22,1515588562685,0.8926829,-0.034146342,0.47572815,0.8926829
2018-1-10T13-49-22,1515588562686,0.85365856,-0.043902438,0.46601942,0.85365856
2018-1-10T13-49-22,1515588562687,0.84390247,-0.024390243,0.4368932,0.84390247
2018-1-10T13-49-22,1515588562688,0.82439023,-0.043902438,0.41747573,0.82439023
2018-1-10T13-49-22,1515588562689,0.84390247,-0.034146342,0.4854369,0.84390247
2018-1-10T13-49-22,1515588562690,0.84390247,-0.034146342,0.4563107,0.84390247
2018-1-10T13-49-22,1515588562691,0.85365856,-0.06341463,0.41747573,0.85365856
2018-1-10T13-49-22,1515588562692,0.87317073,0.004878049,0.41747573,0.87317073
2018-1-10T13-49-22,1515588562693,0.86341465,-0.004878049,0.41747573,0.86341465
2018-1-10T13-49-22,1515588562694,0.8341463,-0.004878049,0.42718446,0.8341463
2018-1-10T13-49-22,1515588562695,0.81463414,-0.004878049,0.47572815,0.81463414
2018-1-10T13-49-22,1515588562696,0.84390247,-0.034146342,0.47572815,0.84390247
2018-1-10T13-49-22,1515588562697,0.84390247,-0.024390243,0.4368932,0.84390247
2018-1-10T13-49-22,1515588562698,0.84390247,-0.004878049,0.33009708,0.84390247
2018-1-10T13-49-22,1515588562699,0.8341463,-0.024390243,0.4368932,0.8341463
2018-1-10T13-49-22,1515588562700,0.82439023,-0.043902438,0.46601942,0.82439023
2018-1-10T13-49-22,1515588562701,0.8341463,-0.034146342,0.44660193,0.8341463
2018-1-10T13-49-22,1515588562702,0.84390247,-0.08292683,0.41747573,0.84390247
2018-1-10T13-49-22,1515588562703,0.86341465,-0.024390243,0.42718446,0.86341465
2018-1-10T13-49-22,1515588562704,0.81463414,-0.053658538,0.49514562,0.81463414
2018-1-10T13-49-22,1515588562705,0.81463414,-0.043902438,0.4563107,0.81463414
2018-1-10T13-49-22,1515588562706,0.84390247,-0.034146342,0.4368932,0.84390247
2018-1-10T13-49-22,1515588562707,0.85365856,-0.014634146,0.41747573,0.85365856
2018-1-10T13-49-22,1515588562708,0.84390247,-0.043902438,0.4368932,0.84390247
2018-1-10T13-49-22,1515588562709,0.81463414,-0.024390243,0.4563107,0.81463414
2018-1-10T13-49-22,1515588562710,0.81463414,-0.024390243,0.42718446,0.81463414
2018-1-10T13-49-22,1515588562711,0.84390247,-0.024390243,0.44660193,0.84390247
2018-1-10T13-49-22,1515588562712,0.85365856,-0.034146342,0.4563107,0.85365856
2018-1-10T13-49-22,1515588562713,0.86341465,-0.024390243,0.44660193,0.86341465
2018-1-10T13-49-22,1515588562714,0.9414634,0.004878049,0.42718446,0.9414634
2018-1-10T13-49-22,1515588562715,0.86341465,0.004878049,0.4368932,0.86341465
2018-1-10T13-49-22,1515588562716,0.85365856,-0.004878049,0.4563107,0.85365856
2018-1-10T13-49-22,1515588562717,0.8341463,-0.024390243,0.44660193,0.8341463
2018-1-10T13-49-22,1515588562718,0.82439023,-0.034146342,0.41747573,0.82439023
2018-1-10T13-49-22,1515588562719,0.82439023,-0.034146342,0.42718446,0.82439023
2018-1-10T13-49-22,1515588562720,0.8341463,-0.034146342,0.41747573,0.8341463
2018-1-10T13-49-22,1515588562721,0.81463414,-0.053658538,0.41747573,0.81463414
2018-1-10T13-49-22,1515588562722,0.82439023,-0.014634146,0.47572815,0.82439023
2018-1-10T13-49-22,1515588562723,0.86341465,-0.034146342,0.47572815,0.86341465
2018-1-10T13-49-22,1515588562724,0.87317073,-0.004878049,0.44660193,0.87317073
2018-1-10T13-49-22,1515588562725,0.8829268,0.004878049,0.4854369,0.8829268
2018-1-10T13-49-22,1515588562726,0.86341465,-0.014634146,0.42718446,0.86341465
2018-1-10T13-49-22,1515588562727,0.8341463,-0.024390243,0.4563107,0.8341463
2018-1-10T13-49-22,1515588562728,0.8341463,-0.034146342,0.4368932,0.8341463
2018-1-10T13-49-22,1515588562729,0.85365856,-0.004878049,0.42718446,0.85365856
2018-1-10T13-49-22,1515588562730,0.85365856,-0.014634146,0.4563107,0.85365856
2018-1-10T13-49-22,1515588562731,0.8926829,0.014634146,0.42718446,0.8926829
2018-1-10T13-49-22,1515588562732,0.902439,0.024390243,0.42718446,0.902439
2018-1-10T13-49-22,1515588562733,0.87317073,0.014634146,0.407767,0.87317073
2018-1-10T13-49-22,1515588562734,0.84390247,0.014634146,0.42718446,0.84390247
2018-1-10T13-49-22,1515588562735,0.81463414,-0.014634146,0.41747573,0.81463414
2018-1-10T13-49-22,1515588562736,0.77560973,-0.004878049,0.41747573,0.77560973
2018-1-10T13-49-22,1515588562737,0.80487806,-0.06341463,0.407767,0.80487806
2018-1-10T13-49-22,1515588562738,0.76585364,-0.08292683,0.42718446,0.76585364
2018-1-10T13-49-22,1515588562739,0.79512197,-0.06341463,0.4563107,0.79512197
2018-1-10T13-49-22,1515588562740,0.84390247,-0.11219512,0.47572815,0.84390247
2018-1-10T13-49-22,1515588562741,0.86341465,-0.07317073,0.4563107,0.86341465
2018-1-10T13-49-22,1515588562742,0.8926829,-0.053658538,0.5145631,0.8926829
2018-1-10T13-49-22,1515588562743,0.87317073,-0.043902438,0.49514562,0.87317073
2018-1-10T13-49-22,1515588562744,0.8829268,0.014634146,0.46601942,0.8829268
2018-1-10T13-49-22,1515588562745,0.87317073,-0.014634146,0.4368932,0.87317073
2018-1-10T13-49-22,1515588562746,0.84390247,-0.004878049,0.47572815,0.84390247
2018-1-10T13-49-22,1515588562747,0.8926829,0.024390243,0.49514562,0.8926829
2018-1-10T13-49-22,1515588562748,0.87317073,-0.014634146,0.4563107,0.87317073
2018-1-10T13-49-22,1515588562749,0.91219515,0.004878049,0.42718446,0.91219515
2018-1-10T13-49-22,1515588562750,0.85365856,0.004878049,0.4368932,0.85365856
2018-1-10T13-49-22,1515588562751,0.85365856,0.004878049,0.4563107,0.85365856
2018-1-10T13-49-22,1515588562752,0.84390247,0.014634146,0.44660193,0.84390247
2018-1-10T13-49-22,1515588562753,0.84390247,-0.004878049,0.52427185,0.84390247
2018-1-10T13-49-22,1515588562754,0.87317073,-0.034146342,0.46601942,0.87317073
2018-1-10T13-49-22,1515588562755,0.86341465,0.014634146,0.46601942,0.86341465
2018-1-10T13-49-22,1515588562756,0.86341465,0.034146342,0.44660193,0.86341465
2018-1-10T13-49-22,1515588562757,0.84390247,0.024390243,0.4368932,0.84390247
2018-1-10T13-49-22,1515588562758,0.8341463,0.004878049,0.4368932,0.8341463
2018-1-10T13-49-22,1515588562759,0.84390247,0.014634146,0.41747573,0.84390247
2018-1-10T13-49-22,1515588562760,0.8341463,-0.004878049,0.39805827,0.8341463
2018-1-10T13-49-22,1515588562761,0.82439023,-0.004878049,0.37864077,0.82439023
2018-1-10T13-49-22,1515588562762,0.77560973,-0.024390243,0.37864077,0.77560973
2018-1-10T13-49-22,1515588562763,0.77560973,-0.06341463,0.407767,0.77560973
2018-1-10T13-49-22,1515588562764,0.79512197,-0.08292683,0.37864077,0.79512197
2018-1-10T13-49-22,1515588562765,0.81463414,-0.06341463,0.4563107,0.81463414
2018-1-10T13-49-22,1515588562766,0.85365856,-0.07317073,0.44660193,0.85365856
2018-1-10T13-49-22,1515588562767,0.8829268,-0.053658538,0.49514562,0.8829268
2018-1-10T13-49-22,1515588562768,0.8926829,-0.06341463,0.46601942,0.8926829
2018-1-10T13-49-22,1515588562769,0.8926829,-0.004878049,0.44660193,0.8926829
2018-1-10T13-49-22,1515588562770,0.8926829,-0.014634146,0.47572815,0.8926829
2018-1-10T13-49-22,1515588562771,0.8829268,-0.034146342,0.49514562,0.8829268
2018-1-10T13-49-22,1515588562772,0.87317073,-0.053658538,0.4563107,0.87317073
2018-1-10T13-49-22,1515588562773,0.80487806,-0.06341463,0.42718446,0.80487806
2018-1-10T13-49-22,1515588562774,0.84390247,-0.06341463,0.46601942,0.84390247
2018-1-10T13-49-22,1515588562775,0.84390247,-0.07317073,0.47572815,0.84390247
2018-1-10T13-49-22,1515588562776,0.84390247,-0.053658538,0.46601942,0.84390247
2018-1-10T13-49-22,1515588562777,0.85365856,-0.014634146,0.46601942,0.85365856
2018-1-10T13-49-22,1515588562778,0.87317073,0.004878049,0.5339806,0.87317073
2018-1-10T13-49-22,1515588562779,0.8829268,0.004878049,0.47572815,0.8829268
2018-1-10T13-49-22,1515588562780,0.8341463,0.004878049,0.407767,0.8341463
2018-1-10T13-49-22,1515588562781,0.80487806,0.034146342,0.37864077,0.80487806
2018-1-10T13-49-22,1515588562782,0.79512197,-0.004878049,0.39805827,0.79512197
2018-1-10T13-49-22,1515588562783,0.79512197,-0.014634146,0.41747573,0.79512197
2018-1-10T13-49-22,1515588562784,0.79512197,-0.014634146,0.37864077,0.79512197
2018-1-10T13-49-22,1515588562785,0.79512197,-0.004878049,0.39805827,0.79512197
2018-1-10T13-49-22,1515588562786,0.81463414,-0.004878049,0.41747573,0.81463414
2018-1-10T13-49-22,1515588562787,0.84390247,0.014634146,0.42718446,0.84390247
2018-1-10T13-49-22,1515588562788,0.84390247,-0.014634146,0.42718446,0.84390247
2018-1-10T13-49-22,1515588562789,1.2146342,0.004878049,0.44660193,1.2146342
2018-1-10T13-49-22,1515588562790,0.902439,-0.014634146,0.52427185,0.902439
2018-1-10T13-49-22,1515588562791,0.92195123,-0.043902438,0.5436893,0.92195123
2018-1-10T13-49-22,1515588562792,0.8341463,-0.034146342,0.44660193,0.8341463
2018-1-10T13-49-22,1515588562793,0.86341465,-0.034146342,0.41747573,0.86341465
2018-1-10T13-49-22,1515588562794,0.85365856,-0.06341463,0.47572815,0.85365856
2018-1-10T13-49-22,1515588562795,0.85365856,-0.07317073,0.42718446,0.85365856
2018-1-10T13-49-22,1515588562796,0.82439023,-0.06341463,0.42718446,0.82439023
2018-1-10T13-49-22,1515588562797,0.8341463,-0.043902438,0.407767,0.8341463
2018-1-10T13-49-22,1515588562798,0.82439023,-0.043902438,0.42718446,0.82439023
2018-1-10T13-49-22,1515588562799,0.8341463,0.014634146,0.46601942,0.8341463
2018-1-10T13-49-22,1515588562800,0.85365856,-0.014634146,0.4563107,0.85365856
2018-1-10T13-49-22,1515588562801,0.87317073,-0.014634146,0.4563107,0.87317073
2018-1-10T13-49-22,1515588562802,0.8926829,-0.004878049,0.41747573,0.8926829
2018-1-10T13-49-22,1515588562803,0.84390247,0.004878049,0.42718446,0.84390247
2018-1-10T13-49-22,1515588562804,0.81463414,0.004878049,0.4563107,0.81463414
2018-1-10T13-49-22,1515588562805,0.81463414,-0.014634146,0.44660193,0.81463414
2018-1-10T13-49-22,1515588562806,0.82439023,-0.014634146,0.42718446,0.82439023
2018-1-10T13-49-22,1515588562807,0.81463414,0.034146342,0.407767,0.81463414
2018-1-10T13-49-22,1515588562808,0.82439023,-0.014634146,0.407767,0.82439023
2018-1-10T13-49-22,1515588562809,0.82439023,-0.004878049,0.42718446,0.82439023
2018-1-10T13-49-22,1515588562810,0.82439023,-0.004878049,0.3592233,0.82439023
2018-1-10T13-49-22,1515588562811,0.81463414,-0.034146342,0.39805827,0.81463414
2018-1-10T13-49-22,1515588562812,0.82439023,-0.024390243,0.4368932,0.82439023
2018-1-10T13-49-22,1515588562813,0.8341463,-0.034146342,0.46601942,0.8341463
2018-1-10T13-49-22,1515588562814,0.84390247,-0.043902438,0.4854369,0.84390247
2018-1-10T13-49-22,1515588562815,0.87317073,-0.034146342,0.46601942,0.87317073
2018-1-10T13-49-22,1515588562816,0.8926829,-0.024390243,0.46601942,0.8926829
2018-1-10T13-49-22,1515588562817,0.902439,-0.034146342,0.47572815,0.902439
2018-1-10T13-49-22,1515588562818,0.91219515,-0.024390243,0.4563107,0.91219515
2018-1-10T13-49-22,1515588562819,0.85365856,-0.014634146,0.4563107,0.85365856
2018-1-10T13-49-22,1515588562820,0.86341465,0.043902438,0.41747573,0.86341465
2018-1-10T13-49-22,1515588562821,0.81463414,-0.06341463,0.41747573,0.81463414
2018-1-10T13-49-22,1515588562822,0.81463414,-0.053658538,0.4368932,0.81463414
2018-1-10T13-49-22,1515588562823,0.85365856,-0.034146342,0.4563107,0.85365856
2018-1-10T13-49-22,1515588562824,0.84390247,-0.043902438,0.47572815,0.84390247
2018-1-10T13-49-22,1515588562825,0.902439,-0.024390243,0.42718446,0.902439
2018-1-10T13-49-22,1515588562826,0.85365856,-0.024390243,0.5048544,0.85365856
2018-1-10T13-49-22,1515588562827,0.82439023,-0.024390243,0.44660193,0.82439023
2018-1-10T13-49-22,1515588562828,0.82439023,-0.004878049,0.42718446,0.82439023
2018-1-10T13-49-22,1515588562829,0.80487806,-0.034146342,0.41747573,0.80487806
2018-1-10T13-49-22,1515588562830,0.80487806,-0.024390243,0.44660193,0.80487806
2018-1-10T13-49-22,1515588562831,0.82439023,0.014634146,0.44660193,0.82439023
2018-1-10T13-49-22,1515588562832,0.82439023,-0.024390243,0.52427185,0.82439023
2018-1-10T13-49-22,1515588562833,0.86341465,-0.004878049,0.39805827,0.86341465
2018-1-10T13-49-22,1515588562834,0.85365856,0.08292683,0.407767,0.85365856
2018-1-10T13-49-22,1515588562835,0.82439023,0.004878049,0.4854369,0.82439023
2018-1-10T13-49-22,1515588562836,0.87317073,-0.043902438,0.5145631,0.87317073
2018-1-10T13-49-22,1515588562837,0.8829268,0.014634146,0.5339806,0.8829268
2018-1-10T13-49-22,1515588562838,0.8829268,-0.014634146,0.42718446,0.8829268
2018-1-10T13-49-22,1515588562839,0.8926829,-0.004878049,0.47572815,0.8926829
2018-1-10T13-49-22,1515588562840,0.8829268,-0.004878049,0.5436893,0.8829268
2018-1-10T13-49-22,1515588562841,0.85365856,-0.004878049,0.46601942,0.85365856
2018-1-10T13-49-22,1515588562842,0.8341463,-0.034146342,0.407767,0.8341463
2018-1-10T13-49-22,1515588562843,0.82439023,-0.004878049,0.37864077,0.82439023
2018-1-10T13-49-22,1515588562844,0.77560973,-0.014634146,0.36893204,0.77560973
2018-1-10T13-49-22,1515588562845,0.74634147,-0.024390243,0.39805827,0.74634147
2018-1-10T13-49-22,1515588562846,0.76585364,0.034146342,0.41747573,0.76585364
2018-1-10T13-49-22,1515588562847,0.80487806,-0.09268293,0.47572815,0.80487806
2018-1-10T13-49-22,1515588562848,0.84390247,-0.10243902,0.44660193,0.84390247
2018-1-10T13-49-22,1515588562849,0.8926829,-0.07317073,0.42718446,0.8926829
2018-1-10T13-49-22,1515588562850,0.92195123,-0.043902438,0.4854369,0.92195123
2018-1-10T13-49-22,1515588562851,0.91219515,-0.024390243,0.5436893,0.91219515
2018-1-10T13-49-22,1515588562852,0.91219515,-0.034146342,0.52427185,0.91219515
2018-1-10T13-49-22,1515588562853,0.902439,-0.034146342,0.4368932,0.902439
2018-1-10T13-49-22,1515588562854,0.902439,-0.004878049,0.41747573,0.902439
2018-1-10T13-49-22,1515588562855,0.82439023,-0.053658538,0.4368932,0.82439023
2018-1-10T13-49-22,1515588562856,0.79512197,-0.043902438,0.4368932,0.79512197
2018-1-10T13-49-22,1515588562857,0.7853659,-0.043902438,0.37864077,0.7853659
2018-1-10T13-49-22,1515588562858,0.7853659,-0.024390243,0.37864077,0.7853659
2018-1-10T13-49-22,1515588562859,0.7853659,-0.014634146,0.3592233,0.7853659
2018-1-10T13-49-22,1515588562860,0.81463414,-0.004878049,0.44660193,0.81463414
2018-1-10T13-49-22,1515588562861,0.8341463,-0.004878049,0.44660193,0.8341463
2018-1-10T13-49-22,1515588562862,0.85365856,-0.014634146,0.4563107,0.85365856
2018-1-10T13-49-22,1515588562863,0.87317073,-0.004878049,0.44660193,0.87317073
2018-1-10T13-49-22,1515588562864,0.81463414,-0.024390243,0.4368932,0.81463414
2018-1-10T13-49-22,1515588562865,0.8341463,-0.034146342,0.42718446,0.8341463
2018-1-10T13-49-22,1515588562866,0.8341463,-0.034146342,0.42718446,0.8341463
2018-1-10T13-49-22,1515588562867,0.79512197,-0.014634146,0.46601942,0.79512197
2018-1-10T13-49-22,1515588562868,0.8341463,-0.07317073,0.47572815,0.8341463
2018-1-10T13-49-22,1515588562869,0.86341465,-0.034146342,0.4563107,0.86341465
2018-1-10T13-49-22,1515588562870,0.902439,0.034146342,0.41747573,0.902439
2018-1-10T13-49-22,1515588562871,0.92195123,0.034146342,0.46601942,0.92195123
2018-1-10T13-49-22,1515588562872,0.91219515,0.043902438,0.5048544,0.91219515
2018-1-10T13-49-22,1515588562873,0.91219515,0.034146342,0.5048544,0.91219515
2018-1-10T13-49-22,1515588562874,0.91219515,0.034146342,0.47572815,0.91219515
2018-1-10T13-49-22,1515588562875,0.91219515,0.014634146,0.4563107,0.91219515
2018-1-10T13-49-22,1515588562876,0.8829268,0.004878049,0.4368932,0.8829268
2018-1-10T13-49-22,1515588562877,0.8341463,-0.043902438,0.4368932,0.8341463
2018-1-10T13-49-22,1515588562878,0.82439023,-0.043902438,0.407767,0.82439023
2018-1-10T13-49-22,1515588562879,0.7853659,-0.043902438,0.39805827,0.7853659
2018-1-10T13-49-22,1515588562880,0.76585364,-0.043902438,0.39805827,0.76585364
2018-1-10T13-49-22,1515588562881,0.77560973,0.24878049,0.407767,0.77560973
2018-1-10T13-49-22,1515588562882,0.76585364,-0.06341463,0.44660193,0.76585364
2018-1-10T13-49-22,1515588562883,0.7853659,-0.07317073,0.3592233,0.7853659
2018-1-10T13-49-22,1515588562884,0.80487806,-0.053658538,0.3883495,0.80487806
2018-1-10T13-49-22,1515588562885,0.82439023,-0.043902438,0.4368932,0.82439023
2018-1-10T13-49-22,1515588562886,0.85365856,-0.024390243,0.46601942,0.85365856
2018-1-10T13-49-22,1515588562887,0.87317073,-0.053658538,0.47572815,0.87317073
2018-1-10T13-49-22,1515588562888,0.902439,-0.014634146,0.47572815,0.902439
2018-1-10T13-49-22,1515588562889,0.902439,0.053658538,0.46601942,0.902439
2018-1-10T13-49-22,1515588562890,0.9317073,0.004878049,0.46601942,0.9317073
2018-1-10T13-49-22,1515588562891,0.92195123,-0.004878049,0.47572815,0.92195123
2018-1-10T13-49-22,1515588562892,0.91219515,-0.014634146,0.4563107,0.91219515
2018-1-10T13-49-22,1515588562893,0.9317073,-0.034146342,0.46601942,0.9317073
2018-1-10T13-49-22,1515588562894,0.8829268,-0.043902438,0.4368932,0.8829268
2018-1-10T13-49-22,1515588562895,0.81463414,-0.053658538,0.4368932,0.81463414
2018-1-10T13-49-22,1515588562896,0.75609756,-0.06341463,0.407767,0.75609756
2018-1-10T13-49-22,1515588562897,0.7853659,-0.08292683,0.39805827,0.7853659
2018-1-10T13-49-22,1515588562898,0.75609756,-0.09268293,0.407767,0.75609756
2018-1-10T13-49-22,1515588562899,0.79512197,-0.06341463,0.39805827,0.79512197
2018-1-10T13-49-22,1515588562900,0.81463414,-0.053658538,0.4368932,0.81463414
2018-1-10T13-49-22,1515588562901,0.7853659,-0.004878049,0.42718446,0.7853659
2018-1-10T13-49-22,1515588562902,0.86341465,-0.014634146,0.4368932,0.86341465
2018-1-10T13-49-22,1515588562903,0.87317073,0.024390243,0.44660193,0.87317073
2018-1-10T13-49-22,1515588562904,0.8926829,0.024390243,0.44660193,0.8926829
2018-1-10T13-49-22,1515588562905,0.86341465,0.053658538,0.46601942,0.86341465
2018-1-10T13-49-22,1515588562906,0.8926829,0.043902438,0.47572815,0.8926829
2018-1-10T13-49-22,1515588562907,0.9512195,0.034146342,0.42718446,0.9512195
2018-1-10T13-49-22,1515588562908,0.87317073,0.034146342,0.407767,0.87317073
2018-1-10T13-49-22,1515588562909,0.84390247,-0.004878049,0.41747573,0.84390247
2018-1-10T13-49-22,1515588562910,0.81463414,-0.024390243,0.47572815,0.81463414
2018-1-10T13-49-22,1515588562911,0.80487806,-0.06341463,0.4563107,0.80487806
2018-1-10T13-49-22,1515588562912,0.7853659,-0.053658538,0.407767,0.7853659
2018-1-10T13-49-22,1515588562913,0.80487806,-0.053658538,0.44660193,0.80487806
2018-1-10T13-49-22,1515588562914,0.81463414,-0.09268293,0.4854369,0.81463414
2018-1-10T13-49-22,1515588562915,0.85365856,-0.10243902,0.4563107,0.85365856
2018-1-10T13-49-22,1515588562916,0.81463414,-0.09268293,0.39805827,0.81463414
2018-1-10T13-49-22,1515588562917,0.81463414,-0.053658538,0.37864077,0.81463414
2018-1-10T13-49-22,1515588562918,0.82439023,-0.07317073,0.4368932,0.82439023
2018-1-10T13-49-22,1515588562919,0.82439023,-0.034146342,0.4563107,0.82439023
2018-1-10T13-49-22,1515588562920,0.85365856,0.004878049,0.4368932,0.85365856
2018-1-10T13-49-22,1515588562921,0.91219515,0.024390243,0.44660193,0.91219515
2018-1-10T13-49-22,1515588562922,0.9317073,0.034146342,0.46601942,0.9317073
2018-1-10T13-49-22,1515588562923,0.9317073,0.043902438,0.49514562,0.9317073
2018-1-10T13-49-22,1515588562924,0.9512195,0.024390243,0.4854369,0.9512195
2018-1-10T13-49-22,1515588562925,0.9317073,0.004878049,0.4563107,0.9317073
2018-1-10T13-49-22,1515588562926,0.8829268,0.004878049,0.4368932,0.8829268
2018-1-10T13-49-22,1515588562927,0.82439023,-0.053658538,0.4563107,0.82439023
2018-1-10T13-49-22,1515588562928,0.79512197,-0.06341463,0.4368932,0.79512197
2018-1-10T13-49-22,1515588562929,0.76585364,-0.09268293,0.407767,0.76585364
2018-1-10T13-49-22,1515588562930,0.77560973,-0.07317073,0.407767,0.77560973
2018-1-10T13-49-22,1515588562931,0.77560973,-0.07317073,0.37864077,0.77560973
2018-1-10T13-49-22,1515588562932,0.7853659,-0.024390243,0.3883495,0.7853659
2018-1-10T13-49-22,1515588562933,0.81463414,-0.024390243,0.4563107,0.81463414
2018-1-10T13-49-22,1515588562934,0.85365856,-0.08292683,0.4854369,0.85365856
2018-1-10T13-49-22,1515588562935,0.8926829,0.004878049,0.46601942,0.8926829
2018-1-10T13-49-22,1515588562936,0.91219515,0.014634146,0.44660193,0.91219515
2018-1-10T13-49-22,1515588562937,0.8829268,0.014634146,0.46601942,0.8829268
2018-1-10T13-49-22,1515588562938,0.91219515,0.004878049,0.4563107,0.91219515
2018-1-10T13-49-22,1515588562939,0.8341463,0.004878049,0.42718446,0.8341463
2018-1-10T13-49-22,1515588562940,0.8341463,-0.024390243,0.41747573,0.8341463
2018-1-10T13-49-22,1515588562941,0.81463414,-0.014634146,0.3592233,0.81463414
2018-1-10T13-49-22,1515588562942,0.7853659,-0.07317073,0.407767,0.7853659
2018-1-10T13-49-22,1515588562943,0.79512197,-0.034146342,0.29126215,0.79512197
2018-1-10T13-49-22,1515588562944,0.8341463,-0.07317073,0.44660193,0.8341463
2018-1-10T13-49-22,1515588562945,0.902439,-0.014634146,0.46601942,0.902439
2018-1-10T13-49-22,1515588562946,0.86341465,-0.024390243,0.4368932,0.86341465
2018-1-10T13-49-22,1515588562947,0.85365856,-0.004878049,0.4563107,0.85365856
2018-1-10T13-49-22,1515588562948,0.87317073,-0.053658538,0.49514562,0.87317073
2018-1-10T13-49-22,1515588562949,0.86341465,0.004878049,0.44660193,0.86341465
2018-1-10T13-49-22,1515588562950,0.84390247,-0.08292683,0.44660193,0.84390247
2018-1-10T13-49-22,1515588562951,0.8341463,-0.043902438,0.41747573,0.8341463
2018-1-10T13-49-22,1515588562952,0.82439023,-0.034146342,0.42718446,0.82439023
2018-1-10T13-49-22,1515588562953,0.80487806,-0.043902438,0.4563107,0.80487806
2018-1-10T13-49-22,1515588562954,0.82439023,-0.004878049,0.47572815,0.82439023
2018-1-10T13-49-22,1515588562955,0.86341465,-0.034146342,0.4563107,0.86341465
2018-1-10T13-49-22,1515588562956,0.81463414,-0.014634146,0.42718446,0.81463414
2018-1-10T13-49-22,1515588562957,0.8926829,-0.004878049,0.39805827,0.8926829
2018-1-10T13-49-22,1515588562958,0.86341465,0.004878049,0.4854369,0.86341465
2018-1-10T13-49-22,1515588562959,0.85365856,-0.034146342,0.4854369,0.85365856
2018-1-10T13-49-22,1515588562960,0.8341463,-0.004878049,0.4563107,0.8341463
2018-1-10T13-49-22,1515588562961,0.8341463,-0.034146342,0.41747573,0.8341463
2018-1-10T13-49-22,1515588562962,0.81463414,-0.034146342,0.41747573,0.81463414
2018-1-10T13-49-22,1515588562963,0.8341463,-0.024390243,0.4368932,0.8341463
2018-1-10T13-49-22,1515588562964,0.8341463,-0.014634146,0.39805827,0.8341463
2018-1-10T13-49-22,1515588562965,0.81463414,-0.07317073,0.36893204,0.81463414
2018-1-10T13-49-22,1515588562966,0.81463414,0.004878049,0.41747573,0.81463414
2018-1-10T13-49-22,1515588562967,0.8341463,-0.004878049,0.46601942,0.8341463
2018-1-10T13-49-22,1515588562968,0.85365856,-0.034146342,0.46601942,0.85365856
2018-1-10T13-49-22,1515588562969,0.86341465,-0.024390243,0.42718446,0.86341465
2018-1-10T13-49-22,1515588562970,0.8341463,-0.034146342,0.42718446,0.8341463
2018-1-10T13-49-22,1515588562971,0.8341463,-0.034146342,0.47572815,0.8341463
2018-1-10T13-49-22,1515588562972,0.87317073,-0.043902438,0.5145631,0.87317073
2018-1-10T13-49-22,1515588562973,0.87317073,-0.034146342,0.49514562,0.87317073
2018-1-10T13-49-22,1515588562974,0.85365856,-0.043902438,0.44660193,0.85365856
2018-1-10T13-49-22,1515588562975,0.9414634,-0.024390243,0.4368932,0.9414634
2018-1-10T13-49-22,1515588562976,0.87317073,0.06341463,0.4563107,0.87317073
2018-1-10T13-49-22,1515588562977,0.86341465,-0.014634146,0.44660193,0.86341465
2018-1-10T13-49-22,1515588562978,0.84390247,0.004878049,0.4563107,0.84390247
2018-1-10T13-49-22,1515588562979,0.84390247,0.014634146,0.407767,0.84390247
2018-1-10T13-49-22,1515588562980,0.86341465,-0.014634146,0.41747573,0.86341465
2018-1-10T13-49-22,1515588562981,0.8341463,0.004878049,0.407767,0.8341463
2018-1-10T13-49-22,1515588562982,0.8341463,-0.004878049,0.4368932,0.8341463
2018-1-10T13-49-22,1515588562983,0.82439023,-0.034146342,0.46601942,0.82439023
2018-1-10T13-49-22,1515588562984,0.81463414,0.014634146,0.44660193,0.81463414
2018-1-10T13-49-22,1515588562985,0.8341463,-0.014634146,0.36893204,0.8341463
2018-1-10T13-49-22,1515588562986,0.79512197,-0.024390243,0.36893204,0.79512197
2018-1-10T13-49-22,1515588562987,0.77560973,-0.024390243,0.4368932,0.77560973
2018-1-10T13-49-22,1515588562988,0.8341463,-0.004878049,0.4854369,0.8341463
2018-1-10T13-49-22,1515588562989,0.84390247,-0.053658538,0.47572815,0.84390247
2018-1-10T13-49-22,1515588562990,0.86341465,-0.034146342,0.41747573,0.86341465
2018-1-10T13-49-22,1515588562991,0.902439,-0.004878049,0.4563107,0.902439
2018-1-10T13-49-22,1515588562992,0.902439,-0.024390243,0.4854369,0.902439
2018-1-10T13-49-22,1515588562993,0.8926829,-0.024390243,0.4563107,0.8926829
2018-1-10T13-49-22,1515588562994,0.85365856,-0.024390243,0.41747573,0.85365856
2018-1-10T13-49-22,1515588562995,0.82439023,-0.024390243,0.407767,0.82439023
2018-1-10T13-49-22,1515588562996,0.86341465,-0.053658538,0.47572815,0.86341465
2018-1-10T13-49-22,1515588562997,0.84390247,-0.06341463,0.47572815,0.84390247
2018-1-10T13-49-22,1515588562998,0.8341463,-0.043902438,0.42718446,0.8341463
2018-1-10T13-49-22,1515588562999,0.85365856,-0.06341463,0.39805827,0.85365856
2018-1-10T13-49-23,1515588563000,0.81463414,0.024390243,0.407767,0.81463414
2018-1-10T13-49-23,1515588563001,0.80487806,-0.024390243,0.4368932,0.80487806
2018-1-10T13-49-23,1515588563002,0.81463414,0.004878049,0.46601942,0.81463414
2018-1-10T13-49-23,1515588563003,0.82439023,-0.014634146,0.4563107,0.82439023
2018-1-10T13-49-23,1515588563004,0.85365856,-0.004878049,0.41747573,0.85365856
2018-1-10T13-49-23,1515588563005,0.8341463,0.004878049,0.42718446,0.8341463
2018-1-10T13-49-23,1515588563006,0.85365856,-0.004878049,0.4563107,0.85365856
2018-1-10T13-49-23,1515588563007,0.85365856,-0.014634146,0.46601942,0.85365856
2018-1-10T13-49-23,1515588563008,0.85365856,-0.014634146,0.4368932,0.85365856
2018-1-10T13-49-23,1515588563009,0.8341463,-0.053658538,0.407767,0.8341463
2018-1-10T13-49-23,1515588563010,0.8926829,-0.043902438,0.4368932,0.8926829
2018-1-10T13-49-23,1515588563011,0.8341463,-0.034146342,0.4563107,0.8341463
2018-1-10T13-49-23,1515588563012,0.84390247,-0.043902438,0.4563107,0.84390247
2018-1-10T13-49-23,1515588563013,0.84390247,-0.004878049,0.44660193,0.84390247
2018-1-10T13-49-23,1515588563014,0.8829268,0.004878049,0.4854369,0.8829268
2018-1-10T13-49-23,1515588563015,0.92195123,-0.004878049,0.5048544,0.92195123
2018-1-10T13-49-23,1515588563016,0.8926829,0.004878049,0.47572815,0.8926829
2018-1-10T13-49-23,1515588563017,0.902439,0.014634146,0.4368932,0.902439
2018-1-10T13-49-23,1515588563018,0.87317073,-0.004878049,0.44660193,0.87317073
2018-1-10T13-49-23,1515588563019,0.84390247,-0.014634146,0.4563107,0.84390247
2018-1-10T13-49-23,1515588563020,0.81463414,-0.004878049,0.42718446,0.81463414
2018-1-10T13-49-23,1515588563021,0.80487806,-0.014634146,0.42718446,0.80487806
2018-1-10T13-49-23,1515588563022,0.80487806,-0.004878049,0.39805827,0.80487806
2018-1-10T13-49-23,1515588563023,0.80487806,-0.053658538,0.407767,0.80487806
2018-1-10T13-49-23,1515588563024,0.81463414,-0.053658538,0.3883495,0.81463414
2018-1-10T13-49-23,1515588563025,0.80487806,-0.053658538,0.3883495,0.80487806
2018-1-10T13-49-23,1515588563026,0.7853659,0.014634146,0.41747573,0.7853659
2018-1-10T13-49-23,1515588563027,0.77560973,-0.024390243,0.47572815,0.77560973
2018-1-10T13-49-23,1515588563028,0.84390247,-0.024390243,0.49514562,0.84390247
2018-1-10T13-49-23,1515588563029,0.87317073,0.004878049,0.46601942,0.87317073
2018-1-10T13-49-23,1515588563030,0.8926829,-0.004878049,0.44660193,0.8926829
2018-1-10T13-49-23,1515588563031,0.9317073,-0.014634146,0.46601942,0.9317073
2018-1-10T13-49-23,1515588563032,0.8926829,-0.004878049,0.5048544,0.8926829
2018-1-10T13-49-23,1515588563033,0.8926829,-0.043902438,0.5048544,0.8926829
2018-1-10T13-49-23,1515588563034,0.87317073,-0.043902438,0.4368932,0.87317073
2018-1-10T13-49-23,1515588563035,0.87317073,-0.053658538,0.407767,0.87317073
2018-1-10T13-49-23,1515588563036,0.81463414,-0.043902438,0.42718446,0.81463414
2018-1-10T13-49-23,1515588563037,0.81463414,-0.06341463,0.4368932,0.81463414
2018-1-10T13-49-23,1515588563038,0.82439023,-0.08292683,0.44660193,0.82439023
2018-1-10T13-49-23,1515588563039,0.79512197,-0.11219512,0.42718446,0.79512197
2018-1-10T13-49-23,1515588563040,0.82439023,-0.08292683,0.42718446,0.82439023
2018-1-10T13-49-23,1515588563041,0.8341463,-0.06341463,0.47572815,0.8341463
2018-1-10T13-49-23,1515588563042,0.84390247,-0.034146342,0.49514562,0.84390247
2018-1-10T13-49-23,1515588563043,0.86341465,0.004878049,0.4368932,0.86341465
2018-1-10T13-49-23,1515588563044,0.8829268,0.06341463,0.41747573,0.8829268
2018-1-10T13-49-23,1515588563045,0.902439,0.08292683,0.4563107,0.902439
2018-1-10T13-49-23,1515588563046,0.91219515,0.07317073,0.46601942,0.91219515
2018-1-10T13-49-23,1515588563047,0.902439,0.06341463,0.4563107,0.902439
2018-1-10T13-49-23,1515588563048,0.8829268,0.06341463,0.39805827,0.8829268
2018-1-10T13-49-23,1515588563049,0.8341463,0.024390243,0.39805827,0.8341463
2018-1-10T13-49-23,1515588563050,0.79512197,-0.014634146,0.44660193,0.79512197
2018-1-10T13-49-23,1515588563051,0.71707314,-0.09268293,0.44660193,0.71707314
2018-1-10T13-49-23,1515588563052,0.77560973,-0.09268293,0.4368932,0.77560973
2018-1-10T13-49-23,1515588563053,0.75609756,-0.08292683,0.36893204,0.75609756
2018-1-10T13-49-23,1515588563054,0.77560973,-0.06341463,0.407767,0.77560973
2018-1-10T13-49-23,1515588563055,0.77560973,-0.07317073,0.49514562,0.77560973
2018-1-10T13-49-23,1515588563056,0.8341463,-0.07317073,0.52427185,0.8341463
2018-1-10T13-49-23,1515588563057,0.8829268,-0.053658538,0.49514562,0.8829268
2018-1-10T13-49-23,1515588563058,0.9414634,-0.004878049,0.407767,0.9414634
2018-1-10T13-49-23,1515588563059,0.9512195,0.034146342,0.4563107,0.9512195
2018-1-10T13-49-23,1515588563060,0.92195123,0.10243902,0.47572815,0.92195123
2018-1-10T13-49-23,1515588563061,0.8829268,0.024390243,0.4563107,0.8829268
2018-1-10T13-49-23,1515588563062,0.86341465,0.004878049,0.42718446,0.86341465
2018-1-10T13-49-23,1515588563063,0.81463414,-0.014634146,0.3592233,0.81463414
2018-1-10T13-49-23,1515588563064,0.79512197,-0.034146342,0.41747573,0.79512197
2018-1-10T13-49-23,1515588563065,0.7853659,-0.09268293,0.39805827,0.7853659
2018-1-10T13-49-23,1515588563066,0.7853659,-0.09268293,0.41747573,0.7853659
2018-1-10T13-49-23,1515588563067,0.7853659,-0.09268293,0.36893204,0.7853659
2018-1-10T13-49-23,1515588563068,0.7853659,-0.08292683,0.41747573,0.7853659
2018-1-10T13-49-23,1515588563069,0.80487806,-0.08292683,0.39805827,0.80487806
2018-1-10T13-49-23,1515588563070,0.80487806,-0.053658538,0.46601942,0.80487806
2018-1-10T13-49-23,1515588563071,0.87317073,-0.004878049,0.42718446,0.87317073
2018-1-10T13-49-23,1515588563072,0.8926829,0.024390243,0.4563107,0.8926829
2018-1-10T13-49-23,1515588563073,0.902439,0.034146342,0.44660193,0.902439
2018-1-10T13-49-23,1515588563074,0.902439,0.043902438,0.42718446,0.902439
2018-1-10T13-49-23,1515588563075,0.92195123,0.043902438,0.37864077,0.92195123
2018-1-10T13-49-23,1515588563076,0.8829268,0.034146342,0.46601942,0.8829268
2018-1-10T13-49-23,1515588563077,0.85365856,0.034146342,0.42718446,0.85365856
2018-1-10T13-49-23,1515588563078,0.8926829,0.004878049,0.4368932,0.8926829
2018-1-10T13-49-23,1515588563079,0.84390247,0.024390243,0.47572815,0.84390247
2018-1-10T13-49-23,1515588563080,0.82439023,-0.004878049,0.46601942,0.82439023
2018-1-10T13-49-23,1515588563081,0.85365856,-0.004878049,0.4368932,0.85365856
2018-1-10T13-49-23,1515588563082,0.84390247,-0.004878049,0.42718446,0.84390247
2018-1-10T13-49-23,1515588563083,0.86341465,-0.014634146,0.4854369,0.86341465
2018-1-10T13-49-23,1515588563084,0.81463414,-0.024390243,0.52427185,0.81463414
2018-1-10T13-49-23,1515588563085,0.85365856,-0.043902438,0.46601942,0.85365856
2018-1-10T13-49-23,1515588563086,0.82439023,-0.07317073,0.42718446,0.82439023
2018-1-10T13-49-23,1515588563087,0.85365856,-0.06341463,0.39805827,0.85365856
2018-1-10T13-49-23,1515588563088,0.79512197,-0.053658538,0.3883495,0.79512197
2018-1-10T13-49-23,1515588563089,0.7853659,-0.08292683,0.39805827,0.7853659
2018-1-10T13-49-23,1515588563090,0.76585364,-0.09268293,0.37864077,0.76585364
2018-1-10T13-49-23,1515588563091,0.77560973,-0.08292683,0.3883495,0.77560973
2018-1-10T13-49-23,1515588563092,0.80487806,-0.07317073,0.4368932,0.80487806
2018-1-10T13-49-23,1515588563093,0.84390247,-0.053658538,0.4854369,0.84390247
2018-1-10T13-49-23,1515588563094,0.9317073,-0.004878049,0.49514562,0.9317073
2018-1-10T13-49-23,1515588563095,0.9512195,-0.004878049,0.4854369,0.9512195
2018-1-10T13-49-23,1515588563096,0.9512195,0.024390243,0.4854369,0.9512195
2018-1-10T13-49-23,1515588563097,0.9317073,0.034146342,0.5048544,0.9317073
2018-1-10T13-49-23,1515588563098,0.91219515,-0.024390243,0.4854369,0.91219515
2018-1-10T13-49-23,1515588563099,0.85365856,-0.004878049,0.4563107,0.85365856
2018-1-10T13-49-23,1515588563100,0.82439023,-0.053658538,0.41747573,0.82439023
2018-1-10T13-49-23,1515588563101,0.79512197,-0.07317073,0.41747573,0.79512197
2018-1-10T13-49-23,1515588563102,0.75609756,-0.07317073,0.3883495,0.75609756
2018-1-10T13-49-23,1515588563103,0.76585364,-0.024390243,0.3883495,0.76585364
2018-1-10T13-49-23,1515588563104,0.76585364,-0.043902438,0.41747573,0.76585364
2018-1-10T13-49-23,1515588563105,0.80487806,0.06341463,0.4368932,0.80487806
2018-1-10T13-49-23,1515588563106,0.81463414,0.014634146,0.42718446,0.81463414
2018-1-10T13-49-23,1515588563107,0.87317073,-0.024390243,0.44660193,0.87317073
2018-1-10T13-49-23,1515588563108,0.91219515,0.024390243,0.4563107,0.91219515
2018-1-10T13-49-23,1515588563109,0.92195123,0.10243902,0.5145631,0.92195123
2018-1-10T13-49-23,1515588563110,0.9317073,0.053658538,0.5339806,0.9317073
2018-1-10T13-49-23,1515588563111,0.9512195,0.034146342,0.4854369,0.9512195
2018-1-10T13-49-23,1515588563112,0.9317073,0.014634146,0.42718446,0.9317073
2018-1-10T13-49-23,1515588563113,0.91219515,0.014634146,0.3883495,0.91219515
2018-1-10T13-49-23,1515588563114,0.82439023,-0.053658538,0.41747573,0.82439023
2018-1-10T13-49-23,1515588563115,0.77560973,-0.053658538,0.4368932,0.77560973
2018-1-10T13-49-23,1515588563116,0.79512197,-0.053658538,0.4563107,0.79512197
2018-1-10T13-49-23,1515588563117,0.82439023,-0.07317073,0.4368932,0.82439023
2018-1-10T13-49-23,1515588563118,0.80487806,-0.08292683,0.4368932,0.80487806
2018-1-10T13-49-23,1515588563119,0.8341463,-0.08292683,0.47572815,0.8341463
2018-1-10T13-49-23,1515588563120,0.81463414,-0.08292683,0.47572815,0.81463414
2018-1-10T13-49-23,1515588563121,0.81463414,-0.07317073,0.44660193,0.81463414
2018-1-10T13-49-23,1515588563122,0.8341463,-0.053658538,0.4368932,0.8341463
2018-1-10T13-49-23,1515588563123,0.8829268,-0.06341463,0.4563107,0.8829268
2018-1-10T13-49-23,1515588563124,0.8341463,-0.07317073,0.44660193,0.8341463
2018-1-10T13-49-23,1515588563125,0.87317073,-0.07317073,0.23300971,0.87317073
2018-1-10T13-49-23,1515588563126,0.8829268,-0.004878049,0.44660193,0.8829268
2018-1-10T13-49-23,1515588563127,0.902439,0.034146342,0.407767,0.902439
2018-1-10T13-49-23,1515588563128,0.8829268,0.043902438,0.44660193,0.8829268
2018-1-10T13-49-23,1515588563129,0.87317073,0.034146342,0.5048544,0.87317073
2018-1-10T13-49-23,1515588563130,0.87317073,0.004878049,0.4854369,0.87317073
2018-1-10T13-49-23,1515588563131,0.91219515,-0.014634146,0.44660193,0.91219515
2018-1-10T13-49-23,1515588563132,0.8829268,-0.034146342,0.4368932,0.8829268
2018-1-10T13-49-23,1515588563133,0.81463414,0.024390243,0.36893204,0.81463414
2018-1-10T13-49-23,1515588563134,0.76585364,-0.034146342,0.42718446,0.76585364
2018-1-10T13-49-23,1515588563135,0.77560973,-0.053658538,0.407767,0.77560973
2018-1-10T13-49-23,1515588563136,0.75609756,-0.053658538,0.3883495,0.75609756
2018-1-10T13-49-23,1515588563137,0.77560973,-0.024390243,0.36893204,0.77560973
2018-1-10T13-49-23,1515588563138,0.80487806,-0.014634146,0.41747573,0.80487806
2018-1-10T13-49-23,1515588563139,0.81463414,0.004878049,0.4563107,0.81463414
2018-1-10T13-49-23,1515588563140,0.8829268,0.024390243,0.4854369,0.8829268
2018-1-10T13-49-23,1515588563141,0.9512195,0.014634146,0.46601942,0.9512195
2018-1-10T13-49-23,1515588563142,0.8926829,0.024390243,0.42718446,0.8926829
2018-1-10T13-49-23,1515588563143,0.92195123,0.014634146,0.47572815,0.92195123
2018-1-10T13-49-23,1515588563144,0.91219515,-0.034146342,0.5436893,0.91219515
2018-1-10T13-49-23,1515588563145,0.8926829,-0.034146342,0.5048544,0.8926829
2018-1-10T13-49-23,1515588563146,0.87317073,-0.043902438,0.44660193,0.87317073
2018-1-10T13-49-23,1515588563147,0.86341465,-0.06341463,0.4368932,0.86341465
2018-1-10T13-49-23,1515588563148,0.8341463,-0.053658538,0.44660193,0.8341463
2018-1-10T13-49-23,1515588563149,0.79512197,-0.043902438,0.42718446,0.79512197
2018-1-10T13-49-23,1515588563150,0.79512197,-0.053658538,0.407767,0.79512197
2018-1-10T13-49-23,1515588563151,0.79512197,-0.07317073,0.4368932,0.79512197
2018-1-10T13-49-23,1515588563152,0.79512197,-0.053658538,0.4368932,0.79512197
2018-1-10T13-49-23,1515588563153,0.86341465,-0.053658538,0.4368932,0.86341465
2018-1-10T13-49-23,1515588563154,0.85365856,-0.053658538,0.42718446,0.85365856
2018-1-10T13-49-23,1515588563155,0.87317073,0.014634146,0.46601942,0.87317073
2018-1-10T13-49-23,1515588563156,0.87317073,-0.004878049,0.47572815,0.87317073
2018-1-10T13-49-23,1515588563157,0.86341465,0.024390243,0.4368932,0.86341465
2018-1-10T13-49-23,1515588563158,0.902439,0.024390243,0.407767,0.902439
2018-1-10T13-49-23,1515588563159,0.81463414,0.004878049,0.39805827,0.81463414
2018-1-10T13-49-23,1515588563160,0.79512197,-0.014634146,0.4368932,0.79512197
2018-1-10T13-49-23,1515588563161,0.80487806,-0.06341463,0.4563107,0.80487806
2018-1-10T13-49-23,1515588563162,0.82439023,-0.043902438,0.46601942,0.82439023
2018-1-10T13-49-23,1515588563163,0.86341465,-0.043902438,0.42718446,0.86341465
2018-1-10T13-49-23,1515588563164,0.8926829,-0.014634146,0.4368932,0.8926829
2018-1-10T13-49-23,1515588563165,0.902439,-0.014634146,0.47572815,0.902439
2018-1-10T13-49-23,1515588563166,0.82439023,-0.004878049,0.47572815,0.82439023
2018-1-10T13-49-23,1515588563167,0.902439,-0.014634146,0.46601942,0.902439
2018-1-10T13-49-23,1515588563168,0.84390247,-0.014634146,0.44660193,0.84390247
2018-1-10T13-49-23,1515588563169,0.82439023,-0.024390243,0.4854369,0.82439023
2018-1-10T13-49-23,1515588563170,0.84390247,-0.024390243,0.4368932,0.84390247
2018-1-10T13-49-23,1515588563171,0.85365856,-0.043902438,0.41747573,0.85365856
2018-1-10T13-49-23,1515588563172,0.82439023,-0.024390243,0.46601942,0.82439023
2018-1-10T13-49-23,1515588563173,0.8829268,-0.024390243,0.4854369,0.8829268
2018-1-10T13-49-23,1515588563174,0.85365856,-0.024390243,0.39805827,0.85365856
2018-1-10T13-49-23,1515588563175,0.81463414,-0.024390243,0.407767,0.81463414
2018-1-10T13-49-23,1515588563176,0.80487806,-0.004878049,0.4368932,0.80487806
2018-1-10T13-49-23,1515588563177,0.80487806,-0.024390243,0.46601942,0.80487806
2018-1-10T13-49-23,1515588563178,0.82439023,-0.034146342,0.44660193,0.82439023
2018-1-10T13-49-23,1515588563179,0.85365856,-0.014634146,0.41747573,0.85365856
2018-1-10T13-49-23,1515588563180,0.86341465,-0.014634146,0.4368932,0.86341465
2018-1-10T13-49-23,1515588563181,0.84390247,0.024390243,0.4563107,0.84390247
2018-1-10T13-49-23,1515588563182,0.84390247,-0.053658538,0.4563107,0.84390247
2018-1-10T13-49-23,1515588563183,0.8341463,-0.053658538,0.44660193,0.8341463
2018-1-10T13-49-23,1515588563184,0.81463414,-0.014634146,0.42718446,0.81463414
2018-1-10T13-49-23,1515588563185,0.84390247,0.004878049,0.4368932,0.84390247
2018-1-10T13-49-23,1515588563186,0.8341463,-0.014634146,0.41747573,0.8341463
2018-1-10T13-49-23,1515588563187,0.85365856,0.014634146,0.4368932,0.85365856
2018-1-10T13-49-23,1515588563188,0.87317073,0.014634146,0.4563107,0.87317073
2018-1-10T13-49-23,1515588563189,0.86341465,-0.024390243,0.46601942,0.86341465
2018-1-10T13-49-23,1515588563190,0.8829268,-0.043902438,0.42718446,0.8829268
2018-1-10T13-49-23,1515588563191,0.81463414,-0.034146342,0.407767,0.81463414
2018-1-10T13-49-23,1515588563192,0.80487806,-0.06341463,0.46601942,0.80487806
2018-1-10T13-49-23,1515588563193,0.84390247,-0.043902438,0.4854369,0.84390247
2018-1-10T13-49-23,1515588563194,0.8341463,-0.053658538,0.46601942,0.8341463
2018-1-10T13-49-23,1515588563195,0.86341465,-0.043902438,0.42718446,0.86341465
2018-1-10T13-49-23,1515588563196,0.8341463,-0.014634146,0.42718446,0.8341463
2018-1-10T13-49-23,1515588563197,0.8829268,0.004878049,0.4563107,0.8829268
2018-1-10T13-49-23,1515588563198,0.82439023,-0.014634146,0.49514562,0.82439023
2018-1-10T13-49-23,1515588563199,0.84390247,0.004878049,0.44660193,0.84390247
2018-1-10T13-49-23,1515588563200,0.86341465,0.014634146,0.4368932,0.86341465
2018-1-10T13-49-23,1515588563201,0.86341465,0.024390243,0.47572815,0.86341465
2018-1-10T13-49-23,1515588563202,0.86341465,0.014634146,0.4368932,0.86341465
2018-1-10T13-49-23,1515588563203,0.82439023,-0.053658538,0.39805827,0.82439023
2018-1-10T13-49-23,1515588563204,0.82439023,-0.014634146,0.42718446,0.82439023
2018-1-10T13-49-23,1515588563205,0.80487806,-0.034146342,0.44660193,0.80487806
2018-1-10T13-49-23,1515588563206,0.79512197,-0.14146341,0.42718446,0.79512197
2018-1-10T13-49-23,1515588563207,0.79512197,-0.014634146,0.407767,0.79512197
2018-1-10T13-49-23,1515588563208,0.80487806,-0.024390243,0.39805827,0.80487806
2018-1-10T13-49-23,1515588563209,0.79512197,-0.034146342,0.47572815,0.79512197
2018-1-10T13-49-23,1515588563210,0.85365856,-0.034146342,0.49514562,0.85365856
2018-1-10T13-49-23,1515588563211,0.87317073,-0.014634146,0.46601942,0.87317073
2018-1-10T13-49-23,1515588563212,0.8926829,-0.004878049,0.41747573,0.8926829
2018-1-10T13-49-23,1515588563213,0.91219515,-0.014634146,0.4563107,0.91219515
2018-1-10T13-49-23,1515588563214,0.87317073,-0.024390243,0.46601942,0.87317073
2018-1-10T13-49-23,1515588563215,0.85365856,-0.024390243,0.44660193,0.85365856
2018-1-10T13-49-23,1515588563216,0.8341463,-0.004878049,0.4368932,0.8341463
2018-1-10T13-49-23,1515588563217,0.85365856,-0.014634146,0.39805827,0.85365856
2018-1-10T13-49-23,1515588563218,0.85365856,0.024390243,0.4563107,0.85365856
2018-1-10T13-49-23,1515588563219,0.86341465,0.08292683,0.44660193,0.86341465
2018-1-10T13-49-23,1515588563220,0.86341465,-0.004878049,0.407767,0.86341465
2018-1-10T13-49-23,1515588563221,0.81463414,-0.014634146,0.49514562,0.81463414
2018-1-10T13-49-23,1515588563222,0.82439023,-0.024390243,0.46601942,0.82439023
2018-1-10T13-49-23,1515588563223,0.84390247,-0.043902438,0.44660193,0.84390247
2018-1-10T13-49-23,1515588563224,0.86341465,-0.053658538,0.4854369,0.86341465
2018-1-10T13-49-23,1515588563225,0.85365856,-0.06341463,0.41747573,0.85365856
2018-1-10T13-49-23,1515588563226,0.84390247,-0.053658538,0.4368932,0.84390247
2018-1-10T13-49-23,1515588563227,0.77560973,-0.043902438,0.42718446,0.77560973
2018-1-10T13-49-23,1515588563228,0.82439023,-0.06341463,0.4563107,0.82439023
2018-1-10T13-49-23,1515588563229,0.79512197,-0.08292683,0.36893204,0.79512197
2018-1-10T13-49-23,1515588563230,0.77560973,-0.014634146,0.3592233,0.77560973
2018-1-10T13-49-23,1515588563231,0.79512197,-0.014634146,0.3592233,0.79512197
2018-1-10T13-49-23,1515588563232,0.80487806,-0.014634146,0.46601942,0.80487806
2018-1-10T13-49-23,1515588563233,0.82439023,0.004878049,0.41747573,0.82439023
2018-1-10T13-49-23,1515588563234,0.87317073,0.004878049,0.37864077,0.87317073
2018-1-10T13-49-23,1515588563235,0.84390247,-0.004878049,0.41747573,0.84390247
2018-1-10T13-49-23,1515588563236,0.87317073,-0.004878049,0.5048544,0.87317073
2018-1-10T13-49-23,1515588563237,0.87317073,-0.024390243,0.5339806,0.87317073
2018-1-10T13-49-23,1515588563238,0.902439,-0.014634146,0.49514562,0.902439
2018-1-10T13-49-23,1515588563239,0.92195123,0.004878049,0.42718446,0.92195123
2018-1-10T13-49-23,1515588563240,0.91219515,-0.014634146,0.4368932,0.91219515
2018-1-10T13-49-23,1515588563241,0.87317073,-0.014634146,0.4368932,0.87317073
2018-1-10T13-49-23,1515588563242,0.81463414,-0.034146342,0.49514562,0.81463414
2018-1-10T13-49-23,1515588563243,0.84390247,-0.034146342,0.46601942,0.84390247
2018-1-10T13-49-23,1515588563244,0.82439023,-0.053658538,0.3883495,0.82439023
2018-1-10T13-49-23,1515588563245,0.86341465,-0.034146342,0.4563107,0.86341465
2018-1-10T13-49-23,1515588563246,0.85365856,-0.034146342,0.47572815,0.85365856
2018-1-10T13-49-23,1515588563247,0.8341463,-0.014634146,0.4368932,0.8341463
2018-1-10T13-49-23,1515588563248,0.86341465,-0.12195122,0.407767,0.86341465
2018-1-10T13-49-23,1515588563249,0.86341465,-0.004878049,0.4563107,0.86341465
2018-1-10T13-49-23,1515588563250,0.85365856,-0.014634146,0.49514562,0.85365856
2018-1-10T13-49-23,1515588563251,0.84390247,-0.014634146,0.46601942,0.84390247
2018-1-10T13-49-23,1515588563252,0.85365856,-0.043902438,0.4368932,0.85365856
2018-1-10T13-49-23,1515588563253,0.84390247,-0.043902438,0.42718446,0.84390247
2018-1-10T13-49-23,1515588563254,0.82439023,-0.053658538,0.37864077,0.82439023
2018-1-10T13-49-23,1515588563255,0.7853659,-0.07317073,0.39805827,0.7853659
2018-1-10T13-49-23,1515588563256,0.7853659,-0.07317073,0.44660193,0.7853659
2018-1-10T13-49-23,1515588563257,0.80487806,-0.053658538,0.41747573,0.80487806
2018-1-10T13-49-23,1515588563258,0.81463414,-0.07317073,0.41747573,0.81463414
2018-1-10T13-49-23,1515588563259,0.8341463,-0.06341463,0.4563107,0.8341463
2018-1-10T13-49-23,1515588563260,0.85365856,-0.053658538,0.49514562,0.85365856
2018-1-10T13-49-23,1515588563261,0.92195123,-0.053658538,0.49514562,0.92195123
2018-1-10T13-49-23,1515588563262,0.902439,-0.024390243,0.42718446,0.902439
2018-1-10T13-49-23,1515588563263,0.92195123,0.014634146,0.42718446,0.92195123
2018-1-10T13-49-23,1515588563264,0.85365856,0.024390243,0.42718446,0.85365856
2018-1-10T13-49-23,1515588563265,0.8341463,-0.014634146,0.4563107,0.8341463
2018-1-10T13-49-23,1515588563266,0.76585364,0.004878049,0.4563107,0.76585364
2018-1-10T13-49-23,1515588563267,0.8341463,-0.004878049,0.4368932,0.8341463
2018-1-10T13-49-23,1515588563268,0.85365856,0.48292682,0.41747573,0.85365856
2018-1-10T13-49-23,1515588563269,0.8341463,-0.014634146,0.44660193,0.8341463
2018-1-10T13-49-23,1515588563270,0.85365856,0.004878049,0.47572815,0.85365856
2018-1-10T13-49-23,1515588563271,0.86341465,-0.014634146,0.46601942,0.86341465
2018-1-10T13-49-23,1515588563272,0.86341465,-0.043902438,0.4563107,0.86341465
2018-1-10T13-49-23,1515588563273,0.86341465,-0.014634146,0.42718446,0.86341465
2018-1-10T13-49-23,1515588563274,0.85365856,0.014634146,0.44660193,0.85365856
2018-1-10T13-49-23,1515588563275,0.8341463,0.08292683,0.4368932,0.8341463
2018-1-10T13-49-23,1515588563276,0.8341463,0.034146342,0.42718446,0.8341463
2018-1-10T13-49-23,1515588563277,0.84390247,0.014634146,0.5436893,0.84390247
2018-1-10T13-49-23,1515588563278,0.86341465,-0.024390243,0.4368932,0.86341465
2018-1-10T13-49-23,1515588563279,0.8341463,-0.014634146,0.41747573,0.8341463
2018-1-10T13-49-23,1515588563280,0.84390247,-0.034146342,0.42718446,0.84390247
2018-1-10T13-49-23,1515588563281,0.81463414,-0.07317073,0.42718446,0.81463414
2018-1-10T13-49-23,1515588563282,0.7853659,-0.07317073,0.46601942,0.7853659
2018-1-10T13-49-23,1515588563283,0.84390247,-0.043902438,0.4854369,0.84390247
2018-1-10T13-49-23,1515588563284,0.8829268,-0.014634146,0.46601942,0.8829268
2018-1-10T13-49-23,1515588563285,0.87317073,-0.053658538,0.41747573,0.87317073
2018-1-10T13-49-23,1515588563286,0.84390247,-0.034146342,0.46601942,0.84390247
2018-1-10T13-49-23,1515588563287,0.84390247,-0.06341463,0.4563107,0.84390247
2018-1-10T13-49-23,1515588563288,0.81463414,-0.06341463,0.4368932,0.81463414
2018-1-10T13-49-23,1515588563289,0.82439023,-0.043902438,0.4368932,0.82439023
2018-1-10T13-49-23,1515588563290,0.902439,-0.06341463,0.3883495,0.902439
2018-1-10T13-49-23,1515588563291,0.80487806,-0.034146342,0.44660193,0.80487806
2018-1-10T13-49-23,1515588563292,0.84390247,-0.024390243,0.4854369,0.84390247
2018-1-10T13-49-23,1515588563293,0.8829268,-0.024390243,0.4854369,0.8829268
2018-1-10T13-49-23,1515588563294,0.902439,-0.004878049,0.407767,0.902439
2018-1-10T13-49-23,1515588563295,0.8926829,0.004878049,0.4563107,0.8926829
2018-1-10T13-49-23,1515588563296,0.81463414,-0.024390243,0.4563107,0.81463414
2018-1-10T13-49-23,1515588563297,0.86341465,-0.004878049,0.46601942,0.86341465
2018-1-10T13-49-23,1515588563298,0.74634147,0.034146342,0.41747573,0.74634147
2018-1-10T13-49-23,1515588563299,0.87317073,0.034146342,0.5048544,0.87317073
2018-1-10T13-49-23,1515588563300,0.86341465,0.004878049,0.44660193,0.86341465
2018-1-10T13-49-23,1515588563301,0.85365856,0.043902438,0.37864077,0.85365856
2018-1-10T13-49-23,1515588563302,0.87317073,0.024390243,0.4368932,0.87317073
2018-1-10T13-49-23,1515588563303,0.84390247,-0.004878049,0.47572815,0.84390247
2018-1-10T13-49-23,1515588563304,0.80487806,-0.024390243,0.39805827,0.80487806
2018-1-10T13-49-23,1515588563305,0.7853659,-0.004878049,0.3883495,0.7853659
2018-1-10T13-49-23,1515588563306,0.81463414,-0.043902438,0.4563107,0.81463414
2018-1-10T13-49-23,1515588563307,0.82439023,-0.043902438,0.44660193,0.82439023
2018-1-10T13-49-23,1515588563308,0.81463414,-0.053658538,0.42718446,0.81463414
2018-1-10T13-49-23,1515588563309,0.86341465,-0.043902438,0.41747573,0.86341465
2018-1-10T13-49-23,1515588563310,0.85365856,-0.06341463,0.44660193,0.85365856
2018-1-10T13-49-23,1515588563311,0.85365856,-0.043902438,0.4563107,0.85365856
2018-1-10T13-49-23,1515588563312,0.87317073,-0.024390243,0.47572815,0.87317073
2018-1-10T13-49-23,1515588563313,0.86341465,-0.034146342,0.47572815,0.86341465
2018-1-10T13-49-23,1515588563314,0.87317073,-0.024390243,0.44660193,0.87317073
2018-1-10T13-49-23,1515588563315,0.86341465,-0.024390243,0.4368932,0.86341465
2018-1-10T13-49-23,1515588563316,0.8341463,-0.053658538,0.41747573,0.8341463
2018-1-10T13-49-23,1515588563317,0.8829268,-0.053658538,0.3883495,0.8829268
2018-1-10T13-49-23,1515588563318,0.77560973,-0.053658538,0.42718446,0.77560973
2018-1-10T13-49-23,1515588563319,0.79512197,-0.06341463,0.4563107,0.79512197
2018-1-10T13-49-23,1515588563320,0.80487806,-0.08292683,0.44660193,0.80487806
2018-1-10T13-49-23,1515588563321,0.84390247,-0.043902438,0.44660193,0.84390247
2018-1-10T13-49-23,1515588563322,0.87317073,-0.024390243,0.4854369,0.87317073
2018-1-10T13-49-23,1515588563323,0.91219515,0.004878049,0.4854369,0.91219515
2018-1-10T13-49-23,1515588563324,0.9317073,0.043902438,0.49514562,0.9317073
2018-1-10T13-49-23,1515588563325,0.9317073,0.043902438,0.46601942,0.9317073
2018-1-10T13-49-23,1515588563326,0.8829268,0.043902438,0.4368932,0.8829268
2018-1-10T13-49-23,1515588563327,0.81463414,-0.034146342,0.42718446,0.81463414
2018-1-10T13-49-23,1515588563328,0.7853659,0.014634146,0.407767,0.7853659
2018-1-10T13-49-23,1515588563329,0.7853659,-0.014634146,0.42718446,0.7853659
2018-1-10T13-49-23,1515588563330,0.7853659,0.034146342,0.42718446,0.7853659
2018-1-10T13-49-23,1515588563331,0.82439023,-0.09268293,0.407767,0.82439023
2018-1-10T13-49-23,1515588563332,0.81463414,-0.024390243,0.4368932,0.81463414
2018-1-10T13-49-23,1515588563333,0.84390247,-0.034146342,0.4368932,0.84390247
2018-1-10T13-49-23,1515588563334,0.82439023,-0.014634146,0.4563107,0.82439023
2018-1-10T13-49-23,1515588563335,0.84390247,-0.043902438,0.46601942,0.84390247
2018-1-10T13-49-23,1515588563336,0.87317073,-0.043902438,0.4854369,0.87317073
2018-1-10T13-49-23,1515588563337,0.8829268,-0.034146342,0.5048544,0.8829268
2018-1-10T13-49-23,1515588563338,0.8926829,-0.043902438,0.47572815,0.8926829
2018-1-10T13-49-23,1515588563339,0.8926829,-0.053658538,0.4563107,0.8926829
2018-1-10T13-49-23,1515588563340,0.86341465,-0.053658538,0.41747573,0.86341465
2018-1-10T13-49-23,1515588563341,0.8341463,-0.034146342,0.4368932,0.8341463
2018-1-10T13-49-23,1515588563342,0.81463414,-0.053658538,0.44660193,0.81463414
2018-1-10T13-49-23,1515588563343,0.81463414,-0.053658538,0.44660193,0.81463414
2018-1-10T13-49-23,1515588563344,0.81463414,-0.07317073,0.44660193,0.81463414
2018-1-10T13-49-23,1515588563345,0.82439023,-0.07317073,0.42718446,0.82439023
2018-1-10T13-49-23,1515588563346,0.84390247,-0.07317073,0.46601942,0.84390247
2018-1-10T13-49-23,1515588563347,0.85365856,-0.053658538,0.4563107,0.85365856
2018-1-10T13-49-23,1515588563348,0.82439023,-0.034146342,0.42718446,0.82439023
2018-1-10T13-49-23,1515588563349,0.81463414,-0.024390243,0.4368932,0.81463414
2018-1-10T13-49-23,1515588563350,0.82439023,-0.014634146,0.47572815,0.82439023
2018-1-10T13-49-23,1515588563351,0.86341465,-0.004878049,0.47572815,0.86341465
2018-1-10T13-49-23,1515588563352,0.8829268,0.014634146,0.4368932,0.8829268
2018-1-10T13-49-23,1515588563353,0.85365856,0.08292683,0.3592233,0.85365856
2018-1-10T13-49-23,1515588563354,0.86341465,0.07317073,0.4563107,0.86341465
2018-1-10T13-49-23,1515588563355,0.85365856,0.034146342,0.5145631,0.85365856
2018-1-10T13-49-23,1515588563356,0.80487806,0.024390243,0.41747573,0.80487806
2018-1-10T13-49-23,1515588563357,0.80487806,0.034146342,0.32038835,0.80487806
2018-1-10T13-49-23,1515588563358,0.79512197,0.034146342,0.44660193,0.79512197
2018-1-10T13-49-23,1515588563359,0.8341463,-0.043902438,0.57281554,0.8341463
2018-1-10T13-49-23,1515588563360,0.85365856,-0.053658538,0.47572815,0.85365856
2018-1-10T13-49-23,1515588563361,0.86341465,-0.043902438,0.3592233,0.86341465
2018-1-10T13-49-23,1515588563362,0.87317073,-0.024390243,0.44660193,0.87317073
2018-1-10T13-49-23,1515588563363,0.84390247,-0.08292683,0.5048544,0.84390247
2018-1-10T13-49-23,1515588563364,0.77560973,-0.09268293,0.4563107,0.77560973
2018-1-10T13-49-23,1515588563365,0.80487806,-0.06341463,0.42718446,0.80487806
2018-1-10T13-49-23,1515588563366,0.85365856,-0.06341463,0.41747573,0.85365856
2018-1-10T13-49-23,1515588563367,0.84390247,-0.053658538,0.47572815,0.84390247
2018-1-10T13-49-23,1515588563368,0.87317073,-0.043902438,0.4563107,0.87317073
2018-1-10T13-49-23,1515588563369,0.86341465,-0.024390243,0.5436893,0.86341465
2018-1-10T13-49-23,1515588563370,0.902439,-0.014634146,0.44660193,0.902439
2018-1-10T13-49-23,1515588563371,0.92195123,0.014634146,0.44660193,0.92195123
2018-1-10T13-49-23,1515588563372,0.85365856,0.014634146,0.4563107,0.85365856
2018-1-10T13-49-23,1515588563373,0.87317073,-0.07317073,0.46601942,0.87317073
2018-1-10T13-49-23,1515588563374,0.8341463,-0.034146342,0.42718446,0.8341463
2018-1-10T13-49-23,1515588563375,0.82439023,-0.014634146,0.3883495,0.82439023
2018-1-10T13-49-23,1515588563376,0.81463414,-0.034146342,0.42718446,0.81463414
2018-1-10T13-49-23,1515588563377,0.79512197,-0.053658538,0.46601942,0.79512197
2018-1-10T13-49-23,1515588563378,0.80487806,-0.043902438,0.39805827,0.80487806
2018-1-10T13-49-23,1515588563379,0.81463414,-0.024390243,0.407767,0.81463414
2018-1-10T13-49-23,1515588563380,0.81463414,-0.024390243,0.41747573,0.81463414
2018-1-10T13-49-23,1515588563381,0.8341463,-0.053658538,0.46601942,0.8341463
2018-1-10T13-49-23,1515588563382,0.81463414,-0.043902438,0.4368932,0.81463414
2018-1-10T13-49-23,1515588563383,0.85365856,-0.004878049,0.37864077,0.85365856
2018-1-10T13-49-23,1515588563384,0.8829268,-0.004878049,0.49514562,0.8829268
2018-1-10T13-49-23,1515588563385,0.8829268,-0.004878049,0.46601942,0.8829268
2018-1-10T13-49-23,1515588563386,0.85365856,-0.004878049,0.37864077,0.85365856
2018-1-10T13-49-23,1515588563387,0.87317073,0.004878049,0.4368932,0.87317073
2018-1-10T13-49-23,1515588563388,0.85365856,-0.014634146,0.47572815,0.85365856
2018-1-10T13-49-23,1515588563389,0.84390247,-0.024390243,0.46601942,0.84390247
2018-1-10T13-49-23,1515588563390,0.85365856,-0.004878049,0.4368932,0.85365856
2018-1-10T13-49-23,1515588563391,0.85365856,-0.024390243,0.4368932,0.85365856
2018-1-10T13-49-23,1515588563392,0.87317073,-0.024390243,0.44660193,0.87317073
2018-1-10T13-49-23,1515588563393,0.84390247,-0.024390243,0.44660193,0.84390247
2018-1-10T13-49-23,1515588563394,0.85365856,-0.053658538,0.46601942,0.85365856
2018-1-10T13-49-23,1515588563395,0.8341463,-0.07317073,0.49514562,0.8341463
2018-1-10T13-49-23,1515588563396,0.86341465,-0.09268293,0.44660193,0.86341465
2018-1-10T13-49-23,1515588563397,0.9414634,-0.053658538,0.42718446,0.9414634
2018-1-10T13-49-23,1515588563398,0.84390247,-0.034146342,0.42718446,0.84390247
2018-1-10T13-49-23,1515588563399,0.8341463,-0.034146342,0.41747573,0.8341463
2018-1-10T13-49-23,1515588563400,0.80487806,-0.07317073,0.44660193,0.80487806
2018-1-10T13-49-23,1515588563401,0.81463414,-0.034146342,0.49514562,0.81463414
2018-1-10T13-49-23,1515588563402,0.85365856,-0.004878049,0.407767,0.85365856
2018-1-10T13-49-23,1515588563403,0.81463414,-0.014634146,0.39805827,0.81463414
2018-1-10T13-49-23,1515588563404,0.81463414,-0.034146342,0.4563107,0.81463414
2018-1-10T13-49-23,1515588563405,0.8341463,0.014634146,0.46601942,0.8341463
2018-1-10T13-49-23,1515588563406,0.85365856,-0.024390243,0.407767,0.85365856
2018-1-10T13-49-23,1515588563407,0.8341463,0.014634146,0.39805827,0.8341463
2018-1-10T13-49-23,1515588563408,0.85365856,0.014634146,0.4368932,0.85365856
2018-1-10T13-49-23,1515588563409,0.86341465,-0.034146342,0.5048544,0.86341465
2018-1-10T13-49-23,1515588563410,0.86341465,-0.014634146,0.4368932,0.86341465
2018-1-10T13-49-23,1515588563411,0.85365856,-0.014634146,0.41747573,0.85365856
2018-1-10T13-49-23,1515588563412,0.86341465,0.024390243,0.4563107,0.86341465
2018-1-10T13-49-23,1515588563413,0.85365856,-0.024390243,0.4563107,0.85365856
2018-1-10T13-49-23,1515588563414,0.85365856,-0.004878049,0.4368932,0.85365856
2018-1-10T13-49-23,1515588563415,0.85365856,-0.024390243,0.4563107,0.85365856
2018-1-10T13-49-23,1515588563416,0.8829268,-0.024390243,0.4368932,0.8829268
2018-1-10T13-49-23,1515588563417,0.84390247,-0.024390243,0.42718446,0.84390247
2018-1-10T13-49-23,1515588563418,0.82439023,-0.014634146,0.4368932,0.82439023
2018-1-10T13-49-23,1515588563419,0.87317073,-0.053658538,0.52427185,0.87317073
2018-1-10T13-49-23,1515588563420,0.86341465,-0.053658538,0.4854369,0.86341465
2018-1-10T13-49-23,1515588563421,0.84390247,-0.034146342,0.36893204,0.84390247
2018-1-10T13-49-23,1515588563422,0.8341463,0.004878049,0.4368932,0.8341463
2018-1-10T13-49-23,1515588563423,0.80487806,-0.034146342,0.52427185,0.80487806
2018-1-10T13-49-23,1515588563424,0.84390247,-0.043902438,0.46601942,0.84390247
2018-1-10T13-49-23,1515588563425,0.84390247,-0.034146342,0.42718446,0.84390247
2018-1-10T13-49-23,1515588563426,0.8926829,-0.024390243,0.44660193,0.8926829
2018-1-10T13-49-23,1515588563427,0.902439,-0.024390243,0.4368932,0.902439
2018-1-10T13-49-23,1515588563428,0.80487806,-0.024390243,0.42718446,0.80487806
2018-1-10T13-49-23,1515588563429,0.85365856,-0.014634146,0.41747573,0.85365856
2018-1-10T13-49-23,1515588563430,0.80487806,-0.034146342,0.4563107,0.80487806
2018-1-10T13-49-23,1515588563431,0.82439023,-0.034146342,0.42718446,0.82439023
2018-1-10T13-49-23,1515588563432,0.81463414,-0.004878049,0.42718446,0.81463414
2018-1-10T13-49-23,1515588563433,0.82439023,-0.024390243,0.4854369,0.82439023
2018-1-10T13-49-23,1515588563434,0.8926829,-0.024390243,0.4854369,0.8926829
2018-1-10T13-49-23,1515588563435,0.8829268,-0.024390243,0.49514562,0.8829268
2018-1-10T13-49-23,1515588563436,0.97073174,-0.004878049,0.39805827,0.97073174
2018-1-10T13-49-23,1515588563437,0.86341465,0.004878049,0.4368932,0.86341465
2018-1-10T13-49-23,1515588563438,0.86341465,-0.014634146,0.4854369,0.86341465
2018-1-10T13-49-23,1515588563439,0.82439023,-0.014634146,0.42718446,0.82439023
2018-1-10T13-49-23,1515588563440,0.79512197,-0.024390243,0.37864077,0.79512197
2018-1-10T13-49-23,1515588563441,0.7853659,-0.004878049,0.407767,0.7853659
2018-1-10T13-49-23,1515588563442,0.79512197,-0.014634146,0.4854369,0.79512197
2018-1-10T13-49-23,1515588563443,0.86341465,-0.014634146,0.5631068,0.86341465
2018-1-10T13-49-23,1515588563444,0.87317073,-0.024390243,0.4368932,0.87317073
2018-1-10T13-49-23,1515588563445,0.87317073,-0.024390243,0.42718446,0.87317073
2018-1-10T13-49-23,1515588563446,0.86341465,-0.004878049,0.44660193,0.86341465
2018-1-10T13-49-23,1515588563447,0.85365856,-0.014634146,0.46601942,0.85365856
2018-1-10T13-49-23,1515588563448,0.82439023,-0.034146342,0.4368932,0.82439023
2018-1-10T13-49-23,1515588563449,0.82439023,-0.034146342,0.42718446,0.82439023
2018-1-10T13-49-23,1515588563450,0.82439023,-0.034146342,0.46601942,0.82439023
2018-1-10T13-49-23,1515588563451,0.85365856,-0.053658538,0.47572815,0.85365856
2018-1-10T13-49-23,1515588563452,0.8829268,-0.034146342,0.42718446,0.8829268
2018-1-10T13-49-23,1515588563453,0.902439,-0.043902438,0.52427185,0.902439
2018-1-10T13-49-23,1515588563454,0.91219515,-0.053658538,0.4854369,0.91219515
2018-1-10T13-49-23,1515588563455,0.902439,-0.024390243,0.46601942,0.902439
2018-1-10T13-49-23,1515588563456,0.86341465,-0.024390243,0.407767,0.86341465
2018-1-10T13-49-23,1515588563457,0.80487806,-0.034146342,0.407767,0.80487806
2018-1-10T13-49-23,1515588563458,0.76585364,-0.014634146,0.4563107,0.76585364
2018-1-10T13-49-23,1515588563459,0.8341463,-0.034146342,0.46601942,0.8341463
2018-1-10T13-49-23,1515588563460,0.81463414,-0.014634146,0.42718446,0.81463414
2018-1-10T13-49-23,1515588563461,0.84390247,0.004878049,0.3883495,0.84390247
2018-1-10T13-49-23,1515588563462,0.84390247,0.024390243,0.41747573,0.84390247
2018-1-10T13-49-23,1515588563463,0.82439023,0.014634146,0.3883495,0.82439023
2018-1-10T13-49-23,1515588563464,0.8341463,-0.004878049,0.42718446,0.8341463
2018-1-10T13-49-23,1515588563465,0.79512197,-0.024390243,0.42718446,0.79512197
2018-1-10T13-49-23,1515588563466,0.82439023,0.034146342,0.4368932,0.82439023
2018-1-10T13-49-23,1515588563467,0.8341463,-0.034146342,0.4368932,0.8341463
2018-1-10T13-49-23,1515588563468,0.82439023,-0.034146342,0.52427185,0.82439023
2018-1-10T13-49-23,1515588563469,0.8926829,-0.034146342,0.46601942,0.8926829
2018-1-10T13-49-23,1515588563470,0.8829268,-0.014634146,0.46601942,0.8829268
2018-1-10T13-49-23,1515588563471,0.91219515,-0.024390243,0.4563107,0.91219515
2018-1-10T13-49-23,1515588563472,0.85365856,0.024390243,0.46601942,0.85365856
2018-1-10T13-49-23,1515588563473,1.0780488,-0.014634146,0.4563107,1.0780488
2018-1-10T13-49-23,1515588563474,0.86341465,-0.004878049,0.4368932,0.86341465
2018-1-10T13-49-23,1515588563475,0.8341463,-0.034146342,0.5436893,0.8341463
2018-1-10T13-49-23,1515588563476,0.8341463,0.004878049,0.44660193,0.8341463
2018-1-10T13-49-23,1515588563477,0.84390247,-0.024390243,0.4854369,0.84390247
2018-1-10T13-49-23,1515588563478,0.86341465,-0.034146342,0.44660193,0.86341465
2018-1-10T13-49-23,1515588563479,0.8341463,-0.034146342,0.37864077,0.8341463
2018-1-10T13-49-23,1515588563480,0.79512197,-0.014634146,0.3883495,0.79512197
2018-1-10T13-49-23,1515588563481,0.81463414,-0.034146342,0.44660193,0.81463414
2018-1-10T13-49-23,1515588563482,0.80487806,-0.053658538,0.44660193,0.80487806
2018-1-10T13-49-23,1515588563483,0.82439023,-0.043902438,0.407767,0.82439023
2018-1-10T13-49-23,1515588563484,0.85365856,-0.014634146,0.39805827,0.85365856
2018-1-10T13-49-23,1515588563485,0.87317073,0.034146342,0.42718446,0.87317073
2018-1-10T13-49-23,1515588563486,0.79512197,0.043902438,0.47572815,0.79512197
2018-1-10T13-49-23,1515588563487,0.87317073,-0.014634146,0.5339806,0.87317073
2018-1-10T13-49-23,1515588563488,0.8926829,-0.024390243,0.52427185,0.8926829
2018-1-10T13-49-23,1515588563489,0.91219515,-0.004878049,0.4563107,0.91219515
2018-1-10T13-49-23,1515588563490,0.87317073,-0.014634146,0.39805827,0.87317073
2018-1-10T13-49-23,1515588563491,0.84390247,-0.034146342,0.41747573,0.84390247
2018-1-10T13-49-23,1515588563492,0.80487806,-0.014634146,0.44660193,0.80487806
2018-1-10T13-49-23,1515588563493,0.79512197,-0.004878049,0.41747573,0.79512197
2018-1-10T13-49-23,1515588563494,0.80487806,-0.06341463,0.42718446,0.80487806
2018-1-10T13-49-23,1515588563495,0.81463414,-0.08292683,0.4368932,0.81463414
2018-1-10T13-49-23,1515588563496,0.8341463,-0.014634146,0.4563107,0.8341463
2018-1-10T13-49-23,1515588563497,0.86341465,-0.004878049,0.5048544,0.86341465
2018-1-10T13-49-23,1515588563498,0.86341465,-0.004878049,0.44660193,0.86341465
2018-1-10T13-49-23,1515588563499,0.8829268,-0.004878049,0.42718446,0.8829268
2018-1-10T13-49-23,1515588563500,0.8829268,-0.024390243,0.47572815,0.8829268
2018-1-10T13-49-23,1515588563501,0.87317073,-0.024390243,0.47572815,0.87317073
2018-1-10T13-49-23,1515588563502,0.85365856,-0.034146342,0.4563107,0.85365856
2018-1-10T13-49-23,1515588563503,0.8341463,-0.07317073,0.47572815,0.8341463
2018-1-10T13-49-23,1515588563504,0.902439,-0.043902438,0.46601942,0.902439
2018-1-10T13-49-23,1515588563505,0.86341465,-0.004878049,0.4368932,0.86341465
2018-1-10T13-49-23,1515588563506,0.87317073,0.06341463,0.41747573,0.87317073
2018-1-10T13-49-23,1515588563507,0.85365856,0.014634146,0.41747573,0.85365856
2018-1-10T13-49-23,1515588563508,0.80487806,0.014634146,0.42718446,0.80487806
2018-1-10T13-49-23,1515588563509,0.81463414,0.004878049,0.42718446,0.81463414
2018-1-10T13-49-23,1515588563510,0.84390247,-0.004878049,0.5048544,0.84390247
2018-1-10T13-49-23,1515588563511,0.85365856,-0.043902438,0.49514562,0.85365856
2018-1-10T13-49-23,1515588563512,0.86341465,-0.024390243,0.42718446,0.86341465
2018-1-10T13-49-23,1515588563513,0.86341465,-0.053658538,0.4563107,0.86341465
2018-1-10T13-49-23,1515588563514,0.85365856,-0.043902438,0.4563107,0.85365856
2018-1-10T13-49-23,1515588563515,0.82439023,-0.043902438,0.44660193,0.82439023
2018-1-10T13-49-23,1515588563516,0.82439023,-0.014634146,0.41747573,0.82439023
2018-1-10T13-49-23,1515588563517,0.81463414,-0.053658538,0.41747573,0.81463414
2018-1-10T13-49-23,1515588563518,0.79512197,-0.053658538,0.407767,0.79512197
2018-1-10T13-49-23,1515588563519,0.81463414,-0.14146341,0.4368932,0.81463414
2018-1-10T13-49-23,1515588563520,0.81463414,-0.053658538,0.4563107,0.81463414
2018-1-10T13-49-23,1515588563521,0.8341463,-0.034146342,0.44660193,0.8341463
2018-1-10T13-49-23,1515588563522,0.87317073,0.004878049,0.44660193,0.87317073
2018-1-10T13-49-23,1515588563523,0.91219515,0.014634146,0.5048544,0.91219515
2018-1-10T13-49-23,1515588563524,0.92195123,0.034146342,0.4854369,0.92195123
2018-1-10T13-49-23,1515588563525,0.8829268,0.024390243,0.42718446,0.8829268
2018-1-10T13-49-23,1515588563526,0.8829268,0.024390243,0.44660193,0.8829268
2018-1-10T13-49-23,1515588563527,0.85365856,-0.043902438,0.47572815,0.85365856
2018-1-10T13-49-23,1515588563528,0.84390247,-0.034146342,0.44660193,0.84390247
2018-1-10T13-49-23,1515588563529,0.82439023,-0.014634146,0.407767,0.82439023
2018-1-10T13-49-23,1515588563530,0.80487806,-0.024390243,0.41747573,0.80487806
2018-1-10T13-49-23,1515588563531,0.7853659,-0.034146342,0.42718446,0.7853659
2018-1-10T13-49-23,1515588563532,0.7853659,-0.06341463,0.3883495,0.7853659
2018-1-10T13-49-23,1515588563533,0.77560973,-0.034146342,0.37864077,0.77560973
2018-1-10T13-49-23,1515588563534,0.81463414,-0.024390243,0.407767,0.81463414
2018-1-10T13-49-23,1515588563535,0.82439023,-0.08292683,0.46601942,0.82439023
2018-1-10T13-49-23,1515588563536,0.84390247,-0.024390243,0.4854369,0.84390247
2018-1-10T13-49-23,1515588563537,0.86341465,-0.004878049,0.47572815,0.86341465
2018-1-10T13-49-23,1515588563538,0.91219515,-0.024390243,0.4368932,0.91219515
2018-1-10T13-49-23,1515588563539,0.85365856,0.10243902,0.4563107,0.85365856
2018-1-10T13-49-23,1515588563540,0.8926829,0.024390243,0.46601942,0.8926829
2018-1-10T13-49-23,1515588563541,0.86341465,0.004878049,0.44660193,0.86341465
2018-1-10T13-49-23,1515588563542,0.84390247,0.004878049,0.4563107,0.84390247
2018-1-10T13-49-23,1515588563543,0.85365856,-0.014634146,0.46601942,0.85365856
2018-1-10T13-49-23,1515588563544,0.84390247,-0.043902438,0.4368932,0.84390247
2018-1-10T13-49-23,1515588563545,0.82439023,-0.043902438,0.42718446,0.82439023
2018-1-10T13-49-23,1515588563546,0.85365856,-0.053658538,0.46601942,0.85365856
2018-1-10T13-49-23,1515588563547,0.84390247,-0.053658538,0.4563107,0.84390247
2018-1-10T13-49-23,1515588563548,0.82439023,-0.043902438,0.37864077,0.82439023
2018-1-10T13-49-23,1515588563549,0.82439023,-0.034146342,0.4563107,0.82439023
2018-1-10T13-49-23,1515588563550,0.84390247,-0.06341463,0.52427185,0.84390247
2018-1-10T13-49-23,1515588563551,0.87317073,-0.034146342,0.49514562,0.87317073
2018-1-10T13-49-23,1515588563552,0.87317073,-0.014634146,0.42718446,0.87317073
2018-1-10T13-49-23,1515588563553,0.87317073,-0.014634146,0.3592233,0.87317073
2018-1-10T13-49-23,1515588563554,0.82439023,0.014634146,0.37864077,0.82439023
2018-1-10T13-49-23,1515588563555,0.7853659,0.014634146,0.4368932,0.7853659
2018-1-10T13-49-23,1515588563556,0.7853659,-0.014634146,0.4368932,0.7853659
2018-1-10T13-49-23,1515588563557,0.76585364,-0.024390243,0.37864077,0.76585364
2018-1-10T13-49-23,1515588563558,0.82439023,-0.024390243,0.407767,0.82439023
2018-1-10T13-49-23,1515588563559,0.86341465,-0.024390243,0.47572815,0.86341465
2018-1-10T13-49-23,1515588563560,0.91219515,-0.024390243,0.5145631,0.91219515
2018-1-10T13-49-23,1515588563561,0.91219515,-0.014634146,0.4563107,0.91219515
2018-1-10T13-49-23,1515588563562,0.92195123,0.014634146,0.47572815,0.92195123
2018-1-10T13-49-23,1515588563563,0.85365856,0.004878049,0.52427185,0.85365856
2018-1-10T13-49-23,1515588563564,0.8926829,-0.024390243,0.49514562,0.8926829
2018-1-10T13-49-23,1515588563565,0.84390247,-0.043902438,0.407767,0.84390247
2018-1-10T13-49-23,1515588563566,0.77560973,-0.014634146,0.3398058,0.77560973
2018-1-10T13-49-23,1515588563567,0.7853659,-0.08292683,0.41747573,0.7853659
2018-1-10T13-49-23,1515588563568,0.81463414,-0.043902438,0.49514562,0.81463414
2018-1-10T13-49-23,1515588563569,0.7853659,-0.06341463,0.407767,0.7853659
2018-1-10T13-49-23,1515588563570,0.79512197,-0.014634146,0.3592233,0.79512197
2018-1-10T13-49-23,1515588563571,0.87317073,0.014634146,0.4368932,0.87317073
2018-1-10T13-49-23,1515588563572,0.82439023,-0.014634146,0.49514562,0.82439023
2018-1-10T13-49-23,1515588563573,0.84390247,0.004878049,0.44660193,0.84390247
2018-1-10T13-49-23,1515588563574,0.87317073,0.014634146,0.44660193,0.87317073
2018-1-10T13-49-23,1515588563575,0.902439,-0.004878049,0.5145631,0.902439
2018-1-10T13-49-23,1515588563576,0.9317073,0.004878049,0.4854369,0.9317073
2018-1-10T13-49-23,1515588563577,0.8829268,0.014634146,0.44660193,0.8829268
2018-1-10T13-49-23,1515588563578,0.86341465,-0.024390243,0.47572815,0.86341465
2018-1-10T13-49-23,1515588563579,0.86341465,-0.034146342,0.4368932,0.86341465
2018-1-10T13-49-23,1515588563580,0.81463414,-0.014634146,0.407767,0.81463414
2018-1-10T13-49-23,1515588563581,0.77560973,-0.043902438,0.34951457,0.77560973
2018-1-10T13-49-23,1515588563582,0.7365854,-0.043902438,0.39805827,0.7365854
2018-1-10T13-49-23,1515588563583,0.7853659,-0.053658538,0.4563107,0.7853659
2018-1-10T13-49-23,1515588563584,0.80487806,-0.08292683,0.3883495,0.80487806
2018-1-10T13-49-23,1515588563585,0.82439023,-0.043902438,0.4368932,0.82439023
2018-1-10T13-49-23,1515588563586,0.87317073,-0.043902438,0.46601942,0.87317073
2018-1-10T13-49-23,1515588563587,0.87317073,-0.034146342,0.49514562,0.87317073
2018-1-10T13-49-23,1515588563588,0.85365856,-0.014634146,0.46601942,0.85365856
2018-1-10T13-49-23,1515588563589,0.92195123,0.024390243,0.5048544,0.92195123
2018-1-10T13-49-23,1515588563590,0.91219515,-0.024390243,0.49514562,0.91219515
2018-1-10T13-49-23,1515588563591,0.902439,-0.014634146,0.3883495,0.902439
2018-1-10T13-49-23,1515588563592,0.85365856,0.004878049,0.39805827,0.85365856
2018-1-10T13-49-23,1515588563593,0.8926829,-0.014634146,0.46601942,0.8926829
2018-1-10T13-49-23,1515588563594,0.7365854,-0.07317073,0.47572815,0.7365854
2018-1-10T13-49-23,1515588563595,0.7853659,0.004878049,0.41747573,0.7853659
2018-1-10T13-49-23,1515588563596,0.82439023,-0.053658538,0.39805827,0.82439023
2018-1-10T13-49-23,1515588563597,0.81463414,-0.034146342,0.44660193,0.81463414
2018-1-10T13-49-23,1515588563598,0.80487806,-0.014634146,0.49514562,0.80487806
2018-1-10T13-49-23,1515588563599,0.84390247,-0.014634146,0.46601942,0.84390247
2018-1-10T13-49-23,1515588563600,0.87317073,-0.024390243,0.49514562,0.87317073
2018-1-10T13-49-23,1515588563601,0.91219515,-0.024390243,0.4854369,0.91219515
2018-1-10T13-49-23,1515588563602,0.902439,-0.004878049,0.44660193,0.902439
2018-1-10T13-49-23,1515588563603,0.87317073,0.034146342,0.41747573,0.87317073
2018-1-10T13-49-23,1515588563604,0.8341463,0.034146342,0.4563107,0.8341463
2018-1-10T13-49-23,1515588563605,0.84390247,0.10243902,0.27184466,0.84390247
2018-1-10T13-49-23,1515588563606,0.84390247,-0.004878049,0.39805827,0.84390247
2018-1-10T13-49-23,1515588563607,0.81463414,0.004878049,0.33009708,0.81463414
2018-1-10T13-49-23,1515588563608,0.81463414,0.024390243,0.407767,0.81463414
2018-1-10T13-49-23,1515588563609,0.8341463,-0.014634146,0.5145631,0.8341463
2018-1-10T13-49-23,1515588563610,0.77560973,-0.024390243,0.46601942,0.77560973
2018-1-10T13-49-23,1515588563611,0.7853659,-0.024390243,0.37864077,0.7853659
2018-1-10T13-49-23,1515588563612,0.79512197,-0.06341463,0.41747573,0.79512197
2018-1-10T13-49-23,1515588563613,0.85365856,-0.07317073,0.5533981,0.85365856
2018-1-10T13-49-23,1515588563614,0.87317073,-0.10243902,0.52427185,0.87317073
2018-1-10T13-49-23,1515588563615,0.84390247,-0.09268293,0.407767,0.84390247
2018-1-10T13-49-23,1515588563616,0.86341465,-0.09268293,0.3106796,0.86341465
2018-1-10T13-49-23,1515588563617,0.8341463,-0.053658538,0.44660193,0.8341463
2018-1-10T13-49-23,1515588563618,0.85365856,-0.034146342,0.5145631,0.85365856
2018-1-10T13-49-23,1515588563619,0.84390247,0.33658537,0.4563107,0.84390247
2018-1-10T13-49-23,1515588563620,0.84390247,-0.014634146,0.42718446,0.84390247
2018-1-10T13-49-23,1515588563621,0.8926829,-0.004878049,0.41747573,0.8926829
2018-1-10T13-49-23,1515588563622,0.902439,0.014634146,0.42718446,0.902439
2018-1-10T13-49-23,1515588563623,0.82439023,0.024390243,0.47572815,0.82439023
2018-1-10T13-49-23,1515588563624,0.82439023,0.024390243,0.44660193,0.82439023
2018-1-10T13-49-23,1515588563625,0.8341463,-0.014634146,0.4563107,0.8341463
2018-1-10T13-49-23,1515588563626,0.8829268,-0.014634146,0.4368932,0.8829268
2018-1-10T13-49-23,1515588563627,0.8341463,-0.024390243,0.41747573,0.8341463
2018-1-10T13-49-23,1515588563628,0.82439023,-0.034146342,0.4563107,0.82439023
2018-1-10T13-49-23,1515588563629,0.84390247,-0.034146342,0.49514562,0.84390247
2018-1-10T13-49-23,1515588563630,0.87317073,-0.043902438,0.46601942,0.87317073
2018-1-10T13-49-23,1515588563631,0.87317073,0.004878049,0.37864077,0.87317073
2018-1-10T13-49-23,1515588563632,0.84390247,0.024390243,0.3883495,0.84390247
2018-1-10T13-49-23,1515588563633,0.8341463,0.024390243,0.4563107,0.8341463
2018-1-10T13-49-23,1515588563634,0.8341463,0.024390243,0.4854369,0.8341463
2018-1-10T13-49-23,1515588563635,0.84390247,0.004878049,0.4563107,0.84390247
2018-1-10T13-49-23,1515588563636,0.85365856,-0.034146342,0.3883495,0.85365856
2018-1-10T13-49-23,1515588563637,0.81463414,-0.024390243,0.37864077,0.81463414
2018-1-10T13-49-23,1515588563638,0.80487806,-0.024390243,0.44660193,0.80487806
2018-1-10T13-49-23,1515588563639,0.7853659,-0.053658538,0.47572815,0.7853659
2018-1-10T13-49-23,1515588563640,0.80487806,-0.043902438,0.44660193,0.80487806
2018-1-10T13-49-23,1515588563641,0.82439023,-0.053658538,0.39805827,0.82439023
2018-1-10T13-49-23,1515588563642,0.85365856,-0.043902438,0.42718446,0.85365856
2018-1-10T13-49-23,1515588563643,0.8926829,-0.06341463,0.49514562,0.8926829
2018-1-10T13-49-23,1515588563644,0.902439,-0.053658538,0.49514562,0.902439
2018-1-10T13-49-23,1515588563645,0.8926829,-0.043902438,0.46601942,0.8926829
2018-1-10T13-49-23,1515588563646,0.91219515,-0.034146342,0.46601942,0.91219515
2018-1-10T13-49-23,1515588563647,0.9317073,-0.034146342,0.4854369,0.9317073
2018-1-10T13-49-23,1515588563648,0.8341463,-0.024390243,0.44660193,0.8341463
2018-1-10T13-49-23,1515588563649,0.75609756,-0.07317073,0.42718446,0.75609756
2018-1-10T13-49-23,1515588563650,0.80487806,0.004878049,0.49514562,0.80487806
2018-1-10T13-49-23,1515588563651,0.86341465,-0.053658538,0.4854369,0.86341465
2018-1-10T13-49-23,1515588563652,0.84390247,0.004878049,0.39805827,0.84390247
2018-1-10T13-49-23,1515588563653,0.8341463,0.08292683,0.37864077,0.8341463
2018-1-10T13-49-23,1515588563654,0.82439023,-0.004878049,0.47572815,0.82439023
2018-1-10T13-49-23,1515588563655,0.80487806,-0.014634146,0.46601942,0.80487806
2018-1-10T13-49-23,1515588563656,0.91219515,0.004878049,0.4368932,0.91219515
2018-1-10T13-49-23,1515588563657,0.7853659,-0.034146342,0.36893204,0.7853659
2018-1-10T13-49-23,1515588563658,0.82439023,0.024390243,0.46601942,0.82439023
2018-1-10T13-49-23,1515588563659,0.86341465,0.014634146,0.47572815,0.86341465
2018-1-10T13-49-23,1515588563660,0.87317073,0.034146342,0.4368932,0.87317073
2018-1-10T13-49-23,1515588563661,0.87317073,0.043902438,0.42718446,0.87317073
2018-1-10T13-49-23,1515588563662,0.8829268,0.004878049,0.4368932,0.8829268
2018-1-10T13-49-23,1515588563663,0.87317073,0.014634146,0.47572815,0.87317073
2018-1-10T13-49-23,1515588563664,0.86341465,-0.014634146,0.4563107,0.86341465
2018-1-10T13-49-23,1515588563665,0.84390247,-0.053658538,0.4368932,0.84390247
2018-1-10T13-49-23,1515588563666,0.82439023,-0.034146342,0.44660193,0.82439023
2018-1-10T13-49-23,1515588563667,0.82439023,-0.07317073,0.47572815,0.82439023
2018-1-10T13-49-23,1515588563668,0.86341465,-0.06341463,0.46601942,0.86341465
2018-1-10T13-49-23,1515588563669,0.902439,-0.06341463,0.46601942,0.902439
2018-1-10T13-49-23,1515588563670,0.86341465,-0.053658538,0.44660193,0.86341465
2018-1-10T13-49-23,1515588563671,0.85365856,-0.024390243,0.44660193,0.85365856
2018-1-10T13-49-23,1515588563672,0.8341463,-0.024390243,0.4563107,0.8341463
2018-1-10T13-49-23,1515588563673,0.7853659,0.014634146,0.44660193,0.7853659
2018-1-10T13-49-23,1515588563674,0.84390247,-0.004878049,0.4368932,0.84390247
2018-1-10T13-49-23,1515588563675,0.86341465,-0.014634146,0.42718446,0.86341465
2018-1-10T13-49-23,1515588563676,0.8341463,0.014634146,0.42718446,0.8341463
2018-1-10T13-49-23,1515588563677,0.85365856,-0.024390243,0.46601942,0.85365856
2018-1-10T13-49-23,1515588563678,0.76585364,-0.024390243,0.39805827,0.76585364
2018-1-10T13-49-23,1515588563679,0.82439023,-0.014634146,0.39805827,0.82439023
2018-1-10T13-49-23,1515588563680,0.82439023,-0.08292683,0.42718446,0.82439023
2018-1-10T13-49-23,1515588563681,0.7853659,-0.053658538,0.42718446,0.7853659
2018-1-10T13-49-23,1515588563682,0.76585364,-0.024390243,0.42718446,0.76585364
2018-1-10T13-49-23,1515588563683,0.80487806,-0.004878049,0.47572815,0.80487806
2018-1-10T13-49-23,1515588563684,0.82439023,-0.034146342,0.47572815,0.82439023
2018-1-10T13-49-23,1515588563685,0.86341465,-0.014634146,0.47572815,0.86341465
2018-1-10T13-49-23,1515588563686,0.902439,0.004878049,0.44660193,0.902439
2018-1-10T13-49-23,1515588563687,0.902439,0.004878049,0.4854369,0.902439
2018-1-10T13-49-23,1515588563688,0.902439,0.024390243,0.5048544,0.902439
2018-1-10T13-49-23,1515588563689,0.87317073,-0.014634146,0.44660193,0.87317073
2018-1-10T13-49-23,1515588563690,0.82439023,-0.034146342,0.4854369,0.82439023
2018-1-10T13-49-23,1515588563691,0.82439023,-0.07317073,0.4563107,0.82439023
2018-1-10T13-49-23,1515588563692,0.8341463,-0.034146342,0.407767,0.8341463
2018-1-10T13-49-23,1515588563693,0.80487806,-0.034146342,0.407767,0.80487806
2018-1-10T13-49-23,1515588563694,0.84390247,-0.053658538,0.4563107,0.84390247
2018-1-10T13-49-23,1515588563695,0.81463414,-0.07317073,0.4563107,0.81463414
2018-1-10T13-49-23,1515588563696,0.84390247,-0.053658538,0.37864077,0.84390247
2018-1-10T13-49-23,1515588563697,0.8341463,0.014634146,0.39805827,0.8341463
2018-1-10T13-49-23,1515588563698,0.8341463,-0.004878049,0.44660193,0.8341463
2018-1-10T13-49-23,1515588563699,0.8926829,-0.004878049,0.4563107,0.8926829
2018-1-10T13-49-23,1515588563700,0.85365856,-0.004878049,0.4563107,0.85365856
2018-1-10T13-49-23,1515588563701,0.82439023,-0.004878049,0.37864077,0.82439023
2018-1-10T13-49-23,1515588563702,0.87317073,-0.024390243,0.4368932,0.87317073
2018-1-10T13-49-23,1515588563703,0.84390247,-0.043902438,0.47572815,0.84390247
2018-1-10T13-49-23,1515588563704,0.82439023,-0.034146342,0.47572815,0.82439023
2018-1-10T13-49-23,1515588563705,0.86341465,-0.034146342,0.47572815,0.86341465
2018-1-10T13-49-23,1515588563706,0.87317073,-0.034146342,0.42718446,0.87317073
2018-1-10T13-49-23,1515588563707,0.84390247,-0.034146342,0.39805827,0.84390247
2018-1-10T13-49-23,1515588563708,0.8341463,-0.014634146,0.41747573,0.8341463
2018-1-10T13-49-23,1515588563709,0.5121951,-0.024390243,0.47572815,0.5121951
2018-1-10T13-49-23,1515588563710,0.8341463,-0.014634146,0.49514562,0.8341463
2018-1-10T13-49-23,1515588563711,0.82439023,-0.004878049,0.63106793,0.82439023
2018-1-10T13-49-23,1515588563712,0.85365856,-0.024390243,0.4854369,0.85365856
2018-1-10T13-49-23,1515588563713,0.87317073,0.004878049,0.44660193,0.87317073
2018-1-10T13-49-23,1515588563714,0.87317073,0.024390243,0.42718446,0.87317073
2018-1-10T13-49-23,1515588563715,0.902439,0.004878049,0.407767,0.902439
2018-1-10T13-49-23,1515588563716,0.8341463,0.004878049,0.4563107,0.8341463
2018-1-10T13-49-23,1515588563717,0.8341463,-0.053658538,0.5048544,0.8341463
2018-1-10T13-49-23,1515588563718,0.87317073,-0.053658538,0.49514562,0.87317073
2018-1-10T13-49-23,1515588563719,0.85365856,-0.08292683,0.407767,0.85365856
2018-1-10T13-49-23,1515588563720,0.82439023,-0.043902438,0.39805827,0.82439023
2018-1-10T13-49-23,1515588563721,0.82439023,-0.043902438,0.41747573,0.82439023
2018-1-10T13-49-23,1515588563722,0.81463414,-0.034146342,0.47572815,0.81463414
2018-1-10T13-49-23,1515588563723,0.7853659,-0.043902438,0.407767,0.7853659
2018-1-10T13-49-23,1515588563724,0.80487806,-0.024390243,0.3883495,0.80487806
2018-1-10T13-49-23,1515588563725,0.82439023,-0.014634146,0.47572815,0.82439023
2018-1-10T13-49-23,1515588563726,0.8341463,-0.053658538,0.49514562,0.8341463
2018-1-10T13-49-23,1515588563727,0.85365856,-0.024390243,0.4368932,0.85365856
2018-1-10T13-49-23,1515588563728,0.85365856,-0.004878049,0.39805827,0.85365856
2018-1-10T13-49-23,1515588563729,0.8341463,0.004878049,0.4368932,0.8341463
2018-1-10T13-49-23,1515588563730,0.8341463,-0.014634146,0.49514562,0.8341463
2018-1-10T13-49-23,1515588563731,0.85365856,0.004878049,0.4854369,0.85365856
2018-1-10T13-49-23,1515588563732,0.86341465,0.004878049,0.4563107,0.86341465
2018-1-10T13-49-23,1515588563733,0.87317073,0.004878049,0.44660193,0.87317073
2018-1-10T13-49-23,1515588563734,0.92195123,0.014634146,0.47572815,0.92195123
2018-1-10T13-49-23,1515588563735,0.86341465,-0.014634146,0.47572815,0.86341465
2018-1-10T13-49-23,1515588563736,0.87317073,-0.004878049,0.4368932,0.87317073
2018-1-10T13-49-23,1515588563737,0.8341463,0.004878049,0.4563107,0.8341463
2018-1-10T13-49-23,1515588563738,0.84390247,-0.014634146,0.46601942,0.84390247
2018-1-10T13-49-23,1515588563739,0.80487806,-0.014634146,0.41747573,0.80487806
2018-1-10T13-49-23,1515588563740,0.77560973,-0.024390243,0.36893204,0.77560973
2018-1-10T13-49-23,1515588563741,0.79512197,-0.014634146,0.41747573,0.79512197
2018-1-10T13-49-23,1515588563742,0.80487806,-0.034146342,0.5339806,0.80487806
2018-1-10T13-49-23,1515588563743,0.86341465,-0.043902438,0.44660193,0.86341465
2018-1-10T13-49-23,1515588563744,0.79512197,-0.06341463,0.37864077,0.79512197
2018-1-10T13-49-23,1515588563745,0.80487806,-0.043902438,0.34951457,0.80487806
2018-1-10T13-49-23,1515588563746,0.7365854,-0.034146342,0.41747573,0.7365854
2018-1-10T13-49-23,1515588563747,0.69756097,-0.07317073,0.46601942,0.69756097
2018-1-10T13-49-23,1515588563748,0.81463414,-0.053658538,0.4854369,0.81463414
2018-1-10T13-49-23,1515588563749,0.8926829,-0.09268293,0.46601942,0.8926829
2018-1-10T13-49-23,1515588563750,0.9414634,0.014634146,0.4563107,0.9414634
2018-1-10T13-49-23,1515588563751,0.97073174,0.004878049,0.49514562,0.97073174
2018-1-10T13-49-23,1515588563752,0.9414634,0.004878049,0.52427185,0.9414634
2018-1-10T13-49-23,1515588563753,0.86341465,-0.024390243,0.5048544,0.86341465
2018-1-10T13-49-23,1515588563754,0.87317073,-0.043902438,0.49514562,0.87317073
2018-1-10T13-49-23,1515588563755,0.85365856,0.014634146,0.4563107,0.85365856
2018-1-10T13-49-23,1515588563756,0.80487806,-0.07317073,0.41747573,0.80487806
2018-1-10T13-49-23,1515588563757,0.76585364,-0.053658538,0.37864077,0.76585364
2018-1-10T13-49-23,1515588563758,0.76585364,-0.07317073,0.42718446,0.76585364
2018-1-10T13-49-23,1515588563759,0.84390247,-0.024390243,0.37864077,0.84390247
2018-1-10T13-49-23,1515588563760,0.81463414,-0.004878049,0.37864077,0.81463414
2018-1-10T13-49-23,1515588563761,0.79512197,0.004878049,0.42718446,0.79512197
2018-1-10T13-49-23,1515588563762,0.84390247,0.043902438,0.46601942,0.84390247
2018-1-10T13-49-23,1515588563763,0.8341463,0.024390243,0.4563107,0.8341463
2018-1-10T13-49-23,1515588563764,0.87317073,0.034146342,0.44660193,0.87317073
2018-1-10T13-49-23,1515588563765,0.8829268,0.004878049,0.42718446,0.8829268
2018-1-10T13-49-23,1515588563766,0.86341465,-0.004878049,0.42718446,0.86341465
2018-1-10T13-49-23,1515588563767,0.84390247,0.014634146,0.4563107,0.84390247
2018-1-10T13-49-23,1515588563768,0.87317073,-0.014634146,0.47572815,0.87317073
2018-1-10T13-49-23,1515588563769,0.85365856,-0.014634146,0.46601942,0.85365856
2018-1-10T13-49-23,1515588563770,0.82439023,-0.014634146,0.407767,0.82439023
2018-1-10T13-49-23,1515588563771,0.82439023,-0.014634146,0.42718446,0.82439023
2018-1-10T13-49-23,1515588563772,0.84390247,-0.09268293,0.5048544,0.84390247
2018-1-10T13-49-23,1515588563773,0.85365856,-0.034146342,0.4854369,0.85365856
2018-1-10T13-49-23,1515588563774,0.86341465,-0.043902438,0.41747573,0.86341465
2018-1-10T13-49-23,1515588563775,0.85365856,-0.07317073,0.42718446,0.85365856
2018-1-10T13-49-23,1515588563776,0.87317073,-0.053658538,0.4563107,0.87317073
2018-1-10T13-49-23,1515588563777,0.85365856,-0.043902438,0.4563107,0.85365856
2018-1-10T13-49-23,1515588563778,0.81463414,-0.024390243,0.34951457,0.81463414
2018-1-10T13-49-23,1515588563779,0.79512197,-0.014634146,0.4368932,0.79512197
2018-1-10T13-49-23,1515588563780,0.82439023,-0.043902438,0.5048544,0.82439023
2018-1-10T13-49-23,1515588563781,0.81463414,-0.053658538,0.4368932,0.81463414
2018-1-10T13-49-23,1515588563782,0.80487806,-0.053658538,0.37864077,0.80487806
2018-1-10T13-49-23,1515588563783,0.85365856,-0.034146342,0.4563107,0.85365856
2018-1-10T13-49-23,1515588563784,0.8926829,-0.053658538,0.5339806,0.8926829
2018-1-10T13-49-23,1515588563785,0.84390247,-0.034146342,0.4563107,0.84390247
2018-1-10T13-49-23,1515588563786,0.85365856,-0.004878049,0.44660193,0.85365856
2018-1-10T13-49-23,1515588563787,0.92195123,-0.014634146,0.49514562,0.92195123
2018-1-10T13-49-23,1515588563788,0.8829268,-0.014634146,0.49514562,0.8829268
2018-1-10T13-49-23,1515588563789,0.84390247,0.014634146,0.46601942,0.84390247
2018-1-10T13-49-23,1515588563790,0.902439,0.004878049,0.46601942,0.902439
2018-1-10T13-49-23,1515588563791,0.902439,0.014634146,0.46601942,0.902439
2018-1-10T13-49-23,1515588563792,0.87317073,0.053658538,0.39805827,0.87317073
2018-1-10T13-49-23,1515588563793,0.86341465,0.053658538,0.41747573,0.86341465
2018-1-10T13-49-23,1515588563794,0.8341463,-0.034146342,0.42718446,0.8341463
2018-1-10T13-49-23,1515588563795,0.79512197,0.014634146,0.42718446,0.79512197
2018-1-10T13-49-23,1515588563796,0.7853659,-0.004878049,0.3398058,0.7853659
2018-1-10T13-49-23,1515588563797,0.76585364,-0.034146342,0.34951457,0.76585364
2018-1-10T13-49-23,1515588563798,0.75609756,-0.06341463,0.42718446,0.75609756
2018-1-10T13-49-23,1515588563799,0.75609756,-0.07317073,0.4563107,0.75609756
2018-1-10T13-49-23,1515588563800,0.79512197,-0.07317073,0.41747573,0.79512197
2018-1-10T13-49-23,1515588563801,0.8341463,-0.034146342,0.4368932,0.8341463
2018-1-10T13-49-23,1515588563802,0.902439,-0.053658538,0.5145631,0.902439
2018-1-10T13-49-23,1515588563803,0.92195123,-0.024390243,0.4854369,0.92195123
2018-1-10T13-49-23,1515588563804,0.91219515,-0.024390243,0.46601942,0.91219515
2018-1-10T13-49-23,1515588563805,0.9902439,0.024390243,0.46601942,0.9902439
2018-1-10T13-49-23,1515588563806,0.92195123,-0.014634146,0.49514562,0.92195123
2018-1-10T13-49-23,1515588563807,0.86341465,-0.024390243,0.44660193,0.86341465
2018-1-10T13-49-23,1515588563808,0.84390247,-0.014634146,0.3592233,0.84390247
2018-1-10T13-49-23,1515588563809,0.81463414,-0.024390243,0.41747573,0.81463414
2018-1-10T13-49-23,1515588563810,0.80487806,-0.034146342,0.41747573,0.80487806
2018-1-10T13-49-23,1515588563811,0.77560973,-0.06341463,0.4368932,0.77560973
2018-1-10T13-49-23,1515588563812,0.80487806,-0.08292683,0.4563107,0.80487806
2018-1-10T13-49-23,1515588563813,0.80487806,-0.043902438,0.4368932,0.80487806
2018-1-10T13-49-23,1515588563814,0.82439023,-0.06341463,0.4368932,0.82439023
2018-1-10T13-49-23,1515588563815,0.8341463,0.014634146,0.44660193,0.8341463
2018-1-10T13-49-23,1515588563816,0.84390247,-0.043902438,0.4854369,0.84390247
2018-1-10T13-49-23,1515588563817,0.86341465,-0.004878049,0.49514562,0.86341465
2018-1-10T13-49-23,1515588563818,0.8926829,0.034146342,0.4563107,0.8926829
2018-1-10T13-49-23,1515588563819,0.91219515,0.053658538,0.42718446,0.91219515
2018-1-10T13-49-23,1515588563820,0.8926829,0.024390243,0.44660193,0.8926829
2018-1-10T13-49-23,1515588563821,0.87317073,0.053658538,0.4563107,0.87317073
2018-1-10T13-49-23,1515588563822,0.85365856,0.053658538,0.41747573,0.85365856
2018-1-10T13-49-23,1515588563823,0.82439023,0.043902438,0.3883495,0.82439023
2018-1-10T13-49-23,1515588563824,0.8341463,0.024390243,0.407767,0.8341463
2018-1-10T13-49-23,1515588563825,0.82439023,-0.034146342,0.47572815,0.82439023
2018-1-10T13-49-23,1515588563826,0.8341463,-0.053658538,0.46601942,0.8341463
2018-1-10T13-49-23,1515588563827,0.84390247,0.043902438,0.4368932,0.84390247
2018-1-10T13-49-23,1515588563828,0.92195123,-0.043902438,0.407767,0.92195123
2018-1-10T13-49-23,1515588563829,0.84390247,-0.043902438,0.42718446,0.84390247
2018-1-10T13-49-23,1515588563830,0.80487806,-0.034146342,0.39805827,0.80487806
2018-1-10T13-49-23,1515588563831,0.79512197,-0.043902438,0.4368932,0.79512197
2018-1-10T13-49-23,1515588563832,0.82439023,-0.053658538,0.49514562,0.82439023
2018-1-10T13-49-23,1515588563833,0.79512197,-0.06341463,0.42718446,0.79512197
2018-1-10T13-49-23,1515588563834,0.82439023,-0.034146342,0.34951457,0.82439023
2018-1-10T13-49-23,1515588563835,0.84390247,-0.043902438,0.47572815,0.84390247
2018-1-10T13-49-23,1515588563836,0.8341463,-0.053658538,0.5048544,0.8341463
2018-1-10T13-49-23,1515588563837,0.84390247,-0.12195122,0.4563107,0.84390247
2018-1-10T13-49-23,1515588563838,0.81463414,-0.043902438,0.42718446,0.81463414
2018-1-10T13-49-23,1515588563839,0.87317073,0.024390243,0.49514562,0.87317073
2018-1-10T13-49-23,1515588563840,0.87317073,-0.034146342,0.5436893,0.87317073
2018-1-10T13-49-23,1515588563841,0.9317073,-0.053658538,0.5145631,0.9317073
2018-1-10T13-49-23,1515588563842,0.86341465,-0.014634146,0.4854369,0.86341465
2018-1-10T13-49-23,1515588563843,0.9414634,-0.014634146,0.47572815,0.9414634
2018-1-10T13-49-23,1515588563844,0.902439,-0.004878049,0.44660193,0.902439
2018-1-10T13-49-23,1515588563845,0.8341463,0.004878049,0.4368932,0.8341463
2018-1-10T13-49-23,1515588563846,0.8341463,0.014634146,0.41747573,0.8341463
2018-1-10T13-49-23,1515588563847,0.76585364,0.024390243,0.4368932,0.76585364
2018-1-10T13-49-23,1515588563848,0.79512197,0.10243902,0.407767,0.79512197
2018-1-10T13-49-23,1515588563849,0.82439023,-0.004878049,0.41747573,0.82439023
2018-1-10T13-49-23,1515588563850,0.82439023,0.014634146,0.41747573,0.82439023
2018-1-10T13-49-23,1515588563851,0.85365856,0.004878049,0.41747573,0.85365856
2018-1-10T13-49-23,1515588563852,0.8341463,-0.014634146,0.49514562,0.8341463
2018-1-10T13-49-23,1515588563853,0.8926829,-0.004878049,0.49514562,0.8926829
2018-1-10T13-49-23,1515588563854,0.85365856,0.014634146,0.42718446,0.85365856
2018-1-10T13-49-23,1515588563855,0.8341463,0.004878049,0.39805827,0.8341463
2018-1-10T13-49-23,1515588563856,0.8341463,-0.014634146,0.4563107,0.8341463
2018-1-10T13-49-23,1515588563857,0.84390247,0.004878049,0.4854369,0.84390247
2018-1-10T13-49-23,1515588563858,0.80487806,-0.034146342,0.4368932,0.80487806
2018-1-10T13-49-23,1515588563859,0.87317073,-0.024390243,0.407767,0.87317073
2018-1-10T13-49-23,1515588563860,0.85365856,-0.034146342,0.44660193,0.85365856
2018-1-10T13-49-23,1515588563861,0.85365856,-0.043902438,0.4563107,0.85365856
2018-1-10T13-49-23,1515588563862,0.82439023,-0.034146342,0.44660193,0.82439023
2018-1-10T13-49-23,1515588563863,0.84390247,-0.034146342,0.46601942,0.84390247
2018-1-10T13-49-23,1515588563864,0.87317073,-0.07317073,0.5145631,0.87317073
2018-1-10T13-49-23,1515588563865,0.87317073,-0.10243902,0.44660193,0.87317073
2018-1-10T13-49-23,1515588563866,0.8926829,-0.08292683,0.41747573,0.8926829
2018-1-10T13-49-23,1515588563867,0.8341463,-0.06341463,0.39805827,0.8341463
2018-1-10T13-49-23,1515588563868,0.79512197,-0.07317073,0.42718446,0.79512197
2018-1-10T13-49-23,1515588563869,0.7365854,-0.07317073,0.4368932,0.7365854
2018-1-10T13-49-23,1515588563870,0.77560973,-0.024390243,0.4563107,0.77560973
2018-1-10T13-49-23,1515588563871,0.86341465,-0.004878049,0.46601942,0.86341465
2018-1-10T13-49-23,1515588563872,0.8926829,-0.024390243,0.44660193,0.8926829
2018-1-10T13-49-23,1515588563873,0.92195123,0.07317073,0.3883495,0.92195123
2018-1-10T13-49-23,1515588563874,0.902439,0.08292683,0.39805827,0.902439
2018-1-10T13-49-23,1515588563875,0.8926829,0.043902438,0.5048544,0.8926829
2018-1-10T13-49-23,1515588563876,0.8829268,0.043902438,0.5048544,0.8829268
2018-1-10T13-49-23,1515588563877,0.84390247,0.004878049,0.44660193,0.84390247
2018-1-10T13-49-23,1515588563878,0.8341463,-0.004878049,0.39805827,0.8341463
2018-1-10T13-49-23,1515588563879,0.82439023,-0.014634146,0.42718446,0.82439023
2018-1-10T13-49-23,1515588563880,0.82439023,-0.034146342,0.4854369,0.82439023
2018-1-10T13-49-23,1515588563881,0.80487806,-0.06341463,0.4368932,0.80487806
2018-1-10T13-49-23,1515588563882,0.80487806,-0.053658538,0.42718446,0.80487806
2018-1-10T13-49-23,1515588563883,0.84390247,-0.024390243,0.4563107,0.84390247
2018-1-10T13-49-23,1515588563884,0.8829268,-0.014634146,0.47572815,0.8829268
2018-1-10T13-49-23,1515588563885,0.84390247,0.004878049,0.4563107,0.84390247
2018-1-10T13-49-23,1515588563886,0.85365856,-0.004878049,0.44660193,0.85365856
2018-1-10T13-49-23,1515588563887,0.8926829,-0.043902438,0.4854369,0.8926829
2018-1-10T13-49-23,1515588563888,0.87317073,-0.034146342,0.4563107,0.87317073
2018-1-10T13-49-23,1515588563889,0.84390247,-0.024390243,0.39805827,0.84390247
2018-1-10T13-49-23,1515588563890,0.74634147,-0.053658538,0.37864077,0.74634147
2018-1-10T13-49-23,1515588563891,0.74634147,-0.06341463,0.4368932,0.74634147
2018-1-10T13-49-23,1515588563892,0.84390247,-0.08292683,0.42718446,0.84390247
2018-1-10T13-49-23,1515588563893,0.77560973,-0.08292683,0.407767,0.77560973
2018-1-10T13-49-23,1515588563894,0.82439023,-0.08292683,0.42718446,0.82439023
2018-1-10T13-49-23,1515588563895,0.86341465,-0.06341463,0.49514562,0.86341465
2018-1-10T13-49-23,1515588563896,0.8829268,-0.053658538,0.4854369,0.8829268
2018-1-10T13-49-23,1515588563897,0.8829268,-0.034146342,0.41747573,0.8829268
2018-1-10T13-49-23,1515588563898,0.8829268,-0.004878049,0.42718446,0.8829268
2018-1-10T13-49-23,1515588563899,0.87317073,0.014634146,0.47572815,0.87317073
2018-1-10T13-49-23,1515588563900,0.87317073,0.014634146,0.49514562,0.87317073
2018-1-10T13-49-23,1515588563901,0.86341465,-0.004878049,0.47572815,0.86341465
2018-1-10T13-49-23,1515588563902,0.8829268,-0.004878049,0.47572815,0.8829268
2018-1-10T13-49-23,1515588563903,0.902439,0.004878049,0.39805827,0.902439
2018-1-10T13-49-23,1515588563904,0.86341465,0.014634146,0.39805827,0.86341465
2018-1-10T13-49-23,1515588563905,0.84390247,0.06341463,0.4368932,0.84390247
2018-1-10T13-49-23,1515588563906,0.8341463,0.024390243,0.47572815,0.8341463
2018-1-10T13-49-23,1515588563907,0.81463414,0.014634146,0.42718446,0.81463414
2018-1-10T13-49-23,1515588563908,0.81463414,0.034146342,0.42718446,0.81463414
2018-1-10T13-49-23,1515588563909,0.85365856,0.024390243,0.46601942,0.85365856
2018-1-10T13-49-23,1515588563910,0.8829268,0.004878049,0.49514562,0.8829268
2018-1-10T13-49-23,1515588563911,0.84390247,-0.024390243,0.39805827,0.84390247
2018-1-10T13-49-23,1515588563912,0.8341463,-0.034146342,0.3592233,0.8341463
2018-1-10T13-49-23,1515588563913,0.80487806,-0.07317073,0.407767,0.80487806
2018-1-10T13-49-23,1515588563914,0.75609756,-0.07317073,0.42718446,0.75609756
2018-1-10T13-49-23,1515588563915,0.74634147,-0.08292683,0.407767,0.74634147
2018-1-10T13-49-23,1515588563916,0.7853659,-0.15121952,0.36893204,0.7853659
2018-1-10T13-49-23,1515588563917,0.84390247,-0.06341463,0.4854369,0.84390247
2018-1-10T13-49-23,1515588563918,0.87317073,-0.043902438,0.4563107,0.87317073
2018-1-10T13-49-23,1515588563919,0.91219515,-0.034146342,0.36893204,0.91219515
2018-1-10T13-49-23,1515588563920,0.8926829,-0.06341463,0.5145631,0.8926829
2018-1-10T13-49-23,1515588563921,0.902439,-0.053658538,0.52427185,0.902439
2018-1-10T13-49-23,1515588563922,0.902439,-0.043902438,0.5145631,0.902439
2018-1-10T13-49-23,1515588563923,0.902439,-0.034146342,0.4563107,0.902439
2018-1-10T13-49-23,1515588563924,0.87317073,-0.043902438,0.42718446,0.87317073
2018-1-10T13-49-23,1515588563925,0.79512197,-0.034146342,0.44660193,0.79512197
2018-1-10T13-49-23,1515588563926,0.84390247,0.014634146,0.37864077,0.84390247
2018-1-10T13-49-23,1515588563927,0.8341463,0.004878049,0.46601942,0.8341463
2018-1-10T13-49-23,1515588563928,0.82439023,0.014634146,0.41747573,0.82439023
2018-1-10T13-49-23,1515588563929,0.74634147,0.014634146,0.39805827,0.74634147
2018-1-10T13-49-23,1515588563930,0.82439023,0.014634146,0.39805827,0.82439023
2018-1-10T13-49-23,1515588563931,0.84390247,0.043902438,0.44660193,0.84390247
2018-1-10T13-49-23,1515588563932,0.82439023,0.043902438,0.4368932,0.82439023
2018-1-10T13-49-23,1515588563933,0.84390247,0.034146342,0.4368932,0.84390247
2018-1-10T13-49-23,1515588563934,0.85365856,0.004878049,0.44660193,0.85365856
2018-1-10T13-49-23,1515588563935,0.79512197,-0.014634146,0.41747573,0.79512197
2018-1-10T13-49-23,1515588563936,0.82439023,-0.034146342,0.39805827,0.82439023
2018-1-10T13-49-23,1515588563937,0.7853659,-0.034146342,0.4368932,0.7853659
2018-1-10T13-49-23,1515588563938,0.77560973,-0.06341463,0.44660193,0.77560973
2018-1-10T13-49-23,1515588563939,0.81463414,-0.07317073,0.46601942,0.81463414
2018-1-10T13-49-23,1515588563940,0.8341463,-0.08292683,0.4368932,0.8341463
2018-1-10T13-49-23,1515588563941,0.87317073,0.014634146,0.407767,0.87317073
2018-1-10T13-49-23,1515588563942,0.8341463,-0.10243902,0.47572815,0.8341463
2018-1-10T13-49-23,1515588563943,0.91219515,-0.043902438,0.5631068,0.91219515
2018-1-10T13-49-23,1515588563944,0.91219515,-0.043902438,0.46601942,0.91219515
2018-1-10T13-49-23,1515588563945,0.902439,-0.004878049,0.41747573,0.902439
2018-1-10T13-49-23,1515588563946,0.8926829,0.004878049,0.4563107,0.8926829
2018-1-10T13-49-23,1515588563947,0.8926829,0.004878049,0.5631068,0.8926829
2018-1-10T13-49-23,1515588563948,0.8829268,-0.024390243,0.5145631,0.8829268
2018-1-10T13-49-23,1515588563949,0.86341465,-0.014634146,0.37864077,0.86341465
2018-1-10T13-49-23,1515588563950,0.86341465,0.014634146,0.41747573,0.86341465
2018-1-10T13-49-23,1515588563951,0.8341463,-0.024390243,0.4563107,0.8341463
2018-1-10T13-49-23,1515588563952,0.77560973,-0.053658538,0.46601942,0.77560973
2018-1-10T13-49-23,1515588563953,0.76585364,-0.043902438,0.41747573,0.76585364
2018-1-10T13-49-23,1515588563954,0.8829268,-0.014634146,0.46601942,0.8829268
2018-1-10T13-49-23,1515588563955,0.9414634,-0.024390243,0.4854369,0.9414634
2018-1-10T13-49-23,1515588563956,0.85365856,-0.014634146,0.41747573,0.85365856
2018-1-10T13-49-23,1515588563957,0.86341465,0.004878049,0.407767,0.86341465
2018-1-10T13-49-23,1515588563958,0.85365856,0.004878049,0.47572815,0.85365856
2018-1-10T13-49-23,1515588563959,0.82439023,-0.014634146,0.52427185,0.82439023
2018-1-10T13-49-23,1515588563960,0.80487806,-0.024390243,0.39805827,0.80487806
2018-1-10T13-49-23,1515588563961,0.7853659,-0.024390243,0.407767,0.7853659
2018-1-10T13-49-23,1515588563962,0.7853659,-0.034146342,0.4368932,0.7853659
2018-1-10T13-49-23,1515588563963,0.82439023,-0.024390243,0.41747573,0.82439023
2018-1-10T13-49-23,1515588563964,0.85365856,0.004878049,0.39805827,0.85365856
2018-1-10T13-49-23,1515588563965,0.84390247,-0.024390243,0.4368932,0.84390247
2018-1-10T13-49-23,1515588563966,0.8829268,-0.024390243,0.49514562,0.8829268
2018-1-10T13-49-23,1515588563967,0.9317073,-0.024390243,0.52427185,0.9317073
2018-1-10T13-49-23,1515588563968,0.9414634,0.014634146,0.49514562,0.9414634
2018-1-10T13-49-23,1515588563969,0.9512195,0.004878049,0.52427185,0.9512195
2018-1-10T13-49-23,1515588563970,0.92195123,-0.053658538,0.5339806,0.92195123
2018-1-10T13-49-23,1515588563971,0.9317073,0.004878049,0.46601942,0.9317073
2018-1-10T13-49-23,1515588563972,0.86341465,-0.024390243,0.42718446,0.86341465
2018-1-10T13-49-23,1515588563973,0.76585364,-0.043902438,0.41747573,0.76585364
2018-1-10T13-49-23,1515588563974,0.76585364,-0.08292683,0.4563107,0.76585364
2018-1-10T13-49-23,1515588563975,0.7365854,-0.034146342,0.42718446,0.7365854
2018-1-10T13-49-23,1515588563976,0.7365854,-0.07317073,0.3883495,0.7365854
2018-1-10T13-49-23,1515588563977,0.76585364,-0.07317073,0.3883495,0.76585364
2018-1-10T13-49-23,1515588563978,0.74634147,-0.053658538,0.39805827,0.74634147
2018-1-10T13-49-23,1515588563979,0.76585364,-0.034146342,0.41747573,0.76585364
2018-1-10T13-49-23,1515588563980,0.84390247,0.004878049,0.4563107,0.84390247
2018-1-10T13-49-23,1515588563981,0.7853659,0.004878049,0.47572815,0.7853659
2018-1-10T13-49-23,1515588563982,0.8341463,0.024390243,0.3883495,0.8341463
2018-1-10T13-49-23,1515588563983,0.9317073,0.024390243,0.39805827,0.9317073
2018-1-10T13-49-23,1515588563984,0.87317073,0.034146342,0.39805827,0.87317073
2018-1-10T13-49-23,1515588563985,0.8926829,0.024390243,0.5048544,0.8926829
2018-1-10T13-49-23,1515588563986,0.902439,0.034146342,0.42718446,0.902439
2018-1-10T13-49-23,1515588563987,0.87317073,0.024390243,0.4368932,0.87317073
2018-1-10T13-49-23,1515588563988,0.86341465,-0.004878049,0.4563107,0.86341465
2018-1-10T13-49-23,1515588563989,0.86341465,-0.014634146,0.52427185,0.86341465
2018-1-10T13-49-23,1515588563990,0.85365856,-0.08292683,0.49514562,0.85365856
2018-1-10T13-49-23,1515588563991,0.85365856,-0.07317073,0.44660193,0.85365856
2018-1-10T13-49-23,1515588563992,0.8829268,-0.09268293,0.47572815,0.8829268
2018-1-10T13-49-23,1515588563993,0.8829268,-0.06341463,0.49514562,0.8829268
2018-1-10T13-49-23,1515588563994,0.87317073,-0.06341463,0.4854369,0.87317073
2018-1-10T13-49-23,1515588563995,0.8341463,-0.014634146,0.46601942,0.8341463
2018-1-10T13-49-23,1515588563996,0.85365856,-0.004878049,0.4368932,0.85365856
2018-1-10T13-49-23,1515588563997,0.8341463,-0.024390243,0.46601942,0.8341463
2018-1-10T13-49-23,1515588563998,0.8341463,-0.034146342,0.407767,0.8341463
2018-1-10T13-49-23,1515588563999,0.80487806,-0.024390243,0.42718446,0.80487806
2018-1-10T13-49-24,1515588564000,0.82439023,-0.043902438,0.47572815,0.82439023
2018-1-10T13-49-24,1515588564001,0.82439023,-0.09268293,0.44660193,0.82439023
2018-1-10T13-49-24,1515588564002,0.80487806,-0.053658538,0.36893204,0.80487806
2018-1-10T13-49-24,1515588564003,0.80487806,-0.004878049,0.33009708,0.80487806
2018-1-10T13-49-24,1515588564004,0.81463414,-0.004878049,0.46601942,0.81463414
2018-1-10T13-49-24,1515588564005,0.71707314,-0.034146342,0.4854369,0.71707314
2018-1-10T13-49-24,1515588564006,0.7853659,-0.043902438,0.37864077,0.7853659
2018-1-10T13-49-24,1515588564007,0.82439023,-0.014634146,0.407767,0.82439023
2018-1-10T13-49-24,1515588564008,0.8829268,0.10243902,0.4854369,0.8829268
2018-1-10T13-49-24,1515588564009,0.8829268,-0.034146342,0.47572815,0.8829268
2018-1-10T13-49-24,1515588564010,0.87317073,-0.014634146,0.44660193,0.87317073
2018-1-10T13-49-24,1515588564011,0.92195123,0.004878049,0.49514562,0.92195123
2018-1-10T13-49-24,1515588564012,0.9317073,-0.004878049,0.5533981,0.9317073
2018-1-10T13-49-24,1515588564013,0.92195123,-0.024390243,0.49514562,0.92195123
2018-1-10T13-49-24,1515588564014,0.91219515,-0.004878049,0.5145631,0.91219515
2018-1-10T13-49-24,1515588564015,0.902439,-0.034146342,0.5339806,0.902439
2018-1-10T13-49-24,1515588564016,0.8926829,-0.034146342,0.42718446,0.8926829
2018-1-10T13-49-24,1515588564017,0.86341465,-0.024390243,0.37864077,0.86341465
2018-1-10T13-49-24,1515588564018,0.7853659,-0.024390243,0.3883495,0.7853659
2018-1-10T13-49-24,1515588564019,0.75609756,-0.06341463,0.42718446,0.75609756
2018-1-10T13-49-24,1515588564020,0.71707314,-0.043902438,0.39805827,0.71707314
2018-1-10T13-49-24,1515588564021,0.74634147,-0.034146342,0.36893204,0.74634147
2018-1-10T13-49-24,1515588564022,0.81463414,-0.014634146,0.36893204,0.81463414
2018-1-10T13-49-24,1515588564023,0.80487806,0.004878049,0.4368932,0.80487806
2018-1-10T13-49-24,1515588564024,0.86341465,-0.004878049,0.42718446,0.86341465
2018-1-10T13-49-24,1515588564025,0.8829268,-0.004878049,0.41747573,0.8829268
2018-1-10T13-49-24,1515588564026,0.902439,0.09268293,0.47572815,0.902439
2018-1-10T13-49-24,1515588564027,0.87317073,0.004878049,0.4854369,0.87317073
2018-1-10T13-49-24,1515588564028,0.85365856,0.004878049,0.44660193,0.85365856
2018-1-10T13-49-24,1515588564029,0.8341463,-0.053658538,0.49514562,0.8341463
2018-1-10T13-49-24,1515588564030,0.76585364,-0.024390243,0.47572815,0.76585364
2018-1-10T13-49-24,1515588564031,0.87317073,-0.034146342,0.46601942,0.87317073
2018-1-10T13-49-24,1515588564032,0.87317073,0.024390243,0.4368932,0.87317073
2018-1-10T13-49-24,1515588564033,0.87317073,-0.034146342,0.44660193,0.87317073
2018-1-10T13-49-24,1515588564034,0.8829268,-0.024390243,0.46601942,0.8829268
2018-1-10T13-49-24,1515588564035,0.87317073,-0.004878049,0.4368932,0.87317073
2018-1-10T13-49-24,1515588564036,0.8341463,-0.034146342,0.46601942,0.8341463
2018-1-10T13-49-24,1515588564037,0.85365856,-0.043902438,0.49514562,0.85365856
2018-1-10T13-49-24,1515588564038,0.84390247,-0.043902438,0.44660193,0.84390247
2018-1-10T13-49-24,1515588564039,0.8341463,0.004878049,0.407767,0.8341463
2018-1-10T13-49-24,1515588564040,0.86341465,-0.004878049,0.3883495,0.86341465
2018-1-10T13-49-24,1515588564041,0.8341463,-0.004878049,0.46601942,0.8341463
2018-1-10T13-49-24,1515588564042,0.81463414,-0.004878049,0.407767,0.81463414
2018-1-10T13-49-24,1515588564043,0.8341463,0.014634146,0.407767,0.8341463
2018-1-10T13-49-24,1515588564044,0.82439023,0.004878049,0.44660193,0.82439023
2018-1-10T13-49-24,1515588564045,0.82439023,-0.06341463,0.4368932,0.82439023
2018-1-10T13-49-24,1515588564046,0.81463414,0.004878049,0.41747573,0.81463414
2018-1-10T13-49-24,1515588564047,0.81463414,-0.034146342,0.5631068,0.81463414
2018-1-10T13-49-24,1515588564048,0.82439023,-0.08292683,0.4563107,0.82439023
2018-1-10T13-49-24,1515588564049,0.80487806,-0.06341463,0.41747573,0.80487806
2018-1-10T13-49-24,1515588564050,0.81463414,-0.053658538,0.42718446,0.81463414
2018-1-10T13-49-24,1515588564051,0.902439,-0.07317073,0.42718446,0.902439
2018-1-10T13-49-24,1515588564052,0.84390247,-0.053658538,0.49514562,0.84390247
2018-1-10T13-49-24,1515588564053,0.86341465,-0.053658538,0.4368932,0.86341465
2018-1-10T13-49-24,1515588564054,0.8829268,-0.024390243,0.46601942,0.8829268
2018-1-10T13-49-24,1515588564055,0.91219515,-0.024390243,0.5145631,0.91219515
2018-1-10T13-49-24,1515588564056,0.9414634,-0.004878049,0.5339806,0.9414634
2018-1-10T13-49-24,1515588564057,0.9317073,0.004878049,0.4563107,0.9317073
2018-1-10T13-49-24,1515588564058,0.91219515,0.053658538,0.407767,0.91219515
2018-1-10T13-49-24,1515588564059,0.902439,0.06341463,0.47572815,0.902439
2018-1-10T13-49-24,1515588564060,0.86341465,0.014634146,0.5048544,0.86341465
2018-1-10T13-49-24,1515588564061,0.82439023,-0.024390243,0.407767,0.82439023
2018-1-10T13-49-24,1515588564062,0.7853659,-0.024390243,0.34951457,0.7853659
2018-1-10T13-49-24,1515588564063,0.75609756,-0.043902438,0.39805827,0.75609756
2018-1-10T13-49-24,1515588564064,0.75609756,-0.053658538,0.44660193,0.75609756
2018-1-10T13-49-24,1515588564065,0.75609756,-0.06341463,0.36893204,0.75609756
2018-1-10T13-49-24,1515588564066,0.76585364,-0.034146342,0.3398058,0.76585364
2018-1-10T13-49-24,1515588564067,0.79512197,-0.024390243,0.3883495,0.79512197
2018-1-10T13-49-24,1515588564068,0.81463414,-0.014634146,0.4563107,0.81463414
2018-1-10T13-49-24,1515588564069,0.81463414,-0.004878049,0.46601942,0.81463414
2018-1-10T13-49-24,1515588564070,0.86341465,-0.004878049,0.4368932,0.86341465
2018-1-10T13-49-24,1515588564071,0.902439,-0.014634146,0.4854369,0.902439
2018-1-10T13-49-24,1515588564072,0.9512195,-0.004878049,0.5339806,0.9512195
2018-1-10T13-49-24,1515588564073,0.9414634,-0.004878049,0.5048544,0.9414634
2018-1-10T13-49-24,1515588564074,0.9317073,-0.004878049,0.4854369,0.9317073
2018-1-10T13-49-24,1515588564075,0.8926829,0.043902438,0.4563107,0.8926829
2018-1-10T13-49-24,1515588564076,0.86341465,-0.014634146,0.048543688,0.86341465
2018-1-10T13-49-24,1515588564077,0.82439023,-0.06341463,0.44660193,0.82439023
2018-1-10T13-49-24,1515588564078,0.7853659,-0.053658538,0.41747573,0.7853659
2018-1-10T13-49-24,1515588564079,0.77560973,-0.043902438,0.41747573,0.77560973
2018-1-10T13-49-24,1515588564080,0.81463414,-0.09268293,0.42718446,0.81463414
2018-1-10T13-49-24,1515588564081,0.81463414,-0.07317073,0.4368932,0.81463414
2018-1-10T13-49-24,1515588564082,0.84390247,-0.08292683,0.41747573,0.84390247
2018-1-10T13-49-24,1515588564083,0.82439023,-0.034146342,0.4368932,0.82439023
2018-1-10T13-49-24,1515588564084,0.8341463,-0.014634146,0.5048544,0.8341463
2018-1-10T13-49-24,1515588564085,0.86341465,0.004878049,0.4854369,0.86341465
2018-1-10T13-49-24,1515588564086,0.84390247,-0.014634146,0.46601942,0.84390247
2018-1-10T13-49-24,1515588564087,0.85365856,0.004878049,0.39805827,0.85365856
2018-1-10T13-49-24,1515588564088,0.85365856,-0.014634146,0.47572815,0.85365856
2018-1-10T13-49-24,1515588564089,0.84390247,-0.014634146,0.47572815,0.84390247
2018-1-10T13-49-24,1515588564090,0.77560973,-0.014634146,0.407767,0.77560973
2018-1-10T13-49-24,1515588564091,0.82439023,0.004878049,0.42718446,0.82439023
2018-1-10T13-49-24,1515588564092,0.86341465,0.014634146,0.4368932,0.86341465
2018-1-10T13-49-24,1515588564093,0.85365856,0.004878049,0.44660193,0.85365856
2018-1-10T13-49-24,1515588564094,0.86341465,0.004878049,0.4563107,0.86341465
2018-1-10T13-49-24,1515588564095,0.86341465,0.004878049,0.49514562,0.86341465
2018-1-10T13-49-24,1515588564096,0.8829268,-0.06341463,0.49514562,0.8829268
2018-1-10T13-49-24,1515588564097,0.8829268,-0.014634146,0.46601942,0.8829268
2018-1-10T13-49-24,1515588564098,0.86341465,-0.024390243,0.46601942,0.86341465
2018-1-10T13-49-24,1515588564099,0.85365856,-0.034146342,0.44660193,0.85365856
2018-1-10T13-49-24,1515588564100,0.82439023,0.053658538,0.44660193,0.82439023
2018-1-10T13-49-24,1515588564101,0.82439023,-0.053658538,0.42718446,0.82439023
2018-1-10T13-49-24,1515588564102,0.77560973,-0.043902438,0.42718446,0.77560973
2018-1-10T13-49-24,1515588564103,0.7853659,-0.06341463,0.3883495,0.7853659
2018-1-10T13-49-24,1515588564104,0.7853659,-0.004878049,0.3592233,0.7853659
2018-1-10T13-49-24,1515588564105,0.7853659,-0.043902438,0.407767,0.7853659
2018-1-10T13-49-24,1515588564106,0.79512197,-0.07317073,0.4563107,0.79512197
2018-1-10T13-49-24,1515588564107,0.82439023,-0.07317073,0.46601942,0.82439023
2018-1-10T13-49-24,1515588564108,0.86341465,-0.043902438,0.4368932,0.86341465
2018-1-10T13-49-24,1515588564109,0.8829268,-0.014634146,0.4563107,0.8829268
2018-1-10T13-49-24,1515588564110,0.8829268,-0.004878049,0.46601942,0.8829268
2018-1-10T13-49-24,1515588564111,0.8829268,-0.024390243,0.44660193,0.8829268
2018-1-10T13-49-24,1515588564112,0.84390247,-0.024390243,0.44660193,0.84390247
2018-1-10T13-49-24,1515588564113,0.8926829,-0.024390243,0.4368932,0.8926829
2018-1-10T13-49-24,1515588564114,0.85365856,0.014634146,0.4854369,0.85365856
2018-1-10T13-49-24,1515588564115,0.86341465,-0.014634146,0.44660193,0.86341465
2018-1-10T13-49-24,1515588564116,0.8341463,-0.004878049,0.4368932,0.8341463
2018-1-10T13-49-24,1515588564117,0.8829268,0.004878049,0.46601942,0.8829268
2018-1-10T13-49-24,1515588564118,0.86341465,-0.024390243,0.44660193,0.86341465
2018-1-10T13-49-24,1515588564119,0.8341463,-0.043902438,0.44660193,0.8341463
2018-1-10T13-49-24,1515588564120,0.8341463,-0.014634146,0.4563107,0.8341463
2018-1-10T13-49-24,1515588564121,0.84390247,-0.014634146,0.5048544,0.84390247
2018-1-10T13-49-24,1515588564122,0.86341465,-0.004878049,0.47572815,0.86341465
2018-1-10T13-49-24,1515588564123,0.86341465,-0.024390243,0.44660193,0.86341465
2018-1-10T13-49-24,1515588564124,0.86341465,0.004878049,0.44660193,0.86341465
2018-1-10T13-49-24,1515588564125,0.86341465,-0.014634146,0.41747573,0.86341465
2018-1-10T13-49-24,1515588564126,0.81463414,-0.004878049,0.407767,0.81463414
2018-1-10T13-49-24,1515588564127,0.79512197,-0.014634146,0.407767,0.79512197
2018-1-10T13-49-24,1515588564128,0.75609756,-0.053658538,0.44660193,0.75609756
2018-1-10T13-49-24,1515588564129,0.80487806,-0.09268293,0.42718446,0.80487806
2018-1-10T13-49-24,1515588564130,0.82439023,-0.024390243,0.407767,0.82439023
2018-1-10T13-49-24,1515588564131,0.8341463,-0.034146342,0.41747573,0.8341463
2018-1-10T13-49-24,1515588564132,0.84390247,-0.034146342,0.44660193,0.84390247
2018-1-10T13-49-24,1515588564133,0.84390247,-0.09268293,0.46601942,0.84390247
2018-1-10T13-49-24,1515588564134,0.85365856,-0.08292683,0.44660193,0.85365856
2018-1-10T13-49-24,1515588564135,0.85365856,-0.053658538,0.44660193,0.85365856
2018-1-10T13-49-24,1515588564136,0.84390247,-0.053658538,0.44660193,0.84390247
2018-1-10T13-49-24,1515588564137,0.8341463,-0.053658538,0.42718446,0.8341463
2018-1-10T13-49-24,1515588564138,0.84390247,-0.043902438,0.4854369,0.84390247
2018-1-10T13-49-24,1515588564139,0.87317073,-0.09268293,0.5048544,0.87317073
2018-1-10T13-49-24,1515588564140,0.8926829,-0.034146342,0.4563107,0.8926829
2018-1-10T13-49-24,1515588564141,0.91219515,0.014634146,0.407767,0.91219515
2018-1-10T13-49-24,1515588564142,0.87317073,0.043902438,0.39805827,0.87317073
2018-1-10T13-49-24,1515588564143,0.85365856,0.053658538,0.46601942,0.85365856
2018-1-10T13-49-24,1515588564144,0.84390247,0.07317073,0.4368932,0.84390247
2018-1-10T13-49-24,1515588564145,0.86341465,0.07317073,0.407767,0.86341465
2018-1-10T13-49-24,1515588564146,0.85365856,0.053658538,0.44660193,0.85365856
2018-1-10T13-49-24,1515588564147,0.84390247,-0.004878049,0.4368932,0.84390247
2018-1-10T13-49-24,1515588564148,0.81463414,-0.004878049,0.41747573,0.81463414
2018-1-10T13-49-24,1515588564149,0.79512197,-0.034146342,0.42718446,0.79512197
2018-1-10T13-49-24,1515588564150,0.81463414,-0.053658538,0.3883495,0.81463414
2018-1-10T13-49-24,1515588564151,0.80487806,-0.053658538,0.42718446,0.80487806
2018-1-10T13-49-24,1515588564152,0.80487806,-0.07317073,0.407767,0.80487806
2018-1-10T13-49-24,1515588564153,0.84390247,-0.06341463,0.44660193,0.84390247
2018-1-10T13-49-24,1515588564154,0.8341463,-0.053658538,0.4563107,0.8341463
2018-1-10T13-49-24,1515588564155,0.86341465,-0.024390243,0.44660193,0.86341465
2018-1-10T13-49-24,1515588564156,0.87317073,-0.053658538,0.4854369,0.87317073
2018-1-10T13-49-24,1515588564157,0.902439,-0.034146342,0.4854369,0.902439
2018-1-10T13-49-24,1515588564158,0.8926829,-0.004878049,0.46601942,0.8926829
2018-1-10T13-49-24,1515588564159,0.8926829,0.014634146,0.42718446,0.8926829
2018-1-10T13-49-24,1515588564160,0.87317073,-0.024390243,0.4563107,0.87317073
2018-1-10T13-49-24,1515588564161,0.86341465,-0.024390243,0.46601942,0.86341465
2018-1-10T13-49-24,1515588564162,0.85365856,-0.053658538,0.4563107,0.85365856
2018-1-10T13-49-24,1515588564163,0.87317073,-0.07317073,0.46601942,0.87317073
2018-1-10T13-49-24,1515588564164,0.86341465,-0.07317073,0.4368932,0.86341465
2018-1-10T13-49-24,1515588564165,0.82439023,-0.07317073,0.4368932,0.82439023
2018-1-10T13-49-24,1515588564166,0.80487806,-0.07317073,0.41747573,0.80487806
2018-1-10T13-49-24,1515588564167,0.7853659,-0.024390243,0.42718446,0.7853659
2018-1-10T13-49-24,1515588564168,0.82439023,-0.08292683,0.4563107,0.82439023
2018-1-10T13-49-24,1515588564169,0.81463414,-0.034146342,0.407767,0.81463414
2018-1-10T13-49-24,1515588564170,0.81463414,-0.024390243,0.41747573,0.81463414
2018-1-10T13-49-24,1515588564171,0.82439023,0.004878049,0.44660193,0.82439023
2018-1-10T13-49-24,1515588564172,0.84390247,0.08292683,0.4368932,0.84390247
2018-1-10T13-49-24,1515588564173,0.84390247,0.014634146,0.42718446,0.84390247
2018-1-10T13-49-24,1515588564174,0.85365856,0.043902438,0.61165047,0.85365856
2018-1-10T13-49-24,1515588564175,0.85365856,0.034146342,0.4563107,0.85365856
2018-1-10T13-49-24,1515588564176,0.87317073,0.024390243,0.4854369,0.87317073
2018-1-10T13-49-24,1515588564177,0.86341465,0.014634146,0.44660193,0.86341465
2018-1-10T13-49-24,1515588564178,0.85365856,0.014634146,0.42718446,0.85365856
2018-1-10T13-49-24,1515588564179,0.8341463,-0.014634146,0.44660193,0.8341463
2018-1-10T13-49-24,1515588564180,0.84390247,-0.034146342,0.49514562,0.84390247
2018-1-10T13-49-24,1515588564181,0.86341465,-0.043902438,0.47572815,0.86341465
2018-1-10T13-49-24,1515588564182,0.84390247,-0.07317073,0.4368932,0.84390247
2018-1-10T13-49-24,1515588564183,0.82439023,-0.11219512,0.42718446,0.82439023
2018-1-10T13-49-24,1515588564184,0.8341463,-0.053658538,0.42718446,0.8341463
2018-1-10T13-49-24,1515588564185,0.81463414,-0.043902438,0.41747573,0.81463414
2018-1-10T13-49-24,1515588564186,0.85365856,-0.014634146,0.41747573,0.85365856
2018-1-10T13-49-24,1515588564187,0.85365856,-0.043902438,0.4854369,0.85365856
2018-1-10T13-49-24,1515588564188,0.86341465,-0.024390243,0.46601942,0.86341465
2018-1-10T13-49-24,1515588564189,0.87317073,0.014634146,0.42718446,0.87317073
2018-1-10T13-49-24,1515588564190,0.87317073,0.014634146,0.39805827,0.87317073
2018-1-10T13-49-24,1515588564191,0.85365856,-0.014634146,0.47572815,0.85365856
2018-1-10T13-49-24,1515588564192,0.86341465,0.034146342,0.52427185,0.86341465
2018-1-10T13-49-24,1515588564193,0.8829268,-0.043902438,0.44660193,0.8829268
2018-1-10T13-49-24,1515588564194,0.8341463,-0.014634146,0.3592233,0.8341463
2018-1-10T13-49-24,1515588564195,0.80487806,-0.014634146,0.39805827,0.80487806
2018-1-10T13-49-24,1515588564196,0.76585364,-0.043902438,0.5048544,0.76585364
2018-1-10T13-49-24,1515588564197,0.80487806,-0.06341463,0.46601942,0.80487806
2018-1-10T13-49-24,1515588564198,0.81463414,-0.024390243,0.37864077,0.81463414
2018-1-10T13-49-24,1515588564199,0.85365856,-0.014634146,0.5145631,0.85365856
2018-1-10T13-49-24,1515588564200,0.86341465,-0.024390243,0.4854369,0.86341465
2018-1-10T13-49-24,1515588564201,0.85365856,-0.024390243,0.44660193,0.85365856
2018-1-10T13-49-24,1515588564202,0.81463414,0.024390243,0.41747573,0.81463414
2018-1-10T13-49-24,1515588564203,0.8926829,-0.004878049,0.47572815,0.8926829
2018-1-10T13-49-24,1515588564204,0.86341465,-0.024390243,0.44660193,0.86341465
2018-1-10T13-49-24,1515588564205,0.8341463,0.014634146,0.3883495,0.8341463
2018-1-10T13-49-24,1515588564206,0.85365856,-0.004878049,0.4854369,0.85365856
2018-1-10T13-49-24,1515588564207,0.86341465,-0.034146342,0.52427185,0.86341465
2018-1-10T13-49-24,1515588564208,0.85365856,-0.034146342,0.4368932,0.85365856
2018-1-10T13-49-24,1515588564209,0.86341465,-0.043902438,0.36893204,0.86341465
2018-1-10T13-49-24,1515588564210,0.8341463,-0.024390243,0.3883495,0.8341463
2018-1-10T13-49-24,1515588564211,0.79512197,-0.043902438,0.4368932,0.79512197
2018-1-10T13-49-24,1515588564212,0.79512197,-0.043902438,0.5048544,0.79512197
2018-1-10T13-49-24,1515588564213,0.87317073,-0.06341463,0.5048544,0.87317073
2018-1-10T13-49-24,1515588564214,0.87317073,-0.08292683,0.42718446,0.87317073
2018-1-10T13-49-24,1515588564215,0.85365856,-0.053658538,0.3883495,0.85365856
2018-1-10T13-49-24,1515588564216,0.85365856,-0.034146342,0.407767,0.85365856
2018-1-10T13-49-24,1515588564217,0.81463414,-0.034146342,0.5145631,0.81463414
2018-1-10T13-49-24,1515588564218,0.87317073,-0.053658538,0.44660193,0.87317073
2018-1-10T13-49-24,1515588564219,0.8341463,-0.014634146,0.3883495,0.8341463
2018-1-10T13-49-24,1515588564220,0.81463414,-0.004878049,0.39805827,0.81463414
2018-1-10T13-49-24,1515588564221,0.86341465,-0.014634146,0.39805827,0.86341465
2018-1-10T13-49-24,1515588564222,0.84390247,-0.024390243,0.49514562,0.84390247
2018-1-10T13-49-24,1515588564223,0.86341465,-0.034146342,0.41747573,0.86341465
2018-1-10T13-49-24,1515588564224,0.87317073,0.004878049,0.39805827,0.87317073
2018-1-10T13-49-24,1515588564225,0.86341465,-0.014634146,0.4854369,0.86341465
2018-1-10T13-49-24,1515588564226,0.8926829,0.004878049,0.4563107,0.8926829
2018-1-10T13-49-24,1515588564227,0.85365856,-0.014634146,0.4368932,0.85365856
2018-1-10T13-49-24,1515588564228,0.8341463,-0.053658538,0.407767,0.8341463
2018-1-10T13-49-24,1515588564229,0.84390247,0.014634146,0.41747573,0.84390247
2018-1-10T13-49-24,1515588564230,0.87317073,0.004878049,0.49514562,0.87317073
2018-1-10T13-49-24,1515588564231,0.8829268,-0.004878049,0.49514562,0.8829268
2018-1-10T13-49-24,1515588564232,0.86341465,0.043902438,0.4563107,0.86341465
2018-1-10T13-49-24,1515588564233,0.8829268,-0.004878049,0.407767,0.8829268
2018-1-10T13-49-24,1515588564234,0.8926829,-0.004878049,0.41747573,0.8926829
2018-1-10T13-49-24,1515588564235,0.80487806,-0.014634146,0.46601942,0.80487806
2018-1-10T13-49-24,1515588564236,0.7853659,-0.024390243,0.4854369,0.7853659
2018-1-10T13-49-24,1515588564237,0.82439023,-0.053658538,0.41747573,0.82439023
2018-1-10T13-49-24,1515588564238,0.7853659,-0.09268293,0.34951457,0.7853659
2018-1-10T13-49-24,1515588564239,0.74634147,-0.034146342,0.39805827,0.74634147
2018-1-10T13-49-24,1515588564240,0.79512197,-0.06341463,0.4563107,0.79512197
2018-1-10T13-49-24,1515588564241,0.79512197,-0.07317073,0.4854369,0.79512197
2018-1-10T13-49-24,1515588564242,0.85365856,-0.043902438,0.44660193,0.85365856
2018-1-10T13-49-24,1515588564243,0.8926829,-0.09268293,0.41747573,0.8926829
2018-1-10T13-49-24,1515588564244,0.8926829,-0.024390243,0.4854369,0.8926829
2018-1-10T13-49-24,1515588564245,0.92195123,-0.024390243,0.5436893,0.92195123
2018-1-10T13-49-24,1515588564246,0.9414634,-0.024390243,0.5145631,0.9414634
2018-1-10T13-49-24,1515588564247,0.9512195,-0.024390243,0.46601942,0.9512195
2018-1-10T13-49-24,1515588564248,0.91219515,0.034146342,0.41747573,0.91219515
2018-1-10T13-49-24,1515588564249,0.9414634,-0.004878049,0.47572815,0.9414634
2018-1-10T13-49-24,1515588564250,0.84390247,-0.014634146,0.46601942,0.84390247
2018-1-10T13-49-24,1515588564251,0.7853659,-0.034146342,0.41747573,0.7853659
2018-1-10T13-49-24,1515588564252,0.75609756,-0.024390243,0.36893204,0.75609756
2018-1-10T13-49-24,1515588564253,0.7853659,-0.024390243,0.3883495,0.7853659
2018-1-10T13-49-24,1515588564254,0.75609756,-0.043902438,0.42718446,0.75609756
2018-1-10T13-49-24,1515588564255,0.7853659,-0.014634146,0.3883495,0.7853659
2018-1-10T13-49-24,1515588564256,0.79512197,-0.024390243,0.42718446,0.79512197
2018-1-10T13-49-24,1515588564257,0.8341463,-0.034146342,0.4368932,0.8341463
2018-1-10T13-49-24,1515588564258,0.86341465,-0.024390243,0.4854369,0.86341465
2018-1-10T13-49-24,1515588564259,0.902439,0.004878049,0.44660193,0.902439
2018-1-10T13-49-24,1515588564260,0.8926829,0.024390243,0.42718446,0.8926829
2018-1-10T13-49-24,1515588564261,0.87317073,0.053658538,0.41747573,0.87317073
2018-1-10T13-49-24,1515588564262,0.86341465,0.034146342,0.47572815,0.86341465
2018-1-10T13-49-24,1515588564263,0.8829268,0.024390243,0.4854369,0.8829268
2018-1-10T13-49-24,1515588564264,0.8829268,-0.004878049,0.44660193,0.8829268
2018-1-10T13-49-24,1515588564265,0.87317073,-0.004878049,0.4368932,0.87317073
2018-1-10T13-49-24,1515588564266,0.87317073,-0.034146342,0.44660193,0.87317073
2018-1-10T13-49-24,1515588564267,0.81463414,-0.014634146,0.4368932,0.81463414
2018-1-10T13-49-24,1515588564268,0.82439023,-0.014634146,0.44660193,0.82439023
2018-1-10T13-49-24,1515588564269,0.82439023,-0.043902438,0.47572815,0.82439023
2018-1-10T13-49-24,1515588564270,0.81463414,-0.053658538,0.5436893,0.81463414
2018-1-10T13-49-24,1515588564271,0.84390247,-0.043902438,0.41747573,0.84390247
2018-1-10T13-49-24,1515588564272,0.8341463,-0.024390243,0.42718446,0.8341463
2018-1-10T13-49-24,1515588564273,0.8341463,-0.034146342,0.4854369,0.8341463
2018-1-10T13-49-24,1515588564274,0.85365856,-0.053658538,0.46601942,0.85365856
2018-1-10T13-49-24,1515588564275,0.8341463,-0.043902438,0.34951457,0.8341463
2018-1-10T13-49-24,1515588564276,0.82439023,-0.014634146,0.37864077,0.82439023
2018-1-10T13-49-24,1515588564277,0.81463414,0.043902438,0.41747573,0.81463414
2018-1-10T13-49-24,1515588564278,0.81463414,-0.043902438,0.4854369,0.81463414
2018-1-10T13-49-24,1515588564279,0.82439023,-0.07317073,0.44660193,0.82439023
2018-1-10T13-49-24,1515588564280,0.82439023,-0.014634146,0.37864077,0.82439023
2018-1-10T13-49-24,1515588564281,0.82439023,-0.043902438,0.37864077,0.82439023
2018-1-10T13-49-24,1515588564282,0.81463414,-0.034146342,0.4563107,0.81463414
2018-1-10T13-49-24,1515588564283,0.77560973,-0.06341463,0.52427185,0.77560973
2018-1-10T13-49-24,1515588564284,0.85365856,-0.043902438,0.4854369,0.85365856
2018-1-10T13-49-24,1515588564285,0.8829268,-0.024390243,0.4563107,0.8829268
2018-1-10T13-49-24,1515588564286,0.92195123,0.004878049,0.44660193,0.92195123
2018-1-10T13-49-24,1515588564287,0.9512195,0.06341463,0.42718446,0.9512195
2018-1-10T13-49-24,1515588564288,0.92195123,0.053658538,0.49514562,0.92195123
2018-1-10T13-49-24,1515588564289,0.91219515,0.024390243,0.49514562,0.91219515
2018-1-10T13-49-24,1515588564290,0.8829268,0.004878049,0.4368932,0.8829268
2018-1-10T13-49-24,1515588564291,0.82439023,-0.024390243,0.37864077,0.82439023
2018-1-10T13-49-24,1515588564292,0.81463414,-0.004878049,0.3883495,0.81463414
2018-1-10T13-49-24,1515588564293,0.76585364,-0.024390243,0.42718446,0.76585364
2018-1-10T13-49-24,1515588564294,0.74634147,-0.034146342,0.46601942,0.74634147
2018-1-10T13-49-24,1515588564295,0.80487806,-0.034146342,0.47572815,0.80487806
2018-1-10T13-49-24,1515588564296,0.85365856,-0.014634146,0.4563107,0.85365856
2018-1-10T13-49-24,1515588564297,0.8829268,0.004878049,0.47572815,0.8829268
2018-1-10T13-49-24,1515588564298,0.86341465,0.004878049,0.37864077,0.86341465
2018-1-10T13-49-24,1515588564299,0.80487806,-0.024390243,0.4368932,0.80487806
2018-1-10T13-49-24,1515588564300,0.81463414,-0.043902438,0.49514562,0.81463414
2018-1-10T13-49-24,1515588564301,0.80487806,-0.06341463,0.4563107,0.80487806
2018-1-10T13-49-24,1515588564302,0.80487806,-0.014634146,0.407767,0.80487806
2018-1-10T13-49-24,1515588564303,0.84390247,-0.024390243,0.42718446,0.84390247
2018-1-10T13-49-24,1515588564304,0.8926829,-0.014634146,0.5145631,0.8926829
2018-1-10T13-49-24,1515588564305,0.902439,-0.004878049,0.46601942,0.902439
2018-1-10T13-49-24,1515588564306,0.91219515,0.014634146,0.42718446,0.91219515
2018-1-10T13-49-24,1515588564307,0.8926829,-0.004878049,0.4563107,0.8926829
2018-1-10T13-49-24,1515588564308,0.8926829,-0.004878049,0.49514562,0.8926829
2018-1-10T13-49-24,1515588564309,0.84390247,-0.014634146,0.42718446,0.84390247
2018-1-10T13-49-24,1515588564310,0.8341463,-0.034146342,0.4854369,0.8341463
2018-1-10T13-49-24,1515588564311,0.85365856,-0.043902438,0.44660193,0.85365856
2018-1-10T13-49-24,1515588564312,0.82439023,-0.014634146,0.42718446,0.82439023
2018-1-10T13-49-24,1515588564313,0.81463414,-0.043902438,0.42718446,0.81463414
2018-1-10T13-49-24,1515588564314,0.81463414,-0.053658538,0.4368932,0.81463414
2018-1-10T13-49-24,1515588564315,0.7853659,-0.11219512,0.39805827,0.7853659
2018-1-10T13-49-24,1515588564316,0.7853659,-0.034146342,0.3883495,0.7853659
2018-1-10T13-49-24,1515588564317,0.79512197,-0.014634146,0.4854369,0.79512197
2018-1-10T13-49-24,1515588564318,0.84390247,-0.043902438,0.4854369,0.84390247
2018-1-10T13-49-24,1515588564319,0.79512197,-0.004878049,0.44660193,0.79512197
2018-1-10T13-49-24,1515588564320,0.8926829,0.034146342,0.44660193,0.8926829
2018-1-10T13-49-24,1515588564321,0.91219515,0.043902438,0.46601942,0.91219515
2018-1-10T13-49-24,1515588564322,0.86341465,0.014634146,0.5048544,0.86341465
2018-1-10T13-49-24,1515588564323,0.8829268,0.024390243,0.4368932,0.8829268
2018-1-10T13-49-24,1515588564324,0.86341465,-0.043902438,0.4368932,0.86341465
2018-1-10T13-49-24,1515588564325,0.85365856,0.004878049,0.4563107,0.85365856
2018-1-10T13-49-24,1515588564326,0.85365856,0.004878049,0.42718446,0.85365856
2018-1-10T13-49-24,1515588564327,0.84390247,-0.024390243,0.3592233,0.84390247
2018-1-10T13-49-24,1515588564328,0.81463414,-0.043902438,0.39805827,0.81463414
2018-1-10T13-49-24,1515588564329,0.7853659,-0.043902438,0.42718446,0.7853659
2018-1-10T13-49-24,1515588564330,0.80487806,-0.08292683,0.46601942,0.80487806
2018-1-10T13-49-24,1515588564331,0.80487806,-0.053658538,0.5048544,0.80487806
2018-1-10T13-49-24,1515588564332,0.82439023,-0.10243902,0.49514562,0.82439023
2018-1-10T13-49-24,1515588564333,0.86341465,-0.034146342,0.41747573,0.86341465
2018-1-10T13-49-24,1515588564334,0.86341465,-0.034146342,0.42718446,0.86341465
2018-1-10T13-49-24,1515588564335,0.84390247,-0.034146342,0.47572815,0.84390247
2018-1-10T13-49-24,1515588564336,0.84390247,-0.08292683,0.46601942,0.84390247
2018-1-10T13-49-24,1515588564337,0.8341463,-0.034146342,0.3883495,0.8341463
2018-1-10T13-49-24,1515588564338,0.82439023,-0.004878049,0.44660193,0.82439023
2018-1-10T13-49-24,1515588564339,0.84390247,-0.043902438,0.49514562,0.84390247
2018-1-10T13-49-24,1515588564340,0.86341465,-0.043902438,0.42718446,0.86341465
2018-1-10T13-49-24,1515588564341,0.8341463,-0.004878049,0.44660193,0.8341463
2018-1-10T13-49-24,1515588564342,0.8829268,0.004878049,0.4563107,0.8829268
2018-1-10T13-49-24,1515588564343,0.87317073,-0.024390243,0.47572815,0.87317073
2018-1-10T13-49-24,1515588564344,0.86341465,-0.024390243,0.44660193,0.86341465
2018-1-10T13-49-24,1515588564345,0.85365856,-0.004878049,0.46601942,0.85365856
2018-1-10T13-49-24,1515588564346,0.84390247,-0.034146342,0.49514562,0.84390247
2018-1-10T13-49-24,1515588564347,0.84390247,-0.024390243,0.4368932,0.84390247
2018-1-10T13-49-24,1515588564348,0.8341463,0.004878049,0.42718446,0.8341463
2018-1-10T13-49-24,1515588564349,0.85365856,0.004878049,0.44660193,0.85365856
2018-1-10T13-49-24,1515588564350,0.86341465,0.004878049,0.4854369,0.86341465
2018-1-10T13-49-24,1515588564351,0.85365856,0.004878049,0.44660193,0.85365856
2018-1-10T13-49-24,1515588564352,0.87317073,-0.004878049,0.407767,0.87317073
2018-1-10T13-49-24,1515588564353,0.86341465,0.014634146,0.42718446,0.86341465
2018-1-10T13-49-24,1515588564354,0.86341465,-0.004878049,0.47572815,0.86341465
2018-1-10T13-49-24,1515588564355,0.85365856,-0.024390243,0.5048544,0.85365856
2018-1-10T13-49-24,1515588564356,0.87317073,-0.024390243,0.44660193,0.87317073
2018-1-10T13-49-24,1515588564357,0.8341463,0.024390243,0.39805827,0.8341463
2018-1-10T13-49-24,1515588564358,0.81463414,-0.014634146,0.39805827,0.81463414
2018-1-10T13-49-24,1515588564359,0.7853659,-0.024390243,0.4563107,0.7853659
2018-1-10T13-49-24,1515588564360,0.7853659,-0.034146342,0.46601942,0.7853659
2018-1-10T13-49-24,1515588564361,0.81463414,-0.053658538,0.407767,0.81463414
2018-1-10T13-49-24,1515588564362,0.8341463,-0.034146342,0.407767,0.8341463
2018-1-10T13-49-24,1515588564363,0.85365856,-0.053658538,0.4368932,0.85365856
2018-1-10T13-49-24,1515588564364,0.84390247,-0.034146342,0.47572815,0.84390247
2018-1-10T13-49-24,1515588564365,0.86341465,-0.053658538,0.44660193,0.86341465
2018-1-10T13-49-24,1515588564366,0.87317073,-0.09268293,0.44660193,0.87317073
2018-1-10T13-49-24,1515588564367,0.8829268,-0.024390243,0.46601942,0.8829268
2018-1-10T13-49-24,1515588564368,0.8829268,-0.043902438,0.4563107,0.8829268
2018-1-10T13-49-24,1515588564369,0.8341463,-0.034146342,0.46601942,0.8341463
2018-1-10T13-49-24,1515588564370,0.86341465,-0.034146342,0.46601942,0.86341465
2018-1-10T13-49-24,1515588564371,0.86341465,-0.024390243,0.4563107,0.86341465
2018-1-10T13-49-24,1515588564372,0.86341465,-0.034146342,0.46601942,0.86341465
2018-1-10T13-49-24,1515588564373,0.85365856,-0.053658538,0.44660193,0.85365856
2018-1-10T13-49-24,1515588564374,0.8341463,-0.053658538,0.41747573,0.8341463
2018-1-10T13-49-24,1515588564375,0.84390247,-0.034146342,0.4368932,0.84390247
2018-1-10T13-49-24,1515588564376,0.76585364,0.06341463,0.46601942,0.76585364
2018-1-10T13-49-24,1515588564377,0.84390247,-0.07317073,0.42718446,0.84390247
2018-1-10T13-49-24,1515588564378,0.8341463,0.014634146,0.42718446,0.8341463
2018-1-10T13-49-24,1515588564379,0.77560973,0.024390243,0.41747573,0.77560973
2018-1-10T13-49-24,1515588564380,0.87317073,0.034146342,0.4563107,0.87317073
2018-1-10T13-49-24,1515588564381,0.81463414,0.004878049,0.39805827,0.81463414
2018-1-10T13-49-24,1515588564382,0.85365856,-0.014634146,0.42718446,0.85365856
2018-1-10T13-49-24,1515588564383,0.84390247,0.004878049,0.37864077,0.84390247
2018-1-10T13-49-24,1515588564384,0.84390247,-0.004878049,0.4563107,0.84390247
2018-1-10T13-49-24,1515588564385,0.85365856,0.004878049,0.47572815,0.85365856
2018-1-10T13-49-24,1515588564386,0.8341463,-0.004878049,0.4368932,0.8341463
2018-1-10T13-49-24,1515588564387,0.86341465,-0.024390243,0.41747573,0.86341465
2018-1-10T13-49-24,1515588564388,0.87317073,-0.024390243,0.4854369,0.87317073
2018-1-10T13-49-24,1515588564389,0.8829268,-0.053658538,0.5048544,0.8829268
2018-1-10T13-49-24,1515588564390,0.85365856,-0.034146342,0.4368932,0.85365856
2018-1-10T13-49-24,1515588564391,0.8829268,-0.034146342,0.407767,0.8829268
2018-1-10T13-49-24,1515588564392,0.87317073,0.014634146,0.47572815,0.87317073
2018-1-10T13-49-24,1515588564393,0.87317073,-0.043902438,0.5145631,0.87317073
2018-1-10T13-49-24,1515588564394,0.85365856,0.034146342,0.44660193,0.85365856
2018-1-10T13-49-24,1515588564395,0.84390247,-0.014634146,0.407767,0.84390247
2018-1-10T13-49-24,1515588564396,0.82439023,-0.06341463,0.44660193,0.82439023
2018-1-10T13-49-24,1515588564397,0.7853659,-0.08292683,0.4368932,0.7853659
2018-1-10T13-49-24,1515588564398,0.77560973,-0.07317073,0.407767,0.77560973
2018-1-10T13-49-24,1515588564399,0.7853659,-0.014634146,0.41747573,0.7853659
2018-1-10T13-49-24,1515588564400,0.80487806,-0.07317073,0.4563107,0.80487806
2018-1-10T13-49-24,1515588564401,0.84390247,-0.043902438,0.4368932,0.84390247
2018-1-10T13-49-24,1515588564402,0.8341463,-0.37560976,0.4368932,0.8341463
2018-1-10T13-49-24,1515588564403,0.8829268,-0.024390243,0.4368932,0.8829268
2018-1-10T13-49-24,1515588564404,0.8829268,0.014634146,0.4854369,0.8829268
2018-1-10T13-49-24,1515588564405,0.902439,0.043902438,0.4854369,0.902439
2018-1-10T13-49-24,1515588564406,0.8829268,0.014634146,0.4368932,0.8829268
2018-1-10T13-49-24,1515588564407,0.86341465,-0.004878049,0.46601942,0.86341465
2018-1-10T13-49-24,1515588564408,0.82439023,-0.024390243,0.46601942,0.82439023
2018-1-10T13-49-24,1515588564409,0.75609756,-0.07317073,0.39805827,0.75609756
2018-1-10T13-49-24,1515588564410,0.8341463,0.004878049,0.36893204,0.8341463
2018-1-10T13-49-24,1515588564411,0.80487806,-0.014634146,0.42718446,0.80487806
2018-1-10T13-49-24,1515588564412,0.80487806,-0.034146342,0.46601942,0.80487806
2018-1-10T13-49-24,1515588564413,0.77560973,-0.034146342,0.37864077,0.77560973
2018-1-10T13-49-24,1515588564414,0.84390247,-0.024390243,0.41747573,0.84390247
2018-1-10T13-49-24,1515588564415,0.85365856,-0.014634146,0.4563107,0.85365856
2018-1-10T13-49-24,1515588564416,0.86341465,0.034146342,0.5145631,0.86341465
2018-1-10T13-49-24,1515588564417,0.91219515,0.004878049,0.49514562,0.91219515
2018-1-10T13-49-24,1515588564418,0.902439,0.004878049,0.44660193,0.902439
2018-1-10T13-49-24,1515588564419,0.8926829,0.024390243,0.407767,0.8926829
2018-1-10T13-49-24,1515588564420,0.86341465,0.014634146,0.42718446,0.86341465
2018-1-10T13-49-24,1515588564421,0.8341463,0.024390243,0.47572815,0.8341463
2018-1-10T13-49-24,1515588564422,0.81463414,-0.034146342,0.44660193,0.81463414
2018-1-10T13-49-24,1515588564423,0.8341463,-0.024390243,0.41747573,0.8341463
2018-1-10T13-49-24,1515588564424,0.8829268,-0.043902438,0.4563107,0.8829268
2018-1-10T13-49-24,1515588564425,0.8341463,-0.06341463,0.4854369,0.8341463
2018-1-10T13-49-24,1515588564426,0.85365856,-0.06341463,0.46601942,0.85365856
2018-1-10T13-49-24,1515588564427,0.85365856,-0.014634146,0.3883495,0.85365856
2018-1-10T13-49-24,1515588564428,0.7853659,-0.043902438,0.407767,0.7853659
2018-1-10T13-49-24,1515588564429,0.81463414,-0.034146342,0.4368932,0.81463414
2018-1-10T13-49-24,1515588564430,0.80487806,-0.053658538,0.41747573,0.80487806
2018-1-10T13-49-24,1515588564431,0.79512197,-0.053658538,0.4368932,0.79512197
2018-1-10T13-49-24,1515588564432,0.82439023,-0.11219512,0.4563107,0.82439023
2018-1-10T13-49-24,1515588564433,0.86341465,-0.034146342,0.4563107,0.86341465
2018-1-10T13-49-24,1515588564434,0.8926829,-0.024390243,0.44660193,0.8926829
2018-1-10T13-49-24,1515588564435,0.87317073,-0.004878049,0.46601942,0.87317073
2018-1-10T13-49-24,1515588564436,0.8829268,0.004878049,0.46601942,0.8829268
2018-1-10T13-49-24,1515588564437,0.8829268,-0.06341463,0.46601942,0.8829268
2018-1-10T13-49-24,1515588564438,0.902439,0.004878049,0.41747573,0.902439
2018-1-10T13-49-24,1515588564439,0.86341465,-0.024390243,0.4368932,0.86341465
2018-1-10T13-49-24,1515588564440,0.84390247,-0.07317073,0.41747573,0.84390247
2018-1-10T13-49-24,1515588564441,0.7853659,-0.024390243,0.61165047,0.7853659
2018-1-10T13-49-24,1515588564442,0.81463414,0.004878049,0.42718446,0.81463414
2018-1-10T13-49-24,1515588564443,0.8341463,0.004878049,0.47572815,0.8341463
2018-1-10T13-49-24,1515588564444,0.84390247,-0.004878049,0.4563107,0.84390247
2018-1-10T13-49-24,1515588564445,0.8341463,-0.043902438,0.39805827,0.8341463
2018-1-10T13-49-24,1515588564446,0.87317073,0.024390243,0.42718446,0.87317073
2018-1-10T13-49-24,1515588564447,0.86341465,-0.014634146,0.46601942,0.86341465
2018-1-10T13-49-24,1515588564448,0.86341465,-0.034146342,0.4563107,0.86341465
2018-1-10T13-49-24,1515588564449,0.86341465,-0.014634146,0.47572815,0.86341465
2018-1-10T13-49-24,1515588564450,0.8829268,-0.024390243,0.4854369,0.8829268
2018-1-10T13-49-24,1515588564451,0.902439,-0.06341463,0.46601942,0.902439
2018-1-10T13-49-24,1515588564452,0.84390247,-0.06341463,0.39805827,0.84390247
2018-1-10T13-49-24,1515588564453,0.79512197,-0.053658538,0.3883495,0.79512197
2018-1-10T13-49-24,1515588564454,0.81463414,-0.06341463,0.3592233,0.81463414
2018-1-10T13-49-24,1515588564455,0.79512197,-0.07317073,0.407767,0.79512197
2018-1-10T13-49-24,1515588564456,0.77560973,-0.043902438,0.407767,0.77560973
2018-1-10T13-49-24,1515588564457,0.81463414,-0.06341463,0.4368932,0.81463414
2018-1-10T13-49-24,1515588564458,0.87317073,-0.06341463,0.4854369,0.87317073
2018-1-10T13-49-24,1515588564459,0.8926829,-0.024390243,0.49514562,0.8926829
2018-1-10T13-49-24,1515588564460,0.91219515,-0.014634146,0.47572815,0.91219515
2018-1-10T13-49-24,1515588564461,0.9414634,-0.014634146,0.5339806,0.9414634
2018-1-10T13-49-24,1515588564462,0.97073174,0.014634146,0.4854369,0.97073174
2018-1-10T13-49-24,1515588564463,0.92195123,0.07317073,0.4368932,0.92195123
2018-1-10T13-49-24,1515588564464,0.84390247,0.004878049,0.41747573,0.84390247
2018-1-10T13-49-24,1515588564465,0.81463414,-0.004878049,0.4368932,0.81463414
2018-1-10T13-49-24,1515588564466,0.7853659,-0.034146342,0.4368932,0.7853659
2018-1-10T13-49-24,1515588564467,0.7365854,-0.043902438,0.3883495,0.7365854
2018-1-10T13-49-24,1515588564468,0.74634147,-0.06341463,0.3398058,0.74634147
2018-1-10T13-49-24,1515588564469,0.75609756,-0.043902438,0.3398058,0.75609756
2018-1-10T13-49-24,1515588564470,0.74634147,-0.024390243,0.4368932,0.74634147
2018-1-10T13-49-24,1515588564471,0.8341463,0.004878049,0.4854369,0.8341463
2018-1-10T13-49-24,1515588564472,0.85365856,0.024390243,0.44660193,0.85365856
2018-1-10T13-49-24,1515588564473,0.91219515,0.12195122,0.4368932,0.91219515
2018-1-10T13-49-24,1515588564474,0.9317073,0.053658538,0.4563107,0.9317073
2018-1-10T13-49-24,1515588564475,0.9414634,0.06341463,0.5145631,0.9414634
2018-1-10T13-49-24,1515588564476,0.9317073,0.024390243,0.46601942,0.9317073
2018-1-10T13-49-24,1515588564477,0.86341465,0.014634146,0.39805827,0.86341465
2018-1-10T13-49-24,1515588564478,0.82439023,-0.034146342,0.3883495,0.82439023
2018-1-10T13-49-24,1515588564479,0.87317073,-0.024390243,0.4854369,0.87317073
2018-1-10T13-49-24,1515588564480,0.82439023,-0.07317073,0.49514562,0.82439023
2018-1-10T13-49-24,1515588564481,0.82439023,-0.13170731,0.39805827,0.82439023
2018-1-10T13-49-24,1515588564482,0.81463414,-0.08292683,0.37864077,0.81463414
2018-1-10T13-49-24,1515588564483,0.8341463,-0.08292683,0.4563107,0.8341463
2018-1-10T13-49-24,1515588564484,0.86341465,-0.09268293,0.5631068,0.86341465
2018-1-10T13-49-24,1515588564485,0.86341465,-0.08292683,0.49514562,0.86341465
2018-1-10T13-49-24,1515588564486,0.86341465,-0.043902438,0.4563107,0.86341465
2018-1-10T13-49-24,1515588564487,0.8829268,-0.024390243,0.4854369,0.8829268
2018-1-10T13-49-24,1515588564488,0.92195123,-0.014634146,0.4854369,0.92195123
2018-1-10T13-49-24,1515588564489,0.87317073,-0.004878049,0.39805827,0.87317073
2018-1-10T13-49-24,1515588564490,0.8341463,0.024390243,0.34951457,0.8341463
2018-1-10T13-49-24,1515588564491,0.7853659,0.024390243,0.407767,0.7853659
2018-1-10T13-49-24,1515588564492,0.75609756,-0.004878049,0.41747573,0.75609756
2018-1-10T13-49-24,1515588564493,0.74634147,-0.034146342,0.39805827,0.74634147
2018-1-10T13-49-24,1515588564494,0.77560973,-0.034146342,0.3592233,0.77560973
2018-1-10T13-49-24,1515588564495,0.81463414,-0.004878049,0.39805827,0.81463414
2018-1-10T13-49-24,1515588564496,0.8341463,-0.024390243,0.46601942,0.8341463
2018-1-10T13-49-24,1515588564497,0.8926829,-0.043902438,0.5145631,0.8926829
2018-1-10T13-49-24,1515588564498,0.91219515,-0.004878049,0.49514562,0.91219515
2018-1-10T13-49-24,1515588564499,0.9317073,-0.004878049,0.5048544,0.9317073
2018-1-10T13-49-24,1515588564500,0.92195123,-0.043902438,0.5048544,0.92195123
2018-1-10T13-49-24,1515588564501,0.8926829,0.004878049,0.44660193,0.8926829
2018-1-10T13-49-24,1515588564502,0.86341465,0.004878049,0.44660193,0.86341465
2018-1-10T13-49-24,1515588564503,0.8341463,-0.014634146,0.47572815,0.8341463
2018-1-10T13-49-24,1515588564504,0.82439023,-0.034146342,0.42718446,0.82439023
2018-1-10T13-49-24,1515588564505,0.81463414,-0.053658538,0.37864077,0.81463414
2018-1-10T13-49-24,1515588564506,0.79512197,-0.053658538,0.407767,0.79512197
2018-1-10T13-49-24,1515588564507,0.79512197,-0.024390243,0.4563107,0.79512197
2018-1-10T13-49-24,1515588564508,0.82439023,-0.043902438,0.44660193,0.82439023
2018-1-10T13-49-24,1515588564509,0.84390247,-0.004878049,0.44660193,0.84390247
2018-1-10T13-49-24,1515588564510,0.87317073,-0.014634146,0.44660193,0.87317073
2018-1-10T13-49-24,1515588564511,0.8926829,-0.024390243,0.5339806,0.8926829
2018-1-10T13-49-24,1515588564512,0.8829268,-0.034146342,0.5631068,0.8829268
2018-1-10T13-49-24,1515588564513,0.87317073,-0.043902438,0.4563107,0.87317073
2018-1-10T13-49-24,1515588564514,0.82439023,-0.034146342,0.37864077,0.82439023
2018-1-10T13-49-24,1515588564515,0.82439023,-0.034146342,0.37864077,0.82439023
2018-1-10T13-49-24,1515588564516,0.75609756,-0.034146342,0.41747573,0.75609756
2018-1-10T13-49-24,1515588564517,0.7853659,-0.034146342,0.4368932,0.7853659
2018-1-10T13-49-24,1515588564518,0.8341463,-0.034146342,0.49514562,0.8341463
2018-1-10T13-49-24,1515588564519,0.6,-0.024390243,0.4854369,0.6
2018-1-10T13-49-24,1515588564520,0.9317073,-0.014634146,0.4563107,0.9317073
2018-1-10T13-49-24,1515588564521,0.92195123,0.004878049,0.18446602,0.92195123
2018-1-10T13-49-24,1515588564522,0.9804878,-0.014634146,0.5339806,0.9804878
2018-1-10T13-49-24,1515588564523,0.8829268,0.004878049,0.47572815,0.8829268
2018-1-10T13-49-24,1515588564524,0.8341463,-0.024390243,0.407767,0.8341463
2018-1-10T13-49-24,1515588564525,0.7853659,-0.014634146,0.41747573,0.7853659
2018-1-10T13-49-24,1515588564526,0.77560973,-0.014634146,0.4368932,0.77560973
2018-1-10T13-49-24,1515588564527,0.80487806,-0.024390243,0.407767,0.80487806
2018-1-10T13-49-24,1515588564528,0.80487806,-0.014634146,0.37864077,0.80487806
2018-1-10T13-49-24,1515588564529,0.8341463,0.06341463,0.3883495,0.8341463
2018-1-10T13-49-24,1515588564530,0.85365856,0.034146342,0.44660193,0.85365856
2018-1-10T13-49-24,1515588564531,0.8341463,-0.08292683,0.47572815,0.8341463
2018-1-10T13-49-24,1515588564532,0.8926829,0.024390243,0.4563107,0.8926829
2018-1-10T13-49-24,1515588564533,0.87317073,0.004878049,0.49514562,0.87317073
2018-1-10T13-49-24,1515588564534,0.8829268,-0.024390243,0.46601942,0.8829268
2018-1-10T13-49-24,1515588564535,0.87317073,-0.014634146,0.42718446,0.87317073
2018-1-10T13-49-24,1515588564536,0.86341465,-0.014634146,0.42718446,0.86341465
2018-1-10T13-49-24,1515588564537,0.8341463,-0.043902438,0.49514562,0.8341463
2018-1-10T13-49-24,1515588564538,0.80487806,-0.06341463,0.4563107,0.80487806
2018-1-10T13-49-24,1515588564539,0.80487806,-0.053658538,0.4563107,0.80487806
2018-1-10T13-49-24,1515588564540,0.82439023,-0.053658538,0.41747573,0.82439023
2018-1-10T13-49-24,1515588564541,0.84390247,-0.09268293,0.4563107,0.84390247
2018-1-10T13-49-24,1515588564542,0.85365856,-0.024390243,0.49514562,0.85365856
2018-1-10T13-49-24,1515588564543,0.86341465,-0.014634146,0.4368932,0.86341465
2018-1-10T13-49-24,1515588564544,0.8341463,0.014634146,0.42718446,0.8341463
2018-1-10T13-49-24,1515588564545,0.84390247,-0.014634146,0.44660193,0.84390247
2018-1-10T13-49-24,1515588564546,0.85365856,-0.034146342,0.49514562,0.85365856
2018-1-10T13-49-24,1515588564547,0.8341463,-0.053658538,0.44660193,0.8341463
2018-1-10T13-49-24,1515588564548,0.81463414,-0.034146342,0.407767,0.81463414
2018-1-10T13-49-24,1515588564549,0.8341463,-0.043902438,0.44660193,0.8341463
2018-1-10T13-49-24,1515588564550,0.8829268,-0.024390243,0.44660193,0.8829268
2018-1-10T13-49-24,1515588564551,0.8341463,-0.014634146,0.39805827,0.8341463
2018-1-10T13-49-24,1515588564552,0.7853659,-0.014634146,0.39805827,0.7853659
2018-1-10T13-49-24,1515588564553,0.82439023,-0.004878049,0.44660193,0.82439023
2018-1-10T13-49-24,1515588564554,0.82439023,-0.004878049,0.46601942,0.82439023
2018-1-10T13-49-24,1515588564555,0.84390247,-0.014634146,0.46601942,0.84390247
2018-1-10T13-49-24,1515588564556,0.8829268,-0.034146342,0.4854369,0.8829268
2018-1-10T13-49-24,1515588564557,0.91219515,-0.07317073,0.4854369,0.91219515
2018-1-10T13-49-24,1515588564558,0.92195123,-0.014634146,0.42718446,0.92195123
2018-1-10T13-49-24,1515588564559,0.902439,0.004878049,0.4563107,0.902439
2018-1-10T13-49-24,1515588564560,0.9414634,0.014634146,0.47572815,0.9414634
2018-1-10T13-49-24,1515588564561,0.8341463,0.024390243,0.46601942,0.8341463
2018-1-10T13-49-24,1515588564562,0.84390247,0.06341463,0.37864077,0.84390247
2018-1-10T13-49-24,1515588564563,0.81463414,0.043902438,0.3106796,0.81463414
2018-1-10T13-49-24,1515588564564,0.81463414,0.004878049,0.4368932,0.81463414
2018-1-10T13-49-24,1515588564565,0.77560973,-0.043902438,0.44660193,0.77560973
2018-1-10T13-49-24,1515588564566,0.77560973,-0.07317073,0.3883495,0.77560973
2018-1-10T13-49-24,1515588564567,0.77560973,-0.06341463,0.3398058,0.77560973
2018-1-10T13-49-24,1515588564568,0.7853659,-0.06341463,0.4368932,0.7853659
2018-1-10T13-49-24,1515588564569,0.77560973,-0.09268293,0.5145631,0.77560973
2018-1-10T13-49-24,1515588564570,0.8341463,-0.07317073,0.4854369,0.8341463
2018-1-10T13-49-24,1515588564571,0.91219515,-0.043902438,0.4563107,0.91219515
2018-1-10T13-49-24,1515588564572,0.91219515,-0.053658538,0.41747573,0.91219515
2018-1-10T13-49-24,1515588564573,0.9609756,-0.043902438,0.47572815,0.9609756
2018-1-10T13-49-24,1515588564574,0.902439,-0.024390243,0.47572815,0.902439
2018-1-10T13-49-24,1515588564575,0.902439,0.014634146,0.49514562,0.902439
2018-1-10T13-49-24,1515588564576,0.8829268,0.004878049,0.49514562,0.8829268
2018-1-10T13-49-24,1515588564577,0.84390247,-0.014634146,0.3883495,0.84390247
2018-1-10T13-49-24,1515588564578,0.82439023,-0.004878049,0.3592233,0.82439023
2018-1-10T13-49-24,1515588564579,0.81463414,-0.024390243,0.46601942,0.81463414
2018-1-10T13-49-24,1515588564580,0.8829268,-0.053658538,0.5339806,0.8829268
2018-1-10T13-49-24,1515588564581,0.80487806,-0.034146342,0.46601942,0.80487806
2018-1-10T13-49-24,1515588564582,0.86341465,-0.014634146,0.3883495,0.86341465
2018-1-10T13-49-24,1515588564583,0.87317073,0.014634146,0.42718446,0.87317073
2018-1-10T13-49-24,1515588564584,0.8341463,0.014634146,0.4854369,0.8341463
2018-1-10T13-49-24,1515588564585,0.8341463,0.11219512,0.4563107,0.8341463
2018-1-10T13-49-24,1515588564586,0.81463414,0.014634146,0.37864077,0.81463414
2018-1-10T13-49-24,1515588564587,0.84390247,0.014634146,0.4563107,0.84390247
2018-1-10T13-49-24,1515588564588,0.85365856,-0.004878049,0.4368932,0.85365856
2018-1-10T13-49-24,1515588564589,0.80487806,-0.024390243,0.37864077,0.80487806
2018-1-10T13-49-24,1515588564590,0.77560973,-0.014634146,0.42718446,0.77560973
2018-1-10T13-49-24,1515588564591,0.79512197,-0.024390243,0.4563107,0.79512197
2018-1-10T13-49-24,1515588564592,0.82439023,-0.043902438,0.44660193,0.82439023
2018-1-10T13-49-24,1515588564593,0.75609756,-0.034146342,0.407767,0.75609756
2018-1-10T13-49-24,1515588564594,0.84390247,-0.014634146,0.42718446,0.84390247
2018-1-10T13-49-24,1515588564595,0.87317073,-0.024390243,0.49514562,0.87317073
2018-1-10T13-49-24,1515588564596,0.91219515,0.053658538,0.5145631,0.91219515
2018-1-10T13-49-24,1515588564597,0.91219515,-0.024390243,0.44660193,0.91219515
2018-1-10T13-49-24,1515588564598,0.902439,0.004878049,0.4368932,0.902439
2018-1-10T13-49-24,1515588564599,0.902439,-0.034146342,0.46601942,0.902439
2018-1-10T13-49-24,1515588564600,0.85365856,-0.043902438,0.44660193,0.85365856
2018-1-10T13-49-24,1515588564601,0.82439023,-0.053658538,0.4563107,0.82439023
2018-1-10T13-49-24,1515588564602,0.81463414,-0.06341463,0.3883495,0.81463414
2018-1-10T13-49-24,1515588564603,0.77560973,-0.053658538,0.42718446,0.77560973
2018-1-10T13-49-24,1515588564604,0.81463414,-0.07317073,0.4854369,0.81463414
2018-1-10T13-49-24,1515588564605,0.8341463,-0.06341463,0.46601942,0.8341463
2018-1-10T13-49-24,1515588564606,0.80487806,-0.053658538,0.41747573,0.80487806
2018-1-10T13-49-24,1515588564607,0.84390247,-0.034146342,0.42718446,0.84390247
2018-1-10T13-49-24,1515588564608,0.86341465,-0.004878049,0.5048544,0.86341465
2018-1-10T13-49-24,1515588564609,0.86341465,-0.014634146,0.47572815,0.86341465
2018-1-10T13-49-24,1515588564610,0.86341465,0.024390243,0.42718446,0.86341465
2018-1-10T13-49-24,1515588564611,0.86341465,0.024390243,0.407767,0.86341465
2018-1-10T13-49-24,1515588564612,0.902439,0.034146342,0.407767,0.902439
2018-1-10T13-49-24,1515588564613,0.84390247,0.034146342,0.4563107,0.84390247
2018-1-10T13-49-24,1515588564614,0.8341463,0.004878049,0.4368932,0.8341463
2018-1-10T13-49-24,1515588564615,0.8341463,-0.024390243,0.3592233,0.8341463
2018-1-10T13-49-24,1515588564616,0.76585364,-0.034146342,0.34951457,0.76585364
2018-1-10T13-49-24,1515588564617,0.76585364,-0.06341463,0.4563107,0.76585364
2018-1-10T13-49-24,1515588564618,0.7853659,-0.10243902,0.46601942,0.7853659
2018-1-10T13-49-24,1515588564619,0.80487806,-0.06341463,0.41747573,0.80487806
2018-1-10T13-49-24,1515588564620,0.85365856,-0.034146342,0.44660193,0.85365856
2018-1-10T13-49-24,1515588564621,0.9317073,-0.014634146,0.52427185,0.9317073
2018-1-10T13-49-24,1515588564622,0.9317073,-0.004878049,0.5825243,0.9317073
2018-1-10T13-49-24,1515588564623,0.97073174,0.014634146,0.4854369,0.97073174
2018-1-10T13-49-24,1515588564624,0.9902439,0.034146342,0.52427185,0.9902439
2018-1-10T13-49-24,1515588564625,0.9804878,0.004878049,0.5145631,0.9804878
2018-1-10T13-49-24,1515588564626,0.91219515,0.004878049,0.44660193,0.91219515
2018-1-10T13-49-24,1515588564627,0.84390247,-0.024390243,0.37864077,0.84390247
2018-1-10T13-49-24,1515588564628,0.7853659,-0.043902438,0.407767,0.7853659
2018-1-10T13-49-24,1515588564629,0.74634147,-0.08292683,0.44660193,0.74634147
2018-1-10T13-49-24,1515588564630,0.7365854,-0.08292683,0.36893204,0.7365854
2018-1-10T13-49-24,1515588564631,0.71707314,-0.07317073,0.32038835,0.71707314
2018-1-10T13-49-24,1515588564632,0.76585364,-0.06341463,0.42718446,0.76585364
2018-1-10T13-49-24,1515588564633,0.79512197,-0.13170731,0.5145631,0.79512197
2018-1-10T13-49-24,1515588564634,0.84390247,-0.06341463,0.47572815,0.84390247
2018-1-10T13-49-24,1515588564635,0.8829268,-0.043902438,0.42718446,0.8829268
2018-1-10T13-49-24,1515588564636,0.9317073,-0.004878049,0.4368932,0.9317073
2018-1-10T13-49-24,1515588564637,0.8926829,-0.004878049,0.5145631,0.8926829
2018-1-10T13-49-24,1515588564638,0.87317073,0.024390243,0.44660193,0.87317073
2018-1-10T13-49-24,1515588564639,0.84390247,0.004878049,0.407767,0.84390247
2018-1-10T13-49-24,1515588564640,0.85365856,0.014634146,0.39805827,0.85365856
2018-1-10T13-49-24,1515588564641,0.8341463,0.024390243,0.39805827,0.8341463
2018-1-10T13-49-24,1515588564642,0.8926829,0.043902438,0.44660193,0.8926829
2018-1-10T13-49-24,1515588564643,0.86341465,0.024390243,0.4368932,0.86341465
2018-1-10T13-49-24,1515588564644,0.86341465,0.004878049,0.42718446,0.86341465
2018-1-10T13-49-24,1515588564645,0.85365856,-0.004878049,0.4563107,0.85365856
2018-1-10T13-49-24,1515588564646,0.87317073,-0.024390243,0.49514562,0.87317073
2018-1-10T13-49-24,1515588564647,0.87317073,-0.043902438,0.4563107,0.87317073
2018-1-10T13-49-24,1515588564648,0.84390247,0.004878049,0.4368932,0.84390247
2018-1-10T13-49-24,1515588564649,0.82439023,-0.024390243,0.49514562,0.82439023
2018-1-10T13-49-24,1515588564650,0.87317073,-0.06341463,0.5339806,0.87317073
2018-1-10T13-49-24,1515588564651,0.8829268,-0.06341463,0.4563107,0.8829268
2018-1-10T13-49-24,1515588564652,0.85365856,-0.043902438,0.3592233,0.85365856
2018-1-10T13-49-24,1515588564653,0.84390247,-0.024390243,0.407767,0.84390247
2018-1-10T13-49-24,1515588564654,0.82439023,-0.043902438,0.5048544,0.82439023
2018-1-10T13-49-24,1515588564655,0.7853659,-0.034146342,0.5145631,0.7853659
2018-1-10T13-49-24,1515588564656,0.79512197,-0.034146342,0.36893204,0.79512197
2018-1-10T13-49-24,1515588564657,0.81463414,0.004878049,0.3592233,0.81463414
2018-1-10T13-49-24,1515588564658,0.84390247,0.024390243,0.4563107,0.84390247
2018-1-10T13-49-24,1515588564659,0.84390247,-0.043902438,0.52427185,0.84390247
2018-1-10T13-49-24,1515588564660,0.82439023,-0.043902438,0.42718446,0.82439023
2018-1-10T13-49-24,1515588564661,0.8341463,-0.004878049,0.36893204,0.8341463
2018-1-10T13-49-24,1515588564662,0.87317073,-0.014634146,0.4563107,0.87317073
2018-1-10T13-49-24,1515588564663,0.87317073,-0.043902438,0.52427185,0.87317073
2018-1-10T13-49-24,1515588564664,0.86341465,-0.06341463,0.49514562,0.86341465
2018-1-10T13-49-24,1515588564665,0.8926829,-0.014634146,0.4368932,0.8926829
2018-1-10T13-49-24,1515588564666,0.8926829,-0.034146342,0.44660193,0.8926829
2018-1-10T13-49-24,1515588564667,0.902439,-0.11219512,0.5145631,0.902439
2018-1-10T13-49-24,1515588564668,0.9317073,-0.043902438,0.49514562,0.9317073
2018-1-10T13-49-24,1515588564669,0.86341465,-0.024390243,0.44660193,0.86341465
2018-1-10T13-49-24,1515588564670,0.85365856,0.014634146,0.4368932,0.85365856
2018-1-10T13-49-24,1515588564671,0.84390247,-0.004878049,0.44660193,0.84390247
2018-1-10T13-49-24,1515588564672,0.79512197,-0.014634146,0.4368932,0.79512197
2018-1-10T13-49-24,1515588564673,0.76585364,-0.004878049,0.3592233,0.76585364
2018-1-10T13-49-24,1515588564674,0.74634147,0.07317073,0.41747573,0.74634147
2018-1-10T13-49-24,1515588564675,0.79512197,0.08292683,0.46601942,0.79512197
2018-1-10T13-49-24,1515588564676,0.8341463,-0.014634146,0.407767,0.8341463
2018-1-10T13-49-24,1515588564677,0.82439023,0.004878049,0.3883495,0.82439023
2018-1-10T13-49-24,1515588564678,0.86341465,0.014634146,0.41747573,0.86341465
2018-1-10T13-49-24,1515588564679,0.87317073,-0.004878049,0.49514562,0.87317073
2018-1-10T13-49-24,1515588564680,0.85365856,-0.053658538,0.4368932,0.85365856
2018-1-10T13-49-24,1515588564681,0.84390247,-0.024390243,0.41747573,0.84390247
2018-1-10T13-49-24,1515588564682,0.86341465,-0.034146342,0.49514562,0.86341465
2018-1-10T13-49-24,1515588564683,0.85365856,-0.06341463,0.4854369,0.85365856
2018-1-10T13-49-24,1515588564684,0.85365856,-0.06341463,0.4368932,0.85365856
2018-1-10T13-49-24,1515588564685,0.82439023,-0.06341463,0.39805827,0.82439023
2018-1-10T13-49-24,1515588564686,0.8341463,-0.07317073,0.4854369,0.8341463
2018-1-10T13-49-24,1515588564687,0.85365856,-0.043902438,0.5339806,0.85365856
2018-1-10T13-49-24,1515588564688,0.87317073,-0.034146342,0.4563107,0.87317073
2018-1-10T13-49-24,1515588564689,0.86341465,-0.014634146,0.41747573,0.86341465
2018-1-10T13-49-24,1515588564690,0.87317073,-0.004878049,0.4563107,0.87317073
2018-1-10T13-49-24,1515588564691,0.84390247,-0.034146342,0.5048544,0.84390247
2018-1-10T13-49-24,1515588564692,0.86341465,-0.024390243,0.47572815,0.86341465
2018-1-10T13-49-24,1515588564693,0.85365856,-0.043902438,0.41747573,0.85365856
2018-1-10T13-49-24,1515588564694,0.8341463,-0.014634146,0.42718446,0.8341463
2018-1-10T13-49-24,1515588564695,0.81463414,-0.014634146,0.407767,0.81463414
2018-1-10T13-49-24,1515588564696,0.81463414,0.034146342,0.4854369,0.81463414
2018-1-10T13-49-24,1515588564697,0.8341463,-0.014634146,0.47572815,0.8341463
2018-1-10T13-49-24,1515588564698,0.85365856,-0.034146342,0.407767,0.85365856
2018-1-10T13-49-24,1515588564699,0.87317073,0.014634146,0.3883495,0.87317073
2018-1-10T13-49-24,1515588564700,0.8829268,0.043902438,0.44660193,0.8829268
2018-1-10T13-49-24,1515588564701,0.86341465,0.034146342,0.46601942,0.86341465
2018-1-10T13-49-24,1515588564702,0.82439023,0.004878049,0.47572815,0.82439023
2018-1-10T13-49-24,1515588564703,0.8341463,-0.004878049,0.42718446,0.8341463
2018-1-10T13-49-24,1515588564704,0.84390247,-0.034146342,0.37864077,0.84390247
2018-1-10T13-49-24,1515588564705,0.79512197,-0.043902438,0.37864077,0.79512197
2018-1-10T13-49-24,1515588564706,0.77560973,-0.034146342,0.44660193,0.77560973
2018-1-10T13-49-24,1515588564707,0.7853659,-0.024390243,0.47572815,0.7853659
2018-1-10T13-49-24,1515588564708,0.82439023,-0.024390243,0.4368932,0.82439023
2018-1-10T13-49-24,1515588564709,0.87317073,-0.014634146,0.41747573,0.87317073
2018-1-10T13-49-24,1515588564710,0.91219515,-0.014634146,0.5145631,0.91219515
2018-1-10T13-49-24,1515588564711,0.9317073,-0.11219512,0.5436893,0.9317073
2018-1-10T13-49-24,1515588564712,0.9414634,-0.043902438,0.47572815,0.9414634
2018-1-10T13-49-24,1515588564713,0.902439,-0.09268293,0.4563107,0.902439
2018-1-10T13-49-24,1515588564714,0.87317073,-0.06341463,0.47572815,0.87317073
2018-1-10T13-49-24,1515588564715,0.84390247,-0.12195122,0.5048544,0.84390247
2018-1-10T13-49-24,1515588564716,0.82439023,-0.11219512,0.46601942,0.82439023
2018-1-10T13-49-24,1515588564717,0.82439023,-0.08292683,0.407767,0.82439023
2018-1-10T13-49-24,1515588564718,0.77560973,-0.07317073,0.36893204,0.77560973
2018-1-10T13-49-24,1515588564719,0.76585364,-0.043902438,0.3592233,0.76585364
2018-1-10T13-49-24,1515588564720,0.77560973,-0.014634146,0.42718446,0.77560973
2018-1-10T13-49-24,1515588564721,0.80487806,-0.014634146,0.4368932,0.80487806
2018-1-10T13-49-24,1515588564722,0.84390247,0.07317073,0.41747573,0.84390247
2018-1-10T13-49-24,1515588564723,0.79512197,0.024390243,0.407767,0.79512197
2018-1-10T13-49-24,1515588564724,0.84390247,0.024390243,0.47572815,0.84390247
2018-1-10T13-49-24,1515588564725,0.8829268,0.004878049,0.49514562,0.8829268
2018-1-10T13-49-24,1515588564726,0.8926829,0.004878049,0.49514562,0.8926829
2018-1-10T13-49-24,1515588564727,0.902439,0.014634146,0.44660193,0.902439
2018-1-10T13-49-24,1515588564728,0.8829268,0.024390243,0.41747573,0.8829268
2018-1-10T13-49-24,1515588564729,0.85365856,0.004878049,0.44660193,0.85365856
2018-1-10T13-49-24,1515588564730,0.84390247,-0.004878049,0.46601942,0.84390247
2018-1-10T13-49-24,1515588564731,0.82439023,-0.014634146,0.4563107,0.82439023
2018-1-10T13-49-24,1515588564732,0.85365856,-0.004878049,0.41747573,0.85365856
2018-1-10T13-49-24,1515588564733,0.86341465,-0.004878049,0.407767,0.86341465
2018-1-10T13-49-24,1515588564734,0.82439023,-0.004878049,0.44660193,0.82439023
2018-1-10T13-49-24,1515588564735,0.82439023,0.034146342,0.44660193,0.82439023
2018-1-10T13-49-24,1515588564736,0.80487806,-0.024390243,0.4563107,0.80487806
2018-1-10T13-49-24,1515588564737,0.85365856,-0.024390243,0.4563107,0.85365856
2018-1-10T13-49-24,1515588564738,0.8926829,-0.043902438,0.44660193,0.8926829
2018-1-10T13-49-24,1515588564739,0.84390247,-0.07317073,0.42718446,0.84390247
2018-1-10T13-49-24,1515588564740,0.84390247,-0.06341463,0.42718446,0.84390247
2018-1-10T13-49-24,1515588564741,0.85365856,-0.06341463,0.46601942,0.85365856
2018-1-10T13-49-24,1515588564742,0.8341463,-0.08292683,0.407767,0.8341463
2018-1-10T13-49-24,1515588564743,0.80487806,-0.053658538,0.36893204,0.80487806
2018-1-10T13-49-24,1515588564744,0.79512197,-0.053658538,0.3883495,0.79512197
2018-1-10T13-49-24,1515588564745,0.86341465,0.043902438,0.4854369,0.86341465
2018-1-10T13-49-24,1515588564746,0.85365856,-0.024390243,0.4854369,0.85365856
2018-1-10T13-49-24,1515588564747,0.92195123,-0.004878049,0.41747573,0.92195123
2018-1-10T13-49-24,1515588564748,0.82439023,0.014634146,0.42718446,0.82439023
2018-1-10T13-49-24,1515588564749,0.902439,0.014634146,0.5145631,0.902439
2018-1-10T13-49-24,1515588564750,0.8829268,0.004878049,0.47572815,0.8829268
2018-1-10T13-49-24,1515588564751,0.8341463,0.024390243,0.407767,0.8341463
2018-1-10T13-49-24,1515588564752,0.81463414,-0.014634146,0.407767,0.81463414
2018-1-10T13-49-24,1515588564753,0.79512197,-0.053658538,0.4563107,0.79512197
2018-1-10T13-49-24,1515588564754,0.81463414,-0.043902438,0.47572815,0.81463414
2018-1-10T13-49-24,1515588564755,0.85365856,-0.043902438,0.41747573,0.85365856
2018-1-10T13-49-24,1515588564756,0.82439023,-0.034146342,0.42718446,0.82439023
2018-1-10T13-49-24,1515588564757,0.80487806,-0.043902438,0.47572815,0.80487806
2018-1-10T13-49-24,1515588564758,0.87317073,-0.014634146,0.47572815,0.87317073
2018-1-10T13-49-24,1515588564759,0.86341465,-0.004878049,0.46601942,0.86341465
2018-1-10T13-49-24,1515588564760,0.91219515,-0.034146342,0.42718446,0.91219515
2018-1-10T13-49-24,1515588564761,0.8341463,0.004878049,0.42718446,0.8341463
2018-1-10T13-49-24,1515588564762,0.85365856,-0.004878049,0.4563107,0.85365856
2018-1-10T13-49-24,1515588564763,0.84390247,-0.024390243,0.46601942,0.84390247
2018-1-10T13-49-24,1515588564764,0.77560973,-0.034146342,0.407767,0.77560973
2018-1-10T13-49-24,1515588564765,0.8341463,-0.06341463,0.36893204,0.8341463
2018-1-10T13-49-24,1515588564766,0.79512197,-0.11219512,0.41747573,0.79512197
2018-1-10T13-49-24,1515588564767,0.8341463,-0.06341463,0.46601942,0.8341463
2018-1-10T13-49-24,1515588564768,0.82439023,-0.06341463,0.46601942,0.82439023
2018-1-10T13-49-24,1515588564769,0.84390247,-0.053658538,0.39805827,0.84390247
2018-1-10T13-49-24,1515588564770,0.84390247,-0.043902438,0.41747573,0.84390247
2018-1-10T13-49-24,1515588564771,0.86341465,-0.024390243,0.46601942,0.86341465
2018-1-10T13-49-24,1515588564772,0.87317073,-0.014634146,0.5145631,0.87317073
2018-1-10T13-49-24,1515588564773,0.91219515,-0.014634146,0.5145631,0.91219515
2018-1-10T13-49-24,1515588564774,0.8926829,-0.014634146,0.47572815,0.8926829
2018-1-10T13-49-24,1515588564775,0.902439,0.014634146,0.36893204,0.902439
2018-1-10T13-49-24,1515588564776,0.85365856,0.014634146,0.4368932,0.85365856
2018-1-10T13-49-24,1515588564777,0.84390247,-0.004878049,0.4854369,0.84390247
2018-1-10T13-49-24,1515588564778,0.81463414,-0.014634146,0.42718446,0.81463414
2018-1-10T13-49-24,1515588564779,0.80487806,-0.014634146,0.37864077,0.80487806
2018-1-10T13-49-24,1515588564780,0.79512197,-0.024390243,0.36893204,0.79512197
2018-1-10T13-49-24,1515588564781,0.77560973,-0.014634146,0.30097088,0.77560973
2018-1-10T13-49-24,1515588564782,0.76585364,-0.07317073,0.44660193,0.76585364
2018-1-10T13-49-24,1515588564783,0.64878047,-0.053658538,0.39805827,0.64878047
2018-1-10T13-49-24,1515588564784,0.84390247,0.004878049,0.4368932,0.84390247
2018-1-10T13-49-24,1515588564785,0.86341465,0.034146342,0.44660193,0.86341465
2018-1-10T13-49-24,1515588564786,0.91219515,0.024390243,0.47572815,0.91219515
2018-1-10T13-49-24,1515588564787,0.9317073,0.034146342,0.5436893,0.9317073
2018-1-10T13-49-24,1515588564788,1.0097561,-0.024390243,0.5825243,1.0097561
2018-1-10T13-49-24,1515588564789,0.9804878,0.024390243,0.47572815,0.9804878
2018-1-10T13-49-24,1515588564790,0.97073174,0.014634146,0.39805827,0.97073174
2018-1-10T13-49-24,1515588564791,0.86341465,0.004878049,0.4368932,0.86341465
2018-1-10T13-49-24,1515588564792,0.81463414,-0.053658538,0.46601942,0.81463414
2018-1-10T13-49-24,1515588564793,0.75609756,-0.053658538,0.42718446,0.75609756
2018-1-10T13-49-24,1515588564794,0.74634147,-0.043902438,0.3398058,0.74634147
2018-1-10T13-49-24,1515588564795,0.7853659,-0.10243902,0.3883495,0.7853659
2018-1-10T13-49-24,1515588564796,0.80487806,-0.06341463,0.44660193,0.80487806
2018-1-10T13-49-24,1515588564797,0.81463414,-0.043902438,0.46601942,0.81463414
2018-1-10T13-49-24,1515588564798,0.84390247,-0.053658538,0.47572815,0.84390247
2018-1-10T13-49-24,1515588564799,0.8926829,-0.043902438,0.407767,0.8926829
2018-1-10T13-49-24,1515588564800,0.8926829,-0.004878049,0.49514562,0.8926829
2018-1-10T13-49-24,1515588564801,0.8829268,-0.014634146,0.42718446,0.8829268
2018-1-10T13-49-24,1515588564802,0.85365856,-0.014634146,0.4563107,0.85365856
2018-1-10T13-49-24,1515588564803,0.84390247,-0.004878049,0.4368932,0.84390247
2018-1-10T13-49-24,1515588564804,0.8341463,0.043902438,0.407767,0.8341463
2018-1-10T13-49-24,1515588564805,0.79512197,-0.043902438,0.33009708,0.79512197
2018-1-10T13-49-24,1515588564806,0.76585364,-0.034146342,0.39805827,0.76585364
2018-1-10T13-49-24,1515588564807,0.80487806,-0.014634146,0.39805827,0.80487806
2018-1-10T13-49-24,1515588564808,0.82439023,-0.004878049,0.42718446,0.82439023
2018-1-10T13-49-24,1515588564809,0.8341463,0.014634146,0.4563107,0.8341463
2018-1-10T13-49-24,1515588564810,0.86341465,-0.004878049,0.46601942,0.86341465
2018-1-10T13-49-24,1515588564811,0.87317073,-0.004878049,0.47572815,0.87317073
2018-1-10T13-49-24,1515588564812,0.92195123,-0.004878049,0.46601942,0.92195123
2018-1-10T13-49-24,1515588564813,0.902439,-0.004878049,0.46601942,0.902439
2018-1-10T13-49-24,1515588564814,0.85365856,-0.043902438,0.46601942,0.85365856
2018-1-10T13-49-24,1515588564815,0.84390247,-0.043902438,0.4854369,0.84390247
2018-1-10T13-49-24,1515588564816,0.84390247,-0.004878049,0.5145631,0.84390247
2018-1-10T13-49-24,1515588564817,0.902439,-0.004878049,0.44660193,0.902439
2018-1-10T13-49-24,1515588564818,0.9414634,-0.004878049,0.39805827,0.9414634
2018-1-10T13-49-24,1515588564819,0.84390247,0.004878049,0.407767,0.84390247
2018-1-10T13-49-24,1515588564820,0.8341463,0.024390243,0.44660193,0.8341463
2018-1-10T13-49-24,1515588564821,0.84390247,0.024390243,0.5048544,0.84390247
2018-1-10T13-49-24,1515588564822,0.82439023,-0.024390243,0.46601942,0.82439023
2018-1-10T13-49-24,1515588564823,0.82439023,-0.043902438,0.3883495,0.82439023
2018-1-10T13-49-24,1515588564824,0.80487806,-0.06341463,0.37864077,0.80487806
2018-1-10T13-49-24,1515588564825,0.80487806,-0.043902438,0.5048544,0.80487806
2018-1-10T13-49-24,1515588564826,0.7853659,-0.06341463,0.46601942,0.7853659
2018-1-10T13-49-24,1515588564827,0.7853659,-0.08292683,0.37864077,0.7853659
2018-1-10T13-49-24,1515588564828,0.79512197,-0.053658538,0.3592233,0.79512197
2018-1-10T13-49-24,1515588564829,0.82439023,-0.043902438,0.42718446,0.82439023
2018-1-10T13-49-24,1515588564830,0.84390247,-0.07317073,0.5048544,0.84390247
2018-1-10T13-49-24,1515588564831,0.84390247,-0.07317073,0.4563107,0.84390247
2018-1-10T13-49-24,1515588564832,0.87317073,-0.004878049,0.42718446,0.87317073
2018-1-10T13-49-24,1515588564833,0.902439,-0.024390243,0.47572815,0.902439
2018-1-10T13-49-24,1515588564834,0.92195123,0.014634146,0.49514562,0.92195123
2018-1-10T13-49-24,1515588564835,0.902439,0.034146342,0.4854369,0.902439
2018-1-10T13-49-24,1515588564836,0.8829268,0.014634146,0.47572815,0.8829268
2018-1-10T13-49-24,1515588564837,0.87317073,-0.024390243,0.46601942,0.87317073
2018-1-10T13-49-24,1515588564838,0.8341463,-0.034146342,0.44660193,0.8341463
2018-1-10T13-49-24,1515588564839,0.8341463,-0.053658538,0.44660193,0.8341463
2018-1-10T13-49-24,1515588564840,0.81463414,-0.053658538,0.407767,0.81463414
2018-1-10T13-49-24,1515588564841,0.79512197,-0.034146342,0.6213592,0.79512197
2018-1-10T13-49-24,1515588564842,0.7365854,-0.014634146,0.37864077,0.7365854
2018-1-10T13-49-24,1515588564843,0.79512197,-0.024390243,0.3883495,0.79512197
2018-1-10T13-49-24,1515588564844,0.79512197,-0.024390243,0.41747573,0.79512197
2018-1-10T13-49-24,1515588564845,0.77560973,-0.014634146,0.41747573,0.77560973
2018-1-10T13-49-24,1515588564846,0.82439023,-0.024390243,0.4563107,0.82439023
2018-1-10T13-49-24,1515588564847,0.87317073,0.004878049,0.4563107,0.87317073
2018-1-10T13-49-24,1515588564848,0.84390247,-0.034146342,0.42718446,0.84390247
2018-1-10T13-49-24,1515588564849,0.87317073,0.014634146,0.4368932,0.87317073
2018-1-10T13-49-24,1515588564850,0.87317073,0.014634146,0.49514562,0.87317073
2018-1-10T13-49-24,1515588564851,0.8829268,-0.004878049,0.46601942,0.8829268
2018-1-10T13-49-24,1515588564852,0.8829268,-0.024390243,0.36893204,0.8829268
2018-1-10T13-49-24,1515588564853,0.82439023,0.014634146,0.41747573,0.82439023
2018-1-10T13-49-24,1515588564854,0.87317073,-0.014634146,0.5533981,0.87317073
2018-1-10T13-49-24,1515588564855,0.86341465,-0.053658538,0.5339806,0.86341465
2018-1-10T13-49-24,1515588564856,0.86341465,-0.043902438,0.42718446,0.86341465
2018-1-10T13-49-24,1515588564857,0.902439,-0.014634146,0.407767,0.902439
2018-1-10T13-49-24,1515588564858,0.8829268,-0.034146342,0.4854369,0.8829268
2018-1-10T13-49-24,1515588564859,0.85365856,-0.053658538,0.49514562,0.85365856
2018-1-10T13-49-24,1515588564860,0.85365856,-0.004878049,0.4563107,0.85365856
2018-1-10T13-49-24,1515588564861,0.84390247,0.004878049,0.44660193,0.84390247
2018-1-10T13-49-24,1515588564862,0.85365856,-0.024390243,0.4368932,0.85365856
2018-1-10T13-49-24,1515588564863,0.8926829,-0.024390243,0.41747573,0.8926829
2018-1-10T13-49-24,1515588564864,0.80487806,-0.024390243,0.407767,0.80487806
2018-1-10T13-49-24,1515588564865,0.79512197,-0.053658538,0.44660193,0.79512197
2018-1-10T13-49-24,1515588564866,0.7853659,-0.07317073,0.407767,0.7853659
2018-1-10T13-49-24,1515588564867,0.74634147,-0.09268293,0.3592233,0.74634147
2018-1-10T13-49-24,1515588564868,0.76585364,-0.09268293,0.37864077,0.76585364
2018-1-10T13-49-24,1515588564869,0.79512197,-0.06341463,0.47572815,0.79512197
2018-1-10T13-49-24,1515588564870,0.84390247,-0.043902438,0.4854369,0.84390247
2018-1-10T13-49-24,1515588564871,0.87317073,-0.014634146,0.44660193,0.87317073
2018-1-10T13-49-24,1515588564872,0.9414634,0.014634146,0.4854369,0.9414634
2018-1-10T13-49-24,1515588564873,1.0195122,0.043902438,0.5339806,1.0195122
2018-1-10T13-49-24,1515588564874,0.9609756,0.043902438,0.46601942,0.9609756
2018-1-10T13-49-24,1515588564875,0.8926829,0.024390243,0.42718446,0.8926829
2018-1-10T13-49-24,1515588564876,0.86341465,0.024390243,0.44660193,0.86341465
2018-1-10T13-49-24,1515588564877,0.8341463,-0.024390243,0.47572815,0.8341463
2018-1-10T13-49-24,1515588564878,0.8829268,-0.034146342,0.46601942,0.8829268
2018-1-10T13-49-24,1515588564879,0.81463414,-0.034146342,0.3883495,0.81463414
2018-1-10T13-49-24,1515588564880,0.77560973,-0.034146342,0.3592233,0.77560973
2018-1-10T13-49-24,1515588564881,0.7853659,-0.053658538,0.407767,0.7853659
2018-1-10T13-49-24,1515588564882,0.76585364,-0.053658538,0.47572815,0.76585364
2018-1-10T13-49-24,1515588564883,0.7853659,-0.06341463,0.47572815,0.7853659
2018-1-10T13-49-24,1515588564884,0.82439023,-0.06341463,0.42718446,0.82439023
2018-1-10T13-49-24,1515588564885,0.85365856,-0.024390243,0.4368932,0.85365856
2018-1-10T13-49-24,1515588564886,0.8829268,-0.014634146,0.4854369,0.8829268
2018-1-10T13-49-24,1515588564887,0.8829268,-0.004878049,0.3883495,0.8829268
2018-1-10T13-49-24,1515588564888,0.86341465,0.004878049,0.3883495,0.86341465
2018-1-10T13-49-24,1515588564889,0.85365856,-0.004878049,0.41747573,0.85365856
2018-1-10T13-49-24,1515588564890,0.84390247,-0.004878049,0.4563107,0.84390247
2018-1-10T13-49-24,1515588564891,0.81463414,-0.014634146,0.4854369,0.81463414
2018-1-10T13-49-24,1515588564892,0.86341465,-0.014634146,0.44660193,0.86341465
2018-1-10T13-49-24,1515588564893,0.8829268,-0.014634146,0.47572815,0.8829268
2018-1-10T13-49-24,1515588564894,0.902439,-0.034146342,0.4563107,0.902439
2018-1-10T13-49-24,1515588564895,0.902439,-0.034146342,0.41747573,0.902439
2018-1-10T13-49-24,1515588564896,0.87317073,-0.034146342,0.47572815,0.87317073
2018-1-10T13-49-24,1515588564897,0.8829268,-0.043902438,0.49514562,0.8829268
2018-1-10T13-49-24,1515588564898,0.8341463,-0.043902438,0.44660193,0.8341463
2018-1-10T13-49-24,1515588564899,0.79512197,-0.07317073,0.39805827,0.79512197
2018-1-10T13-49-24,1515588564900,0.79512197,-0.043902438,0.407767,0.79512197
2018-1-10T13-49-24,1515588564901,0.79512197,-0.053658538,0.4368932,0.79512197
2018-1-10T13-49-24,1515588564902,0.84390247,-0.043902438,0.4368932,0.84390247
2018-1-10T13-49-24,1515588564903,0.81463414,-0.004878049,0.407767,0.81463414
2018-1-10T13-49-24,1515588564904,0.82439023,0.024390243,0.37864077,0.82439023
2018-1-10T13-49-24,1515588564905,0.82439023,0.024390243,0.407767,0.82439023
2018-1-10T13-49-24,1515588564906,0.82439023,0.024390243,0.4854369,0.82439023
2018-1-10T13-49-24,1515588564907,0.85365856,0.053658538,0.46601942,0.85365856
2018-1-10T13-49-24,1515588564908,0.87317073,0.014634146,0.4563107,0.87317073
2018-1-10T13-49-24,1515588564909,0.902439,0.07317073,0.46601942,0.902439
2018-1-10T13-49-24,1515588564910,0.902439,0.014634146,0.5048544,0.902439
2018-1-10T13-49-24,1515588564911,0.91219515,-0.004878049,0.49514562,0.91219515
2018-1-10T13-49-24,1515588564912,0.8926829,-0.004878049,0.47572815,0.8926829
2018-1-10T13-49-24,1515588564913,0.86341465,-0.004878049,0.42718446,0.86341465
2018-1-10T13-49-24,1515588564914,0.84390247,0.014634146,0.3883495,0.84390247
2018-1-10T13-49-24,1515588564915,0.80487806,-0.014634146,0.407767,0.80487806
2018-1-10T13-49-24,1515588564916,0.80487806,0.014634146,0.4854369,0.80487806
2018-1-10T13-49-24,1515588564917,0.82439023,-0.034146342,0.4854369,0.82439023
2018-1-10T13-49-24,1515588564918,0.81463414,-0.14146341,0.37864077,0.81463414
2018-1-10T13-49-24,1515588564919,0.79512197,-0.034146342,0.36893204,0.79512197
2018-1-10T13-49-24,1515588564920,0.8341463,-0.053658538,0.42718446,0.8341463
2018-1-10T13-49-24,1515588564921,0.79512197,-0.08292683,0.46601942,0.79512197
2018-1-10T13-49-24,1515588564922,0.7853659,-0.043902438,0.44660193,0.7853659
2018-1-10T13-49-24,1515588564923,0.9804878,-0.034146342,0.4563107,0.9804878
2018-1-10T13-49-24,1515588564924,0.8829268,-0.024390243,0.47572815,0.8829268
2018-1-10T13-49-24,1515588564925,0.91219515,-0.043902438,0.4368932,0.91219515
2018-1-10T13-49-24,1515588564926,0.8829268,0.004878049,0.4563107,0.8829268
2018-1-10T13-49-24,1515588564927,0.8926829,-0.034146342,0.4563107,0.8926829
2018-1-10T13-49-24,1515588564928,0.86341465,0.004878049,0.407767,0.86341465
2018-1-10T13-49-24,1515588564929,0.84390247,-0.004878049,0.47572815,0.84390247
2018-1-10T13-49-24,1515588564930,0.8341463,-0.043902438,0.407767,0.8341463
2018-1-10T13-49-24,1515588564931,0.77560973,-0.034146342,0.3883495,0.77560973
2018-1-10T13-49-24,1515588564932,0.76585364,-0.043902438,0.46601942,0.76585364
2018-1-10T13-49-24,1515588564933,0.85365856,-0.034146342,0.4854369,0.85365856
2018-1-10T13-49-24,1515588564934,0.85365856,-0.034146342,0.46601942,0.85365856
2018-1-10T13-49-24,1515588564935,0.8829268,-0.024390243,0.4563107,0.8829268
2018-1-10T13-49-24,1515588564936,0.87317073,-0.034146342,0.46601942,0.87317073
2018-1-10T13-49-24,1515588564937,0.87317073,0.014634146,0.4368932,0.87317073
2018-1-10T13-49-24,1515588564938,0.86341465,0.034146342,0.5048544,0.86341465
2018-1-10T13-49-24,1515588564939,0.902439,0.004878049,0.5145631,0.902439
2018-1-10T13-49-24,1515588564940,0.8926829,-0.004878049,0.39805827,0.8926829
2018-1-10T13-49-24,1515588564941,0.85365856,0.034146342,0.3883495,0.85365856
2018-1-10T13-49-24,1515588564942,0.8829268,0.024390243,0.46601942,0.8829268
2018-1-10T13-49-24,1515588564943,0.85365856,-0.004878049,0.46601942,0.85365856
2018-1-10T13-49-24,1515588564944,0.81463414,-0.014634146,0.4368932,0.81463414
2018-1-10T13-49-24,1515588564945,0.82439023,-0.004878049,0.4368932,0.82439023
2018-1-10T13-49-24,1515588564946,0.84390247,-0.034146342,0.4854369,0.84390247
2018-1-10T13-49-24,1515588564947,0.8341463,-0.06341463,0.46601942,0.8341463
2018-1-10T13-49-24,1515588564948,0.81463414,-0.12195122,0.37864077,0.81463414
2018-1-10T13-49-24,1515588564949,0.7853659,-0.08292683,0.407767,0.7853659
2018-1-10T13-49-24,1515588564950,0.7365854,-0.07317073,0.4368932,0.7365854
2018-1-10T13-49-24,1515588564951,0.81463414,-0.014634146,0.47572815,0.81463414
2018-1-10T13-49-24,1515588564952,0.8341463,-0.053658538,0.4563107,0.8341463
2018-1-10T13-49-24,1515588564953,0.8829268,-0.043902438,0.42718446,0.8829268
2018-1-10T13-49-24,1515588564954,0.8829268,-0.034146342,0.46601942,0.8829268
2018-1-10T13-49-24,1515588564955,0.8829268,-0.043902438,0.4368932,0.8829268
2018-1-10T13-49-24,1515588564956,0.87317073,-0.004878049,0.42718446,0.87317073
2018-1-10T13-49-24,1515588564957,0.86341465,-0.08292683,0.46601942,0.86341465
2018-1-10T13-49-24,1515588564958,0.84390247,0.20975609,0.46601942,0.84390247
2018-1-10T13-49-24,1515588564959,0.82439023,-0.024390243,0.41747573,0.82439023
2018-1-10T13-49-24,1515588564960,0.81463414,-0.024390243,0.42718446,0.81463414
2018-1-10T13-49-24,1515588564961,0.82439023,-0.043902438,0.44660193,0.82439023
2018-1-10T13-49-24,1515588564962,0.81463414,0.024390243,0.44660193,0.81463414
2018-1-10T13-49-24,1515588564963,0.91219515,-0.014634146,0.41747573,0.91219515
2018-1-10T13-49-24,1515588564964,0.82439023,0.053658538,0.3883495,0.82439023
2018-1-10T13-49-24,1515588564965,0.7853659,-0.004878049,0.36893204,0.7853659
2018-1-10T13-49-24,1515588564966,0.80487806,-0.014634146,0.44660193,0.80487806
2018-1-10T13-49-24,1515588564967,0.84390247,-0.004878049,0.47572815,0.84390247
2018-1-10T13-49-24,1515588564968,0.86341465,-0.014634146,0.4368932,0.86341465
2018-1-10T13-49-24,1515588564969,0.92195123,0.034146342,0.4368932,0.92195123
2018-1-10T13-49-24,1515588564970,0.8926829,0.014634146,0.46601942,0.8926829
2018-1-10T13-49-24,1515588564971,0.86341465,0.014634146,0.4854369,0.86341465
2018-1-10T13-49-24,1515588564972,0.86341465,-0.004878049,0.4368932,0.86341465
2018-1-10T13-49-24,1515588564973,0.82439023,-0.004878049,0.4368932,0.82439023
2018-1-10T13-49-24,1515588564974,0.85365856,0.014634146,0.42718446,0.85365856
2018-1-10T13-49-24,1515588564975,0.85365856,-0.034146342,0.5145631,0.85365856
2018-1-10T13-49-24,1515588564976,0.84390247,0.014634146,0.39805827,0.84390247
2018-1-10T13-49-24,1515588564977,0.86341465,-0.043902438,0.407767,0.86341465
2018-1-10T13-49-24,1515588564978,0.87317073,-0.043902438,0.46601942,0.87317073
2018-1-10T13-49-24,1515588564979,0.8829268,-0.024390243,0.46601942,0.8829268
2018-1-10T13-49-24,1515588564980,0.84390247,-0.043902438,0.4563107,0.84390247
2018-1-10T13-49-24,1515588564981,0.8341463,-0.12195122,0.46601942,0.8341463
2018-1-10T13-49-24,1515588564982,0.8341463,-0.043902438,0.4563107,0.8341463
2018-1-10T13-49-24,1515588564983,0.85365856,-0.06341463,0.4563107,0.85365856
2018-1-10T13-49-24,1515588564984,0.84390247,-0.053658538,0.4563107,0.84390247
2018-1-10T13-49-24,1515588564985,0.84390247,-0.06341463,0.39805827,0.84390247
2018-1-10T13-49-24,1515588564986,0.82439023,-0.06341463,0.37864077,0.82439023
2018-1-10T13-49-24,1515588564987,0.76585364,-0.053658538,0.39805827,0.76585364
2018-1-10T13-49-24,1515588564988,0.76585364,-0.07317073,0.4563107,0.76585364
2018-1-10T13-49-24,1515588564989,0.7853659,-0.09268293,0.44660193,0.7853659
2018-1-10T13-49-24,1515588564990,0.8341463,-0.024390243,0.41747573,0.8341463
2018-1-10T13-49-24,1515588564991,0.87317073,0.014634146,0.39805827,0.87317073
2018-1-10T13-49-24,1515588564992,0.8829268,0.034146342,0.4854369,0.8829268
2018-1-10T13-49-24,1515588564993,0.9414634,0.034146342,0.5436893,0.9414634
2018-1-10T13-49-24,1515588564994,0.9317073,0.004878049,0.4563107,0.9317073
2018-1-10T13-49-24,1515588564995,0.9609756,0.053658538,0.3883495,0.9609756
2018-1-10T13-49-24,1515588564996,0.8926829,0.053658538,0.4563107,0.8926829
2018-1-10T13-49-24,1515588564997,0.91219515,-0.004878049,0.5825243,0.91219515
2018-1-10T13-49-24,1515588564998,0.87317073,-0.034146342,0.49514562,0.87317073
2018-1-10T13-49-24,1515588564999,0.86341465,-0.034146342,0.37864077,0.86341465
2018-1-10T13-49-25,1515588565000,0.85365856,-0.09268293,0.3883495,0.85365856
2018-1-10T13-49-25,1515588565001,0.80487806,-0.12195122,0.46601942,0.80487806
2018-1-10T13-49-25,1515588565002,0.74634147,-0.053658538,0.4563107,0.74634147
2018-1-10T13-49-25,1515588565003,0.7365854,-0.06341463,0.39805827,0.7365854
2018-1-10T13-49-25,1515588565004,0.79512197,-0.06341463,0.42718446,0.79512197
2018-1-10T13-49-25,1515588565005,0.82439023,-0.043902438,0.4368932,0.82439023
2018-1-10T13-49-25,1515588565006,0.81463414,-0.034146342,0.46601942,0.81463414
2018-1-10T13-49-25,1515588565007,0.9317073,-0.014634146,0.46601942,0.9317073
2018-1-10T13-49-25,1515588565008,0.87317073,0.014634146,0.46601942,0.87317073
2018-1-10T13-49-25,1515588565009,0.87317073,-0.024390243,0.42718446,0.87317073
2018-1-10T13-49-25,1515588565010,0.91219515,0.024390243,0.42718446,0.91219515
2018-1-10T13-49-25,1515588565011,0.85365856,-0.053658538,0.47572815,0.85365856
2018-1-10T13-49-25,1515588565012,0.86341465,-0.024390243,0.4854369,0.86341465
2018-1-10T13-49-25,1515588565013,0.81463414,-0.014634146,0.42718446,0.81463414
2018-1-10T13-49-25,1515588565014,0.85365856,-0.004878049,0.37864077,0.85365856
2018-1-10T13-49-25,1515588565015,0.8341463,-0.024390243,0.41747573,0.8341463
2018-1-10T13-49-25,1515588565016,0.81463414,-0.06341463,0.49514562,0.81463414
2018-1-10T13-49-25,1515588565017,0.81463414,-0.053658538,0.4563107,0.81463414
2018-1-10T13-49-25,1515588565018,0.81463414,-0.07317073,0.39805827,0.81463414
2018-1-10T13-49-25,1515588565019,0.81463414,-0.043902438,0.41747573,0.81463414
2018-1-10T13-49-25,1515588565020,0.8341463,-0.034146342,0.47572815,0.8341463
2018-1-10T13-49-25,1515588565021,0.8341463,0.024390243,0.47572815,0.8341463
2018-1-10T13-49-25,1515588565022,0.8341463,-0.004878049,0.4368932,0.8341463
2018-1-10T13-49-25,1515588565023,0.8829268,-0.014634146,0.4368932,0.8829268
2018-1-10T13-49-25,1515588565024,0.86341465,-0.004878049,0.46601942,0.86341465
2018-1-10T13-49-25,1515588565025,0.86341465,0.004878049,0.44660193,0.86341465
2018-1-10T13-49-25,1515588565026,0.86341465,0.004878049,0.4368932,0.86341465
2018-1-10T13-49-25,1515588565027,0.84390247,0.004878049,0.4368932,0.84390247
2018-1-10T13-49-25,1515588565028,0.8341463,-0.014634146,0.41747573,0.8341463
2018-1-10T13-49-25,1515588565029,0.8341463,-0.004878049,0.4368932,0.8341463
2018-1-10T13-49-25,1515588565030,0.91219515,-0.024390243,0.41747573,0.91219515
2018-1-10T13-49-25,1515588565031,0.82439023,-0.043902438,0.39805827,0.82439023
2018-1-10T13-49-25,1515588565032,0.80487806,-0.034146342,0.407767,0.80487806
2018-1-10T13-49-25,1515588565033,0.80487806,-0.053658538,0.4368932,0.80487806
2018-1-10T13-49-25,1515588565034,0.84390247,-0.08292683,0.5048544,0.84390247
2018-1-10T13-49-25,1515588565035,0.8926829,-0.06341463,0.5339806,0.8926829
2018-1-10T13-49-25,1515588565036,0.902439,-0.024390243,0.52427185,0.902439
2018-1-10T13-49-25,1515588565037,0.9512195,-0.014634146,0.4563107,0.9512195
2018-1-10T13-49-25,1515588565038,0.8926829,-0.014634146,0.46601942,0.8926829
2018-1-10T13-49-25,1515588565039,0.87317073,-0.053658538,0.4368932,0.87317073
2018-1-10T13-49-25,1515588565040,0.85365856,0.014634146,0.44660193,0.85365856
2018-1-10T13-49-25,1515588565041,0.84390247,0.024390243,0.42718446,0.84390247
2018-1-10T13-49-25,1515588565042,0.81463414,-0.014634146,0.3883495,0.81463414
2018-1-10T13-49-25,1515588565043,0.7853659,-0.004878049,0.42718446,0.7853659
2018-1-10T13-49-25,1515588565044,0.7853659,-0.004878049,0.3883495,0.7853659
2018-1-10T13-49-25,1515588565045,0.81463414,-0.014634146,0.37864077,0.81463414
2018-1-10T13-49-25,1515588565046,0.7853659,-0.004878049,0.39805827,0.7853659
2018-1-10T13-49-25,1515588565047,0.8341463,-0.014634146,0.44660193,0.8341463
2018-1-10T13-49-25,1515588565048,0.82439023,-0.053658538,0.5048544,0.82439023
2018-1-10T13-49-25,1515588565049,0.87317073,-0.034146342,0.4854369,0.87317073
2018-1-10T13-49-25,1515588565050,0.92195123,-0.004878049,0.46601942,0.92195123
2018-1-10T13-49-25,1515588565051,0.8926829,-0.014634146,0.4563107,0.8926829
2018-1-10T13-49-25,1515588565052,0.86341465,-0.014634146,0.42718446,0.86341465
2018-1-10T13-49-25,1515588565053,0.82439023,-0.014634146,0.4368932,0.82439023
2018-1-10T13-49-25,1515588565054,0.84390247,0.004878049,0.4854369,0.84390247
2018-1-10T13-49-25,1515588565055,0.7853659,-0.034146342,0.41747573,0.7853659
2018-1-10T13-49-25,1515588565056,0.79512197,-0.06341463,0.36893204,0.79512197
2018-1-10T13-49-25,1515588565057,0.82439023,-0.07317073,0.47572815,0.82439023
2018-1-10T13-49-25,1515588565058,0.84390247,-0.07317073,0.49514562,0.84390247
2018-1-10T13-49-25,1515588565059,0.85365856,-0.07317073,0.407767,0.85365856
2018-1-10T13-49-25,1515588565060,0.85365856,-0.004878049,0.4368932,0.85365856
2018-1-10T13-49-25,1515588565061,0.85365856,-0.06341463,0.592233,0.85365856
2018-1-10T13-49-25,1515588565062,0.8829268,-0.034146342,0.5436893,0.8829268
2018-1-10T13-49-25,1515588565063,0.91219515,-0.004878049,0.46601942,0.91219515
2018-1-10T13-49-25,1515588565064,0.9317073,-0.014634146,0.4368932,0.9317073
2018-1-10T13-49-25,1515588565065,0.902439,-0.004878049,0.44660193,0.902439
2018-1-10T13-49-25,1515588565066,0.8926829,0.014634146,0.44660193,0.8926829
2018-1-10T13-49-25,1515588565067,0.86341465,0.024390243,0.44660193,0.86341465
2018-1-10T13-49-25,1515588565068,0.80487806,0.004878049,0.39805827,0.80487806
2018-1-10T13-49-25,1515588565069,0.76585364,-0.014634146,0.34951457,0.76585364
2018-1-10T13-49-25,1515588565070,0.7853659,-0.034146342,0.39805827,0.7853659
2018-1-10T13-49-25,1515588565071,0.77560973,-0.014634146,0.41747573,0.77560973
2018-1-10T13-49-25,1515588565072,0.7853659,-0.043902438,0.42718446,0.7853659
2018-1-10T13-49-25,1515588565073,0.81463414,-0.034146342,0.41747573,0.81463414
2018-1-10T13-49-25,1515588565074,0.84390247,-0.034146342,0.41747573,0.84390247
2018-1-10T13-49-25,1515588565075,0.84390247,-0.034146342,0.44660193,0.84390247
2018-1-10T13-49-25,1515588565076,0.85365856,-0.014634146,0.47572815,0.85365856
2018-1-10T13-49-25,1515588565077,0.8341463,-0.014634146,0.4563107,0.8341463
2018-1-10T13-49-25,1515588565078,0.86341465,-0.014634146,0.44660193,0.86341465
2018-1-10T13-49-25,1515588565079,0.8926829,0.07317073,0.42718446,0.8926829
2018-1-10T13-49-25,1515588565080,0.8926829,0.043902438,0.4854369,0.8926829
2018-1-10T13-49-25,1515588565081,0.9317073,0.024390243,0.5145631,0.9317073
2018-1-10T13-49-25,1515588565082,0.86341465,0.004878049,0.47572815,0.86341465
2018-1-10T13-49-25,1515588565083,0.902439,0.004878049,0.46601942,0.902439
2018-1-10T13-49-25,1515588565084,0.8829268,-0.014634146,0.42718446,0.8829268
2018-1-10T13-49-25,1515588565085,0.85365856,-0.034146342,0.44660193,0.85365856
2018-1-10T13-49-25,1515588565086,0.7853659,-0.06341463,0.42718446,0.7853659
2018-1-10T13-49-25,1515588565087,0.76585364,-0.06341463,0.41747573,0.76585364
2018-1-10T13-49-25,1515588565088,0.8341463,-0.053658538,0.407767,0.8341463
2018-1-10T13-49-25,1515588565089,0.79512197,-0.07317073,0.41747573,0.79512197
2018-1-10T13-49-25,1515588565090,0.80487806,-0.034146342,0.4563107,0.80487806
2018-1-10T13-49-25,1515588565091,0.8341463,-0.06341463,0.4368932,0.8341463
2018-1-10T13-49-25,1515588565092,0.86341465,-0.034146342,0.42718446,0.86341465
2018-1-10T13-49-25,1515588565093,0.85365856,-0.024390243,0.46601942,0.85365856
2018-1-10T13-49-25,1515588565094,0.87317073,-0.034146342,0.4563107,0.87317073
2018-1-10T13-49-25,1515588565095,0.87317073,-0.034146342,0.42718446,0.87317073
2018-1-10T13-49-25,1515588565096,0.8341463,-0.043902438,0.407767,0.8341463
2018-1-10T13-49-25,1515588565097,0.82439023,0.004878049,0.4368932,0.82439023
2018-1-10T13-49-25,1515588565098,0.82439023,0.014634146,0.4368932,0.82439023
2018-1-10T13-49-25,1515588565099,0.87317073,0.034146342,0.47572815,0.87317073
2018-1-10T13-49-25,1515588565100,0.8926829,0.024390243,0.5048544,0.8926829
2018-1-10T13-49-25,1515588565101,0.8829268,-0.034146342,0.42718446,0.8829268
2018-1-10T13-49-25,1515588565102,0.8926829,0.014634146,0.4368932,0.8926829
2018-1-10T13-49-25,1515588565103,0.8341463,0.004878049,0.44660193,0.8341463
2018-1-10T13-49-25,1515588565104,0.81463414,-0.024390243,0.46601942,0.81463414
2018-1-10T13-49-25,1515588565105,0.7853659,-0.06341463,0.44660193,0.7853659
2018-1-10T13-49-25,1515588565106,0.7853659,-0.053658538,0.41747573,0.7853659
2018-1-10T13-49-25,1515588565107,0.80487806,-0.043902438,0.42718446,0.80487806
2018-1-10T13-49-25,1515588565108,0.84390247,-0.004878049,0.46601942,0.84390247
2018-1-10T13-49-25,1515588565109,0.86341465,-0.034146342,0.4563107,0.86341465
2018-1-10T13-49-25,1515588565110,0.85365856,0.08292683,0.4368932,0.85365856
2018-1-10T13-49-25,1515588565111,0.8926829,-0.014634146,0.4563107,0.8926829
2018-1-10T13-49-25,1515588565112,0.87317073,-0.004878049,0.46601942,0.87317073
2018-1-10T13-49-25,1515588565113,0.84390247,-0.004878049,0.44660193,0.84390247
2018-1-10T13-49-25,1515588565114,0.81463414,-0.014634146,0.42718446,0.81463414
2018-1-10T13-49-25,1515588565115,0.79512197,-0.034146342,0.41747573,0.79512197
2018-1-10T13-49-25,1515588565116,0.81463414,0.004878049,0.44660193,0.81463414
2018-1-10T13-49-25,1515588565117,0.86341465,-0.043902438,0.47572815,0.86341465
2018-1-10T13-49-25,1515588565118,0.8341463,-0.034146342,0.41747573,0.8341463
2018-1-10T13-49-25,1515588565119,0.8341463,0.004878049,0.39805827,0.8341463
2018-1-10T13-49-25,1515588565120,0.84390247,-0.014634146,0.4368932,0.84390247
2018-1-10T13-49-25,1515588565121,0.82439023,-0.034146342,0.47572815,0.82439023
2018-1-10T13-49-25,1515588565122,0.8341463,-0.053658538,0.4563107,0.8341463
2018-1-10T13-49-25,1515588565123,0.9317073,-0.043902438,0.407767,0.9317073
2018-1-10T13-49-25,1515588565124,0.86341465,-0.053658538,0.4563107,0.86341465
2018-1-10T13-49-25,1515588565125,0.8829268,-0.034146342,0.46601942,0.8829268
2018-1-10T13-49-25,1515588565126,0.8341463,-0.06341463,0.4563107,0.8341463
2018-1-10T13-49-25,1515588565127,0.84390247,-0.043902438,0.47572815,0.84390247
2018-1-10T13-49-25,1515588565128,0.87317073,-0.014634146,0.49514562,0.87317073
2018-1-10T13-49-25,1515588565129,0.8829268,0.014634146,0.46601942,0.8829268
2018-1-10T13-49-25,1515588565130,0.85365856,-0.004878049,0.41747573,0.85365856
2018-1-10T13-49-25,1515588565131,0.84390247,-0.014634146,0.407767,0.84390247
2018-1-10T13-49-25,1515588565132,0.81463414,0.024390243,0.407767,0.81463414
2018-1-10T13-49-25,1515588565133,0.85365856,0.024390243,0.4368932,0.85365856
2018-1-10T13-49-25,1515588565134,0.82439023,0.053658538,0.42718446,0.82439023
2018-1-10T13-49-25,1515588565135,0.8341463,0.024390243,0.4368932,0.8341463
2018-1-10T13-49-25,1515588565136,0.87317073,0.004878049,0.4368932,0.87317073
2018-1-10T13-49-25,1515588565137,0.86341465,0.024390243,0.4563107,0.86341465
2018-1-10T13-49-25,1515588565138,0.87317073,0.004878049,0.4563107,0.87317073
2018-1-10T13-49-25,1515588565139,0.87317073,-0.014634146,0.44660193,0.87317073
2018-1-10T13-49-25,1515588565140,0.8341463,-0.014634146,0.44660193,0.8341463
2018-1-10T13-49-25,1515588565141,0.84390247,-0.034146342,0.47572815,0.84390247
2018-1-10T13-49-25,1515588565142,0.8926829,-0.053658538,0.5533981,0.8926829
2018-1-10T13-49-25,1515588565143,0.86341465,-0.053658538,0.47572815,0.86341465
2018-1-10T13-49-25,1515588565144,0.87317073,-0.024390243,0.3883495,0.87317073
2018-1-10T13-49-25,1515588565145,0.85365856,-0.043902438,0.407767,0.85365856
2018-1-10T13-49-25,1515588565146,0.80487806,-0.09268293,0.44660193,0.80487806
2018-1-10T13-49-25,1515588565147,0.81463414,-0.06341463,0.3883495,0.81463414
2018-1-10T13-49-25,1515588565148,0.77560973,-0.034146342,0.42718446,0.77560973
2018-1-10T13-49-25,1515588565149,0.81463414,-0.12195122,0.4854369,0.81463414
2018-1-10T13-49-25,1515588565150,0.81463414,-0.07317073,0.47572815,0.81463414
2018-1-10T13-49-25,1515588565151,0.86341465,-0.024390243,0.41747573,0.86341465
2018-1-10T13-49-25,1515588565152,0.91219515,-0.034146342,0.46601942,0.91219515
2018-1-10T13-49-25,1515588565153,0.902439,-0.024390243,0.49514562,0.902439
2018-1-10T13-49-25,1515588565154,0.91219515,0.004878049,0.49514562,0.91219515
2018-1-10T13-49-25,1515588565155,0.87317073,0.004878049,0.4368932,0.87317073
2018-1-10T13-49-25,1515588565156,0.8341463,-0.034146342,0.4368932,0.8341463
2018-1-10T13-49-25,1515588565157,0.79512197,-0.024390243,0.407767,0.79512197
2018-1-10T13-49-25,1515588565158,0.7853659,-0.06341463,0.42718446,0.7853659
2018-1-10T13-49-25,1515588565159,0.80487806,-0.034146342,0.41747573,0.80487806
2018-1-10T13-49-25,1515588565160,0.80487806,-0.014634146,0.4854369,0.80487806
2018-1-10T13-49-25,1515588565161,0.82439023,-0.034146342,0.39805827,0.82439023
2018-1-10T13-49-25,1515588565162,0.8341463,0.014634146,0.4563107,0.8341463
2018-1-10T13-49-25,1515588565163,0.85365856,0.004878049,0.5048544,0.85365856
2018-1-10T13-49-25,1515588565164,0.86341465,0.004878049,0.4563107,0.86341465
2018-1-10T13-49-25,1515588565165,0.8341463,0.024390243,0.407767,0.8341463
2018-1-10T13-49-25,1515588565166,0.8829268,0.004878049,0.46601942,0.8829268
2018-1-10T13-49-25,1515588565167,0.87317073,-0.034146342,0.5048544,0.87317073
2018-1-10T13-49-25,1515588565168,0.81463414,-0.024390243,0.4368932,0.81463414
2018-1-10T13-49-25,1515588565169,0.86341465,-0.014634146,0.39805827,0.86341465
2018-1-10T13-49-25,1515588565170,0.85365856,0.034146342,0.44660193,0.85365856
2018-1-10T13-49-25,1515588565171,0.85365856,-0.014634146,0.42718446,0.85365856
2018-1-10T13-49-25,1515588565172,0.87317073,-0.014634146,0.42718446,0.87317073
2018-1-10T13-49-25,1515588565173,0.84390247,-0.043902438,0.4368932,0.84390247
2018-1-10T13-49-25,1515588565174,0.87317073,-0.004878049,0.49514562,0.87317073
2018-1-10T13-49-25,1515588565175,0.87317073,-0.043902438,0.5145631,0.87317073
2018-1-10T13-49-25,1515588565176,0.87317073,-0.043902438,0.44660193,0.87317073
2018-1-10T13-49-25,1515588565177,0.8341463,-0.053658538,0.39805827,0.8341463
2018-1-10T13-49-25,1515588565178,0.81463414,-0.043902438,0.42718446,0.81463414
2018-1-10T13-49-25,1515588565179,0.7853659,-0.06341463,0.42718446,0.7853659
2018-1-10T13-49-25,1515588565180,0.77560973,-0.08292683,0.3883495,0.77560973
2018-1-10T13-49-25,1515588565181,0.77560973,-0.043902438,0.407767,0.77560973
2018-1-10T13-49-25,1515588565182,0.81463414,-0.06341463,0.4563107,0.81463414
2018-1-10T13-49-25,1515588565183,0.87317073,-0.053658538,0.44660193,0.87317073
2018-1-10T13-49-25,1515588565184,0.86341465,-0.043902438,0.4368932,0.86341465
2018-1-10T13-49-25,1515588565185,0.8829268,-0.024390243,0.4563107,0.8829268
2018-1-10T13-49-25,1515588565186,0.8829268,-0.014634146,0.4368932,0.8829268
2018-1-10T13-49-25,1515588565187,0.85365856,-0.004878049,0.46601942,0.85365856
2018-1-10T13-49-25,1515588565188,0.86341465,-0.004878049,0.47572815,0.86341465
2018-1-10T13-49-25,1515588565189,0.84390247,-0.034146342,0.46601942,0.84390247
2018-1-10T13-49-25,1515588565190,0.8341463,-0.004878049,0.46601942,0.8341463
2018-1-10T13-49-25,1515588565191,0.9512195,-0.014634146,0.46601942,0.9512195
2018-1-10T13-49-25,1515588565192,0.902439,0.053658538,0.4368932,0.902439
2018-1-10T13-49-25,1515588565193,0.86341465,0.014634146,0.39805827,0.86341465
2018-1-10T13-49-25,1515588565194,0.87317073,0.034146342,0.36893204,0.87317073
2018-1-10T13-49-25,1515588565195,0.77560973,0.053658538,0.4563107,0.77560973
2018-1-10T13-49-25,1515588565196,0.82439023,0.004878049,0.4854369,0.82439023
2018-1-10T13-49-25,1515588565197,0.85365856,0.014634146,0.42718446,0.85365856
2018-1-10T13-49-25,1515588565198,0.87317073,-0.014634146,0.4368932,0.87317073
2018-1-10T13-49-25,1515588565199,0.8829268,-0.07317073,0.49514562,0.8829268
2018-1-10T13-49-25,1515588565200,0.87317073,-0.07317073,0.407767,0.87317073
2018-1-10T13-49-25,1515588565201,0.8829268,-0.10243902,0.36893204,0.8829268
2018-1-10T13-49-25,1515588565202,0.7853659,-0.053658538,0.407767,0.7853659
2018-1-10T13-49-25,1515588565203,0.75609756,-0.08292683,0.4854369,0.75609756
2018-1-10T13-49-25,1515588565204,0.7853659,-0.09268293,0.39805827,0.7853659
2018-1-10T13-49-25,1515588565205,0.77560973,-0.053658538,0.34951457,0.77560973
2018-1-10T13-49-25,1515588565206,0.8341463,-0.09268293,0.46601942,0.8341463
2018-1-10T13-49-25,1515588565207,0.91219515,-0.043902438,0.5825243,0.91219515
2018-1-10T13-49-25,1515588565208,0.91219515,-0.043902438,0.44660193,0.91219515
2018-1-10T13-49-25,1515588565209,0.9512195,0.014634146,0.407767,0.9512195
2018-1-10T13-49-25,1515588565210,0.9512195,0.014634146,0.47572815,0.9512195
2018-1-10T13-49-25,1515588565211,0.86341465,-0.014634146,0.4854369,0.86341465
2018-1-10T13-49-25,1515588565212,0.82439023,-0.014634146,0.4368932,0.82439023
2018-1-10T13-49-25,1515588565213,0.81463414,-0.004878049,0.42718446,0.81463414
2018-1-10T13-49-25,1515588565214,0.82439023,-0.043902438,0.47572815,0.82439023
2018-1-10T13-49-25,1515588565215,0.85365856,-0.014634146,0.44660193,0.85365856
2018-1-10T13-49-25,1515588565216,0.84390247,-0.043902438,0.41747573,0.84390247
2018-1-10T13-49-25,1515588565217,0.81463414,-0.034146342,0.3883495,0.81463414
2018-1-10T13-49-25,1515588565218,0.7853659,-0.034146342,0.37864077,0.7853659
2018-1-10T13-49-25,1515588565219,0.75609756,-0.053658538,0.407767,0.75609756
2018-1-10T13-49-25,1515588565220,0.76585364,-0.034146342,0.4563107,0.76585364
2018-1-10T13-49-25,1515588565221,0.80487806,-0.034146342,0.42718446,0.80487806
2018-1-10T13-49-25,1515588565222,0.8341463,-0.043902438,0.4563107,0.8341463
2018-1-10T13-49-25,1515588565223,0.8926829,-0.014634146,0.4563107,0.8926829
2018-1-10T13-49-25,1515588565224,0.902439,0.014634146,0.46601942,0.902439
2018-1-10T13-49-25,1515588565225,0.8926829,0.014634146,0.49514562,0.8926829
2018-1-10T13-49-25,1515588565226,0.9609756,0.034146342,0.52427185,0.9609756
2018-1-10T13-49-25,1515588565227,0.91219515,0.004878049,0.46601942,0.91219515
2018-1-10T13-49-25,1515588565228,0.85365856,0.014634146,0.30097088,0.85365856
2018-1-10T13-49-25,1515588565229,0.80487806,-0.004878049,0.42718446,0.80487806
2018-1-10T13-49-25,1515588565230,0.81463414,-0.06341463,0.5436893,0.81463414
2018-1-10T13-49-25,1515588565231,0.82439023,-0.09268293,0.49514562,0.82439023
2018-1-10T13-49-25,1515588565232,0.8341463,-0.043902438,0.3883495,0.8341463
2018-1-10T13-49-25,1515588565233,0.82439023,-0.053658538,0.47572815,0.82439023
2018-1-10T13-49-25,1515588565234,0.87317073,-0.07317073,0.5825243,0.87317073
2018-1-10T13-49-25,1515588565235,0.82439023,-0.07317073,0.4854369,0.82439023
2018-1-10T13-49-25,1515588565236,0.85365856,-0.014634146,0.37864077,0.85365856
2018-1-10T13-49-25,1515588565237,0.85365856,0.004878049,0.3883495,0.85365856
2018-1-10T13-49-25,1515588565238,0.84390247,0.004878049,0.49514562,0.84390247
2018-1-10T13-49-25,1515588565239,0.74634147,-0.004878049,0.49514562,0.74634147
2018-1-10T13-49-25,1515588565240,0.82439023,-0.004878049,0.3883495,0.82439023
2018-1-10T13-49-25,1515588565241,0.81463414,-0.004878049,0.3398058,0.81463414
2018-1-10T13-49-25,1515588565242,0.79512197,0.004878049,0.42718446,0.79512197
2018-1-10T13-49-25,1515588565243,0.81463414,-0.004878049,0.4563107,0.81463414
2018-1-10T13-49-25,1515588565244,0.7853659,0.034146342,0.42718446,0.7853659
2018-1-10T13-49-25,1515588565245,0.84390247,0.004878049,0.407767,0.84390247
2018-1-10T13-49-25,1515588565246,0.86341465,-0.09268293,0.49514562,0.86341465
2018-1-10T13-49-25,1515588565247,0.92195123,-0.10243902,0.5048544,0.92195123
2018-1-10T13-49-25,1515588565248,0.8829268,-0.08292683,0.44660193,0.8829268
2018-1-10T13-49-25,1515588565249,0.84390247,-0.07317073,0.3398058,0.84390247
2018-1-10T13-49-25,1515588565250,0.82439023,-0.043902438,0.44660193,0.82439023
2018-1-10T13-49-25,1515588565251,0.8341463,-0.034146342,0.4563107,0.8341463
2018-1-10T13-49-25,1515588565252,0.87317073,-0.034146342,0.4854369,0.87317073
2018-1-10T13-49-25,1515588565253,0.87317073,0.004878049,0.39805827,0.87317073
2018-1-10T13-49-25,1515588565254,0.8926829,0.034146342,0.407767,0.8926829
2018-1-10T13-49-25,1515588565255,0.902439,0.053658538,0.47572815,0.902439
2018-1-10T13-49-25,1515588565256,0.8829268,0.004878049,0.5145631,0.8829268
2018-1-10T13-49-25,1515588565257,0.8926829,-0.034146342,0.4368932,0.8926829
2018-1-10T13-49-25,1515588565258,0.8341463,0.07317073,0.39805827,0.8341463
2018-1-10T13-49-25,1515588565259,0.8341463,-0.024390243,0.47572815,0.8341463
2018-1-10T13-49-25,1515588565260,0.8341463,-0.053658538,0.52427185,0.8341463
2018-1-10T13-49-25,1515588565261,0.81463414,-0.024390243,0.4563107,0.81463414
2018-1-10T13-49-25,1515588565262,0.85365856,-0.014634146,0.37864077,0.85365856
2018-1-10T13-49-25,1515588565263,0.84390247,-0.004878049,0.39805827,0.84390247
2018-1-10T13-49-25,1515588565264,0.8341463,-0.024390243,0.4854369,0.8341463
2018-1-10T13-49-25,1515588565265,0.81463414,-0.024390243,0.41747573,0.81463414
2018-1-10T13-49-25,1515588565266,0.77560973,-0.043902438,0.34951457,0.77560973
2018-1-10T13-49-25,1515588565267,0.75609756,-0.043902438,0.3398058,0.75609756
2018-1-10T13-49-25,1515588565268,0.76585364,-0.09268293,0.44660193,0.76585364
2018-1-10T13-49-25,1515588565269,0.80487806,-0.12195122,0.52427185,0.80487806
2018-1-10T13-49-25,1515588565270,0.86341465,-0.043902438,0.4563107,0.86341465
2018-1-10T13-49-25,1515588565271,0.9317073,-0.004878049,0.44660193,0.9317073
2018-1-10T13-49-25,1515588565272,0.97073174,0.004878049,0.5145631,0.97073174
2018-1-10T13-49-25,1515588565273,0.9804878,0.004878049,0.5533981,0.9804878
2018-1-10T13-49-25,1515588565274,0.9512195,0.014634146,0.52427185,0.9512195
2018-1-10T13-49-25,1515588565275,0.91219515,-0.004878049,0.44660193,0.91219515
2018-1-10T13-49-25,1515588565276,0.86341465,-0.034146342,0.407767,0.86341465
2018-1-10T13-49-25,1515588565277,0.80487806,-0.024390243,0.4368932,0.80487806
2018-1-10T13-49-25,1515588565278,0.77560973,0.014634146,0.46601942,0.77560973
2018-1-10T13-49-25,1515588565279,0.77560973,-0.08292683,0.3883495,0.77560973
2018-1-10T13-49-25,1515588565280,0.79512197,-0.07317073,0.33009708,0.79512197
2018-1-10T13-49-25,1515588565281,0.7853659,-0.053658538,0.39805827,0.7853659
2018-1-10T13-49-25,1515588565282,0.79512197,-0.053658538,0.42718446,0.79512197
2018-1-10T13-49-25,1515588565283,0.80487806,-0.024390243,0.46601942,0.80487806
2018-1-10T13-49-25,1515588565284,0.8341463,-0.004878049,0.42718446,0.8341463
2018-1-10T13-49-25,1515588565285,0.87317073,0.014634146,0.4854369,0.87317073
2018-1-10T13-49-25,1515588565286,0.8829268,0.014634146,0.4563107,0.8829268
2018-1-10T13-49-25,1515588565287,0.902439,0.034146342,0.4563107,0.902439
2018-1-10T13-49-25,1515588565288,0.8926829,0.034146342,0.46601942,0.8926829
2018-1-10T13-49-25,1515588565289,0.9414634,0.024390243,0.4368932,0.9414634
2018-1-10T13-49-25,1515588565290,0.85365856,0.004878049,0.3883495,0.85365856
2018-1-10T13-49-25,1515588565291,0.84390247,-0.014634146,0.407767,0.84390247
2018-1-10T13-49-25,1515588565292,0.80487806,-0.024390243,0.47572815,0.80487806
2018-1-10T13-49-25,1515588565293,0.8341463,-0.034146342,0.4854369,0.8341463
2018-1-10T13-49-25,1515588565294,0.85365856,-0.034146342,0.46601942,0.85365856
2018-1-10T13-49-25,1515588565295,0.902439,-0.014634146,0.4563107,0.902439
2018-1-10T13-49-25,1515588565296,0.902439,-0.004878049,0.49514562,0.902439
2018-1-10T13-49-25,1515588565297,0.91219515,-0.004878049,0.47572815,0.91219515
2018-1-10T13-49-25,1515588565298,0.8926829,-0.004878049,0.47572815,0.8926829
2018-1-10T13-49-25,1515588565299,0.84390247,-0.004878049,0.407767,0.84390247
2018-1-10T13-49-25,1515588565300,0.80487806,-0.004878049,0.4563107,0.80487806
2018-1-10T13-49-25,1515588565301,0.79512197,-0.053658538,0.44660193,0.79512197
2018-1-10T13-49-25,1515588565302,0.77560973,-0.06341463,0.3883495,0.77560973
2018-1-10T13-49-25,1515588565303,0.77560973,-0.043902438,0.32038835,0.77560973
2018-1-10T13-49-25,1515588565304,0.77560973,-0.043902438,0.33009708,0.77560973
2018-1-10T13-49-25,1515588565305,0.74634147,-0.043902438,0.37864077,0.74634147
2018-1-10T13-49-25,1515588565306,0.74634147,-0.053658538,0.44660193,0.74634147
2018-1-10T13-49-25,1515588565307,0.81463414,-0.06341463,0.4854369,0.81463414
2018-1-10T13-49-25,1515588565308,0.87317073,-0.053658538,0.4854369,0.87317073
2018-1-10T13-49-25,1515588565309,0.902439,-0.024390243,0.46601942,0.902439
2018-1-10T13-49-25,1515588565310,1.0097561,-0.024390243,0.4854369,1.0097561
2018-1-10T13-49-25,1515588565311,0.9609756,-0.034146342,0.5825243,0.9609756
2018-1-10T13-49-25,1515588565312,0.9512195,-0.043902438,0.47572815,0.9512195
2018-1-10T13-49-25,1515588565313,0.9317073,0.004878049,0.41747573,0.9317073
2018-1-10T13-49-25,1515588565314,0.84390247,-0.024390243,0.4563107,0.84390247
2018-1-10T13-49-25,1515588565315,0.82439023,-0.043902438,0.5145631,0.82439023
2018-1-10T13-49-25,1515588565316,0.80487806,-0.004878049,0.41747573,0.80487806
2018-1-10T13-49-25,1515588565317,0.79512197,0.014634146,0.3398058,0.79512197
2018-1-10T13-49-25,1515588565318,0.81463414,0.024390243,0.42718446,0.81463414
2018-1-10T13-49-25,1515588565319,0.85365856,-0.014634146,0.4563107,0.85365856
2018-1-10T13-49-25,1515588565320,0.81463414,-0.004878049,0.4368932,0.81463414
2018-1-10T13-49-25,1515588565321,0.81463414,-0.004878049,0.407767,0.81463414
2018-1-10T13-49-25,1515588565322,0.80487806,0.034146342,0.4563107,0.80487806
2018-1-10T13-49-25,1515588565323,0.80487806,-0.043902438,0.47572815,0.80487806
2018-1-10T13-49-25,1515588565324,0.8341463,-0.043902438,0.4368932,0.8341463
2018-1-10T13-49-25,1515588565325,0.82439023,-0.034146342,0.4368932,0.82439023
2018-1-10T13-49-25,1515588565326,0.82439023,-0.014634146,0.3883495,0.82439023
2018-1-10T13-49-25,1515588565327,0.82439023,-0.024390243,0.3883495,0.82439023
2018-1-10T13-49-25,1515588565328,0.80487806,-0.014634146,0.42718446,0.80487806
2018-1-10T13-49-25,1515588565329,0.82439023,-0.024390243,0.4854369,0.82439023
2018-1-10T13-49-25,1515588565330,0.8926829,-0.034146342,0.4854369,0.8926829
2018-1-10T13-49-25,1515588565331,0.8829268,-0.024390243,0.41747573,0.8829268
2018-1-10T13-49-25,1515588565332,0.8829268,0.024390243,0.44660193,0.8829268
2018-1-10T13-49-25,1515588565333,0.902439,-0.014634146,0.5145631,0.902439
2018-1-10T13-49-25,1515588565334,0.86341465,-0.06341463,0.57281554,0.86341465
2018-1-10T13-49-25,1515588565335,0.92195123,-0.053658538,0.57281554,0.92195123
2018-1-10T13-49-25,1515588565336,0.9512195,-0.043902438,0.4563107,0.9512195
2018-1-10T13-49-25,1515588565337,0.902439,-0.024390243,0.44660193,0.902439
2018-1-10T13-49-25,1515588565338,0.902439,-0.004878049,0.4563107,0.902439
2018-1-10T13-49-25,1515588565339,0.85365856,-0.024390243,0.4854369,0.85365856
2018-1-10T13-49-25,1515588565340,0.82439023,-0.014634146,0.42718446,0.82439023
2018-1-10T13-49-25,1515588565341,0.82439023,-0.014634146,0.29126215,0.82439023
2018-1-10T13-49-25,1515588565342,0.77560973,0.014634146,0.36893204,0.77560973
2018-1-10T13-49-25,1515588565343,0.79512197,-0.024390243,0.36893204,0.79512197
2018-1-10T13-49-25,1515588565344,0.71707314,-0.024390243,0.36893204,0.71707314
2018-1-10T13-49-25,1515588565345,0.6682927,-0.024390243,0.3592233,0.6682927
2018-1-10T13-49-25,1515588565346,0.7365854,-0.024390243,0.3883495,0.7365854
2018-1-10T13-49-25,1515588565347,0.79512197,-0.024390243,0.42718446,0.79512197
2018-1-10T13-49-25,1515588565348,0.8341463,-0.024390243,0.46601942,0.8341463
2018-1-10T13-49-25,1515588565349,0.91219515,-0.024390243,0.5145631,0.91219515
2018-1-10T13-49-25,1515588565350,0.9512195,-0.043902438,0.5145631,0.9512195
2018-1-10T13-49-25,1515588565351,0.9804878,0.004878049,0.5145631,0.9804878
2018-1-10T13-49-25,1515588565352,0.9609756,0.004878049,0.49514562,0.9609756
2018-1-10T13-49-25,1515588565353,0.41463414,-0.004878049,0.46601942,0.41463414
2018-1-10T13-49-25,1515588565354,0.86341465,-0.034146342,0.4368932,0.86341465
2018-1-10T13-49-25,1515588565355,0.81463414,-0.024390243,0.47572815,0.81463414
2018-1-10T13-49-25,1515588565356,0.81463414,-0.09268293,0.5048544,0.81463414
2018-1-10T13-49-25,1515588565357,0.84390247,-0.08292683,0.44660193,0.84390247
2018-1-10T13-49-25,1515588565358,0.8926829,-0.053658538,0.36893204,0.8926829
2018-1-10T13-49-25,1515588565359,0.82439023,-0.034146342,0.4368932,0.82439023
2018-1-10T13-49-25,1515588565360,0.79512197,-0.043902438,0.46601942,0.79512197
2018-1-10T13-49-25,1515588565361,0.80487806,-0.034146342,0.44660193,0.80487806
2018-1-10T13-49-25,1515588565362,0.7853659,-0.053658538,0.42718446,0.7853659
2018-1-10T13-49-25,1515588565363,0.81463414,-0.014634146,0.3592233,0.81463414
2018-1-10T13-49-25,1515588565364,0.75609756,0.004878049,0.41747573,0.75609756
2018-1-10T13-49-25,1515588565365,0.80487806,-0.034146342,0.46601942,0.80487806
2018-1-10T13-49-25,1515588565366,0.86341465,-0.043902438,0.4563107,0.86341465
2018-1-10T13-49-25,1515588565367,0.82439023,-0.043902438,0.407767,0.82439023
2018-1-10T13-49-25,1515588565368,0.8829268,-0.053658538,0.37864077,0.8829268
2018-1-10T13-49-25,1515588565369,0.84390247,-0.004878049,0.44660193,0.84390247
2018-1-10T13-49-25,1515588565370,0.85365856,0.004878049,0.5048544,0.85365856
2018-1-10T13-49-25,1515588565371,0.87317073,0.034146342,0.49514562,0.87317073
2018-1-10T13-49-25,1515588565372,0.9317073,0.024390243,0.42718446,0.9317073
2018-1-10T13-49-25,1515588565373,0.91219515,0.024390243,0.4854369,0.91219515
2018-1-10T13-49-25,1515588565374,0.9414634,-0.014634146,0.5631068,0.9414634
2018-1-10T13-49-25,1515588565375,0.92195123,0.004878049,0.5145631,0.92195123
2018-1-10T13-49-25,1515588565376,0.86341465,-0.014634146,0.4368932,0.86341465
2018-1-10T13-49-25,1515588565377,0.92195123,-0.014634146,0.407767,0.92195123
2018-1-10T13-49-25,1515588565378,0.7853659,-0.043902438,0.44660193,0.7853659
2018-1-10T13-49-25,1515588565379,0.82439023,-0.034146342,0.39805827,0.82439023
2018-1-10T13-49-25,1515588565380,0.7853659,-0.024390243,0.407767,0.7853659
2018-1-10T13-49-25,1515588565381,0.81463414,-0.053658538,0.44660193,0.81463414
2018-1-10T13-49-25,1515588565382,0.79512197,-0.12195122,0.39805827,0.79512197
2018-1-10T13-49-25,1515588565383,0.81463414,-0.034146342,0.407767,0.81463414
2018-1-10T13-49-25,1515588565384,0.85365856,-0.024390243,0.4368932,0.85365856
2018-1-10T13-49-25,1515588565385,0.84390247,-0.024390243,0.3883495,0.84390247
2018-1-10T13-49-25,1515588565386,0.7853659,0.014634146,0.3883495,0.7853659
2018-1-10T13-49-25,1515588565387,0.80487806,-0.024390243,0.4368932,0.80487806
2018-1-10T13-49-25,1515588565388,0.8341463,-0.043902438,0.42718446,0.8341463
2018-1-10T13-49-25,1515588565389,0.8829268,0.014634146,0.47572815,0.8829268
2018-1-10T13-49-25,1515588565390,0.8829268,-0.043902438,0.47572815,0.8829268
2018-1-10T13-49-25,1515588565391,0.902439,-0.06341463,0.49514562,0.902439
2018-1-10T13-49-25,1515588565392,0.9609756,-0.004878049,0.46601942,0.9609756
2018-1-10T13-49-25,1515588565393,0.87317073,-0.043902438,0.46601942,0.87317073
2018-1-10T13-49-25,1515588565394,0.8829268,-0.043902438,0.5339806,0.8829268
2018-1-10T13-49-25,1515588565395,0.8926829,-0.024390243,0.5339806,0.8926829
2018-1-10T13-49-25,1515588565396,0.8926829,-0.024390243,0.47572815,0.8926829
2018-1-10T13-49-25,1515588565397,0.87317073,-0.014634146,0.4368932,0.87317073
2018-1-10T13-49-25,1515588565398,0.8926829,0.014634146,0.49514562,0.8926829
2018-1-10T13-49-25,1515588565399,0.85365856,-0.004878049,0.4854369,0.85365856
2018-1-10T13-49-25,1515588565400,0.80487806,0.004878049,0.39805827,0.80487806
2018-1-10T13-49-25,1515588565401,0.80487806,0.08292683,0.37864077,0.80487806
2018-1-10T13-49-25,1515588565402,0.81463414,0.024390243,0.42718446,0.81463414
2018-1-10T13-49-25,1515588565403,0.71707314,-0.004878049,0.39805827,0.71707314
2018-1-10T13-49-25,1515588565404,0.71707314,-0.004878049,0.3106796,0.71707314
2018-1-10T13-49-25,1515588565405,0.75609756,-0.034146342,0.37864077,0.75609756
2018-1-10T13-49-25,1515588565406,0.76585364,-0.07317073,0.407767,0.76585364
2018-1-10T13-49-25,1515588565407,0.70731705,-0.043902438,0.37864077,0.70731705
2018-1-10T13-49-25,1515588565408,0.80487806,0.004878049,0.4368932,0.80487806
2018-1-10T13-49-25,1515588565409,0.8926829,-0.024390243,0.5145631,0.8926829
2018-1-10T13-49-25,1515588565410,0.8926829,-0.014634146,0.5145631,0.8926829
2018-1-10T13-49-25,1515588565411,0.9317073,0.014634146,0.42718446,0.9317073
2018-1-10T13-49-25,1515588565412,1.0,0.014634146,0.5145631,1.0
2018-1-10T13-49-25,1515588565413,0.9902439,-0.004878049,0.60194176,0.9902439
2018-1-10T13-49-25,1515588565414,0.97073174,-0.043902438,0.5048544,0.97073174
2018-1-10T13-49-25,1515588565415,0.902439,-0.27804878,0.39805827,0.902439
2018-1-10T13-49-25,1515588565416,0.8341463,-0.08292683,0.4368932,0.8341463
2018-1-10T13-49-25,1515588565417,0.80487806,-0.07317073,0.5048544,0.80487806
2018-1-10T13-49-25,1515588565418,0.74634147,-0.07317073,0.4563107,0.74634147
2018-1-10T13-49-25,1515588565419,0.7853659,-0.043902438,0.39805827,0.7853659
2018-1-10T13-49-25,1515588565420,0.81463414,-0.024390243,0.407767,0.81463414
2018-1-10T13-49-25,1515588565421,0.81463414,-0.043902438,0.3592233,0.81463414
2018-1-10T13-49-25,1515588565422,0.80487806,-0.014634146,0.37864077,0.80487806
2018-1-10T13-49-25,1515588565423,0.79512197,-0.024390243,0.44660193,0.79512197
2018-1-10T13-49-25,1515588565424,0.7853659,-0.043902438,0.4563107,0.7853659
2018-1-10T13-49-25,1515588565425,0.80487806,-0.014634146,0.42718446,0.80487806
2018-1-10T13-49-25,1515588565426,0.84390247,0.004878049,0.44660193,0.84390247
2018-1-10T13-49-25,1515588565427,0.86341465,-0.034146342,0.4368932,0.86341465
2018-1-10T13-49-25,1515588565428,0.86341465,0.014634146,0.3592233,0.86341465
2018-1-10T13-49-25,1515588565429,0.85365856,0.024390243,0.3592233,0.85365856
2018-1-10T13-49-25,1515588565430,0.8341463,0.034146342,0.4854369,0.8341463
2018-1-10T13-49-25,1515588565431,0.84390247,-0.014634146,0.5145631,0.84390247
2018-1-10T13-49-25,1515588565432,0.86341465,-0.004878049,0.42718446,0.86341465
2018-1-10T13-49-25,1515588565433,0.8829268,0.034146342,0.4563107,0.8829268
2018-1-10T13-49-25,1515588565434,0.9317073,-0.024390243,0.5048544,0.9317073
2018-1-10T13-49-25,1515588565435,0.902439,-0.034146342,0.47572815,0.902439
2018-1-10T13-49-25,1515588565436,0.85365856,-0.053658538,0.44660193,0.85365856
2018-1-10T13-49-25,1515588565437,0.8829268,-0.014634146,0.5048544,0.8829268
2018-1-10T13-49-25,1515588565438,0.87317073,-0.06341463,0.5436893,0.87317073
2018-1-10T13-49-25,1515588565439,0.85365856,0.043902438,0.4854369,0.85365856
2018-1-10T13-49-25,1515588565440,0.84390247,-0.043902438,0.3883495,0.84390247
2018-1-10T13-49-25,1515588565441,0.81463414,0.07317073,0.42718446,0.81463414
2018-1-10T13-49-25,1515588565442,0.80487806,-0.034146342,0.4563107,0.80487806
2018-1-10T13-49-25,1515588565443,0.81463414,-0.034146342,0.42718446,0.81463414
2018-1-10T13-49-25,1515588565444,0.80487806,-0.014634146,0.41747573,0.80487806
2018-1-10T13-49-25,1515588565445,0.81463414,-0.004878049,0.41747573,0.81463414
2018-1-10T13-49-25,1515588565446,0.81463414,-0.28780487,0.46601942,0.81463414
2018-1-10T13-49-25,1515588565447,0.84390247,-0.053658538,0.49514562,0.84390247
2018-1-10T13-49-25,1515588565448,0.82439023,-0.053658538,0.37864077,0.82439023
2018-1-10T13-49-25,1515588565449,0.79512197,0.034146342,0.3398058,0.79512197
2018-1-10T13-49-25,1515588565450,0.82439023,-0.034146342,0.4563107,0.82439023
2018-1-10T13-49-25,1515588565451,0.81463414,-0.053658538,0.5339806,0.81463414
2018-1-10T13-49-25,1515588565452,0.82439023,-0.034146342,0.46601942,0.82439023
2018-1-10T13-49-25,1515588565453,0.8926829,-0.004878049,0.41747573,0.8926829
2018-1-10T13-49-25,1515588565454,0.84390247,0.004878049,0.47572815,0.84390247
2018-1-10T13-49-25,1515588565455,0.8926829,-0.014634146,0.52427185,0.8926829
2018-1-10T13-49-25,1515588565456,0.91219515,0.043902438,0.5339806,0.91219515
2018-1-10T13-49-25,1515588565457,0.9414634,0.014634146,0.5145631,0.9414634
2018-1-10T13-49-25,1515588565458,0.8829268,-0.014634146,0.46601942,0.8829268
2018-1-10T13-49-25,1515588565459,0.81463414,-0.014634146,0.36893204,0.81463414
2018-1-10T13-49-25,1515588565460,0.76585364,-0.024390243,0.4368932,0.76585364
2018-1-10T13-49-25,1515588565461,0.76585364,-0.06341463,0.46601942,0.76585364
2018-1-10T13-49-25,1515588565462,0.7853659,-0.024390243,0.42718446,0.7853659
2018-1-10T13-49-25,1515588565463,0.81463414,-0.014634146,0.3592233,0.81463414
2018-1-10T13-49-25,1515588565464,0.82439023,-0.014634146,0.34951457,0.82439023
2018-1-10T13-49-25,1515588565465,0.81463414,0.024390243,0.42718446,0.81463414
2018-1-10T13-49-25,1515588565466,0.85365856,0.014634146,0.4854369,0.85365856
2018-1-10T13-49-25,1515588565467,0.86341465,0.004878049,0.47572815,0.86341465
2018-1-10T13-49-25,1515588565468,0.82439023,0.004878049,0.407767,0.82439023
2018-1-10T13-49-25,1515588565469,0.8829268,-0.014634146,0.44660193,0.8829268
2018-1-10T13-49-25,1515588565470,0.91219515,0.014634146,0.5048544,0.91219515
2018-1-10T13-49-25,1515588565471,0.87317073,-0.014634146,0.5048544,0.87317073
2018-1-10T13-49-25,1515588565472,0.8829268,-0.07317073,0.4563107,0.8829268
2018-1-10T13-49-25,1515588565473,0.86341465,-0.024390243,0.42718446,0.86341465
2018-1-10T13-49-25,1515588565474,0.86341465,-0.043902438,0.4368932,0.86341465
2018-1-10T13-49-25,1515588565475,0.8829268,-0.024390243,0.5048544,0.8829268
2018-1-10T13-49-25,1515588565476,0.8341463,-0.014634146,0.4854369,0.8341463
2018-1-10T13-49-25,1515588565477,0.85365856,-0.043902438,0.37864077,0.85365856
2018-1-10T13-49-25,1515588565478,0.81463414,-0.014634146,0.42718446,0.81463414
2018-1-10T13-49-25,1515588565479,0.84390247,-0.043902438,0.49514562,0.84390247
2018-1-10T13-49-25,1515588565480,0.8341463,-0.07317073,0.47572815,0.8341463
2018-1-10T13-49-25,1515588565481,0.77560973,-0.07317073,0.407767,0.77560973
2018-1-10T13-49-25,1515588565482,0.81463414,-0.034146342,0.3883495,0.81463414
2018-1-10T13-49-25,1515588565483,0.7853659,-0.043902438,0.42718446,0.7853659
2018-1-10T13-49-25,1515588565484,0.80487806,-0.043902438,0.42718446,0.80487806
2018-1-10T13-49-25,1515588565485,0.79512197,-0.043902438,0.3883495,0.79512197
2018-1-10T13-49-25,1515588565486,0.8341463,-0.004878049,0.4563107,0.8341463
2018-1-10T13-49-25,1515588565487,0.84390247,-0.024390243,0.5048544,0.84390247
2018-1-10T13-49-25,1515588565488,0.86341465,-0.034146342,0.44660193,0.86341465
2018-1-10T13-49-25,1515588565489,0.8926829,-0.004878049,0.39805827,0.8926829
2018-1-10T13-49-25,1515588565490,0.8829268,0.043902438,0.4563107,0.8829268
2018-1-10T13-49-25,1515588565491,0.91219515,0.034146342,0.5533981,0.91219515
2018-1-10T13-49-25,1515588565492,0.91219515,0.024390243,0.5145631,0.91219515
2018-1-10T13-49-25,1515588565493,0.9317073,0.014634146,0.4854369,0.9317073
2018-1-10T13-49-25,1515588565494,0.91219515,0.004878049,0.42718446,0.91219515
2018-1-10T13-49-25,1515588565495,0.85365856,-0.014634146,0.39805827,0.85365856
2018-1-10T13-49-25,1515588565496,0.7853659,-0.06341463,0.407767,0.7853659
2018-1-10T13-49-25,1515588565497,0.75609756,-0.053658538,0.41747573,0.75609756
2018-1-10T13-49-25,1515588565498,0.7365854,-0.08292683,0.42718446,0.7365854
2018-1-10T13-49-25,1515588565499,0.76585364,-0.06341463,0.42718446,0.76585364
2018-1-10T13-49-25,1515588565500,0.77560973,-0.043902438,0.44660193,0.77560973
2018-1-10T13-49-25,1515588565501,0.84390247,-0.034146342,0.41747573,0.84390247
2018-1-10T13-49-25,1515588565502,0.8829268,-0.004878049,0.47572815,0.8829268
2018-1-10T13-49-25,1515588565503,0.92195123,-0.024390243,0.5339806,0.92195123
2018-1-10T13-49-25,1515588565504,0.91219515,0.004878049,0.44660193,0.91219515
2018-1-10T13-49-25,1515588565505,0.902439,0.004878049,0.47572815,0.902439
2018-1-10T13-49-25,1515588565506,0.8829268,0.004878049,0.37864077,0.8829268
2018-1-10T13-49-25,1515588565507,0.7853659,-0.034146342,0.407767,0.7853659
2018-1-10T13-49-25,1515588565508,0.7853659,-0.024390243,0.4368932,0.7853659
2018-1-10T13-49-25,1515588565509,0.81463414,-0.014634146,0.4368932,0.81463414
2018-1-10T13-49-25,1515588565510,0.85365856,-0.034146342,0.407767,0.85365856
2018-1-10T13-49-25,1515588565511,0.9414634,-0.024390243,0.407767,0.9414634
2018-1-10T13-49-25,1515588565512,0.97073174,0.004878049,0.4854369,0.97073174
2018-1-10T13-49-25,1515588565513,0.902439,-0.004878049,0.52427185,0.902439
2018-1-10T13-49-25,1515588565514,0.8341463,-0.014634146,0.52427185,0.8341463
2018-1-10T13-49-25,1515588565515,0.902439,0.043902438,0.49514562,0.902439
2018-1-10T13-49-25,1515588565516,0.8829268,-0.034146342,0.44660193,0.8829268
2018-1-10T13-49-25,1515588565517,0.82439023,-0.053658538,0.4368932,0.82439023
2018-1-10T13-49-25,1515588565518,0.7853659,-0.08292683,0.44660193,0.7853659
2018-1-10T13-49-25,1515588565519,0.77560973,-0.08292683,0.44660193,0.77560973
2018-1-10T13-49-25,1515588565520,0.77560973,-0.043902438,0.3398058,0.77560973
2018-1-10T13-49-25,1515588565521,0.74634147,-0.024390243,0.3592233,0.74634147
2018-1-10T13-49-25,1515588565522,0.74634147,-0.034146342,0.47572815,0.74634147
2018-1-10T13-49-25,1515588565523,0.85365856,-0.014634146,0.44660193,0.85365856
2018-1-10T13-49-25,1515588565524,0.80487806,0.07317073,0.3592233,0.80487806
2018-1-10T13-49-25,1515588565525,0.9317073,-0.08292683,0.4854369,0.9317073
2018-1-10T13-49-25,1515588565526,1.0097561,0.034146342,0.57281554,1.0097561
2018-1-10T13-49-25,1515588565527,0.91219515,0.014634146,0.44660193,0.91219515
2018-1-10T13-49-25,1515588565528,0.8829268,0.024390243,0.36893204,0.8829268
2018-1-10T13-49-25,1515588565529,0.85365856,0.014634146,0.44660193,0.85365856
2018-1-10T13-49-25,1515588565530,0.79512197,-0.053658538,0.5436893,0.79512197
2018-1-10T13-49-25,1515588565531,0.82439023,-0.043902438,0.5145631,0.82439023
2018-1-10T13-49-25,1515588565532,0.82439023,-0.11219512,0.44660193,0.82439023
2018-1-10T13-49-25,1515588565533,0.85365856,-0.08292683,0.37864077,0.85365856
2018-1-10T13-49-25,1515588565534,0.85365856,-0.07317073,0.4368932,0.85365856
2018-1-10T13-49-25,1515588565535,0.82439023,-0.11219512,0.5145631,0.82439023
2018-1-10T13-49-25,1515588565536,0.82439023,-0.10243902,0.52427185,0.82439023
2018-1-10T13-49-25,1515588565537,0.86341465,-0.06341463,0.5048544,0.86341465
2018-1-10T13-49-25,1515588565538,0.92195123,-0.034146342,0.4563107,0.92195123
2018-1-10T13-49-25,1515588565539,0.8926829,-0.004878049,0.3883495,0.8926829
2018-1-10T13-49-25,1515588565540,0.82439023,0.004878049,0.36893204,0.82439023
2018-1-10T13-49-25,1515588565541,0.75609756,-0.004878049,0.3883495,0.75609756
2018-1-10T13-49-25,1515588565542,0.77560973,0.014634146,0.36893204,0.77560973
2018-1-10T13-49-25,1515588565543,0.74634147,0.024390243,0.3592233,0.74634147
2018-1-10T13-49-25,1515588565544,0.80487806,0.014634146,0.41747573,0.80487806
2018-1-10T13-49-25,1515588565545,0.8829268,0.034146342,0.4563107,0.8829268
2018-1-10T13-49-25,1515588565546,0.91219515,0.024390243,0.4854369,0.91219515
2018-1-10T13-49-25,1515588565547,0.97073174,0.004878049,0.47572815,0.97073174
2018-1-10T13-49-25,1515588565548,0.9609756,0.024390243,0.52427185,0.9609756
2018-1-10T13-49-25,1515588565549,0.9804878,0.004878049,0.52427185,0.9804878
2018-1-10T13-49-25,1515588565550,0.9317073,-0.043902438,0.4854369,0.9317073
2018-1-10T13-49-25,1515588565551,0.84390247,-0.053658538,0.4368932,0.84390247
2018-1-10T13-49-25,1515588565552,0.74634147,-0.043902438,0.41747573,0.74634147
2018-1-10T13-49-25,1515588565553,0.76585364,-0.06341463,0.46601942,0.76585364
2018-1-10T13-49-25,1515588565554,0.7365854,-0.10243902,0.4368932,0.7365854
2018-1-10T13-49-25,1515588565555,0.77560973,-0.06341463,0.3592233,0.77560973
2018-1-10T13-49-25,1515588565556,0.85365856,-0.014634146,0.41747573,0.85365856
2018-1-10T13-49-25,1515588565557,0.82439023,-0.024390243,0.42718446,0.82439023
2018-1-10T13-49-25,1515588565558,0.9414634,0.034146342,0.41747573,0.9414634
2018-1-10T13-49-25,1515588565559,0.81463414,-0.014634146,0.41747573,0.81463414
2018-1-10T13-49-25,1515588565560,0.8341463,-0.034146342,0.46601942,0.8341463
2018-1-10T13-49-25,1515588565561,0.8926829,-0.034146342,0.4854369,0.8926829
2018-1-10T13-49-25,1515588565562,0.87317073,-0.053658538,0.39805827,0.87317073
2018-1-10T13-49-25,1515588565563,0.84390247,0.004878049,0.44660193,0.84390247
2018-1-10T13-49-25,1515588565564,0.85365856,-0.024390243,0.4563107,0.85365856
2018-1-10T13-49-25,1515588565565,0.86341465,0.004878049,0.42718446,0.86341465
2018-1-10T13-49-25,1515588565566,0.81463414,-0.06341463,0.39805827,0.81463414
2018-1-10T13-49-25,1515588565567,0.84390247,-0.08292683,0.3883495,0.84390247
2018-1-10T13-49-25,1515588565568,0.8341463,-0.07317073,0.52427185,0.8341463
2018-1-10T13-49-25,1515588565569,0.8829268,-0.07317073,0.5436893,0.8829268
2018-1-10T13-49-25,1515588565570,0.91219515,-0.07317073,0.5048544,0.91219515
2018-1-10T13-49-25,1515588565571,0.8829268,-0.07317073,0.42718446,0.8829268
2018-1-10T13-49-25,1515588565572,0.8829268,-0.014634146,0.4368932,0.8829268
2018-1-10T13-49-25,1515588565573,0.86341465,-0.004878049,0.5436893,0.86341465
2018-1-10T13-49-25,1515588565574,0.85365856,-0.024390243,0.47572815,0.85365856
2018-1-10T13-49-25,1515588565575,0.82439023,0.053658538,0.407767,0.82439023
2018-1-10T13-49-25,1515588565576,0.8341463,0.024390243,0.42718446,0.8341463
2018-1-10T13-49-25,1515588565577,0.79512197,0.043902438,0.37864077,0.79512197
2018-1-10T13-49-25,1515588565578,0.80487806,0.014634146,0.3883495,0.80487806
2018-1-10T13-49-25,1515588565579,0.81463414,0.024390243,0.4368932,0.81463414
2018-1-10T13-49-25,1515588565580,0.80487806,-0.014634146,0.42718446,0.80487806
2018-1-10T13-49-25,1515588565581,0.80487806,-0.034146342,0.37864077,0.80487806
2018-1-10T13-49-25,1515588565582,0.80487806,-0.014634146,0.407767,0.80487806
2018-1-10T13-49-25,1515588565583,0.8926829,-0.034146342,0.44660193,0.8926829
2018-1-10T13-49-25,1515588565584,0.8341463,-0.06341463,0.41747573,0.8341463
2018-1-10T13-49-25,1515588565585,0.82439023,-0.043902438,0.42718446,0.82439023
2018-1-10T13-49-25,1515588565586,0.86341465,-0.024390243,0.4854369,0.86341465
2018-1-10T13-49-25,1515588565587,0.8829268,-0.06341463,0.5339806,0.8829268
2018-1-10T13-49-25,1515588565588,0.9317073,-0.004878049,0.49514562,0.9317073
2018-1-10T13-49-25,1515588565589,0.92195123,-0.034146342,0.4563107,0.92195123
2018-1-10T13-49-25,1515588565590,0.91219515,-0.034146342,0.41747573,0.91219515
2018-1-10T13-49-25,1515588565591,0.86341465,-0.024390243,0.44660193,0.86341465
2018-1-10T13-49-25,1515588565592,0.85365856,-0.024390243,0.47572815,0.85365856
2018-1-10T13-49-25,1515588565593,0.80487806,-0.053658538,0.49514562,0.80487806
2018-1-10T13-49-25,1515588565594,0.79512197,-0.034146342,0.39805827,0.79512197
2018-1-10T13-49-25,1515588565595,0.80487806,-0.024390243,0.4368932,0.80487806
2018-1-10T13-49-25,1515588565596,0.84390247,-0.024390243,0.46601942,0.84390247
2018-1-10T13-49-25,1515588565597,0.87317073,0.004878049,0.47572815,0.87317073
2018-1-10T13-49-25,1515588565598,0.8829268,0.004878049,0.42718446,0.8829268
2018-1-10T13-49-25,1515588565599,0.86341465,0.014634146,0.407767,0.86341465
2018-1-10T13-49-25,1515588565600,0.86341465,0.024390243,0.44660193,0.86341465
2018-1-10T13-49-25,1515588565601,0.8341463,-0.004878049,0.52427185,0.8341463
2018-1-10T13-49-25,1515588565602,0.77560973,-0.024390243,0.32038835,0.77560973
2018-1-10T13-49-25,1515588565603,0.81463414,-0.004878049,0.4563107,0.81463414
2018-1-10T13-49-25,1515588565604,0.8341463,-0.024390243,0.46601942,0.8341463
2018-1-10T13-49-25,1515588565605,0.84390247,-0.034146342,0.4563107,0.84390247
2018-1-10T13-49-25,1515588565606,0.87317073,-0.014634146,0.42718446,0.87317073
2018-1-10T13-49-25,1515588565607,0.8829268,-0.004878049,0.4563107,0.8829268
2018-1-10T13-49-25,1515588565608,0.8829268,-0.014634146,0.47572815,0.8829268
2018-1-10T13-49-25,1515588565609,0.86341465,-0.014634146,0.49514562,0.86341465
2018-1-10T13-49-25,1515588565610,0.84390247,-0.06341463,0.49514562,0.84390247
2018-1-10T13-49-25,1515588565611,0.82439023,-0.11219512,0.44660193,0.82439023
2018-1-10T13-49-25,1515588565612,0.87317073,-0.08292683,0.46601942,0.87317073
2018-1-10T13-49-25,1515588565613,0.77560973,-0.08292683,0.41747573,0.77560973
2018-1-10T13-49-25,1515588565614,0.80487806,-0.06341463,0.39805827,0.80487806
2018-1-10T13-49-25,1515588565615,0.79512197,-0.09268293,0.3883495,0.79512197
2018-1-10T13-49-25,1515588565616,0.79512197,-0.053658538,0.4368932,0.79512197
2018-1-10T13-49-25,1515588565617,0.81463414,-0.034146342,0.44660193,0.81463414
2018-1-10T13-49-25,1515588565618,0.81463414,-0.014634146,0.407767,0.81463414
2018-1-10T13-49-25,1515588565619,0.87317073,0.004878049,0.46601942,0.87317073
2018-1-10T13-49-25,1515588565620,0.92195123,0.004878049,0.5048544,0.92195123
2018-1-10T13-49-25,1515588565621,0.902439,0.004878049,0.46601942,0.902439
2018-1-10T13-49-25,1515588565622,0.9317073,0.034146342,0.47572815,0.9317073
2018-1-10T13-49-25,1515588565623,0.92195123,0.043902438,0.5145631,0.92195123
2018-1-10T13-49-25,1515588565624,0.86341465,0.024390243,0.4368932,0.86341465
2018-1-10T13-49-25,1515588565625,0.76585364,0.024390243,0.3592233,0.76585364
2018-1-10T13-49-25,1515588565626,0.80487806,0.053658538,0.3883495,0.80487806
2018-1-10T13-49-25,1515588565627,0.77560973,-0.014634146,0.47572815,0.77560973
2018-1-10T13-49-25,1515588565628,0.79512197,-0.034146342,0.46601942,0.79512197
2018-1-10T13-49-25,1515588565629,0.8341463,-0.034146342,0.42718446,0.8341463
2018-1-10T13-49-25,1515588565630,0.86341465,-0.024390243,0.42718446,0.86341465
2018-1-10T13-49-25,1515588565631,0.8341463,-0.004878049,0.44660193,0.8341463
2018-1-10T13-49-25,1515588565632,0.82439023,-0.014634146,0.44660193,0.82439023
2018-1-10T13-49-25,1515588565633,0.81463414,-0.004878049,0.41747573,0.81463414
2018-1-10T13-49-25,1515588565634,0.76585364,-0.034146342,0.39805827,0.76585364
2018-1-10T13-49-25,1515588565635,0.82439023,-0.014634146,0.39805827,0.82439023
2018-1-10T13-49-25,1515588565636,0.80487806,-0.034146342,0.47572815,0.80487806
2018-1-10T13-49-25,1515588565637,0.84390247,-0.034146342,0.44660193,0.84390247
2018-1-10T13-49-25,1515588565638,0.85365856,-0.024390243,0.4563107,0.85365856
2018-1-10T13-49-25,1515588565639,0.9317073,-0.043902438,0.5048544,0.9317073
2018-1-10T13-49-25,1515588565640,0.91219515,-0.034146342,0.47572815,0.91219515
2018-1-10T13-49-25,1515588565641,0.9317073,-0.034146342,0.44660193,0.9317073
2018-1-10T13-49-25,1515588565642,0.8926829,-0.043902438,0.4563107,0.8926829
2018-1-10T13-49-25,1515588565643,0.87317073,-0.034146342,0.49514562,0.87317073
2018-1-10T13-49-25,1515588565644,0.86341465,-0.053658538,0.49514562,0.86341465
2018-1-10T13-49-25,1515588565645,0.84390247,-0.06341463,0.4563107,0.84390247
2018-1-10T13-49-25,1515588565646,0.84390247,-0.043902438,0.42718446,0.84390247
2018-1-10T13-49-25,1515588565647,0.84390247,-0.024390243,0.44660193,0.84390247
2018-1-10T13-49-25,1515588565648,0.82439023,-0.014634146,0.46601942,0.82439023
2018-1-10T13-49-25,1515588565649,0.84390247,0.07317073,0.4368932,0.84390247
2018-1-10T13-49-25,1515588565650,0.8341463,-0.1902439,0.4368932,0.8341463
2018-1-10T13-49-25,1515588565651,0.8829268,0.014634146,0.4368932,0.8829268
2018-1-10T13-49-25,1515588565652,0.8341463,0.024390243,0.41747573,0.8341463
2018-1-10T13-49-25,1515588565653,0.82439023,-0.004878049,0.41747573,0.82439023
2018-1-10T13-49-25,1515588565654,0.79512197,-0.014634146,0.407767,0.79512197
2018-1-10T13-49-25,1515588565655,0.75609756,0.014634146,0.407767,0.75609756
2018-1-10T13-49-25,1515588565656,0.7365854,-0.034146342,0.34951457,0.7365854
2018-1-10T13-49-25,1515588565657,0.74634147,-0.034146342,0.41747573,0.74634147
2018-1-10T13-49-25,1515588565658,0.7853659,-0.024390243,0.4563107,0.7853659
2018-1-10T13-49-25,1515588565659,0.81463414,-0.06341463,0.4368932,0.81463414
2018-1-10T13-49-25,1515588565660,0.8926829,-0.034146342,0.4368932,0.8926829
2018-1-10T13-49-25,1515588565661,0.9414634,0.043902438,0.5048544,0.9414634
2018-1-10T13-49-25,1515588565662,0.9512195,-0.004878049,0.49514562,0.9512195
2018-1-10T13-49-25,1515588565663,0.92195123,0.014634146,0.4563107,0.92195123
2018-1-10T13-49-25,1515588565664,0.9414634,0.004878049,0.4368932,0.9414634
2018-1-10T13-49-25,1515588565665,0.8926829,-0.004878049,0.5145631,0.8926829
2018-1-10T13-49-25,1515588565666,0.87317073,-0.024390243,0.49514562,0.87317073
2018-1-10T13-49-25,1515588565667,0.8829268,-0.034146342,0.44660193,0.8829268
2018-1-10T13-49-25,1515588565668,0.87317073,-0.053658538,0.407767,0.87317073
2018-1-10T13-49-25,1515588565669,0.85365856,-0.024390243,0.4368932,0.85365856
2018-1-10T13-49-25,1515588565670,0.92195123,-0.034146342,0.47572815,0.92195123
2018-1-10T13-49-25,1515588565671,0.8341463,-0.053658538,0.5048544,0.8341463
2018-1-10T13-49-25,1515588565672,0.81463414,-0.07317073,0.4368932,0.81463414
2018-1-10T13-49-25,1515588565673,0.81463414,-0.07317073,0.39805827,0.81463414
2018-1-10T13-49-25,1515588565674,0.77560973,-0.053658538,0.37864077,0.77560973
2018-1-10T13-49-25,1515588565675,0.7853659,-0.053658538,0.46601942,0.7853659
2018-1-10T13-49-25,1515588565676,0.80487806,-0.014634146,0.4854369,0.80487806
2018-1-10T13-49-25,1515588565677,0.80487806,-0.09268293,0.39805827,0.80487806
2018-1-10T13-49-25,1515588565678,0.8341463,0.004878049,0.3592233,0.8341463
2018-1-10T13-49-25,1515588565679,0.85365856,0.034146342,0.42718446,0.85365856
2018-1-10T13-49-25,1515588565680,0.85365856,0.014634146,0.49514562,0.85365856
2018-1-10T13-49-25,1515588565681,0.8829268,0.014634146,0.46601942,0.8829268
2018-1-10T13-49-25,1515588565682,0.902439,0.004878049,0.47572815,0.902439
2018-1-10T13-49-25,1515588565683,0.902439,0.014634146,0.49514562,0.902439
2018-1-10T13-49-25,1515588565684,0.9414634,-0.014634146,0.5631068,0.9414634
2018-1-10T13-49-25,1515588565685,0.91219515,-0.034146342,0.4854369,0.91219515
2018-1-10T13-49-25,1515588565686,0.87317073,-0.014634146,0.36893204,0.87317073
2018-1-10T13-49-25,1515588565687,0.81463414,0.004878049,0.37864077,0.81463414
2018-1-10T13-49-25,1515588565688,0.76585364,-0.024390243,0.4368932,0.76585364
2018-1-10T13-49-25,1515588565689,0.77560973,-0.034146342,0.46601942,0.77560973
2018-1-10T13-49-25,1515588565690,0.76585364,-0.024390243,0.42718446,0.76585364
2018-1-10T13-49-25,1515588565691,0.79512197,-0.034146342,0.41747573,0.79512197
2018-1-10T13-49-25,1515588565692,0.8341463,-0.07317073,0.407767,0.8341463
2018-1-10T13-49-25,1515588565693,0.84390247,-0.08292683,0.4368932,0.84390247
2018-1-10T13-49-25,1515588565694,0.84390247,-0.014634146,0.4563107,0.84390247
2018-1-10T13-49-25,1515588565695,0.84390247,-0.043902438,0.44660193,0.84390247
2018-1-10T13-49-25,1515588565696,0.84390247,-0.024390243,0.44660193,0.84390247
2018-1-10T13-49-25,1515588565697,0.82439023,-0.014634146,0.44660193,0.82439023
2018-1-10T13-49-25,1515588565698,0.8341463,-0.014634146,0.47572815,0.8341463
2018-1-10T13-49-25,1515588565699,0.8829268,-0.004878049,0.4854369,0.8829268
2018-1-10T13-49-25,1515588565700,0.8926829,0.014634146,0.42718446,0.8926829
2018-1-10T13-49-25,1515588565701,0.91219515,0.06341463,0.407767,0.91219515
2018-1-10T13-49-25,1515588565702,0.92195123,0.053658538,0.4854369,0.92195123
2018-1-10T13-49-25,1515588565703,0.8829268,-0.004878049,0.52427185,0.8829268
2018-1-10T13-49-25,1515588565704,0.87317073,-0.014634146,0.47572815,0.87317073
2018-1-10T13-49-25,1515588565705,0.86341465,-0.024390243,0.42718446,0.86341465
2018-1-10T13-49-25,1515588565706,0.85365856,-0.053658538,0.44660193,0.85365856
2018-1-10T13-49-25,1515588565707,0.82439023,-0.053658538,0.46601942,0.82439023
2018-1-10T13-49-25,1515588565708,0.79512197,-0.07317073,0.44660193,0.79512197
2018-1-10T13-49-25,1515588565709,0.82439023,-0.15121952,0.41747573,0.82439023
2018-1-10T13-49-25,1515588565710,0.80487806,-0.043902438,0.42718446,0.80487806
2018-1-10T13-49-25,1515588565711,0.76585364,-0.053658538,0.4368932,0.76585364
2018-1-10T13-49-25,1515588565712,0.8341463,-0.043902438,0.4563107,0.8341463
2018-1-10T13-49-25,1515588565713,0.8341463,-0.024390243,0.4563107,0.8341463
2018-1-10T13-49-25,1515588565714,0.82439023,0.004878049,0.37864077,0.82439023
2018-1-10T13-49-25,1515588565715,0.8341463,-0.004878049,0.37864077,0.8341463
2018-1-10T13-49-25,1515588565716,0.76585364,-0.034146342,0.407767,0.76585364
2018-1-10T13-49-25,1515588565717,0.80487806,-0.034146342,0.44660193,0.80487806
2018-1-10T13-49-25,1515588565718,0.80487806,-0.053658538,0.47572815,0.80487806
2018-1-10T13-49-25,1515588565719,0.84390247,-0.034146342,0.49514562,0.84390247
2018-1-10T13-49-25,1515588565720,0.87317073,-0.034146342,0.4563107,0.87317073
2018-1-10T13-49-25,1515588565721,1.0195122,-0.004878049,0.4563107,1.0195122
2018-1-10T13-49-25,1515588565722,0.91219515,0.024390243,0.4854369,0.91219515
2018-1-10T13-49-25,1515588565723,0.9317073,-0.004878049,0.5533981,0.9317073
2018-1-10T13-49-25,1515588565724,0.9317073,0.034146342,0.49514562,0.9317073
2018-1-10T13-49-25,1515588565725,0.91219515,0.034146342,0.4368932,0.91219515
2018-1-10T13-49-25,1515588565726,0.8829268,0.014634146,0.39805827,0.8829268
2018-1-10T13-49-25,1515588565727,0.85365856,-0.053658538,0.49514562,0.85365856
2018-1-10T13-49-25,1515588565728,0.82439023,-0.053658538,0.4368932,0.82439023
2018-1-10T13-49-25,1515588565729,0.79512197,-0.024390243,0.37864077,0.79512197
2018-1-10T13-49-25,1515588565730,0.7853659,-0.014634146,0.41747573,0.7853659
2018-1-10T13-49-25,1515588565731,0.7853659,-0.053658538,0.4563107,0.7853659
2018-1-10T13-49-25,1515588565732,0.76585364,-0.053658538,0.407767,0.76585364
2018-1-10T13-49-25,1515588565733,0.82439023,0.004878049,0.39805827,0.82439023
2018-1-10T13-49-25,1515588565734,0.87317073,0.004878049,0.4563107,0.87317073
2018-1-10T13-49-25,1515588565735,0.86341465,-0.014634146,0.41747573,0.86341465
2018-1-10T13-49-25,1515588565736,0.86341465,-0.004878049,0.39805827,0.86341465
2018-1-10T13-49-25,1515588565737,0.8926829,-0.014634146,0.47572815,0.8926829
2018-1-10T13-49-25,1515588565738,0.8341463,-0.06341463,0.42718446,0.8341463
2018-1-10T13-49-25,1515588565739,0.81463414,-0.053658538,0.3398058,0.81463414
2018-1-10T13-49-25,1515588565740,0.79512197,-0.043902438,0.42718446,0.79512197
2018-1-10T13-49-25,1515588565741,0.8341463,-0.043902438,0.49514562,0.8341463
2018-1-10T13-49-25,1515588565742,0.87317073,-0.043902438,0.47572815,0.87317073
2018-1-10T13-49-25,1515588565743,0.902439,-0.004878049,0.3883495,0.902439
2018-1-10T13-49-25,1515588565744,0.91219515,-0.014634146,0.44660193,0.91219515
2018-1-10T13-49-25,1515588565745,0.86341465,-0.024390243,0.5436893,0.86341465
2018-1-10T13-49-25,1515588565746,0.9317073,-0.024390243,0.592233,0.9317073
2018-1-10T13-49-25,1515588565747,0.92195123,-0.034146342,0.49514562,0.92195123
2018-1-10T13-49-25,1515588565748,0.8926829,0.004878049,0.3592233,0.8926829
2018-1-10T13-49-25,1515588565749,0.8341463,0.004878049,0.407767,0.8341463
2018-1-10T13-49-25,1515588565750,0.82439023,-0.024390243,0.5339806,0.82439023
2018-1-10T13-49-25,1515588565751,0.80487806,-0.034146342,0.44660193,0.80487806
2018-1-10T13-49-25,1515588565752,0.7853659,0.004878049,0.30097088,0.7853659
2018-1-10T13-49-25,1515588565753,0.7853659,-0.014634146,0.3592233,0.7853659
2018-1-10T13-49-25,1515588565754,0.79512197,-0.024390243,0.44660193,0.79512197
2018-1-10T13-49-25,1515588565755,0.77560973,-0.014634146,0.44660193,0.77560973
2018-1-10T13-49-25,1515588565756,0.79512197,0.004878049,0.3592233,0.79512197
2018-1-10T13-49-25,1515588565757,0.84390247,-0.014634146,0.3592233,0.84390247
2018-1-10T13-49-25,1515588565758,0.85365856,-0.08292683,0.44660193,0.85365856
2018-1-10T13-49-25,1515588565759,0.84390247,-0.004878049,0.44660193,0.84390247
2018-1-10T13-49-25,1515588565760,0.8926829,0.024390243,0.5048544,0.8926829
2018-1-10T13-49-25,1515588565761,0.9804878,0.2,0.49514562,0.9804878
2018-1-10T13-49-25,1515588565762,0.92195123,-0.014634146,0.4563107,0.92195123
2018-1-10T13-49-25,1515588565763,0.9512195,-0.014634146,0.3883495,0.9512195
2018-1-10T13-49-25,1515588565764,0.87317073,-0.004878049,0.47572815,0.87317073
2018-1-10T13-49-25,1515588565765,0.8829268,-0.053658538,0.5436893,0.8829268
2018-1-10T13-49-25,1515588565766,0.8341463,-0.11219512,0.44660193,0.8341463
2018-1-10T13-49-25,1515588565767,0.7853659,-0.053658538,0.3592233,0.7853659
2018-1-10T13-49-25,1515588565768,0.79512197,-0.06341463,0.3883495,0.79512197
2018-1-10T13-49-25,1515588565769,0.7853659,-0.07317073,0.4854369,0.7853659
2018-1-10T13-49-25,1515588565770,0.74634147,-0.07317073,0.47572815,0.74634147
2018-1-10T13-49-25,1515588565771,0.84390247,-0.08292683,0.41747573,0.84390247
2018-1-10T13-49-25,1515588565772,0.85365856,-0.014634146,0.41747573,0.85365856
2018-1-10T13-49-25,1515588565773,0.86341465,-0.024390243,0.46601942,0.86341465
2018-1-10T13-49-25,1515588565774,0.85365856,-0.043902438,0.5145631,0.85365856
2018-1-10T13-49-25,1515588565775,0.8829268,-0.034146342,0.44660193,0.8829268
2018-1-10T13-49-25,1515588565776,0.8829268,0.004878049,0.39805827,0.8829268
2018-1-10T13-49-25,1515588565777,0.8829268,0.014634146,0.41747573,0.8829268
2018-1-10T13-49-25,1515588565778,0.84390247,-0.004878049,0.41747573,0.84390247
2018-1-10T13-49-25,1515588565779,0.80487806,0.004878049,0.44660193,0.80487806
2018-1-10T13-49-25,1515588565780,0.84390247,0.014634146,0.44660193,0.84390247
2018-1-10T13-49-25,1515588565781,0.84390247,0.024390243,0.44660193,0.84390247
2018-1-10T13-49-25,1515588565782,0.84390247,0.034146342,0.46601942,0.84390247
2018-1-10T13-49-25,1515588565783,0.87317073,-0.004878049,0.49514562,0.87317073
2018-1-10T13-49-25,1515588565784,0.87317073,0.004878049,0.4563107,0.87317073
2018-1-10T13-49-25,1515588565785,0.8926829,0.014634146,0.41747573,0.8926829
2018-1-10T13-49-25,1515588565786,0.86341465,-0.004878049,0.47572815,0.86341465
2018-1-10T13-49-25,1515588565787,0.85365856,-0.034146342,0.44660193,0.85365856
2018-1-10T13-49-25,1515588565788,0.82439023,-0.004878049,0.4563107,0.82439023
2018-1-10T13-49-25,1515588565789,0.82439023,-0.053658538,0.37864077,0.82439023
2018-1-10T13-49-25,1515588565790,0.77560973,-0.09268293,0.3398058,0.77560973
2018-1-10T13-49-25,1515588565791,0.82439023,-0.053658538,0.4368932,0.82439023
2018-1-10T13-49-25,1515588565792,0.7853659,-0.08292683,0.46601942,0.7853659
2018-1-10T13-49-25,1515588565793,0.81463414,-0.034146342,0.42718446,0.81463414
2018-1-10T13-49-25,1515588565794,0.84390247,-0.014634146,0.46601942,0.84390247
2018-1-10T13-49-25,1515588565795,0.8829268,-0.024390243,0.46601942,0.8829268
2018-1-10T13-49-25,1515588565796,0.85365856,-0.043902438,0.5436893,0.85365856
2018-1-10T13-49-25,1515588565797,0.92195123,-0.024390243,0.4563107,0.92195123
2018-1-10T13-49-25,1515588565798,0.8926829,-0.004878049,0.407767,0.8926829
2018-1-10T13-49-25,1515588565799,0.82439023,-0.034146342,0.47572815,0.82439023
2018-1-10T13-49-25,1515588565800,0.8829268,-0.053658538,0.52427185,0.8829268
2018-1-10T13-49-25,1515588565801,0.8341463,-0.07317073,0.47572815,0.8341463
2018-1-10T13-49-25,1515588565802,0.87317073,-0.034146342,0.36893204,0.87317073
2018-1-10T13-49-25,1515588565803,0.85365856,-0.014634146,0.41747573,0.85365856
2018-1-10T13-49-25,1515588565804,0.84390247,-0.034146342,0.4854369,0.84390247
2018-1-10T13-49-25,1515588565805,0.85365856,-0.034146342,0.5145631,0.85365856
2018-1-10T13-49-25,1515588565806,0.8926829,-0.024390243,0.5048544,0.8926829
2018-1-10T13-49-25,1515588565807,0.91219515,0.024390243,0.407767,0.91219515
2018-1-10T13-49-25,1515588565808,0.86341465,0.043902438,0.407767,0.86341465
2018-1-10T13-49-25,1515588565809,0.82439023,0.024390243,0.4854369,0.82439023
2018-1-10T13-49-25,1515588565810,0.82439023,-0.053658538,0.5048544,0.82439023
2018-1-10T13-49-25,1515588565811,0.7853659,0.004878049,0.3883495,0.7853659
2018-1-10T13-49-25,1515588565812,0.80487806,0.034146342,0.29126215,0.80487806
2018-1-10T13-49-25,1515588565813,0.7853659,-0.014634146,0.44660193,0.7853659
2018-1-10T13-49-25,1515588565814,0.81463414,-0.06341463,0.57281554,0.81463414
2018-1-10T13-49-25,1515588565815,0.86341465,-0.034146342,0.46601942,0.86341465
2018-1-10T13-49-25,1515588565816,0.86341465,-0.014634146,0.3592233,0.86341465
2018-1-10T13-49-25,1515588565817,0.9317073,-0.014634146,0.36893204,0.9317073
2018-1-10T13-49-25,1515588565818,0.84390247,-0.034146342,0.5339806,0.84390247
2018-1-10T13-49-25,1515588565819,0.81463414,-0.08292683,0.5533981,0.81463414
2018-1-10T13-49-25,1515588565820,0.8341463,-0.07317073,0.44660193,0.8341463
2018-1-10T13-49-25,1515588565821,0.85365856,-0.08292683,0.42718446,0.85365856
2018-1-10T13-49-25,1515588565822,0.8926829,-0.07317073,0.47572815,0.8926829
2018-1-10T13-49-25,1515588565823,0.8829268,-0.08292683,0.4854369,0.8829268
2018-1-10T13-49-25,1515588565824,0.8926829,-0.12195122,0.46601942,0.8926829
2018-1-10T13-49-25,1515588565825,0.87317073,-0.014634146,0.4368932,0.87317073
2018-1-10T13-49-25,1515588565826,0.84390247,-0.034146342,0.42718446,0.84390247
2018-1-10T13-49-25,1515588565827,0.81463414,-0.004878049,0.4563107,0.81463414
2018-1-10T13-49-25,1515588565828,0.8829268,-0.014634146,0.4563107,0.8829268
2018-1-10T13-49-25,1515588565829,0.8341463,-0.024390243,0.42718446,0.8341463
2018-1-10T13-49-25,1515588565830,0.8341463,-0.024390243,0.42718446,0.8341463
2018-1-10T13-49-25,1515588565831,0.84390247,0.014634146,0.4368932,0.84390247
2018-1-10T13-49-25,1515588565832,0.79512197,-0.053658538,0.42718446,0.79512197
2018-1-10T13-49-25,1515588565833,0.81463414,-0.024390243,0.4563107,0.81463414
2018-1-10T13-49-25,1515588565834,0.8341463,-0.034146342,0.4563107,0.8341463
2018-1-10T13-49-25,1515588565835,0.8341463,-0.024390243,0.407767,0.8341463
2018-1-10T13-49-25,1515588565836,0.8341463,0.024390243,0.39805827,0.8341463
2018-1-10T13-49-25,1515588565837,0.9317073,0.034146342,0.46601942,0.9317073
2018-1-10T13-49-25,1515588565838,0.87317073,0.014634146,0.5145631,0.87317073
2018-1-10T13-49-25,1515588565839,0.902439,0.024390243,0.4563107,0.902439
2018-1-10T13-49-25,1515588565840,0.8829268,0.06341463,0.41747573,0.8829268
2018-1-10T13-49-25,1515588565841,0.8829268,0.034146342,0.39805827,0.8829268
2018-1-10T13-49-25,1515588565842,0.8341463,0.004878049,0.39805827,0.8341463
2018-1-10T13-49-25,1515588565843,0.7853659,-0.004878049,0.4563107,0.7853659
2018-1-10T13-49-25,1515588565844,0.8341463,-0.043902438,0.4854369,0.8341463
2018-1-10T13-49-25,1515588565845,0.8341463,-0.08292683,0.47572815,0.8341463
2018-1-10T13-49-25,1515588565846,0.82439023,-0.004878049,0.37864077,0.82439023
2018-1-10T13-49-25,1515588565847,0.84390247,-0.043902438,0.42718446,0.84390247
2018-1-10T13-49-25,1515588565848,0.85365856,-0.06341463,0.5145631,0.85365856
2018-1-10T13-49-25,1515588565849,0.8341463,-0.07317073,0.4563107,0.8341463
2018-1-10T13-49-25,1515588565850,0.84390247,-0.06341463,0.42718446,0.84390247
2018-1-10T13-49-25,1515588565851,0.87317073,-0.13170731,0.4854369,0.87317073
2018-1-10T13-49-25,1515588565852,0.81463414,-0.043902438,0.52427185,0.81463414
2018-1-10T13-49-25,1515588565853,0.84390247,-0.034146342,0.4563107,0.84390247
2018-1-10T13-49-25,1515588565854,0.86341465,-0.043902438,0.42718446,0.86341465
2018-1-10T13-49-25,1515588565855,0.86341465,0.034146342,0.42718446,0.86341465
2018-1-10T13-49-25,1515588565856,0.8829268,-0.014634146,0.47572815,0.8829268
2018-1-10T13-49-25,1515588565857,0.84390247,0.004878049,0.4368932,0.84390247
2018-1-10T13-49-25,1515588565858,0.82439023,0.004878049,0.42718446,0.82439023
2018-1-10T13-49-25,1515588565859,0.81463414,-0.053658538,0.41747573,0.81463414
2018-1-10T13-49-25,1515588565860,0.80487806,0.014634146,0.4563107,0.80487806
2018-1-10T13-49-25,1515588565861,0.84390247,0.014634146,0.4368932,0.84390247
2018-1-10T13-49-25,1515588565862,0.85365856,0.024390243,0.44660193,0.85365856
2018-1-10T13-49-25,1515588565863,0.8341463,0.004878049,0.47572815,0.8341463
2018-1-10T13-49-25,1515588565864,0.8829268,-0.004878049,0.47572815,0.8829268
2018-1-10T13-49-25,1515588565865,0.87317073,0.024390243,0.41747573,0.87317073
2018-1-10T13-49-25,1515588565866,0.81463414,0.034146342,0.39805827,0.81463414
2018-1-10T13-49-25,1515588565867,0.84390247,0.014634146,0.46601942,0.84390247
2018-1-10T13-49-25,1515588565868,0.87317073,-0.024390243,0.4854369,0.87317073
2018-1-10T13-49-25,1515588565869,0.85365856,-0.014634146,0.41747573,0.85365856
2018-1-10T13-49-25,1515588565870,0.82439023,-0.004878049,0.36893204,0.82439023
2018-1-10T13-49-25,1515588565871,0.76585364,-0.024390243,0.42718446,0.76585364
2018-1-10T13-49-25,1515588565872,0.80487806,-0.043902438,0.4368932,0.80487806
2018-1-10T13-49-25,1515588565873,0.7853659,-0.06341463,0.3398058,0.7853659
2018-1-10T13-49-25,1515588565874,0.76585364,-0.043902438,0.3592233,0.76585364
2018-1-10T13-49-25,1515588565875,0.81463414,-0.053658538,0.44660193,0.81463414
2018-1-10T13-49-25,1515588565876,0.85365856,-0.07317073,0.49514562,0.85365856
2018-1-10T13-49-25,1515588565877,0.85365856,-0.053658538,0.49514562,0.85365856
2018-1-10T13-49-25,1515588565878,0.9414634,-0.053658538,0.49514562,0.9414634
2018-1-10T13-49-25,1515588565879,0.9317073,-0.034146342,0.5436893,0.9317073
2018-1-10T13-49-25,1515588565880,0.9317073,-0.043902438,0.4563107,0.9317073
2018-1-10T13-49-25,1515588565881,0.92195123,-0.004878049,0.5048544,0.92195123
2018-1-10T13-49-25,1515588565882,0.8926829,-0.014634146,0.47572815,0.8926829
2018-1-10T13-49-25,1515588565883,0.8341463,-0.014634146,0.37864077,0.8341463
2018-1-10T13-49-25,1515588565884,0.81463414,0.09268293,0.39805827,0.81463414
2018-1-10T13-49-25,1515588565885,0.82439023,0.024390243,0.4854369,0.82439023
2018-1-10T13-49-25,1515588565886,0.82439023,-0.024390243,0.4563107,0.82439023
2018-1-10T13-49-25,1515588565887,0.7853659,-0.014634146,0.34951457,0.7853659
2018-1-10T13-49-25,1515588565888,0.82439023,0.024390243,0.39805827,0.82439023
2018-1-10T13-49-25,1515588565889,0.80487806,0.014634146,0.4563107,0.80487806
2018-1-10T13-49-25,1515588565890,0.7853659,-0.024390243,0.41747573,0.7853659
2018-1-10T13-49-25,1515588565891,0.81463414,-0.024390243,0.39805827,0.81463414
2018-1-10T13-49-25,1515588565892,0.82439023,0.014634146,0.4563107,0.82439023
2018-1-10T13-49-25,1515588565893,0.86341465,-0.014634146,0.407767,0.86341465
2018-1-10T13-49-25,1515588565894,0.85365856,-0.004878049,0.4368932,0.85365856
2018-1-10T13-49-25,1515588565895,0.91219515,0.004878049,0.49514562,0.91219515
2018-1-10T13-49-25,1515588565896,0.9317073,-0.004878049,0.5048544,0.9317073
2018-1-10T13-49-25,1515588565897,0.902439,0.004878049,0.47572815,0.902439
2018-1-10T13-49-25,1515588565898,0.87317073,0.004878049,0.47572815,0.87317073
2018-1-10T13-49-25,1515588565899,0.92195123,-0.024390243,0.5436893,0.92195123
2018-1-10T13-49-25,1515588565900,0.86341465,-0.08292683,0.4854369,0.86341465
2018-1-10T13-49-25,1515588565901,0.8341463,-0.034146342,0.37864077,0.8341463
2018-1-10T13-49-25,1515588565902,0.84390247,-0.06341463,0.37864077,0.84390247
2018-1-10T13-49-25,1515588565903,0.7365854,-0.09268293,0.407767,0.7365854
2018-1-10T13-49-25,1515588565904,0.69756097,-0.10243902,0.37864077,0.69756097
2018-1-10T13-49-25,1515588565905,0.71707314,-0.10243902,0.39805827,0.71707314
2018-1-10T13-49-25,1515588565906,0.75609756,-0.08292683,0.407767,0.75609756
2018-1-10T13-49-25,1515588565907,0.79512197,-0.06341463,0.4368932,0.79512197
2018-1-10T13-49-25,1515588565908,0.902439,-0.034146342,0.47572815,0.902439
2018-1-10T13-49-25,1515588565909,0.77560973,-0.014634146,0.46601942,0.77560973
2018-1-10T13-49-25,1515588565910,0.9512195,0.024390243,0.44660193,0.9512195
2018-1-10T13-49-25,1515588565911,0.92195123,0.053658538,0.4854369,0.92195123
2018-1-10T13-49-25,1515588565912,0.8926829,-0.024390243,0.46601942,0.8926829
2018-1-10T13-49-25,1515588565913,0.85365856,0.034146342,0.4368932,0.85365856
2018-1-10T13-49-25,1515588565914,0.82439023,0.024390243,0.407767,0.82439023
2018-1-10T13-49-25,1515588565915,0.8341463,0.014634146,0.44660193,0.8341463
2018-1-10T13-49-25,1515588565916,0.81463414,-0.034146342,0.44660193,0.81463414
2018-1-10T13-49-25,1515588565917,0.84390247,0.004878049,0.407767,0.84390247
2018-1-10T13-49-25,1515588565918,0.85365856,0.043902438,0.4368932,0.85365856
2018-1-10T13-49-25,1515588565919,0.8829268,-0.014634146,0.46601942,0.8829268
2018-1-10T13-49-25,1515588565920,0.86341465,-0.043902438,0.47572815,0.86341465
2018-1-10T13-49-25,1515588565921,0.8829268,-0.034146342,0.5339806,0.8829268
2018-1-10T13-49-25,1515588565922,0.8926829,-0.043902438,0.49514562,0.8926829
2018-1-10T13-49-25,1515588565923,0.87317073,-0.043902438,0.46601942,0.87317073
2018-1-10T13-49-25,1515588565924,0.86341465,-0.034146342,0.407767,0.86341465
2018-1-10T13-49-25,1515588565925,0.82439023,0.004878049,0.3883495,0.82439023
2018-1-10T13-49-25,1515588565926,0.7853659,-0.004878049,0.39805827,0.7853659
2018-1-10T13-49-25,1515588565927,0.79512197,-0.08292683,0.41747573,0.79512197
2018-1-10T13-49-25,1515588565928,0.76585364,-0.034146342,0.3883495,0.76585364
2018-1-10T13-49-25,1515588565929,0.7365854,-0.043902438,0.37864077,0.7365854
2018-1-10T13-49-25,1515588565930,0.82439023,-0.014634146,0.4563107,0.82439023
2018-1-10T13-49-25,1515588565931,0.8926829,-0.043902438,0.5048544,0.8926829
2018-1-10T13-49-25,1515588565932,0.8341463,-0.043902438,0.4854369,0.8341463
2018-1-10T13-49-25,1515588565933,0.8829268,-0.053658538,0.407767,0.8829268
2018-1-10T13-49-25,1515588565934,0.902439,-0.014634146,0.4368932,0.902439
2018-1-10T13-49-25,1515588565935,0.81463414,-0.053658538,0.4563107,0.81463414
2018-1-10T13-49-25,1515588565936,0.84390247,-0.024390243,0.4854369,0.84390247
2018-1-10T13-49-25,1515588565937,0.84390247,-0.043902438,0.44660193,0.84390247
2018-1-10T13-49-25,1515588565938,0.8341463,-0.024390243,0.37864077,0.8341463
2018-1-10T13-49-25,1515588565939,0.84390247,-0.034146342,0.37864077,0.84390247
2018-1-10T13-49-25,1515588565940,0.86341465,-0.024390243,0.46601942,0.86341465
2018-1-10T13-49-25,1515588565941,0.8341463,-0.024390243,0.4854369,0.8341463
2018-1-10T13-49-25,1515588565942,0.86341465,-0.004878049,0.4854369,0.86341465
2018-1-10T13-49-25,1515588565943,0.85365856,-0.024390243,0.46601942,0.85365856
2018-1-10T13-49-25,1515588565944,0.85365856,0.004878049,0.4368932,0.85365856
2018-1-10T13-49-25,1515588565945,0.87317073,0.014634146,0.47572815,0.87317073
2018-1-10T13-49-25,1515588565946,0.85365856,0.004878049,0.46601942,0.85365856
2018-1-10T13-49-25,1515588565947,0.85365856,-0.004878049,0.44660193,0.85365856
2018-1-10T13-49-25,1515588565948,0.81463414,-0.004878049,0.407767,0.81463414
2018-1-10T13-49-25,1515588565949,0.81463414,0.004878049,0.41747573,0.81463414
2018-1-10T13-49-25,1515588565950,0.82439023,-0.004878049,0.4368932,0.82439023
2018-1-10T13-49-25,1515588565951,0.81463414,-0.034146342,0.4368932,0.81463414
2018-1-10T13-49-25,1515588565952,0.81463414,-0.09268293,0.37864077,0.81463414
2018-1-10T13-49-25,1515588565953,0.80487806,-0.024390243,0.407767,0.80487806
2018-1-10T13-49-25,1515588565954,0.84390247,-0.043902438,0.49514562,0.84390247
2018-1-10T13-49-25,1515588565955,0.87317073,-0.06341463,0.49514562,0.87317073
2018-1-10T13-49-25,1515588565956,0.8341463,-0.08292683,0.47572815,0.8341463
2018-1-10T13-49-25,1515588565957,0.84390247,-0.034146342,0.37864077,0.84390247
2018-1-10T13-49-25,1515588565958,0.8926829,-0.034146342,0.52427185,0.8926829
2018-1-10T13-49-25,1515588565959,0.902439,-0.014634146,0.52427185,0.902439
2018-1-10T13-49-25,1515588565960,0.91219515,0.004878049,0.4563107,0.91219515
2018-1-10T13-49-25,1515588565961,0.902439,0.024390243,0.41747573,0.902439
2018-1-10T13-49-25,1515588565962,0.87317073,0.024390243,0.41747573,0.87317073
2018-1-10T13-49-25,1515588565963,0.81463414,0.024390243,0.47572815,0.81463414
2018-1-10T13-49-25,1515588565964,0.8341463,0.06341463,0.33009708,0.8341463
2018-1-10T13-49-25,1515588565965,0.74634147,-0.024390243,0.36893204,0.74634147
2018-1-10T13-49-25,1515588565966,0.75609756,-0.053658538,0.44660193,0.75609756
2018-1-10T13-49-25,1515588565967,0.76585364,-0.08292683,0.44660193,0.76585364
2018-1-10T13-49-25,1515588565968,0.8341463,-0.07317073,0.37864077,0.8341463
2018-1-10T13-49-25,1515588565969,0.75609756,-0.034146342,0.41747573,0.75609756
2018-1-10T13-49-25,1515588565970,0.87317073,-0.034146342,0.5145631,0.87317073
2018-1-10T13-49-25,1515588565971,0.92195123,-0.034146342,0.5145631,0.92195123
2018-1-10T13-49-25,1515588565972,0.8926829,0.043902438,0.47572815,0.8926829
2018-1-10T13-49-25,1515588565973,0.9902439,-0.004878049,0.4368932,0.9902439
2018-1-10T13-49-25,1515588565974,0.92195123,0.004878049,0.49514562,0.92195123
2018-1-10T13-49-25,1515588565975,0.8926829,0.053658538,0.46601942,0.8926829
2018-1-10T13-49-25,1515588565976,0.8341463,0.024390243,0.37864077,0.8341463
2018-1-10T13-49-25,1515588565977,0.81463414,0.034146342,0.4368932,0.81463414
2018-1-10T13-49-25,1515588565978,0.8829268,-0.004878049,0.5048544,0.8829268
2018-1-10T13-49-25,1515588565979,0.8829268,-0.014634146,0.46601942,0.8829268
2018-1-10T13-49-25,1515588565980,0.86341465,0.004878049,0.39805827,0.86341465
2018-1-10T13-49-25,1515588565981,0.91219515,0.004878049,0.42718446,0.91219515
2018-1-10T13-49-25,1515588565982,0.9512195,-0.053658538,0.49514562,0.9512195
2018-1-10T13-49-25,1515588565983,0.7853659,-0.07317073,0.47572815,0.7853659
2018-1-10T13-49-25,1515588565984,0.79512197,-0.07317073,0.39805827,0.79512197
2018-1-10T13-49-25,1515588565985,0.77560973,-0.053658538,0.34951457,0.77560973
2018-1-10T13-49-25,1515588565986,0.77560973,-0.053658538,0.4563107,0.77560973
2018-1-10T13-49-25,1515588565987,0.80487806,-0.07317073,0.49514562,0.80487806
2018-1-10T13-49-25,1515588565988,0.8341463,-0.043902438,0.41747573,0.8341463
2018-1-10T13-49-25,1515588565989,0.87317073,0.004878049,0.3883495,0.87317073
2018-1-10T13-49-25,1515588565990,0.8829268,0.014634146,0.42718446,0.8829268
2018-1-10T13-49-25,1515588565991,0.85365856,-0.004878049,0.52427185,0.85365856
2018-1-10T13-49-25,1515588565992,0.87317073,-0.004878049,0.46601942,0.87317073
2018-1-10T13-49-25,1515588565993,0.85365856,-0.014634146,0.46601942,0.85365856
2018-1-10T13-49-25,1515588565994,0.86341465,-0.024390243,0.46601942,0.86341465
2018-1-10T13-49-25,1515588565995,0.85365856,0.004878049,0.42718446,0.85365856
2018-1-10T13-49-25,1515588565996,0.84390247,-0.034146342,0.4368932,0.84390247
2018-1-10T13-49-25,1515588565997,0.8829268,-0.024390243,0.44660193,0.8829268
2018-1-10T13-49-25,1515588565998,0.79512197,-0.043902438,0.44660193,0.79512197
2018-1-10T13-49-25,1515588565999,0.84390247,-0.043902438,0.4563107,0.84390247
2018-1-10T13-49-26,1515588566000,0.85365856,-0.06341463,0.4368932,0.85365856
2018-1-10T13-49-26,1515588566001,0.81463414,-0.053658538,0.42718446,0.81463414
2018-1-10T13-49-26,1515588566002,0.8829268,0.07317073,0.49514562,0.8829268
2018-1-10T13-49-26,1515588566003,0.87317073,-0.004878049,0.5048544,0.87317073
2018-1-10T13-49-26,1515588566004,0.902439,-0.034146342,0.44660193,0.902439
2018-1-10T13-49-26,1515588566005,0.8341463,0.004878049,0.407767,0.8341463
2018-1-10T13-49-26,1515588566006,0.8341463,0.014634146,0.4563107,0.8341463
2018-1-10T13-49-26,1515588566007,0.82439023,0.014634146,0.44660193,0.82439023
2018-1-10T13-49-26,1515588566008,0.79512197,0.043902438,0.39805827,0.79512197
2018-1-10T13-49-26,1515588566009,0.77560973,-0.004878049,0.39805827,0.77560973
2018-1-10T13-49-26,1515588566010,0.81463414,0.004878049,0.41747573,0.81463414
2018-1-10T13-49-26,1515588566011,0.82439023,-0.014634146,0.44660193,0.82439023
2018-1-10T13-49-26,1515588566012,0.87317073,0.004878049,0.4368932,0.87317073
2018-1-10T13-49-26,1515588566013,0.8829268,-0.004878049,0.4563107,0.8829268
2018-1-10T13-49-26,1515588566014,0.86341465,-0.004878049,0.46601942,0.86341465
2018-1-10T13-49-26,1515588566015,0.86341465,-0.014634146,0.47572815,0.86341465
2018-1-10T13-49-26,1515588566016,0.81463414,-0.004878049,0.52427185,0.81463414
2018-1-10T13-49-26,1515588566017,0.902439,-0.034146342,0.49514562,0.902439
2018-1-10T13-49-26,1515588566018,0.8829268,-0.06341463,0.42718446,0.8829268
2018-1-10T13-49-26,1515588566019,0.87317073,-0.043902438,0.42718446,0.87317073
2018-1-10T13-49-26,1515588566020,0.84390247,-0.06341463,0.42718446,0.84390247
2018-1-10T13-49-26,1515588566021,0.7853659,-0.06341463,0.41747573,0.7853659
2018-1-10T13-49-26,1515588566022,0.74634147,-0.08292683,0.37864077,0.74634147
2018-1-10T13-49-26,1515588566023,0.8341463,-0.06341463,0.39805827,0.8341463
2018-1-10T13-49-26,1515588566024,0.79512197,-0.043902438,0.47572815,0.79512197
2018-1-10T13-49-26,1515588566025,0.82439023,-0.043902438,0.407767,0.82439023
2018-1-10T13-49-26,1515588566026,0.84390247,-0.043902438,0.4563107,0.84390247
2018-1-10T13-49-26,1515588566027,0.8926829,-0.10243902,0.4368932,0.8926829
2018-1-10T13-49-26,1515588566028,0.91219515,0.043902438,0.39805827,0.91219515
2018-1-10T13-49-26,1515588566029,0.902439,0.014634146,0.5145631,0.902439
2018-1-10T13-49-26,1515588566030,0.92195123,-0.004878049,0.5339806,0.92195123
2018-1-10T13-49-26,1515588566031,0.87317073,-0.024390243,0.4563107,0.87317073
2018-1-10T13-49-26,1515588566032,0.902439,0.014634146,0.407767,0.902439
2018-1-10T13-49-26,1515588566033,0.86341465,-0.004878049,0.4563107,0.86341465
2018-1-10T13-49-26,1515588566034,0.84390247,0.024390243,0.46601942,0.84390247
2018-1-10T13-49-26,1515588566035,0.8341463,0.043902438,0.3883495,0.8341463
2018-1-10T13-49-26,1515588566036,0.81463414,0.06341463,0.36893204,0.81463414
2018-1-10T13-49-26,1515588566037,0.82439023,0.043902438,0.46601942,0.82439023
2018-1-10T13-49-26,1515588566038,0.80487806,-0.06341463,0.46601942,0.80487806
2018-1-10T13-49-26,1515588566039,0.76585364,-0.043902438,0.3592233,0.76585364
2018-1-10T13-49-26,1515588566040,0.77560973,-0.014634146,0.37864077,0.77560973
2018-1-10T13-49-26,1515588566041,0.84390247,-0.043902438,0.46601942,0.84390247
2018-1-10T13-49-26,1515588566042,0.7853659,-0.06341463,0.47572815,0.7853659
2018-1-10T13-49-26,1515588566043,0.8341463,-0.06341463,0.42718446,0.8341463
2018-1-10T13-49-26,1515588566044,0.87317073,-0.053658538,0.42718446,0.87317073
2018-1-10T13-49-26,1515588566045,0.84390247,-0.053658538,0.49514562,0.84390247
2018-1-10T13-49-26,1515588566046,0.87317073,-0.004878049,0.42718446,0.87317073
2018-1-10T13-49-26,1515588566047,0.84390247,-0.043902438,0.4854369,0.84390247
2018-1-10T13-49-26,1515588566048,0.85365856,-0.07317073,0.46601942,0.85365856
2018-1-10T13-49-26,1515588566049,0.86341465,-0.034146342,0.41747573,0.86341465
2018-1-10T13-49-26,1515588566050,0.86341465,-0.024390243,0.49514562,0.86341465
2018-1-10T13-49-26,1515588566051,0.902439,-0.053658538,0.5339806,0.902439
2018-1-10T13-49-26,1515588566052,0.81463414,-0.024390243,0.49514562,0.81463414
2018-1-10T13-49-26,1515588566053,0.902439,0.004878049,0.4368932,0.902439
2018-1-10T13-49-26,1515588566054,0.902439,0.004878049,0.47572815,0.902439
2018-1-10T13-49-26,1515588566055,0.8829268,0.004878049,0.5145631,0.8829268
2018-1-10T13-49-26,1515588566056,0.87317073,-0.004878049,0.4368932,0.87317073
2018-1-10T13-49-26,1515588566057,0.8341463,-0.004878049,0.407767,0.8341463
2018-1-10T13-49-26,1515588566058,0.84390247,-0.034146342,0.41747573,0.84390247
2018-1-10T13-49-26,1515588566059,0.76585364,-0.034146342,0.407767,0.76585364
2018-1-10T13-49-26,1515588566060,0.75609756,-0.024390243,0.407767,0.75609756
2018-1-10T13-49-26,1515588566061,0.82439023,-0.024390243,0.407767,0.82439023
2018-1-10T13-49-26,1515588566062,0.7853659,0.004878049,0.39805827,0.7853659
2018-1-10T13-49-26,1515588566063,0.79512197,0.004878049,0.407767,0.79512197
2018-1-10T13-49-26,1515588566064,0.85365856,0.043902438,0.47572815,0.85365856
2018-1-10T13-49-26,1515588566065,0.85365856,0.014634146,0.4854369,0.85365856
2018-1-10T13-49-26,1515588566066,0.8829268,0.024390243,0.42718446,0.8829268
2018-1-10T13-49-26,1515588566067,0.91219515,0.024390243,0.39805827,0.91219515
2018-1-10T13-49-26,1515588566068,0.87317073,-0.004878049,0.4368932,0.87317073
2018-1-10T13-49-26,1515588566069,0.8341463,-0.043902438,0.4368932,0.8341463
2018-1-10T13-49-26,1515588566070,0.82439023,-0.043902438,0.46601942,0.82439023
2018-1-10T13-49-26,1515588566071,0.84390247,-0.07317073,0.5048544,0.84390247
2018-1-10T13-49-26,1515588566072,0.87317073,-0.08292683,0.42718446,0.87317073
2018-1-10T13-49-26,1515588566073,0.81463414,-0.07317073,0.42718446,0.81463414
2018-1-10T13-49-26,1515588566074,0.8926829,-0.06341463,0.49514562,0.8926829
2018-1-10T13-49-26,1515588566075,0.86341465,-0.09268293,0.5339806,0.86341465
2018-1-10T13-49-26,1515588566076,0.91219515,-0.053658538,0.49514562,0.91219515
2018-1-10T13-49-26,1515588566077,0.86341465,-0.024390243,0.3592233,0.86341465
2018-1-10T13-49-26,1515588566078,0.82439023,-0.014634146,0.4368932,0.82439023
2018-1-10T13-49-26,1515588566079,0.81463414,-0.034146342,0.5048544,0.81463414
2018-1-10T13-49-26,1515588566080,0.74634147,-0.053658538,0.4563107,0.74634147
2018-1-10T13-49-26,1515588566081,0.80487806,-0.014634146,0.3883495,0.80487806
2018-1-10T13-49-26,1515588566082,0.84390247,-0.024390243,0.41747573,0.84390247
2018-1-10T13-49-26,1515588566083,0.80487806,-0.053658538,0.407767,0.80487806
2018-1-10T13-49-26,1515588566084,0.76585364,-0.004878049,0.3883495,0.76585364
2018-1-10T13-49-26,1515588566085,0.80487806,0.014634146,0.407767,0.80487806
2018-1-10T13-49-26,1515588566086,0.80487806,0.024390243,0.44660193,0.80487806
2018-1-10T13-49-26,1515588566087,0.82439023,0.024390243,0.4368932,0.82439023
2018-1-10T13-49-26,1515588566088,0.8829268,0.07317073,0.47572815,0.8829268
2018-1-10T13-49-26,1515588566089,0.9317073,0.014634146,0.49514562,0.9317073
2018-1-10T13-49-26,1515588566090,0.9414634,0.034146342,0.4563107,0.9414634
2018-1-10T13-49-26,1515588566091,0.8926829,0.024390243,0.47572815,0.8926829
2018-1-10T13-49-26,1515588566092,0.8829268,-0.004878049,0.46601942,0.8829268
2018-1-10T13-49-26,1515588566093,0.84390247,-0.014634146,0.44660193,0.84390247
2018-1-10T13-49-26,1515588566094,0.80487806,-0.024390243,0.46601942,0.80487806
2018-1-10T13-49-26,1515588566095,0.85365856,-0.06341463,0.49514562,0.85365856
2018-1-10T13-49-26,1515588566096,0.79512197,-0.10243902,0.5145631,0.79512197
2018-1-10T13-49-26,1515588566097,0.8829268,-0.08292683,0.407767,0.8829268
2018-1-10T13-49-26,1515588566098,0.8341463,-0.07317073,0.3883495,0.8341463
2018-1-10T13-49-26,1515588566099,0.8341463,-0.053658538,0.41747573,0.8341463
2018-1-10T13-49-26,1515588566100,0.77560973,-0.034146342,0.44660193,0.77560973
2018-1-10T13-49-26,1515588566101,0.7853659,-0.08292683,0.44660193,0.7853659
2018-1-10T13-49-26,1515588566102,0.75609756,-0.024390243,0.39805827,0.75609756
2018-1-10T13-49-26,1515588566103,0.79512197,-0.034146342,0.37864077,0.79512197
2018-1-10T13-49-26,1515588566104,0.79512197,-0.024390243,0.42718446,0.79512197
2018-1-10T13-49-26,1515588566105,0.86341465,-0.004878049,0.4368932,0.86341465
2018-1-10T13-49-26,1515588566106,0.86341465,-0.024390243,0.39805827,0.86341465
2018-1-10T13-49-26,1515588566107,0.76585364,-0.004878049,0.407767,0.76585364
2018-1-10T13-49-26,1515588566108,0.84390247,-0.024390243,0.49514562,0.84390247
2018-1-10T13-49-26,1515588566109,0.8829268,-0.043902438,0.49514562,0.8829268
2018-1-10T13-49-26,1515588566110,0.8341463,-0.034146342,0.41747573,0.8341463
2018-1-10T13-49-26,1515588566111,0.84390247,-0.07317073,0.42718446,0.84390247
2018-1-10T13-49-26,1515588566112,0.8829268,-0.024390243,0.52427185,0.8829268
2018-1-10T13-49-26,1515588566113,0.92195123,-0.014634146,0.5339806,0.92195123
2018-1-10T13-49-26,1515588566114,0.902439,0.024390243,0.39805827,0.902439
2018-1-10T13-49-26,1515588566115,0.8341463,-0.034146342,0.41747573,0.8341463
2018-1-10T13-49-26,1515588566116,0.8341463,-0.004878049,0.49514562,0.8341463
2018-1-10T13-49-26,1515588566117,0.84390247,0.014634146,0.5631068,0.84390247
2018-1-10T13-49-26,1515588566118,0.80487806,0.004878049,0.37864077,0.80487806
2018-1-10T13-49-26,1515588566119,0.82439023,0.004878049,0.3592233,0.82439023
2018-1-10T13-49-26,1515588566120,0.79512197,-0.034146342,0.4563107,0.79512197
2018-1-10T13-49-26,1515588566121,0.82439023,-0.043902438,0.41747573,0.82439023
2018-1-10T13-49-26,1515588566122,0.75609756,-0.043902438,0.37864077,0.75609756
2018-1-10T13-49-26,1515588566123,0.77560973,-0.053658538,0.4563107,0.77560973
2018-1-10T13-49-26,1515588566124,0.84390247,-0.14146341,0.47572815,0.84390247
2018-1-10T13-49-26,1515588566125,0.85365856,-0.053658538,0.47572815,0.85365856
2018-1-10T13-49-26,1515588566126,0.92195123,-0.034146342,0.49514562,0.92195123
2018-1-10T13-49-26,1515588566127,0.9512195,-0.014634146,0.5048544,0.9512195
2018-1-10T13-49-26,1515588566128,0.9317073,-0.043902438,0.47572815,0.9317073
2018-1-10T13-49-26,1515588566129,0.91219515,-0.004878049,0.47572815,0.91219515
2018-1-10T13-49-26,1515588566130,0.902439,-0.014634146,0.4563107,0.902439
2018-1-10T13-49-26,1515588566131,0.87317073,-0.024390243,0.42718446,0.87317073
2018-1-10T13-49-26,1515588566132,0.79512197,-0.024390243,0.3883495,0.79512197
2018-1-10T13-49-26,1515588566133,0.7853659,-0.024390243,0.41747573,0.7853659
2018-1-10T13-49-26,1515588566134,0.7853659,-0.053658538,0.42718446,0.7853659
2018-1-10T13-49-26,1515588566135,0.80487806,-0.043902438,0.4368932,0.80487806
2018-1-10T13-49-26,1515588566136,0.82439023,-0.034146342,0.4368932,0.82439023
2018-1-10T13-49-26,1515588566137,0.85365856,-0.043902438,0.42718446,0.85365856
2018-1-10T13-49-26,1515588566138,0.84390247,0.043902438,0.42718446,0.84390247
2018-1-10T13-49-26,1515588566139,0.87317073,0.014634146,0.46601942,0.87317073
2018-1-10T13-49-26,1515588566140,0.84390247,-0.014634146,0.4563107,0.84390247
2018-1-10T13-49-26,1515588566141,0.82439023,-0.014634146,0.407767,0.82439023
2018-1-10T13-49-26,1515588566142,0.8341463,0.004878049,0.407767,0.8341463
2018-1-10T13-49-26,1515588566143,0.81463414,-0.004878049,0.46601942,0.81463414
2018-1-10T13-49-26,1515588566144,0.85365856,-0.004878049,0.4563107,0.85365856
2018-1-10T13-49-26,1515588566145,0.85365856,0.024390243,0.37864077,0.85365856
2018-1-10T13-49-26,1515588566146,0.82439023,0.004878049,0.39805827,0.82439023
2018-1-10T13-49-26,1515588566147,0.87317073,-0.004878049,0.5339806,0.87317073
2018-1-10T13-49-26,1515588566148,0.902439,-0.043902438,0.57281554,0.902439
2018-1-10T13-49-26,1515588566149,0.9512195,-0.043902438,0.44660193,0.9512195
2018-1-10T13-49-26,1515588566150,0.91219515,0.004878049,0.3398058,0.91219515
2018-1-10T13-49-26,1515588566151,0.87317073,-0.004878049,0.49514562,0.87317073
2018-1-10T13-49-26,1515588566152,0.8829268,-0.034146342,0.5631068,0.8829268
2018-1-10T13-49-26,1515588566153,0.8341463,-0.043902438,0.41747573,0.8341463
2018-1-10T13-49-26,1515588566154,0.81463414,-0.043902438,0.34951457,0.81463414
2018-1-10T13-49-26,1515588566155,0.81463414,-0.014634146,0.47572815,0.81463414
2018-1-10T13-49-26,1515588566156,0.81463414,-0.034146342,0.5631068,0.81463414
2018-1-10T13-49-26,1515588566157,0.82439023,-0.024390243,0.4854369,0.82439023
2018-1-10T13-49-26,1515588566158,0.84390247,0.034146342,0.407767,0.84390247
2018-1-10T13-49-26,1515588566159,0.902439,-0.014634146,0.407767,0.902439
2018-1-10T13-49-26,1515588566160,0.8341463,-0.08292683,0.39805827,0.8341463
2018-1-10T13-49-26,1515588566161,0.7853659,-0.053658538,0.41747573,0.7853659
2018-1-10T13-49-26,1515588566162,0.77560973,-0.08292683,0.46601942,0.77560973
2018-1-10T13-49-26,1515588566163,0.7853659,-0.09268293,0.46601942,0.7853659
2018-1-10T13-49-26,1515588566164,0.8341463,-0.11219512,0.47572815,0.8341463
2018-1-10T13-49-26,1515588566165,0.85365856,-0.004878049,0.407767,0.85365856
2018-1-10T13-49-26,1515588566166,0.85365856,0.014634146,0.4563107,0.85365856
2018-1-10T13-49-26,1515588566167,0.92195123,-0.004878049,0.5145631,0.92195123
2018-1-10T13-49-26,1515588566168,0.9317073,0.014634146,0.4854369,0.9317073
2018-1-10T13-49-26,1515588566169,0.902439,0.024390243,0.407767,0.902439
2018-1-10T13-49-26,1515588566170,0.902439,0.024390243,0.46601942,0.902439
2018-1-10T13-49-26,1515588566171,0.86341465,0.004878049,0.5145631,0.86341465
2018-1-10T13-49-26,1515588566172,0.85365856,-0.034146342,0.42718446,0.85365856
2018-1-10T13-49-26,1515588566173,0.75609756,-0.034146342,0.3398058,0.75609756
2018-1-10T13-49-26,1515588566174,0.79512197,-0.06341463,0.37864077,0.79512197
2018-1-10T13-49-26,1515588566175,0.82439023,-0.08292683,0.52427185,0.82439023
2018-1-10T13-49-26,1515588566176,0.82439023,-0.053658538,0.4563107,0.82439023
2018-1-10T13-49-26,1515588566177,0.80487806,-0.08292683,0.34951457,0.80487806
2018-1-10T13-49-26,1515588566178,0.82439023,-0.004878049,0.407767,0.82439023
2018-1-10T13-49-26,1515588566179,0.84390247,-0.014634146,0.52427185,0.84390247
2018-1-10T13-49-26,1515588566180,0.8341463,-0.053658538,0.4854369,0.8341463
2018-1-10T13-49-26,1515588566181,0.84390247,-0.014634146,0.3883495,0.84390247
2018-1-10T13-49-26,1515588566182,0.85365856,0.034146342,0.42718446,0.85365856
2018-1-10T13-49-26,1515588566183,0.86341465,0.034146342,0.49514562,0.86341465
2018-1-10T13-49-26,1515588566184,0.8341463,-0.034146342,0.44660193,0.8341463
2018-1-10T13-49-26,1515588566185,0.82439023,-0.024390243,0.33009708,0.82439023
2018-1-10T13-49-26,1515588566186,0.82439023,-0.004878049,0.39805827,0.82439023
2018-1-10T13-49-26,1515588566187,0.85365856,-0.004878049,0.5048544,0.85365856
2018-1-10T13-49-26,1515588566188,0.8829268,-0.034146342,0.4854369,0.8829268
2018-1-10T13-49-26,1515588566189,0.902439,0.004878049,0.47572815,0.902439
2018-1-10T13-49-26,1515588566190,0.87317073,-0.004878049,0.47572815,0.87317073
2018-1-10T13-49-26,1515588566191,0.92195123,-0.043902438,0.4563107,0.92195123
2018-1-10T13-49-26,1515588566192,0.85365856,-0.024390243,0.4368932,0.85365856
2018-1-10T13-49-26,1515588566193,0.8341463,0.053658538,0.47572815,0.8341463
2018-1-10T13-49-26,1515588566194,0.84390247,-0.07317073,0.5145631,0.84390247
2018-1-10T13-49-26,1515588566195,0.80487806,-0.08292683,0.44660193,0.80487806
2018-1-10T13-49-26,1515588566196,0.79512197,-0.07317073,0.36893204,0.79512197
2018-1-10T13-49-26,1515588566197,0.76585364,-0.043902438,0.3883495,0.76585364
2018-1-10T13-49-26,1515588566198,0.81463414,-0.043902438,0.47572815,0.81463414
2018-1-10T13-49-26,1515588566199,0.79512197,-0.053658538,0.5145631,0.79512197
2018-1-10T13-49-26,1515588566200,0.75609756,-0.014634146,0.3883495,0.75609756
2018-1-10T13-49-26,1515588566201,0.8341463,-0.024390243,0.4368932,0.8341463
2018-1-10T13-49-26,1515588566202,0.8829268,0.004878049,0.4854369,0.8829268
2018-1-10T13-49-26,1515588566203,0.8829268,-0.014634146,0.4563107,0.8829268
2018-1-10T13-49-26,1515588566204,0.85365856,0.004878049,0.42718446,0.85365856
2018-1-10T13-49-26,1515588566205,0.8926829,-0.004878049,0.46601942,0.8926829
2018-1-10T13-49-26,1515588566206,0.8926829,-0.043902438,0.5048544,0.8926829
2018-1-10T13-49-26,1515588566207,0.84390247,0.004878049,0.4368932,0.84390247
2018-1-10T13-49-26,1515588566208,0.84390247,0.004878049,0.37864077,0.84390247
2018-1-10T13-49-26,1515588566209,0.8829268,-0.004878049,0.44660193,0.8829268
2018-1-10T13-49-26,1515588566210,0.87317073,-0.014634146,0.5533981,0.87317073
2018-1-10T13-49-26,1515588566211,0.902439,-0.024390243,0.47572815,0.902439
2018-1-10T13-49-26,1515588566212,0.8829268,-0.024390243,0.39805827,0.8829268
2018-1-10T13-49-26,1515588566213,0.8829268,-0.004878049,0.42718446,0.8829268
2018-1-10T13-49-26,1515588566214,0.87317073,-0.024390243,0.49514562,0.87317073
2018-1-10T13-49-26,1515588566215,0.80487806,-0.034146342,0.4563107,0.80487806
2018-1-10T13-49-26,1515588566216,0.7853659,-0.034146342,0.407767,0.7853659
2018-1-10T13-49-26,1515588566217,0.84390247,-0.053658538,0.39805827,0.84390247
2018-1-10T13-49-26,1515588566218,0.76585364,-0.07317073,0.3883495,0.76585364
2018-1-10T13-49-26,1515588566219,0.74634147,-0.053658538,0.36893204,0.74634147
2018-1-10T13-49-26,1515588566220,0.8341463,-0.06341463,0.37864077,0.8341463
2018-1-10T13-49-26,1515588566221,0.75609756,-0.034146342,0.39805827,0.75609756
2018-1-10T13-49-26,1515588566222,0.7853659,-0.024390243,0.47572815,0.7853659
2018-1-10T13-49-26,1515588566223,0.86341465,-0.024390243,0.5339806,0.86341465
2018-1-10T13-49-26,1515588566224,0.9609756,-0.043902438,0.5145631,0.9609756
2018-1-10T13-49-26,1515588566225,0.9609756,0.024390243,0.4368932,0.9609756
2018-1-10T13-49-26,1515588566226,0.9609756,0.053658538,0.44660193,0.9609756
2018-1-10T13-49-26,1515588566227,0.9512195,0.014634146,0.5533981,0.9512195
2018-1-10T13-49-26,1515588566228,0.902439,0.004878049,0.5339806,0.902439
2018-1-10T13-49-26,1515588566229,0.8829268,0.024390243,0.44660193,0.8829268
2018-1-10T13-49-26,1515588566230,0.8341463,-0.034146342,0.36893204,0.8341463
2018-1-10T13-49-26,1515588566231,0.80487806,-0.043902438,0.44660193,0.80487806
2018-1-10T13-49-26,1515588566232,0.77560973,-0.09268293,0.46601942,0.77560973
2018-1-10T13-49-26,1515588566233,0.77560973,-0.014634146,0.39805827,0.77560973
2018-1-10T13-49-26,1515588566234,0.7853659,-0.08292683,0.3398058,0.7853659
2018-1-10T13-49-26,1515588566235,0.76585364,-0.07317073,0.3883495,0.76585364
2018-1-10T13-49-26,1515588566236,0.75609756,-0.053658538,0.47572815,0.75609756
2018-1-10T13-49-26,1515588566237,0.76585364,-0.053658538,0.47572815,0.76585364
2018-1-10T13-49-26,1515588566238,0.82439023,-0.024390243,0.4368932,0.82439023
2018-1-10T13-49-26,1515588566239,0.8829268,0.014634146,0.41747573,0.8829268
2018-1-10T13-49-26,1515588566240,0.92195123,0.014634146,0.41747573,0.92195123
2018-1-10T13-49-26,1515588566241,0.91219515,0.034146342,0.4854369,0.91219515
2018-1-10T13-49-26,1515588566242,0.8829268,0.034146342,0.4563107,0.8829268
2018-1-10T13-49-26,1515588566243,0.86341465,0.024390243,0.37864077,0.86341465
2018-1-10T13-49-26,1515588566244,0.81463414,0.004878049,0.39805827,0.81463414
2018-1-10T13-49-26,1515588566245,0.85365856,0.004878049,0.5048544,0.85365856
2018-1-10T13-49-26,1515588566246,0.8829268,-0.014634146,0.5631068,0.8829268
2018-1-10T13-49-26,1515588566247,0.9317073,-0.014634146,0.4854369,0.9317073
2018-1-10T13-49-26,1515588566248,0.9414634,-0.014634146,0.37864077,0.9414634
2018-1-10T13-49-26,1515588566249,0.86341465,0.034146342,0.4563107,0.86341465
2018-1-10T13-49-26,1515588566250,0.8829268,-0.024390243,0.5631068,0.8829268
2018-1-10T13-49-26,1515588566251,0.84390247,-0.07317073,0.5631068,0.84390247
2018-1-10T13-49-26,1515588566252,0.80487806,-0.07317073,0.4368932,0.80487806
2018-1-10T13-49-26,1515588566253,0.81463414,-0.06341463,0.33009708,0.81463414
2018-1-10T13-49-26,1515588566254,0.79512197,-0.043902438,0.46601942,0.79512197
2018-1-10T13-49-26,1515588566255,0.77560973,-0.09268293,0.4563107,0.77560973
2018-1-10T13-49-26,1515588566256,0.74634147,-0.11219512,0.36893204,0.74634147
2018-1-10T13-49-26,1515588566257,0.74634147,-0.034146342,0.3592233,0.74634147
2018-1-10T13-49-26,1515588566258,0.7853659,-0.06341463,0.4368932,0.7853659
2018-1-10T13-49-26,1515588566259,0.77560973,0.004878049,0.47572815,0.77560973
2018-1-10T13-49-26,1515588566260,0.84390247,-0.034146342,0.41747573,0.84390247
2018-1-10T13-49-26,1515588566261,0.8926829,0.014634146,0.44660193,0.8926829
2018-1-10T13-49-26,1515588566262,0.92195123,0.024390243,0.4854369,0.92195123
2018-1-10T13-49-26,1515588566263,0.9414634,0.034146342,0.4854369,0.9414634
2018-1-10T13-49-26,1515588566264,0.91219515,-0.024390243,0.5145631,0.91219515
2018-1-10T13-49-26,1515588566265,0.902439,-0.043902438,0.49514562,0.902439
2018-1-10T13-49-26,1515588566266,0.84390247,-0.053658538,0.5048544,0.84390247
2018-1-10T13-49-26,1515588566267,0.82439023,-0.053658538,0.407767,0.82439023
2018-1-10T13-49-26,1515588566268,0.8341463,-0.043902438,0.4368932,0.8341463
2018-1-10T13-49-26,1515588566269,0.81463414,-0.043902438,0.4854369,0.81463414
2018-1-10T13-49-26,1515588566270,0.85365856,-0.024390243,0.46601942,0.85365856
2018-1-10T13-49-26,1515588566271,0.81463414,-0.034146342,0.4368932,0.81463414
2018-1-10T13-49-26,1515588566272,0.86341465,-0.024390243,0.41747573,0.86341465
2018-1-10T13-49-26,1515588566273,0.7853659,-0.014634146,0.47572815,0.7853659
2018-1-10T13-49-26,1515588566274,0.8926829,-0.014634146,0.5048544,0.8926829
2018-1-10T13-49-26,1515588566275,0.8341463,0.004878049,0.3883495,0.8341463
2018-1-10T13-49-26,1515588566276,0.80487806,0.024390243,0.34951457,0.80487806
2018-1-10T13-49-26,1515588566277,0.81463414,0.034146342,0.46601942,0.81463414
2018-1-10T13-49-26,1515588566278,0.8341463,0.014634146,0.4854369,0.8341463
2018-1-10T13-49-26,1515588566279,0.84390247,-0.014634146,0.407767,0.84390247
2018-1-10T13-49-26,1515588566280,0.85365856,0.07317073,0.3398058,0.85365856
2018-1-10T13-49-26,1515588566281,0.85365856,0.004878049,0.42718446,0.85365856
2018-1-10T13-49-26,1515588566282,0.85365856,0.004878049,0.46601942,0.85365856
2018-1-10T13-49-26,1515588566283,0.76585364,-0.014634146,0.4854369,0.76585364
2018-1-10T13-49-26,1515588566284,0.8341463,-0.024390243,0.46601942,0.8341463
2018-1-10T13-49-26,1515588566285,0.87317073,-0.024390243,0.42718446,0.87317073
2018-1-10T13-49-26,1515588566286,0.85365856,-0.043902438,0.4368932,0.85365856
2018-1-10T13-49-26,1515588566287,0.85365856,-0.034146342,0.4854369,0.85365856
2018-1-10T13-49-26,1515588566288,0.8926829,-0.043902438,0.5631068,0.8926829
2018-1-10T13-49-26,1515588566289,0.8926829,-0.09268293,0.5145631,0.8926829
2018-1-10T13-49-26,1515588566290,0.8829268,-0.053658538,0.407767,0.8829268
2018-1-10T13-49-26,1515588566291,0.86341465,-0.034146342,0.44660193,0.86341465
2018-1-10T13-49-26,1515588566292,0.87317073,-0.043902438,0.5048544,0.87317073
2018-1-10T13-49-26,1515588566293,0.80487806,-0.053658538,0.44660193,0.80487806
2018-1-10T13-49-26,1515588566294,0.7853659,-0.014634146,0.39805827,0.7853659
2018-1-10T13-49-26,1515588566295,0.80487806,-0.014634146,0.36893204,0.80487806
2018-1-10T13-49-26,1515588566296,0.76585364,-0.043902438,0.37864077,0.76585364
2018-1-10T13-49-26,1515588566297,0.75609756,0.004878049,0.44660193,0.75609756
2018-1-10T13-49-26,1515588566298,0.75609756,0.004878049,0.49514562,0.75609756
2018-1-10T13-49-26,1515588566299,0.84390247,0.004878049,0.49514562,0.84390247
2018-1-10T13-49-26,1515588566300,0.87317073,0.004878049,0.36893204,0.87317073
2018-1-10T13-49-26,1515588566301,0.87317073,0.043902438,0.36893204,0.87317073
2018-1-10T13-49-26,1515588566302,0.87317073,0.024390243,0.52427185,0.87317073
2018-1-10T13-49-26,1515588566303,0.8926829,-0.034146342,0.5533981,0.8926829
2018-1-10T13-49-26,1515588566304,0.85365856,-0.06341463,0.46601942,0.85365856
2018-1-10T13-49-26,1515588566305,0.8829268,-0.024390243,0.407767,0.8829268
2018-1-10T13-49-26,1515588566306,0.8926829,-0.053658538,0.44660193,0.8926829
2018-1-10T13-49-26,1515588566307,0.85365856,-0.024390243,0.5048544,0.85365856
2018-1-10T13-49-26,1515588566308,0.84390247,-0.034146342,0.49514562,0.84390247
2018-1-10T13-49-26,1515588566309,0.87317073,-0.014634146,0.46601942,0.87317073
2018-1-10T13-49-26,1515588566310,0.902439,-0.014634146,0.46601942,0.902439
2018-1-10T13-49-26,1515588566311,0.8829268,-0.024390243,0.407767,0.8829268
2018-1-10T13-49-26,1515588566312,0.80487806,-0.043902438,0.41747573,0.80487806
2018-1-10T13-49-26,1515588566313,0.79512197,-0.043902438,0.4563107,0.79512197
2018-1-10T13-49-26,1515588566314,0.79512197,-0.06341463,0.4368932,0.79512197
2018-1-10T13-49-26,1515588566315,0.74634147,-0.12195122,0.36893204,0.74634147
2018-1-10T13-49-26,1515588566316,0.75609756,-0.08292683,0.3592233,0.75609756
2018-1-10T13-49-26,1515588566317,0.80487806,-0.06341463,0.407767,0.80487806
2018-1-10T13-49-26,1515588566318,0.77560973,-0.043902438,0.47572815,0.77560973
2018-1-10T13-49-26,1515588566319,0.80487806,-0.014634146,0.407767,0.80487806
2018-1-10T13-49-26,1515588566320,0.8926829,0.014634146,0.3883495,0.8926829
2018-1-10T13-49-26,1515588566321,0.86341465,-0.004878049,0.4854369,0.86341465
2018-1-10T13-49-26,1515588566322,0.92195123,-0.004878049,0.5145631,0.92195123
2018-1-10T13-49-26,1515588566323,0.902439,0.034146342,0.5048544,0.902439
2018-1-10T13-49-26,1515588566324,0.92195123,0.004878049,0.49514562,0.92195123
2018-1-10T13-49-26,1515588566325,0.902439,0.004878049,0.4854369,0.902439
2018-1-10T13-49-26,1515588566326,0.8829268,-0.004878049,0.4563107,0.8829268
2018-1-10T13-49-26,1515588566327,0.87317073,-0.024390243,0.407767,0.87317073
2018-1-10T13-49-26,1515588566328,0.80487806,-0.004878049,0.3883495,0.80487806
2018-1-10T13-49-26,1515588566329,0.77560973,0.014634146,0.44660193,0.77560973
2018-1-10T13-49-26,1515588566330,0.85365856,-0.034146342,0.44660193,0.85365856
2018-1-10T13-49-26,1515588566331,0.82439023,-0.053658538,0.42718446,0.82439023
2018-1-10T13-49-26,1515588566332,0.82439023,-0.014634146,0.36893204,0.82439023
2018-1-10T13-49-26,1515588566333,0.84390247,-0.034146342,0.407767,0.84390247
2018-1-10T13-49-26,1515588566334,0.85365856,-0.043902438,0.49514562,0.85365856
2018-1-10T13-49-26,1515588566335,0.84390247,-0.034146342,0.5048544,0.84390247
2018-1-10T13-49-26,1515588566336,0.84390247,-0.034146342,0.39805827,0.84390247
2018-1-10T13-49-26,1515588566337,0.81463414,0.004878049,0.36893204,0.81463414
2018-1-10T13-49-26,1515588566338,0.8341463,-0.014634146,0.41747573,0.8341463
2018-1-10T13-49-26,1515588566339,0.79512197,-0.053658538,0.5339806,0.79512197
2018-1-10T13-49-26,1515588566340,0.81463414,-0.043902438,0.407767,0.81463414
2018-1-10T13-49-26,1515588566341,0.85365856,-0.034146342,0.37864077,0.85365856
2018-1-10T13-49-26,1515588566342,0.85365856,-0.07317073,0.44660193,0.85365856
2018-1-10T13-49-26,1515588566343,0.87317073,-0.034146342,0.52427185,0.87317073
2018-1-10T13-49-26,1515588566344,0.91219515,-0.043902438,0.52427185,0.91219515
2018-1-10T13-49-26,1515588566345,0.91219515,-0.034146342,0.4563107,0.91219515
2018-1-10T13-49-26,1515588566346,0.8926829,0.004878049,0.33009708,0.8926829
2018-1-10T13-49-26,1515588566347,0.8926829,-0.043902438,0.5339806,0.8926829
2018-1-10T13-49-26,1515588566348,0.87317073,-0.053658538,0.592233,0.87317073
2018-1-10T13-49-26,1515588566349,0.84390247,-0.014634146,0.4368932,0.84390247
2018-1-10T13-49-26,1515588566350,0.81463414,0.014634146,0.36893204,0.81463414
2018-1-10T13-49-26,1515588566351,0.85365856,0.004878049,0.44660193,0.85365856
2018-1-10T13-49-26,1515588566352,0.81463414,-0.004878049,0.47572815,0.81463414
2018-1-10T13-49-26,1515588566353,0.7365854,0.004878049,0.407767,0.7365854
2018-1-10T13-49-26,1515588566354,0.82439023,0.004878049,0.37864077,0.82439023
2018-1-10T13-49-26,1515588566355,0.81463414,-0.024390243,0.4368932,0.81463414
2018-1-10T13-49-26,1515588566356,0.84390247,-0.034146342,0.39805827,0.84390247
2018-1-10T13-49-26,1515588566357,0.77560973,-0.034146342,0.407767,0.77560973
2018-1-10T13-49-26,1515588566358,0.81463414,-0.034146342,0.47572815,0.81463414
2018-1-10T13-49-26,1515588566359,0.84390247,-0.014634146,0.4563107,0.84390247
2018-1-10T13-49-26,1515588566360,0.85365856,-0.014634146,0.47572815,0.85365856
2018-1-10T13-49-26,1515588566361,0.91219515,-0.004878049,0.4368932,0.91219515
2018-1-10T13-49-26,1515588566362,0.9317073,0.053658538,0.47572815,0.9317073
2018-1-10T13-49-26,1515588566363,0.91219515,-0.004878049,0.49514562,0.91219515
2018-1-10T13-49-26,1515588566364,0.87317073,-0.043902438,0.46601942,0.87317073
2018-1-10T13-49-26,1515588566365,0.87317073,-0.043902438,0.44660193,0.87317073
2018-1-10T13-49-26,1515588566366,0.85365856,-0.034146342,0.46601942,0.85365856
2018-1-10T13-49-26,1515588566367,0.8341463,-0.053658538,0.4563107,0.8341463
2018-1-10T13-49-26,1515588566368,0.81463414,-0.07317073,0.39805827,0.81463414
2018-1-10T13-49-26,1515588566369,0.76585364,-0.06341463,0.36893204,0.76585364
2018-1-10T13-49-26,1515588566370,0.7365854,-0.043902438,0.39805827,0.7365854
2018-1-10T13-49-26,1515588566371,0.77560973,-0.053658538,0.44660193,0.77560973
2018-1-10T13-49-26,1515588566372,0.7853659,-0.053658538,0.44660193,0.7853659
2018-1-10T13-49-26,1515588566373,0.9512195,-0.014634146,0.39805827,0.9512195
2018-1-10T13-49-26,1515588566374,0.86341465,0.004878049,0.42718446,0.86341465
2018-1-10T13-49-26,1515588566375,0.8829268,-0.004878049,0.4563107,0.8829268
2018-1-10T13-49-26,1515588566376,0.8926829,0.004878049,0.49514562,0.8926829
2018-1-10T13-49-26,1515588566377,0.91219515,0.014634146,0.44660193,0.91219515
2018-1-10T13-49-26,1515588566378,0.8829268,0.014634146,0.42718446,0.8829268
2018-1-10T13-49-26,1515588566379,0.8829268,0.024390243,0.4368932,0.8829268
2018-1-10T13-49-26,1515588566380,0.5609756,-0.004878049,0.44660193,0.5609756
2018-1-10T13-49-26,1515588566381,0.84390247,0.024390243,0.4563107,0.84390247
2018-1-10T13-49-26,1515588566382,0.87317073,0.014634146,0.46601942,0.87317073
2018-1-10T13-49-26,1515588566383,0.8926829,-0.004878049,0.4563107,0.8926829
2018-1-10T13-49-26,1515588566384,0.85365856,-0.024390243,0.49514562,0.85365856
2018-1-10T13-49-26,1515588566385,0.82439023,-0.014634146,0.5048544,0.82439023
2018-1-10T13-49-26,1515588566386,0.902439,-0.034146342,0.5145631,0.902439
2018-1-10T13-49-26,1515588566387,0.86341465,-0.043902438,0.4563107,0.86341465
2018-1-10T13-49-26,1515588566388,0.82439023,-0.043902438,0.37864077,0.82439023
2018-1-10T13-49-26,1515588566389,0.80487806,-0.053658538,0.4563107,0.80487806
2018-1-10T13-49-26,1515588566390,0.8341463,-0.06341463,0.49514562,0.8341463
2018-1-10T13-49-26,1515588566391,0.76585364,-0.053658538,0.36893204,0.76585364
2018-1-10T13-49-26,1515588566392,0.77560973,-0.004878049,0.3592233,0.77560973
2018-1-10T13-49-26,1515588566393,0.85365856,-0.014634146,0.47572815,0.85365856
2018-1-10T13-49-26,1515588566394,0.79512197,-0.07317073,0.407767,0.79512197
2018-1-10T13-49-26,1515588566395,0.7853659,-0.014634146,0.3592233,0.7853659
2018-1-10T13-49-26,1515588566396,0.87317073,-0.024390243,0.5145631,0.87317073
2018-1-10T13-49-26,1515588566397,0.8829268,-0.07317073,0.5145631,0.8829268
2018-1-10T13-49-26,1515588566398,0.84390247,-0.043902438,0.36893204,0.84390247
2018-1-10T13-49-26,1515588566399,0.84390247,-0.024390243,0.407767,0.84390247
2018-1-10T13-49-26,1515588566400,0.86341465,-0.043902438,0.49514562,0.86341465
2018-1-10T13-49-26,1515588566401,0.87317073,-0.034146342,0.44660193,0.87317073
2018-1-10T13-49-26,1515588566402,0.85365856,-0.034146342,0.41747573,0.85365856
2018-1-10T13-49-26,1515588566403,0.8829268,0.014634146,0.44660193,0.8829268
2018-1-10T13-49-26,1515588566404,0.91219515,-0.014634146,0.5631068,0.91219515
2018-1-10T13-49-26,1515588566405,0.9512195,0.034146342,0.52427185,0.9512195
2018-1-10T13-49-26,1515588566406,0.87317073,0.024390243,0.4368932,0.87317073
2018-1-10T13-49-26,1515588566407,0.8926829,0.014634146,0.3883495,0.8926829
2018-1-10T13-49-26,1515588566408,0.81463414,0.004878049,0.6213592,0.81463414
2018-1-10T13-49-26,1515588566409,0.8341463,-0.014634146,0.46601942,0.8341463
2018-1-10T13-49-26,1515588566410,0.79512197,-0.034146342,0.39805827,0.79512197
2018-1-10T13-49-26,1515588566411,0.75609756,-0.024390243,0.34951457,0.75609756
2018-1-10T13-49-26,1515588566412,0.76585364,-0.034146342,0.36893204,0.76585364
2018-1-10T13-49-26,1515588566413,0.7853659,-0.024390243,0.46601942,0.7853659
2018-1-10T13-49-26,1515588566414,0.80487806,-0.024390243,0.44660193,0.80487806
2018-1-10T13-49-26,1515588566415,0.8341463,-0.004878049,0.42718446,0.8341463
2018-1-10T13-49-26,1515588566416,0.84390247,-0.014634146,0.4368932,0.84390247
2018-1-10T13-49-26,1515588566417,0.91219515,-0.014634146,0.4368932,0.91219515
2018-1-10T13-49-26,1515588566418,0.8829268,-0.014634146,0.46601942,0.8829268
2018-1-10T13-49-26,1515588566419,0.86341465,0.15121952,0.47572815,0.86341465
2018-1-10T13-49-26,1515588566420,0.85365856,-0.053658538,0.5048544,0.85365856
2018-1-10T13-49-26,1515588566421,0.84390247,-0.053658538,0.44660193,0.84390247
2018-1-10T13-49-26,1515588566422,0.84390247,-0.034146342,0.4563107,0.84390247
2018-1-10T13-49-26,1515588566423,0.85365856,-0.053658538,0.46601942,0.85365856
2018-1-10T13-49-26,1515588566424,0.902439,-0.053658538,0.39805827,0.902439
2018-1-10T13-49-26,1515588566425,0.84390247,-0.034146342,0.46601942,0.84390247
2018-1-10T13-49-26,1515588566426,0.85365856,-0.034146342,0.5145631,0.85365856
2018-1-10T13-49-26,1515588566427,0.902439,-0.043902438,0.5145631,0.902439
2018-1-10T13-49-26,1515588566428,0.87317073,-0.034146342,0.44660193,0.87317073
2018-1-10T13-49-26,1515588566429,0.85365856,-0.034146342,0.44660193,0.85365856
2018-1-10T13-49-26,1515588566430,0.84390247,0.024390243,0.4368932,0.84390247
2018-1-10T13-49-26,1515588566431,0.82439023,-0.004878049,0.4368932,0.82439023
2018-1-10T13-49-26,1515588566432,0.77560973,-0.034146342,0.3883495,0.77560973
2018-1-10T13-49-26,1515588566433,0.7853659,-0.004878049,0.30097088,0.7853659
2018-1-10T13-49-26,1515588566434,0.7853659,0.014634146,0.407767,0.7853659
2018-1-10T13-49-26,1515588566435,0.82439023,-0.053658538,0.44660193,0.82439023
2018-1-10T13-49-26,1515588566436,0.84390247,0.014634146,0.4368932,0.84390247
2018-1-10T13-49-26,1515588566437,0.87317073,0.043902438,0.4368932,0.87317073
2018-1-10T13-49-26,1515588566438,0.92195123,0.024390243,0.52427185,0.92195123
2018-1-10T13-49-26,1515588566439,0.9414634,0.014634146,0.5339806,0.9414634
2018-1-10T13-49-26,1515588566440,0.9414634,0.014634146,0.4854369,0.9414634
2018-1-10T13-49-26,1515588566441,0.91219515,-0.004878049,0.49514562,0.91219515
2018-1-10T13-49-26,1515588566442,0.8829268,-0.014634146,0.4563107,0.8829268
2018-1-10T13-49-26,1515588566443,0.87317073,-0.004878049,0.47572815,0.87317073
2018-1-10T13-49-26,1515588566444,0.82439023,-0.11219512,0.42718446,0.82439023
2018-1-10T13-49-26,1515588566445,0.76585364,-0.043902438,0.3592233,0.76585364
2018-1-10T13-49-26,1515588566446,0.7853659,-0.07317073,0.42718446,0.7853659
2018-1-10T13-49-26,1515588566447,0.77560973,-0.08292683,0.41747573,0.77560973
2018-1-10T13-49-26,1515588566448,0.7268293,-0.07317073,0.33009708,0.7268293
2018-1-10T13-49-26,1515588566449,0.71707314,-0.08292683,0.3398058,0.71707314
2018-1-10T13-49-26,1515588566450,0.75609756,-0.08292683,0.4563107,0.75609756
2018-1-10T13-49-26,1515588566451,0.87317073,-0.09268293,0.47572815,0.87317073
2018-1-10T13-49-26,1515588566452,0.82439023,-0.08292683,0.3883495,0.82439023
2018-1-10T13-49-26,1515588566453,0.8341463,-0.014634146,0.407767,0.8341463
2018-1-10T13-49-26,1515588566454,0.91219515,-0.004878049,0.5339806,0.91219515
2018-1-10T13-49-26,1515588566455,0.9317073,-0.014634146,0.5631068,0.9317073
2018-1-10T13-49-26,1515588566456,0.9609756,0.014634146,0.47572815,0.9609756
2018-1-10T13-49-26,1515588566457,1.0,0.034146342,0.46601942,1.0
2018-1-10T13-49-26,1515588566458,1.0195122,0.004878049,0.5436893,1.0195122
2018-1-10T13-49-26,1515588566459,0.9317073,-0.004878049,0.46601942,0.9317073
2018-1-10T13-49-26,1515588566460,0.8926829,0.014634146,0.44660193,0.8926829
2018-1-10T13-49-26,1515588566461,0.85365856,-0.024390243,0.42718446,0.85365856
2018-1-10T13-49-26,1515588566462,0.7853659,-0.034146342,0.4563107,0.7853659
2018-1-10T13-49-26,1515588566463,0.7268293,-0.034146342,0.3883495,0.7268293
2018-1-10T13-49-26,1515588566464,0.7365854,-0.024390243,0.39805827,0.7365854
2018-1-10T13-49-26,1515588566465,0.76585364,-0.043902438,0.4368932,0.76585364
2018-1-10T13-49-26,1515588566466,0.7853659,-0.024390243,0.4563107,0.7853659
2018-1-10T13-49-26,1515588566467,0.8341463,-0.014634146,0.407767,0.8341463
2018-1-10T13-49-26,1515588566468,0.8829268,0.034146342,0.3883495,0.8829268
2018-1-10T13-49-26,1515588566469,0.86341465,0.043902438,0.44660193,0.86341465
2018-1-10T13-49-26,1515588566470,0.8829268,0.053658538,0.42718446,0.8829268
2018-1-10T13-49-26,1515588566471,0.8341463,0.014634146,0.41747573,0.8341463
2018-1-10T13-49-26,1515588566472,0.82439023,-0.053658538,0.42718446,0.82439023
2018-1-10T13-49-26,1515588566473,0.81463414,-0.024390243,0.42718446,0.81463414
2018-1-10T13-49-26,1515588566474,0.81463414,-0.034146342,0.42718446,0.81463414
2018-1-10T13-49-26,1515588566475,0.85365856,-0.053658538,0.4854369,0.85365856
2018-1-10T13-49-26,1515588566476,0.87317073,-0.09268293,0.4563107,0.87317073
2018-1-10T13-49-26,1515588566477,0.87317073,-0.08292683,0.39805827,0.87317073
2018-1-10T13-49-26,1515588566478,0.86341465,-0.07317073,0.41747573,0.86341465
2018-1-10T13-49-26,1515588566479,0.82439023,-0.07317073,0.47572815,0.82439023
2018-1-10T13-49-26,1515588566480,0.81463414,-0.06341463,0.5145631,0.81463414
2018-1-10T13-49-26,1515588566481,0.86341465,-0.043902438,0.4854369,0.86341465
2018-1-10T13-49-26,1515588566482,0.8926829,-0.053658538,0.4563107,0.8926829
2018-1-10T13-49-26,1515588566483,0.92195123,-0.043902438,0.4563107,0.92195123
2018-1-10T13-49-26,1515588566484,0.91219515,0.004878049,0.44660193,0.91219515
2018-1-10T13-49-26,1515588566485,0.86341465,0.014634146,0.46601942,0.86341465
2018-1-10T13-49-26,1515588566486,0.84390247,0.014634146,0.47572815,0.84390247
2018-1-10T13-49-26,1515588566487,0.86341465,0.043902438,0.4368932,0.86341465
2018-1-10T13-49-26,1515588566488,0.85365856,0.053658538,0.4368932,0.85365856
2018-1-10T13-49-26,1515588566489,0.85365856,0.034146342,0.44660193,0.85365856
2018-1-10T13-49-26,1515588566490,0.86341465,0.024390243,0.4563107,0.86341465
2018-1-10T13-49-26,1515588566491,0.80487806,0.004878049,0.4563107,0.80487806
2018-1-10T13-49-26,1515588566492,0.84390247,0.004878049,0.4368932,0.84390247
2018-1-10T13-49-26,1515588566493,0.85365856,-0.024390243,0.39805827,0.85365856
2018-1-10T13-49-26,1515588566494,0.7853659,-0.004878049,0.42718446,0.7853659
2018-1-10T13-49-26,1515588566495,0.79512197,0.034146342,0.47572815,0.79512197
2018-1-10T13-49-26,1515588566496,0.82439023,-0.014634146,0.4368932,0.82439023
2018-1-10T13-49-26,1515588566497,0.80487806,-0.024390243,0.3592233,0.80487806
2018-1-10T13-49-26,1515588566498,0.79512197,-0.053658538,0.3592233,0.79512197
2018-1-10T13-49-26,1515588566499,0.82439023,-0.11219512,0.4563107,0.82439023
2018-1-10T13-49-26,1515588566500,0.81463414,-0.10243902,0.44660193,0.81463414
2018-1-10T13-49-26,1515588566501,0.76585364,-0.11219512,0.39805827,0.76585364
2018-1-10T13-49-26,1515588566502,0.77560973,-0.09268293,0.42718446,0.77560973
2018-1-10T13-49-26,1515588566503,0.86341465,-0.09268293,0.57281554,0.86341465
2018-1-10T13-49-26,1515588566504,0.92195123,-0.09268293,0.5533981,0.92195123
2018-1-10T13-49-26,1515588566505,0.9512195,-0.014634146,0.44660193,0.9512195
2018-1-10T13-49-26,1515588566506,0.9804878,-0.024390243,0.46601942,0.9804878
2018-1-10T13-49-26,1515588566507,0.9609756,-0.004878049,0.5048544,0.9609756
2018-1-10T13-49-26,1515588566508,0.902439,0.004878049,0.49514562,0.902439
2018-1-10T13-49-26,1515588566509,0.77560973,0.024390243,0.46601942,0.77560973
2018-1-10T13-49-26,1515588566510,0.8341463,-0.004878049,0.41747573,0.8341463
2018-1-10T13-49-26,1515588566511,0.79512197,-0.004878049,0.39805827,0.79512197
2018-1-10T13-49-26,1515588566512,0.76585364,0.004878049,0.407767,0.76585364
2018-1-10T13-49-26,1515588566513,0.79512197,-0.024390243,0.3883495,0.79512197
2018-1-10T13-49-26,1515588566514,0.76585364,-0.034146342,0.3883495,0.76585364
2018-1-10T13-49-26,1515588566515,0.76585364,-0.024390243,0.3883495,0.76585364
2018-1-10T13-49-26,1515588566516,0.80487806,-0.034146342,0.46601942,0.80487806
2018-1-10T13-49-26,1515588566517,0.84390247,-0.014634146,0.5048544,0.84390247
2018-1-10T13-49-26,1515588566518,0.80487806,0.024390243,0.4368932,0.80487806
2018-1-10T13-49-26,1515588566519,0.8926829,0.034146342,0.42718446,0.8926829
2018-1-10T13-49-26,1515588566520,0.8829268,0.043902438,0.44660193,0.8829268
2018-1-10T13-49-26,1515588566521,0.87317073,0.034146342,0.4368932,0.87317073
2018-1-10T13-49-26,1515588566522,0.8341463,0.024390243,0.41747573,0.8341463
2018-1-10T13-49-26,1515588566523,0.84390247,-0.004878049,0.42718446,0.84390247
2018-1-10T13-49-26,1515588566524,0.80487806,-0.06341463,0.407767,0.80487806
2018-1-10T13-49-26,1515588566525,0.77560973,-0.053658538,0.3883495,0.77560973
2018-1-10T13-49-26,1515588566526,0.81463414,-0.053658538,0.44660193,0.81463414
2018-1-10T13-49-26,1515588566527,0.84390247,-0.08292683,0.5436893,0.84390247
2018-1-10T13-49-26,1515588566528,0.9317073,-0.06341463,0.5048544,0.9317073
2018-1-10T13-49-26,1515588566529,0.9414634,0.034146342,0.49514562,0.9414634
2018-1-10T13-49-26,1515588566530,0.9609756,-0.043902438,0.4854369,0.9609756
2018-1-10T13-49-26,1515588566531,0.9609756,0.024390243,0.5436893,0.9609756
2018-1-10T13-49-26,1515588566532,0.91219515,-0.06341463,0.5339806,0.91219515
2018-1-10T13-49-26,1515588566533,0.86341465,0.034146342,0.42718446,0.86341465
2018-1-10T13-49-26,1515588566534,0.81463414,-0.024390243,0.39805827,0.81463414
2018-1-10T13-49-26,1515588566535,0.81463414,-0.024390243,0.4563107,0.81463414
2018-1-10T13-49-26,1515588566536,0.74634147,-0.053658538,0.39805827,0.74634147
2018-1-10T13-49-26,1515588566537,0.74634147,-0.014634146,0.3106796,0.74634147
2018-1-10T13-49-26,1515588566538,0.74634147,-0.024390243,0.3592233,0.74634147
2018-1-10T13-49-26,1515588566539,0.74634147,-0.014634146,0.39805827,0.74634147
2018-1-10T13-49-26,1515588566540,0.7268293,-0.004878049,0.41747573,0.7268293
2018-1-10T13-49-26,1515588566541,0.8341463,0.014634146,0.46601942,0.8341463
2018-1-10T13-49-26,1515588566542,0.84390247,-0.043902438,0.4368932,0.84390247
2018-1-10T13-49-26,1515588566543,0.86341465,0.053658538,0.42718446,0.86341465
2018-1-10T13-49-26,1515588566544,0.8829268,0.004878049,0.46601942,0.8829268
2018-1-10T13-49-26,1515588566545,0.8926829,-0.004878049,0.42718446,0.8926829
2018-1-10T13-49-26,1515588566546,0.86341465,0.014634146,0.41747573,0.86341465
2018-1-10T13-49-26,1515588566547,0.8829268,0.024390243,0.41747573,0.8829268
2018-1-10T13-49-26,1515588566548,0.84390247,-0.004878049,0.49514562,0.84390247
2018-1-10T13-49-26,1515588566549,0.902439,-0.014634146,0.5436893,0.902439
2018-1-10T13-49-26,1515588566550,0.91219515,-0.024390243,0.41747573,0.91219515
2018-1-10T13-49-26,1515588566551,0.9317073,-0.024390243,0.47572815,0.9317073
2018-1-10T13-49-26,1515588566552,0.9317073,-0.034146342,0.52427185,0.9317073
2018-1-10T13-49-26,1515588566553,0.85365856,-0.09268293,0.46601942,0.85365856
2018-1-10T13-49-26,1515588566554,0.82439023,-0.07317073,0.4368932,0.82439023
2018-1-10T13-49-26,1515588566555,0.76585364,-0.09268293,0.4563107,0.76585364
2018-1-10T13-49-26,1515588566556,0.76585364,-0.11219512,0.4368932,0.76585364
2018-1-10T13-49-26,1515588566557,0.75609756,-0.09268293,0.407767,0.75609756
2018-1-10T13-49-26,1515588566558,0.77560973,-0.07317073,0.3592233,0.77560973
2018-1-10T13-49-26,1515588566559,0.79512197,-0.024390243,0.36893204,0.79512197
2018-1-10T13-49-26,1515588566560,0.7853659,0.004878049,0.41747573,0.7853659
2018-1-10T13-49-26,1515588566561,0.8341463,-0.014634146,0.4563107,0.8341463
2018-1-10T13-49-26,1515588566562,0.84390247,-0.004878049,0.4368932,0.84390247
2018-1-10T13-49-26,1515588566563,0.97073174,0.043902438,0.4368932,0.97073174
2018-1-10T13-49-26,1515588566564,0.91219515,0.014634146,0.5436893,0.91219515
2018-1-10T13-49-26,1515588566565,0.86341465,-0.004878049,0.4563107,0.86341465
2018-1-10T13-49-26,1515588566566,0.86341465,0.004878049,0.4368932,0.86341465
2018-1-10T13-49-26,1515588566567,0.84390247,-0.014634146,0.44660193,0.84390247
2018-1-10T13-49-26,1515588566568,0.81463414,-0.034146342,0.46601942,0.81463414
2018-1-10T13-49-26,1515588566569,0.81463414,-0.024390243,0.37864077,0.81463414
2018-1-10T13-49-26,1515588566570,0.79512197,0.004878049,0.34951457,0.79512197
2018-1-10T13-49-26,1515588566571,0.87317073,-0.004878049,0.5631068,0.87317073
2018-1-10T13-49-26,1515588566572,0.902439,-0.024390243,0.5048544,0.902439
2018-1-10T13-49-26,1515588566573,0.9414634,0.024390243,0.4563107,0.9414634
2018-1-10T13-49-26,1515588566574,0.9804878,0.034146342,0.4368932,0.9804878
2018-1-10T13-49-26,1515588566575,0.91219515,0.024390243,0.4854369,0.91219515
2018-1-10T13-49-26,1515588566576,0.85365856,-0.07317073,0.47572815,0.85365856
2018-1-10T13-49-26,1515588566577,0.82439023,0.014634146,0.46601942,0.82439023
2018-1-10T13-49-26,1515588566578,0.81463414,-0.014634146,0.4563107,0.81463414
2018-1-10T13-49-26,1515588566579,0.81463414,-0.08292683,0.407767,0.81463414
2018-1-10T13-49-26,1515588566580,0.76585364,-0.053658538,0.3398058,0.76585364
2018-1-10T13-49-26,1515588566581,0.71707314,-0.10243902,0.33009708,0.71707314
2018-1-10T13-49-26,1515588566582,0.70731705,-0.07317073,0.41747573,0.70731705
2018-1-10T13-49-26,1515588566583,0.76585364,-0.10243902,0.3883495,0.76585364
2018-1-10T13-49-26,1515588566584,0.71707314,-0.07317073,0.33009708,0.71707314
2018-1-10T13-49-26,1515588566585,0.75609756,-0.08292683,0.3883495,0.75609756
2018-1-10T13-49-26,1515588566586,0.82439023,-0.06341463,0.5436893,0.82439023
2018-1-10T13-49-26,1515588566587,0.9609756,-0.034146342,0.6213592,0.9609756
2018-1-10T13-49-26,1515588566588,1.0195122,-0.024390243,0.5533981,1.0195122
2018-1-10T13-49-26,1515588566589,1.0195122,0.014634146,0.4563107,1.0195122
2018-1-10T13-49-26,1515588566590,1.0390244,0.034146342,0.52427185,1.0390244
2018-1-10T13-49-26,1515588566591,0.9902439,0.034146342,0.61165047,0.9902439
2018-1-10T13-49-26,1515588566592,0.902439,0.06341463,0.5145631,0.902439
2018-1-10T13-49-26,1515588566593,0.8341463,-0.034146342,0.3883495,0.8341463
2018-1-10T13-49-26,1515588566594,0.77560973,-0.014634146,0.3883495,0.77560973
2018-1-10T13-49-26,1515588566595,0.77560973,-0.043902438,0.4854369,0.77560973
2018-1-10T13-49-26,1515588566596,0.77560973,-0.053658538,0.4563107,0.77560973
2018-1-10T13-49-26,1515588566597,0.75609756,-0.053658538,0.33009708,0.75609756
2018-1-10T13-49-26,1515588566598,0.75609756,-0.004878049,0.34951457,0.75609756
2018-1-10T13-49-26,1515588566599,0.74634147,0.004878049,0.4563107,0.74634147
2018-1-10T13-49-26,1515588566600,0.7853659,-0.004878049,0.47572815,0.7853659
2018-1-10T13-49-26,1515588566601,0.80487806,-0.014634146,0.39805827,0.80487806
2018-1-10T13-49-26,1515588566602,0.8341463,0.034146342,0.36893204,0.8341463
2018-1-10T13-49-26,1515588566603,0.91219515,0.053658538,0.49514562,0.91219515
2018-1-10T13-49-26,1515588566604,0.8829268,0.024390243,0.49514562,0.8829268
2018-1-10T13-49-26,1515588566605,0.87317073,0.024390243,0.39805827,0.87317073
2018-1-10T13-49-26,1515588566606,0.85365856,0.014634146,0.36893204,0.85365856
2018-1-10T13-49-26,1515588566607,0.91219515,-0.034146342,0.4854369,0.91219515
2018-1-10T13-49-26,1515588566608,0.81463414,-0.11219512,0.5048544,0.81463414
2018-1-10T13-49-26,1515588566609,0.79512197,-0.11219512,0.42718446,0.79512197
2018-1-10T13-49-26,1515588566610,0.81463414,-0.5219512,0.3883495,0.81463414
2018-1-10T13-49-26,1515588566611,0.7853659,-0.10243902,0.42718446,0.7853659
2018-1-10T13-49-26,1515588566612,0.80487806,-0.06341463,0.52427185,0.80487806
2018-1-10T13-49-26,1515588566613,0.84390247,-0.07317073,0.5339806,0.84390247
2018-1-10T13-49-26,1515588566614,0.902439,-0.06341463,0.49514562,0.902439
2018-1-10T13-49-26,1515588566615,0.8926829,-0.024390243,0.4368932,0.8926829
2018-1-10T13-49-26,1515588566616,0.92195123,0.053658538,0.44660193,0.92195123
2018-1-10T13-49-26,1515588566617,0.902439,0.014634146,0.5145631,0.902439
2018-1-10T13-49-26,1515588566618,0.8926829,0.024390243,0.47572815,0.8926829
2018-1-10T13-49-26,1515588566619,0.8829268,0.024390243,0.4368932,0.8829268
2018-1-10T13-49-26,1515588566620,0.87317073,0.034146342,0.407767,0.87317073
2018-1-10T13-49-26,1515588566621,0.92195123,0.004878049,0.49514562,0.92195123
2018-1-10T13-49-26,1515588566622,0.80487806,-0.004878049,0.46601942,0.80487806
2018-1-10T13-49-26,1515588566623,0.80487806,0.004878049,0.27184466,0.80487806
2018-1-10T13-49-26,1515588566624,0.76585364,0.024390243,0.3883495,0.76585364
2018-1-10T13-49-26,1515588566625,0.79512197,0.014634146,0.46601942,0.79512197
2018-1-10T13-49-26,1515588566626,0.82439023,-0.043902438,0.42718446,0.82439023
2018-1-10T13-49-26,1515588566627,0.75609756,-0.024390243,0.34951457,0.75609756
2018-1-10T13-49-26,1515588566628,0.74634147,-0.004878049,0.34951457,0.74634147
2018-1-10T13-49-26,1515588566629,0.76585364,-0.14146341,0.42718446,0.76585364
2018-1-10T13-49-26,1515588566630,0.7268293,-0.09268293,0.41747573,0.7268293
2018-1-10T13-49-26,1515588566631,0.82439023,-0.06341463,0.3883495,0.82439023
2018-1-10T13-49-26,1515588566632,0.87317073,-0.014634146,0.4563107,0.87317073
2018-1-10T13-49-26,1515588566633,0.902439,-0.034146342,0.5825243,0.902439
2018-1-10T13-49-26,1515588566634,1.0097561,-0.024390243,0.5145631,1.0097561
2018-1-10T13-49-26,1515588566635,0.9804878,-0.004878049,0.42718446,0.9804878
2018-1-10T13-49-26,1515588566636,0.9609756,0.014634146,0.52427185,0.9609756
2018-1-10T13-49-26,1515588566637,0.9902439,-0.034146342,0.63106793,0.9902439
2018-1-10T13-49-26,1515588566638,0.9414634,-0.08292683,0.5533981,0.9414634
2018-1-10T13-49-26,1515588566639,0.87317073,-0.043902438,0.41747573,0.87317073
2018-1-10T13-49-26,1515588566640,0.85365856,-0.014634146,0.4563107,0.85365856
2018-1-10T13-49-26,1515588566641,0.7853659,-0.08292683,0.47572815,0.7853659
2018-1-10T13-49-26,1515588566642,0.7268293,-0.06341463,0.37864077,0.7268293
2018-1-10T13-49-26,1515588566643,0.69756097,0.014634146,0.3398058,0.69756097
2018-1-10T13-49-26,1515588566644,0.7365854,-0.024390243,0.3592233,0.7365854
2018-1-10T13-49-26,1515588566645,0.75609756,-0.014634146,0.407767,0.75609756
2018-1-10T13-49-26,1515588566646,0.77560973,0.004878049,0.42718446,0.77560973
2018-1-10T13-49-26,1515588566647,0.81463414,-0.004878049,0.407767,0.81463414
2018-1-10T13-49-26,1515588566648,0.87317073,0.014634146,0.4368932,0.87317073
2018-1-10T13-49-26,1515588566649,0.8829268,0.043902438,0.4368932,0.8829268
2018-1-10T13-49-26,1515588566650,0.8829268,0.014634146,0.47572815,0.8829268
2018-1-10T13-49-26,1515588566651,0.8829268,0.053658538,0.46601942,0.8829268
2018-1-10T13-49-26,1515588566652,0.87317073,0.014634146,0.5048544,0.87317073
2018-1-10T13-49-26,1515588566653,0.86341465,0.004878049,0.4563107,0.86341465
2018-1-10T13-49-26,1515588566654,0.86341465,-0.004878049,0.42718446,0.86341465
2018-1-10T13-49-26,1515588566655,0.86341465,0.004878049,0.49514562,0.86341465
2018-1-10T13-49-26,1515588566656,0.8829268,-0.004878049,0.5048544,0.8829268
2018-1-10T13-49-26,1515588566657,0.8829268,-0.024390243,0.4563107,0.8829268
2018-1-10T13-49-26,1515588566658,0.87317073,-0.014634146,0.42718446,0.87317073
2018-1-10T13-49-26,1515588566659,0.84390247,-0.034146342,0.4854369,0.84390247
2018-1-10T13-49-26,1515588566660,0.85365856,-0.07317073,0.5145631,0.85365856
2018-1-10T13-49-26,1515588566661,0.80487806,-0.053658538,0.46601942,0.80487806
2018-1-10T13-49-26,1515588566662,0.85365856,-0.043902438,0.42718446,0.85365856
2018-1-10T13-49-26,1515588566663,0.84390247,-0.06341463,0.407767,0.84390247
2018-1-10T13-49-26,1515588566664,0.79512197,-0.053658538,0.39805827,0.79512197
2018-1-10T13-49-26,1515588566665,0.76585364,-0.053658538,0.36893204,0.76585364
2018-1-10T13-49-26,1515588566666,0.7365854,-0.07317073,0.407767,0.7365854
2018-1-10T13-49-26,1515588566667,0.77560973,-0.053658538,0.42718446,0.77560973
2018-1-10T13-49-26,1515588566668,0.80487806,0.014634146,0.44660193,0.80487806
2018-1-10T13-49-26,1515588566669,0.84390247,-0.024390243,0.4368932,0.84390247
2018-1-10T13-49-26,1515588566670,0.8926829,0.014634146,0.44660193,0.8926829
2018-1-10T13-49-26,1515588566671,0.902439,0.014634146,0.5339806,0.902439
2018-1-10T13-49-26,1515588566672,0.9414634,0.014634146,0.57281554,0.9414634
2018-1-10T13-49-26,1515588566673,0.9902439,0.014634146,0.4854369,0.9902439
2018-1-10T13-49-26,1515588566674,0.92195123,0.024390243,0.46601942,0.92195123
2018-1-10T13-49-26,1515588566675,0.92195123,0.004878049,0.5048544,0.92195123
2018-1-10T13-49-26,1515588566676,0.85365856,-0.014634146,0.5048544,0.85365856
2018-1-10T13-49-26,1515588566677,0.80487806,-0.004878049,0.37864077,0.80487806
2018-1-10T13-49-26,1515588566678,0.76585364,0.034146342,0.34951457,0.76585364
2018-1-10T13-49-26,1515588566679,0.77560973,0.004878049,0.4368932,0.77560973
2018-1-10T13-49-26,1515588566680,0.81463414,-0.053658538,0.41747573,0.81463414
2018-1-10T13-49-26,1515588566681,0.7268293,-0.034146342,0.37864077,0.7268293
2018-1-10T13-49-26,1515588566682,0.76585364,-0.07317073,0.3398058,0.76585364
2018-1-10T13-49-26,1515588566683,0.81463414,-0.053658538,0.4368932,0.81463414
2018-1-10T13-49-26,1515588566684,0.79512197,-0.043902438,0.46601942,0.79512197
2018-1-10T13-49-26,1515588566685,0.85365856,-0.034146342,0.4368932,0.85365856
2018-1-10T13-49-26,1515588566686,0.8829268,-0.034146342,0.46601942,0.8829268
2018-1-10T13-49-26,1515588566687,0.8926829,-0.034146342,0.49514562,0.8926829
2018-1-10T13-49-26,1515588566688,0.9317073,-0.014634146,0.5145631,0.9317073
2018-1-10T13-49-26,1515588566689,0.9609756,-0.014634146,0.47572815,0.9609756
2018-1-10T13-49-26,1515588566690,0.9317073,-0.004878049,0.3592233,0.9317073
2018-1-10T13-49-26,1515588566691,0.87317073,-0.014634146,0.39805827,0.87317073
2018-1-10T13-49-26,1515588566692,0.8341463,-0.024390243,0.4563107,0.8341463
2018-1-10T13-49-26,1515588566693,0.77560973,-0.14146341,0.49514562,0.77560973
2018-1-10T13-49-26,1515588566694,0.80487806,-0.10243902,0.47572815,0.80487806
2018-1-10T13-49-26,1515588566695,0.81463414,-0.07317073,0.41747573,0.81463414
2018-1-10T13-49-26,1515588566696,0.8341463,-0.06341463,0.41747573,0.8341463
2018-1-10T13-49-26,1515588566697,0.87317073,-0.043902438,0.47572815,0.87317073
2018-1-10T13-49-26,1515588566698,0.8341463,-0.004878049,0.4854369,0.8341463
2018-1-10T13-49-26,1515588566699,0.82439023,-0.004878049,0.39805827,0.82439023
2018-1-10T13-49-26,1515588566700,0.81463414,-0.004878049,0.39805827,0.81463414
2018-1-10T13-49-26,1515588566701,0.80487806,0.034146342,0.4368932,0.80487806
2018-1-10T13-49-26,1515588566702,0.79512197,0.014634146,0.42718446,0.79512197
2018-1-10T13-49-26,1515588566703,0.85365856,-0.004878049,0.407767,0.85365856
2018-1-10T13-49-26,1515588566704,0.84390247,0.034146342,0.39805827,0.84390247
2018-1-10T13-49-26,1515588566705,0.8341463,0.034146342,0.407767,0.8341463
2018-1-10T13-49-26,1515588566706,0.85365856,0.043902438,0.44660193,0.85365856
2018-1-10T13-49-26,1515588566707,0.87317073,0.014634146,0.46601942,0.87317073
2018-1-10T13-49-26,1515588566708,0.86341465,0.004878049,0.47572815,0.86341465
2018-1-10T13-49-26,1515588566709,0.8926829,-0.004878049,0.46601942,0.8926829
2018-1-10T13-49-26,1515588566710,0.8926829,-0.014634146,0.47572815,0.8926829
2018-1-10T13-49-26,1515588566711,0.91219515,-0.014634146,0.49514562,0.91219515
2018-1-10T13-49-26,1515588566712,0.91219515,-0.014634146,0.52427185,0.91219515
2018-1-10T13-49-26,1515588566713,0.8829268,-0.043902438,0.44660193,0.8829268
2018-1-10T13-49-26,1515588566714,0.84390247,-0.034146342,0.407767,0.84390247
2018-1-10T13-49-26,1515588566715,0.81463414,-0.004878049,0.46601942,0.81463414
2018-1-10T13-49-26,1515588566716,0.85365856,-0.053658538,0.5339806,0.85365856
2018-1-10T13-49-26,1515588566717,0.85365856,-0.08292683,0.407767,0.85365856
2018-1-10T13-49-26,1515588566718,0.77560973,-0.034146342,0.2815534,0.77560973
2018-1-10T13-49-26,1515588566719,0.71707314,-0.07317073,0.30097088,0.71707314
2018-1-10T13-49-26,1515588566720,0.6780488,-0.11219512,0.4563107,0.6780488
2018-1-10T13-49-26,1515588566721,0.6780488,-0.08292683,0.39805827,0.6780488
2018-1-10T13-49-26,1515588566722,0.6878049,-0.06341463,0.32038835,0.6878049
2018-1-10T13-49-26,1515588566723,0.79512197,-0.06341463,0.44660193,0.79512197
2018-1-10T13-49-26,1515588566724,0.9512195,-0.053658538,0.6407767,0.9512195
2018-1-10T13-49-26,1515588566725,1.0195122,-0.043902438,0.57281554,1.0195122
2018-1-10T13-49-26,1515588566726,1.0682927,0.043902438,0.49514562,1.0682927
2018-1-10T13-49-26,1515588566727,1.0585365,0.06341463,0.5533981,1.0585365
2018-1-10T13-49-26,1515588566728,1.0487804,-0.014634146,0.5436893,1.0487804
2018-1-10T13-49-26,1515588566729,0.9512195,0.043902438,0.4854369,0.9512195
2018-1-10T13-49-26,1515588566730,0.86341465,0.034146342,0.39805827,0.86341465
2018-1-10T13-49-26,1515588566731,0.84390247,-0.014634146,0.407767,0.84390247
2018-1-10T13-49-26,1515588566732,0.7365854,-0.053658538,0.41747573,0.7365854
2018-1-10T13-49-26,1515588566733,0.6390244,-0.07317073,0.3398058,0.6390244
2018-1-10T13-49-26,1515588566734,0.70731705,-0.053658538,0.3592233,0.70731705
2018-1-10T13-49-26,1515588566735,0.74634147,-0.08292683,0.41747573,0.74634147
2018-1-10T13-49-26,1515588566736,0.76585364,-0.034146342,0.42718446,0.76585364
2018-1-10T13-49-26,1515588566737,0.74634147,-0.014634146,0.407767,0.74634147
2018-1-10T13-49-26,1515588566738,0.84390247,-0.014634146,0.44660193,0.84390247
2018-1-10T13-49-26,1515588566739,0.8926829,0.004878049,0.52427185,0.8926829
2018-1-10T13-49-26,1515588566740,0.91219515,-0.014634146,0.47572815,0.91219515
2018-1-10T13-49-26,1515588566741,0.86341465,0.024390243,0.407767,0.86341465
2018-1-10T13-49-26,1515588566742,0.9317073,0.034146342,0.47572815,0.9317073
2018-1-10T13-49-26,1515588566743,0.8829268,0.014634146,0.39805827,0.8829268
2018-1-10T13-49-26,1515588566744,0.81463414,0.034146342,0.3883495,0.81463414
2018-1-10T13-49-26,1515588566745,0.79512197,-0.004878049,0.42718446,0.79512197
2018-1-10T13-49-26,1515588566746,0.81463414,-0.043902438,0.5145631,0.81463414
2018-1-10T13-49-26,1515588566747,0.81463414,-0.08292683,0.44660193,0.81463414
2018-1-10T13-49-26,1515588566748,0.87317073,-0.08292683,0.46601942,0.87317073
2018-1-10T13-49-26,1515588566749,0.8926829,-0.10243902,0.5436893,0.8926829
2018-1-10T13-49-26,1515588566750,0.87317073,-0.07317073,0.52427185,0.87317073
2018-1-10T13-49-26,1515588566751,0.87317073,-0.09268293,0.4563107,0.87317073
2018-1-10T13-49-26,1515588566752,0.84390247,-0.06341463,0.4563107,0.84390247
2018-1-10T13-49-26,1515588566753,0.80487806,-0.10243902,0.41747573,0.80487806
2018-1-10T13-49-26,1515588566754,0.77560973,-0.053658538,0.41747573,0.77560973
2018-1-10T13-49-26,1515588566755,0.7853659,-0.06341463,0.407767,0.7853659
2018-1-10T13-49-26,1515588566756,0.8341463,0.024390243,0.4368932,0.8341463
2018-1-10T13-49-26,1515588566757,0.86341465,0.014634146,0.39805827,0.86341465
2018-1-10T13-49-26,1515588566758,0.8926829,0.06341463,0.42718446,0.8926829
2018-1-10T13-49-26,1515588566759,0.92195123,0.10243902,0.5145631,0.92195123
2018-1-10T13-49-26,1515588566760,0.9804878,0.10243902,0.52427185,0.9804878
2018-1-10T13-49-26,1515588566761,0.92195123,0.11219512,0.4563107,0.92195123
2018-1-10T13-49-26,1515588566762,0.91219515,0.08292683,0.42718446,0.91219515
2018-1-10T13-49-26,1515588566763,0.8341463,0.053658538,0.47572815,0.8341463
2018-1-10T13-49-26,1515588566764,0.79512197,-0.004878049,0.4563107,0.79512197
2018-1-10T13-49-26,1515588566765,0.76585364,-0.043902438,0.39805827,0.76585364
2018-1-10T13-49-26,1515588566766,0.76585364,-0.09268293,0.39805827,0.76585364
2018-1-10T13-49-26,1515588566767,0.7268293,-0.07317073,0.36893204,0.7268293
2018-1-10T13-49-26,1515588566768,0.7365854,-0.09268293,0.34951457,0.7365854
2018-1-10T13-49-26,1515588566769,0.79512197,-0.06341463,0.4563107,0.79512197
2018-1-10T13-49-26,1515588566770,0.82439023,-0.06341463,0.49514562,0.82439023
2018-1-10T13-49-26,1515588566771,0.8926829,-0.024390243,0.42718446,0.8926829
2018-1-10T13-49-26,1515588566772,0.9414634,0.053658538,0.47572815,0.9414634
2018-1-10T13-49-26,1515588566773,0.9902439,-0.043902438,0.592233,0.9902439
2018-1-10T13-49-26,1515588566774,0.9414634,-0.07317073,0.5145631,0.9414634
2018-1-10T13-49-26,1515588566775,0.8829268,0.004878049,0.3883495,0.8829268
2018-1-10T13-49-26,1515588566776,0.84390247,-0.053658538,0.41747573,0.84390247
2018-1-10T13-49-26,1515588566777,0.80487806,-0.07317073,0.4563107,0.80487806
2018-1-10T13-49-26,1515588566778,0.75609756,-0.014634146,0.42718446,0.75609756
2018-1-10T13-49-26,1515588566779,0.85365856,-0.024390243,0.407767,0.85365856
2018-1-10T13-49-26,1515588566780,0.86341465,-0.024390243,0.4563107,0.86341465
2018-1-10T13-49-26,1515588566781,0.8926829,-0.024390243,0.4563107,0.8926829
2018-1-10T13-49-26,1515588566782,0.8926829,-0.014634146,0.4368932,0.8926829
2018-1-10T13-49-26,1515588566783,0.8926829,-0.014634146,0.46601942,0.8926829
2018-1-10T13-49-26,1515588566784,0.85365856,-0.024390243,0.4854369,0.85365856
2018-1-10T13-49-26,1515588566785,0.8829268,-0.014634146,0.4563107,0.8829268
2018-1-10T13-49-26,1515588566786,0.84390247,-0.004878049,0.5339806,0.84390247
2018-1-10T13-49-26,1515588566787,0.85365856,0.014634146,0.4368932,0.85365856
2018-1-10T13-49-26,1515588566788,0.8341463,0.024390243,0.3592233,0.8341463
2018-1-10T13-49-26,1515588566789,0.81463414,0.034146342,0.3883495,0.81463414
2018-1-10T13-49-26,1515588566790,0.84390247,0.014634146,0.49514562,0.84390247
2018-1-10T13-49-26,1515588566791,0.81463414,0.004878049,0.4563107,0.81463414
2018-1-10T13-49-26,1515588566792,0.8341463,0.004878049,0.36893204,0.8341463
2018-1-10T13-49-26,1515588566793,0.8341463,-0.024390243,0.4368932,0.8341463
2018-1-10T13-49-26,1515588566794,0.8341463,0.024390243,0.4854369,0.8341463
2018-1-10T13-49-26,1515588566795,0.80487806,-0.004878049,0.41747573,0.80487806
2018-1-10T13-49-26,1515588566796,0.85365856,0.024390243,0.4563107,0.85365856
2018-1-10T13-49-26,1515588566797,0.9317073,-0.034146342,0.6213592,0.9317073
2018-1-10T13-49-26,1515588566798,0.9317073,-0.07317073,0.5145631,0.9317073
2018-1-10T13-49-26,1515588566799,0.91219515,-0.11219512,0.41747573,0.91219515
2018-1-10T13-49-26,1515588566800,0.8829268,-0.043902438,0.3883495,0.8829268
2018-1-10T13-49-26,1515588566801,0.8341463,-0.053658538,0.49514562,0.8341463
2018-1-10T13-49-26,1515588566802,0.7853659,-0.06341463,0.44660193,0.7853659
2018-1-10T13-49-26,1515588566803,0.79512197,-0.06341463,0.39805827,0.79512197
2018-1-10T13-49-26,1515588566804,0.79512197,-0.07317073,0.407767,0.79512197
2018-1-10T13-49-26,1515588566805,0.7853659,-0.07317073,0.4563107,0.7853659
2018-1-10T13-49-26,1515588566806,0.7853659,-0.08292683,0.5048544,0.7853659
2018-1-10T13-49-26,1515588566807,0.86341465,-0.08292683,0.49514562,0.86341465
2018-1-10T13-49-26,1515588566808,0.8829268,-0.053658538,0.39805827,0.8829268
2018-1-10T13-49-26,1515588566809,0.85365856,0.004878049,0.41747573,0.85365856
2018-1-10T13-49-26,1515588566810,0.8926829,-0.024390243,0.5436893,0.8926829
2018-1-10T13-49-26,1515588566811,0.81463414,-0.08292683,0.5048544,0.81463414
2018-1-10T13-49-26,1515588566812,0.84390247,0.024390243,0.407767,0.84390247
2018-1-10T13-49-26,1515588566813,0.8829268,0.034146342,0.3883495,0.8829268
2018-1-10T13-49-26,1515588566814,0.85365856,0.004878049,0.42718446,0.85365856
2018-1-10T13-49-26,1515588566815,0.80487806,-0.004878049,0.39805827,0.80487806
2018-1-10T13-49-26,1515588566816,0.8341463,-0.004878049,0.46601942,0.8341463
2018-1-10T13-49-26,1515588566817,0.85365856,-0.014634146,0.44660193,0.85365856
2018-1-10T13-49-26,1515588566818,0.82439023,-0.10243902,0.3592233,0.82439023
2018-1-10T13-49-26,1515588566819,0.7853659,0.004878049,0.3398058,0.7853659
2018-1-10T13-49-26,1515588566820,0.79512197,0.004878049,0.47572815,0.79512197
2018-1-10T13-49-26,1515588566821,0.82439023,-0.034146342,0.49514562,0.82439023
2018-1-10T13-49-26,1515588566822,0.8341463,-0.024390243,0.44660193,0.8341463
2018-1-10T13-49-26,1515588566823,0.85365856,0.004878049,0.3883495,0.85365856
2018-1-10T13-49-26,1515588566824,0.87317073,-0.004878049,0.36893204,0.87317073
2018-1-10T13-49-26,1515588566825,0.82439023,0.004878049,0.4563107,0.82439023
2018-1-10T13-49-26,1515588566826,0.82439023,-0.004878049,0.4854369,0.82439023
2018-1-10T13-49-26,1515588566827,0.85365856,-0.034146342,0.44660193,0.85365856
2018-1-10T13-49-26,1515588566828,0.87317073,-0.034146342,0.39805827,0.87317073
2018-1-10T13-49-26,1515588566829,0.91219515,-0.043902438,0.44660193,0.91219515
2018-1-10T13-49-26,1515588566830,0.91219515,-0.043902438,0.5533981,0.91219515
2018-1-10T13-49-26,1515588566831,0.91219515,-0.024390243,0.5533981,0.91219515
2018-1-10T13-49-26,1515588566832,0.9317073,-0.024390243,0.49514562,0.9317073
2018-1-10T13-49-26,1515588566833,0.8829268,-0.034146342,0.41747573,0.8829268
2018-1-10T13-49-26,1515588566834,0.8341463,-0.024390243,0.4563107,0.8341463
2018-1-10T13-49-26,1515588566835,0.84390247,-0.014634146,0.5048544,0.84390247
2018-1-10T13-49-26,1515588566836,0.80487806,-0.043902438,0.5048544,0.80487806
2018-1-10T13-49-26,1515588566837,0.74634147,-0.024390243,0.34951457,0.74634147
2018-1-10T13-49-26,1515588566838,0.80487806,-0.024390243,0.34951457,0.80487806
2018-1-10T13-49-26,1515588566839,0.80487806,-0.043902438,0.4563107,0.80487806
2018-1-10T13-49-26,1515588566840,0.77560973,-0.07317073,0.41747573,0.77560973
2018-1-10T13-49-26,1515588566841,0.79512197,-0.014634146,0.36893204,0.79512197
2018-1-10T13-49-26,1515588566842,0.82439023,-0.053658538,0.4368932,0.82439023
2018-1-10T13-49-26,1515588566843,0.86341465,-0.014634146,0.41747573,0.86341465
2018-1-10T13-49-26,1515588566844,0.8829268,0.004878049,0.4368932,0.8829268
2018-1-10T13-49-26,1515588566845,0.8926829,0.024390243,0.4368932,0.8926829
2018-1-10T13-49-26,1515588566846,0.91219515,0.004878049,0.52427185,0.91219515
2018-1-10T13-49-26,1515588566847,0.92195123,0.004878049,0.5145631,0.92195123
2018-1-10T13-49-26,1515588566848,0.91219515,0.004878049,0.42718446,0.91219515
2018-1-10T13-49-26,1515588566849,0.87317073,0.004878049,0.37864077,0.87317073
2018-1-10T13-49-26,1515588566850,0.87317073,0.004878049,0.4368932,0.87317073
2018-1-10T13-49-26,1515588566851,0.82439023,-0.004878049,0.4854369,0.82439023
2018-1-10T13-49-26,1515588566852,0.85365856,-0.043902438,0.44660193,0.85365856
2018-1-10T13-49-26,1515588566853,0.8829268,-0.024390243,0.5048544,0.8829268
2018-1-10T13-49-26,1515588566854,0.902439,-0.024390243,0.4563107,0.902439
2018-1-10T13-49-26,1515588566855,0.82439023,-0.043902438,0.42718446,0.82439023
2018-1-10T13-49-26,1515588566856,0.8341463,0.034146342,0.42718446,0.8341463
2018-1-10T13-49-26,1515588566857,0.7853659,-0.053658538,0.46601942,0.7853659
2018-1-10T13-49-26,1515588566858,0.76585364,-0.053658538,0.4368932,0.76585364
2018-1-10T13-49-26,1515588566859,0.77560973,-0.06341463,0.4368932,0.77560973
2018-1-10T13-49-26,1515588566860,0.7853659,-0.043902438,0.41747573,0.7853659
2018-1-10T13-49-26,1515588566861,0.81463414,-0.034146342,0.407767,0.81463414
2018-1-10T13-49-26,1515588566862,0.8829268,-0.024390243,0.44660193,0.8829268
2018-1-10T13-49-26,1515588566863,0.9804878,-0.024390243,0.52427185,0.9804878
2018-1-10T13-49-26,1515588566864,0.902439,-0.024390243,0.4563107,0.902439
2018-1-10T13-49-26,1515588566865,0.8926829,0.004878049,0.3398058,0.8926829
2018-1-10T13-49-26,1515588566866,0.91219515,-0.004878049,0.4368932,0.91219515
2018-1-10T13-49-26,1515588566867,0.84390247,0.024390243,0.4854369,0.84390247
2018-1-10T13-49-26,1515588566868,0.7853659,-0.004878049,0.47572815,0.7853659
2018-1-10T13-49-26,1515588566869,0.85365856,0.004878049,0.41747573,0.85365856
2018-1-10T13-49-26,1515588566870,0.8829268,-0.014634146,0.39805827,0.8829268
2018-1-10T13-49-26,1515588566871,0.8829268,0.004878049,0.4563107,0.8829268
2018-1-10T13-49-26,1515588566872,0.8829268,0.004878049,0.5339806,0.8829268
2018-1-10T13-49-26,1515588566873,0.8341463,-0.08292683,0.47572815,0.8341463
2018-1-10T13-49-26,1515588566874,0.81463414,-0.053658538,0.42718446,0.81463414
2018-1-10T13-49-26,1515588566875,0.80487806,-0.06341463,0.407767,0.80487806
2018-1-10T13-49-26,1515588566876,0.77560973,-0.07317073,0.42718446,0.77560973
2018-1-10T13-49-26,1515588566877,0.7853659,-0.08292683,0.47572815,0.7853659
2018-1-10T13-49-26,1515588566878,0.80487806,-0.07317073,0.4854369,0.80487806
2018-1-10T13-49-26,1515588566879,0.8341463,-0.07317073,0.37864077,0.8341463
2018-1-10T13-49-26,1515588566880,0.85365856,-0.004878049,0.42718446,0.85365856
2018-1-10T13-49-26,1515588566881,0.87317073,-0.024390243,0.5048544,0.87317073
2018-1-10T13-49-26,1515588566882,0.85365856,-0.014634146,0.42718446,0.85365856
2018-1-10T13-49-26,1515588566883,0.8341463,0.024390243,0.34951457,0.8341463
2018-1-10T13-49-26,1515588566884,0.86341465,0.07317073,0.4563107,0.86341465
2018-1-10T13-49-26,1515588566885,0.8926829,0.024390243,0.57281554,0.8926829
2018-1-10T13-49-26,1515588566886,0.8926829,-0.014634146,0.4563107,0.8926829
2018-1-10T13-49-26,1515588566887,0.80487806,0.034146342,0.37864077,0.80487806
2018-1-10T13-49-26,1515588566888,0.87317073,0.034146342,0.44660193,0.87317073
2018-1-10T13-49-26,1515588566889,0.8829268,-0.014634146,0.52427185,0.8829268
2018-1-10T13-49-26,1515588566890,0.82439023,-0.034146342,0.5631068,0.82439023
2018-1-10T13-49-26,1515588566891,0.87317073,-0.06341463,0.46601942,0.87317073
2018-1-10T13-49-26,1515588566892,0.85365856,-0.053658538,0.36893204,0.85365856
2018-1-10T13-49-26,1515588566893,0.84390247,-0.07317073,0.4368932,0.84390247
2018-1-10T13-49-26,1515588566894,0.82439023,-0.07317073,0.49514562,0.82439023
2018-1-10T13-49-26,1515588566895,0.7853659,-0.09268293,0.49514562,0.7853659
2018-1-10T13-49-26,1515588566896,0.7853659,-0.08292683,0.4563107,0.7853659
2018-1-10T13-49-26,1515588566897,0.81463414,-0.053658538,0.37864077,0.81463414
2018-1-10T13-49-26,1515588566898,0.75609756,-0.08292683,0.3106796,0.75609756
2018-1-10T13-49-26,1515588566899,0.7365854,-0.014634146,0.34951457,0.7365854
2018-1-10T13-49-26,1515588566900,0.7365854,0.014634146,0.407767,0.7365854
2018-1-10T13-49-26,1515588566901,0.7853659,0.004878049,0.42718446,0.7853659
2018-1-10T13-49-26,1515588566902,0.84390247,0.034146342,0.41747573,0.84390247
2018-1-10T13-49-26,1515588566903,0.9317073,0.034146342,0.5048544,0.9317073
2018-1-10T13-49-26,1515588566904,0.9902439,0.043902438,0.57281554,0.9902439
2018-1-10T13-49-26,1515588566905,1.0,0.043902438,0.5048544,1.0
2018-1-10T13-49-26,1515588566906,0.9804878,0.053658538,0.49514562,0.9804878
2018-1-10T13-49-26,1515588566907,0.9804878,0.053658538,0.52427185,0.9804878
2018-1-10T13-49-26,1515588566908,0.8829268,-0.034146342,0.5145631,0.8829268
2018-1-10T13-49-26,1515588566909,0.8341463,-0.07317073,0.4563107,0.8341463
2018-1-10T13-49-26,1515588566910,0.7853659,-0.08292683,0.37864077,0.7853659
2018-1-10T13-49-26,1515588566911,0.74634147,-0.09268293,0.407767,0.74634147
2018-1-10T13-49-26,1515588566912,0.74634147,-0.1609756,0.4563107,0.74634147
2018-1-10T13-49-26,1515588566913,0.75609756,-0.08292683,0.42718446,0.75609756
2018-1-10T13-49-26,1515588566914,0.81463414,-0.053658538,0.39805827,0.81463414
2018-1-10T13-49-26,1515588566915,0.84390247,0.004878049,0.4368932,0.84390247
2018-1-10T13-49-26,1515588566916,0.87317073,0.043902438,0.46601942,0.87317073
2018-1-10T13-49-26,1515588566917,0.84390247,0.034146342,0.39805827,0.84390247
2018-1-10T13-49-26,1515588566918,0.81463414,0.043902438,0.39805827,0.81463414
2018-1-10T13-49-26,1515588566919,0.82439023,0.024390243,0.407767,0.82439023
2018-1-10T13-49-26,1515588566920,0.8341463,-0.014634146,0.44660193,0.8341463
2018-1-10T13-49-26,1515588566921,0.8341463,-0.004878049,0.41747573,0.8341463
2018-1-10T13-49-26,1515588566922,0.8341463,-0.014634146,0.39805827,0.8341463
2018-1-10T13-49-26,1515588566923,0.84390247,-0.024390243,0.4368932,0.84390247
2018-1-10T13-49-26,1515588566924,0.84390247,0.004878049,0.4563107,0.84390247
2018-1-10T13-49-26,1515588566925,0.86341465,-0.014634146,0.4563107,0.86341465
2018-1-10T13-49-26,1515588566926,0.8341463,-0.004878049,0.46601942,0.8341463
2018-1-10T13-49-26,1515588566927,0.902439,-0.034146342,0.4854369,0.902439
2018-1-10T13-49-26,1515588566928,0.8926829,-0.07317073,0.5436893,0.8926829
2018-1-10T13-49-26,1515588566929,0.9317073,-0.07317073,0.57281554,0.9317073
2018-1-10T13-49-26,1515588566930,0.9317073,-0.08292683,0.5825243,0.9317073
2018-1-10T13-49-26,1515588566931,0.8829268,-0.07317073,0.42718446,0.8829268
2018-1-10T13-49-26,1515588566932,0.86341465,-0.014634146,0.4368932,0.86341465
2018-1-10T13-49-26,1515588566933,0.82439023,0.004878049,0.4563107,0.82439023
2018-1-10T13-49-26,1515588566934,0.7853659,-0.024390243,0.3883495,0.7853659
2018-1-10T13-49-26,1515588566935,0.77560973,-0.004878049,0.3592233,0.77560973
2018-1-10T13-49-26,1515588566936,0.77560973,-0.004878049,0.36893204,0.77560973
2018-1-10T13-49-26,1515588566937,0.76585364,0.014634146,0.3592233,0.76585364
2018-1-10T13-49-26,1515588566938,0.8341463,0.004878049,0.42718446,0.8341463
2018-1-10T13-49-26,1515588566939,0.81463414,0.004878049,0.4368932,0.81463414
2018-1-10T13-49-26,1515588566940,0.80487806,0.024390243,0.42718446,0.80487806
2018-1-10T13-49-26,1515588566941,0.8341463,-0.014634146,0.39805827,0.8341463
2018-1-10T13-49-26,1515588566942,0.85365856,-0.014634146,0.44660193,0.85365856
2018-1-10T13-49-26,1515588566943,0.80487806,-0.014634146,0.4368932,0.80487806
2018-1-10T13-49-26,1515588566944,0.84390247,-0.034146342,0.4563107,0.84390247
2018-1-10T13-49-26,1515588566945,0.86341465,-0.06341463,0.52427185,0.86341465
2018-1-10T13-49-26,1515588566946,0.902439,-0.06341463,0.5145631,0.902439
2018-1-10T13-49-26,1515588566947,0.8926829,-0.034146342,0.49514562,0.8926829
2018-1-10T13-49-26,1515588566948,0.91219515,-0.053658538,0.4368932,0.91219515
2018-1-10T13-49-26,1515588566949,0.86341465,-0.014634146,0.4563107,0.86341465
2018-1-10T13-49-26,1515588566950,0.87317073,-0.014634146,0.5533981,0.87317073
2018-1-10T13-49-26,1515588566951,0.8341463,-0.004878049,0.5145631,0.8341463
2018-1-10T13-49-26,1515588566952,0.8341463,0.043902438,0.41747573,0.8341463
2018-1-10T13-49-26,1515588566953,0.82439023,0.004878049,0.407767,0.82439023
2018-1-10T13-49-26,1515588566954,0.80487806,0.004878049,0.4563107,0.80487806
2018-1-10T13-49-26,1515588566955,0.84390247,-0.024390243,0.46601942,0.84390247
2018-1-10T13-49-26,1515588566956,0.79512197,-0.014634146,0.3883495,0.79512197
2018-1-10T13-49-26,1515588566957,0.77560973,0.014634146,0.37864077,0.77560973
2018-1-10T13-49-26,1515588566958,0.84390247,0.004878049,0.47572815,0.84390247
2018-1-10T13-49-26,1515588566959,0.80487806,-0.024390243,0.4563107,0.80487806
2018-1-10T13-49-26,1515588566960,0.7365854,-0.004878049,0.36893204,0.7365854
2018-1-10T13-49-26,1515588566961,0.8341463,0.06341463,0.44660193,0.8341463
2018-1-10T13-49-26,1515588566962,0.86341465,-0.024390243,0.47572815,0.86341465
2018-1-10T13-49-26,1515588566963,0.87317073,0.004878049,0.42718446,0.87317073
2018-1-10T13-49-26,1515588566964,0.87317073,-0.004878049,0.407767,0.87317073
2018-1-10T13-49-26,1515588566965,0.8829268,-0.014634146,0.5048544,0.8829268
2018-1-10T13-49-26,1515588566966,0.87317073,-0.053658538,0.49514562,0.87317073
2018-1-10T13-49-26,1515588566967,0.80487806,-0.053658538,0.3592233,0.80487806
2018-1-10T13-49-26,1515588566968,0.79512197,-0.07317073,0.39805827,0.79512197
2018-1-10T13-49-26,1515588566969,0.81463414,0.004878049,0.47572815,0.81463414
2018-1-10T13-49-26,1515588566970,0.84390247,-0.08292683,0.5145631,0.84390247
2018-1-10T13-49-26,1515588566971,0.85365856,-0.07317073,0.46601942,0.85365856
2018-1-10T13-49-26,1515588566972,0.8926829,-0.034146342,0.46601942,0.8926829
2018-1-10T13-49-26,1515588566973,0.9512195,-0.024390243,0.46601942,0.9512195
2018-1-10T13-49-26,1515588566974,0.8926829,0.004878049,0.49514562,0.8926829
2018-1-10T13-49-26,1515588566975,0.8926829,-0.014634146,0.44660193,0.8926829
2018-1-10T13-49-26,1515588566976,0.8926829,0.014634146,0.4854369,0.8926829
2018-1-10T13-49-26,1515588566977,0.84390247,0.004878049,0.44660193,0.84390247
2018-1-10T13-49-26,1515588566978,0.82439023,0.024390243,0.34951457,0.82439023
2018-1-10T13-49-26,1515588566979,0.80487806,0.024390243,0.39805827,0.80487806
2018-1-10T13-49-26,1515588566980,0.7853659,-0.034146342,0.4563107,0.7853659
2018-1-10T13-49-26,1515588566981,0.74634147,-0.043902438,0.37864077,0.74634147
2018-1-10T13-49-26,1515588566982,0.77560973,-0.014634146,0.39805827,0.77560973
2018-1-10T13-49-26,1515588566983,0.85365856,0.004878049,0.4563107,0.85365856
2018-1-10T13-49-26,1515588566984,0.8341463,0.004878049,0.4563107,0.8341463
2018-1-10T13-49-26,1515588566985,0.84390247,0.024390243,0.41747573,0.84390247
2018-1-10T13-49-26,1515588566986,0.8926829,0.034146342,0.46601942,0.8926829
2018-1-10T13-49-26,1515588566987,0.92195123,0.014634146,0.5631068,0.92195123
2018-1-10T13-49-26,1515588566988,0.9317073,0.18048781,0.52427185,0.9317073
2018-1-10T13-49-26,1515588566989,0.902439,-0.034146342,0.42718446,0.902439
2018-1-10T13-49-26,1515588566990,0.84390247,-0.043902438,0.3883495,0.84390247
2018-1-10T13-49-26,1515588566991,0.77560973,-0.043902438,0.36893204,0.77560973
2018-1-10T13-49-26,1515588566992,0.7268293,-0.053658538,0.41747573,0.7268293
2018-1-10T13-49-26,1515588566993,0.75609756,-0.08292683,0.3883495,0.75609756
2018-1-10T13-49-26,1515588566994,0.74634147,-0.09268293,0.3883495,0.74634147
2018-1-10T13-49-26,1515588566995,0.82439023,-0.09268293,0.42718446,0.82439023
2018-1-10T13-49-26,1515588566996,0.8829268,-0.12195122,0.49514562,0.8829268
2018-1-10T13-49-26,1515588566997,0.8926829,-0.043902438,0.49514562,0.8926829
2018-1-10T13-49-26,1515588566998,0.92195123,-0.014634146,0.5145631,0.92195123
2018-1-10T13-49-26,1515588566999,0.9609756,-0.014634146,0.52427185,0.9609756
2018-1-10T13-49-27,1515588567000,0.9414634,0.004878049,0.46601942,0.9414634
2018-1-10T13-49-27,1515588567001,0.91219515,0.004878049,0.44660193,0.91219515
2018-1-10T13-49-27,1515588567002,0.85365856,-0.014634146,0.42718446,0.85365856
2018-1-10T13-49-27,1515588567003,0.80487806,-0.034146342,0.42718446,0.80487806
2018-1-10T13-49-27,1515588567004,0.79512197,-0.024390243,0.41747573,0.79512197
2018-1-10T13-49-27,1515588567005,0.7853659,-0.014634146,0.37864077,0.7853659
2018-1-10T13-49-27,1515588567006,0.80487806,-0.024390243,0.37864077,0.80487806
2018-1-10T13-49-27,1515588567007,0.79512197,-0.014634146,0.42718446,0.79512197
2018-1-10T13-49-27,1515588567008,0.8341463,-0.004878049,0.4854369,0.8341463
2018-1-10T13-49-27,1515588567009,0.8341463,0.004878049,0.46601942,0.8341463
2018-1-10T13-49-27,1515588567010,0.87317073,0.034146342,0.4563107,0.87317073
2018-1-10T13-49-27,1515588567011,0.902439,0.004878049,0.4854369,0.902439
2018-1-10T13-49-27,1515588567012,0.86341465,0.014634146,0.5048544,0.86341465
2018-1-10T13-49-27,1515588567013,0.8829268,-0.004878049,0.44660193,0.8829268
2018-1-10T13-49-27,1515588567014,0.85365856,0.004878049,0.42718446,0.85365856
2018-1-10T13-49-27,1515588567015,0.82439023,-0.024390243,0.3883495,0.82439023
2018-1-10T13-49-27,1515588567016,0.79512197,0.004878049,0.4368932,0.79512197
2018-1-10T13-49-27,1515588567017,0.80487806,-0.034146342,0.5145631,0.80487806
2018-1-10T13-49-27,1515588567018,0.82439023,-0.053658538,0.46601942,0.82439023
2018-1-10T13-49-27,1515588567019,0.86341465,-0.043902438,0.4563107,0.86341465
2018-1-10T13-49-27,1515588567020,0.84390247,-0.024390243,0.44660193,0.84390247
2018-1-10T13-49-27,1515588567021,0.8926829,-0.034146342,0.4854369,0.8926829
2018-1-10T13-49-27,1515588567022,0.8926829,-0.014634146,0.46601942,0.8926829
2018-1-10T13-49-27,1515588567023,0.91219515,0.014634146,0.4368932,0.91219515
2018-1-10T13-49-27,1515588567024,0.87317073,-0.034146342,0.46601942,0.87317073
2018-1-10T13-49-27,1515588567025,0.84390247,-0.014634146,0.4563107,0.84390247
2018-1-10T13-49-27,1515588567026,0.82439023,-0.024390243,0.42718446,0.82439023
2018-1-10T13-49-27,1515588567027,0.82439023,0.004878049,0.3883495,0.82439023
2018-1-10T13-49-27,1515588567028,0.80487806,-0.043902438,0.3883495,0.80487806
2018-1-10T13-49-27,1515588567029,0.80487806,-0.053658538,0.3883495,0.80487806
2018-1-10T13-49-27,1515588567030,0.76585364,-0.014634146,0.41747573,0.76585364
2018-1-10T13-49-27,1515588567031,0.82439023,-0.053658538,0.42718446,0.82439023
2018-1-10T13-49-27,1515588567032,0.77560973,-0.06341463,0.407767,0.77560973
2018-1-10T13-49-27,1515588567033,0.80487806,-0.043902438,0.4368932,0.80487806
2018-1-10T13-49-27,1515588567034,0.8829268,-0.043902438,0.592233,0.8829268
2018-1-10T13-49-27,1515588567035,0.9512195,-0.034146342,0.60194176,0.9512195
2018-1-10T13-49-27,1515588567036,1.0,0.024390243,0.47572815,1.0
2018-1-10T13-49-27,1515588567037,1.0097561,0.07317073,0.46601942,1.0097561
2018-1-10T13-49-27,1515588567038,1.0,0.043902438,0.5339806,1.0
2018-1-10T13-49-27,1515588567039,0.8926829,-0.053658538,0.49514562,0.8926829
2018-1-10T13-49-27,1515588567040,0.82439023,0.014634146,0.37864077,0.82439023
2018-1-10T13-49-27,1515588567041,0.7853659,0.004878049,0.3398058,0.7853659
2018-1-10T13-49-27,1515588567042,0.74634147,-0.053658538,0.4368932,0.74634147
2018-1-10T13-49-27,1515588567043,0.80487806,-0.08292683,0.44660193,0.80487806
2018-1-10T13-49-27,1515588567044,0.7365854,-0.053658538,0.3398058,0.7365854
2018-1-10T13-49-27,1515588567045,0.77560973,-0.024390243,0.3398058,0.77560973
2018-1-10T13-49-27,1515588567046,0.7853659,-0.014634146,0.407767,0.7853659
2018-1-10T13-49-27,1515588567047,0.77560973,-0.014634146,0.49514562,0.77560973
2018-1-10T13-49-27,1515588567048,0.85365856,0.014634146,0.47572815,0.85365856
2018-1-10T13-49-27,1515588567049,0.8926829,0.024390243,0.4563107,0.8926829
2018-1-10T13-49-27,1515588567050,0.902439,-0.004878049,0.47572815,0.902439
2018-1-10T13-49-27,1515588567051,0.9414634,-0.014634146,0.46601942,0.9414634
2018-1-10T13-49-27,1515588567052,0.9317073,-0.034146342,0.46601942,0.9317073
2018-1-10T13-49-27,1515588567053,0.85365856,-0.024390243,0.42718446,0.85365856
2018-1-10T13-49-27,1515588567054,0.8341463,-0.034146342,0.42718446,0.8341463
2018-1-10T13-49-27,1515588567055,0.81463414,-0.004878049,0.4368932,0.81463414
2018-1-10T13-49-27,1515588567056,0.80487806,-0.053658538,0.4563107,0.80487806
2018-1-10T13-49-27,1515588567057,0.91219515,-0.043902438,0.4854369,0.91219515
2018-1-10T13-49-27,1515588567058,0.8829268,-0.034146342,0.5048544,0.8829268
2018-1-10T13-49-27,1515588567059,0.9317073,-0.004878049,0.46601942,0.9317073
2018-1-10T13-49-27,1515588567060,0.9512195,0.024390243,0.44660193,0.9512195
2018-1-10T13-49-27,1515588567061,0.8926829,0.053658538,0.49514562,0.8926829
2018-1-10T13-49-27,1515588567062,0.85365856,-0.07317073,0.49514562,0.85365856
2018-1-10T13-49-27,1515588567063,0.81463414,-0.043902438,0.41747573,0.81463414
2018-1-10T13-49-27,1515588567064,0.77560973,-0.07317073,0.4368932,0.77560973
2018-1-10T13-49-27,1515588567065,0.76585364,-0.08292683,0.407767,0.76585364
2018-1-10T13-49-27,1515588567066,0.77560973,-0.12195122,0.407767,0.77560973
2018-1-10T13-49-27,1515588567067,0.79512197,-0.043902438,0.3883495,0.79512197
2018-1-10T13-49-27,1515588567068,0.82439023,-0.004878049,0.4368932,0.82439023
2018-1-10T13-49-27,1515588567069,0.86341465,-0.014634146,0.4368932,0.86341465
2018-1-10T13-49-27,1515588567070,0.902439,0.034146342,0.49514562,0.902439
2018-1-10T13-49-27,1515588567071,0.91219515,0.10243902,0.49514562,0.91219515
2018-1-10T13-49-27,1515588567072,0.9414634,0.043902438,0.4854369,0.9414634
2018-1-10T13-49-27,1515588567073,0.91219515,0.024390243,0.44660193,0.91219515
2018-1-10T13-49-27,1515588567074,0.902439,0.014634146,0.4368932,0.902439
2018-1-10T13-49-27,1515588567075,0.86341465,0.004878049,0.4368932,0.86341465
2018-1-10T13-49-27,1515588567076,0.81463414,-0.014634146,0.407767,0.81463414
2018-1-10T13-49-27,1515588567077,0.76585364,-0.024390243,0.33009708,0.76585364
2018-1-10T13-49-27,1515588567078,0.7365854,-0.043902438,0.407767,0.7365854
2018-1-10T13-49-27,1515588567079,0.75609756,-0.09268293,0.42718446,0.75609756
2018-1-10T13-49-27,1515588567080,0.80487806,-0.07317073,0.407767,0.80487806
2018-1-10T13-49-27,1515588567081,0.79512197,-0.034146342,0.37864077,0.79512197
2018-1-10T13-49-27,1515588567082,0.80487806,-0.034146342,0.34951457,0.80487806
2018-1-10T13-49-27,1515588567083,0.80487806,-0.053658538,0.41747573,0.80487806
2018-1-10T13-49-27,1515588567084,0.77560973,-0.18048781,0.42718446,0.77560973
2018-1-10T13-49-27,1515588567085,0.77560973,-0.014634146,0.42718446,0.77560973
2018-1-10T13-49-27,1515588567086,0.85365856,-0.034146342,0.47572815,0.85365856
2018-1-10T13-49-27,1515588567087,0.8926829,-0.053658538,0.5048544,0.8926829
2018-1-10T13-49-27,1515588567088,0.8926829,-0.043902438,0.42718446,0.8926829
2018-1-10T13-49-27,1515588567089,0.9414634,0.024390243,0.46601942,0.9414634
2018-1-10T13-49-27,1515588567090,0.9609756,-0.024390243,0.5339806,0.9609756
2018-1-10T13-49-27,1515588567091,0.9317073,-0.034146342,0.49514562,0.9317073
2018-1-10T13-49-27,1515588567092,0.92195123,-0.004878049,0.47572815,0.92195123
2018-1-10T13-49-27,1515588567093,0.9317073,-0.014634146,0.4368932,0.9317073
2018-1-10T13-49-27,1515588567094,0.86341465,-0.06341463,0.44660193,0.86341465
2018-1-10T13-49-27,1515588567095,0.81463414,-0.043902438,0.46601942,0.81463414
2018-1-10T13-49-27,1515588567096,0.85365856,-0.07317073,0.4368932,0.85365856
2018-1-10T13-49-27,1515588567097,0.74634147,-0.053658538,0.36893204,0.74634147
2018-1-10T13-49-27,1515588567098,0.7853659,-0.014634146,0.407767,0.7853659
2018-1-10T13-49-27,1515588567099,0.7853659,-0.014634146,0.49514562,0.7853659
2018-1-10T13-49-27,1515588567100,0.81463414,0.034146342,0.47572815,0.81463414
2018-1-10T13-49-27,1515588567101,0.85365856,0.024390243,0.34951457,0.85365856
2018-1-10T13-49-27,1515588567102,0.8341463,0.06341463,0.36893204,0.8341463
2018-1-10T13-49-27,1515588567103,0.86341465,0.043902438,0.47572815,0.86341465
2018-1-10T13-49-27,1515588567104,0.85365856,-0.024390243,0.52427185,0.85365856
2018-1-10T13-49-27,1515588567105,0.81463414,-0.004878049,0.4563107,0.81463414
2018-1-10T13-49-27,1515588567106,0.85365856,0.004878049,0.3398058,0.85365856
2018-1-10T13-49-27,1515588567107,0.8341463,0.004878049,0.3592233,0.8341463
2018-1-10T13-49-27,1515588567108,0.79512197,-0.014634146,0.4854369,0.79512197
2018-1-10T13-49-27,1515588567109,0.7853659,-0.043902438,0.5048544,0.7853659
2018-1-10T13-49-27,1515588567110,0.8341463,-0.034146342,0.41747573,0.8341463
2018-1-10T13-49-27,1515588567111,0.85365856,-0.034146342,0.39805827,0.85365856
2018-1-10T13-49-27,1515588567112,0.85365856,-0.06341463,0.47572815,0.85365856
2018-1-10T13-49-27,1515588567113,0.86341465,-0.08292683,0.5145631,0.86341465
2018-1-10T13-49-27,1515588567114,0.82439023,-0.08292683,0.4854369,0.82439023
2018-1-10T13-49-27,1515588567115,0.86341465,-0.053658538,0.44660193,0.86341465
2018-1-10T13-49-27,1515588567116,0.85365856,-0.07317073,0.47572815,0.85365856
2018-1-10T13-49-27,1515588567117,0.87317073,-0.053658538,0.47572815,0.87317073
2018-1-10T13-49-27,1515588567118,0.86341465,-0.024390243,0.44660193,0.86341465
2018-1-10T13-49-27,1515588567119,0.8829268,0.034146342,0.46601942,0.8829268
2018-1-10T13-49-27,1515588567120,0.91219515,0.004878049,0.5339806,0.91219515
2018-1-10T13-49-27,1515588567121,0.9317073,0.004878049,0.46601942,0.9317073
2018-1-10T13-49-27,1515588567122,0.9317073,0.043902438,0.3883495,0.9317073
2018-1-10T13-49-27,1515588567123,0.87317073,0.053658538,0.42718446,0.87317073
2018-1-10T13-49-27,1515588567124,0.8341463,0.014634146,0.5048544,0.8341463
2018-1-10T13-49-27,1515588567125,0.76585364,-0.014634146,0.42718446,0.76585364
2018-1-10T13-49-27,1515588567126,0.6878049,-0.004878049,0.2815534,0.6878049
2018-1-10T13-49-27,1515588567127,0.6390244,-0.004878049,0.3106796,0.6390244
2018-1-10T13-49-27,1515588567128,0.7268293,-0.043902438,0.44660193,0.7268293
2018-1-10T13-49-27,1515588567129,0.71707314,-0.07317073,0.407767,0.71707314
2018-1-10T13-49-27,1515588567130,0.74634147,-0.053658538,0.3883495,0.74634147
2018-1-10T13-49-27,1515588567131,0.91219515,-0.053658538,0.5145631,0.91219515
2018-1-10T13-49-27,1515588567132,0.9414634,-0.07317073,0.57281554,0.9414634
2018-1-10T13-49-27,1515588567133,0.97073174,-0.053658538,0.52427185,0.97073174
2018-1-10T13-49-27,1515588567134,1.0195122,0.034146342,0.49514562,1.0195122
2018-1-10T13-49-27,1515588567135,1.0487804,0.024390243,0.5436893,1.0487804
2018-1-10T13-49-27,1515588567136,0.97073174,-0.004878049,0.5339806,0.97073174
2018-1-10T13-49-27,1515588567137,0.92195123,0.004878049,0.46601942,0.92195123
2018-1-10T13-49-27,1515588567138,0.87317073,-0.004878049,0.4368932,0.87317073
2018-1-10T13-49-27,1515588567139,0.74634147,-0.043902438,0.42718446,0.74634147
2018-1-10T13-49-27,1515588567140,0.76585364,-0.043902438,0.407767,0.76585364
2018-1-10T13-49-27,1515588567141,0.75609756,-0.08292683,0.41747573,0.75609756
2018-1-10T13-49-27,1515588567142,0.7853659,-0.06341463,0.3592233,0.7853659
2018-1-10T13-49-27,1515588567143,0.74634147,-0.043902438,0.36893204,0.74634147
2018-1-10T13-49-27,1515588567144,0.76585364,-0.034146342,0.4563107,0.76585364
2018-1-10T13-49-27,1515588567145,0.84390247,-0.043902438,0.5048544,0.84390247
2018-1-10T13-49-27,1515588567146,0.84390247,-0.034146342,0.49514562,0.84390247
2018-1-10T13-49-27,1515588567147,0.8926829,-0.014634146,0.44660193,0.8926829
2018-1-10T13-49-27,1515588567148,0.91219515,0.004878049,0.42718446,0.91219515
2018-1-10T13-49-27,1515588567149,0.87317073,0.08292683,0.4563107,0.87317073
2018-1-10T13-49-27,1515588567150,0.86341465,0.043902438,0.5339806,0.86341465
2018-1-10T13-49-27,1515588567151,0.8341463,0.043902438,0.4563107,0.8341463
2018-1-10T13-49-27,1515588567152,0.86341465,0.024390243,0.3883495,0.86341465
2018-1-10T13-49-27,1515588567153,0.81463414,0.014634146,0.3592233,0.81463414
2018-1-10T13-49-27,1515588567154,0.77560973,0.004878049,0.41747573,0.77560973
2018-1-10T13-49-27,1515588567155,0.82439023,-0.024390243,0.4368932,0.82439023
2018-1-10T13-49-27,1515588567156,0.82439023,-0.06341463,0.47572815,0.82439023
2018-1-10T13-49-27,1515588567157,0.84390247,-0.053658538,0.4368932,0.84390247
2018-1-10T13-49-27,1515588567158,0.8829268,-0.043902438,0.4368932,0.8829268
2018-1-10T13-49-27,1515588567159,0.84390247,-0.07317073,0.5436893,0.84390247
2018-1-10T13-49-27,1515588567160,0.902439,-0.07317073,0.49514562,0.902439
2018-1-10T13-49-27,1515588567161,0.91219515,-0.06341463,0.46601942,0.91219515
2018-1-10T13-49-27,1515588567162,0.92195123,-0.024390243,0.4368932,0.92195123
2018-1-10T13-49-27,1515588567163,0.92195123,-0.024390243,0.46601942,0.92195123
2018-1-10T13-49-27,1515588567164,0.8341463,-0.024390243,0.5048544,0.8341463
2018-1-10T13-49-27,1515588567165,0.87317073,-0.034146342,0.4368932,0.87317073
2018-1-10T13-49-27,1515588567166,0.8829268,-0.024390243,0.41747573,0.8829268
2018-1-10T13-49-27,1515588567167,0.81463414,0.004878049,0.34951457,0.81463414
2018-1-10T13-49-27,1515588567168,0.75609756,0.004878049,0.37864077,0.75609756
2018-1-10T13-49-27,1515588567169,0.77560973,0.014634146,0.4563107,0.77560973
2018-1-10T13-49-27,1515588567170,0.7853659,-0.004878049,0.44660193,0.7853659
2018-1-10T13-49-27,1515588567171,0.77560973,-0.014634146,0.32038835,0.77560973
2018-1-10T13-49-27,1515588567172,0.77560973,0.034146342,0.3398058,0.77560973
2018-1-10T13-49-27,1515588567173,0.85365856,-0.014634146,0.592233,0.85365856
2018-1-10T13-49-27,1515588567174,0.91219515,0.024390243,0.5825243,0.91219515
2018-1-10T13-49-27,1515588567175,0.8926829,0.004878049,0.33009708,0.8926829
2018-1-10T13-49-27,1515588567176,0.82439023,0.014634146,0.2524272,0.82439023
2018-1-10T13-49-27,1515588567177,0.80487806,-0.053658538,0.4563107,0.80487806
2018-1-10T13-49-27,1515588567178,0.75609756,-0.034146342,0.5436893,0.75609756
2018-1-10T13-49-27,1515588567179,0.77560973,-0.043902438,0.46601942,0.77560973
2018-1-10T13-49-27,1515588567180,0.86341465,-0.034146342,0.41747573,0.86341465
2018-1-10T13-49-27,1515588567181,0.91219515,-0.034146342,0.47572815,0.91219515
2018-1-10T13-49-27,1515588567182,0.9512195,-0.024390243,0.52427185,0.9512195
2018-1-10T13-49-27,1515588567183,0.9512195,0.004878049,0.52427185,0.9512195
2018-1-10T13-49-27,1515588567184,0.9414634,0.024390243,0.49514562,0.9414634
2018-1-10T13-49-27,1515588567185,0.8341463,-0.004878049,0.4854369,0.8341463
2018-1-10T13-49-27,1515588567186,0.82439023,-0.004878049,0.4368932,0.82439023
2018-1-10T13-49-27,1515588567187,0.79512197,-0.034146342,0.39805827,0.79512197
2018-1-10T13-49-27,1515588567188,0.74634147,-0.06341463,0.407767,0.74634147
2018-1-10T13-49-27,1515588567189,0.74634147,-0.08292683,0.3883495,0.74634147
2018-1-10T13-49-27,1515588567190,0.70731705,-0.09268293,0.34951457,0.70731705
2018-1-10T13-49-27,1515588567191,0.79512197,-0.08292683,0.4368932,0.79512197
2018-1-10T13-49-27,1515588567192,0.84390247,-0.053658538,0.47572815,0.84390247
2018-1-10T13-49-27,1515588567193,0.85365856,-0.08292683,0.4563107,0.85365856
2018-1-10T13-49-27,1515588567194,0.8829268,0.014634146,0.4368932,0.8829268
2018-1-10T13-49-27,1515588567195,0.8926829,0.024390243,0.49514562,0.8926829
2018-1-10T13-49-27,1515588567196,0.902439,0.12195122,0.5339806,0.902439
2018-1-10T13-49-27,1515588567197,0.902439,0.004878049,0.46601942,0.902439
2018-1-10T13-49-27,1515588567198,0.85365856,0.014634146,0.41747573,0.85365856
2018-1-10T13-49-27,1515588567199,0.85365856,0.014634146,0.41747573,0.85365856
2018-1-10T13-49-27,1515588567200,0.82439023,0.024390243,0.3883495,0.82439023
2018-1-10T13-49-27,1515588567201,0.7853659,-0.024390243,0.39805827,0.7853659
2018-1-10T13-49-27,1515588567202,0.76585364,-0.004878049,0.36893204,0.76585364
2018-1-10T13-49-27,1515588567203,0.77560973,-0.024390243,0.4563107,0.77560973
2018-1-10T13-49-27,1515588567204,0.87317073,-0.06341463,0.52427185,0.87317073
2018-1-10T13-49-27,1515588567205,0.91219515,-0.06341463,0.5048544,0.91219515
2018-1-10T13-49-27,1515588567206,0.8829268,-0.024390243,0.44660193,0.8829268
2018-1-10T13-49-27,1515588567207,0.91219515,-0.004878049,0.4368932,0.91219515
2018-1-10T13-49-27,1515588567208,0.86341465,-0.024390243,0.5339806,0.86341465
2018-1-10T13-49-27,1515588567209,0.85365856,-0.024390243,0.5048544,0.85365856
2018-1-10T13-49-27,1515588567210,0.82439023,-0.034146342,0.36893204,0.82439023
2018-1-10T13-49-27,1515588567211,0.77560973,-0.034146342,0.36893204,0.77560973
2018-1-10T13-49-27,1515588567212,0.82439023,-0.053658538,0.4563107,0.82439023
2018-1-10T13-49-27,1515588567213,0.82439023,-0.053658538,0.5048544,0.82439023
2018-1-10T13-49-27,1515588567214,0.902439,-0.043902438,0.4368932,0.902439
2018-1-10T13-49-27,1515588567215,0.91219515,0.034146342,0.407767,0.91219515
2018-1-10T13-49-27,1515588567216,0.9414634,0.034146342,0.5631068,0.9414634
2018-1-10T13-49-27,1515588567217,1.0097561,0.034146342,0.63106793,1.0097561
2018-1-10T13-49-27,1515588567218,1.0,0.034146342,0.57281554,1.0
2018-1-10T13-49-27,1515588567219,0.92195123,-0.004878049,0.49514562,0.92195123
2018-1-10T13-49-27,1515588567220,0.9414634,-0.043902438,0.42718446,0.9414634
2018-1-10T13-49-27,1515588567221,0.81463414,-0.10243902,0.4368932,0.81463414
2018-1-10T13-49-27,1515588567222,0.7365854,-0.20975609,0.39805827,0.7365854
2018-1-10T13-49-27,1515588567223,0.6780488,-0.2195122,0.44660193,0.6780488
2018-1-10T13-49-27,1515588567224,0.6780488,-0.20975609,0.42718446,0.6780488
2018-1-10T13-49-27,1515588567225,0.74634147,-0.17073171,0.39805827,0.74634147
2018-1-10T13-49-27,1515588567226,0.76585364,-0.06341463,0.39805827,0.76585364
2018-1-10T13-49-27,1515588567227,0.79512197,0.024390243,0.36893204,0.79512197
2018-1-10T13-49-27,1515588567228,0.8341463,0.14146341,0.33009708,0.8341463
2018-1-10T13-49-27,1515588567229,0.85365856,0.2292683,0.3398058,0.85365856
2018-1-10T13-49-27,1515588567230,0.84390247,0.23902439,0.34951457,0.84390247
2018-1-10T13-49-27,1515588567231,0.80487806,0.2195122,0.34951457,0.80487806
2018-1-10T13-49-27,1515588567232,0.75609756,0.12195122,0.39805827,0.75609756
2018-1-10T13-49-27,1515588567233,0.71707314,0.06341463,0.27184466,0.71707314
2018-1-10T13-49-27,1515588567234,0.74634147,-0.043902438,0.29126215,0.74634147
2018-1-10T13-49-27,1515588567235,0.6780488,-0.15121952,0.32038835,0.6780488
2018-1-10T13-49-27,1515588567236,0.6682927,-0.2,0.34951457,0.6682927
2018-1-10T13-49-27,1515588567237,0.6878049,-0.2,0.3592233,0.6878049
2018-1-10T13-49-27,1515588567238,0.76585364,-0.13170731,0.3883495,0.76585364
2018-1-10T13-49-27,1515588567239,0.8341463,-0.07317073,0.4563107,0.8341463
2018-1-10T13-49-27,1515588567240,0.9414634,-0.004878049,0.5339806,0.9414634
2018-1-10T13-49-27,1515588567241,1.0292683,0.024390243,0.60194176,1.0292683
2018-1-10T13-49-27,1515588567242,1.1268293,0.07317073,0.6407767,1.1268293
2018-1-10T13-49-27,1515588567243,1.1463414,0.07317073,0.6699029,1.1463414
2018-1-10T13-49-27,1515588567244,1.1268293,0.024390243,0.69902915,1.1268293
2018-1-10T13-49-27,1515588567245,1.0585365,-0.014634146,0.6796116,1.0585365
2018-1-10T13-49-27,1515588567246,1.0,-0.053658538,0.60194176,1.0
2018-1-10T13-49-27,1515588567247,0.9414634,-0.053658538,0.5339806,0.9414634
2018-1-10T13-49-27,1515588567248,0.87317073,-0.06341463,0.5533981,0.87317073
2018-1-10T13-49-27,1515588567249,0.82439023,-0.08292683,0.42718446,0.82439023
2018-1-10T13-49-27,1515588567250,0.80487806,-0.08292683,0.3883495,0.80487806
2018-1-10T13-49-27,1515588567251,0.7365854,-0.034146342,0.34951457,0.7365854
2018-1-10T13-49-27,1515588567252,0.7365854,-0.014634146,0.34951457,0.7365854
2018-1-10T13-49-27,1515588567253,0.74634147,-0.004878049,0.3592233,0.74634147
2018-1-10T13-49-27,1515588567254,0.77560973,0.004878049,0.37864077,0.77560973
2018-1-10T13-49-27,1515588567255,0.76585364,0.034146342,0.3883495,0.76585364
2018-1-10T13-49-27,1515588567256,0.77560973,0.034146342,0.3883495,0.77560973
2018-1-10T13-49-27,1515588567257,0.7853659,0.014634146,0.41747573,0.7853659
2018-1-10T13-49-27,1515588567258,0.7853659,-0.014634146,0.42718446,0.7853659
2018-1-10T13-49-27,1515588567259,0.84390247,-0.004878049,0.42718446,0.84390247
2018-1-10T13-49-27,1515588567260,0.81463414,-0.024390243,0.42718446,0.81463414
2018-1-10T13-49-27,1515588567261,0.80487806,-0.07317073,0.4563107,0.80487806
2018-1-10T13-49-27,1515588567262,0.81463414,-0.09268293,0.46601942,0.81463414
2018-1-10T13-49-27,1515588567263,0.82439023,-0.09268293,0.4854369,0.82439023
2018-1-10T13-49-27,1515588567264,0.8829268,-0.10243902,0.5145631,0.8829268
2018-1-10T13-49-27,1515588567265,0.902439,-0.11219512,0.52427185,0.902439
2018-1-10T13-49-27,1515588567266,0.9414634,-0.08292683,0.52427185,0.9414634
2018-1-10T13-49-27,1515588567267,0.9414634,-0.043902438,0.5145631,0.9414634
2018-1-10T13-49-27,1515588567268,0.9804878,-0.004878049,0.5145631,0.9804878
2018-1-10T13-49-27,1515588567269,0.97073174,0.024390243,0.4854369,0.97073174
2018-1-10T13-49-27,1515588567270,0.9512195,0.053658538,0.44660193,0.9512195
2018-1-10T13-49-27,1515588567271,0.902439,0.053658538,0.42718446,0.902439
2018-1-10T13-49-27,1515588567272,0.8926829,0.014634146,0.42718446,0.8926829
2018-1-10T13-49-27,1515588567273,0.8341463,0.014634146,0.4368932,0.8341463
2018-1-10T13-49-27,1515588567274,0.81463414,-0.024390243,0.407767,0.81463414
2018-1-10T13-49-27,1515588567275,0.74634147,-0.043902438,0.39805827,0.74634147
2018-1-10T13-49-27,1515588567276,0.82439023,-0.024390243,0.3883495,0.82439023
2018-1-10T13-49-27,1515588567277,0.7365854,-0.004878049,0.3883495,0.7365854
2018-1-10T13-49-27,1515588567278,0.76585364,0.024390243,0.37864077,0.76585364
2018-1-10T13-49-27,1515588567279,0.77560973,0.043902438,0.3883495,0.77560973
2018-1-10T13-49-27,1515588567280,0.80487806,0.034146342,0.39805827,0.80487806
2018-1-10T13-49-27,1515588567281,0.8341463,0.024390243,0.407767,0.8341463
2018-1-10T13-49-27,1515588567282,0.82439023,0.004878049,0.42718446,0.82439023
2018-1-10T13-49-27,1515588567283,0.82439023,-0.014634146,0.4368932,0.82439023
2018-1-10T13-49-27,1515588567284,0.84390247,0.014634146,0.44660193,0.84390247
2018-1-10T13-49-27,1515588567285,0.87317073,-0.043902438,0.44660193,0.87317073
2018-1-10T13-49-27,1515588567286,0.8926829,-0.014634146,0.44660193,0.8926829
2018-1-10T13-49-27,1515588567287,0.8926829,-0.034146342,0.4563107,0.8926829
2018-1-10T13-49-27,1515588567288,0.8926829,-0.043902438,0.46601942,0.8926829
2018-1-10T13-49-27,1515588567289,0.8926829,-0.06341463,0.46601942,0.8926829
2018-1-10T13-49-27,1515588567290,0.8829268,-0.15121952,0.46601942,0.8829268
2018-1-10T13-49-27,1515588567291,0.91219515,-0.08292683,0.44660193,0.91219515
2018-1-10T13-49-27,1515588567292,0.86341465,-0.07317073,0.44660193,0.86341465
2018-1-10T13-49-27,1515588567293,0.80487806,-0.053658538,0.44660193,0.80487806
2018-1-10T13-49-27,1515588567294,0.82439023,-0.053658538,0.4563107,0.82439023
2018-1-10T13-49-27,1515588567295,0.82439023,-0.053658538,0.46601942,0.82439023
2018-1-10T13-49-27,1515588567296,0.81463414,-0.024390243,0.46601942,0.81463414
2018-1-10T13-49-27,1515588567297,0.8341463,-0.024390243,0.46601942,0.8341463
2018-1-10T13-49-27,1515588567298,0.8341463,-0.004878049,0.47572815,0.8341463
2018-1-10T13-49-27,1515588567299,0.85365856,0.004878049,0.47572815,0.85365856
2018-1-10T13-49-27,1515588567300,0.86341465,0.043902438,0.42718446,0.86341465
2018-1-10T13-49-27,1515588567301,0.902439,0.034146342,0.41747573,0.902439
2018-1-10T13-49-27,1515588567302,0.8829268,0.024390243,0.42718446,0.8829268
2018-1-10T13-49-27,1515588567303,0.8926829,0.014634146,0.42718446,0.8926829
2018-1-10T13-49-27,1515588567304,0.87317073,-0.043902438,0.4368932,0.87317073
2018-1-10T13-49-27,1515588567305,0.85365856,-0.024390243,0.44660193,0.85365856
2018-1-10T13-49-27,1515588567306,0.86341465,-0.024390243,0.46601942,0.86341465
2018-1-10T13-49-27,1515588567307,0.85365856,-0.014634146,0.44660193,0.85365856
2018-1-10T13-49-27,1515588567308,0.8341463,-0.004878049,0.41747573,0.8341463
2018-1-10T13-49-27,1515588567309,0.84390247,-0.004878049,0.4368932,0.84390247
2018-1-10T13-49-27,1515588567310,0.85365856,-0.014634146,0.42718446,0.85365856
2018-1-10T13-49-27,1515588567311,0.82439023,-0.034146342,0.42718446,0.82439023
2018-1-10T13-49-27,1515588567312,0.84390247,-0.043902438,0.42718446,0.84390247
2018-1-10T13-49-27,1515588567313,0.82439023,-0.053658538,0.4368932,0.82439023
2018-1-10T13-49-27,1515588567314,0.76585364,-0.024390243,0.4854369,0.76585364
2018-1-10T13-49-27,1515588567315,0.8341463,-0.07317073,0.42718446,0.8341463
2018-1-10T13-49-27,1515588567316,0.80487806,-0.07317073,0.407767,0.80487806
2018-1-10T13-49-27,1515588567317,0.81463414,-0.043902438,0.42718446,0.81463414
2018-1-10T13-49-27,1515588567318,0.81463414,-0.06341463,0.42718446,0.81463414
2018-1-10T13-49-27,1515588567319,0.84390247,-0.053658538,0.42718446,0.84390247
2018-1-10T13-49-27,1515588567320,0.86341465,-0.043902438,0.4368932,0.86341465
2018-1-10T13-49-27,1515588567321,0.86341465,-0.034146342,0.4368932,0.86341465
2018-1-10T13-49-27,1515588567322,0.86341465,-0.024390243,0.4563107,0.86341465
2018-1-10T13-49-27,1515588567323,0.87317073,-0.004878049,0.4563107,0.87317073
2018-1-10T13-49-27,1515588567324,0.8926829,-0.004878049,0.47572815,0.8926829
2018-1-10T13-49-27,1515588567325,0.8829268,0.004878049,0.42718446,0.8829268
2018-1-10T13-49-27,1515588567326,0.87317073,-0.024390243,0.42718446,0.87317073
2018-1-10T13-49-27,1515588567327,0.86341465,0.004878049,0.46601942,0.86341465
2018-1-10T13-49-27,1515588567328,0.86341465,0.004878049,0.46601942,0.86341465
2018-1-10T13-49-27,1515588567329,0.85365856,0.014634146,0.47572815,0.85365856
2018-1-10T13-49-27,1515588567330,0.87317073,-0.004878049,0.4563107,0.87317073
2018-1-10T13-49-27,1515588567331,0.8341463,-0.014634146,0.46601942,0.8341463
2018-1-10T13-49-27,1515588567332,0.82439023,-0.014634146,0.44660193,0.82439023
2018-1-10T13-49-27,1515588567333,0.82439023,-0.024390243,0.44660193,0.82439023
2018-1-10T13-49-27,1515588567334,0.8341463,-0.024390243,0.41747573,0.8341463
2018-1-10T13-49-27,1515588567335,0.80487806,-0.034146342,0.42718446,0.80487806
2018-1-10T13-49-27,1515588567336,0.81463414,-0.034146342,0.42718446,0.81463414
2018-1-10T13-49-27,1515588567337,0.84390247,-0.043902438,0.41747573,0.84390247
2018-1-10T13-49-27,1515588567338,0.80487806,-0.034146342,0.41747573,0.80487806
2018-1-10T13-49-27,1515588567339,0.81463414,-0.053658538,0.407767,0.81463414
2018-1-10T13-49-27,1515588567340,0.81463414,-0.053658538,0.41747573,0.81463414
2018-1-10T13-49-27,1515588567341,0.82439023,-0.06341463,0.4368932,0.82439023
2018-1-10T13-49-27,1515588567342,0.82439023,-0.043902438,0.42718446,0.82439023
2018-1-10T13-49-27,1515588567343,0.8341463,-0.034146342,0.44660193,0.8341463
2018-1-10T13-49-27,1515588567344,0.84390247,-0.034146342,0.44660193,0.84390247
2018-1-10T13-49-27,1515588567345,0.85365856,-0.034146342,0.4563107,0.85365856
2018-1-10T13-49-27,1515588567346,0.85365856,-0.014634146,0.46601942,0.85365856
2018-1-10T13-49-27,1515588567347,0.86341465,-0.004878049,0.46601942,0.86341465
2018-1-10T13-49-27,1515588567348,0.8829268,-0.014634146,0.46601942,0.8829268
2018-1-10T13-49-27,1515588567349,0.8926829,-0.004878049,0.47572815,0.8926829
2018-1-10T13-49-27,1515588567350,0.87317073,0.004878049,0.4854369,0.87317073
2018-1-10T13-49-27,1515588567351,0.8829268,-0.08292683,0.46601942,0.8829268
2018-1-10T13-49-27,1515588567352,0.8926829,0.014634146,0.46601942,0.8926829
2018-1-10T13-49-27,1515588567353,0.86341465,0.014634146,0.4563107,0.86341465
2018-1-10T13-49-27,1515588567354,0.85365856,0.004878049,0.44660193,0.85365856
2018-1-10T13-49-27,1515588567355,0.85365856,0.014634146,0.4368932,0.85365856
2018-1-10T13-49-27,1515588567356,0.8341463,-0.034146342,0.4368932,0.8341463
2018-1-10T13-49-27,1515588567357,0.87317073,-0.014634146,0.4368932,0.87317073
2018-1-10T13-49-27,1515588567358,0.82439023,-0.034146342,0.41747573,0.82439023
2018-1-10T13-49-27,1515588567359,0.81463414,-0.034146342,0.41747573,0.81463414
2018-1-10T13-49-27,1515588567360,0.81463414,-0.024390243,0.42718446,0.81463414
2018-1-10T13-49-27,1515588567361,0.80487806,-0.043902438,0.42718446,0.80487806
2018-1-10T13-49-27,1515588567362,0.81463414,-0.043902438,0.42718446,0.81463414
2018-1-10T13-49-27,1515588567363,0.82439023,-0.043902438,0.42718446,0.82439023
2018-1-10T13-49-27,1515588567364,0.76585364,-0.043902438,0.44660193,0.76585364
2018-1-10T13-49-27,1515588567365,0.85365856,-0.053658538,0.37864077,0.85365856
2018-1-10T13-49-27,1515588567366,0.84390247,-0.06341463,0.4368932,0.84390247
2018-1-10T13-49-27,1515588567367,0.84390247,-0.053658538,0.44660193,0.84390247
2018-1-10T13-49-27,1515588567368,0.86341465,-0.043902438,0.46601942,0.86341465
2018-1-10T13-49-27,1515588567369,0.86341465,-0.034146342,0.4563107,0.86341465
2018-1-10T13-49-27,1515588567370,0.8926829,-0.024390243,0.44660193,0.8926829
2018-1-10T13-49-27,1515588567371,0.87317073,-0.06341463,0.46601942,0.87317073
2018-1-10T13-49-27,1515588567372,0.8829268,-0.024390243,0.4563107,0.8829268
2018-1-10T13-49-27,1515588567373,0.85365856,-0.004878049,0.4563107,0.85365856
2018-1-10T13-49-27,1515588567374,0.8829268,-0.014634146,0.4563107,0.8829268
2018-1-10T13-49-27,1515588567375,0.85365856,-0.043902438,0.4368932,0.85365856
2018-1-10T13-49-27,1515588567376,0.84390247,-0.014634146,0.407767,0.84390247
2018-1-10T13-49-27,1515588567377,0.87317073,0.004878049,0.49514562,0.87317073
2018-1-10T13-49-27,1515588567378,0.84390247,-0.004878049,0.44660193,0.84390247
2018-1-10T13-49-27,1515588567379,0.82439023,-0.004878049,0.44660193,0.82439023
2018-1-10T13-49-27,1515588567380,0.8341463,-0.004878049,0.42718446,0.8341463
2018-1-10T13-49-27,1515588567381,0.84390247,-0.004878049,0.4368932,0.84390247
2018-1-10T13-49-27,1515588567382,0.8829268,-0.024390243,0.42718446,0.8829268
2018-1-10T13-49-27,1515588567383,0.81463414,-0.014634146,0.4368932,0.81463414
2018-1-10T13-49-27,1515588567384,0.85365856,-0.014634146,0.4368932,0.85365856
2018-1-10T13-49-27,1515588567385,0.82439023,-0.024390243,0.4368932,0.82439023
2018-1-10T13-49-27,1515588567386,0.82439023,-0.034146342,0.42718446,0.82439023
2018-1-10T13-49-27,1515588567387,0.8341463,-0.053658538,0.4368932,0.8341463
2018-1-10T13-49-27,1515588567388,0.8341463,-0.06341463,0.42718446,0.8341463
2018-1-10T13-49-27,1515588567389,0.84390247,-0.034146342,0.4368932,0.84390247
2018-1-10T13-49-27,1515588567390,0.86341465,-0.014634146,0.46601942,0.86341465
2018-1-10T13-49-27,1515588567391,0.86341465,0.004878049,0.44660193,0.86341465
2018-1-10T13-49-27,1515588567392,0.87317073,-0.043902438,0.4563107,0.87317073
2018-1-10T13-49-27,1515588567393,0.87317073,-0.034146342,0.46601942,0.87317073
2018-1-10T13-49-27,1515588567394,0.84390247,-0.024390243,0.46601942,0.84390247
2018-1-10T13-49-27,1515588567395,0.87317073,-0.014634146,0.46601942,0.87317073
2018-1-10T13-49-27,1515588567396,0.86341465,-0.014634146,0.46601942,0.86341465
2018-1-10T13-49-27,1515588567397,0.8829268,-0.004878049,0.44660193,0.8829268
2018-1-10T13-49-27,1515588567398,0.87317073,0.004878049,0.44660193,0.87317073
2018-1-10T13-49-27,1515588567399,0.84390247,-0.004878049,0.4563107,0.84390247
2018-1-10T13-49-27,1515588567400,0.82439023,-0.004878049,0.44660193,0.82439023
2018-1-10T13-49-27,1515588567401,0.82439023,0.004878049,0.46601942,0.82439023
2018-1-10T13-49-27,1515588567402,0.82439023,0.014634146,0.42718446,0.82439023
2018-1-10T13-49-27,1515588567403,0.82439023,-0.07317073,0.4368932,0.82439023
2018-1-10T13-49-27,1515588567404,0.8341463,0.004878049,0.4368932,0.8341463
2018-1-10T13-49-27,1515588567405,0.82439023,-0.004878049,0.4368932,0.82439023
2018-1-10T13-49-27,1515588567406,0.82439023,0.014634146,0.4368932,0.82439023
2018-1-10T13-49-27,1515588567407,0.8341463,-0.014634146,0.39805827,0.8341463
2018-1-10T13-49-27,1515588567408,0.8341463,-0.024390243,0.4368932,0.8341463
2018-1-10T13-49-27,1515588567409,0.84390247,-0.024390243,0.4368932,0.84390247
2018-1-10T13-49-27,1515588567410,0.8341463,-0.034146342,0.44660193,0.8341463
2018-1-10T13-49-27,1515588567411,0.84390247,-0.034146342,0.4368932,0.84390247
2018-1-10T13-49-27,1515588567412,0.86341465,-0.053658538,0.4563107,0.86341465
2018-1-10T13-49-27,1515588567413,0.84390247,0.014634146,0.44660193,0.84390247
2018-1-10T13-49-27,1515588567414,0.8341463,-0.053658538,0.4563107,0.8341463
2018-1-10T13-49-27,1515588567415,0.86341465,-0.043902438,0.4563107,0.86341465
2018-1-10T13-49-27,1515588567416,0.84390247,-0.024390243,0.49514562,0.84390247
2018-1-10T13-49-27,1515588567417,0.84390247,-0.024390243,0.44660193,0.84390247
2018-1-10T13-49-27,1515588567418,0.85365856,0.024390243,0.44660193,0.85365856
2018-1-10T13-49-27,1515588567419,0.85365856,-0.034146342,0.39805827,0.85365856
2018-1-10T13-49-27,1515588567420,0.84390247,-0.034146342,0.44660193,0.84390247
2018-1-10T13-49-27,1515588567421,0.86341465,-0.014634146,0.44660193,0.86341465
2018-1-10T13-49-27,1515588567422,0.8341463,-0.014634146,0.4368932,0.8341463
2018-1-10T13-49-27,1515588567423,0.82439023,-0.024390243,0.42718446,0.82439023
2018-1-10T13-49-27,1515588567424,0.8341463,0.004878049,0.44660193,0.8341463
2018-1-10T13-49-27,1515588567425,0.84390247,-0.014634146,0.44660193,0.84390247
2018-1-10T13-49-27,1515588567426,0.8341463,0.004878049,0.42718446,0.8341463
2018-1-10T13-49-27,1515588567427,0.81463414,-0.014634146,0.4368932,0.81463414
2018-1-10T13-49-27,1515588567428,0.84390247,0.004878049,0.4368932,0.84390247
2018-1-10T13-49-27,1515588567429,0.84390247,-0.014634146,0.4368932,0.84390247
2018-1-10T13-49-27,1515588567430,0.8341463,-0.014634146,0.44660193,0.8341463
2018-1-10T13-49-27,1515588567431,0.8829268,-0.024390243,0.4368932,0.8829268
2018-1-10T13-49-27,1515588567432,0.84390247,-0.014634146,0.42718446,0.84390247
2018-1-10T13-49-27,1515588567433,0.84390247,-0.024390243,0.44660193,0.84390247
2018-1-10T13-49-27,1515588567434,0.84390247,-0.024390243,0.44660193,0.84390247
2018-1-10T13-49-27,1515588567435,0.85365856,-0.024390243,0.44660193,0.85365856
2018-1-10T13-49-27,1515588567436,0.85365856,-0.034146342,0.52427185,0.85365856
2018-1-10T13-49-27,1515588567437,0.85365856,-0.043902438,0.44660193,0.85365856
2018-1-10T13-49-27,1515588567438,0.85365856,-0.053658538,0.4368932,0.85365856
2018-1-10T13-49-27,1515588567439,0.86341465,-0.034146342,0.44660193,0.86341465
2018-1-10T13-49-27,1515588567440,0.86341465,-0.034146342,0.4563107,0.86341465
2018-1-10T13-49-27,1515588567441,0.84390247,-0.043902438,0.46601942,0.84390247
2018-1-10T13-49-27,1515588567442,0.85365856,-0.043902438,0.4368932,0.85365856
2018-1-10T13-49-27,1515588567443,0.85365856,-0.034146342,0.4563107,0.85365856
2018-1-10T13-49-27,1515588567444,0.85365856,-0.034146342,0.4368932,0.85365856
2018-1-10T13-49-27,1515588567445,0.84390247,-0.014634146,0.4368932,0.84390247
2018-1-10T13-49-27,1515588567446,0.8341463,-0.024390243,0.4368932,0.8341463
2018-1-10T13-49-27,1515588567447,0.85365856,-0.004878049,0.4368932,0.85365856
2018-1-10T13-49-27,1515588567448,0.84390247,-0.004878049,0.4563107,0.84390247
2018-1-10T13-49-27,1515588567449,0.85365856,-0.014634146,0.44660193,0.85365856
2018-1-10T13-49-27,1515588567450,0.86341465,-0.004878049,0.4368932,0.86341465
2018-1-10T13-49-27,1515588567451,0.84390247,-0.004878049,0.42718446,0.84390247
2018-1-10T13-49-27,1515588567452,0.84390247,-0.004878049,0.4368932,0.84390247
2018-1-10T13-49-27,1515588567453,0.84390247,-0.004878049,0.4368932,0.84390247
2018-1-10T13-49-27,1515588567454,0.84390247,0.004878049,0.44660193,0.84390247
2018-1-10T13-49-27,1515588567455,0.85365856,-0.004878049,0.4368932,0.85365856
2018-1-10T13-49-27,1515588567456,0.85365856,0.043902438,0.4368932,0.85365856
2018-1-10T13-49-27,1515588567457,0.9317073,-0.034146342,0.4563107,0.9317073
2018-1-10T13-49-27,1515588567458,0.86341465,-0.024390243,0.44660193,0.86341465
2018-1-10T13-49-27,1515588567459,0.86341465,-0.024390243,0.4563107,0.86341465
2018-1-10T13-49-27,1515588567460,0.84390247,-0.034146342,0.39805827,0.84390247
2018-1-10T13-49-27,1515588567461,0.84390247,-0.034146342,0.4368932,0.84390247
2018-1-10T13-49-27,1515588567462,0.84390247,-0.043902438,0.4368932,0.84390247
2018-1-10T13-49-27,1515588567463,0.85365856,-0.053658538,0.4368932,0.85365856
2018-1-10T13-49-27,1515588567464,0.86341465,-0.043902438,0.44660193,0.86341465
2018-1-10T13-49-27,1515588567465,0.84390247,-0.024390243,0.4563107,0.84390247
2018-1-10T13-49-27,1515588567466,0.87317073,-0.024390243,0.47572815,0.87317073
2018-1-10T13-49-27,1515588567467,0.84390247,-0.034146342,0.4563107,0.84390247
2018-1-10T13-49-27,1515588567468,0.85365856,-0.034146342,0.4368932,0.85365856
2018-1-10T13-49-27,1515588567469,0.84390247,0.034146342,0.4368932,0.84390247
2018-1-10T13-49-27,1515588567470,0.8341463,-0.014634146,0.44660193,0.8341463
2018-1-10T13-49-27,1515588567471,0.79512197,-0.014634146,0.44660193,0.79512197
2018-1-10T13-49-27,1515588567472,0.84390247,-0.004878049,0.4563107,0.84390247
2018-1-10T13-49-27,1515588567473,0.84390247,-0.004878049,0.44660193,0.84390247
2018-1-10T13-49-27,1515588567474,0.8341463,-0.024390243,0.44660193,0.8341463
2018-1-10T13-49-27,1515588567475,0.8926829,-0.043902438,0.44660193,0.8926829
2018-1-10T13-49-27,1515588567476,0.85365856,-0.004878049,0.41747573,0.85365856
2018-1-10T13-49-27,1515588567477,0.84390247,-0.004878049,0.4368932,0.84390247
2018-1-10T13-49-27,1515588567478,0.85365856,-0.004878049,0.44660193,0.85365856
2018-1-10T13-49-27,1515588567479,0.8341463,-0.024390243,0.44660193,0.8341463
2018-1-10T13-49-27,1515588567480,0.85365856,-0.014634146,0.44660193,0.85365856
2018-1-10T13-49-27,1515588567481,0.85365856,-0.004878049,0.4368932,0.85365856
2018-1-10T13-49-27,1515588567482,0.81463414,-0.034146342,0.46601942,0.81463414
2018-1-10T13-49-27,1515588567483,0.8341463,-0.004878049,0.44660193,0.8341463
2018-1-10T13-49-27,1515588567484,0.84390247,-0.024390243,0.4563107,0.84390247
2018-1-10T13-49-27,1515588567485,0.84390247,-0.043902438,0.44660193,0.84390247
2018-1-10T13-49-27,1515588567486,0.87317073,-0.014634146,0.44660193,0.87317073
2018-1-10T13-49-27,1515588567487,0.84390247,-0.034146342,0.4368932,0.84390247
2018-1-10T13-49-27,1515588567488,0.85365856,-0.034146342,0.44660193,0.85365856
2018-1-10T13-49-27,1515588567489,0.87317073,-0.034146342,0.44660193,0.87317073
2018-1-10T13-49-27,1515588567490,0.77560973,-0.024390243,0.44660193,0.77560973
2018-1-10T13-49-27,1515588567491,0.84390247,-0.034146342,0.4368932,0.84390247
2018-1-10T13-49-27,1515588567492,0.8341463,-0.024390243,0.44660193,0.8341463
2018-1-10T13-49-27,1515588567493,0.86341465,-0.024390243,0.4563107,0.86341465
2018-1-10T13-49-27,1515588567494,0.86341465,-0.034146342,0.44660193,0.86341465
2018-1-10T13-49-27,1515588567495,0.84390247,-0.014634146,0.44660193,0.84390247
2018-1-10T13-49-27,1515588567496,0.85365856,-0.004878049,0.4368932,0.85365856
2018-1-10T13-49-27,1515588567497,0.84390247,0.004878049,0.4563107,0.84390247
2018-1-10T13-49-27,1515588567498,0.84390247,0.004878049,0.44660193,0.84390247
2018-1-10T13-49-27,1515588567499,0.84390247,-0.014634146,0.4368932,0.84390247
2018-1-10T13-49-27,1515588567500,0.85365856,-0.024390243,0.44660193,0.85365856
2018-1-10T13-49-27,1515588567501,0.86341465,-0.014634146,0.44660193,0.86341465
2018-1-10T13-49-27,1515588567502,0.79512197,-0.014634146,0.4368932,0.79512197
2018-1-10T13-49-27,1515588567503,0.84390247,-0.024390243,0.44660193,0.84390247
2018-1-10T13-49-27,1515588567504,0.77560973,-0.024390243,0.41747573,0.77560973
2018-1-10T13-49-27,1515588567505,0.85365856,-0.014634146,0.407767,0.85365856
2018-1-10T13-49-27,1515588567506,0.84390247,0.034146342,0.46601942,0.84390247
2018-1-10T13-49-27,1515588567507,0.79512197,-0.024390243,0.44660193,0.79512197
2018-1-10T13-49-27,1515588567508,0.84390247,-0.034146342,0.44660193,0.84390247
2018-1-10T13-49-27,1515588567509,0.84390247,0.014634146,0.4368932,0.84390247
2018-1-10T13-49-27,1515588567510,0.84390247,-0.043902438,0.44660193,0.84390247
2018-1-10T13-49-27,1515588567511,0.85365856,-0.014634146,0.4368932,0.85365856
2018-1-10T13-49-27,1515588567512,0.84390247,-0.034146342,0.44660193,0.84390247
2018-1-10T13-49-27,1515588567513,0.84390247,-0.034146342,0.44660193,0.84390247
2018-1-10T13-49-27,1515588567514,0.84390247,0.014634146,0.41747573,0.84390247
2018-1-10T13-49-27,1515588567515,0.84390247,-0.034146342,0.44660193,0.84390247
2018-1-10T13-49-27,1515588567516,0.85365856,-0.043902438,0.4563107,0.85365856
2018-1-10T13-49-27,1515588567517,0.79512197,-0.024390243,0.44660193,0.79512197
2018-1-10T13-49-27,1515588567518,0.86341465,-0.024390243,0.44660193,0.86341465
2018-1-10T13-49-27,1515588567519,0.85365856,-0.024390243,0.44660193,0.85365856
2018-1-10T13-49-27,1515588567520,0.86341465,-0.004878049,0.44660193,0.86341465
2018-1-10T13-49-27,1515588567521,0.80487806,-0.024390243,0.4563107,0.80487806
2018-1-10T13-49-27,1515588567522,0.84390247,-0.014634146,0.44660193,0.84390247
2018-1-10T13-49-27,1515588567523,0.85365856,0.014634146,0.4368932,0.85365856
2018-1-10T13-49-27,1515588567524,0.86341465,-0.08292683,0.44660193,0.86341465
2018-1-10T13-49-27,1515588567525,0.85365856,-0.024390243,0.44660193,0.85365856
2018-1-10T13-49-27,1515588567526,0.81463414,-0.053658538,0.46601942,0.81463414
2018-1-10T13-49-27,1515588567527,0.8341463,-0.034146342,0.44660193,0.8341463
2018-1-10T13-49-27,1515588567528,0.86341465,-0.024390243,0.4563107,0.86341465
2018-1-10T13-49-27,1515588567529,0.84390247,0.014634146,0.44660193,0.84390247
2018-1-10T13-49-27,1515588567530,0.85365856,-0.014634146,0.4368932,0.85365856
2018-1-10T13-49-27,1515588567531,0.84390247,-0.034146342,0.44660193,0.84390247
2018-1-10T13-49-27,1515588567532,0.84390247,-0.014634146,0.4368932,0.84390247
2018-1-10T13-49-27,1515588567533,0.8341463,-0.034146342,0.4368932,0.8341463
2018-1-10T13-49-27,1515588567534,0.85365856,-0.043902438,0.4368932,0.85365856
2018-1-10T13-49-27,1515588567535,0.82439023,-0.043902438,0.4368932,0.82439023
2018-1-10T13-49-27,1515588567536,0.84390247,-0.034146342,0.4368932,0.84390247
2018-1-10T13-49-27,1515588567537,0.86341465,-0.024390243,0.4368932,0.86341465
2018-1-10T13-49-27,1515588567538,0.84390247,-0.024390243,0.4368932,0.84390247
2018-1-10T13-49-27,1515588567539,0.86341465,-0.034146342,0.42718446,0.86341465
2018-1-10T13-49-27,1515588567540,0.8341463,-0.024390243,0.4368932,0.8341463
2018-1-10T13-49-27,1515588567541,0.84390247,-0.034146342,0.44660193,0.84390247
2018-1-10T13-49-27,1515588567542,0.84390247,-0.09268293,0.44660193,0.84390247
2018-1-10T13-49-27,1515588567543,0.84390247,-0.024390243,0.44660193,0.84390247
2018-1-10T13-49-27,1515588567544,0.84390247,-0.024390243,0.4368932,0.84390247
2018-1-10T13-49-27,1515588567545,0.86341465,-0.004878049,0.44660193,0.86341465
2018-1-10T13-49-27,1515588567546,0.84390247,-0.004878049,0.4563107,0.84390247
2018-1-10T13-49-27,1515588567547,0.85365856,-0.004878049,0.3883495,0.85365856
2018-1-10T13-49-27,1515588567548,0.85365856,-0.014634146,0.44660193,0.85365856
2018-1-10T13-49-27,1515588567549,0.85365856,-0.014634146,0.44660193,0.85365856
2018-1-10T13-49-27,1515588567550,0.84390247,-0.004878049,0.4368932,0.84390247
2018-1-10T13-49-27,1515588567551,0.86341465,-0.014634146,0.42718446,0.86341465
2018-1-10T13-49-27,1515588567552,0.82439023,-0.014634146,0.4368932,0.82439023
2018-1-10T13-49-27,1515588567553,0.8341463,-0.014634146,0.5048544,0.8341463
2018-1-10T13-49-27,1515588567554,0.85365856,-0.014634146,0.4563107,0.85365856
2018-1-10T13-49-27,1515588567555,0.8341463,-0.014634146,0.4563107,0.8341463
2018-1-10T13-49-27,1515588567556,0.85365856,-0.014634146,0.4368932,0.85365856
2018-1-10T13-49-27,1515588567557,0.85365856,-0.014634146,0.44660193,0.85365856
2018-1-10T13-49-27,1515588567558,0.84390247,-0.014634146,0.44660193,0.84390247
2018-1-10T13-49-27,1515588567559,0.87317073,-0.034146342,0.4854369,0.87317073
2018-1-10T13-49-27,1515588567560,0.84390247,-0.024390243,0.44660193,0.84390247
2018-1-10T13-49-27,1515588567561,0.84390247,-0.024390243,0.4563107,0.84390247
2018-1-10T13-49-27,1515588567562,0.84390247,-0.024390243,0.4563107,0.84390247
2018-1-10T13-49-27,1515588567563,0.85365856,-0.014634146,0.44660193,0.85365856
2018-1-10T13-49-27,1515588567564,0.84390247,-0.034146342,0.44660193,0.84390247
2018-1-10T13-49-27,1515588567565,0.84390247,-0.034146342,0.4368932,0.84390247
2018-1-10T13-49-27,1515588567566,0.84390247,-0.034146342,0.4368932,0.84390247
2018-1-10T13-49-27,1515588567567,0.84390247,-0.024390243,0.44660193,0.84390247
2018-1-10T13-49-27,1515588567568,0.84390247,0.024390243,0.4368932,0.84390247
2018-1-10T13-49-27,1515588567569,0.8829268,-0.004878049,0.44660193,0.8829268
2018-1-10T13-49-27,1515588567570,0.85365856,-0.024390243,0.4563107,0.85365856
2018-1-10T13-49-27,1515588567571,0.82439023,-0.014634146,0.44660193,0.82439023
2018-1-10T13-49-27,1515588567572,0.84390247,-0.024390243,0.4368932,0.84390247
2018-1-10T13-49-27,1515588567573,0.85365856,-0.014634146,0.44660193,0.85365856
2018-1-10T13-49-27,1515588567574,0.84390247,-0.004878049,0.44660193,0.84390247
2018-1-10T13-49-27,1515588567575,0.84390247,-0.024390243,0.39805827,0.84390247
2018-1-10T13-49-27,1515588567576,0.84390247,-0.004878049,0.44660193,0.84390247
2018-1-10T13-49-27,1515588567577,0.85365856,-0.034146342,0.41747573,0.85365856
2018-1-10T13-49-27,1515588567578,0.8341463,0.004878049,0.4563107,0.8341463
2018-1-10T13-49-27,1515588567579,0.84390247,-0.004878049,0.44660193,0.84390247
2018-1-10T13-49-27,1515588567580,0.8341463,-0.024390243,0.41747573,0.8341463
2018-1-10T13-49-27,1515588567581,0.84390247,-0.024390243,0.44660193,0.84390247
2018-1-10T13-49-27,1515588567582,0.85365856,-0.053658538,0.44660193,0.85365856
2018-1-10T13-49-27,1515588567583,0.84390247,0.014634146,0.44660193,0.84390247
2018-1-10T13-49-27,1515588567584,0.8341463,-0.034146342,0.4563107,0.8341463
2018-1-10T13-49-27,1515588567585,0.8341463,-0.024390243,0.4563107,0.8341463
2018-1-10T13-49-27,1515588567586,0.84390247,-0.034146342,0.44660193,0.84390247
2018-1-10T13-49-27,1515588567587,0.84390247,-0.014634146,0.42718446,0.84390247
2018-1-10T13-49-27,1515588567588,0.85365856,-0.014634146,0.44660193,0.85365856
2018-1-10T13-49-27,1515588567589,0.80487806,-0.014634146,0.44660193,0.80487806
2018-1-10T13-49-27,1515588567590,0.8341463,-0.024390243,0.44660193,0.8341463
2018-1-10T13-49-27,1515588567591,0.84390247,-0.034146342,0.44660193,0.84390247
2018-1-10T13-49-27,1515588567592,0.84390247,-0.024390243,0.44660193,0.84390247
2018-1-10T13-49-27,1515588567593,0.85365856,-0.014634146,0.4368932,0.85365856
2018-1-10T13-49-27,1515588567594,0.8341463,-0.014634146,0.44660193,0.8341463
2018-1-10T13-49-27,1515588567595,0.84390247,-0.024390243,0.4368932,0.84390247
2018-1-10T13-49-27,1515588567596,0.8341463,-0.024390243,0.4368932,0.8341463
2018-1-10T13-49-27,1515588567597,0.84390247,-0.014634146,0.4563107,0.84390247
2018-1-10T13-49-27,1515588567598,0.84390247,-0.024390243,0.44660193,0.84390247
2018-1-10T13-49-27,1515588567599,0.84390247,-0.024390243,0.4563107,0.84390247
2018-1-10T13-49-27,1515588567600,0.8341463,-0.024390243,0.4563107,0.8341463
2018-1-10T13-49-27,1515588567601,0.85365856,-0.034146342,0.44660193,0.85365856
2018-1-10T13-49-27,1515588567602,0.84390247,-0.014634146,0.4563107,0.84390247
2018-1-10T13-49-27,1515588567603,0.85365856,-0.024390243,0.44660193,0.85365856
2018-1-10T13-49-27,1515588567604,0.85365856,-0.014634146,0.46601942,0.85365856
2018-1-10T13-49-27,1515588567605,0.85365856,-0.034146342,0.44660193,0.85365856
2018-1-10T13-49-27,1515588567606,0.84390247,-0.004878049,0.44660193,0.84390247
2018-1-10T13-49-27,1515588567607,0.86341465,-0.024390243,0.44660193,0.86341465
2018-1-10T13-49-27,1515588567608,0.85365856,-0.034146342,0.4563107,0.85365856
2018-1-10T13-49-27,1515588567609,0.85365856,-0.053658538,0.407767,0.85365856
2018-1-10T13-49-27,1515588567610,0.84390247,-0.014634146,0.41747573,0.84390247
2018-1-10T13-49-27,1515588567611,0.85365856,-0.034146342,0.4368932,0.85365856
2018-1-10T13-49-27,1515588567612,0.84390247,-0.014634146,0.3592233,0.84390247
2018-1-10T13-49-27,1515588567613,0.84390247,-0.024390243,0.44660193,0.84390247
2018-1-10T13-49-27,1515588567614,0.84390247,-0.053658538,0.4368932,0.84390247
2018-1-10T13-49-27,1515588567615,0.8341463,0.024390243,0.4368932,0.8341463
2018-1-10T13-49-27,1515588567616,0.8341463,-0.014634146,0.44660193,0.8341463
2018-1-10T13-49-27,1515588567617,0.8341463,-0.004878049,0.4368932,0.8341463
2018-1-10T13-49-27,1515588567618,0.8341463,-0.024390243,0.42718446,0.8341463
2018-1-10T13-49-27,1515588567619,0.84390247,-0.014634146,0.42718446,0.84390247
2018-1-10T13-49-27,1515588567620,0.84390247,-0.024390243,0.44660193,0.84390247
2018-1-10T13-49-27,1515588567621,0.85365856,-0.004878049,0.44660193,0.85365856
2018-1-10T13-49-27,1515588567622,0.84390247,-0.014634146,0.4563107,0.84390247
2018-1-10T13-49-27,1515588567623,0.902439,-0.004878049,0.4368932,0.902439
2018-1-10T13-49-27,1515588567624,0.85365856,-0.014634146,0.44660193,0.85365856
2018-1-10T13-49-27,1515588567625,0.85365856,-0.014634146,0.44660193,0.85365856
2018-1-10T13-49-27,1515588567626,0.85365856,-0.024390243,0.44660193,0.85365856
2018-1-10T13-49-27,1515588567627,0.85365856,-0.024390243,0.44660193,0.85365856
2018-1-10T13-49-27,1515588567628,0.84390247,-0.024390243,0.4563107,0.84390247
2018-1-10T13-49-27,1515588567629,0.86341465,-0.034146342,0.44660193,0.86341465
2018-1-10T13-49-27,1515588567630,0.85365856,-0.024390243,0.4563107,0.85365856
2018-1-10T13-49-27,1515588567631,0.84390247,-0.004878049,0.4368932,0.84390247
2018-1-10T13-49-27,1515588567632,0.8341463,-0.034146342,0.4368932,0.8341463
2018-1-10T13-49-27,1515588567633,0.85365856,-0.024390243,0.44660193,0.85365856
2018-1-10T13-49-27,1515588567634,0.85365856,-0.034146342,0.4368932,0.85365856
2018-1-10T13-49-27,1515588567635,0.84390247,-0.043902438,0.44660193,0.84390247
2018-1-10T13-49-27,1515588567636,0.81463414,-0.024390243,0.46601942,0.81463414
2018-1-10T13-49-27,1515588567637,0.8341463,-0.024390243,0.4368932,0.8341463
2018-1-10T13-49-27,1515588567638,0.8341463,-0.014634146,0.4368932,0.8341463
2018-1-10T13-49-27,1515588567639,0.85365856,-0.024390243,0.37864077,0.85365856
2018-1-10T13-49-27,1515588567640,0.84390247,-0.024390243,0.44660193,0.84390247
2018-1-10T13-49-27,1515588567641,0.84390247,-0.034146342,0.4368932,0.84390247
2018-1-10T13-49-27,1515588567642,0.85365856,-0.014634146,0.39805827,0.85365856
2018-1-10T13-49-27,1515588567643,0.84390247,-0.024390243,0.36893204,0.84390247
2018-1-10T13-49-27,1515588567644,0.8341463,-0.004878049,0.44660193,0.8341463
2018-1-10T13-49-27,1515588567645,0.84390247,-0.024390243,0.4563107,0.84390247
2018-1-10T13-49-27,1515588567646,0.85365856,-0.024390243,0.4368932,0.85365856
2018-1-10T13-49-27,1515588567647,0.84390247,-0.014634146,0.4368932,0.84390247
2018-1-10T13-49-27,1515588567648,0.8829268,-0.004878049,0.4368932,0.8829268
2018-1-10T13-49-27,1515588567649,0.84390247,-0.014634146,0.44660193,0.84390247
2018-1-10T13-49-27,1515588567650,0.85365856,-0.004878049,0.44660193,0.85365856
2018-1-10T13-49-27,1515588567651,0.82439023,-0.014634146,0.4368932,0.82439023
2018-1-10T13-49-27,1515588567652,0.85365856,-0.014634146,0.4368932,0.85365856
2018-1-10T13-49-27,1515588567653,0.85365856,-0.014634146,0.44660193,0.85365856
2018-1-10T13-49-27,1515588567654,0.85365856,-0.034146342,0.4563107,0.85365856
2018-1-10T13-49-27,1515588567655,0.91219515,-0.034146342,0.44660193,0.91219515
2018-1-10T13-49-27,1515588567656,0.86341465,-0.024390243,0.42718446,0.86341465
2018-1-10T13-49-27,1515588567657,0.86341465,-0.014634146,0.4563107,0.86341465
2018-1-10T13-49-27,1515588567658,0.8341463,-0.024390243,0.44660193,0.8341463
2018-1-10T13-49-27,1515588567659,0.9317073,-0.034146342,0.44660193,0.9317073
2018-1-10T13-49-27,1515588567660,0.86341465,-0.014634146,0.44660193,0.86341465
2018-1-10T13-49-27,1515588567661,0.84390247,-0.034146342,0.44660193,0.84390247
2018-1-10T13-49-27,1515588567662,0.84390247,-0.024390243,0.44660193,0.84390247
2018-1-10T13-49-27,1515588567663,0.85365856,-0.024390243,0.4368932,0.85365856
2018-1-10T13-49-27,1515588567664,0.84390247,-0.06341463,0.4368932,0.84390247
2018-1-10T13-49-27,1515588567665,0.85365856,-0.024390243,0.44660193,0.85365856
2018-1-10T13-49-27,1515588567666,0.84390247,-0.024390243,0.44660193,0.84390247
2018-1-10T13-49-27,1515588567667,0.85365856,0.034146342,0.4368932,0.85365856
2018-1-10T13-49-27,1515588567668,0.85365856,-0.014634146,0.42718446,0.85365856
2018-1-10T13-49-27,1515588567669,0.84390247,-0.014634146,0.4368932,0.84390247
2018-1-10T13-49-27,1515588567670,0.82439023,-0.034146342,0.44660193,0.82439023
2018-1-10T13-49-27,1515588567671,0.84390247,-0.014634146,0.44660193,0.84390247
2018-1-10T13-49-27,1515588567672,0.85365856,0.004878049,0.44660193,0.85365856
2018-1-10T13-49-27,1515588567673,0.84390247,-0.024390243,0.4368932,0.84390247
2018-1-10T13-49-27,1515588567674,0.84390247,-0.024390243,0.4368932,0.84390247
2018-1-10T13-49-27,1515588567675,0.85365856,-0.024390243,0.44660193,0.85365856
2018-1-10T13-49-27,1515588567676,0.86341465,-0.014634146,0.44660193,0.86341465
2018-1-10T13-49-27,1515588567677,0.82439023,-0.004878049,0.46601942,0.82439023
2018-1-10T13-49-27,1515588567678,0.84390247,-0.014634146,0.5048544,0.84390247
2018-1-10T13-49-27,1515588567679,0.85365856,-0.014634146,0.4368932,0.85365856
2018-1-10T13-49-27,1515588567680,0.84390247,-0.024390243,0.44660193,0.84390247
2018-1-10T13-49-27,1515588567681,0.84390247,-0.024390243,0.4368932,0.84390247
2018-1-10T13-49-27,1515588567682,0.8341463,-0.024390243,0.5048544,0.8341463
2018-1-10T13-49-27,1515588567683,0.84390247,-0.024390243,0.4368932,0.84390247
2018-1-10T13-49-27,1515588567684,0.85365856,-0.034146342,0.44660193,0.85365856
2018-1-10T13-49-27,1515588567685,0.84390247,-0.024390243,0.44660193,0.84390247
2018-1-10T13-49-27,1515588567686,0.85365856,-0.034146342,0.44660193,0.85365856
2018-1-10T13-49-27,1515588567687,0.85365856,-0.014634146,0.4563107,0.85365856
2018-1-10T13-49-27,1515588567688,0.8341463,-0.034146342,0.4368932,0.8341463
2018-1-10T13-49-27,1515588567689,0.85365856,-0.09268293,0.44660193,0.85365856
2018-1-10T13-49-27,1515588567690,0.85365856,-0.024390243,0.44660193,0.85365856
2018-1-10T13-49-27,1515588567691,0.8341463,-0.024390243,0.4563107,0.8341463
2018-1-10T13-49-27,1515588567692,0.8829268,-0.024390243,0.42718446,0.8829268
2018-1-10T13-49-27,1515588567693,0.86341465,-0.024390243,0.4563107,0.86341465
2018-1-10T13-49-27,1515588567694,0.87317073,-0.014634146,0.44660193,0.87317073
2018-1-10T13-49-27,1515588567695,0.8341463,-0.09268293,0.47572815,0.8341463
2018-1-10T13-49-27,1515588567696,0.8341463,-0.024390243,0.44660193,0.8341463
2018-1-10T13-49-27,1515588567697,0.82439023,-0.024390243,0.4368932,0.82439023
2018-1-10T13-49-27,1515588567698,0.84390247,-0.06341463,0.4368932,0.84390247
2018-1-10T13-49-27,1515588567699,0.85365856,-0.024390243,0.44660193,0.85365856
2018-1-10T13-49-27,1515588567700,0.8829268,-0.014634146,0.4368932,0.8829268
2018-1-10T13-49-27,1515588567701,0.84390247,-0.014634146,0.4368932,0.84390247
2018-1-10T13-49-27,1515588567702,0.85365856,-0.014634146,0.4368932,0.85365856
2018-1-10T13-49-27,1515588567703,0.86341465,-0.014634146,0.4368932,0.86341465
2018-1-10T13-49-27,1515588567704,0.8341463,-0.034146342,0.44660193,0.8341463
2018-1-10T13-49-27,1515588567705,0.8341463,-0.024390243,0.44660193,0.8341463
2018-1-10T13-49-27,1515588567706,0.85365856,0.014634146,0.4368932,0.85365856
2018-1-10T13-49-27,1515588567707,0.81463414,0.06341463,0.4368932,0.81463414
2018-1-10T13-49-27,1515588567708,0.81463414,-0.024390243,0.4563107,0.81463414
2018-1-10T13-49-27,1515588567709,0.85365856,-0.004878049,0.4563107,0.85365856
2018-1-10T13-49-27,1515588567710,0.84390247,0.06341463,0.4368932,0.84390247
2018-1-10T13-49-27,1515588567711,0.84390247,-0.024390243,0.44660193,0.84390247
2018-1-10T13-49-27,1515588567712,0.85365856,-0.014634146,0.4368932,0.85365856
2018-1-10T13-49-27,1515588567713,0.84390247,0.043902438,0.4368932,0.84390247
2018-1-10T13-49-27,1515588567714,0.84390247,-0.034146342,0.4368932,0.84390247
2018-1-10T13-49-27,1515588567715,0.84390247,-0.004878049,0.4368932,0.84390247
2018-1-10T13-49-27,1515588567716,0.87317073,-0.014634146,0.44660193,0.87317073
2018-1-10T13-49-27,1515588567717,0.85365856,-0.014634146,0.4368932,0.85365856
2018-1-10T13-49-27,1515588567718,0.85365856,-0.014634146,0.4368932,0.85365856
2018-1-10T13-49-27,1515588567719,0.8341463,-0.014634146,0.3883495,0.8341463
2018-1-10T13-49-27,1515588567720,0.80487806,-0.043902438,0.4368932,0.80487806
2018-1-10T13-49-27,1515588567721,0.85365856,0.024390243,0.44660193,0.85365856
2018-1-10T13-49-27,1515588567722,0.86341465,-0.004878049,0.44660193,0.86341465
2018-1-10T13-49-27,1515588567723,0.8341463,-0.014634146,0.5145631,0.8341463
2018-1-10T13-49-27,1515588567724,0.84390247,-0.024390243,0.4368932,0.84390247
2018-1-10T13-49-27,1515588567725,0.8341463,-0.024390243,0.42718446,0.8341463
2018-1-10T13-49-27,1515588567726,0.84390247,-0.024390243,0.42718446,0.84390247
2018-1-10T13-49-27,1515588567727,0.87317073,-0.024390243,0.44660193,0.87317073
2018-1-10T13-49-27,1515588567728,0.85365856,0.034146342,0.44660193,0.85365856
2018-1-10T13-49-27,1515588567729,0.84390247,-0.024390243,0.44660193,0.84390247
2018-1-10T13-49-27,1515588567730,0.9317073,-0.004878049,0.4368932,0.9317073
2018-1-10T13-49-27,1515588567731,0.86341465,-0.024390243,0.44660193,0.86341465
2018-1-10T13-49-27,1515588567732,0.84390247,-0.024390243,0.44660193,0.84390247
2018-1-10T13-49-27,1515588567733,0.84390247,-0.024390243,0.44660193,0.84390247
2018-1-10T13-49-27,1515588567734,0.84390247,-0.024390243,0.44660193,0.84390247
2018-1-10T13-49-27,1515588567735,0.84390247,-0.014634146,0.44660193,0.84390247
2018-1-10T13-49-27,1515588567736,0.85365856,-0.024390243,0.4563107,0.85365856
2018-1-10T13-49-27,1515588567737,0.85365856,-0.024390243,0.44660193,0.85365856
2018-1-10T13-49-27,1515588567738,0.77560973,-0.034146342,0.4368932,0.77560973
2018-1-10T13-49-27,1515588567739,0.85365856,-0.014634146,0.4368932,0.85365856
2018-1-10T13-49-27,1515588567740,0.8341463,-0.024390243,0.44660193,0.8341463
2018-1-10T13-49-27,1515588567741,0.86341465,-0.014634146,0.4368932,0.86341465
2018-1-10T13-49-27,1515588567742,0.84390247,-0.014634146,0.4368932,0.84390247
2018-1-10T13-49-27,1515588567743,0.84390247,-0.004878049,0.42718446,0.84390247
2018-1-10T13-49-27,1515588567744,0.84390247,-0.024390243,0.44660193,0.84390247
2018-1-10T13-49-27,1515588567745,0.84390247,-0.024390243,0.4368932,0.84390247
2018-1-10T13-49-27,1515588567746,0.84390247,-0.004878049,0.4368932,0.84390247
2018-1-10T13-49-27,1515588567747,0.84390247,-0.014634146,0.4368932,0.84390247
2018-1-10T13-49-27,1515588567748,0.84390247,-0.034146342,0.44660193,0.84390247
2018-1-10T13-49-27,1515588567749,0.87317073,-0.06341463,0.44660193,0.87317073
2018-1-10T13-49-27,1515588567750,0.85365856,-0.024390243,0.4368932,0.85365856
2018-1-10T13-49-27,1515588567751,0.84390247,0.004878049,0.44660193,0.84390247
2018-1-10T13-49-27,1515588567752,0.84390247,-0.014634146,0.4563107,0.84390247
2018-1-10T13-49-27,1515588567753,0.84390247,-0.034146342,0.4368932,0.84390247
2018-1-10T13-49-27,1515588567754,0.8341463,-0.024390243,0.4368932,0.8341463
2018-1-10T13-49-27,1515588567755,0.84390247,-0.014634146,0.44660193,0.84390247
2018-1-10T13-49-27,1515588567756,0.8341463,-0.024390243,0.44660193,0.8341463
2018-1-10T13-49-27,1515588567757,0.84390247,-0.053658538,0.44660193,0.84390247
2018-1-10T13-49-27,1515588567758,0.85365856,-0.014634146,0.41747573,0.85365856
2018-1-10T13-49-27,1515588567759,0.85365856,0.024390243,0.4368932,0.85365856
2018-1-10T13-49-27,1515588567760,0.84390247,-0.014634146,0.4368932,0.84390247
2018-1-10T13-49-27,1515588567761,0.8341463,-0.004878049,0.44660193,0.8341463
2018-1-10T13-49-27,1515588567762,0.85365856,-0.014634146,0.4368932,0.85365856
2018-1-10T13-49-27,1515588567763,0.84390247,-0.024390243,0.4368932,0.84390247
2018-1-10T13-49-27,1515588567764,0.8341463,-0.014634146,0.4368932,0.8341463
2018-1-10T13-49-27,1515588567765,0.8341463,-0.024390243,0.4368932,0.8341463
2018-1-10T13-49-27,1515588567766,0.85365856,-0.09268293,0.44660193,0.85365856
2018-1-10T13-49-27,1515588567767,0.84390247,0.034146342,0.4368932,0.84390247
2018-1-10T13-49-27,1515588567768,0.84390247,-0.014634146,0.4368932,0.84390247
2018-1-10T13-49-27,1515588567769,0.79512197,-0.014634146,0.407767,0.79512197
2018-1-10T13-49-27,1515588567770,0.84390247,-0.024390243,0.44660193,0.84390247
2018-1-10T13-49-27,1515588567771,0.85365856,-0.024390243,0.44660193,0.85365856
2018-1-10T13-49-27,1515588567772,0.85365856,-0.014634146,0.44660193,0.85365856
2018-1-10T13-49-27,1515588567773,0.84390247,-0.014634146,0.42718446,0.84390247
2018-1-10T13-49-27,1515588567774,0.8341463,-0.024390243,0.4368932,0.8341463
2018-1-10T13-49-27,1515588567775,0.84390247,-0.034146342,0.44660193,0.84390247
2018-1-10T13-49-27,1515588567776,0.84390247,-0.024390243,0.44660193,0.84390247
2018-1-10T13-49-27,1515588567777,0.85365856,-0.024390243,0.4368932,0.85365856
2018-1-10T13-49-27,1515588567778,0.86341465,-0.024390243,0.4368932,0.86341465
2018-1-10T13-49-27,1515588567779,0.84390247,-0.024390243,0.44660193,0.84390247
2018-1-10T13-49-27,1515588567780,0.84390247,-0.034146342,0.4368932,0.84390247
2018-1-10T13-49-27,1515588567781,0.85365856,-0.034146342,0.39805827,0.85365856
2018-1-10T13-49-27,1515588567782,0.85365856,-0.024390243,0.46601942,0.85365856
2018-1-10T13-49-27,1515588567783,0.85365856,0.043902438,0.44660193,0.85365856
2018-1-10T13-49-27,1515588567784,0.8341463,-0.024390243,0.4854369,0.8341463
2018-1-10T13-49-27,1515588567785,0.84390247,-0.024390243,0.44660193,0.84390247
2018-1-10T13-49-27,1515588567786,0.84390247,-0.024390243,0.44660193,0.84390247
2018-1-10T13-49-27,1515588567787,0.84390247,-0.014634146,0.4368932,0.84390247
2018-1-10T13-49-27,1515588567788,0.84390247,-0.034146342,0.44660193,0.84390247
2018-1-10T13-49-27,1515588567789,0.91219515,-0.024390243,0.4563107,0.91219515
2018-1-10T13-49-27,1515588567790,0.84390247,-0.034146342,0.4368932,0.84390247
2018-1-10T13-49-27,1515588567791,0.86341465,-0.014634146,0.42718446,0.86341465
2018-1-10T13-49-27,1515588567792,0.84390247,-0.043902438,0.4563107,0.84390247
2018-1-10T13-49-27,1515588567793,0.8341463,-0.034146342,0.4368932,0.8341463
2018-1-10T13-49-27,1515588567794,0.8341463,-0.024390243,0.42718446,0.8341463
2018-1-10T13-49-27,1515588567795,0.86341465,-0.014634146,0.4368932,0.86341465
2018-1-10T13-49-27,1515588567796,0.84390247,-0.024390243,0.4368932,0.84390247
2018-1-10T13-49-27,1515588567797,0.84390247,-0.034146342,0.4368932,0.84390247
2018-1-10T13-49-27,1515588567798,0.7853659,-0.034146342,0.42718446,0.7853659
2018-1-10T13-49-27,1515588567799,0.85365856,-0.024390243,0.4563107,0.85365856
2018-1-10T13-49-27,1515588567800,0.85365856,-0.014634146,0.44660193,0.85365856
2018-1-10T13-49-27,1515588567801,0.85365856,-0.024390243,0.4368932,0.85365856
2018-1-10T13-49-27,1515588567802,0.84390247,-0.024390243,0.44660193,0.84390247
2018-1-10T13-49-27,1515588567803,0.85365856,-0.024390243,0.4563107,0.85365856
2018-1-10T13-49-27,1515588567804,0.84390247,-0.024390243,0.4368932,0.84390247
2018-1-10T13-49-27,1515588567805,0.85365856,-0.014634146,0.44660193,0.85365856
2018-1-10T13-49-27,1515588567806,0.8341463,-0.024390243,0.44660193,0.8341463
2018-1-10T13-49-27,1515588567807,0.85365856,-0.034146342,0.4854369,0.85365856
2018-1-10T13-49-27,1515588567808,0.84390247,-0.004878049,0.44660193,0.84390247
2018-1-10T13-49-27,1515588567809,0.85365856,-0.004878049,0.4563107,0.85365856
2018-1-10T13-49-27,1515588567810,0.84390247,-0.10243902,0.44660193,0.84390247
2018-1-10T13-49-27,1515588567811,0.84390247,-0.024390243,0.4563107,0.84390247
2018-1-10T13-49-27,1515588567812,0.86341465,0.043902438,0.4563107,0.86341465
2018-1-10T13-49-27,1515588567813,0.85365856,0.053658538,0.4563107,0.85365856
2018-1-10T13-49-27,1515588567814,0.86341465,-0.034146342,0.4368932,0.86341465
2018-1-10T13-49-27,1515588567815,0.84390247,-0.024390243,0.41747573,0.84390247
2018-1-10T13-49-27,1515588567816,0.85365856,-0.014634146,0.44660193,0.85365856
2018-1-10T13-49-27,1515588567817,0.85365856,-0.024390243,0.4368932,0.85365856
2018-1-10T13-49-27,1515588567818,0.85365856,-0.024390243,0.4368932,0.85365856
2018-1-10T13-49-27,1515588567819,0.82439023,-0.034146342,0.4368932,0.82439023
2018-1-10T13-49-27,1515588567820,0.81463414,-0.014634146,0.4368932,0.81463414
2018-1-10T13-49-27,1515588567821,0.84390247,-0.024390243,0.44660193,0.84390247
2018-1-10T13-49-27,1515588567822,0.85365856,-0.034146342,0.4368932,0.85365856
2018-1-10T13-49-27,1515588567823,0.85365856,-0.024390243,0.42718446,0.85365856
2018-1-10T13-49-27,1515588567824,0.85365856,-0.024390243,0.4368932,0.85365856
2018-1-10T13-49-27,1515588567825,0.84390247,-0.014634146,0.44660193,0.84390247
2018-1-10T13-49-27,1515588567826,0.80487806,-0.024390243,0.4368932,0.80487806
2018-1-10T13-49-27,1515588567827,0.84390247,-0.014634146,0.4368932,0.84390247
2018-1-10T13-49-27,1515588567828,0.84390247,0.053658538,0.44660193,0.84390247
2018-1-10T13-49-27,1515588567829,0.85365856,-0.014634146,0.41747573,0.85365856
2018-1-10T13-49-27,1515588567830,0.84390247,-0.024390243,0.44660193,0.84390247
2018-1-10T13-49-27,1515588567831,0.84390247,-0.014634146,0.42718446,0.84390247
2018-1-10T13-49-27,1515588567832,0.86341465,-0.014634146,0.4563107,0.86341465
2018-1-10T13-49-27,1515588567833,0.84390247,-0.024390243,0.4368932,0.84390247
2018-1-10T13-49-27,1515588567834,0.84390247,-0.024390243,0.44660193,0.84390247
2018-1-10T13-49-27,1515588567835,0.86341465,-0.014634146,0.44660193,0.86341465
2018-1-10T13-49-27,1515588567836,0.84390247,-0.06341463,0.44660193,0.84390247
2018-1-10T13-49-27,1515588567837,0.8341463,-0.024390243,0.4368932,0.8341463
2018-1-10T13-49-27,1515588567838,0.84390247,-0.014634146,0.41747573,0.84390247
2018-1-10T13-49-27,1515588567839,0.86341465,-0.024390243,0.44660193,0.86341465
2018-1-10T13-49-27,1515588567840,0.84390247,-0.004878049,0.42718446,0.84390247
2018-1-10T13-49-27,1515588567841,0.8341463,-0.024390243,0.44660193,0.8341463
2018-1-10T13-49-27,1515588567842,0.84390247,-0.014634146,0.4368932,0.84390247
2018-1-10T13-49-27,1515588567843,0.85365856,-0.06341463,0.44660193,0.85365856
2018-1-10T13-49-27,1515588567844,0.86341465,-0.053658538,0.4563107,0.86341465
2018-1-10T13-49-27,1515588567845,0.85365856,-0.014634146,0.44660193,0.85365856
2018-1-10T13-49-27,1515588567846,0.85365856,-0.014634146,0.4368932,0.85365856
2018-1-10T13-49-27,1515588567847,0.84390247,-0.024390243,0.44660193,0.84390247
2018-1-10T13-49-27,1515588567848,0.8829268,-0.024390243,0.4368932,0.8829268
2018-1-10T13-49-27,1515588567849,0.85365856,-0.014634146,0.44660193,0.85365856
2018-1-10T13-49-27,1515588567850,0.902439,-0.024390243,0.44660193,0.902439
2018-1-10T13-49-27,1515588567851,0.84390247,-0.024390243,0.4368932,0.84390247
2018-1-10T13-49-27,1515588567852,0.85365856,-0.034146342,0.4368932,0.85365856
2018-1-10T13-49-27,1515588567853,0.85365856,-0.014634146,0.44660193,0.85365856
2018-1-10T13-49-27,1515588567854,0.85365856,-0.034146342,0.4368932,0.85365856
2018-1-10T13-49-27,1515588567855,0.84390247,-0.024390243,0.44660193,0.84390247
2018-1-10T13-49-27,1515588567856,0.84390247,-0.024390243,0.4368932,0.84390247
2018-1-10T13-49-27,1515588567857,0.85365856,-0.014634146,0.4368932,0.85365856
2018-1-10T13-49-27,1515588567858,0.85365856,-0.014634146,0.44660193,0.85365856
2018-1-10T13-49-27,1515588567859,0.85365856,-0.034146342,0.4368932,0.85365856
2018-1-10T13-49-27,1515588567860,0.87317073,-0.024390243,0.42718446,0.87317073
2018-1-10T13-49-27,1515588567861,0.84390247,-0.014634146,0.44660193,0.84390247
2018-1-10T13-49-27,1515588567862,0.84390247,-0.024390243,0.44660193,0.84390247
2018-1-10T13-49-27,1515588567863,0.85365856,-0.014634146,0.44660193,0.85365856
2018-1-10T13-49-27,1515588567864,0.84390247,-0.024390243,0.4368932,0.84390247
2018-1-10T13-49-27,1515588567865,0.86341465,-0.034146342,0.4368932,0.86341465
2018-1-10T13-49-27,1515588567866,0.84390247,-0.014634146,0.44660193,0.84390247
2018-1-10T13-49-27,1515588567867,0.8341463,-0.024390243,0.4368932,0.8341463
2018-1-10T13-49-27,1515588567868,0.84390247,0.004878049,0.4368932,0.84390247
2018-1-10T13-49-27,1515588567869,0.85365856,-0.024390243,0.4368932,0.85365856
2018-1-10T13-49-27,1515588567870,0.8341463,-0.034146342,0.4563107,0.8341463
2018-1-10T13-49-27,1515588567871,0.84390247,-0.024390243,0.44660193,0.84390247
2018-1-10T13-49-27,1515588567872,0.84390247,-0.024390243,0.4368932,0.84390247
2018-1-10T13-49-27,1515588567873,0.85365856,-0.034146342,0.44660193,0.85365856
2018-1-10T13-49-27,1515588567874,0.8829268,-0.024390243,0.4368932,0.8829268
2018-1-10T13-49-27,1515588567875,0.84390247,-0.024390243,0.4563107,0.84390247
2018-1-10T13-49-27,1515588567876,0.84390247,-0.034146342,0.44660193,0.84390247
2018-1-10T13-49-27,1515588567877,0.85365856,-0.014634146,0.42718446,0.85365856
2018-1-10T13-49-27,1515588567878,0.85365856,-0.024390243,0.4368932,0.85365856
2018-1-10T13-49-27,1515588567879,0.86341465,-0.014634146,0.44660193,0.86341465
2018-1-10T13-49-27,1515588567880,0.85365856,-0.024390243,0.44660193,0.85365856
2018-1-10T13-49-27,1515588567881,0.85365856,0.07317073,0.46601942,0.85365856
2018-1-10T13-49-27,1515588567882,0.84390247,-0.024390243,0.42718446,0.84390247
2018-1-10T13-49-27,1515588567883,0.8829268,-0.024390243,0.4368932,0.8829268
2018-1-10T13-49-27,1515588567884,0.85365856,-0.024390243,0.44660193,0.85365856
2018-1-10T13-49-27,1515588567885,0.85365856,-0.024390243,0.42718446,0.85365856
2018-1-10T13-49-27,1515588567886,0.84390247,-0.053658538,0.44660193,0.84390247
2018-1-10T13-49-27,1515588567887,0.85365856,-0.024390243,0.44660193,0.85365856
2018-1-10T13-49-27,1515588567888,0.8341463,-0.024390243,0.39805827,0.8341463
2018-1-10T13-49-27,1515588567889,0.85365856,-0.004878049,0.44660193,0.85365856
2018-1-10T13-49-27,1515588567890,0.84390247,0.06341463,0.44660193,0.84390247
2018-1-10T13-49-27,1515588567891,0.84390247,-0.024390243,0.44660193,0.84390247
2018-1-10T13-49-27,1515588567892,0.85365856,-0.014634146,0.4368932,0.85365856
2018-1-10T13-49-27,1515588567893,0.92195123,-0.024390243,0.42718446,0.92195123
2018-1-10T13-49-27,1515588567894,0.84390247,-0.034146342,0.44660193,0.84390247
2018-1-10T13-49-27,1515588567895,0.84390247,-0.004878049,0.44660193,0.84390247
2018-1-10T13-49-27,1515588567896,0.85365856,-0.014634146,0.44660193,0.85365856
2018-1-10T13-49-27,1515588567897,0.85365856,-0.024390243,0.42718446,0.85365856
2018-1-10T13-49-27,1515588567898,0.85365856,0.024390243,0.4368932,0.85365856
2018-1-10T13-49-27,1515588567899,0.86341465,-0.024390243,0.4368932,0.86341465
2018-1-10T13-49-27,1515588567900,0.85365856,-0.024390243,0.4563107,0.85365856
2018-1-10T13-49-27,1515588567901,0.84390247,-0.024390243,0.44660193,0.84390247
2018-1-10T13-49-27,1515588567902,0.7853659,-0.014634146,0.4368932,0.7853659
2018-1-10T13-49-27,1515588567903,0.8829268,-0.034146342,0.44660193,0.8829268
2018-1-10T13-49-27,1515588567904,0.84390247,-0.014634146,0.4368932,0.84390247
2018-1-10T13-49-27,1515588567905,0.86341465,-0.014634146,0.44660193,0.86341465
2018-1-10T13-49-27,1515588567906,0.85365856,-0.024390243,0.44660193,0.85365856
2018-1-10T13-49-27,1515588567907,0.84390247,-0.024390243,0.4368932,0.84390247
2018-1-10T13-49-27,1515588567908,0.86341465,-0.014634146,0.44660193,0.86341465
2018-1-10T13-49-27,1515588567909,0.84390247,-0.024390243,0.4563107,0.84390247
2018-1-10T13-49-27,1515588567910,0.84390247,-0.024390243,0.4563107,0.84390247
2018-1-10T13-49-27,1515588567911,0.87317073,-0.014634146,0.44660193,0.87317073
2018-1-10T13-49-27,1515588567912,0.82439023,-0.014634146,0.44660193,0.82439023
2018-1-10T13-49-27,1515588567913,0.87317073,-0.024390243,0.44660193,0.87317073
2018-1-10T13-49-27,1515588567914,0.84390247,-0.014634146,0.44660193,0.84390247
2018-1-10T13-49-27,1515588567915,0.84390247,0.004878049,0.44660193,0.84390247
2018-1-10T13-49-27,1515588567916,0.84390247,-0.024390243,0.44660193,0.84390247
2018-1-10T13-49-27,1515588567917,0.85365856,-0.034146342,0.47572815,0.85365856
2018-1-10T13-49-27,1515588567918,0.85365856,-0.024390243,0.44660193,0.85365856
2018-1-10T13-49-27,1515588567919,0.84390247,-0.004878049,0.42718446,0.84390247
2018-1-10T13-49-27,1515588567920,0.85365856,-0.024390243,0.44660193,0.85365856
2018-1-10T13-49-27,1515588567921,0.8341463,-0.034146342,0.4563107,0.8341463
2018-1-10T13-49-27,1515588567922,0.85365856,-0.024390243,0.44660193,0.85365856
2018-1-10T13-49-27,1515588567923,0.84390247,-0.014634146,0.44660193,0.84390247
2018-1-10T13-49-27,1515588567924,0.8341463,-0.043902438,0.44660193,0.8341463
2018-1-10T13-49-27,1515588567925,0.8341463,0.004878049,0.44660193,0.8341463
2018-1-10T13-49-27,1515588567926,0.84390247,-0.014634146,0.44660193,0.84390247
2018-1-10T13-49-27,1515588567927,0.85365856,-0.024390243,0.47572815,0.85365856
2018-1-10T13-49-27,1515588567928,0.8829268,-0.014634146,0.44660193,0.8829268
2018-1-10T13-49-27,1515588567929,0.8926829,-0.014634146,0.407767,0.8926829
2018-1-10T13-49-27,1515588567930,0.85365856,-0.024390243,0.44660193,0.85365856
2018-1-10T13-49-27,1515588567931,0.84390247,-0.034146342,0.4368932,0.84390247
2018-1-10T13-49-27,1515588567932,0.85365856,-0.024390243,0.44660193,0.85365856
2018-1-10T13-49-27,1515588567933,0.84390247,-0.014634146,0.4368932,0.84390247
2018-1-10T13-49-27,1515588567934,0.80487806,-0.024390243,0.44660193,0.80487806
2018-1-10T13-49-27,1515588567935,0.85365856,-0.024390243,0.44660193,0.85365856
2018-1-10T13-49-27,1515588567936,0.79512197,-0.014634146,0.44660193,0.79512197
2018-1-10T13-49-27,1515588567937,0.8341463,0.034146342,0.41747573,0.8341463
2018-1-10T13-49-27,1515588567938,0.84390247,-0.004878049,0.44660193,0.84390247
2018-1-10T13-49-27,1515588567939,0.84390247,-0.053658538,0.41747573,0.84390247
2018-1-10T13-49-27,1515588567940,0.8341463,-0.014634146,0.44660193,0.8341463
2018-1-10T13-49-27,1515588567941,0.84390247,-0.024390243,0.44660193,0.84390247
2018-1-10T13-49-27,1515588567942,0.85365856,-0.014634146,0.44660193,0.85365856
2018-1-10T13-49-27,1515588567943,0.85365856,-0.024390243,0.44660193,0.85365856
2018-1-10T13-49-27,1515588567944,0.8926829,-0.014634146,0.44660193,0.8926829
2018-1-10T13-49-27,1515588567945,0.84390247,-0.014634146,0.44660193,0.84390247
2018-1-10T13-49-27,1515588567946,0.85365856,0.024390243,0.4368932,0.85365856
2018-1-10T13-49-27,1515588567947,0.8926829,-0.024390243,0.4368932,0.8926829
2018-1-10T13-49-27,1515588567948,0.85365856,-0.024390243,0.44660193,0.85365856
2018-1-10T13-49-27,1515588567949,0.85365856,-0.004878049,0.4368932,0.85365856
2018-1-10T13-49-27,1515588567950,0.84390247,-0.024390243,0.44660193,0.84390247
2018-1-10T13-49-27,1515588567951,0.84390247,-0.024390243,0.4368932,0.84390247
2018-1-10T13-49-27,1515588567952,0.81463414,-0.034146342,0.44660193,0.81463414
2018-1-10T13-49-27,1515588567953,0.85365856,-0.014634146,0.4368932,0.85365856
2018-1-10T13-49-27,1515588567954,0.84390247,-0.024390243,0.52427185,0.84390247
2018-1-10T13-49-27,1515588567955,0.84390247,-0.004878049,0.42718446,0.84390247
2018-1-10T13-49-27,1515588567956,0.84390247,-0.004878049,0.44660193,0.84390247
2018-1-10T13-49-27,1515588567957,0.84390247,-0.014634146,0.44660193,0.84390247
2018-1-10T13-49-27,1515588567958,0.85365856,-0.024390243,0.44660193,0.85365856
2018-1-10T13-49-27,1515588567959,0.82439023,-0.014634146,0.4563107,0.82439023
2018-1-10T13-49-27,1515588567960,0.84390247,-0.014634146,0.41747573,0.84390247
2018-1-10T13-49-27,1515588567961,0.85365856,-0.034146342,0.4368932,0.85365856
2018-1-10T13-49-27,1515588567962,0.84390247,-0.034146342,0.42718446,0.84390247
2018-1-10T13-49-27,1515588567963,0.84390247,-0.014634146,0.4563107,0.84390247
2018-1-10T13-49-27,1515588567964,0.85365856,-0.014634146,0.44660193,0.85365856
2018-1-10T13-49-27,1515588567965,0.84390247,-0.014634146,0.44660193,0.84390247
2018-1-10T13-49-27,1515588567966,0.85365856,-0.004878049,0.41747573,0.85365856
2018-1-10T13-49-27,1515588567967,0.84390247,-0.024390243,0.44660193,0.84390247
2018-1-10T13-49-27,1515588567968,0.8341463,-0.014634146,0.44660193,0.8341463
2018-1-10T13-49-27,1515588567969,0.84390247,-0.024390243,0.44660193,0.84390247
2018-1-10T13-49-27,1515588567970,0.84390247,-0.024390243,0.4563107,0.84390247
2018-1-10T13-49-27,1515588567971,0.84390247,-0.024390243,0.4368932,0.84390247
2018-1-10T13-49-27,1515588567972,0.85365856,-0.024390243,0.4368932,0.85365856
2018-1-10T13-49-27,1515588567973,0.84390247,-0.043902438,0.44660193,0.84390247
2018-1-10T13-49-27,1515588567974,0.84390247,-0.034146342,0.4368932,0.84390247
2018-1-10T13-49-27,1515588567975,0.84390247,-0.014634146,0.4368932,0.84390247
2018-1-10T13-49-27,1515588567976,0.84390247,0.07317073,0.44660193,0.84390247
2018-1-10T13-49-27,1515588567977,0.85365856,-0.024390243,0.4563107,0.85365856
2018-1-10T13-49-27,1515588567978,0.84390247,-0.014634146,0.39805827,0.84390247
2018-1-10T13-49-27,1515588567979,0.84390247,-0.004878049,0.44660193,0.84390247
2018-1-10T13-49-27,1515588567980,0.84390247,-0.024390243,0.44660193,0.84390247
2018-1-10T13-49-27,1515588567981,0.85365856,-0.024390243,0.44660193,0.85365856
2018-1-10T13-49-27,1515588567982,0.8926829,-0.014634146,0.44660193,0.8926829
2018-1-10T13-49-27,1515588567983,0.84390247,-0.034146342,0.4563107,0.84390247
2018-1-10T13-49-27,1515588567984,0.84390247,-0.06341463,0.4368932,0.84390247
2018-1-10T13-49-27,1515588567985,0.8341463,-0.014634146,0.44660193,0.8341463
2018-1-10T13-49-27,1515588567986,0.85365856,-0.014634146,0.4368932,0.85365856
2018-1-10T13-49-27,1515588567987,0.85365856,-0.024390243,0.4368932,0.85365856
2018-1-10T13-49-27,1515588567988,0.84390247,-0.024390243,0.4368932,0.84390247
2018-1-10T13-49-27,1515588567989,0.84390247,-0.024390243,0.44660193,0.84390247
2018-1-10T13-49-27,1515588567990,0.85365856,-0.014634146,0.4368932,0.85365856
2018-1-10T13-49-27,1515588567991,0.82439023,-0.024390243,0.44660193,0.82439023
2018-1-10T13-49-27,1515588567992,0.85365856,-0.014634146,0.4563107,0.85365856
2018-1-10T13-49-27,1515588567993,0.85365856,-0.014634146,0.44660193,0.85365856
2018-1-10T13-49-27,1515588567994,0.85365856,-0.014634146,0.44660193,0.85365856
2018-1-10T13-49-27,1515588567995,0.84390247,-0.014634146,0.44660193,0.84390247
2018-1-10T13-49-27,1515588567996,0.85365856,-0.034146342,0.4368932,0.85365856
2018-1-10T13-49-27,1515588567997,0.77560973,-0.014634146,0.44660193,0.77560973
2018-1-10T13-49-27,1515588567998,0.85365856,-0.014634146,0.44660193,0.85365856
2018-1-10T13-49-27,1515588567999,0.86341465,-0.034146342,0.44660193,0.86341465
2018-1-10T13-49-28,1515588568000,0.82439023,-0.024390243,0.4368932,0.82439023
2018-1-10T13-49-28,1515588568001,0.84390247,-0.024390243,0.4368932,0.84390247
2018-1-10T13-49-28,1515588568002,0.84390247,-0.024390243,0.4368932,0.84390247
2018-1-10T13-49-28,1515588568003,0.8829268,-0.024390243,0.42718446,0.8829268
2018-1-10T13-49-28,1515588568004,0.84390247,-0.034146342,0.4563107,0.84390247
2018-1-10T13-49-28,1515588568005,0.84390247,0.014634146,0.4368932,0.84390247
2018-1-10T13-49-28,1515588568006,0.87317073,-0.014634146,0.4368932,0.87317073
2018-1-10T13-49-28,1515588568007,0.8341463,-0.024390243,0.44660193,0.8341463
2018-1-10T13-49-28,1515588568008,0.85365856,-0.034146342,0.4368932,0.85365856
2018-1-10T13-49-28,1515588568009,0.85365856,-0.024390243,0.44660193,0.85365856
2018-1-10T13-49-28,1515588568010,0.85365856,-0.014634146,0.44660193,0.85365856
2018-1-10T13-49-28,1515588568011,0.85365856,-0.034146342,0.44660193,0.85365856
2018-1-10T13-49-28,1515588568012,0.84390247,-0.024390243,0.4368932,0.84390247
2018-1-10T13-49-28,1515588568013,0.85365856,-0.034146342,0.44660193,0.85365856
2018-1-10T13-49-28,1515588568014,0.85365856,0.024390243,0.4368932,0.85365856
2018-1-10T13-49-28,1515588568015,0.80487806,-0.024390243,0.4368932,0.80487806
2018-1-10T13-49-28,1515588568016,0.8341463,-0.024390243,0.4368932,0.8341463
2018-1-10T13-49-28,1515588568017,0.84390247,-0.024390243,0.4368932,0.84390247
2018-1-10T13-49-28,1515588568018,0.84390247,-0.024390243,0.42718446,0.84390247
2018-1-10T13-49-28,1515588568019,0.84390247,-0.024390243,0.407767,0.84390247
2018-1-10T13-49-28,1515588568020,0.85365856,-0.034146342,0.4368932,0.85365856
2018-1-10T13-49-28,1515588568021,0.91219515,-0.024390243,0.44660193,0.91219515
2018-1-10T13-49-28,1515588568022,0.8341463,-0.024390243,0.44660193,0.8341463
2018-1-10T13-49-28,1515588568023,0.85365856,-0.024390243,0.4368932,0.85365856
2018-1-10T13-49-28,1515588568024,0.84390247,-0.024390243,0.44660193,0.84390247
2018-1-10T13-49-28,1515588568025,0.85365856,-0.024390243,0.4368932,0.85365856
2018-1-10T13-49-28,1515588568026,0.87317073,-0.014634146,0.4563107,0.87317073
2018-1-10T13-49-28,1515588568027,0.8829268,-0.004878049,0.44660193,0.8829268
2018-1-10T13-49-28,1515588568028,0.84390247,-0.024390243,0.44660193,0.84390247
2018-1-10T13-49-28,1515588568029,0.84390247,-0.08292683,0.44660193,0.84390247
2018-1-10T13-49-28,1515588568030,0.85365856,-0.024390243,0.44660193,0.85365856
2018-1-10T13-49-28,1515588568031,0.84390247,-0.034146342,0.4368932,0.84390247
2018-1-10T13-49-28,1515588568032,0.85365856,-0.034146342,0.4563107,0.85365856
2018-1-10T13-49-28,1515588568033,0.85365856,-0.07317073,0.4368932,0.85365856
2018-1-10T13-49-28,1515588568034,0.85365856,-0.014634146,0.4368932,0.85365856
2018-1-10T13-49-28,1515588568035,0.85365856,-0.034146342,0.4368932,0.85365856
2018-1-10T13-49-28,1515588568036,0.85365856,-0.024390243,0.39805827,0.85365856
2018-1-10T13-49-28,1515588568037,0.84390247,0.024390243,0.44660193,0.84390247
2018-1-10T13-49-28,1515588568038,0.8341463,0.06341463,0.46601942,0.8341463
2018-1-10T13-49-28,1515588568039,0.85365856,-0.034146342,0.44660193,0.85365856
2018-1-10T13-49-28,1515588568040,0.84390247,-0.024390243,0.4563107,0.84390247
2018-1-10T13-49-28,1515588568041,0.84390247,-0.024390243,0.44660193,0.84390247
2018-1-10T13-49-28,1515588568042,0.76585364,-0.024390243,0.44660193,0.76585364
2018-1-10T13-49-28,1515588568043,0.8341463,-0.034146342,0.44660193,0.8341463
2018-1-10T13-49-28,1515588568044,0.8341463,-0.014634146,0.4563107,0.8341463
2018-1-10T13-49-28,1515588568045,0.84390247,-0.024390243,0.44660193,0.84390247
2018-1-10T13-49-28,1515588568046,0.8341463,-0.024390243,0.44660193,0.8341463
2018-1-10T13-49-28,1515588568047,0.8341463,-0.024390243,0.44660193,0.8341463
2018-1-10T13-49-28,1515588568048,0.85365856,-0.034146342,0.44660193,0.85365856
2018-1-10T13-49-28,1515588568049,0.84390247,-0.014634146,0.44660193,0.84390247
2018-1-10T13-49-28,1515588568050,0.84390247,-0.014634146,0.44660193,0.84390247
2018-1-10T13-49-28,1515588568051,0.8341463,-0.024390243,0.42718446,0.8341463
2018-1-10T13-49-28,1515588568052,0.84390247,-0.014634146,0.4368932,0.84390247
2018-1-10T13-49-28,1515588568053,0.86341465,-0.024390243,0.4368932,0.86341465
2018-1-10T13-49-28,1515588568054,0.84390247,-0.034146342,0.4563107,0.84390247
2018-1-10T13-49-28,1515588568055,0.902439,-0.014634146,0.44660193,0.902439
2018-1-10T13-49-28,1515588568056,0.86341465,0.034146342,0.5145631,0.86341465
2018-1-10T13-49-28,1515588568057,0.84390247,-0.014634146,0.44660193,0.84390247
2018-1-10T13-49-28,1515588568058,0.8341463,-0.014634146,0.4368932,0.8341463
2018-1-10T13-49-28,1515588568059,0.86341465,-0.024390243,0.4368932,0.86341465
2018-1-10T13-49-28,1515588568060,0.86341465,-0.034146342,0.4368932,0.86341465
2018-1-10T13-49-28,1515588568061,0.7853659,-0.024390243,0.4563107,0.7853659
2018-1-10T13-49-28,1515588568062,0.84390247,0.034146342,0.44660193,0.84390247
2018-1-10T13-49-28,1515588568063,0.84390247,-0.014634146,0.44660193,0.84390247
2018-1-10T13-49-28,1515588568064,0.84390247,-0.034146342,0.4563107,0.84390247
2018-1-10T13-49-28,1515588568065,0.84390247,-0.024390243,0.4854369,0.84390247
2018-1-10T13-49-28,1515588568066,0.85365856,-0.014634146,0.4368932,0.85365856
2018-1-10T13-49-28,1515588568067,0.9414634,-0.024390243,0.44660193,0.9414634
2018-1-10T13-49-28,1515588568068,0.84390247,-0.024390243,0.4563107,0.84390247
2018-1-10T13-49-28,1515588568069,0.76585364,-0.024390243,0.44660193,0.76585364
2018-1-10T13-49-28,1515588568070,0.84390247,-0.014634146,0.44660193,0.84390247
2018-1-10T13-49-28,1515588568071,0.85365856,-0.024390243,0.42718446,0.85365856
2018-1-10T13-49-28,1515588568072,0.85365856,0.024390243,0.4368932,0.85365856
2018-1-10T13-49-28,1515588568073,0.85365856,-0.043902438,0.44660193,0.85365856
2018-1-10T13-49-28,1515588568074,0.85365856,-0.024390243,0.42718446,0.85365856
2018-1-10T13-49-28,1515588568075,0.85365856,-0.034146342,0.44660193,0.85365856
2018-1-10T13-49-28,1515588568076,0.84390247,-0.014634146,0.44660193,0.84390247
2018-1-10T13-49-28,1515588568077,0.84390247,-0.024390243,0.4563107,0.84390247
2018-1-10T13-49-28,1515588568078,0.85365856,-0.024390243,0.4563107,0.85365856
2018-1-10T13-49-28,1515588568079,0.84390247,-0.014634146,0.44660193,0.84390247
2018-1-10T13-49-28,1515588568080,0.84390247,-0.014634146,0.4368932,0.84390247
2018-1-10T13-49-28,1515588568081,0.81463414,-0.024390243,0.44660193,0.81463414
2018-1-10T13-49-28,1515588568082,0.85365856,0.004878049,0.4368932,0.85365856
2018-1-10T13-49-28,1515588568083,0.84390247,-0.014634146,0.4368932,0.84390247
2018-1-10T13-49-28,1515588568084,0.86341465,-0.024390243,0.42718446,0.86341465
2018-1-10T13-49-28,1515588568085,0.86341465,-0.004878049,0.4563107,0.86341465
2018-1-10T13-49-28,1515588568086,0.85365856,-0.024390243,0.4563107,0.85365856
2018-1-10T13-49-28,1515588568087,0.85365856,-0.024390243,0.44660193,0.85365856
2018-1-10T13-49-28,1515588568088,0.85365856,-0.024390243,0.44660193,0.85365856
2018-1-10T13-49-28,1515588568089,0.84390247,-0.004878049,0.4368932,0.84390247
2018-1-10T13-49-28,1515588568090,0.85365856,-0.024390243,0.44660193,0.85365856
2018-1-10T13-49-28,1515588568091,0.85365856,-0.024390243,0.44660193,0.85365856
2018-1-10T13-49-28,1515588568092,0.84390247,-0.034146342,0.4368932,0.84390247
2018-1-10T13-49-28,1515588568093,0.86341465,-0.024390243,0.44660193,0.86341465
2018-1-10T13-49-28,1515588568094,0.85365856,-0.004878049,0.42718446,0.85365856
2018-1-10T13-49-28,1515588568095,0.85365856,-0.024390243,0.4368932,0.85365856
2018-1-10T13-49-28,1515588568096,0.84390247,-0.014634146,0.44660193,0.84390247
2018-1-10T13-49-28,1515588568097,0.92195123,-0.024390243,0.4368932,0.92195123
2018-1-10T13-49-28,1515588568098,0.84390247,-0.014634146,0.4563107,0.84390247
2018-1-10T13-49-28,1515588568099,0.7853659,-0.034146342,0.4368932,0.7853659
2018-1-10T13-49-28,1515588568100,0.85365856,-0.024390243,0.4368932,0.85365856
2018-1-10T13-49-28,1515588568101,0.8341463,-0.034146342,0.4368932,0.8341463
2018-1-10T13-49-28,1515588568102,0.92195123,-0.014634146,0.4368932,0.92195123
2018-1-10T13-49-28,1515588568103,0.84390247,-0.014634146,0.4563107,0.84390247
2018-1-10T13-49-28,1515588568104,0.84390247,-0.024390243,0.44660193,0.84390247
2018-1-10T13-49-28,1515588568105,0.84390247,-0.024390243,0.44660193,0.84390247
2018-1-10T13-49-28,1515588568106,0.8341463,-0.024390243,0.4368932,0.8341463
2018-1-10T13-49-28,1515588568107,0.84390247,-0.024390243,0.44660193,0.84390247
2018-1-10T13-49-28,1515588568108,0.84390247,-0.024390243,0.44660193,0.84390247
2018-1-10T13-49-28,1515588568109,0.8341463,-0.034146342,0.44660193,0.8341463
2018-1-10T13-49-28,1515588568110,0.84390247,-0.014634146,0.44660193,0.84390247
2018-1-10T13-49-28,1515588568111,0.84390247,-0.014634146,0.4563107,0.84390247
2018-1-10T13-49-28,1515588568112,0.82439023,-0.004878049,0.44660193,0.82439023
2018-1-10T13-49-28,1515588568113,0.84390247,-0.024390243,0.4368932,0.84390247
2018-1-10T13-49-28,1515588568114,0.8926829,-0.014634146,0.44660193,0.8926829
2018-1-10T13-49-28,1515588568115,0.84390247,-0.024390243,0.4368932,0.84390247
2018-1-10T13-49-28,1515588568116,0.84390247,-0.07317073,0.4368932,0.84390247
2018-1-10T13-49-28,1515588568117,0.85365856,-0.024390243,0.44660193,0.85365856
2018-1-10T13-49-28,1515588568118,0.7853659,-0.014634146,0.42718446,0.7853659
2018-1-10T13-49-28,1515588568119,0.8341463,-0.014634146,0.42718446,0.8341463
2018-1-10T13-49-28,1515588568120,0.85365856,-0.024390243,0.44660193,0.85365856
2018-1-10T13-49-28,1515588568121,0.84390247,-0.024390243,0.44660193,0.84390247
2018-1-10T13-49-28,1515588568122,0.8341463,-0.09268293,0.44660193,0.8341463
2018-1-10T13-49-28,1515588568123,0.8341463,-0.024390243,0.44660193,0.8341463
2018-1-10T13-49-28,1515588568124,0.85365856,-0.014634146,0.44660193,0.85365856
2018-1-10T13-49-28,1515588568125,0.80487806,-0.014634146,0.4368932,0.80487806
2018-1-10T13-49-28,1515588568126,0.8341463,0.06341463,0.44660193,0.8341463
2018-1-10T13-49-28,1515588568127,0.86341465,-0.024390243,0.4368932,0.86341465
2018-1-10T13-49-28,1515588568128,0.8341463,-0.024390243,0.47572815,0.8341463
2018-1-10T13-49-28,1515588568129,0.86341465,-0.014634146,0.44660193,0.86341465
2018-1-10T13-49-28,1515588568130,0.84390247,-0.024390243,0.44660193,0.84390247
2018-1-10T13-49-28,1515588568131,0.85365856,-0.014634146,0.4368932,0.85365856
2018-1-10T13-49-28,1515588568132,0.85365856,-0.024390243,0.4368932,0.85365856
2018-1-10T13-49-28,1515588568133,0.80487806,-0.024390243,0.44660193,0.80487806
2018-1-10T13-49-28,1515588568134,0.84390247,-0.014634146,0.4563107,0.84390247
2018-1-10T13-49-28,1515588568135,0.80487806,-0.014634146,0.44660193,0.80487806
2018-1-10T13-49-28,1515588568136,0.85365856,-0.024390243,0.44660193,0.85365856
2018-1-10T13-49-28,1515588568137,0.8341463,-0.024390243,0.44660193,0.8341463
2018-1-10T13-49-28,1515588568138,0.84390247,-0.014634146,0.4563107,0.84390247
2018-1-10T13-49-28,1515588568139,0.81463414,-0.024390243,0.44660193,0.81463414
2018-1-10T13-49-28,1515588568140,0.84390247,-0.024390243,0.4563107,0.84390247
2018-1-10T13-49-28,1515588568141,0.84390247,-0.014634146,0.46601942,0.84390247
2018-1-10T13-49-28,1515588568142,0.86341465,-0.014634146,0.4368932,0.86341465
2018-1-10T13-49-28,1515588568143,0.84390247,-0.014634146,0.4563107,0.84390247
2018-1-10T13-49-28,1515588568144,0.84390247,-0.004878049,0.44660193,0.84390247
2018-1-10T13-49-28,1515588568145,0.8926829,-0.024390243,0.44660193,0.8926829
2018-1-10T13-49-28,1515588568146,0.85365856,-0.024390243,0.41747573,0.85365856
2018-1-10T13-49-28,1515588568147,0.84390247,-0.024390243,0.44660193,0.84390247
2018-1-10T13-49-28,1515588568148,0.84390247,-0.004878049,0.4563107,0.84390247
2018-1-10T13-49-28,1515588568149,0.84390247,-0.024390243,0.44660193,0.84390247
2018-1-10T13-49-28,1515588568150,0.87317073,-0.024390243,0.4368932,0.87317073
2018-1-10T13-49-28,1515588568151,0.84390247,-0.014634146,0.46601942,0.84390247
2018-1-10T13-49-28,1515588568152,0.85365856,-0.024390243,0.4368932,0.85365856
2018-1-10T13-49-28,1515588568153,0.84390247,0.034146342,0.42718446,0.84390247
2018-1-10T13-49-28,1515588568154,0.84390247,-0.024390243,0.42718446,0.84390247
2018-1-10T13-49-28,1515588568155,0.85365856,-0.034146342,0.44660193,0.85365856
2018-1-10T13-49-28,1515588568156,0.84390247,-0.024390243,0.4368932,0.84390247
2018-1-10T13-49-28,1515588568157,0.82439023,-0.004878049,0.44660193,0.82439023
2018-1-10T13-49-28,1515588568158,0.8341463,-0.024390243,0.4368932,0.8341463
2018-1-10T13-49-28,1515588568159,0.85365856,-0.034146342,0.44660193,0.85365856
2018-1-10T13-49-28,1515588568160,0.85365856,-0.024390243,0.44660193,0.85365856
2018-1-10T13-49-28,1515588568161,0.85365856,-0.004878049,0.44660193,0.85365856
2018-1-10T13-49-28,1515588568162,0.87317073,-0.024390243,0.44660193,0.87317073
2018-1-10T13-49-28,1515588568163,0.84390247,-0.024390243,0.4563107,0.84390247
2018-1-10T13-49-28,1515588568164,0.85365856,-0.024390243,0.4368932,0.85365856
2018-1-10T13-49-28,1515588568165,0.84390247,-0.024390243,0.4563107,0.84390247
2018-1-10T13-49-28,1515588568166,0.85365856,-0.024390243,0.44660193,0.85365856
2018-1-10T13-49-28,1515588568167,0.85365856,-0.053658538,0.4368932,0.85365856
2018-1-10T13-49-28,1515588568168,0.84390247,-0.043902438,0.44660193,0.84390247
2018-1-10T13-49-28,1515588568169,0.87317073,-0.024390243,0.4368932,0.87317073
2018-1-10T13-49-28,1515588568170,0.84390247,-0.034146342,0.44660193,0.84390247
2018-1-10T13-49-28,1515588568171,0.86341465,-0.014634146,0.4368932,0.86341465
2018-1-10T13-49-28,1515588568172,0.84390247,-0.014634146,0.4368932,0.84390247
2018-1-10T13-49-28,1515588568173,0.84390247,-0.014634146,0.44660193,0.84390247
2018-1-10T13-49-28,1515588568174,0.84390247,-0.014634146,0.4368932,0.84390247
2018-1-10T13-49-28,1515588568175,0.84390247,-0.014634146,0.4368932,0.84390247
2018-1-10T13-49-28,1515588568176,0.84390247,-0.06341463,0.44660193,0.84390247
2018-1-10T13-49-28,1515588568177,0.82439023,-0.014634146,0.4563107,0.82439023
2018-1-10T13-49-28,1515588568178,0.85365856,-0.004878049,0.44660193,0.85365856
2018-1-10T13-49-28,1515588568179,0.84390247,-0.014634146,0.4368932,0.84390247
2018-1-10T13-49-28,1515588568180,0.84390247,-0.014634146,0.4368932,0.84390247
2018-1-10T13-49-28,1515588568181,0.84390247,-0.024390243,0.44660193,0.84390247
2018-1-10T13-49-28,1515588568182,0.79512197,-0.024390243,0.44660193,0.79512197
2018-1-10T13-49-28,1515588568183,0.8341463,-0.034146342,0.44660193,0.8341463
2018-1-10T13-49-28,1515588568184,0.87317073,-0.014634146,0.4368932,0.87317073
2018-1-10T13-49-28,1515588568185,0.8341463,-0.014634146,0.44660193,0.8341463
2018-1-10T13-49-28,1515588568186,0.84390247,-0.014634146,0.42718446,0.84390247
2018-1-10T13-49-28,1515588568187,0.84390247,-0.004878049,0.44660193,0.84390247
2018-1-10T13-49-28,1515588568188,0.85365856,-0.024390243,0.44660193,0.85365856
2018-1-10T13-49-28,1515588568189,0.85365856,0.014634146,0.44660193,0.85365856
2018-1-10T13-49-28,1515588568190,0.8341463,-0.07317073,0.4563107,0.8341463
2018-1-10T13-49-28,1515588568191,0.82439023,-0.034146342,0.4563107,0.82439023
2018-1-10T13-49-28,1515588568192,0.82439023,-0.024390243,0.4368932,0.82439023
2018-1-10T13-49-28,1515588568193,0.85365856,-0.014634146,0.4563107,0.85365856
2018-1-10T13-49-28,1515588568194,0.84390247,-0.06341463,0.4563107,0.84390247
2018-1-10T13-49-28,1515588568195,0.85365856,-0.014634146,0.4563107,0.85365856
2018-1-10T13-49-28,1515588568196,0.84390247,-0.034146342,0.44660193,0.84390247
2018-1-10T13-49-28,1515588568197,0.84390247,-0.034146342,0.4563107,0.84390247
2018-1-10T13-49-28,1515588568198,0.8829268,-0.014634146,0.4563107,0.8829268
2018-1-10T13-49-28,1515588568199,0.84390247,-0.024390243,0.44660193,0.84390247
2018-1-10T13-49-28,1515588568200,0.8341463,-0.024390243,0.4368932,0.8341463
2018-1-10T13-49-28,1515588568201,0.84390247,-0.024390243,0.44660193,0.84390247
2018-1-10T13-49-28,1515588568202,0.8341463,-0.024390243,0.44660193,0.8341463
2018-1-10T13-49-28,1515588568203,0.8341463,-0.024390243,0.44660193,0.8341463
2018-1-10T13-49-28,1515588568204,0.81463414,-0.024390243,0.44660193,0.81463414
2018-1-10T13-49-28,1515588568205,0.86341465,0.024390243,0.44660193,0.86341465
2018-1-10T13-49-28,1515588568206,0.86341465,-0.014634146,0.4368932,0.86341465
2018-1-10T13-49-28,1515588568207,0.8341463,-0.014634146,0.44660193,0.8341463
2018-1-10T13-49-28,1515588568208,0.84390247,-0.024390243,0.4368932,0.84390247
2018-1-10T13-49-28,1515588568209,0.8341463,-0.034146342,0.4368932,0.8341463
2018-1-10T13-49-28,1515588568210,0.85365856,-0.014634146,0.44660193,0.85365856
2018-1-10T13-49-28,1515588568211,0.8341463,-0.014634146,0.4368932,0.8341463
2018-1-10T13-49-28,1515588568212,0.84390247,-0.024390243,0.44660193,0.84390247
2018-1-10T13-49-28,1515588568213,0.85365856,-0.024390243,0.4368932,0.85365856
2018-1-10T13-49-28,1515588568214,0.8341463,-0.014634146,0.4368932,0.8341463
2018-1-10T13-49-28,1515588568215,0.84390247,-0.014634146,0.3883495,0.84390247
2018-1-10T13-49-28,1515588568216,0.84390247,-0.024390243,0.44660193,0.84390247
2018-1-10T13-49-28,1515588568217,0.85365856,-0.024390243,0.4368932,0.85365856
2018-1-10T13-49-28,1515588568218,0.8926829,-0.014634146,0.4368932,0.8926829
2018-1-10T13-49-28,1515588568219,0.85365856,-0.024390243,0.4368932,0.85365856
2018-1-10T13-49-28,1515588568220,0.8341463,-0.024390243,0.44660193,0.8341463
2018-1-10T13-49-28,1515588568221,0.84390247,-0.014634146,0.44660193,0.84390247
2018-1-10T13-49-28,1515588568222,0.85365856,-0.10243902,0.4368932,0.85365856
2018-1-10T13-49-28,1515588568223,0.84390247,-0.014634146,0.44660193,0.84390247
2018-1-10T13-49-28,1515588568224,0.85365856,-0.014634146,0.4368932,0.85365856
2018-1-10T13-49-28,1515588568225,0.86341465,-0.034146342,0.44660193,0.86341465
2018-1-10T13-49-28,1515588568226,0.84390247,-0.024390243,0.44660193,0.84390247
2018-1-10T13-49-28,1515588568227,0.85365856,-0.024390243,0.44660193,0.85365856
2018-1-10T13-49-28,1515588568228,0.84390247,-0.024390243,0.4368932,0.84390247
2018-1-10T13-49-28,1515588568229,0.85365856,-0.024390243,0.4368932,0.85365856
2018-1-10T13-49-28,1515588568230,0.8341463,-0.024390243,0.44660193,0.8341463
2018-1-10T13-49-28,1515588568231,0.84390247,-0.014634146,0.44660193,0.84390247
2018-1-10T13-49-28,1515588568232,0.8341463,-0.024390243,0.44660193,0.8341463
2018-1-10T13-49-28,1515588568233,0.81463414,-0.014634146,0.44660193,0.81463414
2018-1-10T13-49-28,1515588568234,0.8341463,-0.024390243,0.44660193,0.8341463
2018-1-10T13-49-28,1515588568235,0.8341463,-0.024390243,0.44660193,0.8341463
2018-1-10T13-49-28,1515588568236,0.8341463,-0.014634146,0.44660193,0.8341463
2018-1-10T13-49-28,1515588568237,0.84390247,-0.014634146,0.4368932,0.84390247
2018-1-10T13-49-28,1515588568238,0.85365856,-0.014634146,0.44660193,0.85365856
2018-1-10T13-49-28,1515588568239,0.84390247,-0.014634146,0.44660193,0.84390247
2018-1-10T13-49-28,1515588568240,0.85365856,-0.07317073,0.44660193,0.85365856
2018-1-10T13-49-28,1515588568241,0.8341463,-0.053658538,0.4368932,0.8341463
2018-1-10T13-49-28,1515588568242,0.81463414,-0.004878049,0.4368932,0.81463414
2018-1-10T13-49-28,1515588568243,0.85365856,-0.024390243,0.4368932,0.85365856
2018-1-10T13-49-28,1515588568244,0.7853659,-0.024390243,0.44660193,0.7853659
2018-1-10T13-49-28,1515588568245,0.85365856,-0.024390243,0.42718446,0.85365856
2018-1-10T13-49-28,1515588568246,0.84390247,-0.014634146,0.42718446,0.84390247
2018-1-10T13-49-28,1515588568247,0.85365856,-0.024390243,0.44660193,0.85365856
2018-1-10T13-49-28,1515588568248,0.84390247,-0.034146342,0.4368932,0.84390247
2018-1-10T13-49-28,1515588568249,0.8341463,-0.09268293,0.4563107,0.8341463
2018-1-10T13-49-28,1515588568250,0.84390247,-0.014634146,0.44660193,0.84390247
2018-1-10T13-49-28,1515588568251,0.84390247,-0.024390243,0.44660193,0.84390247
2018-1-10T13-49-28,1515588568252,0.84390247,-0.024390243,0.44660193,0.84390247
2018-1-10T13-49-28,1515588568253,0.84390247,0.004878049,0.4368932,0.84390247
2018-1-10T13-49-28,1515588568254,0.86341465,-0.024390243,0.4368932,0.86341465
2018-1-10T13-49-28,1515588568255,0.86341465,-0.024390243,0.44660193,0.86341465
2018-1-10T13-49-28,1515588568256,0.8341463,-0.043902438,0.4368932,0.8341463
2018-1-10T13-49-28,1515588568257,0.84390247,-0.024390243,0.4368932,0.84390247
2018-1-10T13-49-28,1515588568258,0.84390247,-0.024390243,0.44660193,0.84390247
2018-1-10T13-49-28,1515588568259,0.8341463,-0.014634146,0.44660193,0.8341463
2018-1-10T13-49-28,1515588568260,0.84390247,-0.034146342,0.44660193,0.84390247
2018-1-10T13-49-28,1515588568261,0.85365856,-0.024390243,0.4368932,0.85365856
2018-1-10T13-49-28,1515588568262,0.8341463,-0.024390243,0.44660193,0.8341463
2018-1-10T13-49-28,1515588568263,0.8341463,-0.024390243,0.44660193,0.8341463
2018-1-10T13-49-28,1515588568264,0.8341463,-0.024390243,0.4368932,0.8341463
2018-1-10T13-49-28,1515588568265,0.84390247,-0.024390243,0.4368932,0.84390247
2018-1-10T13-49-28,1515588568266,0.84390247,-0.034146342,0.4368932,0.84390247
2018-1-10T13-49-28,1515588568267,0.8341463,-0.024390243,0.44660193,0.8341463
2018-1-10T13-49-28,1515588568268,0.85365856,-0.014634146,0.4368932,0.85365856
2018-1-10T13-49-28,1515588568269,0.85365856,-0.043902438,0.4563107,0.85365856
2018-1-10T13-49-28,1515588568270,0.82439023,-0.024390243,0.4368932,0.82439023
2018-1-10T13-49-28,1515588568271,0.85365856,-0.024390243,0.44660193,0.85365856
2018-1-10T13-49-28,1515588568272,0.85365856,-0.024390243,0.4368932,0.85365856
2018-1-10T13-49-28,1515588568273,0.84390247,-0.09268293,0.4368932,0.84390247
2018-1-10T13-49-28,1515588568274,0.85365856,-0.024390243,0.4368932,0.85365856
2018-1-10T13-49-28,1515588568275,0.85365856,-0.024390243,0.44660193,0.85365856
2018-1-10T13-49-28,1515588568276,0.84390247,-0.024390243,0.44660193,0.84390247
2018-1-10T13-49-28,1515588568277,0.84390247,-0.024390243,0.44660193,0.84390247
2018-1-10T13-49-28,1515588568278,0.85365856,-0.024390243,0.44660193,0.85365856
2018-1-10T13-49-28,1515588568279,0.85365856,-0.034146342,0.4368932,0.85365856
2018-1-10T13-49-28,1515588568280,0.84390247,-0.024390243,0.4368932,0.84390247
2018-1-10T13-49-28,1515588568281,0.86341465,-0.024390243,0.44660193,0.86341465
2018-1-10T13-49-28,1515588568282,0.84390247,-0.024390243,0.44660193,0.84390247
2018-1-10T13-49-28,1515588568283,0.84390247,-0.024390243,0.44660193,0.84390247
2018-1-10T13-49-28,1515588568284,0.84390247,-0.034146342,0.46601942,0.84390247
2018-1-10T13-49-28,1515588568285,0.87317073,-0.024390243,0.4368932,0.87317073
2018-1-10T13-49-28,1515588568286,0.8341463,-0.014634146,0.4563107,0.8341463
2018-1-10T13-49-28,1515588568287,0.84390247,-0.024390243,0.42718446,0.84390247
2018-1-10T13-49-28,1515588568288,0.84390247,-0.034146342,0.44660193,0.84390247
2018-1-10T13-49-28,1515588568289,0.84390247,-0.09268293,0.4563107,0.84390247
2018-1-10T13-49-28,1515588568290,0.85365856,-0.014634146,0.4368932,0.85365856
2018-1-10T13-49-28,1515588568291,0.82439023,0.004878049,0.4368932,0.82439023
2018-1-10T13-49-28,1515588568292,0.8341463,-0.014634146,0.4563107,0.8341463
2018-1-10T13-49-28,1515588568293,0.85365856,-0.014634146,0.4368932,0.85365856
2018-1-10T13-49-28,1515588568294,0.8341463,-0.024390243,0.44660193,0.8341463
2018-1-10T13-49-28,1515588568295,0.87317073,-0.014634146,0.4368932,0.87317073
2018-1-10T13-49-28,1515588568296,0.85365856,-0.034146342,0.5145631,0.85365856
2018-1-10T13-49-28,1515588568297,0.85365856,-0.024390243,0.4368932,0.85365856
2018-1-10T13-49-28,1515588568298,0.84390247,-0.034146342,0.4368932,0.84390247
2018-1-10T13-49-28,1515588568299,0.85365856,-0.034146342,0.4368932,0.85365856
2018-1-10T13-49-28,1515588568300,0.85365856,-0.024390243,0.44660193,0.85365856
2018-1-10T13-49-28,1515588568301,0.85365856,-0.024390243,0.4368932,0.85365856
2018-1-10T13-49-28,1515588568302,0.77560973,-0.024390243,0.44660193,0.77560973
2018-1-10T13-49-28,1515588568303,0.87317073,-0.014634146,0.4368932,0.87317073
2018-1-10T13-49-28,1515588568304,0.84390247,-0.024390243,0.4368932,0.84390247
2018-1-10T13-49-28,1515588568305,0.85365856,-0.014634146,0.4368932,0.85365856
2018-1-10T13-49-28,1515588568306,0.8341463,-0.014634146,0.3883495,0.8341463
2018-1-10T13-49-28,1515588568307,0.84390247,-0.014634146,0.4368932,0.84390247
2018-1-10T13-49-28,1515588568308,0.84390247,-0.014634146,0.44660193,0.84390247
2018-1-10T13-49-28,1515588568309,0.8341463,-0.024390243,0.42718446,0.8341463
2018-1-10T13-49-28,1515588568310,0.84390247,-0.07317073,0.4368932,0.84390247
2018-1-10T13-49-28,1515588568311,0.8341463,-0.024390243,0.44660193,0.8341463
2018-1-10T13-49-28,1515588568312,0.85365856,-0.08292683,0.4368932,0.85365856
2018-1-10T13-49-28,1515588568313,0.84390247,-0.004878049,0.4368932,0.84390247
2018-1-10T13-49-28,1515588568314,0.84390247,-0.004878049,0.44660193,0.84390247
2018-1-10T13-49-28,1515588568315,0.84390247,-0.024390243,0.4368932,0.84390247
2018-1-10T13-49-28,1515588568316,0.84390247,-0.024390243,0.44660193,0.84390247
2018-1-10T13-49-28,1515588568317,0.8341463,-0.08292683,0.44660193,0.8341463
2018-1-10T13-49-28,1515588568318,0.85365856,-0.07317073,0.44660193,0.85365856
2018-1-10T13-49-28,1515588568319,0.84390247,-0.014634146,0.44660193,0.84390247
2018-1-10T13-49-28,1515588568320,0.84390247,0.034146342,0.44660193,0.84390247
2018-1-10T13-49-28,1515588568321,0.8341463,-0.024390243,0.4368932,0.8341463
2018-1-10T13-49-28,1515588568322,0.84390247,-0.024390243,0.44660193,0.84390247
2018-1-10T13-49-28,1515588568323,0.85365856,-0.034146342,0.47572815,0.85365856
2018-1-10T13-49-28,1515588568324,0.7853659,-0.014634146,0.4368932,0.7853659
2018-1-10T13-49-28,1515588568325,0.84390247,-0.024390243,0.44660193,0.84390247
2018-1-10T13-49-28,1515588568326,0.85365856,-0.024390243,0.44660193,0.85365856
2018-1-10T13-49-28,1515588568327,0.87317073,-0.014634146,0.4368932,0.87317073
2018-1-10T13-49-28,1515588568328,0.8341463,-0.014634146,0.4368932,0.8341463
2018-1-10T13-49-28,1515588568329,0.85365856,-0.053658538,0.44660193,0.85365856
2018-1-10T13-49-28,1515588568330,0.84390247,-0.034146342,0.44660193,0.84390247
2018-1-10T13-49-28,1515588568331,0.85365856,-0.024390243,0.4368932,0.85365856
2018-1-10T13-49-28,1515588568332,0.84390247,-0.004878049,0.4368932,0.84390247
2018-1-10T13-49-28,1515588568333,0.84390247,-0.024390243,0.47572815,0.84390247
2018-1-10T13-49-28,1515588568334,0.84390247,-0.014634146,0.4368932,0.84390247
2018-1-10T13-49-28,1515588568335,0.8341463,-0.014634146,0.4368932,0.8341463
2018-1-10T13-49-28,1515588568336,0.86341465,-0.004878049,0.4368932,0.86341465
2018-1-10T13-49-28,1515588568337,0.84390247,-0.024390243,0.4563107,0.84390247
2018-1-10T13-49-28,1515588568338,0.85365856,-0.024390243,0.4368932,0.85365856
2018-1-10T13-49-28,1515588568339,0.85365856,0.024390243,0.44660193,0.85365856
2018-1-10T13-49-28,1515588568340,0.84390247,-0.024390243,0.4368932,0.84390247
2018-1-10T13-49-28,1515588568341,0.85365856,-0.024390243,0.44660193,0.85365856
2018-1-10T13-49-28,1515588568342,0.84390247,-0.024390243,0.44660193,0.84390247
2018-1-10T13-49-28,1515588568343,0.902439,-0.024390243,0.4368932,0.902439
2018-1-10T13-49-28,1515588568344,0.87317073,-0.024390243,0.4368932,0.87317073
2018-1-10T13-49-28,1515588568345,0.7853659,-0.024390243,0.4368932,0.7853659
2018-1-10T13-49-28,1515588568346,0.84390247,-0.024390243,0.42718446,0.84390247
2018-1-10T13-49-28,1515588568347,0.84390247,-0.024390243,0.42718446,0.84390247
2018-1-10T13-49-28,1515588568348,0.84390247,-0.014634146,0.4368932,0.84390247
2018-1-10T13-49-28,1515588568349,0.85365856,-0.014634146,0.44660193,0.85365856
2018-1-10T13-49-28,1515588568350,0.86341465,-0.024390243,0.4368932,0.86341465
2018-1-10T13-49-28,1515588568351,0.86341465,-0.024390243,0.4368932,0.86341465
2018-1-10T13-49-28,1515588568352,0.84390247,-0.024390243,0.4368932,0.84390247
2018-1-10T13-49-28,1515588568353,0.84390247,0.014634146,0.44660193,0.84390247
2018-1-10T13-49-28,1515588568354,0.85365856,-0.024390243,0.4368932,0.85365856
2018-1-10T13-49-28,1515588568355,0.8341463,-0.024390243,0.4368932,0.8341463
2018-1-10T13-49-28,1515588568356,0.82439023,-0.024390243,0.44660193,0.82439023
2018-1-10T13-49-28,1515588568357,0.85365856,-0.10243902,0.44660193,0.85365856
2018-1-10T13-49-28,1515588568358,0.84390247,-0.014634146,0.4368932,0.84390247
2018-1-10T13-49-28,1515588568359,0.85365856,-0.014634146,0.44660193,0.85365856
2018-1-10T13-49-28,1515588568360,0.8341463,-0.014634146,0.4563107,0.8341463
2018-1-10T13-49-28,1515588568361,0.84390247,-0.024390243,0.4368932,0.84390247
2018-1-10T13-49-28,1515588568362,0.8341463,-0.024390243,0.44660193,0.8341463
2018-1-10T13-49-28,1515588568363,0.84390247,-0.014634146,0.44660193,0.84390247
2018-1-10T13-49-28,1515588568364,0.84390247,-0.024390243,0.44660193,0.84390247
2018-1-10T13-49-28,1515588568365,0.85365856,-0.034146342,0.44660193,0.85365856
2018-1-10T13-49-28,1515588568366,0.85365856,-0.014634146,0.44660193,0.85365856
2018-1-10T13-49-28,1515588568367,0.85365856,-0.034146342,0.44660193,0.85365856
2018-1-10T13-49-28,1515588568368,0.85365856,-0.024390243,0.44660193,0.85365856
2018-1-10T13-49-28,1515588568369,0.84390247,-0.024390243,0.44660193,0.84390247
2018-1-10T13-49-28,1515588568370,0.85365856,-0.014634146,0.44660193,0.85365856
2018-1-10T13-49-28,1515588568371,0.85365856,-0.014634146,0.4563107,0.85365856
2018-1-10T13-49-28,1515588568372,0.85365856,-0.024390243,0.44660193,0.85365856
2018-1-10T13-49-28,1515588568373,0.85365856,-0.014634146,0.42718446,0.85365856
2018-1-10T13-49-28,1515588568374,0.8341463,0.043902438,0.4368932,0.8341463
2018-1-10T13-49-28,1515588568375,0.84390247,-0.06341463,0.44660193,0.84390247
2018-1-10T13-49-28,1515588568376,0.85365856,-0.004878049,0.41747573,0.85365856
2018-1-10T13-49-28,1515588568377,0.85365856,-0.034146342,0.4368932,0.85365856
2018-1-10T13-49-28,1515588568378,0.84390247,-0.004878049,0.4368932,0.84390247
2018-1-10T13-49-28,1515588568379,0.85365856,-0.024390243,0.44660193,0.85365856
2018-1-10T13-49-28,1515588568380,0.9317073,-0.024390243,0.44660193,0.9317073
2018-1-10T13-49-28,1515588568381,0.85365856,-0.024390243,0.44660193,0.85365856
2018-1-10T13-49-28,1515588568382,0.8829268,-0.024390243,0.44660193,0.8829268
2018-1-10T13-49-28,1515588568383,0.86341465,-0.07317073,0.44660193,0.86341465
2018-1-10T13-49-28,1515588568384,0.84390247,-0.043902438,0.44660193,0.84390247
2018-1-10T13-49-28,1515588568385,0.85365856,-0.014634146,0.4368932,0.85365856
2018-1-10T13-49-28,1515588568386,0.84390247,-0.024390243,0.44660193,0.84390247
2018-1-10T13-49-28,1515588568387,0.8341463,-0.014634146,0.44660193,0.8341463
2018-1-10T13-49-28,1515588568388,0.85365856,-0.024390243,0.4563107,0.85365856
2018-1-10T13-49-28,1515588568389,0.85365856,-0.024390243,0.4563107,0.85365856
2018-1-10T13-49-28,1515588568390,0.85365856,-0.024390243,0.4368932,0.85365856
2018-1-10T13-49-28,1515588568391,0.81463414,-0.014634146,0.4368932,0.81463414
2018-1-10T13-49-28,1515588568392,0.84390247,-0.024390243,0.4368932,0.84390247
2018-1-10T13-49-28,1515588568393,0.82439023,-0.024390243,0.4368932,0.82439023
2018-1-10T13-49-28,1515588568394,0.85365856,-0.024390243,0.44660193,0.85365856
2018-1-10T13-49-28,1515588568395,0.8341463,-0.024390243,0.44660193,0.8341463
2018-1-10T13-49-28,1515588568396,0.84390247,-0.024390243,0.4368932,0.84390247
2018-1-10T13-49-28,1515588568397,0.84390247,-0.014634146,0.44660193,0.84390247
2018-1-10T13-49-28,1515588568398,0.8341463,-0.024390243,0.4563107,0.8341463
2018-1-10T13-49-28,1515588568399,0.85365856,-0.034146342,0.4368932,0.85365856
2018-1-10T13-49-28,1515588568400,0.84390247,-0.024390243,0.44660193,0.84390247
2018-1-10T13-49-28,1515588568401,0.84390247,-0.014634146,0.44660193,0.84390247
2018-1-10T13-49-28,1515588568402,0.85365856,-0.024390243,0.4368932,0.85365856
2018-1-10T13-49-28,1515588568403,0.85365856,-0.014634146,0.4368932,0.85365856
2018-1-10T13-49-28,1515588568404,0.84390247,-0.024390243,0.44660193,0.84390247
2018-1-10T13-49-28,1515588568405,0.81463414,-0.12195122,0.44660193,0.81463414
2018-1-10T13-49-28,1515588568406,0.81463414,-0.004878049,0.44660193,0.81463414
2018-1-10T13-49-28,1515588568407,0.84390247,-0.024390243,0.44660193,0.84390247
2018-1-10T13-49-28,1515588568408,0.8341463,-0.024390243,0.44660193,0.8341463
2018-1-10T13-49-28,1515588568409,0.84390247,-0.024390243,0.46601942,0.84390247
2018-1-10T13-49-28,1515588568410,0.84390247,-0.004878049,0.44660193,0.84390247
2018-1-10T13-49-28,1515588568411,0.84390247,-0.024390243,0.4368932,0.84390247
2018-1-10T13-49-28,1515588568412,0.84390247,-0.024390243,0.44660193,0.84390247
2018-1-10T13-49-28,1515588568413,0.85365856,-0.024390243,0.44660193,0.85365856
2018-1-10T13-49-28,1515588568414,0.82439023,-0.024390243,0.44660193,0.82439023
2018-1-10T13-49-28,1515588568415,0.84390247,-0.014634146,0.44660193,0.84390247
2018-1-10T13-49-28,1515588568416,0.82439023,-0.024390243,0.4368932,0.82439023
2018-1-10T13-49-28,1515588568417,0.84390247,-0.014634146,0.4368932,0.84390247
2018-1-10T13-49-28,1515588568418,0.8341463,0.004878049,0.4368932,0.8341463
2018-1-10T13-49-28,1515588568419,0.82439023,-0.024390243,0.4563107,0.82439023
2018-1-10T13-49-28,1515588568420,0.8341463,-0.024390243,0.4368932,0.8341463
2018-1-10T13-49-28,1515588568421,0.85365856,-0.034146342,0.44660193,0.85365856
2018-1-10T13-49-28,1515588568422,0.8341463,-0.034146342,0.44660193,0.8341463
2018-1-10T13-49-28,1515588568423,0.85365856,-0.053658538,0.4368932,0.85365856
2018-1-10T13-49-28,1515588568424,0.85365856,-0.024390243,0.4368932,0.85365856
2018-1-10T13-49-28,1515588568425,0.84390247,-0.024390243,0.44660193,0.84390247
2018-1-10T13-49-28,1515588568426,0.84390247,0.014634146,0.4563107,0.84390247
2018-1-10T13-49-28,1515588568427,0.84390247,-0.024390243,0.4563107,0.84390247
2018-1-10T13-49-28,1515588568428,0.84390247,-0.024390243,0.4563107,0.84390247
2018-1-10T13-49-28,1515588568429,0.84390247,-0.024390243,0.44660193,0.84390247
2018-1-10T13-49-28,1515588568430,0.84390247,-0.024390243,0.4368932,0.84390247
2018-1-10T13-49-28,1515588568431,0.84390247,-0.024390243,0.44660193,0.84390247
2018-1-10T13-49-28,1515588568432,0.84390247,-0.024390243,0.42718446,0.84390247
2018-1-10T13-49-28,1515588568433,0.84390247,-0.034146342,0.4563107,0.84390247
2018-1-10T13-49-28,1515588568434,0.84390247,-0.024390243,0.44660193,0.84390247
2018-1-10T13-49-28,1515588568435,0.84390247,-0.004878049,0.4368932,0.84390247
2018-1-10T13-49-28,1515588568436,0.8341463,-0.06341463,0.44660193,0.8341463
2018-1-10T13-49-28,1515588568437,0.86341465,-0.014634146,0.4368932,0.86341465
2018-1-10T13-49-28,1515588568438,0.84390247,-0.014634146,0.44660193,0.84390247
2018-1-10T13-49-28,1515588568439,0.84390247,-0.014634146,0.44660193,0.84390247
2018-1-10T13-49-28,1515588568440,0.85365856,-0.034146342,0.44660193,0.85365856
2018-1-10T13-49-28,1515588568441,0.84390247,-0.024390243,0.4368932,0.84390247
2018-1-10T13-49-28,1515588568442,0.85365856,-0.09268293,0.4368932,0.85365856
2018-1-10T13-49-28,1515588568443,0.84390247,-0.024390243,0.42718446,0.84390247
2018-1-10T13-49-28,1515588568444,0.85365856,-0.014634146,0.4368932,0.85365856
2018-1-10T13-49-28,1515588568445,0.84390247,-0.024390243,0.44660193,0.84390247
2018-1-10T13-49-28,1515588568446,0.85365856,-0.024390243,0.44660193,0.85365856
2018-1-10T13-49-28,1515588568447,0.85365856,0.034146342,0.44660193,0.85365856
2018-1-10T13-49-28,1515588568448,0.84390247,-0.024390243,0.44660193,0.84390247
2018-1-10T13-49-28,1515588568449,0.84390247,-0.014634146,0.4368932,0.84390247
2018-1-10T13-49-28,1515588568450,0.8341463,-0.034146342,0.44660193,0.8341463
2018-1-10T13-49-28,1515588568451,0.84390247,-0.024390243,0.4368932,0.84390247
2018-1-10T13-49-28,1515588568452,0.85365856,-0.034146342,0.4368932,0.85365856
2018-1-10T13-49-28,1515588568453,0.84390247,-0.014634146,0.4368932,0.84390247
2018-1-10T13-49-28,1515588568454,0.84390247,-0.024390243,0.4368932,0.84390247
2018-1-10T13-49-28,1515588568455,0.84390247,-0.024390243,0.4368932,0.84390247
2018-1-10T13-49-28,1515588568456,0.86341465,-0.024390243,0.4368932,0.86341465
2018-1-10T13-49-28,1515588568457,0.84390247,-0.024390243,0.44660193,0.84390247
2018-1-10T13-49-28,1515588568458,0.85365856,-0.034146342,0.44660193,0.85365856
2018-1-10T13-49-28,1515588568459,0.85365856,-0.034146342,0.4368932,0.85365856
2018-1-10T13-49-28,1515588568460,0.84390247,-0.014634146,0.4563107,0.84390247
2018-1-10T13-49-28,1515588568461,0.84390247,-0.024390243,0.44660193,0.84390247
2018-1-10T13-49-28,1515588568462,0.84390247,-0.014634146,0.44660193,0.84390247
2018-1-10T13-49-28,1515588568463,0.84390247,-0.024390243,0.42718446,0.84390247
2018-1-10T13-49-28,1515588568464,0.84390247,-0.034146342,0.4368932,0.84390247
2018-1-10T13-49-28,1515588568465,0.85365856,-0.034146342,0.4368932,0.85365856
2018-1-10T13-49-28,1515588568466,0.902439,-0.014634146,0.4368932,0.902439
2018-1-10T13-49-28,1515588568467,0.84390247,-0.024390243,0.44660193,0.84390247
2018-1-10T13-49-28,1515588568468,0.81463414,-0.034146342,0.4368932,0.81463414
2018-1-10T13-49-28,1515588568469,0.85365856,-0.024390243,0.4368932,0.85365856
2018-1-10T13-49-28,1515588568470,0.84390247,-0.024390243,0.44660193,0.84390247
2018-1-10T13-49-28,1515588568471,0.85365856,-0.024390243,0.4368932,0.85365856
2018-1-10T13-49-28,1515588568472,0.85365856,-0.024390243,0.4563107,0.85365856
2018-1-10T13-49-28,1515588568473,0.84390247,-0.014634146,0.4368932,0.84390247
2018-1-10T13-49-28,1515588568474,0.85365856,-0.024390243,0.44660193,0.85365856
2018-1-10T13-49-28,1515588568475,0.8341463,-0.014634146,0.44660193,0.8341463
2018-1-10T13-49-28,1515588568476,0.8341463,-0.024390243,0.4368932,0.8341463
2018-1-10T13-49-28,1515588568477,0.85365856,-0.034146342,0.44660193,0.85365856
2018-1-10T13-49-28,1515588568478,0.8341463,-0.034146342,0.4368932,0.8341463
2018-1-10T13-49-28,1515588568479,0.8341463,-0.024390243,0.4563107,0.8341463
2018-1-10T13-49-28,1515588568480,0.84390247,-0.024390243,0.4368932,0.84390247
2018-1-10T13-49-28,1515588568481,0.85365856,-0.014634146,0.4368932,0.85365856
2018-1-10T13-49-28,1515588568482,0.85365856,-0.043902438,0.42718446,0.85365856
2018-1-10T13-49-28,1515588568483,0.84390247,0.004878049,0.47572815,0.84390247
2018-1-10T13-49-28,1515588568484,0.85365856,-0.024390243,0.44660193,0.85365856
2018-1-10T13-49-28,1515588568485,0.86341465,-0.014634146,0.44660193,0.86341465
2018-1-10T13-49-28,1515588568486,0.84390247,-0.014634146,0.44660193,0.84390247
2018-1-10T13-49-28,1515588568487,0.84390247,-0.024390243,0.41747573,0.84390247
2018-1-10T13-49-28,1515588568488,0.84390247,-0.024390243,0.4368932,0.84390247
2018-1-10T13-49-28,1515588568489,0.85365856,-0.034146342,0.44660193,0.85365856
2018-1-10T13-49-28,1515588568490,0.84390247,-0.024390243,0.44660193,0.84390247
2018-1-10T13-49-28,1515588568491,0.86341465,-0.034146342,0.4368932,0.86341465
2018-1-10T13-49-28,1515588568492,0.85365856,-0.014634146,0.4368932,0.85365856
2018-1-10T13-49-28,1515588568493,0.85365856,-0.07317073,0.4368932,0.85365856
2018-1-10T13-49-28,1515588568494,0.85365856,-0.024390243,0.4368932,0.85365856
2018-1-10T13-49-28,1515588568495,0.85365856,-0.024390243,0.4368932,0.85365856
2018-1-10T13-49-28,1515588568496,0.7853659,-0.024390243,0.4368932,0.7853659
2018-1-10T13-49-28,1515588568497,0.85365856,-0.014634146,0.44660193,0.85365856
2018-1-10T13-49-28,1515588568498,0.84390247,-0.014634146,0.4368932,0.84390247
2018-1-10T13-49-28,1515588568499,0.85365856,-0.024390243,0.4563107,0.85365856
2018-1-10T13-49-28,1515588568500,0.84390247,-0.014634146,0.4368932,0.84390247
2018-1-10T13-49-28,1515588568501,0.8341463,-0.07317073,0.44660193,0.8341463
2018-1-10T13-49-28,1515588568502,0.7853659,-0.024390243,0.44660193,0.7853659
2018-1-10T13-49-28,1515588568503,0.84390247,-0.034146342,0.39805827,0.84390247
2018-1-10T13-49-28,1515588568504,0.84390247,-0.024390243,0.4563107,0.84390247
2018-1-10T13-49-28,1515588568505,0.84390247,-0.034146342,0.37864077,0.84390247
2018-1-10T13-49-28,1515588568506,0.87317073,-0.024390243,0.4563107,0.87317073
2018-1-10T13-49-28,1515588568507,0.84390247,-0.034146342,0.44660193,0.84390247
2018-1-10T13-49-28,1515588568508,0.84390247,-0.024390243,0.44660193,0.84390247
2018-1-10T13-49-28,1515588568509,0.8341463,-0.014634146,0.39805827,0.8341463
2018-1-10T13-49-28,1515588568510,0.8341463,-0.024390243,0.42718446,0.8341463
2018-1-10T13-49-28,1515588568511,0.85365856,-0.034146342,0.4563107,0.85365856
2018-1-10T13-49-28,1515588568512,0.85365856,-0.004878049,0.4368932,0.85365856
2018-1-10T13-49-28,1515588568513,0.85365856,-0.034146342,0.4368932,0.85365856
2018-1-10T13-49-28,1515588568514,0.85365856,-0.034146342,0.4368932,0.85365856
2018-1-10T13-49-28,1515588568515,0.85365856,-0.014634146,0.4368932,0.85365856
2018-1-10T13-49-28,1515588568516,0.84390247,-0.014634146,0.44660193,0.84390247
2018-1-10T13-49-28,1515588568517,0.85365856,-0.014634146,0.44660193,0.85365856
2018-1-10T13-49-28,1515588568518,0.85365856,-0.004878049,0.4368932,0.85365856
2018-1-10T13-49-28,1515588568519,0.82439023,-0.014634146,0.44660193,0.82439023
2018-1-10T13-49-28,1515588568520,0.85365856,-0.024390243,0.44660193,0.85365856
2018-1-10T13-49-28,1515588568521,0.85365856,-0.024390243,0.4368932,0.85365856
2018-1-10T13-49-28,1515588568522,0.85365856,-0.024390243,0.44660193,0.85365856
2018-1-10T13-49-28,1515588568523,0.85365856,-0.014634146,0.44660193,0.85365856
2018-1-10T13-49-28,1515588568524,0.8341463,-0.024390243,0.4368932,0.8341463
2018-1-10T13-49-28,1515588568525,0.84390247,-0.024390243,0.4368932,0.84390247
2018-1-10T13-49-28,1515588568526,0.8341463,-0.024390243,0.44660193,0.8341463
2018-1-10T13-49-28,1515588568527,0.84390247,-0.024390243,0.4368932,0.84390247
2018-1-10T13-49-28,1515588568528,0.85365856,-0.024390243,0.44660193,0.85365856
2018-1-10T13-49-28,1515588568529,0.84390247,-0.07317073,0.44660193,0.84390247
2018-1-10T13-49-28,1515588568530,0.76585364,-0.024390243,0.4563107,0.76585364
2018-1-10T13-49-28,1515588568531,0.84390247,-0.07317073,0.44660193,0.84390247
2018-1-10T13-49-28,1515588568532,0.84390247,-0.024390243,0.42718446,0.84390247
2018-1-10T13-49-28,1515588568533,0.84390247,-0.004878049,0.44660193,0.84390247
2018-1-10T13-49-28,1515588568534,0.84390247,-0.034146342,0.4368932,0.84390247
2018-1-10T13-49-28,1515588568535,0.85365856,-0.014634146,0.46601942,0.85365856
2018-1-10T13-49-28,1515588568536,0.84390247,-0.034146342,0.44660193,0.84390247
2018-1-10T13-49-28,1515588568537,0.84390247,-0.053658538,0.44660193,0.84390247
2018-1-10T13-49-28,1515588568538,0.84390247,-0.014634146,0.4368932,0.84390247
2018-1-10T13-49-28,1515588568539,0.8341463,-0.014634146,0.44660193,0.8341463
2018-1-10T13-49-28,1515588568540,0.79512197,-0.034146342,0.44660193,0.79512197
2018-1-10T13-49-28,1515588568541,0.85365856,-0.014634146,0.4368932,0.85365856
2018-1-10T13-49-28,1515588568542,0.8341463,-0.024390243,0.44660193,0.8341463
2018-1-10T13-49-28,1515588568543,0.84390247,-0.014634146,0.44660193,0.84390247
2018-1-10T13-49-28,1515588568544,0.8341463,-0.014634146,0.44660193,0.8341463
2018-1-10T13-49-28,1515588568545,0.85365856,-0.004878049,0.4563107,0.85365856
2018-1-10T13-49-28,1515588568546,0.84390247,-0.014634146,0.4368932,0.84390247
2018-1-10T13-49-28,1515588568547,0.84390247,-0.024390243,0.44660193,0.84390247
2018-1-10T13-49-28,1515588568548,0.85365856,-0.034146342,0.44660193,0.85365856
2018-1-10T13-49-28,1515588568549,0.85365856,-0.014634146,0.46601942,0.85365856
2018-1-10T13-49-28,1515588568550,0.80487806,-0.024390243,0.44660193,0.80487806
2018-1-10T13-49-28,1515588568551,0.8341463,-0.024390243,0.44660193,0.8341463
2018-1-10T13-49-28,1515588568552,0.84390247,-0.024390243,0.4368932,0.84390247
2018-1-10T13-49-28,1515588568553,0.86341465,0.024390243,0.4368932,0.86341465
2018-1-10T13-49-28,1515588568554,0.84390247,-0.014634146,0.44660193,0.84390247
2018-1-10T13-49-28,1515588568555,0.82439023,-0.024390243,0.4563107,0.82439023
2018-1-10T13-49-28,1515588568556,0.8341463,-0.024390243,0.4368932,0.8341463
2018-1-10T13-49-28,1515588568557,0.85365856,-0.014634146,0.44660193,0.85365856
2018-1-10T13-49-28,1515588568558,0.85365856,-0.024390243,0.4563107,0.85365856
2018-1-10T13-49-28,1515588568559,0.85365856,-0.014634146,0.44660193,0.85365856
2018-1-10T13-49-28,1515588568560,0.84390247,-0.024390243,0.44660193,0.84390247
2018-1-10T13-49-28,1515588568561,0.84390247,-0.034146342,0.4368932,0.84390247
2018-1-10T13-49-28,1515588568562,0.84390247,-0.024390243,0.44660193,0.84390247
2018-1-10T13-49-28,1515588568563,0.84390247,-0.024390243,0.44660193,0.84390247
2018-1-10T13-49-28,1515588568564,0.82439023,-0.014634146,0.44660193,0.82439023
2018-1-10T13-49-28,1515588568565,0.84390247,-0.024390243,0.44660193,0.84390247
2018-1-10T13-49-28,1515588568566,0.85365856,-0.014634146,0.4368932,0.85365856
2018-1-10T13-49-28,1515588568567,0.84390247,-0.024390243,0.44660193,0.84390247
2018-1-10T13-49-28,1515588568568,0.84390247,-0.014634146,0.44660193,0.84390247
2018-1-10T13-49-28,1515588568569,0.85365856,-0.024390243,0.44660193,0.85365856
2018-1-10T13-49-28,1515588568570,0.82439023,-0.024390243,0.44660193,0.82439023
2018-1-10T13-49-28,1515588568571,0.84390247,-0.024390243,0.4563107,0.84390247
2018-1-10T13-49-28,1515588568572,0.85365856,-0.024390243,0.44660193,0.85365856
2018-1-10T13-49-28,1515588568573,0.84390247,-0.024390243,0.4368932,0.84390247
2018-1-10T13-49-28,1515588568574,0.8341463,-0.014634146,0.44660193,0.8341463
2018-1-10T13-49-28,1515588568575,0.84390247,-0.014634146,0.44660193,0.84390247
2018-1-10T13-49-28,1515588568576,0.85365856,-0.024390243,0.36893204,0.85365856
2018-1-10T13-49-28,1515588568577,0.85365856,-0.004878049,0.4368932,0.85365856
2018-1-10T13-49-28,1515588568578,0.84390247,-0.053658538,0.4563107,0.84390247
2018-1-10T13-49-28,1515588568579,0.84390247,-0.034146342,0.44660193,0.84390247
2018-1-10T13-49-28,1515588568580,0.85365856,-0.034146342,0.44660193,0.85365856
2018-1-10T13-49-28,1515588568581,0.84390247,-0.024390243,0.4563107,0.84390247
2018-1-10T13-49-28,1515588568582,0.84390247,-0.014634146,0.44660193,0.84390247
2018-1-10T13-49-28,1515588568583,0.85365856,-0.024390243,0.4563107,0.85365856
2018-1-10T13-49-28,1515588568584,0.84390247,-0.06341463,0.41747573,0.84390247
2018-1-10T13-49-28,1515588568585,0.84390247,-0.014634146,0.46601942,0.84390247
2018-1-10T13-49-28,1515588568586,0.84390247,-0.024390243,0.4368932,0.84390247
2018-1-10T13-49-28,1515588568587,0.84390247,-0.024390243,0.4563107,0.84390247
2018-1-10T13-49-28,1515588568588,0.85365856,-0.024390243,0.44660193,0.85365856
2018-1-10T13-49-28,1515588568589,0.8926829,0.034146342,0.41747573,0.8926829
2018-1-10T13-49-28,1515588568590,0.8341463,-0.014634146,0.4854369,0.8341463
2018-1-10T13-49-28,1515588568591,0.84390247,-0.014634146,0.4563107,0.84390247
2018-1-10T13-49-28,1515588568592,0.85365856,-0.024390243,0.44660193,0.85365856
2018-1-10T13-49-28,1515588568593,0.84390247,0.004878049,0.42718446,0.84390247
2018-1-10T13-49-28,1515588568594,0.77560973,-0.014634146,0.4368932,0.77560973
2018-1-10T13-49-28,1515588568595,0.8341463,-0.024390243,0.4563107,0.8341463
2018-1-10T13-49-28,1515588568596,0.87317073,-0.014634146,0.4563107,0.87317073
2018-1-10T13-49-28,1515588568597,0.8341463,-0.014634146,0.4563107,0.8341463
2018-1-10T13-49-28,1515588568598,0.84390247,-0.024390243,0.46601942,0.84390247
2018-1-10T13-49-28,1515588568599,0.85365856,-0.034146342,0.4368932,0.85365856
2018-1-10T13-49-28,1515588568600,0.84390247,-0.014634146,0.44660193,0.84390247
2018-1-10T13-49-28,1515588568601,0.84390247,-0.014634146,0.4368932,0.84390247
2018-1-10T13-49-28,1515588568602,0.85365856,-0.024390243,0.4368932,0.85365856
2018-1-10T13-49-28,1515588568603,0.8341463,-0.024390243,0.42718446,0.8341463
2018-1-10T13-49-28,1515588568604,0.85365856,-0.024390243,0.4368932,0.85365856
2018-1-10T13-49-28,1515588568605,0.85365856,-0.024390243,0.42718446,0.85365856
2018-1-10T13-49-28,1515588568606,0.85365856,-0.024390243,0.4368932,0.85365856
2018-1-10T13-49-28,1515588568607,0.86341465,-0.024390243,0.4368932,0.86341465
2018-1-10T13-49-28,1515588568608,0.84390247,-0.034146342,0.4368932,0.84390247
2018-1-10T13-49-28,1515588568609,0.85365856,-0.024390243,0.44660193,0.85365856
2018-1-10T13-49-28,1515588568610,0.84390247,-0.024390243,0.44660193,0.84390247
2018-1-10T13-49-28,1515588568611,0.84390247,-0.024390243,0.44660193,0.84390247
2018-1-10T13-49-28,1515588568612,0.8341463,0.06341463,0.4563107,0.8341463
2018-1-10T13-49-28,1515588568613,0.85365856,-0.024390243,0.4368932,0.85365856
2018-1-10T13-49-28,1515588568614,0.84390247,-0.024390243,0.4368932,0.84390247
2018-1-10T13-49-28,1515588568615,0.84390247,-0.014634146,0.4368932,0.84390247
2018-1-10T13-49-28,1515588568616,0.85365856,-0.034146342,0.44660193,0.85365856
2018-1-10T13-49-28,1515588568617,0.84390247,-0.024390243,0.44660193,0.84390247
2018-1-10T13-49-28,1515588568618,0.84390247,-0.024390243,0.39805827,0.84390247
2018-1-10T13-49-28,1515588568619,0.81463414,-0.024390243,0.44660193,0.81463414
2018-1-10T13-49-28,1515588568620,0.84390247,-0.024390243,0.407767,0.84390247
2018-1-10T13-49-28,1515588568621,0.85365856,-0.024390243,0.44660193,0.85365856
2018-1-10T13-49-28,1515588568622,0.8341463,-0.014634146,0.42718446,0.8341463
2018-1-10T13-49-28,1515588568623,0.84390247,-0.034146342,0.44660193,0.84390247
2018-1-10T13-49-28,1515588568624,0.82439023,-0.024390243,0.4368932,0.82439023
2018-1-10T13-49-28,1515588568625,0.84390247,-0.014634146,0.42718446,0.84390247
2018-1-10T13-49-28,1515588568626,0.85365856,-0.034146342,0.4368932,0.85365856
2018-1-10T13-49-28,1515588568627,0.84390247,-0.024390243,0.4368932,0.84390247
2018-1-10T13-49-28,1515588568628,0.85365856,-0.024390243,0.44660193,0.85365856
2018-1-10T13-49-28,1515588568629,0.84390247,-0.014634146,0.44660193,0.84390247
2018-1-10T13-49-28,1515588568630,0.8341463,-0.024390243,0.44660193,0.8341463
2018-1-10T13-49-28,1515588568631,0.77560973,-0.014634146,0.44660193,0.77560973
2018-1-10T13-49-28,1515588568632,0.84390247,-0.024390243,0.407767,0.84390247
2018-1-10T13-49-28,1515588568633,0.84390247,-0.024390243,0.44660193,0.84390247
2018-1-10T13-49-28,1515588568634,0.7853659,-0.024390243,0.44660193,0.7853659
2018-1-10T13-49-28,1515588568635,0.84390247,-0.014634146,0.4368932,0.84390247
2018-1-10T13-49-28,1515588568636,0.84390247,-0.024390243,0.44660193,0.84390247
2018-1-10T13-49-28,1515588568637,0.84390247,-0.034146342,0.4368932,0.84390247
2018-1-10T13-49-28,1515588568638,0.84390247,-0.024390243,0.44660193,0.84390247
2018-1-10T13-49-28,1515588568639,0.85365856,-0.024390243,0.44660193,0.85365856
2018-1-10T13-49-28,1515588568640,0.84390247,-0.024390243,0.4563107,0.84390247
2018-1-10T13-49-28,1515588568641,0.84390247,-0.014634146,0.44660193,0.84390247
2018-1-10T13-49-28,1515588568642,0.84390247,-0.024390243,0.4368932,0.84390247
2018-1-10T13-49-28,1515588568643,0.84390247,-0.06341463,0.41747573,0.84390247
2018-1-10T13-49-28,1515588568644,0.84390247,-0.024390243,0.44660193,0.84390247
2018-1-10T13-49-28,1515588568645,0.85365856,-0.024390243,0.4368932,0.85365856
2018-1-10T13-49-28,1515588568646,0.85365856,-0.024390243,0.44660193,0.85365856
2018-1-10T13-49-28,1515588568647,0.85365856,0.034146342,0.4368932,0.85365856
2018-1-10T13-49-28,1515588568648,0.87317073,-0.014634146,0.44660193,0.87317073
2018-1-10T13-49-28,1515588568649,0.8341463,-0.034146342,0.4368932,0.8341463
2018-1-10T13-49-28,1515588568650,0.84390247,-0.024390243,0.44660193,0.84390247
2018-1-10T13-49-28,1515588568651,0.84390247,-0.014634146,0.44660193,0.84390247
2018-1-10T13-49-28,1515588568652,0.8341463,-0.024390243,0.4368932,0.8341463
2018-1-10T13-49-28,1515588568653,0.84390247,-0.014634146,0.4368932,0.84390247
2018-1-10T13-49-28,1515588568654,0.8341463,0.053658538,0.44660193,0.8341463
2018-1-10T13-49-28,1515588568655,0.84390247,-0.014634146,0.42718446,0.84390247
2018-1-10T13-49-28,1515588568656,0.84390247,-0.014634146,0.42718446,0.84390247
2018-1-10T13-49-28,1515588568657,0.84390247,-0.024390243,0.49514562,0.84390247
2018-1-10T13-49-28,1515588568658,0.8341463,-0.014634146,0.44660193,0.8341463
2018-1-10T13-49-28,1515588568659,0.84390247,-0.014634146,0.46601942,0.84390247
2018-1-10T13-49-28,1515588568660,0.85365856,-0.024390243,0.44660193,0.85365856
2018-1-10T13-49-28,1515588568661,0.84390247,-0.024390243,0.4563107,0.84390247
2018-1-10T13-49-28,1515588568662,0.8341463,-0.034146342,0.44660193,0.8341463
2018-1-10T13-49-28,1515588568663,0.84390247,-0.024390243,0.4368932,0.84390247
2018-1-10T13-49-28,1515588568664,0.84390247,-0.043902438,0.4563107,0.84390247
2018-1-10T13-49-28,1515588568665,0.85365856,-0.024390243,0.4368932,0.85365856
2018-1-10T13-49-28,1515588568666,0.84390247,-0.024390243,0.4368932,0.84390247
2018-1-10T13-49-28,1515588568667,0.84390247,-0.024390243,0.44660193,0.84390247
2018-1-10T13-49-28,1515588568668,0.84390247,-0.034146342,0.42718446,0.84390247
2018-1-10T13-49-28,1515588568669,0.85365856,-0.014634146,0.4368932,0.85365856
2018-1-10T13-49-28,1515588568670,0.85365856,-0.034146342,0.4368932,0.85365856
2018-1-10T13-49-28,1515588568671,0.8341463,-0.024390243,0.4368932,0.8341463
2018-1-10T13-49-28,1515588568672,0.85365856,-0.034146342,0.4368932,0.85365856
2018-1-10T13-49-28,1515588568673,0.85365856,-0.024390243,0.44660193,0.85365856
2018-1-10T13-49-28,1515588568674,0.84390247,-0.014634146,0.44660193,0.84390247
2018-1-10T13-49-28,1515588568675,0.86341465,0.004878049,0.46601942,0.86341465
2018-1-10T13-49-28,1515588568676,0.84390247,-0.024390243,0.4368932,0.84390247
2018-1-10T13-49-28,1515588568677,0.85365856,-0.014634146,0.44660193,0.85365856
2018-1-10T13-49-28,1515588568678,0.84390247,-0.034146342,0.4563107,0.84390247
2018-1-10T13-49-28,1515588568679,0.85365856,-0.024390243,0.44660193,0.85365856
2018-1-10T13-49-28,1515588568680,0.81463414,-0.014634146,0.44660193,0.81463414
2018-1-10T13-49-28,1515588568681,0.8341463,-0.024390243,0.4368932,0.8341463
2018-1-10T13-49-28,1515588568682,0.84390247,-0.004878049,0.4368932,0.84390247
2018-1-10T13-49-28,1515588568683,0.84390247,-0.034146342,0.44660193,0.84390247
2018-1-10T13-49-28,1515588568684,0.86341465,-0.004878049,0.44660193,0.86341465
2018-1-10T13-49-28,1515588568685,0.80487806,-0.024390243,0.4563107,0.80487806
2018-1-10T13-49-28,1515588568686,0.8341463,-0.024390243,0.46601942,0.8341463
2018-1-10T13-49-28,1515588568687,0.87317073,-0.014634146,0.4368932,0.87317073
2018-1-10T13-49-28,1515588568688,0.85365856,-0.014634146,0.44660193,0.85365856
2018-1-10T13-49-28,1515588568689,0.84390247,-0.024390243,0.44660193,0.84390247
2018-1-10T13-49-28,1515588568690,0.8341463,-0.053658538,0.4368932,0.8341463
2018-1-10T13-49-28,1515588568691,0.92195123,-0.024390243,0.4368932,0.92195123
2018-1-10T13-49-28,1515588568692,0.84390247,-0.014634146,0.44660193,0.84390247
2018-1-10T13-49-28,1515588568693,0.84390247,-0.014634146,0.4563107,0.84390247
2018-1-10T13-49-28,1515588568694,0.8341463,-0.024390243,0.44660193,0.8341463
2018-1-10T13-49-28,1515588568695,0.85365856,-0.014634146,0.47572815,0.85365856
2018-1-10T13-49-28,1515588568696,0.8341463,-0.014634146,0.44660193,0.8341463
2018-1-10T13-49-28,1515588568697,0.81463414,-0.024390243,0.44660193,0.81463414
2018-1-10T13-49-28,1515588568698,0.85365856,-0.014634146,0.44660193,0.85365856
2018-1-10T13-49-28,1515588568699,0.84390247,-0.014634146,0.4368932,0.84390247
2018-1-10T13-49-28,1515588568700,0.84390247,-0.024390243,0.4368932,0.84390247
2018-1-10T13-49-28,1515588568701,0.8341463,-0.034146342,0.44660193,0.8341463
2018-1-10T13-49-28,1515588568702,0.85365856,-0.024390243,0.44660193,0.85365856
2018-1-10T13-49-28,1515588568703,0.85365856,-0.014634146,0.4368932,0.85365856
2018-1-10T13-49-28,1515588568704,0.85365856,-0.024390243,0.44660193,0.85365856
2018-1-10T13-49-28,1515588568705,0.92195123,-0.024390243,0.44660193,0.92195123
2018-1-10T13-49-28,1515588568706,0.84390247,-0.034146342,0.4563107,0.84390247
2018-1-10T13-49-28,1515588568707,0.84390247,-0.024390243,0.4563107,0.84390247
2018-1-10T13-49-28,1515588568708,0.85365856,-0.024390243,0.44660193,0.85365856
2018-1-10T13-49-28,1515588568709,0.8341463,-0.024390243,0.4368932,0.8341463
2018-1-10T13-49-28,1515588568710,0.8341463,-0.014634146,0.44660193,0.8341463
2018-1-10T13-49-28,1515588568711,0.84390247,-0.024390243,0.44660193,0.84390247
2018-1-10T13-49-28,1515588568712,0.85365856,-0.024390243,0.44660193,0.85365856
2018-1-10T13-49-28,1515588568713,0.85365856,-0.014634146,0.46601942,0.85365856
2018-1-10T13-49-28,1515588568714,0.84390247,-0.024390243,0.4368932,0.84390247
2018-1-10T13-49-28,1515588568715,0.8341463,-0.034146342,0.47572815,0.8341463
2018-1-10T13-49-28,1515588568716,0.84390247,-0.024390243,0.4368932,0.84390247
2018-1-10T13-49-28,1515588568717,0.84390247,-0.034146342,0.4368932,0.84390247
2018-1-10T13-49-28,1515588568718,0.85365856,-0.034146342,0.4368932,0.85365856
2018-1-10T13-49-28,1515588568719,0.84390247,-0.014634146,0.4368932,0.84390247
2018-1-10T13-49-28,1515588568720,0.84390247,0.053658538,0.4368932,0.84390247
2018-1-10T13-49-28,1515588568721,0.85365856,-0.014634146,0.4368932,0.85365856
2018-1-10T13-49-28,1515588568722,0.84390247,0.004878049,0.39805827,0.84390247
2018-1-10T13-49-28,1515588568723,0.85365856,-0.014634146,0.4368932,0.85365856
2018-1-10T13-49-28,1515588568724,0.84390247,-0.014634146,0.44660193,0.84390247
2018-1-10T13-49-28,1515588568725,0.85365856,-0.034146342,0.4368932,0.85365856
2018-1-10T13-49-28,1515588568726,0.84390247,-0.014634146,0.44660193,0.84390247
2018-1-10T13-49-28,1515588568727,0.85365856,0.004878049,0.4368932,0.85365856
2018-1-10T13-49-28,1515588568728,0.84390247,-0.024390243,0.4563107,0.84390247
2018-1-10T13-49-28,1515588568729,0.84390247,-0.024390243,0.44660193,0.84390247
2018-1-10T13-49-28,1515588568730,0.85365856,0.024390243,0.44660193,0.85365856
2018-1-10T13-49-28,1515588568731,0.85365856,-0.024390243,0.44660193,0.85365856
2018-1-10T13-49-28,1515588568732,0.84390247,-0.024390243,0.4368932,0.84390247
2018-1-10T13-49-28,1515588568733,0.84390247,-0.034146342,0.44660193,0.84390247
2018-1-10T13-49-28,1515588568734,0.84390247,-0.014634146,0.4368932,0.84390247
2018-1-10T13-49-28,1515588568735,0.85365856,-0.014634146,0.44660193,0.85365856
2018-1-10T13-49-28,1515588568736,0.85365856,-0.024390243,0.4368932,0.85365856
2018-1-10T13-49-28,1515588568737,0.84390247,-0.024390243,0.44660193,0.84390247
2018-1-10T13-49-28,1515588568738,0.87317073,-0.024390243,0.4854369,0.87317073
2018-1-10T13-49-28,1515588568739,0.85365856,-0.024390243,0.44660193,0.85365856
2018-1-10T13-49-28,1515588568740,0.86341465,-0.014634146,0.4368932,0.86341465
2018-1-10T13-49-28,1515588568741,0.84390247,-0.004878049,0.44660193,0.84390247
2018-1-10T13-49-28,1515588568742,0.85365856,-0.014634146,0.4563107,0.85365856
2018-1-10T13-49-28,1515588568743,0.84390247,-0.014634146,0.4368932,0.84390247
2018-1-10T13-49-28,1515588568744,0.84390247,-0.024390243,0.44660193,0.84390247
2018-1-10T13-49-28,1515588568745,0.84390247,-0.034146342,0.44660193,0.84390247
2018-1-10T13-49-28,1515588568746,0.84390247,-0.014634146,0.44660193,0.84390247
2018-1-10T13-49-28,1515588568747,0.87317073,-0.06341463,0.44660193,0.87317073
2018-1-10T13-49-28,1515588568748,0.8341463,0.024390243,0.4368932,0.8341463
2018-1-10T13-49-28,1515588568749,0.85365856,-0.024390243,0.44660193,0.85365856
2018-1-10T13-49-28,1515588568750,0.85365856,-0.043902438,0.44660193,0.85365856
2018-1-10T13-49-28,1515588568751,0.84390247,-0.014634146,0.44660193,0.84390247
2018-1-10T13-49-28,1515588568752,0.84390247,-0.034146342,0.4563107,0.84390247
2018-1-10T13-49-28,1515588568753,0.85365856,-0.034146342,0.4368932,0.85365856
2018-1-10T13-49-28,1515588568754,0.85365856,-0.024390243,0.42718446,0.85365856
2018-1-10T13-49-28,1515588568755,0.84390247,-0.024390243,0.44660193,0.84390247
2018-1-10T13-49-28,1515588568756,0.8341463,-0.024390243,0.44660193,0.8341463
2018-1-10T13-49-28,1515588568757,0.7853659,-0.004878049,0.4368932,0.7853659
2018-1-10T13-49-28,1515588568758,0.84390247,-0.024390243,0.4563107,0.84390247
2018-1-10T13-49-28,1515588568759,0.85365856,-0.024390243,0.44660193,0.85365856
2018-1-10T13-49-28,1515588568760,0.84390247,-0.024390243,0.4368932,0.84390247
2018-1-10T13-49-28,1515588568761,0.84390247,-0.014634146,0.44660193,0.84390247
2018-1-10T13-49-28,1515588568762,0.86341465,-0.014634146,0.44660193,0.86341465
2018-1-10T13-49-28,1515588568763,0.85365856,-0.024390243,0.44660193,0.85365856
2018-1-10T13-49-28,1515588568764,0.86341465,-0.014634146,0.41747573,0.86341465
2018-1-10T13-49-28,1515588568765,0.8341463,-0.014634146,0.4368932,0.8341463
2018-1-10T13-49-28,1515588568766,0.85365856,-0.024390243,0.44660193,0.85365856
2018-1-10T13-49-28,1515588568767,0.85365856,-0.024390243,0.4368932,0.85365856
2018-1-10T13-49-28,1515588568768,0.8341463,-0.014634146,0.44660193,0.8341463
2018-1-10T13-49-28,1515588568769,0.84390247,-0.014634146,0.44660193,0.84390247
2018-1-10T13-49-28,1515588568770,0.85365856,-0.014634146,0.44660193,0.85365856
2018-1-10T13-49-28,1515588568771,0.84390247,-0.014634146,0.44660193,0.84390247
2018-1-10T13-49-28,1515588568772,0.84390247,-0.014634146,0.4368932,0.84390247
2018-1-10T13-49-28,1515588568773,0.84390247,-0.014634146,0.44660193,0.84390247
2018-1-10T13-49-28,1515588568774,0.84390247,-0.014634146,0.44660193,0.84390247
2018-1-10T13-49-28,1515588568775,0.84390247,-0.024390243,0.4368932,0.84390247
2018-1-10T13-49-28,1515588568776,0.84390247,-0.024390243,0.4368932,0.84390247
2018-1-10T13-49-28,1515588568777,0.86341465,-0.014634146,0.4368932,0.86341465
2018-1-10T13-49-28,1515588568778,0.8926829,0.004878049,0.42718446,0.8926829
2018-1-10T13-49-28,1515588568779,0.81463414,-0.024390243,0.4368932,0.81463414
2018-1-10T13-49-28,1515588568780,0.85365856,-0.024390243,0.44660193,0.85365856
2018-1-10T13-49-28,1515588568781,0.84390247,-0.024390243,0.4368932,0.84390247
2018-1-10T13-49-28,1515588568782,0.8341463,-0.024390243,0.49514562,0.8341463
2018-1-10T13-49-28,1515588568783,0.84390247,-0.014634146,0.44660193,0.84390247
2018-1-10T13-49-28,1515588568784,0.8341463,-0.024390243,0.44660193,0.8341463
2018-1-10T13-49-28,1515588568785,0.84390247,-0.024390243,0.4368932,0.84390247
2018-1-10T13-49-28,1515588568786,0.85365856,-0.024390243,0.4368932,0.85365856
2018-1-10T13-49-28,1515588568787,0.84390247,-0.024390243,0.44660193,0.84390247
2018-1-10T13-49-28,1515588568788,0.84390247,-0.024390243,0.44660193,0.84390247
2018-1-10T13-49-28,1515588568789,0.86341465,-0.014634146,0.4368932,0.86341465
2018-1-10T13-49-28,1515588568790,0.84390247,-0.024390243,0.44660193,0.84390247
2018-1-10T13-49-28,1515588568791,0.84390247,-0.024390243,0.44660193,0.84390247
2018-1-10T13-49-28,1515588568792,0.84390247,-0.034146342,0.4563107,0.84390247
2018-1-10T13-49-28,1515588568793,0.82439023,-0.043902438,0.4563107,0.82439023
2018-1-10T13-49-28,1515588568794,0.85365856,-0.024390243,0.4368932,0.85365856
2018-1-10T13-49-28,1515588568795,0.85365856,-0.014634146,0.4563107,0.85365856
2018-1-10T13-49-28,1515588568796,0.84390247,-0.024390243,0.44660193,0.84390247
2018-1-10T13-49-28,1515588568797,0.8341463,-0.024390243,0.44660193,0.8341463
2018-1-10T13-49-28,1515588568798,0.84390247,-0.004878049,0.44660193,0.84390247
2018-1-10T13-49-28,1515588568799,0.85365856,-0.024390243,0.44660193,0.85365856
2018-1-10T13-49-28,1515588568800,0.85365856,-0.024390243,0.4368932,0.85365856
2018-1-10T13-49-28,1515588568801,0.85365856,-0.024390243,0.44660193,0.85365856
2018-1-10T13-49-28,1515588568802,0.84390247,-0.014634146,0.4368932,0.84390247
2018-1-10T13-49-28,1515588568803,0.85365856,0.034146342,0.4563107,0.85365856
2018-1-10T13-49-28,1515588568804,0.85365856,-0.014634146,0.44660193,0.85365856
2018-1-10T13-49-28,1515588568805,0.86341465,-0.024390243,0.4368932,0.86341465
2018-1-10T13-49-28,1515588568806,0.85365856,-0.034146342,0.4368932,0.85365856
2018-1-10T13-49-28,1515588568807,0.84390247,-0.024390243,0.44660193,0.84390247
2018-1-10T13-49-28,1515588568808,0.85365856,0.043902438,0.47572815,0.85365856
2018-1-10T13-49-28,1515588568809,0.85365856,-0.043902438,0.44660193,0.85365856
2018-1-10T13-49-28,1515588568810,0.84390247,0.014634146,0.44660193,0.84390247
2018-1-10T13-49-28,1515588568811,0.84390247,-0.034146342,0.4563107,0.84390247
2018-1-10T13-49-28,1515588568812,0.82439023,-0.004878049,0.4368932,0.82439023
2018-1-10T13-49-28,1515588568813,0.8341463,-0.034146342,0.44660193,0.8341463
2018-1-10T13-49-28,1515588568814,0.84390247,-0.024390243,0.44660193,0.84390247
2018-1-10T13-49-28,1515588568815,0.8341463,-0.014634146,0.4368932,0.8341463
2018-1-10T13-49-28,1515588568816,0.84390247,-0.024390243,0.44660193,0.84390247
2018-1-10T13-49-28,1515588568817,0.85365856,-0.024390243,0.44660193,0.85365856
2018-1-10T13-49-28,1515588568818,0.84390247,0.034146342,0.4368932,0.84390247
2018-1-10T13-49-28,1515588568819,0.85365856,-0.014634146,0.4368932,0.85365856
2018-1-10T13-49-28,1515588568820,0.85365856,-0.014634146,0.44660193,0.85365856
2018-1-10T13-49-28,1515588568821,0.86341465,-0.024390243,0.44660193,0.86341465
2018-1-10T13-49-28,1515588568822,0.84390247,-0.034146342,0.4368932,0.84390247
2018-1-10T13-49-28,1515588568823,0.85365856,-0.004878049,0.44660193,0.85365856
2018-1-10T13-49-28,1515588568824,0.79512197,-0.024390243,0.46601942,0.79512197
2018-1-10T13-49-28,1515588568825,0.84390247,-0.024390243,0.42718446,0.84390247
2018-1-10T13-49-28,1515588568826,0.84390247,-0.024390243,0.4368932,0.84390247
2018-1-10T13-49-28,1515588568827,0.8341463,-0.024390243,0.42718446,0.8341463
2018-1-10T13-49-28,1515588568828,0.84390247,-0.024390243,0.4368932,0.84390247
2018-1-10T13-49-28,1515588568829,0.84390247,-0.024390243,0.4563107,0.84390247
2018-1-10T13-49-28,1515588568830,0.80487806,-0.014634146,0.4563107,0.80487806
2018-1-10T13-49-28,1515588568831,0.84390247,-0.024390243,0.4563107,0.84390247
2018-1-10T13-49-28,1515588568832,0.84390247,-0.004878049,0.4368932,0.84390247
2018-1-10T13-49-28,1515588568833,0.85365856,-0.024390243,0.4368932,0.85365856
2018-1-10T13-49-28,1515588568834,0.85365856,-0.024390243,0.39805827,0.85365856
2018-1-10T13-49-28,1515588568835,0.8341463,-0.024390243,0.4368932,0.8341463
2018-1-10T13-49-28,1515588568836,0.84390247,-0.014634146,0.44660193,0.84390247
2018-1-10T13-49-28,1515588568837,0.85365856,-0.004878049,0.44660193,0.85365856
2018-1-10T13-49-28,1515588568838,0.85365856,-0.034146342,0.44660193,0.85365856
2018-1-10T13-49-28,1515588568839,0.84390247,-0.014634146,0.4368932,0.84390247
2018-1-10T13-49-28,1515588568840,0.85365856,-0.014634146,0.44660193,0.85365856
2018-1-10T13-49-28,1515588568841,0.84390247,-0.024390243,0.44660193,0.84390247
2018-1-10T13-49-28,1515588568842,0.85365856,-0.034146342,0.44660193,0.85365856
2018-1-10T13-49-28,1515588568843,0.84390247,-0.024390243,0.41747573,0.84390247
2018-1-10T13-49-28,1515588568844,0.84390247,-0.024390243,0.46601942,0.84390247
2018-1-10T13-49-28,1515588568845,0.8926829,-0.034146342,0.4563107,0.8926829
2018-1-10T13-49-28,1515588568846,0.85365856,-0.024390243,0.4368932,0.85365856
2018-1-10T13-49-28,1515588568847,0.85365856,-0.014634146,0.44660193,0.85365856
2018-1-10T13-49-28,1515588568848,0.84390247,-0.014634146,0.44660193,0.84390247
2018-1-10T13-49-28,1515588568849,0.84390247,-0.014634146,0.44660193,0.84390247
2018-1-10T13-49-28,1515588568850,0.8341463,-0.034146342,0.44660193,0.8341463
2018-1-10T13-49-28,1515588568851,0.8341463,-0.014634146,0.44660193,0.8341463
2018-1-10T13-49-28,1515588568852,0.8829268,-0.024390243,0.44660193,0.8829268
2018-1-10T13-49-28,1515588568853,0.84390247,-0.014634146,0.42718446,0.84390247
2018-1-10T13-49-28,1515588568854,0.84390247,-0.014634146,0.44660193,0.84390247
2018-1-10T13-49-28,1515588568855,0.8341463,-0.024390243,0.44660193,0.8341463
2018-1-10T13-49-28,1515588568856,0.8341463,-0.024390243,0.46601942,0.8341463
2018-1-10T13-49-28,1515588568857,0.84390247,-0.034146342,0.44660193,0.84390247
2018-1-10T13-49-28,1515588568858,0.85365856,-0.024390243,0.44660193,0.85365856
2018-1-10T13-49-28,1515588568859,0.84390247,-0.024390243,0.44660193,0.84390247
2018-1-10T13-49-28,1515588568860,0.76585364,-0.024390243,0.4563107,0.76585364
2018-1-10T13-49-28,1515588568861,0.85365856,-0.004878049,0.4368932,0.85365856
2018-1-10T13-49-28,1515588568862,0.84390247,-0.014634146,0.44660193,0.84390247
2018-1-10T13-49-28,1515588568863,0.81463414,-0.024390243,0.4368932,0.81463414
2018-1-10T13-49-28,1515588568864,0.84390247,-0.014634146,0.44660193,0.84390247
2018-1-10T13-49-28,1515588568865,0.84390247,-0.024390243,0.44660193,0.84390247
2018-1-10T13-49-28,1515588568866,0.84390247,-0.024390243,0.44660193,0.84390247
2018-1-10T13-49-28,1515588568867,0.84390247,-0.024390243,0.44660193,0.84390247
2018-1-10T13-49-28,1515588568868,0.85365856,-0.034146342,0.4368932,0.85365856
2018-1-10T13-49-28,1515588568869,0.84390247,-0.014634146,0.44660193,0.84390247
2018-1-10T13-49-28,1515588568870,0.84390247,-0.024390243,0.44660193,0.84390247
2018-1-10T13-49-28,1515588568871,0.85365856,-0.014634146,0.4563107,0.85365856
2018-1-10T13-49-28,1515588568872,0.84390247,-0.014634146,0.44660193,0.84390247
2018-1-10T13-49-28,1515588568873,0.84390247,-0.024390243,0.4563107,0.84390247
2018-1-10T13-49-28,1515588568874,0.8341463,-0.024390243,0.44660193,0.8341463
2018-1-10T13-49-28,1515588568875,0.84390247,-0.014634146,0.4854369,0.84390247
2018-1-10T13-49-28,1515588568876,0.84390247,-0.024390243,0.44660193,0.84390247
2018-1-10T13-49-28,1515588568877,0.84390247,-0.043902438,0.44660193,0.84390247
2018-1-10T13-49-28,1515588568878,0.82439023,-0.014634146,0.44660193,0.82439023
2018-1-10T13-49-28,1515588568879,0.86341465,-0.014634146,0.4368932,0.86341465
2018-1-10T13-49-28,1515588568880,0.8341463,-0.024390243,0.42718446,0.8341463
2018-1-10T13-49-28,1515588568881,0.80487806,-0.024390243,0.44660193,0.80487806
2018-1-10T13-49-28,1515588568882,0.84390247,-0.014634146,0.5048544,0.84390247
2018-1-10T13-49-28,1515588568883,0.84390247,-0.024390243,0.44660193,0.84390247
2018-1-10T13-49-28,1515588568884,0.84390247,-0.034146342,0.4368932,0.84390247
2018-1-10T13-49-28,1515588568885,0.84390247,-0.024390243,0.4563107,0.84390247
2018-1-10T13-49-28,1515588568886,0.85365856,-0.014634146,0.47572815,0.85365856
2018-1-10T13-49-28,1515588568887,0.84390247,-0.024390243,0.4563107,0.84390247
2018-1-10T13-49-28,1515588568888,0.87317073,-0.024390243,0.4368932,0.87317073
2018-1-10T13-49-28,1515588568889,0.85365856,-0.034146342,0.44660193,0.85365856
2018-1-10T13-49-28,1515588568890,0.86341465,-0.024390243,0.4368932,0.86341465
2018-1-10T13-49-28,1515588568891,0.84390247,-0.024390243,0.4368932,0.84390247
2018-1-10T13-49-28,1515588568892,0.85365856,-0.024390243,0.4368932,0.85365856
2018-1-10T13-49-28,1515588568893,0.81463414,-0.07317073,0.44660193,0.81463414
2018-1-10T13-49-28,1515588568894,0.85365856,-0.024390243,0.44660193,0.85365856
2018-1-10T13-49-28,1515588568895,0.8926829,-0.034146342,0.44660193,0.8926829
2018-1-10T13-49-28,1515588568896,0.8341463,-0.014634146,0.44660193,0.8341463
2018-1-10T13-49-28,1515588568897,0.8341463,-0.034146342,0.4368932,0.8341463
2018-1-10T13-49-28,1515588568898,0.85365856,-0.014634146,0.44660193,0.85365856
2018-1-10T13-49-28,1515588568899,0.85365856,-0.014634146,0.44660193,0.85365856
2018-1-10T13-49-28,1515588568900,0.84390247,-0.024390243,0.4368932,0.84390247
2018-1-10T13-49-28,1515588568901,0.9317073,-0.024390243,0.44660193,0.9317073
2018-1-10T13-49-28,1515588568902,0.84390247,-0.024390243,0.44660193,0.84390247
2018-1-10T13-49-28,1515588568903,0.85365856,-0.024390243,0.4368932,0.85365856
2018-1-10T13-49-28,1515588568904,0.85365856,-0.024390243,0.4368932,0.85365856
2018-1-10T13-49-28,1515588568905,0.8341463,-0.024390243,0.4368932,0.8341463
2018-1-10T13-49-28,1515588568906,0.84390247,-0.024390243,0.4368932,0.84390247
2018-1-10T13-49-28,1515588568907,0.87317073,-0.014634146,0.42718446,0.87317073
2018-1-10T13-49-28,1515588568908,0.84390247,-0.024390243,0.4368932,0.84390247
2018-1-10T13-49-28,1515588568909,0.84390247,-0.034146342,0.4368932,0.84390247
2018-1-10T13-49-28,1515588568910,0.84390247,-0.014634146,0.4368932,0.84390247
2018-1-10T13-49-28,1515588568911,0.84390247,-0.024390243,0.42718446,0.84390247
2018-1-10T13-49-28,1515588568912,0.84390247,-0.034146342,0.44660193,0.84390247
2018-1-10T13-49-28,1515588568913,0.86341465,-0.034146342,0.4368932,0.86341465
2018-1-10T13-49-28,1515588568914,0.8341463,-0.024390243,0.44660193,0.8341463
2018-1-10T13-49-28,1515588568915,0.85365856,-0.024390243,0.44660193,0.85365856
2018-1-10T13-49-28,1515588568916,0.84390247,-0.014634146,0.44660193,0.84390247
2018-1-10T13-49-28,1515588568917,0.85365856,-0.024390243,0.4368932,0.85365856
2018-1-10T13-49-28,1515588568918,0.87317073,-0.034146342,0.44660193,0.87317073
2018-1-10T13-49-28,1515588568919,0.86341465,-0.024390243,0.4563107,0.86341465
2018-1-10T13-49-28,1515588568920,0.85365856,-0.014634146,0.4563107,0.85365856
2018-1-10T13-49-28,1515588568921,0.85365856,-0.024390243,0.4368932,0.85365856
2018-1-10T13-49-28,1515588568922,0.85365856,-0.024390243,0.44660193,0.85365856
2018-1-10T13-49-28,1515588568923,0.85365856,0.034146342,0.44660193,0.85365856
2018-1-10T13-49-28,1515588568924,0.84390247,-0.034146342,0.4368932,0.84390247
2018-1-10T13-49-28,1515588568925,0.84390247,-0.024390243,0.4368932,0.84390247
2018-1-10T13-49-28,1515588568926,0.8341463,0.004878049,0.4368932,0.8341463
2018-1-10T13-49-28,1515588568927,0.84390247,-0.034146342,0.44660193,0.84390247
2018-1-10T13-49-28,1515588568928,0.84390247,-0.014634146,0.4563107,0.84390247
2018-1-10T13-49-28,1515588568929,0.85365856,-0.024390243,0.4563107,0.85365856
2018-1-10T13-49-28,1515588568930,0.84390247,-0.024390243,0.44660193,0.84390247
2018-1-10T13-49-28,1515588568931,0.75609756,-0.014634146,0.4368932,0.75609756
2018-1-10T13-49-28,1515588568932,0.85365856,-0.024390243,0.44660193,0.85365856
2018-1-10T13-49-28,1515588568933,0.85365856,-0.014634146,0.4563107,0.85365856
2018-1-10T13-49-28,1515588568934,0.84390247,-0.014634146,0.44660193,0.84390247
2018-1-10T13-49-28,1515588568935,0.84390247,-0.024390243,0.44660193,0.84390247
2018-1-10T13-49-28,1515588568936,0.84390247,-0.004878049,0.44660193,0.84390247
2018-1-10T13-49-28,1515588568937,0.84390247,-0.024390243,0.4563107,0.84390247
2018-1-10T13-49-28,1515588568938,0.85365856,-0.014634146,0.44660193,0.85365856
2018-1-10T13-49-28,1515588568939,0.85365856,-0.034146342,0.42718446,0.85365856
2018-1-10T13-49-28,1515588568940,0.85365856,-0.024390243,0.44660193,0.85365856
2018-1-10T13-49-28,1515588568941,0.85365856,-0.034146342,0.4368932,0.85365856
2018-1-10T13-49-28,1515588568942,0.84390247,-0.024390243,0.42718446,0.84390247
2018-1-10T13-49-28,1515588568943,0.85365856,-0.024390243,0.44660193,0.85365856
2018-1-10T13-49-28,1515588568944,0.84390247,-0.024390243,0.44660193,0.84390247
2018-1-10T13-49-28,1515588568945,0.85365856,-0.014634146,0.4368932,0.85365856
2018-1-10T13-49-28,1515588568946,0.91219515,-0.024390243,0.4368932,0.91219515
2018-1-10T13-49-28,1515588568947,0.8341463,-0.053658538,0.44660193,0.8341463
2018-1-10T13-49-28,1515588568948,0.85365856,0.043902438,0.44660193,0.85365856
2018-1-10T13-49-28,1515588568949,0.84390247,-0.06341463,0.4368932,0.84390247
2018-1-10T13-49-28,1515588568950,0.84390247,-0.024390243,0.44660193,0.84390247
2018-1-10T13-49-28,1515588568951,0.84390247,-0.024390243,0.47572815,0.84390247
2018-1-10T13-49-28,1515588568952,0.84390247,-0.024390243,0.44660193,0.84390247
2018-1-10T13-49-28,1515588568953,0.85365856,-0.024390243,0.4368932,0.85365856
2018-1-10T13-49-28,1515588568954,0.8341463,-0.014634146,0.44660193,0.8341463
2018-1-10T13-49-28,1515588568955,0.84390247,-0.014634146,0.41747573,0.84390247
2018-1-10T13-49-28,1515588568956,0.81463414,-0.024390243,0.44660193,0.81463414
2018-1-10T13-49-28,1515588568957,0.80487806,-0.024390243,0.37864077,0.80487806
2018-1-10T13-49-28,1515588568958,0.8341463,-0.014634146,0.44660193,0.8341463
2018-1-10T13-49-28,1515588568959,0.85365856,-0.014634146,0.44660193,0.85365856
2018-1-10T13-49-28,1515588568960,0.8341463,-0.014634146,0.4368932,0.8341463
2018-1-10T13-49-28,1515588568961,0.84390247,-0.014634146,0.44660193,0.84390247
2018-1-10T13-49-28,1515588568962,0.84390247,-0.014634146,0.44660193,0.84390247
2018-1-10T13-49-28,1515588568963,0.84390247,-0.034146342,0.44660193,0.84390247
2018-1-10T13-49-28,1515588568964,0.85365856,-0.024390243,0.3883495,0.85365856
2018-1-10T13-49-28,1515588568965,0.85365856,-0.014634146,0.4368932,0.85365856
2018-1-10T13-49-28,1515588568966,0.84390247,-0.024390243,0.44660193,0.84390247
2018-1-10T13-49-28,1515588568967,0.81463414,-0.014634146,0.4368932,0.81463414
2018-1-10T13-49-28,1515588568968,0.84390247,-0.09268293,0.4368932,0.84390247
2018-1-10T13-49-28,1515588568969,0.84390247,-0.024390243,0.44660193,0.84390247
2018-1-10T13-49-28,1515588568970,0.84390247,-0.024390243,0.4368932,0.84390247
2018-1-10T13-49-28,1515588568971,0.85365856,-0.024390243,0.44660193,0.85365856
2018-1-10T13-49-28,1515588568972,0.85365856,-0.034146342,0.4368932,0.85365856
2018-1-10T13-49-28,1515588568973,0.84390247,-0.014634146,0.4368932,0.84390247
2018-1-10T13-49-28,1515588568974,0.84390247,-0.024390243,0.44660193,0.84390247
2018-1-10T13-49-28,1515588568975,0.8341463,-0.004878049,0.44660193,0.8341463
2018-1-10T13-49-28,1515588568976,0.85365856,-0.014634146,0.44660193,0.85365856
2018-1-10T13-49-28,1515588568977,0.85365856,-0.034146342,0.4368932,0.85365856
2018-1-10T13-49-28,1515588568978,0.84390247,-0.034146342,0.44660193,0.84390247
2018-1-10T13-49-28,1515588568979,0.85365856,-0.014634146,0.4368932,0.85365856
2018-1-10T13-49-28,1515588568980,0.8341463,-0.024390243,0.44660193,0.8341463
2018-1-10T13-49-28,1515588568981,0.86341465,-0.024390243,0.44660193,0.86341465
2018-1-10T13-49-28,1515588568982,0.84390247,-0.014634146,0.4368932,0.84390247
2018-1-10T13-49-28,1515588568983,0.84390247,-0.06341463,0.44660193,0.84390247
2018-1-10T13-49-28,1515588568984,0.8341463,-0.024390243,0.4563107,0.8341463
2018-1-10T13-49-28,1515588568985,0.84390247,-0.014634146,0.44660193,0.84390247
2018-1-10T13-49-28,1515588568986,0.8341463,-0.043902438,0.44660193,0.8341463
2018-1-10T13-49-28,1515588568987,0.86341465,-0.014634146,0.4368932,0.86341465
2018-1-10T13-49-28,1515588568988,0.85365856,-0.034146342,0.4368932,0.85365856
2018-1-10T13-49-28,1515588568989,0.84390247,-0.014634146,0.44660193,0.84390247
2018-1-10T13-49-28,1515588568990,0.8926829,-0.024390243,0.4368932,0.8926829
2018-1-10T13-49-28,1515588568991,0.85365856,-0.014634146,0.4368932,0.85365856
2018-1-10T13-49-28,1515588568992,0.85365856,-0.024390243,0.42718446,0.85365856
2018-1-10T13-49-28,1515588568993,0.85365856,-0.024390243,0.4563107,0.85365856
2018-1-10T13-49-28,1515588568994,0.7853659,-0.014634146,0.4368932,0.7853659
2018-1-10T13-49-28,1515588568995,0.85365856,-0.024390243,0.4368932,0.85365856
2018-1-10T13-49-28,1515588568996,0.84390247,-0.024390243,0.4563107,0.84390247
2018-1-10T13-49-28,1515588568997,0.84390247,-0.034146342,0.4368932,0.84390247
2018-1-10T13-49-28,1515588568998,0.85365856,-0.024390243,0.4368932,0.85365856
2018-1-10T13-49-28,1515588568999,0.84390247,-0.024390243,0.4368932,0.84390247
2018-1-10T13-49-29,1515588569000,0.85365856,-0.034146342,0.44660193,0.85365856
2018-1-10T13-49-29,1515588569001,0.85365856,-0.034146342,0.44660193,0.85365856
2018-1-10T13-49-29,1515588569002,0.84390247,-0.024390243,0.4368932,0.84390247
2018-1-10T13-49-29,1515588569003,0.85365856,-0.024390243,0.41747573,0.85365856
2018-1-10T13-49-29,1515588569004,0.8341463,-0.014634146,0.44660193,0.8341463
2018-1-10T13-49-29,1515588569005,0.84390247,-0.014634146,0.4368932,0.84390247
2018-1-10T13-49-29,1515588569006,0.84390247,-0.024390243,0.4368932,0.84390247
2018-1-10T13-49-29,1515588569007,0.8341463,-0.09268293,0.44660193,0.8341463
2018-1-10T13-49-29,1515588569008,0.85365856,-0.024390243,0.4563107,0.85365856
2018-1-10T13-49-29,1515588569009,0.84390247,-0.024390243,0.44660193,0.84390247
2018-1-10T13-49-29,1515588569010,0.85365856,0.024390243,0.4563107,0.85365856
2018-1-10T13-49-29,1515588569011,0.85365856,-0.024390243,0.44660193,0.85365856
2018-1-10T13-49-29,1515588569012,0.84390247,-0.024390243,0.4368932,0.84390247
2018-1-10T13-49-29,1515588569013,0.84390247,-0.024390243,0.4368932,0.84390247
2018-1-10T13-49-29,1515588569014,0.85365856,-0.034146342,0.4368932,0.85365856
2018-1-10T13-49-29,1515588569015,0.84390247,-0.024390243,0.4368932,0.84390247
2018-1-10T13-49-29,1515588569016,0.84390247,-0.024390243,0.4563107,0.84390247
2018-1-10T13-49-29,1515588569017,0.8829268,-0.004878049,0.41747573,0.8829268
2018-1-10T13-49-29,1515588569018,0.84390247,-0.034146342,0.4368932,0.84390247
2018-1-10T13-49-29,1515588569019,0.84390247,-0.043902438,0.44660193,0.84390247
2018-1-10T13-49-29,1515588569020,0.85365856,-0.024390243,0.4368932,0.85365856
2018-1-10T13-49-29,1515588569021,0.84390247,-0.034146342,0.44660193,0.84390247
2018-1-10T13-49-29,1515588569022,0.84390247,-0.024390243,0.4563107,0.84390247
2018-1-10T13-49-29,1515588569023,0.84390247,-0.014634146,0.44660193,0.84390247
2018-1-10T13-49-29,1515588569024,0.85365856,-0.004878049,0.4368932,0.85365856
2018-1-10T13-49-29,1515588569025,0.84390247,-0.014634146,0.44660193,0.84390247
2018-1-10T13-49-29,1515588569026,0.85365856,-0.024390243,0.49514562,0.85365856
2018-1-10T13-49-29,1515588569027,0.85365856,-0.014634146,0.44660193,0.85365856
2018-1-10T13-49-29,1515588569028,0.85365856,-0.014634146,0.4368932,0.85365856
2018-1-10T13-49-29,1515588569029,0.84390247,-0.034146342,0.44660193,0.84390247
2018-1-10T13-49-29,1515588569030,0.85365856,-0.034146342,0.4563107,0.85365856
2018-1-10T13-49-29,1515588569031,0.84390247,-0.024390243,0.44660193,0.84390247
2018-1-10T13-49-29,1515588569032,0.84390247,-0.024390243,0.4563107,0.84390247
2018-1-10T13-49-29,1515588569033,0.85365856,-0.024390243,0.4368932,0.85365856
2018-1-10T13-49-29,1515588569034,0.84390247,-0.024390243,0.44660193,0.84390247
2018-1-10T13-49-29,1515588569035,0.84390247,-0.034146342,0.4368932,0.84390247
2018-1-10T13-49-29,1515588569036,0.8341463,-0.024390243,0.44660193,0.8341463
2018-1-10T13-49-29,1515588569037,0.8341463,-0.014634146,0.4563107,0.8341463
2018-1-10T13-49-29,1515588569038,0.85365856,-0.024390243,0.4368932,0.85365856
2018-1-10T13-49-29,1515588569039,0.85365856,-0.034146342,0.4368932,0.85365856
2018-1-10T13-49-29,1515588569040,0.84390247,-0.024390243,0.4368932,0.84390247
2018-1-10T13-49-29,1515588569041,0.85365856,-0.024390243,0.4368932,0.85365856
2018-1-10T13-49-29,1515588569042,0.84390247,-0.024390243,0.4368932,0.84390247
2018-1-10T13-49-29,1515588569043,0.84390247,-0.06341463,0.4368932,0.84390247
2018-1-10T13-49-29,1515588569044,0.84390247,-0.014634146,0.44660193,0.84390247
2018-1-10T13-49-29,1515588569045,0.86341465,-0.024390243,0.4368932,0.86341465
2018-1-10T13-49-29,1515588569046,0.84390247,-0.014634146,0.44660193,0.84390247
2018-1-10T13-49-29,1515588569047,0.87317073,-0.024390243,0.44660193,0.87317073
2018-1-10T13-49-29,1515588569048,0.85365856,-0.034146342,0.4368932,0.85365856
2018-1-10T13-49-29,1515588569049,0.84390247,-0.024390243,0.44660193,0.84390247
2018-1-10T13-49-29,1515588569050,0.84390247,-0.024390243,0.4368932,0.84390247
2018-1-10T13-49-29,1515588569051,0.84390247,-0.034146342,0.4368932,0.84390247
2018-1-10T13-49-29,1515588569052,0.8341463,-0.014634146,0.44660193,0.8341463
2018-1-10T13-49-29,1515588569053,0.84390247,-0.034146342,0.4563107,0.84390247
2018-1-10T13-49-29,1515588569054,0.85365856,-0.034146342,0.41747573,0.85365856
2018-1-10T13-49-29,1515588569055,0.87317073,-0.034146342,0.4563107,0.87317073
2018-1-10T13-49-29,1515588569056,0.85365856,-0.024390243,0.44660193,0.85365856
2018-1-10T13-49-29,1515588569057,0.85365856,-0.024390243,0.44660193,0.85365856
2018-1-10T13-49-29,1515588569058,0.85365856,-0.034146342,0.4368932,0.85365856
2018-1-10T13-49-29,1515588569059,0.84390247,-0.034146342,0.4563107,0.84390247
2018-1-10T13-49-29,1515588569060,0.85365856,-0.024390243,0.44660193,0.85365856
2018-1-10T13-49-29,1515588569061,0.84390247,-0.024390243,0.4368932,0.84390247
2018-1-10T13-49-29,1515588569062,0.85365856,-0.014634146,0.47572815,0.85365856
2018-1-10T13-49-29,1515588569063,0.85365856,0.024390243,0.44660193,0.85365856
2018-1-10T13-49-29,1515588569064,0.87317073,-0.024390243,0.4563107,0.87317073
2018-1-10T13-49-29,1515588569065,0.8341463,-0.034146342,0.4368932,0.8341463
2018-1-10T13-49-29,1515588569066,0.85365856,-0.024390243,0.44660193,0.85365856
2018-1-10T13-49-29,1515588569067,0.87317073,-0.034146342,0.44660193,0.87317073
2018-1-10T13-49-29,1515588569068,0.84390247,-0.043902438,0.44660193,0.84390247
2018-1-10T13-49-29,1515588569069,0.84390247,-0.014634146,0.44660193,0.84390247
2018-1-10T13-49-29,1515588569070,0.84390247,-0.024390243,0.44660193,0.84390247
2018-1-10T13-49-29,1515588569071,0.85365856,-0.024390243,0.44660193,0.85365856
2018-1-10T13-49-29,1515588569072,0.84390247,-0.024390243,0.44660193,0.84390247
2018-1-10T13-49-29,1515588569073,0.84390247,-0.024390243,0.44660193,0.84390247
2018-1-10T13-49-29,1515588569074,0.82439023,-0.024390243,0.44660193,0.82439023
2018-1-10T13-49-29,1515588569075,0.85365856,-0.024390243,0.44660193,0.85365856
2018-1-10T13-49-29,1515588569076,0.85365856,-0.004878049,0.44660193,0.85365856
2018-1-10T13-49-29,1515588569077,0.85365856,-0.014634146,0.42718446,0.85365856
2018-1-10T13-49-29,1515588569078,0.86341465,-0.024390243,0.44660193,0.86341465
2018-1-10T13-49-29,1515588569079,0.84390247,-0.014634146,0.44660193,0.84390247
2018-1-10T13-49-29,1515588569080,0.85365856,-0.014634146,0.4563107,0.85365856
2018-1-10T13-49-29,1515588569081,0.84390247,-0.024390243,0.4368932,0.84390247
2018-1-10T13-49-29,1515588569082,0.85365856,-0.024390243,0.42718446,0.85365856
2018-1-10T13-49-29,1515588569083,0.82439023,-0.024390243,0.4368932,0.82439023
2018-1-10T13-49-29,1515588569084,0.84390247,-0.024390243,0.4368932,0.84390247
2018-1-10T13-49-29,1515588569085,0.84390247,-0.024390243,0.41747573,0.84390247
2018-1-10T13-49-29,1515588569086,0.84390247,-0.014634146,0.44660193,0.84390247
2018-1-10T13-49-29,1515588569087,0.86341465,-0.014634146,0.4368932,0.86341465
2018-1-10T13-49-29,1515588569088,0.84390247,-0.034146342,0.42718446,0.84390247
2018-1-10T13-49-29,1515588569089,0.84390247,-0.024390243,0.4368932,0.84390247
2018-1-10T13-49-29,1515588569090,0.84390247,-0.014634146,0.4563107,0.84390247
2018-1-10T13-49-29,1515588569091,0.8341463,-0.024390243,0.4368932,0.8341463
2018-1-10T13-49-29,1515588569092,0.84390247,-0.014634146,0.4368932,0.84390247
2018-1-10T13-49-29,1515588569093,0.8341463,-0.043902438,0.4368932,0.8341463
2018-1-10T13-49-29,1515588569094,0.85365856,-0.034146342,0.44660193,0.85365856
2018-1-10T13-49-29,1515588569095,0.84390247,-0.024390243,0.44660193,0.84390247
2018-1-10T13-49-29,1515588569096,0.84390247,-0.034146342,0.44660193,0.84390247
2018-1-10T13-49-29,1515588569097,0.85365856,-0.024390243,0.4368932,0.85365856
2018-1-10T13-49-29,1515588569098,0.84390247,-0.024390243,0.44660193,0.84390247
2018-1-10T13-49-29,1515588569099,0.84390247,-0.014634146,0.44660193,0.84390247
2018-1-10T13-49-29,1515588569100,0.84390247,-0.014634146,0.44660193,0.84390247
2018-1-10T13-49-29,1515588569101,0.8341463,-0.024390243,0.44660193,0.8341463
2018-1-10T13-49-29,1515588569102,0.84390247,-0.014634146,0.44660193,0.84390247
2018-1-10T13-49-29,1515588569103,0.84390247,-0.024390243,0.44660193,0.84390247
2018-1-10T13-49-29,1515588569104,0.84390247,-0.024390243,0.44660193,0.84390247
2018-1-10T13-49-29,1515588569105,0.85365856,-0.024390243,0.4368932,0.85365856
2018-1-10T13-49-29,1515588569106,0.87317073,-0.034146342,0.4368932,0.87317073
2018-1-10T13-49-29,1515588569107,0.84390247,-0.014634146,0.47572815,0.84390247
2018-1-10T13-49-29,1515588569108,0.8926829,-0.024390243,0.44660193,0.8926829
2018-1-10T13-49-29,1515588569109,0.85365856,-0.024390243,0.4368932,0.85365856
2018-1-10T13-49-29,1515588569110,0.84390247,-0.014634146,0.4368932,0.84390247
2018-1-10T13-49-29,1515588569111,0.85365856,-0.024390243,0.44660193,0.85365856
2018-1-10T13-49-29,1515588569112,0.8341463,-0.024390243,0.44660193,0.8341463
2018-1-10T13-49-29,1515588569113,0.84390247,0.014634146,0.44660193,0.84390247
2018-1-10T13-49-29,1515588569114,0.84390247,-0.004878049,0.44660193,0.84390247
2018-1-10T13-49-29,1515588569115,0.84390247,-0.014634146,0.4563107,0.84390247
2018-1-10T13-49-29,1515588569116,0.85365856,-0.014634146,0.44660193,0.85365856
2018-1-10T13-49-29,1515588569117,0.85365856,-0.024390243,0.4368932,0.85365856
2018-1-10T13-49-29,1515588569118,0.84390247,-0.024390243,0.4368932,0.84390247
2018-1-10T13-49-29,1515588569119,0.84390247,-0.024390243,0.46601942,0.84390247
2018-1-10T13-49-29,1515588569120,0.85365856,-0.024390243,0.44660193,0.85365856
2018-1-10T13-49-29,1515588569121,0.85365856,-0.053658538,0.4368932,0.85365856
2018-1-10T13-49-29,1515588569122,0.85365856,-0.014634146,0.4563107,0.85365856
2018-1-10T13-49-29,1515588569123,0.85365856,-0.024390243,0.44660193,0.85365856
2018-1-10T13-49-29,1515588569124,0.84390247,-0.024390243,0.44660193,0.84390247
2018-1-10T13-49-29,1515588569125,0.85365856,-0.024390243,0.44660193,0.85365856
2018-1-10T13-49-29,1515588569126,0.84390247,-0.024390243,0.44660193,0.84390247
2018-1-10T13-49-29,1515588569127,0.85365856,-0.024390243,0.4563107,0.85365856
2018-1-10T13-49-29,1515588569128,0.84390247,-0.014634146,0.4368932,0.84390247
2018-1-10T13-49-29,1515588569129,0.84390247,-0.014634146,0.44660193,0.84390247
2018-1-10T13-49-29,1515588569130,0.84390247,-0.024390243,0.3883495,0.84390247
2018-1-10T13-49-29,1515588569131,0.84390247,-0.014634146,0.4563107,0.84390247
2018-1-10T13-49-29,1515588569132,0.85365856,-0.024390243,0.44660193,0.85365856
2018-1-10T13-49-29,1515588569133,0.84390247,-0.024390243,0.44660193,0.84390247
2018-1-10T13-49-29,1515588569134,0.8341463,-0.014634146,0.44660193,0.8341463
2018-1-10T13-49-29,1515588569135,0.84390247,-0.014634146,0.4368932,0.84390247
2018-1-10T13-49-29,1515588569136,0.84390247,-0.034146342,0.4368932,0.84390247
2018-1-10T13-49-29,1515588569137,0.84390247,-0.024390243,0.4368932,0.84390247
2018-1-10T13-49-29,1515588569138,0.84390247,-0.014634146,0.44660193,0.84390247
2018-1-10T13-49-29,1515588569139,0.85365856,-0.014634146,0.41747573,0.85365856
2018-1-10T13-49-29,1515588569140,0.82439023,-0.014634146,0.4563107,0.82439023
2018-1-10T13-49-29,1515588569141,0.84390247,-0.024390243,0.4368932,0.84390247
2018-1-10T13-49-29,1515588569142,0.84390247,-0.024390243,0.4563107,0.84390247
2018-1-10T13-49-29,1515588569143,0.84390247,-0.014634146,0.4368932,0.84390247
2018-1-10T13-49-29,1515588569144,0.85365856,-0.024390243,0.42718446,0.85365856
2018-1-10T13-49-29,1515588569145,0.84390247,-0.034146342,0.44660193,0.84390247
2018-1-10T13-49-29,1515588569146,0.84390247,-0.014634146,0.4368932,0.84390247
2018-1-10T13-49-29,1515588569147,0.84390247,-0.014634146,0.4368932,0.84390247
2018-1-10T13-49-29,1515588569148,0.84390247,0.053658538,0.4563107,0.84390247
2018-1-10T13-49-29,1515588569149,0.85365856,-0.07317073,0.44660193,0.85365856
2018-1-10T13-49-29,1515588569150,0.84390247,-0.024390243,0.4854369,0.84390247
2018-1-10T13-49-29,1515588569151,0.84390247,-0.014634146,0.4563107,0.84390247
2018-1-10T13-49-29,1515588569152,0.84390247,-0.014634146,0.44660193,0.84390247
2018-1-10T13-49-29,1515588569153,0.9317073,-0.024390243,0.4368932,0.9317073
2018-1-10T13-49-29,1515588569154,0.85365856,-0.004878049,0.44660193,0.85365856
2018-1-10T13-49-29,1515588569155,0.84390247,-0.024390243,0.4368932,0.84390247
2018-1-10T13-49-29,1515588569156,0.7853659,-0.024390243,0.44660193,0.7853659
2018-1-10T13-49-29,1515588569157,0.84390247,-0.024390243,0.4563107,0.84390247
2018-1-10T13-49-29,1515588569158,0.84390247,-0.024390243,0.44660193,0.84390247
2018-1-10T13-49-29,1515588569159,0.8341463,-0.034146342,0.44660193,0.8341463
2018-1-10T13-49-29,1515588569160,0.8341463,-0.014634146,0.44660193,0.8341463
2018-1-10T13-49-29,1515588569161,0.85365856,-0.014634146,0.44660193,0.85365856
2018-1-10T13-49-29,1515588569162,0.84390247,-0.014634146,0.44660193,0.84390247
2018-1-10T13-49-29,1515588569163,0.84390247,-0.004878049,0.4368932,0.84390247
2018-1-10T13-49-29,1515588569164,0.85365856,-0.014634146,0.44660193,0.85365856
2018-1-10T13-49-29,1515588569165,0.84390247,-0.024390243,0.44660193,0.84390247
2018-1-10T13-49-29,1515588569166,0.84390247,-0.024390243,0.44660193,0.84390247
2018-1-10T13-49-29,1515588569167,0.84390247,-0.024390243,0.4368932,0.84390247
2018-1-10T13-49-29,1515588569168,0.84390247,-0.014634146,0.4368932,0.84390247
2018-1-10T13-49-29,1515588569169,0.86341465,-0.024390243,0.44660193,0.86341465
2018-1-10T13-49-29,1515588569170,0.84390247,0.043902438,0.44660193,0.84390247
2018-1-10T13-49-29,1515588569171,0.85365856,0.034146342,0.44660193,0.85365856
2018-1-10T13-49-29,1515588569172,0.84390247,-0.024390243,0.44660193,0.84390247
2018-1-10T13-49-29,1515588569173,0.84390247,-0.024390243,0.407767,0.84390247
2018-1-10T13-49-29,1515588569174,0.85365856,-0.004878049,0.44660193,0.85365856
2018-1-10T13-49-29,1515588569175,0.8341463,-0.014634146,0.3883495,0.8341463
2018-1-10T13-49-29,1515588569176,0.84390247,-0.014634146,0.44660193,0.84390247
2018-1-10T13-49-29,1515588569177,0.85365856,-0.024390243,0.44660193,0.85365856
2018-1-10T13-49-29,1515588569178,0.86341465,-0.014634146,0.44660193,0.86341465
2018-1-10T13-49-29,1515588569179,0.84390247,-0.014634146,0.4563107,0.84390247
2018-1-10T13-49-29,1515588569180,0.85365856,-0.034146342,0.44660193,0.85365856
2018-1-10T13-49-29,1515588569181,0.8341463,-0.014634146,0.4563107,0.8341463
2018-1-10T13-49-29,1515588569182,0.84390247,-0.014634146,0.44660193,0.84390247
2018-1-10T13-49-29,1515588569183,0.84390247,-0.024390243,0.4368932,0.84390247
2018-1-10T13-49-29,1515588569184,0.84390247,-0.024390243,0.44660193,0.84390247
2018-1-10T13-49-29,1515588569185,0.86341465,-0.024390243,0.44660193,0.86341465
2018-1-10T13-49-29,1515588569186,0.85365856,-0.014634146,0.5048544,0.85365856
2018-1-10T13-49-29,1515588569187,0.84390247,-0.024390243,0.4368932,0.84390247
2018-1-10T13-49-29,1515588569188,0.86341465,-0.024390243,0.44660193,0.86341465
2018-1-10T13-49-29,1515588569189,0.84390247,-0.024390243,0.4563107,0.84390247
2018-1-10T13-49-29,1515588569190,0.84390247,-0.034146342,0.44660193,0.84390247
2018-1-10T13-49-29,1515588569191,0.85365856,-0.053658538,0.4368932,0.85365856
2018-1-10T13-49-29,1515588569192,0.8829268,-0.014634146,0.44660193,0.8829268
2018-1-10T13-49-29,1515588569193,0.84390247,-0.024390243,0.4368932,0.84390247
2018-1-10T13-49-29,1515588569194,0.84390247,-0.034146342,0.42718446,0.84390247
2018-1-10T13-49-29,1515588569195,0.87317073,-0.024390243,0.4368932,0.87317073
2018-1-10T13-49-29,1515588569196,0.902439,-0.014634146,0.44660193,0.902439
2018-1-10T13-49-29,1515588569197,0.84390247,-0.024390243,0.44660193,0.84390247
2018-1-10T13-49-29,1515588569198,0.85365856,-0.024390243,0.44660193,0.85365856
2018-1-10T13-49-29,1515588569199,0.85365856,-0.034146342,0.44660193,0.85365856
2018-1-10T13-49-29,1515588569200,0.85365856,-0.034146342,0.44660193,0.85365856
2018-1-10T13-49-29,1515588569201,0.8341463,-0.014634146,0.44660193,0.8341463
2018-1-10T13-49-29,1515588569202,0.84390247,-0.024390243,0.44660193,0.84390247
2018-1-10T13-49-29,1515588569203,0.85365856,-0.024390243,0.44660193,0.85365856
2018-1-10T13-49-29,1515588569204,0.8341463,-0.034146342,0.4563107,0.8341463
2018-1-10T13-49-29,1515588569205,0.80487806,-0.034146342,0.44660193,0.80487806
2018-1-10T13-49-29,1515588569206,0.84390247,-0.024390243,0.4368932,0.84390247
2018-1-10T13-49-29,1515588569207,0.84390247,-0.034146342,0.44660193,0.84390247
2018-1-10T13-49-29,1515588569208,0.8341463,-0.024390243,0.4563107,0.8341463
2018-1-10T13-49-29,1515588569209,0.84390247,-0.034146342,0.4368932,0.84390247
2018-1-10T13-49-29,1515588569210,0.8341463,-0.024390243,0.4368932,0.8341463
2018-1-10T13-49-29,1515588569211,0.84390247,-0.014634146,0.4368932,0.84390247
2018-1-10T13-49-29,1515588569212,0.85365856,-0.014634146,0.44660193,0.85365856
2018-1-10T13-49-29,1515588569213,0.84390247,-0.024390243,0.4368932,0.84390247
2018-1-10T13-49-29,1515588569214,0.84390247,-0.07317073,0.44660193,0.84390247
2018-1-10T13-49-29,1515588569215,0.77560973,-0.014634146,0.4368932,0.77560973
2018-1-10T13-49-29,1515588569216,0.84390247,-0.024390243,0.4368932,0.84390247
2018-1-10T13-49-29,1515588569217,0.85365856,-0.004878049,0.4563107,0.85365856
2018-1-10T13-49-29,1515588569218,0.8341463,-0.034146342,0.44660193,0.8341463
2018-1-10T13-49-29,1515588569219,0.85365856,-0.024390243,0.44660193,0.85365856
2018-1-10T13-49-29,1515588569220,0.84390247,-0.034146342,0.44660193,0.84390247
2018-1-10T13-49-29,1515588569221,0.85365856,-0.024390243,0.46601942,0.85365856
2018-1-10T13-49-29,1515588569222,0.84390247,-0.034146342,0.44660193,0.84390247
2018-1-10T13-49-29,1515588569223,0.84390247,-0.034146342,0.42718446,0.84390247
2018-1-10T13-49-29,1515588569224,0.84390247,-0.004878049,0.4368932,0.84390247
2018-1-10T13-49-29,1515588569225,0.84390247,-0.024390243,0.44660193,0.84390247
2018-1-10T13-49-29,1515588569226,0.84390247,-0.014634146,0.44660193,0.84390247
2018-1-10T13-49-29,1515588569227,0.8341463,-0.024390243,0.4368932,0.8341463
2018-1-10T13-49-29,1515588569228,0.84390247,-0.024390243,0.42718446,0.84390247
2018-1-10T13-49-29,1515588569229,0.84390247,-0.024390243,0.4563107,0.84390247
2018-1-10T13-49-29,1515588569230,0.84390247,-0.014634146,0.4368932,0.84390247
2018-1-10T13-49-29,1515588569231,0.85365856,0.06341463,0.4368932,0.85365856
2018-1-10T13-49-29,1515588569232,0.85365856,-0.034146342,0.42718446,0.85365856
2018-1-10T13-49-29,1515588569233,0.85365856,-0.014634146,0.44660193,0.85365856
2018-1-10T13-49-29,1515588569234,0.84390247,-0.024390243,0.4368932,0.84390247
2018-1-10T13-49-29,1515588569235,0.85365856,-0.024390243,0.44660193,0.85365856
2018-1-10T13-49-29,1515588569236,0.8341463,-0.024390243,0.44660193,0.8341463
2018-1-10T13-49-29,1515588569237,0.82439023,-0.034146342,0.4563107,0.82439023
2018-1-10T13-49-29,1515588569238,0.84390247,-0.034146342,0.44660193,0.84390247
2018-1-10T13-49-29,1515588569239,0.85365856,-0.024390243,0.44660193,0.85365856
2018-1-10T13-49-29,1515588569240,0.85365856,-0.024390243,0.4368932,0.85365856
2018-1-10T13-49-29,1515588569241,0.86341465,-0.024390243,0.44660193,0.86341465
2018-1-10T13-49-29,1515588569242,0.8341463,-0.014634146,0.44660193,0.8341463
2018-1-10T13-49-29,1515588569243,0.84390247,-0.024390243,0.44660193,0.84390247
2018-1-10T13-49-29,1515588569244,0.84390247,-0.06341463,0.4368932,0.84390247
2018-1-10T13-49-29,1515588569245,0.84390247,-0.034146342,0.44660193,0.84390247
2018-1-10T13-49-29,1515588569246,0.84390247,-0.024390243,0.4368932,0.84390247
2018-1-10T13-49-29,1515588569247,0.85365856,-0.014634146,0.5048544,0.85365856
2018-1-10T13-49-29,1515588569248,0.84390247,-0.024390243,0.4368932,0.84390247
2018-1-10T13-49-29,1515588569249,0.8341463,-0.034146342,0.44660193,0.8341463
2018-1-10T13-49-29,1515588569250,0.85365856,-0.034146342,0.4563107,0.85365856
2018-1-10T13-49-29,1515588569251,0.84390247,-0.014634146,0.4368932,0.84390247
2018-1-10T13-49-29,1515588569252,0.84390247,-0.024390243,0.4368932,0.84390247
2018-1-10T13-49-29,1515588569253,0.81463414,-0.024390243,0.44660193,0.81463414
2018-1-10T13-49-29,1515588569254,0.8341463,-0.024390243,0.44660193,0.8341463
2018-1-10T13-49-29,1515588569255,0.80487806,-0.024390243,0.4368932,0.80487806
2018-1-10T13-49-29,1515588569256,0.84390247,-0.043902438,0.4368932,0.84390247
2018-1-10T13-49-29,1515588569257,0.85365856,-0.024390243,0.44660193,0.85365856
2018-1-10T13-49-29,1515588569258,0.8341463,-0.014634146,0.4368932,0.8341463
2018-1-10T13-49-29,1515588569259,0.84390247,-0.024390243,0.4368932,0.84390247
2018-1-10T13-49-29,1515588569260,0.8341463,-0.024390243,0.44660193,0.8341463
2018-1-10T13-49-29,1515588569261,0.84390247,-0.024390243,0.44660193,0.84390247
2018-1-10T13-49-29,1515588569262,0.84390247,-0.024390243,0.46601942,0.84390247
2018-1-10T13-49-29,1515588569263,0.84390247,0.024390243,0.4368932,0.84390247
2018-1-10T13-49-29,1515588569264,0.84390247,-0.024390243,0.4368932,0.84390247
2018-1-10T13-49-29,1515588569265,0.84390247,-0.014634146,0.4368932,0.84390247
2018-1-10T13-49-29,1515588569266,0.8341463,-0.024390243,0.44660193,0.8341463
2018-1-10T13-49-29,1515588569267,0.84390247,-0.034146342,0.44660193,0.84390247
2018-1-10T13-49-29,1515588569268,0.84390247,-0.024390243,0.4563107,0.84390247
2018-1-10T13-49-29,1515588569269,0.8341463,-0.024390243,0.4368932,0.8341463
2018-1-10T13-49-29,1515588569270,0.85365856,-0.024390243,0.4368932,0.85365856
2018-1-10T13-49-29,1515588569271,0.85365856,-0.024390243,0.4368932,0.85365856
2018-1-10T13-49-29,1515588569272,0.8341463,-0.024390243,0.44660193,0.8341463
2018-1-10T13-49-29,1515588569273,0.84390247,-0.024390243,0.42718446,0.84390247
2018-1-10T13-49-29,1515588569274,0.85365856,-0.024390243,0.4368932,0.85365856
2018-1-10T13-49-29,1515588569275,0.85365856,-0.024390243,0.4368932,0.85365856
2018-1-10T13-49-29,1515588569276,0.84390247,-0.024390243,0.4368932,0.84390247
2018-1-10T13-49-29,1515588569277,0.85365856,-0.034146342,0.4368932,0.85365856
2018-1-10T13-49-29,1515588569278,0.84390247,-0.014634146,0.4368932,0.84390247
2018-1-10T13-49-29,1515588569279,0.84390247,-0.024390243,0.39805827,0.84390247
2018-1-10T13-49-29,1515588569280,0.8341463,-0.024390243,0.4368932,0.8341463
2018-1-10T13-49-29,1515588569281,0.85365856,-0.024390243,0.44660193,0.85365856
2018-1-10T13-49-29,1515588569282,0.8341463,-0.024390243,0.44660193,0.8341463
2018-1-10T13-49-29,1515588569283,0.8341463,-0.024390243,0.44660193,0.8341463
2018-1-10T13-49-29,1515588569284,0.85365856,-0.024390243,0.44660193,0.85365856
2018-1-10T13-49-29,1515588569285,0.84390247,-0.034146342,0.4563107,0.84390247
2018-1-10T13-49-29,1515588569286,0.8341463,-0.024390243,0.44660193,0.8341463
2018-1-10T13-49-29,1515588569287,0.84390247,-0.034146342,0.4368932,0.84390247
2018-1-10T13-49-29,1515588569288,0.84390247,-0.034146342,0.47572815,0.84390247
2018-1-10T13-49-29,1515588569289,0.85365856,-0.014634146,0.42718446,0.85365856
2018-1-10T13-49-29,1515588569290,0.85365856,-0.024390243,0.44660193,0.85365856
2018-1-10T13-49-29,1515588569291,0.85365856,-0.034146342,0.44660193,0.85365856
2018-1-10T13-49-29,1515588569292,0.85365856,-0.014634146,0.4368932,0.85365856
2018-1-10T13-49-29,1515588569293,0.85365856,-0.034146342,0.44660193,0.85365856
2018-1-10T13-49-29,1515588569294,0.85365856,-0.024390243,0.4368932,0.85365856
2018-1-10T13-49-29,1515588569295,0.84390247,-0.034146342,0.4368932,0.84390247
2018-1-10T13-49-29,1515588569296,0.84390247,-0.014634146,0.4563107,0.84390247
2018-1-10T13-49-29,1515588569297,0.85365856,-0.034146342,0.4368932,0.85365856
2018-1-10T13-49-29,1515588569298,0.84390247,-0.014634146,0.4368932,0.84390247
2018-1-10T13-49-29,1515588569299,0.84390247,-0.024390243,0.4368932,0.84390247
2018-1-10T13-49-29,1515588569300,0.86341465,-0.034146342,0.44660193,0.86341465
2018-1-10T13-49-29,1515588569301,0.86341465,-0.024390243,0.44660193,0.86341465
2018-1-10T13-49-29,1515588569302,0.84390247,-0.024390243,0.44660193,0.84390247
2018-1-10T13-49-29,1515588569303,0.84390247,-0.024390243,0.4368932,0.84390247
2018-1-10T13-49-29,1515588569304,0.85365856,-0.024390243,0.44660193,0.85365856
2018-1-10T13-49-29,1515588569305,0.84390247,-0.024390243,0.41747573,0.84390247
2018-1-10T13-49-29,1515588569306,0.8341463,-0.034146342,0.44660193,0.8341463
2018-1-10T13-49-29,1515588569307,0.84390247,-0.024390243,0.4368932,0.84390247
2018-1-10T13-49-29,1515588569308,0.85365856,-0.024390243,0.4368932,0.85365856
2018-1-10T13-49-29,1515588569309,0.85365856,-0.004878049,0.39805827,0.85365856
2018-1-10T13-49-29,1515588569310,0.8341463,-0.024390243,0.4368932,0.8341463
2018-1-10T13-49-29,1515588569311,0.82439023,-0.014634146,0.44660193,0.82439023
2018-1-10T13-49-29,1515588569312,0.84390247,-0.024390243,0.44660193,0.84390247
2018-1-10T13-49-29,1515588569313,0.84390247,-0.024390243,0.44660193,0.84390247
2018-1-10T13-49-29,1515588569314,0.81463414,-0.014634146,0.4563107,0.81463414
2018-1-10T13-49-29,1515588569315,0.84390247,-0.034146342,0.42718446,0.84390247
2018-1-10T13-49-29,1515588569316,0.85365856,-0.024390243,0.4563107,0.85365856
2018-1-10T13-49-29,1515588569317,0.82439023,-0.024390243,0.4563107,0.82439023
2018-1-10T13-49-29,1515588569318,0.84390247,-0.034146342,0.44660193,0.84390247
2018-1-10T13-49-29,1515588569319,0.8341463,-0.004878049,0.44660193,0.8341463
2018-1-10T13-49-29,1515588569320,0.81463414,-0.024390243,0.44660193,0.81463414
2018-1-10T13-49-29,1515588569321,0.84390247,-0.024390243,0.44660193,0.84390247
2018-1-10T13-49-29,1515588569322,0.85365856,-0.024390243,0.44660193,0.85365856
2018-1-10T13-49-29,1515588569323,0.84390247,-0.024390243,0.44660193,0.84390247
2018-1-10T13-49-29,1515588569324,0.85365856,-0.034146342,0.44660193,0.85365856
2018-1-10T13-49-29,1515588569325,0.84390247,-0.024390243,0.4563107,0.84390247
2018-1-10T13-49-29,1515588569326,0.85365856,-0.024390243,0.44660193,0.85365856
2018-1-10T13-49-29,1515588569327,0.84390247,-0.024390243,0.44660193,0.84390247
2018-1-10T13-49-29,1515588569328,0.84390247,-0.024390243,0.44660193,0.84390247
2018-1-10T13-49-29,1515588569329,0.85365856,-0.024390243,0.4368932,0.85365856
2018-1-10T13-49-29,1515588569330,0.85365856,-0.024390243,0.4563107,0.85365856
2018-1-10T13-49-29,1515588569331,0.85365856,-0.024390243,0.44660193,0.85365856
2018-1-10T13-49-29,1515588569332,0.85365856,-0.014634146,0.4368932,0.85365856
2018-1-10T13-49-29,1515588569333,0.84390247,-0.024390243,0.41747573,0.84390247
2018-1-10T13-49-29,1515588569334,0.85365856,-0.024390243,0.4563107,0.85365856
2018-1-10T13-49-29,1515588569335,0.84390247,-0.034146342,0.44660193,0.84390247
2018-1-10T13-49-29,1515588569336,0.84390247,-0.024390243,0.4368932,0.84390247
2018-1-10T13-49-29,1515588569337,0.81463414,-0.024390243,0.4368932,0.81463414
2018-1-10T13-49-29,1515588569338,0.85365856,-0.034146342,0.4368932,0.85365856
2018-1-10T13-49-29,1515588569339,0.84390247,-0.034146342,0.4368932,0.84390247
2018-1-10T13-49-29,1515588569340,0.85365856,-0.004878049,0.44660193,0.85365856
2018-1-10T13-49-29,1515588569341,0.84390247,-0.08292683,0.44660193,0.84390247
2018-1-10T13-49-29,1515588569342,0.79512197,-0.034146342,0.4368932,0.79512197
2018-1-10T13-49-29,1515588569343,0.84390247,-0.014634146,0.44660193,0.84390247
2018-1-10T13-49-29,1515588569344,0.84390247,-0.014634146,0.44660193,0.84390247
2018-1-10T13-49-29,1515588569345,0.84390247,-0.024390243,0.4368932,0.84390247
2018-1-10T13-49-29,1515588569346,0.84390247,-0.024390243,0.41747573,0.84390247
2018-1-10T13-49-29,1515588569347,0.80487806,-0.034146342,0.44660193,0.80487806
2018-1-10T13-49-29,1515588569348,0.8341463,-0.014634146,0.4368932,0.8341463
2018-1-10T13-49-29,1515588569349,0.84390247,-0.024390243,0.47572815,0.84390247
2018-1-10T13-49-29,1515588569350,0.84390247,-0.024390243,0.4368932,0.84390247
2018-1-10T13-49-29,1515588569351,0.85365856,-0.014634146,0.42718446,0.85365856
2018-1-10T13-49-29,1515588569352,0.84390247,-0.014634146,0.4368932,0.84390247
2018-1-10T13-49-29,1515588569353,0.85365856,-0.024390243,0.4368932,0.85365856
2018-1-10T13-49-29,1515588569354,0.85365856,-0.024390243,0.4368932,0.85365856
2018-1-10T13-49-29,1515588569355,0.84390247,-0.053658538,0.44660193,0.84390247
2018-1-10T13-49-29,1515588569356,0.84390247,-0.024390243,0.4563107,0.84390247
2018-1-10T13-49-29,1515588569357,0.85365856,-0.024390243,0.44660193,0.85365856
2018-1-10T13-49-29,1515588569358,0.85365856,-0.024390243,0.4368932,0.85365856
2018-1-10T13-49-29,1515588569359,0.8341463,-0.014634146,0.44660193,0.8341463
2018-1-10T13-49-29,1515588569360,0.85365856,-0.043902438,0.44660193,0.85365856
2018-1-10T13-49-29,1515588569361,0.85365856,-0.024390243,0.4563107,0.85365856
2018-1-10T13-49-29,1515588569362,0.84390247,-0.024390243,0.4368932,0.84390247
2018-1-10T13-49-29,1515588569363,0.84390247,-0.024390243,0.44660193,0.84390247
2018-1-10T13-49-29,1515588569364,0.84390247,-0.034146342,0.5048544,0.84390247
2018-1-10T13-49-29,1515588569365,0.84390247,-0.004878049,0.4563107,0.84390247
2018-1-10T13-49-29,1515588569366,0.84390247,-0.014634146,0.4563107,0.84390247
2018-1-10T13-49-29,1515588569367,0.86341465,-0.014634146,0.4368932,0.86341465
2018-1-10T13-49-29,1515588569368,0.85365856,-0.024390243,0.4368932,0.85365856
2018-1-10T13-49-29,1515588569369,0.8341463,-0.024390243,0.4563107,0.8341463
2018-1-10T13-49-29,1515588569370,0.84390247,-0.024390243,0.4368932,0.84390247
2018-1-10T13-49-29,1515588569371,0.84390247,-0.024390243,0.44660193,0.84390247
2018-1-10T13-49-29,1515588569372,0.85365856,-0.024390243,0.44660193,0.85365856
2018-1-10T13-49-29,1515588569373,0.85365856,-0.024390243,0.46601942,0.85365856
2018-1-10T13-49-29,1515588569374,0.84390247,-0.004878049,0.4368932,0.84390247
2018-1-10T13-49-29,1515588569375,0.84390247,-0.014634146,0.44660193,0.84390247
2018-1-10T13-49-29,1515588569376,0.84390247,-0.024390243,0.44660193,0.84390247
2018-1-10T13-49-29,1515588569377,0.8829268,-0.024390243,0.4368932,0.8829268
2018-1-10T13-49-29,1515588569378,0.84390247,-0.024390243,0.44660193,0.84390247
2018-1-10T13-49-29,1515588569379,0.85365856,-0.024390243,0.4563107,0.85365856
2018-1-10T13-49-29,1515588569380,0.86341465,-0.024390243,0.4368932,0.86341465
2018-1-10T13-49-29,1515588569381,0.85365856,-0.014634146,0.4368932,0.85365856
2018-1-10T13-49-29,1515588569382,0.85365856,-0.014634146,0.44660193,0.85365856
2018-1-10T13-49-29,1515588569383,0.84390247,-0.014634146,0.44660193,0.84390247
2018-1-10T13-49-29,1515588569384,0.84390247,-0.024390243,0.4368932,0.84390247
2018-1-10T13-49-29,1515588569385,0.8341463,-0.004878049,0.41747573,0.8341463
2018-1-10T13-49-29,1515588569386,0.8341463,0.014634146,0.44660193,0.8341463
2018-1-10T13-49-29,1515588569387,0.82439023,-0.024390243,0.4368932,0.82439023
2018-1-10T13-49-29,1515588569388,0.84390247,-0.024390243,0.44660193,0.84390247
2018-1-10T13-49-29,1515588569389,0.84390247,-0.014634146,0.4563107,0.84390247
2018-1-10T13-49-29,1515588569390,0.84390247,-0.014634146,0.44660193,0.84390247
2018-1-10T13-49-29,1515588569391,0.84390247,-0.014634146,0.4368932,0.84390247
2018-1-10T13-49-29,1515588569392,0.84390247,-0.024390243,0.44660193,0.84390247
2018-1-10T13-49-29,1515588569393,0.86341465,-0.014634146,0.4368932,0.86341465
2018-1-10T13-49-29,1515588569394,0.8341463,-0.024390243,0.4368932,0.8341463
2018-1-10T13-49-29,1515588569395,0.81463414,-0.024390243,0.4563107,0.81463414
2018-1-10T13-49-29,1515588569396,0.84390247,-0.034146342,0.44660193,0.84390247
2018-1-10T13-49-29,1515588569397,0.82439023,-0.024390243,0.44660193,0.82439023
2018-1-10T13-49-29,1515588569398,0.8341463,-0.034146342,0.44660193,0.8341463
2018-1-10T13-49-29,1515588569399,0.85365856,-0.024390243,0.44660193,0.85365856
2018-1-10T13-49-29,1515588569400,0.84390247,-0.014634146,0.44660193,0.84390247
2018-1-10T13-49-29,1515588569401,0.8341463,-0.024390243,0.4563107,0.8341463
2018-1-10T13-49-29,1515588569402,0.84390247,-0.024390243,0.44660193,0.84390247
2018-1-10T13-49-29,1515588569403,0.85365856,-0.024390243,0.44660193,0.85365856
2018-1-10T13-49-29,1515588569404,0.84390247,-0.024390243,0.4563107,0.84390247
2018-1-10T13-49-29,1515588569405,0.84390247,-0.024390243,0.4854369,0.84390247
2018-1-10T13-49-29,1515588569406,0.84390247,-0.024390243,0.4368932,0.84390247
2018-1-10T13-49-29,1515588569407,0.85365856,-0.024390243,0.44660193,0.85365856
2018-1-10T13-49-29,1515588569408,0.8829268,-0.024390243,0.44660193,0.8829268
2018-1-10T13-49-29,1515588569409,0.84390247,-0.034146342,0.4368932,0.84390247
2018-1-10T13-49-29,1515588569410,0.86341465,-0.024390243,0.44660193,0.86341465
2018-1-10T13-49-29,1515588569411,0.84390247,-0.024390243,0.42718446,0.84390247
2018-1-10T13-49-29,1515588569412,0.8341463,-0.024390243,0.44660193,0.8341463
2018-1-10T13-49-29,1515588569413,0.84390247,-0.024390243,0.44660193,0.84390247
2018-1-10T13-49-29,1515588569414,0.85365856,-0.014634146,0.4563107,0.85365856
2018-1-10T13-49-29,1515588569415,0.84390247,-0.024390243,0.4368932,0.84390247
2018-1-10T13-49-29,1515588569416,0.84390247,-0.043902438,0.44660193,0.84390247
2018-1-10T13-49-29,1515588569417,0.84390247,-0.014634146,0.44660193,0.84390247
2018-1-10T13-49-29,1515588569418,0.84390247,-0.014634146,0.44660193,0.84390247
2018-1-10T13-49-29,1515588569419,0.8926829,-0.034146342,0.44660193,0.8926829
2018-1-10T13-49-29,1515588569420,0.85365856,-0.024390243,0.44660193,0.85365856
2018-1-10T13-49-29,1515588569421,0.84390247,-0.014634146,0.46601942,0.84390247
2018-1-10T13-49-29,1515588569422,0.84390247,-0.024390243,0.44660193,0.84390247
2018-1-10T13-49-29,1515588569423,0.85365856,-0.004878049,0.3883495,0.85365856
2018-1-10T13-49-29,1515588569424,0.85365856,-0.024390243,0.4368932,0.85365856
2018-1-10T13-49-29,1515588569425,0.85365856,-0.014634146,0.4368932,0.85365856
2018-1-10T13-49-29,1515588569426,0.85365856,-0.014634146,0.42718446,0.85365856
2018-1-10T13-49-29,1515588569427,0.85365856,-0.034146342,0.407767,0.85365856
2018-1-10T13-49-29,1515588569428,0.85365856,-0.024390243,0.44660193,0.85365856
2018-1-10T13-49-29,1515588569429,0.8341463,-0.024390243,0.44660193,0.8341463
2018-1-10T13-49-29,1515588569430,0.84390247,-0.024390243,0.44660193,0.84390247
2018-1-10T13-49-29,1515588569431,0.76585364,-0.014634146,0.44660193,0.76585364
2018-1-10T13-49-29,1515588569432,0.84390247,-0.014634146,0.44660193,0.84390247
2018-1-10T13-49-29,1515588569433,0.8341463,-0.014634146,0.44660193,0.8341463
2018-1-10T13-49-29,1515588569434,0.8341463,-0.024390243,0.44660193,0.8341463
2018-1-10T13-49-29,1515588569435,0.85365856,-0.024390243,0.44660193,0.85365856
2018-1-10T13-49-29,1515588569436,0.84390247,-0.024390243,0.44660193,0.84390247
2018-1-10T13-49-29,1515588569437,0.85365856,-0.014634146,0.44660193,0.85365856
2018-1-10T13-49-29,1515588569438,0.84390247,-0.024390243,0.4368932,0.84390247
2018-1-10T13-49-29,1515588569439,0.84390247,-0.024390243,0.4368932,0.84390247
2018-1-10T13-49-29,1515588569440,0.84390247,-0.024390243,0.44660193,0.84390247
2018-1-10T13-49-29,1515588569441,0.85365856,-0.004878049,0.4368932,0.85365856
2018-1-10T13-49-29,1515588569442,0.86341465,-0.034146342,0.44660193,0.86341465
2018-1-10T13-49-29,1515588569443,0.81463414,-0.024390243,0.407767,0.81463414
2018-1-10T13-49-29,1515588569444,0.8829268,-0.034146342,0.44660193,0.8829268
2018-1-10T13-49-29,1515588569445,0.84390247,-0.004878049,0.44660193,0.84390247
2018-1-10T13-49-29,1515588569446,0.84390247,-0.034146342,0.4368932,0.84390247
2018-1-10T13-49-29,1515588569447,0.92195123,-0.014634146,0.44660193,0.92195123
2018-1-10T13-49-29,1515588569448,0.85365856,-0.014634146,0.4368932,0.85365856
2018-1-10T13-49-29,1515588569449,0.85365856,-0.024390243,0.44660193,0.85365856
2018-1-10T13-49-29,1515588569450,0.84390247,-0.024390243,0.44660193,0.84390247
2018-1-10T13-49-29,1515588569451,0.84390247,-0.004878049,0.44660193,0.84390247
2018-1-10T13-49-29,1515588569452,0.85365856,-0.014634146,0.4563107,0.85365856
2018-1-10T13-49-29,1515588569453,0.8341463,-0.034146342,0.44660193,0.8341463
2018-1-10T13-49-29,1515588569454,0.84390247,-0.024390243,0.4563107,0.84390247
2018-1-10T13-49-29,1515588569455,0.84390247,-0.024390243,0.44660193,0.84390247
2018-1-10T13-49-29,1515588569456,0.85365856,-0.024390243,0.4368932,0.85365856
2018-1-10T13-49-29,1515588569457,0.84390247,-0.024390243,0.44660193,0.84390247
2018-1-10T13-49-29,1515588569458,0.8829268,-0.014634146,0.4368932,0.8829268
2018-1-10T13-49-29,1515588569459,0.84390247,-0.024390243,0.44660193,0.84390247
2018-1-10T13-49-29,1515588569460,0.8829268,-0.024390243,0.44660193,0.8829268
2018-1-10T13-49-29,1515588569461,0.85365856,-0.034146342,0.44660193,0.85365856
2018-1-10T13-49-29,1515588569462,0.84390247,-0.014634146,0.44660193,0.84390247
2018-1-10T13-49-29,1515588569463,0.84390247,-0.004878049,0.44660193,0.84390247
2018-1-10T13-49-29,1515588569464,0.84390247,-0.014634146,0.4854369,0.84390247
2018-1-10T13-49-29,1515588569465,0.84390247,-0.024390243,0.44660193,0.84390247
2018-1-10T13-49-29,1515588569466,0.85365856,-0.004878049,0.44660193,0.85365856
2018-1-10T13-49-29,1515588569467,0.85365856,-0.024390243,0.4563107,0.85365856
2018-1-10T13-49-29,1515588569468,0.85365856,-0.014634146,0.44660193,0.85365856
2018-1-10T13-49-29,1515588569469,0.85365856,-0.014634146,0.44660193,0.85365856
2018-1-10T13-49-29,1515588569470,0.85365856,-0.024390243,0.44660193,0.85365856
2018-1-10T13-49-29,1515588569471,0.85365856,-0.024390243,0.44660193,0.85365856
2018-1-10T13-49-29,1515588569472,0.84390247,-0.024390243,0.44660193,0.84390247
2018-1-10T13-49-29,1515588569473,0.85365856,-0.024390243,0.44660193,0.85365856
2018-1-10T13-49-29,1515588569474,0.84390247,-0.024390243,0.44660193,0.84390247
2018-1-10T13-49-29,1515588569475,0.84390247,-0.014634146,0.4368932,0.84390247
2018-1-10T13-49-29,1515588569476,0.84390247,-0.014634146,0.44660193,0.84390247
2018-1-10T13-49-29,1515588569477,0.80487806,-0.014634146,0.4563107,0.80487806
2018-1-10T13-49-29,1515588569478,0.82439023,-0.014634146,0.44660193,0.82439023
2018-1-10T13-49-29,1515588569479,0.86341465,-0.024390243,0.44660193,0.86341465
2018-1-10T13-49-29,1515588569480,0.84390247,-0.034146342,0.44660193,0.84390247
2018-1-10T13-49-29,1515588569481,0.8341463,-0.024390243,0.4368932,0.8341463
2018-1-10T13-49-29,1515588569482,0.85365856,-0.024390243,0.4563107,0.85365856
2018-1-10T13-49-29,1515588569483,0.86341465,-0.024390243,0.44660193,0.86341465
2018-1-10T13-49-29,1515588569484,0.85365856,-0.024390243,0.44660193,0.85365856
2018-1-10T13-49-29,1515588569485,0.84390247,-0.034146342,0.407767,0.84390247
2018-1-10T13-49-29,1515588569486,0.84390247,-0.024390243,0.4368932,0.84390247
2018-1-10T13-49-29,1515588569487,0.84390247,-0.024390243,0.4563107,0.84390247
2018-1-10T13-49-29,1515588569488,0.85365856,-0.024390243,0.44660193,0.85365856
2018-1-10T13-49-29,1515588569489,0.86341465,0.004878049,0.44660193,0.86341465
2018-1-10T13-49-29,1515588569490,0.84390247,-0.024390243,0.44660193,0.84390247
2018-1-10T13-49-29,1515588569491,0.85365856,-0.014634146,0.4854369,0.85365856
2018-1-10T13-49-29,1515588569492,0.85365856,-0.014634146,0.44660193,0.85365856
2018-1-10T13-49-29,1515588569493,0.8341463,-0.024390243,0.44660193,0.8341463
2018-1-10T13-49-29,1515588569494,0.8341463,-0.034146342,0.41747573,0.8341463
2018-1-10T13-49-29,1515588569495,0.8341463,-0.024390243,0.4368932,0.8341463
2018-1-10T13-49-29,1515588569496,0.85365856,-0.024390243,0.44660193,0.85365856
2018-1-10T13-49-29,1515588569497,0.85365856,-0.024390243,0.44660193,0.85365856
2018-1-10T13-49-29,1515588569498,0.84390247,-0.024390243,0.4563107,0.84390247
2018-1-10T13-49-29,1515588569499,0.84390247,-0.034146342,0.44660193,0.84390247
2018-1-10T13-49-29,1515588569500,0.84390247,-0.10243902,0.4368932,0.84390247
2018-1-10T13-49-29,1515588569501,0.84390247,-0.024390243,0.4368932,0.84390247
2018-1-10T13-49-29,1515588569502,0.85365856,-0.043902438,0.46601942,0.85365856
2018-1-10T13-49-29,1515588569503,0.81463414,-0.024390243,0.44660193,0.81463414
2018-1-10T13-49-29,1515588569504,0.84390247,-0.014634146,0.4368932,0.84390247
2018-1-10T13-49-29,1515588569505,0.85365856,0.004878049,0.44660193,0.85365856
2018-1-10T13-49-29,1515588569506,0.85365856,-0.024390243,0.4368932,0.85365856
2018-1-10T13-49-29,1515588569507,0.84390247,-0.034146342,0.44660193,0.84390247
2018-1-10T13-49-29,1515588569508,0.85365856,-0.024390243,0.44660193,0.85365856
2018-1-10T13-49-29,1515588569509,0.84390247,-0.014634146,0.4563107,0.84390247
2018-1-10T13-49-29,1515588569510,0.84390247,-0.024390243,0.44660193,0.84390247
2018-1-10T13-49-29,1515588569511,0.8829268,-0.024390243,0.44660193,0.8829268
2018-1-10T13-49-29,1515588569512,0.8341463,-0.024390243,0.4368932,0.8341463
2018-1-10T13-49-29,1515588569513,0.85365856,-0.024390243,0.4368932,0.85365856
2018-1-10T13-49-29,1515588569514,0.8341463,-0.024390243,0.4368932,0.8341463
2018-1-10T13-49-29,1515588569515,0.84390247,-0.024390243,0.44660193,0.84390247
2018-1-10T13-49-29,1515588569516,0.85365856,-0.024390243,0.44660193,0.85365856
2018-1-10T13-49-29,1515588569517,0.84390247,-0.024390243,0.4368932,0.84390247
2018-1-10T13-49-29,1515588569518,0.8341463,-0.024390243,0.44660193,0.8341463
2018-1-10T13-49-29,1515588569519,0.85365856,-0.024390243,0.4368932,0.85365856
2018-1-10T13-49-29,1515588569520,0.85365856,-0.024390243,0.4368932,0.85365856
2018-1-10T13-49-29,1515588569521,0.84390247,-0.014634146,0.44660193,0.84390247
2018-1-10T13-49-29,1515588569522,0.85365856,-0.024390243,0.44660193,0.85365856
2018-1-10T13-49-29,1515588569523,0.86341465,-0.024390243,0.4368932,0.86341465
2018-1-10T13-49-29,1515588569524,0.84390247,-0.024390243,0.4368932,0.84390247
2018-1-10T13-49-29,1515588569525,0.8341463,-0.024390243,0.4368932,0.8341463
2018-1-10T13-49-29,1515588569526,0.8341463,-0.014634146,0.44660193,0.8341463
2018-1-10T13-49-29,1515588569527,0.84390247,-0.014634146,0.4563107,0.84390247
2018-1-10T13-49-29,1515588569528,0.8341463,-0.024390243,0.4368932,0.8341463
2018-1-10T13-49-29,1515588569529,0.84390247,-0.014634146,0.4368932,0.84390247
2018-1-10T13-49-29,1515588569530,0.85365856,-0.024390243,0.4368932,0.85365856
2018-1-10T13-49-29,1515588569531,0.84390247,-0.014634146,0.407767,0.84390247
2018-1-10T13-49-29,1515588569532,0.84390247,-0.014634146,0.4368932,0.84390247
2018-1-10T13-49-29,1515588569533,0.85365856,-0.014634146,0.4368932,0.85365856
2018-1-10T13-49-29,1515588569534,0.84390247,-0.024390243,0.44660193,0.84390247
2018-1-10T13-49-29,1515588569535,0.84390247,-0.014634146,0.44660193,0.84390247
2018-1-10T13-49-29,1515588569536,0.84390247,-0.014634146,0.42718446,0.84390247
2018-1-10T13-49-29,1515588569537,0.82439023,-0.014634146,0.4368932,0.82439023
2018-1-10T13-49-29,1515588569538,0.84390247,-0.024390243,0.44660193,0.84390247
2018-1-10T13-49-29,1515588569539,0.8341463,-0.024390243,0.44660193,0.8341463
2018-1-10T13-49-29,1515588569540,0.85365856,-0.004878049,0.4563107,0.85365856
2018-1-10T13-49-29,1515588569541,0.84390247,-0.024390243,0.44660193,0.84390247
2018-1-10T13-49-29,1515588569542,0.86341465,-0.004878049,0.44660193,0.86341465
2018-1-10T13-49-29,1515588569543,0.8341463,-0.024390243,0.44660193,0.8341463
2018-1-10T13-49-29,1515588569544,0.85365856,-0.014634146,0.44660193,0.85365856
2018-1-10T13-49-29,1515588569545,0.84390247,-0.014634146,0.44660193,0.84390247
2018-1-10T13-49-29,1515588569546,0.86341465,-0.024390243,0.4368932,0.86341465
2018-1-10T13-49-29,1515588569547,0.85365856,-0.014634146,0.3883495,0.85365856
2018-1-10T13-49-29,1515588569548,0.85365856,-0.024390243,0.44660193,0.85365856
2018-1-10T13-49-29,1515588569549,0.84390247,-0.024390243,0.44660193,0.84390247
2018-1-10T13-49-29,1515588569550,0.85365856,-0.014634146,0.47572815,0.85365856
2018-1-10T13-49-29,1515588569551,0.84390247,-0.034146342,0.44660193,0.84390247
2018-1-10T13-49-29,1515588569552,0.84390247,-0.024390243,0.44660193,0.84390247
2018-1-10T13-49-29,1515588569553,0.84390247,-0.034146342,0.4368932,0.84390247
2018-1-10T13-49-29,1515588569554,0.85365856,-0.024390243,0.4563107,0.85365856
2018-1-10T13-49-29,1515588569555,0.86341465,-0.014634146,0.44660193,0.86341465
2018-1-10T13-49-29,1515588569556,0.84390247,-0.014634146,0.44660193,0.84390247
2018-1-10T13-49-29,1515588569557,0.84390247,-0.034146342,0.4368932,0.84390247
2018-1-10T13-49-29,1515588569558,0.84390247,-0.004878049,0.4563107,0.84390247
2018-1-10T13-49-29,1515588569559,0.84390247,-0.043902438,0.46601942,0.84390247
2018-1-10T13-49-29,1515588569560,0.85365856,-0.014634146,0.4368932,0.85365856
2018-1-10T13-49-29,1515588569561,0.82439023,-0.014634146,0.42718446,0.82439023
2018-1-10T13-49-29,1515588569562,0.84390247,-0.034146342,0.4854369,0.84390247
2018-1-10T13-49-29,1515588569563,0.84390247,-0.024390243,0.44660193,0.84390247
2018-1-10T13-49-29,1515588569564,0.8341463,-0.024390243,0.4563107,0.8341463
2018-1-10T13-49-29,1515588569565,0.84390247,-0.024390243,0.44660193,0.84390247
2018-1-10T13-49-29,1515588569566,0.84390247,-0.014634146,0.44660193,0.84390247
2018-1-10T13-49-29,1515588569567,0.85365856,-0.004878049,0.4368932,0.85365856
2018-1-10T13-49-29,1515588569568,0.84390247,-0.024390243,0.4368932,0.84390247
2018-1-10T13-49-29,1515588569569,0.84390247,-0.024390243,0.46601942,0.84390247
2018-1-10T13-49-29,1515588569570,0.86341465,-0.014634146,0.4368932,0.86341465
2018-1-10T13-49-29,1515588569571,0.85365856,-0.014634146,0.4368932,0.85365856
2018-1-10T13-49-29,1515588569572,0.8341463,-0.034146342,0.44660193,0.8341463
2018-1-10T13-49-29,1515588569573,0.84390247,-0.024390243,0.4563107,0.84390247
2018-1-10T13-49-29,1515588569574,0.85365856,-0.024390243,0.44660193,0.85365856
2018-1-10T13-49-29,1515588569575,0.84390247,-0.024390243,0.44660193,0.84390247
2018-1-10T13-49-29,1515588569576,0.84390247,-0.014634146,0.4368932,0.84390247
2018-1-10T13-49-29,1515588569577,0.84390247,-0.024390243,0.44660193,0.84390247
2018-1-10T13-49-29,1515588569578,0.84390247,-0.024390243,0.44660193,0.84390247
2018-1-10T13-49-29,1515588569579,0.84390247,-0.014634146,0.4368932,0.84390247
2018-1-10T13-49-29,1515588569580,0.84390247,-0.024390243,0.42718446,0.84390247
2018-1-10T13-49-29,1515588569581,0.84390247,-0.024390243,0.44660193,0.84390247
2018-1-10T13-49-29,1515588569582,0.84390247,-0.034146342,0.44660193,0.84390247
2018-1-10T13-49-29,1515588569583,0.84390247,-0.014634146,0.44660193,0.84390247
2018-1-10T13-49-29,1515588569584,0.84390247,-0.014634146,0.4368932,0.84390247
2018-1-10T13-49-29,1515588569585,0.84390247,-0.014634146,0.44660193,0.84390247
2018-1-10T13-49-29,1515588569586,0.84390247,-0.024390243,0.44660193,0.84390247
2018-1-10T13-49-29,1515588569587,0.81463414,-0.014634146,0.44660193,0.81463414
2018-1-10T13-49-29,1515588569588,0.84390247,-0.024390243,0.44660193,0.84390247
2018-1-10T13-49-29,1515588569589,0.85365856,-0.024390243,0.3883495,0.85365856
2018-1-10T13-49-29,1515588569590,0.84390247,-0.024390243,0.4563107,0.84390247
2018-1-10T13-49-29,1515588569591,0.84390247,-0.014634146,0.44660193,0.84390247
2018-1-10T13-49-29,1515588569592,0.8829268,-0.014634146,0.41747573,0.8829268
2018-1-10T13-49-29,1515588569593,0.84390247,-0.024390243,0.44660193,0.84390247
2018-1-10T13-49-29,1515588569594,0.8341463,-0.034146342,0.44660193,0.8341463
2018-1-10T13-49-29,1515588569595,0.8341463,-0.024390243,0.44660193,0.8341463
2018-1-10T13-49-29,1515588569596,0.84390247,-0.014634146,0.44660193,0.84390247
2018-1-10T13-49-29,1515588569597,0.85365856,-0.024390243,0.44660193,0.85365856
2018-1-10T13-49-29,1515588569598,0.84390247,-0.014634146,0.407767,0.84390247
2018-1-10T13-49-29,1515588569599,0.84390247,-0.014634146,0.44660193,0.84390247
2018-1-10T13-49-29,1515588569600,0.84390247,-0.014634146,0.44660193,0.84390247
2018-1-10T13-49-29,1515588569601,0.84390247,-0.024390243,0.4563107,0.84390247
2018-1-10T13-49-29,1515588569602,0.84390247,-0.014634146,0.42718446,0.84390247
2018-1-10T13-49-29,1515588569603,0.85365856,-0.024390243,0.44660193,0.85365856
2018-1-10T13-49-29,1515588569604,0.7853659,-0.043902438,0.44660193,0.7853659
2018-1-10T13-49-29,1515588569605,0.85365856,-0.014634146,0.4368932,0.85365856
2018-1-10T13-49-29,1515588569606,0.84390247,-0.014634146,0.44660193,0.84390247
2018-1-10T13-49-29,1515588569607,0.84390247,-0.024390243,0.4368932,0.84390247
2018-1-10T13-49-29,1515588569608,0.85365856,-0.004878049,0.4368932,0.85365856
2018-1-10T13-49-29,1515588569609,0.85365856,-0.024390243,0.44660193,0.85365856
2018-1-10T13-49-29,1515588569610,0.8341463,-0.034146342,0.4368932,0.8341463
2018-1-10T13-49-29,1515588569611,0.84390247,-0.024390243,0.4368932,0.84390247
2018-1-10T13-49-29,1515588569612,0.85365856,-0.043902438,0.4368932,0.85365856
2018-1-10T13-49-29,1515588569613,0.85365856,-0.014634146,0.4368932,0.85365856
2018-1-10T13-49-29,1515588569614,0.84390247,-0.034146342,0.4368932,0.84390247
2018-1-10T13-49-29,1515588569615,0.85365856,-0.024390243,0.4368932,0.85365856
2018-1-10T13-49-29,1515588569616,0.84390247,-0.024390243,0.4563107,0.84390247
2018-1-10T13-49-29,1515588569617,0.85365856,-0.024390243,0.4368932,0.85365856
2018-1-10T13-49-29,1515588569618,0.84390247,0.024390243,0.4368932,0.84390247
2018-1-10T13-49-29,1515588569619,0.84390247,-0.08292683,0.44660193,0.84390247
2018-1-10T13-49-29,1515588569620,0.84390247,-0.024390243,0.44660193,0.84390247
2018-1-10T13-49-29,1515588569621,0.84390247,-0.024390243,0.44660193,0.84390247
2018-1-10T13-49-29,1515588569622,0.84390247,-0.014634146,0.4368932,0.84390247
2018-1-10T13-49-29,1515588569623,0.84390247,0.024390243,0.44660193,0.84390247
2018-1-10T13-49-29,1515588569624,0.84390247,-0.014634146,0.44660193,0.84390247
2018-1-10T13-49-29,1515588569625,0.84390247,-0.043902438,0.44660193,0.84390247
2018-1-10T13-49-29,1515588569626,0.85365856,-0.024390243,0.44660193,0.85365856
2018-1-10T13-49-29,1515588569627,0.87317073,-0.024390243,0.4368932,0.87317073
2018-1-10T13-49-29,1515588569628,0.85365856,-0.014634146,0.44660193,0.85365856
2018-1-10T13-49-29,1515588569629,0.85365856,-0.014634146,0.44660193,0.85365856
2018-1-10T13-49-29,1515588569630,0.85365856,-0.014634146,0.46601942,0.85365856
2018-1-10T13-49-29,1515588569631,0.82439023,0.053658538,0.4368932,0.82439023
2018-1-10T13-49-29,1515588569632,0.84390247,-0.014634146,0.42718446,0.84390247
2018-1-10T13-49-29,1515588569633,0.85365856,-0.034146342,0.4368932,0.85365856
2018-1-10T13-49-29,1515588569634,0.84390247,-0.014634146,0.4368932,0.84390247
2018-1-10T13-49-29,1515588569635,0.85365856,-0.024390243,0.44660193,0.85365856
2018-1-10T13-49-29,1515588569636,0.85365856,-0.004878049,0.4368932,0.85365856
2018-1-10T13-49-29,1515588569637,0.84390247,-0.014634146,0.4368932,0.84390247
2018-1-10T13-49-29,1515588569638,0.85365856,-0.024390243,0.44660193,0.85365856
2018-1-10T13-49-29,1515588569639,0.84390247,-0.014634146,0.44660193,0.84390247
2018-1-10T13-49-29,1515588569640,0.85365856,-0.014634146,0.4368932,0.85365856
2018-1-10T13-49-29,1515588569641,0.85365856,-0.024390243,0.4368932,0.85365856
2018-1-10T13-49-29,1515588569642,0.84390247,-0.024390243,0.4368932,0.84390247
2018-1-10T13-49-29,1515588569643,0.85365856,-0.034146342,0.4368932,0.85365856
2018-1-10T13-49-29,1515588569644,0.84390247,-0.034146342,0.4368932,0.84390247
2018-1-10T13-49-29,1515588569645,0.86341465,-0.024390243,0.44660193,0.86341465
2018-1-10T13-49-29,1515588569646,0.84390247,-0.014634146,0.4368932,0.84390247
2018-1-10T13-49-29,1515588569647,0.87317073,-0.014634146,0.44660193,0.87317073
2018-1-10T13-49-29,1515588569648,0.84390247,-0.024390243,0.44660193,0.84390247
2018-1-10T13-49-29,1515588569649,0.85365856,-0.024390243,0.44660193,0.85365856
2018-1-10T13-49-29,1515588569650,0.84390247,-0.024390243,0.44660193,0.84390247
2018-1-10T13-49-29,1515588569651,0.84390247,-0.043902438,0.44660193,0.84390247
2018-1-10T13-49-29,1515588569652,0.84390247,-0.014634146,0.44660193,0.84390247
2018-1-10T13-49-29,1515588569653,0.84390247,-0.014634146,0.44660193,0.84390247
2018-1-10T13-49-29,1515588569654,0.85365856,-0.024390243,0.4563107,0.85365856
2018-1-10T13-49-29,1515588569655,0.84390247,-0.024390243,0.44660193,0.84390247
2018-1-10T13-49-29,1515588569656,0.84390247,-0.004878049,0.44660193,0.84390247
2018-1-10T13-49-29,1515588569657,0.84390247,-0.014634146,0.44660193,0.84390247
2018-1-10T13-49-29,1515588569658,0.85365856,-0.024390243,0.4368932,0.85365856
2018-1-10T13-49-29,1515588569659,0.85365856,-0.014634146,0.4368932,0.85365856
2018-1-10T13-49-29,1515588569660,0.84390247,-0.024390243,0.44660193,0.84390247
2018-1-10T13-49-29,1515588569661,0.84390247,-0.024390243,0.44660193,0.84390247
2018-1-10T13-49-29,1515588569662,0.84390247,-0.014634146,0.4368932,0.84390247
2018-1-10T13-49-29,1515588569663,0.84390247,-0.014634146,0.4563107,0.84390247
2018-1-10T13-49-29,1515588569664,0.84390247,-0.024390243,0.4368932,0.84390247
2018-1-10T13-49-29,1515588569665,0.87317073,-0.024390243,0.44660193,0.87317073
2018-1-10T13-49-29,1515588569666,0.7853659,-0.024390243,0.4368932,0.7853659
2018-1-10T13-49-29,1515588569667,0.84390247,-0.014634146,0.44660193,0.84390247
2018-1-10T13-49-29,1515588569668,0.85365856,-0.024390243,0.49514562,0.85365856
2018-1-10T13-49-29,1515588569669,0.85365856,-0.004878049,0.4368932,0.85365856
2018-1-10T13-49-29,1515588569670,0.85365856,-0.07317073,0.44660193,0.85365856
2018-1-10T13-49-29,1515588569671,0.8341463,-0.024390243,0.44660193,0.8341463
2018-1-10T13-49-29,1515588569672,0.84390247,-0.024390243,0.44660193,0.84390247
2018-1-10T13-49-29,1515588569673,0.84390247,-0.024390243,0.44660193,0.84390247
2018-1-10T13-49-29,1515588569674,0.84390247,-0.014634146,0.47572815,0.84390247
2018-1-10T13-49-29,1515588569675,0.8341463,-0.043902438,0.4368932,0.8341463
2018-1-10T13-49-29,1515588569676,0.84390247,-0.024390243,0.44660193,0.84390247
2018-1-10T13-49-29,1515588569677,0.84390247,-0.014634146,0.44660193,0.84390247
2018-1-10T13-49-29,1515588569678,0.85365856,-0.043902438,0.4368932,0.85365856
2018-1-10T13-49-29,1515588569679,0.84390247,-0.024390243,0.4368932,0.84390247
2018-1-10T13-49-29,1515588569680,0.85365856,-0.024390243,0.4368932,0.85365856
2018-1-10T13-49-29,1515588569681,0.85365856,-0.024390243,0.44660193,0.85365856
2018-1-10T13-49-29,1515588569682,0.84390247,-0.024390243,0.44660193,0.84390247
2018-1-10T13-49-29,1515588569683,0.85365856,-0.034146342,0.4368932,0.85365856
2018-1-10T13-49-29,1515588569684,0.85365856,-0.034146342,0.44660193,0.85365856
2018-1-10T13-49-29,1515588569685,0.86341465,-0.024390243,0.4368932,0.86341465
2018-1-10T13-49-29,1515588569686,0.84390247,-0.014634146,0.4368932,0.84390247
2018-1-10T13-49-29,1515588569687,0.85365856,-0.024390243,0.4563107,0.85365856
2018-1-10T13-49-29,1515588569688,0.84390247,-0.024390243,0.44660193,0.84390247
2018-1-10T13-49-29,1515588569689,0.87317073,-0.014634146,0.44660193,0.87317073
2018-1-10T13-49-29,1515588569690,0.84390247,-0.024390243,0.4368932,0.84390247
2018-1-10T13-49-29,1515588569691,0.84390247,-0.024390243,0.4368932,0.84390247
2018-1-10T13-49-29,1515588569692,0.84390247,-0.004878049,0.4368932,0.84390247
2018-1-10T13-49-29,1515588569693,0.86341465,-0.024390243,0.44660193,0.86341465
2018-1-10T13-49-29,1515588569694,0.84390247,-0.024390243,0.44660193,0.84390247
2018-1-10T13-49-29,1515588569695,0.85365856,-0.034146342,0.4563107,0.85365856
2018-1-10T13-49-29,1515588569696,0.84390247,-0.024390243,0.46601942,0.84390247
2018-1-10T13-49-29,1515588569697,0.8341463,-0.024390243,0.44660193,0.8341463
2018-1-10T13-49-29,1515588569698,0.84390247,-0.024390243,0.44660193,0.84390247
2018-1-10T13-49-29,1515588569699,0.85365856,-0.024390243,0.44660193,0.85365856
2018-1-10T13-49-29,1515588569700,0.86341465,-0.024390243,0.44660193,0.86341465
2018-1-10T13-49-29,1515588569701,0.84390247,-0.10243902,0.44660193,0.84390247
2018-1-10T13-49-29,1515588569702,0.84390247,-0.034146342,0.407767,0.84390247
2018-1-10T13-49-29,1515588569703,0.86341465,-0.024390243,0.44660193,0.86341465
2018-1-10T13-49-29,1515588569704,0.84390247,0.004878049,0.4368932,0.84390247
2018-1-10T13-49-29,1515588569705,0.86341465,-0.024390243,0.42718446,0.86341465
2018-1-10T13-49-29,1515588569706,0.84390247,-0.024390243,0.44660193,0.84390247
2018-1-10T13-49-29,1515588569707,0.84390247,-0.024390243,0.4368932,0.84390247
2018-1-10T13-49-29,1515588569708,0.80487806,-0.014634146,0.41747573,0.80487806
2018-1-10T13-49-29,1515588569709,0.84390247,-0.014634146,0.44660193,0.84390247
2018-1-10T13-49-29,1515588569710,0.8341463,-0.014634146,0.42718446,0.8341463
2018-1-10T13-49-29,1515588569711,0.84390247,-0.024390243,0.4368932,0.84390247
2018-1-10T13-49-29,1515588569712,0.84390247,-0.024390243,0.44660193,0.84390247
2018-1-10T13-49-29,1515588569713,0.84390247,-0.014634146,0.44660193,0.84390247
2018-1-10T13-49-29,1515588569714,0.84390247,-0.014634146,0.4563107,0.84390247
2018-1-10T13-49-29,1515588569715,0.81463414,-0.024390243,0.4368932,0.81463414
2018-1-10T13-49-29,1515588569716,0.85365856,-0.014634146,0.44660193,0.85365856
2018-1-10T13-49-29,1515588569717,0.84390247,-0.024390243,0.4368932,0.84390247
2018-1-10T13-49-29,1515588569718,0.84390247,-0.014634146,0.4368932,0.84390247
2018-1-10T13-49-29,1515588569719,0.85365856,-0.014634146,0.44660193,0.85365856
2018-1-10T13-49-29,1515588569720,0.85365856,-0.024390243,0.4563107,0.85365856
2018-1-10T13-49-29,1515588569721,0.84390247,-0.014634146,0.44660193,0.84390247
2018-1-10T13-49-29,1515588569722,0.84390247,-0.024390243,0.4368932,0.84390247
2018-1-10T13-49-29,1515588569723,0.8341463,-0.024390243,0.4368932,0.8341463
2018-1-10T13-49-29,1515588569724,0.84390247,-0.004878049,0.4368932,0.84390247
2018-1-10T13-49-29,1515588569725,0.84390247,-0.024390243,0.4368932,0.84390247
2018-1-10T13-49-29,1515588569726,0.82439023,-0.034146342,0.4368932,0.82439023
2018-1-10T13-49-29,1515588569727,0.8341463,-0.034146342,0.44660193,0.8341463
2018-1-10T13-49-29,1515588569728,0.8341463,-0.014634146,0.44660193,0.8341463
2018-1-10T13-49-29,1515588569729,0.84390247,-0.034146342,0.41747573,0.84390247
2018-1-10T13-49-29,1515588569730,0.84390247,-0.014634146,0.4563107,0.84390247
2018-1-10T13-49-29,1515588569731,0.84390247,-0.024390243,0.4368932,0.84390247
2018-1-10T13-49-29,1515588569732,0.85365856,-0.014634146,0.4368932,0.85365856
2018-1-10T13-49-29,1515588569733,0.84390247,-0.014634146,0.44660193,0.84390247
2018-1-10T13-49-29,1515588569734,0.85365856,-0.034146342,0.46601942,0.85365856
2018-1-10T13-49-29,1515588569735,0.85365856,-0.024390243,0.44660193,0.85365856
2018-1-10T13-49-29,1515588569736,0.85365856,-0.034146342,0.44660193,0.85365856
2018-1-10T13-49-29,1515588569737,0.84390247,-0.024390243,0.42718446,0.84390247
2018-1-10T13-49-29,1515588569738,0.84390247,-0.014634146,0.4368932,0.84390247
2018-1-10T13-49-29,1515588569739,0.85365856,-0.034146342,0.44660193,0.85365856
2018-1-10T13-49-29,1515588569740,0.87317073,-0.024390243,0.46601942,0.87317073
2018-1-10T13-49-29,1515588569741,0.85365856,-0.024390243,0.47572815,0.85365856
2018-1-10T13-49-29,1515588569742,0.84390247,-0.024390243,0.44660193,0.84390247
2018-1-10T13-49-29,1515588569743,0.85365856,-0.014634146,0.4368932,0.85365856
2018-1-10T13-49-29,1515588569744,0.85365856,-0.034146342,0.4368932,0.85365856
2018-1-10T13-49-29,1515588569745,0.85365856,-0.014634146,0.42718446,0.85365856
2018-1-10T13-49-29,1515588569746,0.77560973,-0.014634146,0.44660193,0.77560973
2018-1-10T13-49-29,1515588569747,0.84390247,-0.014634146,0.4368932,0.84390247
2018-1-10T13-49-29,1515588569748,0.84390247,-0.024390243,0.44660193,0.84390247
2018-1-10T13-49-29,1515588569749,0.84390247,-0.014634146,0.4368932,0.84390247
2018-1-10T13-49-29,1515588569750,0.84390247,-0.004878049,0.4368932,0.84390247
2018-1-10T13-49-29,1515588569751,0.85365856,-0.024390243,0.44660193,0.85365856
2018-1-10T13-49-29,1515588569752,0.85365856,-0.024390243,0.4368932,0.85365856
2018-1-10T13-49-29,1515588569753,0.8341463,-0.024390243,0.44660193,0.8341463
2018-1-10T13-49-29,1515588569754,0.8341463,-0.014634146,0.4563107,0.8341463
2018-1-10T13-49-29,1515588569755,0.8341463,-0.014634146,0.44660193,0.8341463
2018-1-10T13-49-29,1515588569756,0.80487806,-0.024390243,0.4563107,0.80487806
2018-1-10T13-49-29,1515588569757,0.84390247,-0.014634146,0.3883495,0.84390247
2018-1-10T13-49-29,1515588569758,0.85365856,-0.014634146,0.4368932,0.85365856
2018-1-10T13-49-29,1515588569759,0.84390247,-0.024390243,0.44660193,0.84390247
2018-1-10T13-49-29,1515588569760,0.8341463,-0.024390243,0.44660193,0.8341463
2018-1-10T13-49-29,1515588569761,0.8926829,-0.014634146,0.44660193,0.8926829
2018-1-10T13-49-29,1515588569762,0.85365856,-0.024390243,0.4563107,0.85365856
2018-1-10T13-49-29,1515588569763,0.85365856,-0.014634146,0.42718446,0.85365856
2018-1-10T13-49-29,1515588569764,0.84390247,-0.024390243,0.44660193,0.84390247
2018-1-10T13-49-29,1515588569765,0.84390247,-0.034146342,0.42718446,0.84390247
2018-1-10T13-49-29,1515588569766,0.85365856,0.014634146,0.44660193,0.85365856
2018-1-10T13-49-29,1515588569767,0.85365856,-0.014634146,0.44660193,0.85365856
2018-1-10T13-49-29,1515588569768,0.84390247,-0.014634146,0.44660193,0.84390247
2018-1-10T13-49-29,1515588569769,0.85365856,-0.024390243,0.44660193,0.85365856
2018-1-10T13-49-29,1515588569770,0.84390247,-0.014634146,0.44660193,0.84390247
2018-1-10T13-49-29,1515588569771,0.84390247,-0.024390243,0.44660193,0.84390247
2018-1-10T13-49-29,1515588569772,0.86341465,-0.024390243,0.44660193,0.86341465
2018-1-10T13-49-29,1515588569773,0.8341463,-0.024390243,0.44660193,0.8341463
2018-1-10T13-49-29,1515588569774,0.85365856,-0.014634146,0.4368932,0.85365856
2018-1-10T13-49-29,1515588569775,0.8341463,-0.024390243,0.44660193,0.8341463
2018-1-10T13-49-29,1515588569776,0.85365856,-0.014634146,0.44660193,0.85365856
2018-1-10T13-49-29,1515588569777,0.80487806,-0.014634146,0.4368932,0.80487806
2018-1-10T13-49-29,1515588569778,0.84390247,-0.004878049,0.44660193,0.84390247
2018-1-10T13-49-29,1515588569779,0.84390247,-0.053658538,0.44660193,0.84390247
2018-1-10T13-49-29,1515588569780,0.84390247,-0.014634146,0.44660193,0.84390247
2018-1-10T13-49-29,1515588569781,0.85365856,0.004878049,0.4368932,0.85365856
2018-1-10T13-49-29,1515588569782,0.85365856,-0.014634146,0.4368932,0.85365856
2018-1-10T13-49-29,1515588569783,0.84390247,-0.024390243,0.4563107,0.84390247
2018-1-10T13-49-29,1515588569784,0.84390247,-0.014634146,0.4563107,0.84390247
2018-1-10T13-49-29,1515588569785,0.86341465,-0.034146342,0.44660193,0.86341465
2018-1-10T13-49-29,1515588569786,0.85365856,-0.014634146,0.4368932,0.85365856
2018-1-10T13-49-29,1515588569787,0.84390247,-0.024390243,0.4563107,0.84390247
2018-1-10T13-49-29,1515588569788,0.84390247,-0.024390243,0.47572815,0.84390247
2018-1-10T13-49-29,1515588569789,0.84390247,-0.024390243,0.44660193,0.84390247
2018-1-10T13-49-29,1515588569790,0.8341463,-0.024390243,0.4368932,0.8341463
2018-1-10T13-49-29,1515588569791,0.81463414,-0.024390243,0.4368932,0.81463414
2018-1-10T13-49-29,1515588569792,0.84390247,-0.014634146,0.44660193,0.84390247
2018-1-10T13-49-29,1515588569793,0.84390247,-0.024390243,0.4368932,0.84390247
2018-1-10T13-49-29,1515588569794,0.84390247,-0.034146342,0.4368932,0.84390247
2018-1-10T13-49-29,1515588569795,0.84390247,-0.024390243,0.4368932,0.84390247
2018-1-10T13-49-29,1515588569796,0.84390247,-0.024390243,0.44660193,0.84390247
2018-1-10T13-49-29,1515588569797,0.87317073,-0.024390243,0.44660193,0.87317073
2018-1-10T13-49-29,1515588569798,0.84390247,-0.024390243,0.4368932,0.84390247
2018-1-10T13-49-29,1515588569799,0.8341463,0.024390243,0.4368932,0.8341463
2018-1-10T13-49-29,1515588569800,0.85365856,-0.024390243,0.4368932,0.85365856
2018-1-10T13-49-29,1515588569801,0.85365856,-0.024390243,0.44660193,0.85365856
2018-1-10T13-49-29,1515588569802,0.84390247,-0.024390243,0.4368932,0.84390247
2018-1-10T13-49-29,1515588569803,0.84390247,-0.024390243,0.44660193,0.84390247
2018-1-10T13-49-29,1515588569804,0.86341465,-0.024390243,0.4368932,0.86341465
2018-1-10T13-49-29,1515588569805,0.84390247,-0.024390243,0.44660193,0.84390247
2018-1-10T13-49-29,1515588569806,0.86341465,-0.014634146,0.44660193,0.86341465
2018-1-10T13-49-29,1515588569807,0.85365856,-0.024390243,0.4368932,0.85365856
2018-1-10T13-49-29,1515588569808,0.84390247,0.06341463,0.4368932,0.84390247
2018-1-10T13-49-29,1515588569809,0.8341463,-0.024390243,0.4563107,0.8341463
2018-1-10T13-49-29,1515588569810,0.84390247,-0.024390243,0.4563107,0.84390247
2018-1-10T13-49-29,1515588569811,0.84390247,-0.024390243,0.44660193,0.84390247
2018-1-10T13-49-29,1515588569812,0.84390247,-0.034146342,0.44660193,0.84390247
2018-1-10T13-49-29,1515588569813,0.85365856,-0.014634146,0.4368932,0.85365856
2018-1-10T13-49-29,1515588569814,0.84390247,-0.024390243,0.4563107,0.84390247
2018-1-10T13-49-29,1515588569815,0.85365856,-0.024390243,0.44660193,0.85365856
2018-1-10T13-49-29,1515588569816,0.8341463,-0.024390243,0.44660193,0.8341463
2018-1-10T13-49-29,1515588569817,0.85365856,-0.014634146,0.49514562,0.85365856
2018-1-10T13-49-29,1515588569818,0.84390247,-0.014634146,0.44660193,0.84390247
2018-1-10T13-49-29,1515588569819,0.84390247,-0.024390243,0.44660193,0.84390247
2018-1-10T13-49-29,1515588569820,0.85365856,-0.024390243,0.44660193,0.85365856
2018-1-10T13-49-29,1515588569821,0.8829268,-0.024390243,0.44660193,0.8829268
2018-1-10T13-49-29,1515588569822,0.84390247,-0.043902438,0.44660193,0.84390247
2018-1-10T13-49-29,1515588569823,0.82439023,-0.004878049,0.44660193,0.82439023
2018-1-10T13-49-29,1515588569824,0.84390247,-0.024390243,0.44660193,0.84390247
2018-1-10T13-49-29,1515588569825,0.80487806,-0.024390243,0.4563107,0.80487806
2018-1-10T13-49-29,1515588569826,0.84390247,-0.024390243,0.44660193,0.84390247
2018-1-10T13-49-29,1515588569827,0.8341463,-0.034146342,0.44660193,0.8341463
2018-1-10T13-49-29,1515588569828,0.85365856,-0.024390243,0.4368932,0.85365856
2018-1-10T13-49-29,1515588569829,0.84390247,-0.014634146,0.4368932,0.84390247
2018-1-10T13-49-29,1515588569830,0.85365856,-0.024390243,0.44660193,0.85365856
2018-1-10T13-49-29,1515588569831,0.82439023,-0.024390243,0.44660193,0.82439023
2018-1-10T13-49-29,1515588569832,0.85365856,-0.024390243,0.44660193,0.85365856
2018-1-10T13-49-29,1515588569833,0.84390247,-0.034146342,0.4368932,0.84390247
2018-1-10T13-49-29,1515588569834,0.84390247,-0.043902438,0.44660193,0.84390247
2018-1-10T13-49-29,1515588569835,0.85365856,-0.024390243,0.44660193,0.85365856
2018-1-10T13-49-29,1515588569836,0.86341465,0.014634146,0.4563107,0.86341465
2018-1-10T13-49-29,1515588569837,0.84390247,-0.024390243,0.44660193,0.84390247
2018-1-10T13-49-29,1515588569838,0.85365856,-0.024390243,0.4368932,0.85365856
2018-1-10T13-49-29,1515588569839,0.84390247,-0.024390243,0.44660193,0.84390247
2018-1-10T13-49-29,1515588569840,0.85365856,-0.043902438,0.4368932,0.85365856
2018-1-10T13-49-29,1515588569841,0.85365856,-0.014634146,0.44660193,0.85365856
2018-1-10T13-49-29,1515588569842,0.86341465,-0.024390243,0.42718446,0.86341465
2018-1-10T13-49-29,1515588569843,0.84390247,-0.034146342,0.47572815,0.84390247
2018-1-10T13-49-29,1515588569844,0.85365856,-0.024390243,0.4368932,0.85365856
2018-1-10T13-49-29,1515588569845,0.85365856,-0.024390243,0.44660193,0.85365856
2018-1-10T13-49-29,1515588569846,0.8341463,-0.034146342,0.44660193,0.8341463
2018-1-10T13-49-29,1515588569847,0.85365856,-0.014634146,0.44660193,0.85365856
2018-1-10T13-49-29,1515588569848,0.85365856,-0.014634146,0.44660193,0.85365856
2018-1-10T13-49-29,1515588569849,0.85365856,-0.014634146,0.44660193,0.85365856
2018-1-10T13-49-29,1515588569850,0.77560973,-0.024390243,0.4563107,0.77560973
2018-1-10T13-49-29,1515588569851,0.81463414,-0.014634146,0.44660193,0.81463414
2018-1-10T13-49-29,1515588569852,0.8341463,-0.024390243,0.44660193,0.8341463
2018-1-10T13-49-29,1515588569853,0.85365856,-0.024390243,0.44660193,0.85365856
2018-1-10T13-49-29,1515588569854,0.84390247,-0.014634146,0.4368932,0.84390247
2018-1-10T13-49-29,1515588569855,0.85365856,-0.024390243,0.4368932,0.85365856
2018-1-10T13-49-29,1515588569856,0.84390247,-0.034146342,0.44660193,0.84390247
2018-1-10T13-49-29,1515588569857,0.84390247,-0.024390243,0.4563107,0.84390247
2018-1-10T13-49-29,1515588569858,0.85365856,-0.024390243,0.4368932,0.85365856
2018-1-10T13-49-29,1515588569859,0.84390247,-0.024390243,0.4563107,0.84390247
2018-1-10T13-49-29,1515588569860,0.85365856,-0.053658538,0.44660193,0.85365856
2018-1-10T13-49-29,1515588569861,0.85365856,-0.024390243,0.4368932,0.85365856
2018-1-10T13-49-29,1515588569862,0.85365856,-0.024390243,0.44660193,0.85365856
2018-1-10T13-49-29,1515588569863,0.85365856,-0.024390243,0.44660193,0.85365856
2018-1-10T13-49-29,1515588569864,0.85365856,-0.024390243,0.44660193,0.85365856
2018-1-10T13-49-29,1515588569865,0.85365856,-0.034146342,0.44660193,0.85365856
2018-1-10T13-49-29,1515588569866,0.85365856,-0.004878049,0.4368932,0.85365856
2018-1-10T13-49-29,1515588569867,0.84390247,-0.004878049,0.44660193,0.84390247
2018-1-10T13-49-29,1515588569868,0.85365856,-0.024390243,0.44660193,0.85365856
2018-1-10T13-49-29,1515588569869,0.84390247,-0.014634146,0.4563107,0.84390247
2018-1-10T13-49-29,1515588569870,0.84390247,-0.024390243,0.42718446,0.84390247
2018-1-10T13-49-29,1515588569871,0.84390247,-0.024390243,0.44660193,0.84390247
2018-1-10T13-49-29,1515588569872,0.85365856,-0.024390243,0.44660193,0.85365856
2018-1-10T13-49-29,1515588569873,0.84390247,-0.024390243,0.44660193,0.84390247
2018-1-10T13-49-29,1515588569874,0.86341465,0.014634146,0.44660193,0.86341465
2018-1-10T13-49-29,1515588569875,0.84390247,-0.024390243,0.44660193,0.84390247
2018-1-10T13-49-29,1515588569876,0.84390247,-0.014634146,0.4368932,0.84390247
2018-1-10T13-49-29,1515588569877,0.86341465,-0.014634146,0.44660193,0.86341465
2018-1-10T13-49-29,1515588569878,0.84390247,-0.014634146,0.4368932,0.84390247
2018-1-10T13-49-29,1515588569879,0.84390247,-0.024390243,0.4368932,0.84390247
2018-1-10T13-49-29,1515588569880,0.84390247,-0.034146342,0.44660193,0.84390247
2018-1-10T13-49-29,1515588569881,0.8341463,-0.024390243,0.44660193,0.8341463
2018-1-10T13-49-29,1515588569882,0.84390247,-0.024390243,0.4563107,0.84390247
2018-1-10T13-49-29,1515588569883,0.84390247,-0.014634146,0.44660193,0.84390247
2018-1-10T13-49-29,1515588569884,0.84390247,0.004878049,0.44660193,0.84390247
2018-1-10T13-49-29,1515588569885,0.84390247,-0.024390243,0.44660193,0.84390247
2018-1-10T13-49-29,1515588569886,0.8341463,-0.024390243,0.44660193,0.8341463
2018-1-10T13-49-29,1515588569887,0.8341463,-0.014634146,0.44660193,0.8341463
2018-1-10T13-49-29,1515588569888,0.84390247,-0.034146342,0.44660193,0.84390247
2018-1-10T13-49-29,1515588569889,0.80487806,-0.024390243,0.44660193,0.80487806
2018-1-10T13-49-29,1515588569890,0.85365856,-0.024390243,0.4368932,0.85365856
2018-1-10T13-49-29,1515588569891,0.86341465,-0.024390243,0.44660193,0.86341465
2018-1-10T13-49-29,1515588569892,0.85365856,-0.024390243,0.44660193,0.85365856
2018-1-10T13-49-29,1515588569893,0.84390247,-0.024390243,0.46601942,0.84390247
2018-1-10T13-49-29,1515588569894,0.85365856,-0.024390243,0.44660193,0.85365856
2018-1-10T13-49-29,1515588569895,0.85365856,-0.014634146,0.4368932,0.85365856
2018-1-10T13-49-29,1515588569896,0.84390247,-0.014634146,0.44660193,0.84390247
2018-1-10T13-49-29,1515588569897,0.84390247,-0.024390243,0.44660193,0.84390247
2018-1-10T13-49-29,1515588569898,0.85365856,-0.014634146,0.4368932,0.85365856
2018-1-10T13-49-29,1515588569899,0.84390247,-0.024390243,0.42718446,0.84390247
2018-1-10T13-49-29,1515588569900,0.82439023,-0.07317073,0.44660193,0.82439023
2018-1-10T13-49-29,1515588569901,0.85365856,-0.024390243,0.44660193,0.85365856
2018-1-10T13-49-29,1515588569902,0.84390247,-0.024390243,0.4368932,0.84390247
2018-1-10T13-49-29,1515588569903,0.84390247,-0.034146342,0.4368932,0.84390247
2018-1-10T13-49-29,1515588569904,0.84390247,-0.024390243,0.4368932,0.84390247
2018-1-10T13-49-29,1515588569905,0.84390247,-0.014634146,0.4368932,0.84390247
2018-1-10T13-49-29,1515588569906,0.84390247,-0.014634146,0.4368932,0.84390247
2018-1-10T13-49-29,1515588569907,0.84390247,-0.024390243,0.42718446,0.84390247
2018-1-10T13-49-29,1515588569908,0.84390247,-0.014634146,0.44660193,0.84390247
2018-1-10T13-49-29,1515588569909,0.84390247,-0.024390243,0.4368932,0.84390247
2018-1-10T13-49-29,1515588569910,0.87317073,-0.024390243,0.4368932,0.87317073
2018-1-10T13-49-29,1515588569911,0.8341463,-0.034146342,0.4368932,0.8341463
2018-1-10T13-49-29,1515588569912,0.84390247,-0.014634146,0.44660193,0.84390247
2018-1-10T13-49-29,1515588569913,0.84390247,-0.024390243,0.4563107,0.84390247
2018-1-10T13-49-29,1515588569914,0.84390247,-0.014634146,0.44660193,0.84390247
2018-1-10T13-49-29,1515588569915,0.84390247,-0.014634146,0.44660193,0.84390247
2018-1-10T13-49-29,1515588569916,0.84390247,-0.014634146,0.4368932,0.84390247
2018-1-10T13-49-29,1515588569917,0.85365856,-0.034146342,0.44660193,0.85365856
2018-1-10T13-49-29,1515588569918,0.86341465,-0.014634146,0.4368932,0.86341465
2018-1-10T13-49-29,1515588569919,0.85365856,-0.024390243,0.44660193,0.85365856
2018-1-10T13-49-29,1515588569920,0.84390247,-0.034146342,0.44660193,0.84390247
2018-1-10T13-49-29,1515588569921,0.8829268,-0.024390243,0.44660193,0.8829268
2018-1-10T13-49-29,1515588569922,0.84390247,-0.024390243,0.44660193,0.84390247
2018-1-10T13-49-29,1515588569923,0.84390247,-0.014634146,0.4368932,0.84390247
2018-1-10T13-49-29,1515588569924,0.84390247,-0.024390243,0.41747573,0.84390247
2018-1-10T13-49-29,1515588569925,0.85365856,-0.024390243,0.4563107,0.85365856
2018-1-10T13-49-29,1515588569926,0.84390247,-0.024390243,0.44660193,0.84390247
2018-1-10T13-49-29,1515588569927,0.84390247,-0.024390243,0.44660193,0.84390247
2018-1-10T13-49-29,1515588569928,0.85365856,-0.024390243,0.4368932,0.85365856
2018-1-10T13-49-29,1515588569929,0.86341465,-0.014634146,0.4368932,0.86341465
2018-1-10T13-49-29,1515588569930,0.87317073,-0.024390243,0.44660193,0.87317073
2018-1-10T13-49-29,1515588569931,0.82439023,-0.024390243,0.44660193,0.82439023
2018-1-10T13-49-29,1515588569932,0.85365856,-0.014634146,0.4563107,0.85365856
2018-1-10T13-49-29,1515588569933,0.85365856,-0.024390243,0.4368932,0.85365856
2018-1-10T13-49-29,1515588569934,0.84390247,-0.034146342,0.4368932,0.84390247
2018-1-10T13-49-29,1515588569935,0.84390247,-0.014634146,0.44660193,0.84390247
2018-1-10T13-49-29,1515588569936,0.84390247,-0.014634146,0.44660193,0.84390247
2018-1-10T13-49-29,1515588569937,0.85365856,-0.024390243,0.4368932,0.85365856
2018-1-10T13-49-29,1515588569938,0.85365856,-0.024390243,0.44660193,0.85365856
2018-1-10T13-49-29,1515588569939,0.84390247,-0.024390243,0.44660193,0.84390247
2018-1-10T13-49-29,1515588569940,0.86341465,-0.024390243,0.44660193,0.86341465
2018-1-10T13-49-29,1515588569941,0.80487806,-0.024390243,0.44660193,0.80487806
2018-1-10T13-49-29,1515588569942,0.84390247,-0.014634146,0.44660193,0.84390247
2018-1-10T13-49-29,1515588569943,0.85365856,-0.014634146,0.44660193,0.85365856
2018-1-10T13-49-29,1515588569944,0.84390247,-0.024390243,0.44660193,0.84390247
2018-1-10T13-49-29,1515588569945,0.85365856,-0.024390243,0.44660193,0.85365856
2018-1-10T13-49-29,1515588569946,0.84390247,-0.014634146,0.44660193,0.84390247
2018-1-10T13-49-29,1515588569947,0.85365856,-0.024390243,0.4368932,0.85365856
2018-1-10T13-49-29,1515588569948,0.86341465,-0.024390243,0.44660193,0.86341465
2018-1-10T13-49-29,1515588569949,0.86341465,-0.014634146,0.4368932,0.86341465
2018-1-10T13-49-29,1515588569950,0.85365856,-0.024390243,0.44660193,0.85365856
2018-1-10T13-49-29,1515588569951,0.84390247,-0.034146342,0.44660193,0.84390247
2018-1-10T13-49-29,1515588569952,0.84390247,-0.024390243,0.44660193,0.84390247
2018-1-10T13-49-29,1515588569953,0.84390247,-0.024390243,0.44660193,0.84390247
2018-1-10T13-49-29,1515588569954,0.84390247,-0.014634146,0.44660193,0.84390247
2018-1-10T13-49-29,1515588569955,0.84390247,-0.043902438,0.44660193,0.84390247
2018-1-10T13-49-29,1515588569956,0.84390247,-0.024390243,0.44660193,0.84390247
2018-1-10T13-49-29,1515588569957,0.85365856,-0.024390243,0.44660193,0.85365856
2018-1-10T13-49-29,1515588569958,0.84390247,-0.024390243,0.44660193,0.84390247
2018-1-10T13-49-29,1515588569959,0.84390247,-0.014634146,0.44660193,0.84390247
2018-1-10T13-49-29,1515588569960,0.84390247,-0.014634146,0.44660193,0.84390247
2018-1-10T13-49-29,1515588569961,0.85365856,-0.014634146,0.4368932,0.85365856
2018-1-10T13-49-29,1515588569962,0.85365856,-0.034146342,0.4368932,0.85365856
2018-1-10T13-49-29,1515588569963,0.84390247,-0.014634146,0.4368932,0.84390247
2018-1-10T13-49-29,1515588569964,0.81463414,-0.024390243,0.44660193,0.81463414
2018-1-10T13-49-29,1515588569965,0.84390247,-0.024390243,0.44660193,0.84390247
2018-1-10T13-49-29,1515588569966,0.86341465,-0.024390243,0.44660193,0.86341465
2018-1-10T13-49-29,1515588569967,0.84390247,-0.004878049,0.4368932,0.84390247
2018-1-10T13-49-29,1515588569968,0.84390247,-0.034146342,0.47572815,0.84390247
2018-1-10T13-49-29,1515588569969,0.8341463,-0.014634146,0.44660193,0.8341463
2018-1-10T13-49-29,1515588569970,0.84390247,0.043902438,0.44660193,0.84390247
2018-1-10T13-49-29,1515588569971,0.84390247,0.024390243,0.44660193,0.84390247
2018-1-10T13-49-29,1515588569972,0.84390247,-0.024390243,0.407767,0.84390247
2018-1-10T13-49-29,1515588569973,0.84390247,-0.014634146,0.44660193,0.84390247
2018-1-10T13-49-29,1515588569974,0.85365856,-0.024390243,0.4368932,0.85365856
2018-1-10T13-49-29,1515588569975,0.85365856,-0.014634146,0.44660193,0.85365856
2018-1-10T13-49-29,1515588569976,0.85365856,-0.024390243,0.4563107,0.85365856
2018-1-10T13-49-29,1515588569977,0.86341465,-0.024390243,0.44660193,0.86341465
2018-1-10T13-49-29,1515588569978,0.92195123,-0.043902438,0.44660193,0.92195123
2018-1-10T13-49-29,1515588569979,0.84390247,-0.024390243,0.44660193,0.84390247
2018-1-10T13-49-29,1515588569980,0.85365856,-0.014634146,0.4368932,0.85365856
2018-1-10T13-49-29,1515588569981,0.85365856,-0.024390243,0.44660193,0.85365856
2018-1-10T13-49-29,1515588569982,0.84390247,-0.014634146,0.44660193,0.84390247
2018-1-10T13-49-29,1515588569983,0.8341463,0.004878049,0.4368932,0.8341463
2018-1-10T13-49-29,1515588569984,0.84390247,-0.024390243,0.44660193,0.84390247
2018-1-10T13-49-29,1515588569985,0.84390247,-0.014634146,0.44660193,0.84390247
2018-1-10T13-49-29,1515588569986,0.84390247,-0.014634146,0.44660193,0.84390247
2018-1-10T13-49-29,1515588569987,0.84390247,-0.024390243,0.4368932,0.84390247
2018-1-10T13-49-29,1515588569988,0.84390247,-0.004878049,0.44660193,0.84390247
2018-1-10T13-49-29,1515588569989,0.84390247,-0.014634146,0.44660193,0.84390247
2018-1-10T13-49-29,1515588569990,0.84390247,-0.014634146,0.4563107,0.84390247
2018-1-10T13-49-29,1515588569991,0.85365856,-0.024390243,0.44660193,0.85365856
2018-1-10T13-49-29,1515588569992,0.84390247,-0.014634146,0.44660193,0.84390247
2018-1-10T13-49-29,1515588569993,0.82439023,-0.014634146,0.4368932,0.82439023
2018-1-10T13-49-29,1515588569994,0.85365856,-0.024390243,0.407767,0.85365856
2018-1-10T13-49-29,1515588569995,0.86341465,-0.024390243,0.4368932,0.86341465
2018-1-10T13-49-29,1515588569996,0.84390247,-0.014634146,0.44660193,0.84390247
2018-1-10T13-49-29,1515588569997,0.84390247,-0.034146342,0.44660193,0.84390247
2018-1-10T13-49-29,1515588569998,0.84390247,-0.014634146,0.44660193,0.84390247
2018-1-10T13-49-29,1515588569999,0.82439023,-0.024390243,0.4368932,0.82439023
2018-1-10T13-49-30,1515588570000,0.84390247,-0.034146342,0.44660193,0.84390247
2018-1-10T13-49-30,1515588570001,0.85365856,-0.014634146,0.44660193,0.85365856
2018-1-10T13-49-30,1515588570002,0.85365856,-0.034146342,0.4368932,0.85365856
2018-1-10T13-49-30,1515588570003,0.85365856,-0.024390243,0.44660193,0.85365856
2018-1-10T13-49-30,1515588570004,0.85365856,-0.014634146,0.42718446,0.85365856
2018-1-10T13-49-30,1515588570005,0.85365856,-0.024390243,0.44660193,0.85365856
2018-1-10T13-49-30,1515588570006,0.84390247,-0.014634146,0.4368932,0.84390247
2018-1-10T13-49-30,1515588570007,0.85365856,-0.034146342,0.4368932,0.85365856
2018-1-10T13-49-30,1515588570008,0.8341463,-0.014634146,0.44660193,0.8341463
2018-1-10T13-49-30,1515588570009,0.84390247,-0.024390243,0.4368932,0.84390247
2018-1-10T13-49-30,1515588570010,0.84390247,-0.014634146,0.44660193,0.84390247
2018-1-10T13-49-30,1515588570011,0.8341463,-0.024390243,0.44660193,0.8341463
2018-1-10T13-49-30,1515588570012,0.84390247,-0.034146342,0.44660193,0.84390247
2018-1-10T13-49-30,1515588570013,0.85365856,-0.014634146,0.4368932,0.85365856
2018-1-10T13-49-30,1515588570014,0.85365856,-0.014634146,0.41747573,0.85365856
2018-1-10T13-49-30,1515588570015,0.85365856,-0.034146342,0.44660193,0.85365856
2018-1-10T13-49-30,1515588570016,0.8341463,-0.014634146,0.4563107,0.8341463
2018-1-10T13-49-30,1515588570017,0.86341465,-0.014634146,0.42718446,0.86341465
2018-1-10T13-49-30,1515588570018,0.84390247,-0.024390243,0.44660193,0.84390247
2018-1-10T13-49-30,1515588570019,0.84390247,-0.024390243,0.4368932,0.84390247
2018-1-10T13-49-30,1515588570020,0.84390247,-0.014634146,0.44660193,0.84390247
2018-1-10T13-49-30,1515588570021,0.84390247,-0.014634146,0.44660193,0.84390247
2018-1-10T13-49-30,1515588570022,0.84390247,-0.014634146,0.44660193,0.84390247
2018-1-10T13-49-30,1515588570023,0.84390247,-0.024390243,0.4563107,0.84390247
2018-1-10T13-49-30,1515588570024,0.84390247,-0.014634146,0.44660193,0.84390247
2018-1-10T13-49-30,1515588570025,0.80487806,-0.014634146,0.42718446,0.80487806
2018-1-10T13-49-30,1515588570026,0.84390247,-0.024390243,0.44660193,0.84390247
2018-1-10T13-49-30,1515588570027,0.80487806,-0.024390243,0.4368932,0.80487806
2018-1-10T13-49-30,1515588570028,0.85365856,-0.024390243,0.44660193,0.85365856
2018-1-10T13-49-30,1515588570029,0.7268293,-0.024390243,0.44660193,0.7268293
2018-1-10T13-49-30,1515588570030,0.84390247,-0.024390243,0.44660193,0.84390247
2018-1-10T13-49-30,1515588570031,0.84390247,0.024390243,0.44660193,0.84390247
2018-1-10T13-49-30,1515588570032,0.84390247,-0.014634146,0.44660193,0.84390247
2018-1-10T13-49-30,1515588570033,0.85365856,-0.024390243,0.44660193,0.85365856
2018-1-10T13-49-30,1515588570034,0.8341463,-0.034146342,0.44660193,0.8341463
2018-1-10T13-49-30,1515588570035,0.84390247,-0.024390243,0.4368932,0.84390247
2018-1-10T13-49-30,1515588570036,0.85365856,-0.014634146,0.44660193,0.85365856
2018-1-10T13-49-30,1515588570037,0.84390247,-0.024390243,0.4368932,0.84390247
2018-1-10T13-49-30,1515588570038,0.84390247,-0.024390243,0.44660193,0.84390247
2018-1-10T13-49-30,1515588570039,0.85365856,-0.014634146,0.42718446,0.85365856
2018-1-10T13-49-30,1515588570040,0.8926829,-0.024390243,0.44660193,0.8926829
2018-1-10T13-49-30,1515588570041,0.84390247,-0.014634146,0.44660193,0.84390247
2018-1-10T13-49-30,1515588570042,0.84390247,-0.024390243,0.44660193,0.84390247
2018-1-10T13-49-30,1515588570043,0.84390247,-0.014634146,0.5145631,0.84390247
2018-1-10T13-49-30,1515588570044,0.86341465,-0.014634146,0.44660193,0.86341465
2018-1-10T13-49-30,1515588570045,0.84390247,-0.014634146,0.44660193,0.84390247
2018-1-10T13-49-30,1515588570046,0.7853659,-0.034146342,0.44660193,0.7853659
2018-1-10T13-49-30,1515588570047,0.84390247,-0.034146342,0.4368932,0.84390247
2018-1-10T13-49-30,1515588570048,0.85365856,-0.004878049,0.407767,0.85365856
2018-1-10T13-49-30,1515588570049,0.84390247,-0.014634146,0.44660193,0.84390247
2018-1-10T13-49-30,1515588570050,0.84390247,0.014634146,0.4368932,0.84390247
2018-1-10T13-49-30,1515588570051,0.84390247,-0.024390243,0.44660193,0.84390247
2018-1-10T13-49-30,1515588570052,0.85365856,-0.024390243,0.4368932,0.85365856
2018-1-10T13-49-30,1515588570053,0.84390247,-0.024390243,0.4368932,0.84390247
2018-1-10T13-49-30,1515588570054,0.85365856,-0.014634146,0.407767,0.85365856
2018-1-10T13-49-30,1515588570055,0.86341465,-0.034146342,0.44660193,0.86341465
2018-1-10T13-49-30,1515588570056,0.86341465,-0.014634146,0.4368932,0.86341465
2018-1-10T13-49-30,1515588570057,0.85365856,-0.014634146,0.44660193,0.85365856
2018-1-10T13-49-30,1515588570058,0.91219515,-0.014634146,0.44660193,0.91219515
2018-1-10T13-49-30,1515588570059,0.8341463,-0.014634146,0.44660193,0.8341463
2018-1-10T13-49-30,1515588570060,0.85365856,-0.024390243,0.4368932,0.85365856
2018-1-10T13-49-30,1515588570061,0.85365856,-0.024390243,0.44660193,0.85365856
2018-1-10T13-49-30,1515588570062,0.84390247,-0.024390243,0.44660193,0.84390247
2018-1-10T13-49-30,1515588570063,0.85365856,-0.024390243,0.4368932,0.85365856
2018-1-10T13-49-30,1515588570064,0.86341465,-0.034146342,0.4368932,0.86341465
2018-1-10T13-49-30,1515588570065,0.84390247,-0.043902438,0.44660193,0.84390247
2018-1-10T13-49-30,1515588570066,0.84390247,-0.024390243,0.4368932,0.84390247
2018-1-10T13-49-30,1515588570067,0.85365856,-0.024390243,0.44660193,0.85365856
2018-1-10T13-49-30,1515588570068,0.8341463,-0.034146342,0.44660193,0.8341463
2018-1-10T13-49-30,1515588570069,0.84390247,-0.014634146,0.4368932,0.84390247
2018-1-10T13-49-30,1515588570070,0.84390247,-0.024390243,0.44660193,0.84390247
2018-1-10T13-49-30,1515588570071,0.84390247,-0.004878049,0.44660193,0.84390247
2018-1-10T13-49-30,1515588570072,0.85365856,-0.014634146,0.4368932,0.85365856
2018-1-10T13-49-30,1515588570073,0.76585364,-0.024390243,0.4368932,0.76585364
2018-1-10T13-49-30,1515588570074,0.84390247,-0.014634146,0.44660193,0.84390247
2018-1-10T13-49-30,1515588570075,0.84390247,-0.014634146,0.44660193,0.84390247
2018-1-10T13-49-30,1515588570076,0.85365856,-0.024390243,0.4563107,0.85365856
2018-1-10T13-49-30,1515588570077,0.85365856,-0.024390243,0.44660193,0.85365856
2018-1-10T13-49-30,1515588570078,0.85365856,0.024390243,0.44660193,0.85365856
2018-1-10T13-49-30,1515588570079,0.87317073,-0.024390243,0.44660193,0.87317073
2018-1-10T13-49-30,1515588570080,0.85365856,-0.034146342,0.407767,0.85365856
2018-1-10T13-49-30,1515588570081,0.85365856,-0.024390243,0.4563107,0.85365856
2018-1-10T13-49-30,1515588570082,0.84390247,-0.024390243,0.44660193,0.84390247
2018-1-10T13-49-30,1515588570083,0.8341463,-0.034146342,0.49514562,0.8341463
2018-1-10T13-49-30,1515588570084,0.84390247,-0.034146342,0.44660193,0.84390247
2018-1-10T13-49-30,1515588570085,0.84390247,-0.034146342,0.4368932,0.84390247
2018-1-10T13-49-30,1515588570086,0.8341463,-0.024390243,0.44660193,0.8341463
2018-1-10T13-49-30,1515588570087,0.84390247,-0.024390243,0.44660193,0.84390247
2018-1-10T13-49-30,1515588570088,0.84390247,-0.024390243,0.4563107,0.84390247
2018-1-10T13-49-30,1515588570089,0.84390247,-0.024390243,0.4563107,0.84390247
2018-1-10T13-49-30,1515588570090,0.84390247,-0.024390243,0.4368932,0.84390247
2018-1-10T13-49-30,1515588570091,0.84390247,-0.014634146,0.44660193,0.84390247
2018-1-10T13-49-30,1515588570092,0.84390247,-0.014634146,0.41747573,0.84390247
2018-1-10T13-49-30,1515588570093,0.8341463,-0.014634146,0.44660193,0.8341463
2018-1-10T13-49-30,1515588570094,0.84390247,-0.004878049,0.44660193,0.84390247
2018-1-10T13-49-30,1515588570095,0.86341465,-0.024390243,0.4368932,0.86341465
2018-1-10T13-49-30,1515588570096,0.84390247,-0.014634146,0.44660193,0.84390247
2018-1-10T13-49-30,1515588570097,0.84390247,-0.014634146,0.4368932,0.84390247
2018-1-10T13-49-30,1515588570098,0.84390247,-0.043902438,0.4368932,0.84390247
2018-1-10T13-49-30,1515588570099,0.80487806,-0.024390243,0.42718446,0.80487806
2018-1-10T13-49-30,1515588570100,0.84390247,-0.024390243,0.44660193,0.84390247
2018-1-10T13-49-30,1515588570101,0.84390247,-0.043902438,0.4368932,0.84390247
2018-1-10T13-49-30,1515588570102,0.85365856,-0.014634146,0.44660193,0.85365856
2018-1-10T13-49-30,1515588570103,0.80487806,-0.014634146,0.4368932,0.80487806
2018-1-10T13-49-30,1515588570104,0.84390247,-0.024390243,0.44660193,0.84390247
2018-1-10T13-49-30,1515588570105,0.8926829,-0.014634146,0.44660193,0.8926829
2018-1-10T13-49-30,1515588570106,0.84390247,-0.024390243,0.4368932,0.84390247
2018-1-10T13-49-30,1515588570107,0.84390247,-0.004878049,0.4368932,0.84390247
2018-1-10T13-49-30,1515588570108,0.84390247,-0.014634146,0.44660193,0.84390247
2018-1-10T13-49-30,1515588570109,0.84390247,-0.024390243,0.44660193,0.84390247
2018-1-10T13-49-30,1515588570110,0.84390247,-0.06341463,0.4368932,0.84390247
2018-1-10T13-49-30,1515588570111,0.8341463,0.043902438,0.44660193,0.8341463
2018-1-10T13-49-30,1515588570112,0.8341463,-0.024390243,0.4368932,0.8341463
2018-1-10T13-49-30,1515588570113,0.85365856,-0.024390243,0.44660193,0.85365856
2018-1-10T13-49-30,1515588570114,0.85365856,0.07317073,0.4368932,0.85365856
2018-1-10T13-49-30,1515588570115,0.85365856,-0.014634146,0.4368932,0.85365856
2018-1-10T13-49-30,1515588570116,0.84390247,-0.053658538,0.44660193,0.84390247
2018-1-10T13-49-30,1515588570117,0.85365856,-0.024390243,0.4368932,0.85365856
2018-1-10T13-49-30,1515588570118,0.86341465,-0.024390243,0.44660193,0.86341465
2018-1-10T13-49-30,1515588570119,0.8341463,-0.014634146,0.4368932,0.8341463
2018-1-10T13-49-30,1515588570120,0.85365856,-0.024390243,0.37864077,0.85365856
2018-1-10T13-49-30,1515588570121,0.8341463,-0.024390243,0.44660193,0.8341463
2018-1-10T13-49-30,1515588570122,0.84390247,-0.014634146,0.4368932,0.84390247
2018-1-10T13-49-30,1515588570123,0.86341465,-0.034146342,0.44660193,0.86341465
2018-1-10T13-49-30,1515588570124,0.84390247,-0.004878049,0.44660193,0.84390247
2018-1-10T13-49-30,1515588570125,0.84390247,-0.024390243,0.4368932,0.84390247
2018-1-10T13-49-30,1515588570126,0.84390247,-0.034146342,0.44660193,0.84390247
2018-1-10T13-49-30,1515588570127,0.84390247,-0.024390243,0.4368932,0.84390247
2018-1-10T13-49-30,1515588570128,0.87317073,-0.014634146,0.42718446,0.87317073
2018-1-10T13-49-30,1515588570129,0.84390247,-0.024390243,0.4368932,0.84390247
2018-1-10T13-49-30,1515588570130,0.71707314,-0.024390243,0.4368932,0.71707314
2018-1-10T13-49-30,1515588570131,0.84390247,-0.024390243,0.44660193,0.84390247
2018-1-10T13-49-30,1515588570132,0.84390247,-0.024390243,0.4563107,0.84390247
2018-1-10T13-49-30,1515588570133,0.84390247,-0.024390243,0.44660193,0.84390247
2018-1-10T13-49-30,1515588570134,0.84390247,-0.034146342,0.44660193,0.84390247
2018-1-10T13-49-30,1515588570135,0.86341465,-0.034146342,0.44660193,0.86341465
2018-1-10T13-49-30,1515588570136,0.84390247,-0.024390243,0.4368932,0.84390247
2018-1-10T13-49-30,1515588570137,0.77560973,-0.014634146,0.44660193,0.77560973
2018-1-10T13-49-30,1515588570138,0.8341463,-0.024390243,0.4368932,0.8341463
2018-1-10T13-49-30,1515588570139,0.85365856,-0.014634146,0.44660193,0.85365856
2018-1-10T13-49-30,1515588570140,0.85365856,-0.014634146,0.44660193,0.85365856
2018-1-10T13-49-30,1515588570141,0.84390247,-0.014634146,0.42718446,0.84390247
2018-1-10T13-49-30,1515588570142,0.8341463,-0.014634146,0.4368932,0.8341463
2018-1-10T13-49-30,1515588570143,0.85365856,-0.024390243,0.4563107,0.85365856
2018-1-10T13-49-30,1515588570144,0.8341463,-0.014634146,0.44660193,0.8341463
2018-1-10T13-49-30,1515588570145,0.84390247,-0.024390243,0.42718446,0.84390247
2018-1-10T13-49-30,1515588570146,0.86341465,-0.024390243,0.4368932,0.86341465
2018-1-10T13-49-30,1515588570147,0.84390247,-0.024390243,0.4368932,0.84390247
2018-1-10T13-49-30,1515588570148,0.84390247,-0.024390243,0.44660193,0.84390247
2018-1-10T13-49-30,1515588570149,0.85365856,-0.024390243,0.4368932,0.85365856
2018-1-10T13-49-30,1515588570150,0.84390247,-0.014634146,0.44660193,0.84390247
2018-1-10T13-49-30,1515588570151,0.84390247,-0.014634146,0.4368932,0.84390247
2018-1-10T13-49-30,1515588570152,0.84390247,-0.014634146,0.44660193,0.84390247
2018-1-10T13-49-30,1515588570153,0.84390247,-0.014634146,0.44660193,0.84390247
2018-1-10T13-49-30,1515588570154,0.8341463,-0.024390243,0.44660193,0.8341463
2018-1-10T13-49-30,1515588570155,0.85365856,-0.024390243,0.4563107,0.85365856
2018-1-10T13-49-30,1515588570156,0.84390247,-0.034146342,0.4563107,0.84390247
2018-1-10T13-49-30,1515588570157,0.8341463,-0.024390243,0.44660193,0.8341463
2018-1-10T13-49-30,1515588570158,0.86341465,-0.014634146,0.44660193,0.86341465
2018-1-10T13-49-30,1515588570159,0.84390247,-0.024390243,0.44660193,0.84390247
2018-1-10T13-49-30,1515588570160,0.84390247,-0.043902438,0.44660193,0.84390247
2018-1-10T13-49-30,1515588570161,0.85365856,-0.034146342,0.44660193,0.85365856
2018-1-10T13-49-30,1515588570162,0.84390247,-0.034146342,0.4563107,0.84390247
2018-1-10T13-49-30,1515588570163,0.84390247,-0.014634146,0.44660193,0.84390247
2018-1-10T13-49-30,1515588570164,0.87317073,-0.024390243,0.44660193,0.87317073
2018-1-10T13-49-30,1515588570165,0.84390247,0.004878049,0.4563107,0.84390247
2018-1-10T13-49-30,1515588570166,0.85365856,-0.014634146,0.44660193,0.85365856
2018-1-10T13-49-30,1515588570167,0.85365856,-0.014634146,0.4563107,0.85365856
2018-1-10T13-49-30,1515588570168,0.84390247,-0.014634146,0.4368932,0.84390247
2018-1-10T13-49-30,1515588570169,0.84390247,-0.014634146,0.44660193,0.84390247
2018-1-10T13-49-30,1515588570170,0.86341465,-0.024390243,0.4563107,0.86341465
2018-1-10T13-49-30,1515588570171,0.84390247,-0.014634146,0.4368932,0.84390247
2018-1-10T13-49-30,1515588570172,0.84390247,-0.014634146,0.44660193,0.84390247
2018-1-10T13-49-30,1515588570173,0.84390247,-0.014634146,0.4563107,0.84390247
2018-1-10T13-49-30,1515588570174,0.84390247,-0.034146342,0.4563107,0.84390247
2018-1-10T13-49-30,1515588570175,0.84390247,-0.053658538,0.44660193,0.84390247
2018-1-10T13-49-30,1515588570176,0.84390247,-0.014634146,0.44660193,0.84390247
2018-1-10T13-49-30,1515588570177,0.85365856,-0.034146342,0.4368932,0.85365856
2018-1-10T13-49-30,1515588570178,0.84390247,-0.014634146,0.44660193,0.84390247
2018-1-10T13-49-30,1515588570179,0.84390247,-0.014634146,0.44660193,0.84390247
2018-1-10T13-49-30,1515588570180,0.84390247,-0.014634146,0.4368932,0.84390247
2018-1-10T13-49-30,1515588570181,0.84390247,-0.014634146,0.44660193,0.84390247
2018-1-10T13-49-30,1515588570182,0.8341463,-0.024390243,0.4368932,0.8341463
2018-1-10T13-49-30,1515588570183,0.84390247,-0.024390243,0.44660193,0.84390247
2018-1-10T13-49-30,1515588570184,0.84390247,-0.024390243,0.42718446,0.84390247
2018-1-10T13-49-30,1515588570185,0.85365856,-0.024390243,0.44660193,0.85365856
2018-1-10T13-49-30,1515588570186,0.81463414,-0.024390243,0.44660193,0.81463414
2018-1-10T13-49-30,1515588570187,0.84390247,-0.024390243,0.4368932,0.84390247
2018-1-10T13-49-30,1515588570188,0.84390247,-0.043902438,0.4368932,0.84390247
2018-1-10T13-49-30,1515588570189,0.902439,0.014634146,0.44660193,0.902439
2018-1-10T13-49-30,1515588570190,0.84390247,-0.024390243,0.44660193,0.84390247
2018-1-10T13-49-30,1515588570191,0.8341463,-0.024390243,0.4368932,0.8341463
2018-1-10T13-49-30,1515588570192,0.84390247,-0.014634146,0.44660193,0.84390247
2018-1-10T13-49-30,1515588570193,0.84390247,-0.024390243,0.4563107,0.84390247
2018-1-10T13-49-30,1515588570194,0.84390247,-0.014634146,0.4563107,0.84390247
2018-1-10T13-49-30,1515588570195,0.84390247,-0.004878049,0.44660193,0.84390247
2018-1-10T13-49-30,1515588570196,0.84390247,-0.024390243,0.44660193,0.84390247
2018-1-10T13-49-30,1515588570197,0.85365856,-0.024390243,0.44660193,0.85365856
2018-1-10T13-49-30,1515588570198,0.85365856,0.034146342,0.407767,0.85365856
2018-1-10T13-49-30,1515588570199,0.85365856,-0.024390243,0.44660193,0.85365856
2018-1-10T13-49-30,1515588570200,0.84390247,-0.004878049,0.42718446,0.84390247
2018-1-10T13-49-30,1515588570201,0.85365856,-0.024390243,0.44660193,0.85365856
2018-1-10T13-49-30,1515588570202,0.8341463,-0.024390243,0.44660193,0.8341463
2018-1-10T13-49-30,1515588570203,0.85365856,-0.12195122,0.4368932,0.85365856
2018-1-10T13-49-30,1515588570204,0.8341463,-0.08292683,0.4368932,0.8341463
2018-1-10T13-49-30,1515588570205,0.84390247,-0.014634146,0.44660193,0.84390247
2018-1-10T13-49-30,1515588570206,0.84390247,-0.014634146,0.4563107,0.84390247
2018-1-10T13-49-30,1515588570207,0.85365856,0.024390243,0.44660193,0.85365856
2018-1-10T13-49-30,1515588570208,0.84390247,-0.024390243,0.44660193,0.84390247
2018-1-10T13-49-30,1515588570209,0.84390247,-0.024390243,0.4368932,0.84390247
2018-1-10T13-49-30,1515588570210,0.8829268,-0.024390243,0.44660193,0.8829268
2018-1-10T13-49-30,1515588570211,0.85365856,-0.024390243,0.4368932,0.85365856
2018-1-10T13-49-30,1515588570212,0.87317073,-0.014634146,0.44660193,0.87317073
2018-1-10T13-49-30,1515588570213,0.84390247,-0.014634146,0.44660193,0.84390247
2018-1-10T13-49-30,1515588570214,0.84390247,-0.014634146,0.42718446,0.84390247
2018-1-10T13-49-30,1515588570215,0.84390247,-0.014634146,0.44660193,0.84390247
2018-1-10T13-49-30,1515588570216,0.86341465,-0.014634146,0.44660193,0.86341465
2018-1-10T13-49-30,1515588570217,0.84390247,-0.014634146,0.4368932,0.84390247
2018-1-10T13-49-30,1515588570218,0.84390247,-0.024390243,0.4368932,0.84390247
2018-1-10T13-49-30,1515588570219,0.84390247,-0.024390243,0.44660193,0.84390247
2018-1-10T13-49-30,1515588570220,0.84390247,-0.043902438,0.44660193,0.84390247
2018-1-10T13-49-30,1515588570221,0.84390247,-0.024390243,0.4368932,0.84390247
2018-1-10T13-49-30,1515588570222,0.84390247,-0.014634146,0.4368932,0.84390247
2018-1-10T13-49-30,1515588570223,0.87317073,-0.024390243,0.44660193,0.87317073
2018-1-10T13-49-30,1515588570224,0.84390247,-0.024390243,0.44660193,0.84390247
2018-1-10T13-49-30,1515588570225,0.84390247,-0.014634146,0.44660193,0.84390247
2018-1-10T13-49-30,1515588570226,0.87317073,-0.014634146,0.44660193,0.87317073
2018-1-10T13-49-30,1515588570227,0.84390247,-0.014634146,0.44660193,0.84390247
2018-1-10T13-49-30,1515588570228,0.84390247,-0.024390243,0.4368932,0.84390247
2018-1-10T13-49-30,1515588570229,0.8341463,-0.014634146,0.4368932,0.8341463
2018-1-10T13-49-30,1515588570230,0.85365856,-0.004878049,0.4368932,0.85365856
2018-1-10T13-49-30,1515588570231,0.84390247,-0.024390243,0.41747573,0.84390247
2018-1-10T13-49-30,1515588570232,0.8341463,-0.08292683,0.4368932,0.8341463
2018-1-10T13-49-30,1515588570233,0.84390247,-0.024390243,0.44660193,0.84390247
2018-1-10T13-49-30,1515588570234,0.84390247,-0.014634146,0.39805827,0.84390247
2018-1-10T13-49-30,1515588570235,0.84390247,-0.024390243,0.4368932,0.84390247
2018-1-10T13-49-30,1515588570236,0.84390247,-0.014634146,0.4563107,0.84390247
2018-1-10T13-49-30,1515588570237,0.84390247,-0.014634146,0.46601942,0.84390247
2018-1-10T13-49-30,1515588570238,0.84390247,0.06341463,0.44660193,0.84390247
2018-1-10T13-49-30,1515588570239,0.85365856,-0.014634146,0.44660193,0.85365856
2018-1-10T13-49-30,1515588570240,0.86341465,-0.014634146,0.46601942,0.86341465
2018-1-10T13-49-30,1515588570241,0.85365856,-0.024390243,0.4563107,0.85365856
2018-1-10T13-49-30,1515588570242,0.84390247,-0.024390243,0.4563107,0.84390247
2018-1-10T13-49-30,1515588570243,0.85365856,0.07317073,0.4368932,0.85365856
2018-1-10T13-49-30,1515588570244,0.85365856,-0.034146342,0.44660193,0.85365856
2018-1-10T13-49-30,1515588570245,0.84390247,-0.004878049,0.44660193,0.84390247
2018-1-10T13-49-30,1515588570246,0.84390247,-0.024390243,0.44660193,0.84390247
2018-1-10T13-49-30,1515588570247,0.84390247,-0.034146342,0.44660193,0.84390247
2018-1-10T13-49-30,1515588570248,0.85365856,-0.014634146,0.4368932,0.85365856
2018-1-10T13-49-30,1515588570249,0.85365856,-0.024390243,0.44660193,0.85365856
2018-1-10T13-49-30,1515588570250,0.84390247,-0.014634146,0.4368932,0.84390247
2018-1-10T13-49-30,1515588570251,0.84390247,-0.024390243,0.44660193,0.84390247
2018-1-10T13-49-30,1515588570252,0.79512197,-0.024390243,0.4368932,0.79512197
2018-1-10T13-49-30,1515588570253,0.82439023,-0.014634146,0.44660193,0.82439023
2018-1-10T13-49-30,1515588570254,0.85365856,-0.014634146,0.4368932,0.85365856
2018-1-10T13-49-30,1515588570255,0.87317073,-0.004878049,0.44660193,0.87317073
2018-1-10T13-49-30,1515588570256,0.85365856,-0.014634146,0.5048544,0.85365856
2018-1-10T13-49-30,1515588570257,0.84390247,-0.024390243,0.4368932,0.84390247
2018-1-10T13-49-30,1515588570258,0.85365856,0.004878049,0.4368932,0.85365856
2018-1-10T13-49-30,1515588570259,0.85365856,-0.014634146,0.4368932,0.85365856
2018-1-10T13-49-30,1515588570260,0.86341465,-0.014634146,0.44660193,0.86341465
2018-1-10T13-49-30,1515588570261,0.84390247,-0.034146342,0.44660193,0.84390247
2018-1-10T13-49-30,1515588570262,0.85365856,-0.014634146,0.4368932,0.85365856
2018-1-10T13-49-30,1515588570263,0.84390247,-0.024390243,0.4368932,0.84390247
2018-1-10T13-49-30,1515588570264,0.8341463,-0.024390243,0.4368932,0.8341463
2018-1-10T13-49-30,1515588570265,0.84390247,-0.024390243,0.4368932,0.84390247
2018-1-10T13-49-30,1515588570266,0.85365856,-0.024390243,0.4368932,0.85365856
2018-1-10T13-49-30,1515588570267,0.79512197,-0.024390243,0.44660193,0.79512197
2018-1-10T13-49-30,1515588570268,0.84390247,-0.034146342,0.4368932,0.84390247
2018-1-10T13-49-30,1515588570269,0.84390247,-0.014634146,0.42718446,0.84390247
2018-1-10T13-49-30,1515588570270,0.92195123,-0.024390243,0.4368932,0.92195123
2018-1-10T13-49-30,1515588570271,0.84390247,-0.024390243,0.44660193,0.84390247
2018-1-10T13-49-30,1515588570272,0.86341465,-0.024390243,0.4368932,0.86341465
2018-1-10T13-49-30,1515588570273,0.84390247,-0.024390243,0.4563107,0.84390247
2018-1-10T13-49-30,1515588570274,0.85365856,-0.034146342,0.3883495,0.85365856
2018-1-10T13-49-30,1515588570275,0.85365856,-0.034146342,0.4368932,0.85365856
2018-1-10T13-49-30,1515588570276,0.84390247,-0.014634146,0.44660193,0.84390247
2018-1-10T13-49-30,1515588570277,0.8341463,-0.024390243,0.4854369,0.8341463
2018-1-10T13-49-30,1515588570278,0.8829268,-0.034146342,0.44660193,0.8829268
2018-1-10T13-49-30,1515588570279,0.85365856,-0.024390243,0.4368932,0.85365856
2018-1-10T13-49-30,1515588570280,0.84390247,-0.014634146,0.44660193,0.84390247
2018-1-10T13-49-30,1515588570281,0.84390247,-0.014634146,0.4368932,0.84390247
2018-1-10T13-49-30,1515588570282,0.85365856,-0.024390243,0.4368932,0.85365856
2018-1-10T13-49-30,1515588570283,0.84390247,-0.06341463,0.47572815,0.84390247
2018-1-10T13-49-30,1515588570284,0.85365856,0.004878049,0.4563107,0.85365856
2018-1-10T13-49-30,1515588570285,0.8829268,-0.024390243,0.4563107,0.8829268
2018-1-10T13-49-30,1515588570286,0.84390247,-0.024390243,0.44660193,0.84390247
2018-1-10T13-49-30,1515588570287,0.84390247,-0.024390243,0.44660193,0.84390247
2018-1-10T13-49-30,1515588570288,0.85365856,-0.024390243,0.4854369,0.85365856
2018-1-10T13-49-30,1515588570289,0.85365856,-0.014634146,0.4368932,0.85365856
2018-1-10T13-49-30,1515588570290,0.84390247,-0.024390243,0.44660193,0.84390247
2018-1-10T13-49-30,1515588570291,0.84390247,-0.014634146,0.44660193,0.84390247
2018-1-10T13-49-30,1515588570292,0.84390247,-0.024390243,0.4563107,0.84390247
2018-1-10T13-49-30,1515588570293,0.85365856,-0.024390243,0.42718446,0.85365856
2018-1-10T13-49-30,1515588570294,0.85365856,0.014634146,0.4368932,0.85365856
2018-1-10T13-49-30,1515588570295,0.85365856,-0.014634146,0.4368932,0.85365856
2018-1-10T13-49-30,1515588570296,0.84390247,-0.014634146,0.4563107,0.84390247
2018-1-10T13-49-30,1515588570297,0.84390247,-0.024390243,0.44660193,0.84390247
2018-1-10T13-49-30,1515588570298,0.84390247,-0.024390243,0.41747573,0.84390247
2018-1-10T13-49-30,1515588570299,0.84390247,-0.014634146,0.4368932,0.84390247
2018-1-10T13-49-30,1515588570300,0.82439023,-0.004878049,0.44660193,0.82439023
2018-1-10T13-49-30,1515588570301,0.80487806,-0.004878049,0.44660193,0.80487806
2018-1-10T13-49-30,1515588570302,0.84390247,-0.024390243,0.44660193,0.84390247
2018-1-10T13-49-30,1515588570303,0.84390247,-0.014634146,0.44660193,0.84390247
2018-1-10T13-49-30,1515588570304,0.84390247,-0.014634146,0.44660193,0.84390247
2018-1-10T13-49-30,1515588570305,0.84390247,-0.024390243,0.44660193,0.84390247
2018-1-10T13-49-30,1515588570306,0.85365856,-0.024390243,0.4563107,0.85365856
2018-1-10T13-49-30,1515588570307,0.8341463,-0.014634146,0.407767,0.8341463
2018-1-10T13-49-30,1515588570308,0.85365856,-0.024390243,0.41747573,0.85365856
2018-1-10T13-49-30,1515588570309,0.85365856,-0.034146342,0.4368932,0.85365856
2018-1-10T13-49-30,1515588570310,0.84390247,-0.014634146,0.4563107,0.84390247
2018-1-10T13-49-30,1515588570311,0.85365856,-0.034146342,0.4368932,0.85365856
2018-1-10T13-49-30,1515588570312,0.84390247,-0.024390243,0.4368932,0.84390247
2018-1-10T13-49-30,1515588570313,0.84390247,-0.014634146,0.4368932,0.84390247
2018-1-10T13-49-30,1515588570314,0.84390247,-0.014634146,0.4368932,0.84390247
2018-1-10T13-49-30,1515588570315,0.85365856,-0.024390243,0.4368932,0.85365856
2018-1-10T13-49-30,1515588570316,0.8341463,-0.024390243,0.4368932,0.8341463
2018-1-10T13-49-30,1515588570317,0.85365856,-0.014634146,0.44660193,0.85365856
2018-1-10T13-49-30,1515588570318,0.84390247,-0.034146342,0.4368932,0.84390247
2018-1-10T13-49-30,1515588570319,0.84390247,-0.014634146,0.44660193,0.84390247
2018-1-10T13-49-30,1515588570320,0.84390247,-0.034146342,0.44660193,0.84390247
2018-1-10T13-49-30,1515588570321,0.85365856,-0.014634146,0.4368932,0.85365856
2018-1-10T13-49-30,1515588570322,0.84390247,-0.014634146,0.4368932,0.84390247
2018-1-10T13-49-30,1515588570323,0.84390247,-0.024390243,0.44660193,0.84390247
2018-1-10T13-49-30,1515588570324,0.86341465,-0.014634146,0.4368932,0.86341465
2018-1-10T13-49-30,1515588570325,0.84390247,-0.024390243,0.4368932,0.84390247
2018-1-10T13-49-30,1515588570326,0.86341465,-0.024390243,0.44660193,0.86341465
2018-1-10T13-49-30,1515588570327,0.84390247,-0.024390243,0.4368932,0.84390247
2018-1-10T13-49-30,1515588570328,0.84390247,-0.014634146,0.4368932,0.84390247
2018-1-10T13-49-30,1515588570329,0.84390247,-0.014634146,0.41747573,0.84390247
2018-1-10T13-49-30,1515588570330,0.85365856,-0.034146342,0.4368932,0.85365856
2018-1-10T13-49-30,1515588570331,0.84390247,-0.014634146,0.44660193,0.84390247
2018-1-10T13-49-30,1515588570332,0.85365856,-0.004878049,0.49514562,0.85365856
2018-1-10T13-49-30,1515588570333,0.85365856,-0.024390243,0.4368932,0.85365856
2018-1-10T13-49-30,1515588570334,0.85365856,-0.014634146,0.4368932,0.85365856
2018-1-10T13-49-30,1515588570335,0.85365856,0.004878049,0.4368932,0.85365856
2018-1-10T13-49-30,1515588570336,0.86341465,-0.024390243,0.44660193,0.86341465
2018-1-10T13-49-30,1515588570337,0.85365856,-0.024390243,0.44660193,0.85365856
2018-1-10T13-49-30,1515588570338,0.85365856,-0.024390243,0.4368932,0.85365856
2018-1-10T13-49-30,1515588570339,0.85365856,-0.024390243,0.4368932,0.85365856
2018-1-10T13-49-30,1515588570340,0.84390247,-0.07317073,0.4368932,0.84390247
2018-1-10T13-49-30,1515588570341,0.84390247,-0.024390243,0.44660193,0.84390247
2018-1-10T13-49-30,1515588570342,0.85365856,-0.004878049,0.5048544,0.85365856
2018-1-10T13-49-30,1515588570343,0.8341463,0.004878049,0.4368932,0.8341463
2018-1-10T13-49-30,1515588570344,0.85365856,-0.024390243,0.44660193,0.85365856
2018-1-10T13-49-30,1515588570345,0.85365856,-0.034146342,0.44660193,0.85365856
2018-1-10T13-49-30,1515588570346,0.84390247,-0.014634146,0.42718446,0.84390247
2018-1-10T13-49-30,1515588570347,0.8341463,-0.014634146,0.41747573,0.8341463
2018-1-10T13-49-30,1515588570348,0.84390247,-0.024390243,0.4368932,0.84390247
2018-1-10T13-49-30,1515588570349,0.86341465,-0.034146342,0.4368932,0.86341465
2018-1-10T13-49-30,1515588570350,0.84390247,-0.024390243,0.4368932,0.84390247
2018-1-10T13-49-30,1515588570351,0.85365856,-0.014634146,0.44660193,0.85365856
2018-1-10T13-49-30,1515588570352,0.84390247,-0.004878049,0.4368932,0.84390247
2018-1-10T13-49-30,1515588570353,0.8341463,-0.024390243,0.44660193,0.8341463
2018-1-10T13-49-30,1515588570354,0.85365856,-0.024390243,0.44660193,0.85365856
2018-1-10T13-49-30,1515588570355,0.85365856,-0.024390243,0.44660193,0.85365856
2018-1-10T13-49-30,1515588570356,0.8341463,-0.024390243,0.44660193,0.8341463
2018-1-10T13-49-30,1515588570357,0.84390247,-0.024390243,0.44660193,0.84390247
2018-1-10T13-49-30,1515588570358,0.82439023,-0.024390243,0.44660193,0.82439023
2018-1-10T13-49-30,1515588570359,0.84390247,-0.024390243,0.4368932,0.84390247
2018-1-10T13-49-30,1515588570360,0.84390247,-0.024390243,0.4368932,0.84390247
2018-1-10T13-49-30,1515588570361,0.84390247,-0.034146342,0.4368932,0.84390247
2018-1-10T13-49-30,1515588570362,0.84390247,-0.014634146,0.4368932,0.84390247
2018-1-10T13-49-30,1515588570363,0.76585364,-0.014634146,0.44660193,0.76585364
2018-1-10T13-49-30,1515588570364,0.81463414,-0.014634146,0.4563107,0.81463414
2018-1-10T13-49-30,1515588570365,0.84390247,-0.024390243,0.44660193,0.84390247
2018-1-10T13-49-30,1515588570366,0.84390247,0.024390243,0.44660193,0.84390247
2018-1-10T13-49-30,1515588570367,0.84390247,-0.024390243,0.44660193,0.84390247
2018-1-10T13-49-30,1515588570368,0.84390247,-0.014634146,0.4368932,0.84390247
2018-1-10T13-49-30,1515588570369,0.85365856,-0.024390243,0.44660193,0.85365856
2018-1-10T13-49-30,1515588570370,0.84390247,-0.014634146,0.44660193,0.84390247
2018-1-10T13-49-30,1515588570371,0.8341463,-0.024390243,0.44660193,0.8341463
2018-1-10T13-49-30,1515588570372,0.84390247,-0.014634146,0.44660193,0.84390247
2018-1-10T13-49-30,1515588570373,0.85365856,-0.024390243,0.4368932,0.85365856
2018-1-10T13-49-30,1515588570374,0.84390247,-0.024390243,0.44660193,0.84390247
2018-1-10T13-49-30,1515588570375,0.84390247,-0.024390243,0.4368932,0.84390247
2018-1-10T13-49-30,1515588570376,0.7853659,-0.024390243,0.39805827,0.7853659
2018-1-10T13-49-30,1515588570377,0.84390247,-0.024390243,0.4368932,0.84390247
2018-1-10T13-49-30,1515588570378,0.81463414,-0.014634146,0.4368932,0.81463414
2018-1-10T13-49-30,1515588570379,0.84390247,-0.024390243,0.4368932,0.84390247
2018-1-10T13-49-30,1515588570380,0.84390247,-0.024390243,0.44660193,0.84390247
2018-1-10T13-49-30,1515588570381,0.84390247,-0.014634146,0.44660193,0.84390247
2018-1-10T13-49-30,1515588570382,0.86341465,-0.024390243,0.4368932,0.86341465
2018-1-10T13-49-30,1515588570383,0.85365856,-0.053658538,0.39805827,0.85365856
2018-1-10T13-49-30,1515588570384,0.85365856,-0.024390243,0.44660193,0.85365856
2018-1-10T13-49-30,1515588570385,0.85365856,-0.024390243,0.42718446,0.85365856
2018-1-10T13-49-30,1515588570386,0.85365856,-0.024390243,0.44660193,0.85365856
2018-1-10T13-49-30,1515588570387,0.85365856,-0.024390243,0.44660193,0.85365856
2018-1-10T13-49-30,1515588570388,0.84390247,-0.053658538,0.44660193,0.84390247
2018-1-10T13-49-30,1515588570389,0.85365856,-0.024390243,0.4368932,0.85365856
2018-1-10T13-49-30,1515588570390,0.85365856,-0.034146342,0.4368932,0.85365856
2018-1-10T13-49-30,1515588570391,0.8341463,-0.024390243,0.4563107,0.8341463
2018-1-10T13-49-30,1515588570392,0.84390247,-0.034146342,0.4368932,0.84390247
2018-1-10T13-49-30,1515588570393,0.85365856,-0.014634146,0.4368932,0.85365856
2018-1-10T13-49-30,1515588570394,0.85365856,-0.053658538,0.41747573,0.85365856
2018-1-10T13-49-30,1515588570395,0.84390247,-0.024390243,0.4368932,0.84390247
2018-1-10T13-49-30,1515588570396,0.85365856,-0.024390243,0.407767,0.85365856
2018-1-10T13-49-30,1515588570397,0.85365856,0.014634146,0.4368932,0.85365856
2018-1-10T13-49-30,1515588570398,0.87317073,-0.024390243,0.44660193,0.87317073
2018-1-10T13-49-30,1515588570399,0.84390247,-0.014634146,0.44660193,0.84390247
2018-1-10T13-49-30,1515588570400,0.84390247,-0.024390243,0.4368932,0.84390247
2018-1-10T13-49-30,1515588570401,0.84390247,-0.024390243,0.44660193,0.84390247
2018-1-10T13-49-30,1515588570402,0.84390247,-0.053658538,0.4563107,0.84390247
2018-1-10T13-49-30,1515588570403,0.8341463,-0.07317073,0.44660193,0.8341463
2018-1-10T13-49-30,1515588570404,0.85365856,-0.024390243,0.44660193,0.85365856
2018-1-10T13-49-30,1515588570405,0.80487806,-0.024390243,0.44660193,0.80487806
2018-1-10T13-49-30,1515588570406,0.84390247,-0.014634146,0.44660193,0.84390247
2018-1-10T13-49-30,1515588570407,0.84390247,-0.014634146,0.44660193,0.84390247
2018-1-10T13-49-30,1515588570408,0.84390247,-0.024390243,0.42718446,0.84390247
2018-1-10T13-49-30,1515588570409,0.85365856,-0.024390243,0.44660193,0.85365856
2018-1-10T13-49-30,1515588570410,0.84390247,-0.024390243,0.4368932,0.84390247
2018-1-10T13-49-30,1515588570411,0.86341465,-0.014634146,0.44660193,0.86341465
2018-1-10T13-49-30,1515588570412,0.85365856,-0.014634146,0.46601942,0.85365856
2018-1-10T13-49-30,1515588570413,0.84390247,-0.024390243,0.46601942,0.84390247
2018-1-10T13-49-30,1515588570414,0.84390247,-0.014634146,0.4368932,0.84390247
2018-1-10T13-49-30,1515588570415,0.84390247,-0.014634146,0.44660193,0.84390247
2018-1-10T13-49-30,1515588570416,0.84390247,-0.014634146,0.44660193,0.84390247
2018-1-10T13-49-30,1515588570417,0.85365856,-0.024390243,0.4368932,0.85365856
2018-1-10T13-49-30,1515588570418,0.8341463,-0.034146342,0.42718446,0.8341463
2018-1-10T13-49-30,1515588570419,0.84390247,-0.014634146,0.4368932,0.84390247
2018-1-10T13-49-30,1515588570420,0.85365856,-0.014634146,0.44660193,0.85365856
2018-1-10T13-49-30,1515588570421,0.84390247,-0.024390243,0.4368932,0.84390247
2018-1-10T13-49-30,1515588570422,0.84390247,-0.014634146,0.44660193,0.84390247
2018-1-10T13-49-30,1515588570423,0.84390247,-0.014634146,0.44660193,0.84390247
2018-1-10T13-49-30,1515588570424,0.84390247,-0.024390243,0.41747573,0.84390247
2018-1-10T13-49-30,1515588570425,0.84390247,-0.06341463,0.44660193,0.84390247
2018-1-10T13-49-30,1515588570426,0.85365856,-0.043902438,0.4368932,0.85365856
2018-1-10T13-49-30,1515588570427,0.85365856,0.06341463,0.4368932,0.85365856
2018-1-10T13-49-30,1515588570428,0.86341465,-0.014634146,0.44660193,0.86341465
2018-1-10T13-49-30,1515588570429,0.84390247,-0.024390243,0.44660193,0.84390247
2018-1-10T13-49-30,1515588570430,0.81463414,-0.014634146,0.4368932,0.81463414
2018-1-10T13-49-30,1515588570431,0.84390247,-0.014634146,0.44660193,0.84390247
2018-1-10T13-49-30,1515588570432,0.85365856,-0.024390243,0.4368932,0.85365856
2018-1-10T13-49-30,1515588570433,0.84390247,-0.024390243,0.44660193,0.84390247
2018-1-10T13-49-30,1515588570434,0.84390247,-0.034146342,0.4368932,0.84390247
2018-1-10T13-49-30,1515588570435,0.85365856,-0.024390243,0.4563107,0.85365856
2018-1-10T13-49-30,1515588570436,0.82439023,-0.024390243,0.44660193,0.82439023
2018-1-10T13-49-30,1515588570437,0.84390247,-0.024390243,0.44660193,0.84390247
2018-1-10T13-49-30,1515588570438,0.84390247,-0.034146342,0.44660193,0.84390247
2018-1-10T13-49-30,1515588570439,0.84390247,-0.014634146,0.44660193,0.84390247
2018-1-10T13-49-30,1515588570440,0.84390247,-0.024390243,0.4368932,0.84390247
2018-1-10T13-49-30,1515588570441,0.8829268,-0.014634146,0.44660193,0.8829268
2018-1-10T13-49-30,1515588570442,0.84390247,-0.024390243,0.44660193,0.84390247
2018-1-10T13-49-30,1515588570443,0.8341463,0.053658538,0.4563107,0.8341463
2018-1-10T13-49-30,1515588570444,0.80487806,-0.024390243,0.4368932,0.80487806
2018-1-10T13-49-30,1515588570445,0.85365856,-0.024390243,0.42718446,0.85365856
2018-1-10T13-49-30,1515588570446,0.84390247,-0.024390243,0.42718446,0.84390247
2018-1-10T13-49-30,1515588570447,0.85365856,-0.024390243,0.44660193,0.85365856
2018-1-10T13-49-30,1515588570448,0.84390247,-0.024390243,0.4368932,0.84390247
2018-1-10T13-49-30,1515588570449,0.79512197,-0.014634146,0.4368932,0.79512197
2018-1-10T13-49-30,1515588570450,0.82439023,-0.014634146,0.44660193,0.82439023
2018-1-10T13-49-30,1515588570451,0.8341463,0.07317073,0.4368932,0.8341463
2018-1-10T13-49-30,1515588570452,0.85365856,-0.034146342,0.4368932,0.85365856
2018-1-10T13-49-30,1515588570453,0.8341463,-0.024390243,0.44660193,0.8341463
2018-1-10T13-49-30,1515588570454,0.85365856,-0.014634146,0.44660193,0.85365856
2018-1-10T13-49-30,1515588570455,0.84390247,-0.024390243,0.44660193,0.84390247
2018-1-10T13-49-30,1515588570456,0.8341463,-0.024390243,0.44660193,0.8341463
2018-1-10T13-49-30,1515588570457,0.84390247,-0.014634146,0.44660193,0.84390247
2018-1-10T13-49-30,1515588570458,0.84390247,-0.024390243,0.44660193,0.84390247
2018-1-10T13-49-30,1515588570459,0.85365856,-0.024390243,0.4368932,0.85365856
2018-1-10T13-49-30,1515588570460,0.85365856,-0.014634146,0.4368932,0.85365856
2018-1-10T13-49-30,1515588570461,0.84390247,-0.014634146,0.4563107,0.84390247
2018-1-10T13-49-30,1515588570462,0.8926829,-0.024390243,0.42718446,0.8926829
2018-1-10T13-49-30,1515588570463,0.84390247,-0.024390243,0.44660193,0.84390247
2018-1-10T13-49-30,1515588570464,0.81463414,-0.014634146,0.4368932,0.81463414
2018-1-10T13-49-30,1515588570465,0.84390247,-0.014634146,0.44660193,0.84390247
2018-1-10T13-49-30,1515588570466,0.84390247,-0.024390243,0.4368932,0.84390247
2018-1-10T13-49-30,1515588570467,0.8341463,-0.024390243,0.44660193,0.8341463
2018-1-10T13-49-30,1515588570468,0.8341463,-0.014634146,0.44660193,0.8341463
2018-1-10T13-49-30,1515588570469,0.84390247,-0.014634146,0.44660193,0.84390247
2018-1-10T13-49-30,1515588570470,0.84390247,-0.014634146,0.44660193,0.84390247
2018-1-10T13-49-30,1515588570471,0.86341465,-0.043902438,0.44660193,0.86341465
2018-1-10T13-49-30,1515588570472,0.84390247,-0.024390243,0.4563107,0.84390247
2018-1-10T13-49-30,1515588570473,0.8341463,-0.034146342,0.42718446,0.8341463
2018-1-10T13-49-30,1515588570474,0.85365856,-0.014634146,0.4368932,0.85365856
2018-1-10T13-49-30,1515588570475,0.85365856,-0.024390243,0.44660193,0.85365856
2018-1-10T13-49-30,1515588570476,0.85365856,-0.024390243,0.5145631,0.85365856
2018-1-10T13-49-30,1515588570477,0.87317073,-0.034146342,0.4368932,0.87317073
2018-1-10T13-49-30,1515588570478,0.84390247,-0.024390243,0.44660193,0.84390247
2018-1-10T13-49-30,1515588570479,0.84390247,-0.014634146,0.4563107,0.84390247
2018-1-10T13-49-30,1515588570480,0.84390247,-0.024390243,0.4368932,0.84390247
2018-1-10T13-49-30,1515588570481,0.84390247,-0.024390243,0.44660193,0.84390247
2018-1-10T13-49-30,1515588570482,0.84390247,-0.014634146,0.44660193,0.84390247
2018-1-10T13-49-30,1515588570483,0.87317073,-0.034146342,0.44660193,0.87317073
2018-1-10T13-49-30,1515588570484,0.85365856,-0.034146342,0.44660193,0.85365856
2018-1-10T13-49-30,1515588570485,0.85365856,-0.024390243,0.44660193,0.85365856
2018-1-10T13-49-30,1515588570486,0.84390247,-0.014634146,0.4368932,0.84390247
2018-1-10T13-49-30,1515588570487,0.85365856,-0.014634146,0.4368932,0.85365856
2018-1-10T13-49-30,1515588570488,0.8341463,-0.024390243,0.44660193,0.8341463
2018-1-10T13-49-30,1515588570489,0.84390247,-0.024390243,0.44660193,0.84390247
2018-1-10T13-49-30,1515588570490,0.84390247,-0.024390243,0.44660193,0.84390247
2018-1-10T13-49-30,1515588570491,0.84390247,-0.024390243,0.4368932,0.84390247
2018-1-10T13-49-30,1515588570492,0.85365856,-0.014634146,0.4368932,0.85365856
2018-1-10T13-49-30,1515588570493,0.85365856,-0.014634146,0.4368932,0.85365856
2018-1-10T13-49-30,1515588570494,0.85365856,-0.024390243,0.44660193,0.85365856
2018-1-10T13-49-30,1515588570495,0.84390247,-0.024390243,0.44660193,0.84390247
2018-1-10T13-49-30,1515588570496,0.82439023,-0.024390243,0.44660193,0.82439023
2018-1-10T13-49-30,1515588570497,0.84390247,-0.024390243,0.4563107,0.84390247
2018-1-10T13-49-30,1515588570498,0.84390247,-0.024390243,0.36893204,0.84390247
2018-1-10T13-49-30,1515588570499,0.85365856,-0.034146342,0.4368932,0.85365856
2018-1-10T13-49-30,1515588570500,0.85365856,-0.014634146,0.44660193,0.85365856
2018-1-10T13-49-30,1515588570501,0.84390247,-0.024390243,0.4368932,0.84390247
2018-1-10T13-49-30,1515588570502,0.84390247,-0.034146342,0.44660193,0.84390247
2018-1-10T13-49-30,1515588570503,0.85365856,-0.014634146,0.44660193,0.85365856
2018-1-10T13-49-30,1515588570504,0.85365856,-0.014634146,0.4368932,0.85365856
2018-1-10T13-49-30,1515588570505,0.84390247,-0.024390243,0.4368932,0.84390247
2018-1-10T13-49-30,1515588570506,0.84390247,-0.024390243,0.42718446,0.84390247
2018-1-10T13-49-30,1515588570507,0.85365856,-0.014634146,0.4563107,0.85365856
2018-1-10T13-49-30,1515588570508,0.8341463,-0.024390243,0.44660193,0.8341463
2018-1-10T13-49-30,1515588570509,0.85365856,-0.014634146,0.46601942,0.85365856
2018-1-10T13-49-30,1515588570510,0.84390247,-0.004878049,0.44660193,0.84390247
2018-1-10T13-49-30,1515588570511,0.84390247,-0.024390243,0.4368932,0.84390247
2018-1-10T13-49-30,1515588570512,0.82439023,-0.024390243,0.44660193,0.82439023
2018-1-10T13-49-30,1515588570513,0.85365856,-0.024390243,0.44660193,0.85365856
2018-1-10T13-49-30,1515588570514,0.84390247,-0.024390243,0.4563107,0.84390247
2018-1-10T13-49-30,1515588570515,0.84390247,-0.014634146,0.4563107,0.84390247
2018-1-10T13-49-30,1515588570516,0.84390247,-0.024390243,0.4368932,0.84390247
2018-1-10T13-49-30,1515588570517,0.84390247,-0.024390243,0.44660193,0.84390247
2018-1-10T13-49-30,1515588570518,0.85365856,-0.024390243,0.4563107,0.85365856
2018-1-10T13-49-30,1515588570519,0.84390247,-0.014634146,0.44660193,0.84390247
2018-1-10T13-49-30,1515588570520,0.85365856,-0.10243902,0.44660193,0.85365856
2018-1-10T13-49-30,1515588570521,0.84390247,-0.034146342,0.4368932,0.84390247
2018-1-10T13-49-30,1515588570522,0.8341463,-0.014634146,0.4368932,0.8341463
2018-1-10T13-49-30,1515588570523,0.84390247,-0.024390243,0.44660193,0.84390247
2018-1-10T13-49-30,1515588570524,0.87317073,-0.024390243,0.4368932,0.87317073
2018-1-10T13-49-30,1515588570525,0.84390247,-0.014634146,0.46601942,0.84390247
2018-1-10T13-49-30,1515588570526,0.84390247,-0.014634146,0.5048544,0.84390247
2018-1-10T13-49-30,1515588570527,0.85365856,-0.024390243,0.44660193,0.85365856
2018-1-10T13-49-30,1515588570528,0.84390247,-0.043902438,0.4563107,0.84390247
2018-1-10T13-49-30,1515588570529,0.84390247,-0.024390243,0.4368932,0.84390247
2018-1-10T13-49-30,1515588570530,0.85365856,-0.024390243,0.39805827,0.85365856
2018-1-10T13-49-30,1515588570531,0.84390247,-0.024390243,0.44660193,0.84390247
2018-1-10T13-49-30,1515588570532,0.8926829,-0.024390243,0.4563107,0.8926829
2018-1-10T13-49-30,1515588570533,0.85365856,-0.014634146,0.44660193,0.85365856
2018-1-10T13-49-30,1515588570534,0.8341463,-0.024390243,0.46601942,0.8341463
2018-1-10T13-49-30,1515588570535,0.87317073,-0.024390243,0.4368932,0.87317073
2018-1-10T13-49-30,1515588570536,0.8341463,-0.024390243,0.4368932,0.8341463
2018-1-10T13-49-30,1515588570537,0.84390247,-0.004878049,0.4563107,0.84390247
2018-1-10T13-49-30,1515588570538,0.84390247,-0.024390243,0.44660193,0.84390247
2018-1-10T13-49-30,1515588570539,0.8829268,-0.014634146,0.46601942,0.8829268
2018-1-10T13-49-30,1515588570540,0.8341463,-0.014634146,0.4563107,0.8341463
2018-1-10T13-49-30,1515588570541,0.86341465,-0.024390243,0.44660193,0.86341465
2018-1-10T13-49-30,1515588570542,0.84390247,0.043902438,0.4368932,0.84390247
2018-1-10T13-49-30,1515588570543,0.85365856,-0.024390243,0.4368932,0.85365856
2018-1-10T13-49-30,1515588570544,0.84390247,-0.024390243,0.4368932,0.84390247
2018-1-10T13-49-30,1515588570545,0.8341463,-0.024390243,0.4368932,0.8341463
2018-1-10T13-49-30,1515588570546,0.85365856,-0.024390243,0.44660193,0.85365856
2018-1-10T13-49-30,1515588570547,0.84390247,-0.024390243,0.4368932,0.84390247
2018-1-10T13-49-30,1515588570548,0.84390247,-0.004878049,0.5145631,0.84390247
2018-1-10T13-49-30,1515588570549,0.84390247,-0.053658538,0.4368932,0.84390247
2018-1-10T13-49-30,1515588570550,0.84390247,-0.014634146,0.44660193,0.84390247
2018-1-10T13-49-30,1515588570551,0.84390247,-0.014634146,0.4368932,0.84390247
2018-1-10T13-49-30,1515588570552,0.7853659,-0.024390243,0.4368932,0.7853659
2018-1-10T13-49-30,1515588570553,0.86341465,-0.024390243,0.4368932,0.86341465
2018-1-10T13-49-30,1515588570554,0.84390247,-0.014634146,0.4368932,0.84390247
2018-1-10T13-49-30,1515588570555,0.86341465,-0.09268293,0.44660193,0.86341465
2018-1-10T13-49-30,1515588570556,0.81463414,-0.024390243,0.4368932,0.81463414
2018-1-10T13-49-30,1515588570557,0.84390247,-0.014634146,0.44660193,0.84390247
2018-1-10T13-49-30,1515588570558,0.85365856,-0.024390243,0.44660193,0.85365856
2018-1-10T13-49-30,1515588570559,0.84390247,-0.024390243,0.4563107,0.84390247
2018-1-10T13-49-30,1515588570560,0.7853659,-0.024390243,0.4368932,0.7853659
2018-1-10T13-49-30,1515588570561,0.84390247,-0.034146342,0.4368932,0.84390247
2018-1-10T13-49-30,1515588570562,0.84390247,-0.024390243,0.4368932,0.84390247
2018-1-10T13-49-30,1515588570563,0.84390247,0.034146342,0.4563107,0.84390247
2018-1-10T13-49-30,1515588570564,0.84390247,0.043902438,0.4368932,0.84390247
2018-1-10T13-49-30,1515588570565,0.84390247,-0.024390243,0.4563107,0.84390247
2018-1-10T13-49-30,1515588570566,0.84390247,-0.014634146,0.4563107,0.84390247
2018-1-10T13-49-30,1515588570567,0.84390247,-0.034146342,0.4563107,0.84390247
2018-1-10T13-49-30,1515588570568,0.85365856,-0.034146342,0.4368932,0.85365856
2018-1-10T13-49-30,1515588570569,0.85365856,-0.09268293,0.44660193,0.85365856
2018-1-10T13-49-30,1515588570570,0.85365856,-0.024390243,0.44660193,0.85365856
2018-1-10T13-49-30,1515588570572,0.84390247,-0.024390243,0.4368932,0.84390247
2018-1-10T13-49-30,1515588570573,0.85365856,-0.024390243,0.4368932,0.85365856
2018-1-10T13-49-30,1515588570574,0.85365856,-0.034146342,0.407767,0.85365856
2018-1-10T13-49-30,1515588570575,0.84390247,-0.024390243,0.44660193,0.84390247
2018-1-10T13-49-30,1515588570576,0.85365856,0.004878049,0.4368932,0.85365856
2018-1-10T13-49-30,1515588570577,0.85365856,-0.014634146,0.4563107,0.85365856
2018-1-10T13-49-30,1515588570578,0.82439023,-0.06341463,0.44660193,0.82439023
2018-1-10T13-49-30,1515588570579,0.85365856,-0.014634146,0.44660193,0.85365856
2018-1-10T13-49-30,1515588570580,0.84390247,-0.024390243,0.4563107,0.84390247
2018-1-10T13-49-30,1515588570581,0.8341463,-0.024390243,0.44660193,0.8341463
2018-1-10T13-49-30,1515588570582,0.85365856,-0.034146342,0.4368932,0.85365856
2018-1-10T13-49-30,1515588570583,0.84390247,-0.024390243,0.44660193,0.84390247
2018-1-10T13-49-30,1515588570584,0.84390247,-0.034146342,0.44660193,0.84390247
2018-1-10T13-49-30,1515588570585,0.85365856,-0.024390243,0.44660193,0.85365856
2018-1-10T13-49-30,1515588570586,0.84390247,-0.014634146,0.44660193,0.84390247
2018-1-10T13-49-30,1515588570587,0.86341465,-0.024390243,0.44660193,0.86341465
2018-1-10T13-49-30,1515588570588,0.84390247,-0.014634146,0.44660193,0.84390247
2018-1-10T13-49-30,1515588570589,0.85365856,-0.024390243,0.44660193,0.85365856
2018-1-10T13-49-30,1515588570590,0.86341465,-0.024390243,0.44660193,0.86341465
2018-1-10T13-49-30,1515588570591,0.8926829,-0.024390243,0.4368932,0.8926829
2018-1-10T13-49-30,1515588570592,0.87317073,-0.014634146,0.44660193,0.87317073
2018-1-10T13-49-30,1515588570593,0.84390247,-0.024390243,0.44660193,0.84390247
2018-1-10T13-49-30,1515588570594,0.86341465,-0.024390243,0.4563107,0.86341465
2018-1-10T13-49-30,1515588570595,0.8341463,0.004878049,0.44660193,0.8341463
2018-1-10T13-49-30,1515588570596,0.8829268,-0.014634146,0.44660193,0.8829268
2018-1-10T13-49-30,1515588570597,0.84390247,-0.024390243,0.44660193,0.84390247
2018-1-10T13-49-30,1515588570598,0.85365856,-0.034146342,0.4368932,0.85365856
2018-1-10T13-49-30,1515588570599,0.84390247,-0.034146342,0.44660193,0.84390247
2018-1-10T13-49-30,1515588570600,0.85365856,-0.024390243,0.44660193,0.85365856
2018-1-10T13-49-30,1515588570601,0.85365856,-0.024390243,0.44660193,0.85365856
2018-1-10T13-49-30,1515588570602,0.8341463,-0.014634146,0.44660193,0.8341463
2018-1-10T13-49-30,1515588570603,0.84390247,-0.024390243,0.44660193,0.84390247
2018-1-10T13-49-30,1515588570604,0.85365856,-0.043902438,0.4368932,0.85365856
2018-1-10T13-49-30,1515588570605,0.84390247,0.053658538,0.44660193,0.84390247
2018-1-10T13-49-30,1515588570606,0.84390247,-0.024390243,0.44660193,0.84390247
2018-1-10T13-49-30,1515588570607,0.85365856,-0.024390243,0.4368932,0.85365856
2018-1-10T13-49-30,1515588570608,0.7853659,-0.014634146,0.44660193,0.7853659
2018-1-10T13-49-30,1515588570609,0.84390247,-0.034146342,0.4368932,0.84390247
2018-1-10T13-49-30,1515588570610,0.82439023,-0.024390243,0.4368932,0.82439023
2018-1-10T13-49-30,1515588570611,0.8341463,-0.014634146,0.44660193,0.8341463
2018-1-10T13-49-30,1515588570612,0.8341463,-0.014634146,0.44660193,0.8341463
2018-1-10T13-49-30,1515588570613,0.86341465,-0.024390243,0.4368932,0.86341465
2018-1-10T13-49-30,1515588570614,0.84390247,-0.024390243,0.44660193,0.84390247
2018-1-10T13-49-30,1515588570615,0.84390247,-0.024390243,0.4368932,0.84390247
2018-1-10T13-49-30,1515588570616,0.84390247,-0.024390243,0.44660193,0.84390247
2018-1-10T13-49-30,1515588570617,0.85365856,-0.004878049,0.44660193,0.85365856
2018-1-10T13-49-30,1515588570618,0.84390247,-0.014634146,0.44660193,0.84390247
2018-1-10T13-49-30,1515588570619,0.85365856,-0.014634146,0.4368932,0.85365856
2018-1-10T13-49-30,1515588570620,0.85365856,-0.014634146,0.4563107,0.85365856
2018-1-10T13-49-30,1515588570621,0.85365856,-0.024390243,0.44660193,0.85365856
2018-1-10T13-49-30,1515588570622,0.84390247,-0.014634146,0.4368932,0.84390247
2018-1-10T13-49-30,1515588570623,0.84390247,-0.014634146,0.44660193,0.84390247
2018-1-10T13-49-30,1515588570624,0.84390247,-0.024390243,0.44660193,0.84390247
2018-1-10T13-49-30,1515588570625,0.84390247,-0.014634146,0.44660193,0.84390247
2018-1-10T13-49-30,1515588570626,0.84390247,-0.024390243,0.4368932,0.84390247
2018-1-10T13-49-30,1515588570627,0.85365856,-0.014634146,0.4368932,0.85365856
2018-1-10T13-49-30,1515588570628,0.85365856,-0.024390243,0.44660193,0.85365856
2018-1-10T13-49-30,1515588570629,0.8341463,-0.024390243,0.41747573,0.8341463
2018-1-10T13-49-30,1515588570630,0.8341463,-0.024390243,0.4563107,0.8341463
2018-1-10T13-49-30,1515588570631,0.84390247,-0.024390243,0.4368932,0.84390247
2018-1-10T13-49-30,1515588570632,0.86341465,-0.024390243,0.4368932,0.86341465
2018-1-10T13-49-30,1515588570633,0.8341463,-0.004878049,0.44660193,0.8341463
2018-1-10T13-49-30,1515588570634,0.84390247,-0.024390243,0.44660193,0.84390247
2018-1-10T13-49-30,1515588570635,0.84390247,-0.014634146,0.4563107,0.84390247
2018-1-10T13-49-30,1515588570636,0.84390247,-0.014634146,0.4563107,0.84390247
2018-1-10T13-49-30,1515588570637,0.86341465,-0.024390243,0.4368932,0.86341465
2018-1-10T13-49-30,1515588570638,0.84390247,-0.014634146,0.3883495,0.84390247
2018-1-10T13-49-30,1515588570639,0.84390247,-0.024390243,0.44660193,0.84390247
2018-1-10T13-49-30,1515588570640,0.8341463,-0.024390243,0.44660193,0.8341463
2018-1-10T13-49-30,1515588570641,0.84390247,-0.014634146,0.47572815,0.84390247
2018-1-10T13-49-30,1515588570642,0.82439023,-0.024390243,0.44660193,0.82439023
2018-1-10T13-49-30,1515588570643,0.86341465,-0.024390243,0.4368932,0.86341465
2018-1-10T13-49-30,1515588570644,0.82439023,-0.024390243,0.44660193,0.82439023
2018-1-10T13-49-30,1515588570645,0.84390247,0.034146342,0.4368932,0.84390247
2018-1-10T13-49-30,1515588570646,0.84390247,-0.024390243,0.4368932,0.84390247
2018-1-10T13-49-30,1515588570647,0.85365856,-0.014634146,0.44660193,0.85365856
2018-1-10T13-49-30,1515588570648,0.8341463,-0.024390243,0.4368932,0.8341463
2018-1-10T13-49-30,1515588570649,0.84390247,-0.024390243,0.44660193,0.84390247
2018-1-10T13-49-30,1515588570650,0.84390247,-0.014634146,0.44660193,0.84390247
2018-1-10T13-49-30,1515588570651,0.84390247,-0.024390243,0.4563107,0.84390247
2018-1-10T13-49-30,1515588570652,0.7853659,-0.014634146,0.4368932,0.7853659
2018-1-10T13-49-30,1515588570653,0.82439023,-0.014634146,0.4368932,0.82439023
2018-1-10T13-49-30,1515588570654,0.84390247,-0.024390243,0.44660193,0.84390247
2018-1-10T13-49-30,1515588570655,0.85365856,-0.014634146,0.42718446,0.85365856
2018-1-10T13-49-30,1515588570656,0.84390247,-0.014634146,0.41747573,0.84390247
2018-1-10T13-49-30,1515588570657,0.85365856,-0.024390243,0.44660193,0.85365856
2018-1-10T13-49-30,1515588570658,0.8926829,-0.024390243,0.44660193,0.8926829
2018-1-10T13-49-30,1515588570659,0.85365856,-0.043902438,0.44660193,0.85365856
2018-1-10T13-49-30,1515588570660,0.7853659,-0.014634146,0.4368932,0.7853659
2018-1-10T13-49-30,1515588570661,0.84390247,-0.024390243,0.42718446,0.84390247
2018-1-10T13-49-30,1515588570662,0.8341463,-0.024390243,0.44660193,0.8341463
2018-1-10T13-49-30,1515588570663,0.84390247,-0.024390243,0.4368932,0.84390247
2018-1-10T13-49-30,1515588570664,0.85365856,-0.024390243,0.4368932,0.85365856
2018-1-10T13-49-30,1515588570665,0.8341463,-0.034146342,0.4368932,0.8341463
2018-1-10T13-49-30,1515588570666,0.84390247,-0.034146342,0.44660193,0.84390247
2018-1-10T13-49-30,1515588570667,0.84390247,-0.004878049,0.44660193,0.84390247
2018-1-10T13-49-30,1515588570668,0.84390247,-0.024390243,0.4563107,0.84390247
2018-1-10T13-49-30,1515588570669,0.85365856,-0.014634146,0.4563107,0.85365856
2018-1-10T13-49-30,1515588570670,0.84390247,-0.024390243,0.44660193,0.84390247
2018-1-10T13-49-30,1515588570671,0.84390247,-0.043902438,0.4368932,0.84390247
2018-1-10T13-49-30,1515588570672,0.84390247,-0.034146342,0.4368932,0.84390247
2018-1-10T13-49-30,1515588570673,0.8341463,-0.004878049,0.4368932,0.8341463
2018-1-10T13-49-30,1515588570674,0.85365856,-0.024390243,0.49514562,0.85365856
2018-1-10T13-49-30,1515588570675,0.8341463,-0.09268293,0.39805827,0.8341463
2018-1-10T13-49-30,1515588570676,0.85365856,-0.014634146,0.4368932,0.85365856
2018-1-10T13-49-30,1515588570677,0.84390247,-0.053658538,0.46601942,0.84390247
2018-1-10T13-49-30,1515588570678,0.85365856,-0.034146342,0.44660193,0.85365856
2018-1-10T13-49-30,1515588570679,0.7853659,-0.024390243,0.44660193,0.7853659
2018-1-10T13-49-30,1515588570680,0.87317073,-0.014634146,0.42718446,0.87317073
2018-1-10T13-49-30,1515588570681,0.84390247,-0.004878049,0.44660193,0.84390247
2018-1-10T13-49-30,1515588570682,0.84390247,-0.014634146,0.4563107,0.84390247
2018-1-10T13-49-30,1515588570683,0.84390247,-0.034146342,0.44660193,0.84390247
2018-1-10T13-49-30,1515588570684,0.85365856,-0.014634146,0.44660193,0.85365856
2018-1-10T13-49-30,1515588570685,0.85365856,-0.004878049,0.4854369,0.85365856
2018-1-10T13-49-30,1515588570686,0.85365856,-0.014634146,0.4368932,0.85365856
2018-1-10T13-49-30,1515588570687,0.8341463,-0.014634146,0.46601942,0.8341463
2018-1-10T13-49-30,1515588570688,0.8341463,-0.024390243,0.44660193,0.8341463
2018-1-10T13-49-30,1515588570689,0.84390247,-0.024390243,0.44660193,0.84390247
2018-1-10T13-49-30,1515588570690,0.85365856,-0.014634146,0.4563107,0.85365856
2018-1-10T13-49-30,1515588570691,0.84390247,-0.024390243,0.44660193,0.84390247
2018-1-10T13-49-30,1515588570692,0.85365856,-0.014634146,0.4368932,0.85365856
2018-1-10T13-49-30,1515588570693,0.8341463,-0.034146342,0.44660193,0.8341463
2018-1-10T13-49-30,1515588570694,0.84390247,-0.014634146,0.44660193,0.84390247
2018-1-10T13-49-30,1515588570695,0.8341463,-0.024390243,0.4368932,0.8341463
2018-1-10T13-49-30,1515588570696,0.84390247,-0.024390243,0.44660193,0.84390247
2018-1-10T13-49-30,1515588570697,0.85365856,-0.014634146,0.44660193,0.85365856
2018-1-10T13-49-30,1515588570698,0.85365856,-0.024390243,0.4368932,0.85365856
2018-1-10T13-49-30,1515588570699,0.85365856,-0.024390243,0.44660193,0.85365856
2018-1-10T13-49-30,1515588570700,0.84390247,-0.024390243,0.46601942,0.84390247
2018-1-10T13-49-30,1515588570701,0.82439023,-0.014634146,0.44660193,0.82439023
2018-1-10T13-49-30,1515588570702,0.84390247,-0.024390243,0.44660193,0.84390247
2018-1-10T13-49-30,1515588570703,0.81463414,-0.034146342,0.4368932,0.81463414
2018-1-10T13-49-30,1515588570704,0.85365856,-0.004878049,0.44660193,0.85365856
2018-1-10T13-49-30,1515588570705,0.84390247,-0.024390243,0.46601942,0.84390247
2018-1-10T13-49-30,1515588570706,0.87317073,-0.024390243,0.44660193,0.87317073
2018-1-10T13-49-30,1515588570707,0.84390247,-0.014634146,0.49514562,0.84390247
2018-1-10T13-49-30,1515588570708,0.84390247,-0.024390243,0.4368932,0.84390247
2018-1-10T13-49-30,1515588570709,0.84390247,-0.024390243,0.4563107,0.84390247
2018-1-10T13-49-30,1515588570710,0.84390247,-0.024390243,0.44660193,0.84390247
2018-1-10T13-49-30,1515588570711,0.85365856,-0.014634146,0.44660193,0.85365856
2018-1-10T13-49-30,1515588570712,0.84390247,-0.024390243,0.44660193,0.84390247
2018-1-10T13-49-30,1515588570713,0.84390247,-0.024390243,0.4368932,0.84390247
2018-1-10T13-49-30,1515588570714,0.85365856,-0.014634146,0.44660193,0.85365856
2018-1-10T13-49-30,1515588570715,0.86341465,0.034146342,0.4368932,0.86341465
2018-1-10T13-49-30,1515588570716,0.77560973,-0.014634146,0.44660193,0.77560973
2018-1-10T13-49-30,1515588570717,0.86341465,-0.024390243,0.4368932,0.86341465
2018-1-10T13-49-30,1515588570718,0.84390247,-0.014634146,0.4368932,0.84390247
2018-1-10T13-49-30,1515588570719,0.85365856,-0.024390243,0.44660193,0.85365856
2018-1-10T13-49-30,1515588570720,0.84390247,-0.024390243,0.4368932,0.84390247
2018-1-10T13-49-30,1515588570721,0.84390247,-0.024390243,0.44660193,0.84390247
2018-1-10T13-49-30,1515588570722,0.84390247,-0.053658538,0.4368932,0.84390247
2018-1-10T13-49-30,1515588570723,0.84390247,-0.024390243,0.44660193,0.84390247
2018-1-10T13-49-30,1515588570724,0.84390247,-0.014634146,0.44660193,0.84390247
2018-1-10T13-49-30,1515588570725,0.85365856,-0.024390243,0.4563107,0.85365856
2018-1-10T13-49-30,1515588570726,0.84390247,-0.024390243,0.44660193,0.84390247
2018-1-10T13-49-30,1515588570727,0.84390247,-0.024390243,0.47572815,0.84390247
2018-1-10T13-49-30,1515588570728,0.84390247,-0.024390243,0.4368932,0.84390247
2018-1-10T13-49-30,1515588570729,0.84390247,-0.014634146,0.44660193,0.84390247
2018-1-10T13-49-30,1515588570730,0.84390247,-0.004878049,0.42718446,0.84390247
2018-1-10T13-49-30,1515588570731,0.86341465,-0.024390243,0.4563107,0.86341465
2018-1-10T13-49-30,1515588570732,0.8341463,-0.024390243,0.4368932,0.8341463
2018-1-10T13-49-30,1515588570733,0.81463414,-0.004878049,0.44660193,0.81463414
2018-1-10T13-49-30,1515588570734,0.84390247,-0.014634146,0.39805827,0.84390247
2018-1-10T13-49-30,1515588570735,0.84390247,0.014634146,0.4368932,0.84390247
2018-1-10T13-49-30,1515588570736,0.8341463,-0.024390243,0.44660193,0.8341463
2018-1-10T13-49-30,1515588570737,0.84390247,-0.024390243,0.4368932,0.84390247
2018-1-10T13-49-30,1515588570738,0.85365856,-0.004878049,0.4563107,0.85365856
2018-1-10T13-49-30,1515588570739,0.85365856,-0.024390243,0.44660193,0.85365856
2018-1-10T13-49-30,1515588570740,0.8341463,-0.024390243,0.4368932,0.8341463
2018-1-10T13-49-30,1515588570741,0.85365856,-0.014634146,0.42718446,0.85365856
2018-1-10T13-49-30,1515588570742,0.85365856,-0.024390243,0.4368932,0.85365856
2018-1-10T13-49-30,1515588570743,0.84390247,-0.014634146,0.4368932,0.84390247
2018-1-10T13-49-30,1515588570744,0.85365856,-0.043902438,0.4368932,0.85365856
2018-1-10T13-49-30,1515588570745,0.84390247,-0.024390243,0.44660193,0.84390247
2018-1-10T13-49-30,1515588570746,0.85365856,-0.024390243,0.44660193,0.85365856
2018-1-10T13-49-30,1515588570747,0.85365856,-0.004878049,0.44660193,0.85365856
2018-1-10T13-49-30,1515588570748,0.84390247,-0.034146342,0.4368932,0.84390247
2018-1-10T13-49-30,1515588570749,0.8341463,-0.014634146,0.4368932,0.8341463
2018-1-10T13-49-30,1515588570750,0.84390247,-0.034146342,0.4368932,0.84390247
2018-1-10T13-49-30,1515588570751,0.84390247,-0.034146342,0.4368932,0.84390247
2018-1-10T13-49-30,1515588570752,0.85365856,-0.024390243,0.44660193,0.85365856
2018-1-10T13-49-30,1515588570753,0.85365856,-0.024390243,0.4368932,0.85365856
2018-1-10T13-49-30,1515588570754,0.84390247,-0.034146342,0.44660193,0.84390247
2018-1-10T13-49-30,1515588570755,0.85365856,-0.024390243,0.44660193,0.85365856
2018-1-10T13-49-30,1515588570756,0.84390247,-0.034146342,0.42718446,0.84390247
2018-1-10T13-49-30,1515588570757,0.87317073,-0.024390243,0.44660193,0.87317073
2018-1-10T13-49-30,1515588570758,0.84390247,-0.014634146,0.44660193,0.84390247
2018-1-10T13-49-30,1515588570759,0.8341463,-0.034146342,0.44660193,0.8341463
2018-1-10T13-49-30,1515588570760,0.85365856,-0.024390243,0.44660193,0.85365856
2018-1-10T13-49-30,1515588570761,0.84390247,0.024390243,0.44660193,0.84390247
2018-1-10T13-49-30,1515588570762,0.84390247,-0.014634146,0.44660193,0.84390247
2018-1-10T13-49-30,1515588570763,0.85365856,-0.014634146,0.44660193,0.85365856
2018-1-10T13-49-30,1515588570764,0.84390247,-0.014634146,0.4563107,0.84390247
2018-1-10T13-49-30,1515588570765,0.8341463,-0.024390243,0.44660193,0.8341463
2018-1-10T13-49-30,1515588570766,0.8829268,-0.053658538,0.4368932,0.8829268
2018-1-10T13-49-30,1515588570767,0.8829268,-0.043902438,0.4368932,0.8829268
2018-1-10T13-49-30,1515588570768,0.85365856,-0.024390243,0.44660193,0.85365856
2018-1-10T13-49-30,1515588570769,0.84390247,-0.034146342,0.44660193,0.84390247
2018-1-10T13-49-30,1515588570770,0.85365856,-0.024390243,0.4368932,0.85365856
2018-1-10T13-49-30,1515588570771,0.8341463,-0.024390243,0.44660193,0.8341463
2018-1-10T13-49-30,1515588570772,0.84390247,-0.053658538,0.44660193,0.84390247
2018-1-10T13-49-30,1515588570773,0.84390247,-0.024390243,0.44660193,0.84390247
2018-1-10T13-49-30,1515588570774,0.84390247,-0.014634146,0.4368932,0.84390247
2018-1-10T13-49-30,1515588570775,0.87317073,-0.034146342,0.47572815,0.87317073
2018-1-10T13-49-30,1515588570776,0.84390247,0.053658538,0.4368932,0.84390247
2018-1-10T13-49-30,1515588570777,0.85365856,-0.014634146,0.4368932,0.85365856
2018-1-10T13-49-30,1515588570778,0.84390247,-0.043902438,0.44660193,0.84390247
2018-1-10T13-49-30,1515588570779,0.84390247,-0.024390243,0.44660193,0.84390247
2018-1-10T13-49-30,1515588570780,0.7853659,-0.024390243,0.4368932,0.7853659
2018-1-10T13-49-30,1515588570781,0.8341463,-0.024390243,0.4368932,0.8341463
2018-1-10T13-49-30,1515588570782,0.84390247,-0.024390243,0.44660193,0.84390247
2018-1-10T13-49-30,1515588570783,0.8341463,-0.014634146,0.44660193,0.8341463
2018-1-10T13-49-30,1515588570784,0.84390247,-0.024390243,0.44660193,0.84390247
2018-1-10T13-49-30,1515588570785,0.84390247,-0.034146342,0.44660193,0.84390247
2018-1-10T13-49-30,1515588570786,0.85365856,-0.053658538,0.4368932,0.85365856
2018-1-10T13-49-30,1515588570787,0.84390247,-0.024390243,0.44660193,0.84390247
2018-1-10T13-49-30,1515588570788,0.84390247,-0.024390243,0.46601942,0.84390247
2018-1-10T13-49-30,1515588570789,0.8341463,-0.024390243,0.44660193,0.8341463
2018-1-10T13-49-30,1515588570790,0.85365856,-0.034146342,0.4368932,0.85365856
2018-1-10T13-49-30,1515588570791,0.85365856,-0.024390243,0.4368932,0.85365856
2018-1-10T13-49-30,1515588570792,0.84390247,-0.024390243,0.44660193,0.84390247
2018-1-10T13-49-30,1515588570793,0.84390247,-0.014634146,0.44660193,0.84390247
2018-1-10T13-49-30,1515588570794,0.84390247,-0.034146342,0.407767,0.84390247
2018-1-10T13-49-30,1515588570795,0.8341463,-0.014634146,0.4368932,0.8341463
2018-1-10T13-49-30,1515588570796,0.84390247,-0.024390243,0.42718446,0.84390247
2018-1-10T13-49-30,1515588570797,0.85365856,-0.034146342,0.4563107,0.85365856
2018-1-10T13-49-30,1515588570798,0.8341463,-0.024390243,0.44660193,0.8341463
2018-1-10T13-49-30,1515588570799,0.84390247,-0.024390243,0.44660193,0.84390247
2018-1-10T13-49-30,1515588570800,0.85365856,-0.014634146,0.407767,0.85365856
2018-1-10T13-49-30,1515588570801,0.85365856,-0.024390243,0.39805827,0.85365856
2018-1-10T13-49-30,1515588570802,0.85365856,-0.034146342,0.42718446,0.85365856
2018-1-10T13-49-30,1515588570803,0.84390247,-0.004878049,0.4368932,0.84390247
2018-1-10T13-49-30,1515588570804,0.8341463,-0.014634146,0.4368932,0.8341463
2018-1-10T13-49-30,1515588570805,0.85365856,-0.024390243,0.44660193,0.85365856
2018-1-10T13-49-30,1515588570806,0.84390247,-0.024390243,0.44660193,0.84390247
2018-1-10T13-49-30,1515588570807,0.84390247,-0.014634146,0.44660193,0.84390247
2018-1-10T13-49-30,1515588570808,0.85365856,-0.004878049,0.4368932,0.85365856
2018-1-10T13-49-30,1515588570809,0.84390247,-0.024390243,0.49514562,0.84390247
2018-1-10T13-49-30,1515588570810,0.84390247,-0.024390243,0.44660193,0.84390247
2018-1-10T13-49-30,1515588570811,0.85365856,0.034146342,0.4368932,0.85365856
2018-1-10T13-49-30,1515588570812,0.84390247,-0.004878049,0.4368932,0.84390247
2018-1-10T13-49-30,1515588570813,0.84390247,-0.024390243,0.44660193,0.84390247
2018-1-10T13-49-30,1515588570814,0.8341463,-0.004878049,0.4368932,0.8341463
2018-1-10T13-49-30,1515588570815,0.85365856,-0.014634146,0.4368932,0.85365856
2018-1-10T13-49-30,1515588570816,0.85365856,-0.024390243,0.44660193,0.85365856
2018-1-10T13-49-30,1515588570817,0.85365856,-0.004878049,0.44660193,0.85365856
2018-1-10T13-49-30,1515588570818,0.86341465,-0.034146342,0.44660193,0.86341465
2018-1-10T13-49-30,1515588570819,0.84390247,-0.024390243,0.4368932,0.84390247
2018-1-10T13-49-30,1515588570820,0.84390247,-0.024390243,0.4368932,0.84390247
2018-1-10T13-49-30,1515588570821,0.85365856,-0.024390243,0.44660193,0.85365856
2018-1-10T13-49-30,1515588570822,0.84390247,-0.024390243,0.44660193,0.84390247
2018-1-10T13-49-30,1515588570823,0.85365856,-0.024390243,0.44660193,0.85365856
2018-1-10T13-49-30,1515588570824,0.84390247,-0.043902438,0.4368932,0.84390247
2018-1-10T13-49-30,1515588570825,0.84390247,-0.024390243,0.4368932,0.84390247
2018-1-10T13-49-30,1515588570826,0.85365856,0.014634146,0.4368932,0.85365856
2018-1-10T13-49-30,1515588570827,0.85365856,-0.014634146,0.4368932,0.85365856
2018-1-10T13-49-30,1515588570828,0.84390247,-0.014634146,0.42718446,0.84390247
2018-1-10T13-49-30,1515588570829,0.84390247,0.004878049,0.44660193,0.84390247
2018-1-10T13-49-30,1515588570830,0.85365856,-0.034146342,0.4563107,0.85365856
2018-1-10T13-49-30,1515588570831,0.85365856,-0.034146342,0.4368932,0.85365856
2018-1-10T13-49-30,1515588570832,0.8341463,-0.024390243,0.4368932,0.8341463
2018-1-10T13-49-30,1515588570833,0.8341463,-0.10243902,0.44660193,0.8341463
2018-1-10T13-49-30,1515588570834,0.84390247,-0.024390243,0.49514562,0.84390247
2018-1-10T13-49-30,1515588570835,0.85365856,-0.034146342,0.407767,0.85365856
2018-1-10T13-49-30,1515588570836,0.80487806,-0.014634146,0.44660193,0.80487806
2018-1-10T13-49-30,1515588570837,0.84390247,-0.024390243,0.4563107,0.84390247
2018-1-10T13-49-30,1515588570838,0.84390247,-0.024390243,0.44660193,0.84390247
2018-1-10T13-49-30,1515588570839,0.77560973,-0.024390243,0.44660193,0.77560973
2018-1-10T13-49-30,1515588570840,0.84390247,-0.014634146,0.44660193,0.84390247
2018-1-10T13-49-30,1515588570841,0.8341463,-0.014634146,0.44660193,0.8341463
2018-1-10T13-49-30,1515588570842,0.84390247,-0.024390243,0.46601942,0.84390247
2018-1-10T13-49-30,1515588570843,0.84390247,-0.004878049,0.44660193,0.84390247
2018-1-10T13-49-30,1515588570844,0.84390247,-0.024390243,0.44660193,0.84390247
2018-1-10T13-49-30,1515588570845,0.84390247,-0.014634146,0.4368932,0.84390247
2018-1-10T13-49-30,1515588570846,0.84390247,-0.014634146,0.44660193,0.84390247
2018-1-10T13-49-30,1515588570847,0.85365856,-0.024390243,0.44660193,0.85365856
2018-1-10T13-49-30,1515588570848,0.84390247,-0.014634146,0.4368932,0.84390247
2018-1-10T13-49-30,1515588570849,0.8341463,-0.024390243,0.44660193,0.8341463
2018-1-10T13-49-30,1515588570850,0.84390247,-0.024390243,0.4368932,0.84390247
2018-1-10T13-49-30,1515588570851,0.79512197,-0.014634146,0.41747573,0.79512197
2018-1-10T13-49-30,1515588570852,0.8341463,-0.024390243,0.44660193,0.8341463
2018-1-10T13-49-30,1515588570853,0.84390247,-0.024390243,0.44660193,0.84390247
2018-1-10T13-49-30,1515588570854,0.8341463,-0.034146342,0.4368932,0.8341463
2018-1-10T13-49-30,1515588570855,0.84390247,-0.034146342,0.4368932,0.84390247
2018-1-10T13-49-30,1515588570856,0.84390247,-0.024390243,0.4368932,0.84390247
2018-1-10T13-49-30,1515588570857,0.84390247,0.004878049,0.44660193,0.84390247
2018-1-10T13-49-30,1515588570858,0.85365856,-0.014634146,0.44660193,0.85365856
2018-1-10T13-49-30,1515588570859,0.85365856,-0.034146342,0.4368932,0.85365856
2018-1-10T13-49-30,1515588570860,0.84390247,-0.004878049,0.46601942,0.84390247
2018-1-10T13-49-30,1515588570861,0.84390247,-0.024390243,0.42718446,0.84390247
2018-1-10T13-49-30,1515588570862,0.87317073,-0.024390243,0.4368932,0.87317073
2018-1-10T13-49-30,1515588570863,0.8341463,-0.08292683,0.44660193,0.8341463
2018-1-10T13-49-30,1515588570864,0.84390247,-0.034146342,0.4368932,0.84390247
2018-1-10T13-49-30,1515588570865,0.86341465,-0.024390243,0.4368932,0.86341465
2018-1-10T13-49-30,1515588570866,0.84390247,-0.024390243,0.4368932,0.84390247
2018-1-10T13-49-30,1515588570867,0.85365856,-0.014634146,0.4368932,0.85365856
2018-1-10T13-49-30,1515588570868,0.84390247,-0.024390243,0.37864077,0.84390247
2018-1-10T13-49-30,1515588570869,0.84390247,-0.004878049,0.36893204,0.84390247
2018-1-10T13-49-30,1515588570870,0.84390247,0.034146342,0.5145631,0.84390247
2018-1-10T13-49-30,1515588570871,0.84390247,-0.034146342,0.4368932,0.84390247
2018-1-10T13-49-30,1515588570872,0.77560973,-0.014634146,0.44660193,0.77560973
2018-1-10T13-49-30,1515588570873,0.81463414,-0.024390243,0.4563107,0.81463414
2018-1-10T13-49-30,1515588570874,0.84390247,0.004878049,0.44660193,0.84390247
2018-1-10T13-49-30,1515588570875,0.84390247,0.07317073,0.407767,0.84390247
2018-1-10T13-49-30,1515588570876,0.84390247,-0.024390243,0.42718446,0.84390247
2018-1-10T13-49-30,1515588570877,0.84390247,-0.024390243,0.4368932,0.84390247
2018-1-10T13-49-30,1515588570878,0.84390247,0.024390243,0.44660193,0.84390247
2018-1-10T13-49-30,1515588570879,0.84390247,-0.024390243,0.44660193,0.84390247
2018-1-10T13-49-30,1515588570880,0.84390247,-0.024390243,0.44660193,0.84390247
2018-1-10T13-49-30,1515588570881,0.85365856,-0.004878049,0.4368932,0.85365856
2018-1-10T13-49-30,1515588570882,0.84390247,-0.024390243,0.44660193,0.84390247
2018-1-10T13-49-30,1515588570883,0.84390247,-0.014634146,0.44660193,0.84390247
2018-1-10T13-49-30,1515588570884,0.84390247,-0.014634146,0.44660193,0.84390247
2018-1-10T13-49-30,1515588570885,0.85365856,-0.034146342,0.44660193,0.85365856
2018-1-10T13-49-30,1515588570886,0.85365856,-0.014634146,0.4368932,0.85365856
2018-1-10T13-49-30,1515588570887,0.85365856,-0.024390243,0.44660193,0.85365856
2018-1-10T13-49-30,1515588570888,0.84390247,-0.014634146,0.44660193,0.84390247
2018-1-10T13-49-30,1515588570889,0.8341463,-0.024390243,0.44660193,0.8341463
2018-1-10T13-49-30,1515588570890,0.84390247,-0.034146342,0.4563107,0.84390247
2018-1-10T13-49-30,1515588570891,0.84390247,-0.014634146,0.44660193,0.84390247
2018-1-10T13-49-30,1515588570892,0.85365856,-0.034146342,0.4368932,0.85365856
2018-1-10T13-49-30,1515588570893,0.84390247,-0.034146342,0.4368932,0.84390247
2018-1-10T13-49-30,1515588570894,0.85365856,-0.014634146,0.4563107,0.85365856
2018-1-10T13-49-30,1515588570895,0.84390247,-0.014634146,0.4368932,0.84390247
2018-1-10T13-49-30,1515588570896,0.84390247,-0.024390243,0.4563107,0.84390247
2018-1-10T13-49-30,1515588570897,0.84390247,-0.024390243,0.44660193,0.84390247
2018-1-10T13-49-30,1515588570898,0.84390247,-0.024390243,0.44660193,0.84390247
2018-1-10T13-49-30,1515588570899,0.85365856,-0.014634146,0.44660193,0.85365856
2018-1-10T13-49-30,1515588570900,0.84390247,-0.014634146,0.44660193,0.84390247
2018-1-10T13-49-30,1515588570901,0.87317073,-0.024390243,0.4368932,0.87317073
2018-1-10T13-49-30,1515588570902,0.84390247,0.034146342,0.44660193,0.84390247
2018-1-10T13-49-30,1515588570903,0.8926829,-0.014634146,0.44660193,0.8926829
2018-1-10T13-49-30,1515588570904,0.8341463,-0.024390243,0.44660193,0.8341463
2018-1-10T13-49-30,1515588570905,0.85365856,-0.014634146,0.44660193,0.85365856
2018-1-10T13-49-30,1515588570906,0.8341463,-0.014634146,0.47572815,0.8341463
2018-1-10T13-49-30,1515588570907,0.84390247,-0.024390243,0.44660193,0.84390247
2018-1-10T13-49-30,1515588570908,0.84390247,-0.024390243,0.4368932,0.84390247
2018-1-10T13-49-30,1515588570909,0.84390247,0.034146342,0.4368932,0.84390247
2018-1-10T13-49-30,1515588570910,0.84390247,-0.024390243,0.44660193,0.84390247
2018-1-10T13-49-30,1515588570911,0.86341465,-0.024390243,0.44660193,0.86341465
2018-1-10T13-49-30,1515588570912,0.85365856,-0.014634146,0.44660193,0.85365856
2018-1-10T13-49-30,1515588570913,0.84390247,-0.014634146,0.4563107,0.84390247
2018-1-10T13-49-30,1515588570914,0.84390247,-0.024390243,0.44660193,0.84390247
2018-1-10T13-49-30,1515588570915,0.92195123,-0.014634146,0.4368932,0.92195123
2018-1-10T13-49-30,1515588570916,0.81463414,-0.024390243,0.4368932,0.81463414
2018-1-10T13-49-30,1515588570917,0.84390247,-0.024390243,0.44660193,0.84390247
2018-1-10T13-49-30,1515588570918,0.8341463,-0.014634146,0.4368932,0.8341463
2018-1-10T13-49-30,1515588570919,0.85365856,-0.014634146,0.44660193,0.85365856
2018-1-10T13-49-30,1515588570920,0.8341463,-0.034146342,0.44660193,0.8341463
2018-1-10T13-49-30,1515588570921,0.79512197,-0.014634146,0.44660193,0.79512197
2018-1-10T13-49-30,1515588570922,0.8341463,-0.024390243,0.5145631,0.8341463
2018-1-10T13-49-30,1515588570923,0.85365856,-0.024390243,0.4368932,0.85365856
2018-1-10T13-49-30,1515588570924,0.84390247,-0.014634146,0.44660193,0.84390247
2018-1-10T13-49-30,1515588570925,0.8341463,-0.024390243,0.44660193,0.8341463
2018-1-10T13-49-30,1515588570926,0.85365856,-0.014634146,0.4368932,0.85365856
2018-1-10T13-49-30,1515588570927,0.87317073,-0.014634146,0.44660193,0.87317073
2018-1-10T13-49-30,1515588570928,0.85365856,-0.034146342,0.4563107,0.85365856
2018-1-10T13-49-30,1515588570929,0.84390247,-0.024390243,0.41747573,0.84390247
2018-1-10T13-49-30,1515588570930,0.86341465,-0.024390243,0.44660193,0.86341465
2018-1-10T13-49-30,1515588570931,0.85365856,-0.034146342,0.4368932,0.85365856
2018-1-10T13-49-30,1515588570932,0.84390247,-0.043902438,0.44660193,0.84390247
2018-1-10T13-49-30,1515588570933,0.84390247,-0.014634146,0.44660193,0.84390247
2018-1-10T13-49-30,1515588570934,0.85365856,-0.024390243,0.44660193,0.85365856
2018-1-10T13-49-30,1515588570935,0.84390247,-0.024390243,0.4368932,0.84390247
2018-1-10T13-49-30,1515588570936,0.8341463,-0.014634146,0.44660193,0.8341463
2018-1-10T13-49-30,1515588570937,0.84390247,-0.024390243,0.4368932,0.84390247
2018-1-10T13-49-30,1515588570938,0.85365856,-0.024390243,0.44660193,0.85365856
2018-1-10T13-49-30,1515588570939,0.85365856,-0.014634146,0.44660193,0.85365856
2018-1-10T13-49-30,1515588570940,0.84390247,-0.034146342,0.44660193,0.84390247
2018-1-10T13-49-30,1515588570941,0.85365856,-0.024390243,0.4368932,0.85365856
2018-1-10T13-49-30,1515588570942,0.8341463,-0.014634146,0.44660193,0.8341463
2018-1-10T13-49-30,1515588570943,0.84390247,-0.024390243,0.44660193,0.84390247
2018-1-10T13-49-30,1515588570944,0.85365856,-0.024390243,0.4368932,0.85365856
2018-1-10T13-49-30,1515588570945,0.85365856,-0.034146342,0.4368932,0.85365856
2018-1-10T13-49-30,1515588570946,0.85365856,-0.034146342,0.44660193,0.85365856
2018-1-10T13-49-30,1515588570947,0.84390247,-0.024390243,0.42718446,0.84390247
2018-1-10T13-49-30,1515588570948,0.85365856,-0.024390243,0.44660193,0.85365856
2018-1-10T13-49-30,1515588570949,0.85365856,-0.024390243,0.4368932,0.85365856
2018-1-10T13-49-30,1515588570950,0.85365856,-0.024390243,0.44660193,0.85365856
2018-1-10T13-49-30,1515588570951,0.84390247,-0.024390243,0.44660193,0.84390247
2018-1-10T13-49-30,1515588570952,0.84390247,-0.024390243,0.4563107,0.84390247
2018-1-10T13-49-30,1515588570953,0.85365856,-0.024390243,0.4368932,0.85365856
2018-1-10T13-49-30,1515588570954,0.8341463,-0.014634146,0.44660193,0.8341463
2018-1-10T13-49-30,1515588570955,0.8341463,-0.014634146,0.4368932,0.8341463
2018-1-10T13-49-30,1515588570956,0.86341465,-0.034146342,0.4368932,0.86341465
2018-1-10T13-49-30,1515588570957,0.85365856,0.004878049,0.4563107,0.85365856
2018-1-10T13-49-30,1515588570958,0.84390247,-0.014634146,0.44660193,0.84390247
2018-1-10T13-49-30,1515588570959,0.87317073,-0.024390243,0.44660193,0.87317073
2018-1-10T13-49-30,1515588570960,0.85365856,-0.024390243,0.44660193,0.85365856
2018-1-10T13-49-30,1515588570961,0.85365856,0.004878049,0.44660193,0.85365856
2018-1-10T13-49-30,1515588570962,0.85365856,-0.024390243,0.4368932,0.85365856
2018-1-10T13-49-30,1515588570963,0.84390247,-0.024390243,0.44660193,0.84390247
2018-1-10T13-49-30,1515588570964,0.84390247,-0.034146342,0.44660193,0.84390247
2018-1-10T13-49-30,1515588570965,0.84390247,-0.004878049,0.4368932,0.84390247
2018-1-10T13-49-30,1515588570966,0.8341463,-0.024390243,0.44660193,0.8341463
2018-1-10T13-49-30,1515588570967,0.84390247,-0.014634146,0.4368932,0.84390247
2018-1-10T13-49-30,1515588570968,0.8341463,-0.014634146,0.4368932,0.8341463
2018-1-10T13-49-30,1515588570969,0.84390247,-0.024390243,0.4368932,0.84390247
2018-1-10T13-49-30,1515588570970,0.84390247,-0.014634146,0.4368932,0.84390247
2018-1-10T13-49-30,1515588570971,0.84390247,-0.014634146,0.4368932,0.84390247
2018-1-10T13-49-30,1515588570972,0.84390247,-0.014634146,0.4368932,0.84390247
2018-1-10T13-49-30,1515588570973,0.84390247,-0.014634146,0.5145631,0.84390247
2018-1-10T13-49-30,1515588570974,0.85365856,-0.034146342,0.4368932,0.85365856
2018-1-10T13-49-30,1515588570975,0.8341463,-0.024390243,0.44660193,0.8341463
2018-1-10T13-49-30,1515588570976,0.87317073,-0.024390243,0.44660193,0.87317073
2018-1-10T13-49-30,1515588570977,0.85365856,-0.034146342,0.4368932,0.85365856
2018-1-10T13-49-30,1515588570978,0.84390247,-0.014634146,0.44660193,0.84390247
2018-1-10T13-49-30,1515588570979,0.85365856,-0.024390243,0.47572815,0.85365856
2018-1-10T13-49-30,1515588570980,0.84390247,-0.024390243,0.39805827,0.84390247
2018-1-10T13-49-30,1515588570981,0.84390247,-0.034146342,0.44660193,0.84390247
2018-1-10T13-49-30,1515588570982,0.85365856,-0.014634146,0.44660193,0.85365856
2018-1-10T13-49-30,1515588570983,0.84390247,-0.014634146,0.44660193,0.84390247
2018-1-10T13-49-30,1515588570984,0.84390247,-0.024390243,0.4368932,0.84390247
2018-1-10T13-49-30,1515588570985,0.84390247,-0.014634146,0.44660193,0.84390247
2018-1-10T13-49-30,1515588570986,0.8341463,-0.004878049,0.44660193,0.8341463
2018-1-10T13-49-30,1515588570987,0.84390247,-0.034146342,0.44660193,0.84390247
2018-1-10T13-49-30,1515588570988,0.8926829,-0.014634146,0.44660193,0.8926829
2018-1-10T13-49-30,1515588570989,0.8341463,-0.024390243,0.44660193,0.8341463
2018-1-10T13-49-30,1515588570990,0.84390247,-0.024390243,0.44660193,0.84390247
2018-1-10T13-49-30,1515588570991,0.84390247,-0.024390243,0.44660193,0.84390247
2018-1-10T13-49-30,1515588570992,0.84390247,-0.024390243,0.47572815,0.84390247
2018-1-10T13-49-30,1515588570993,0.84390247,-0.024390243,0.4368932,0.84390247
2018-1-10T13-49-30,1515588570994,0.84390247,-0.014634146,0.4368932,0.84390247
2018-1-10T13-49-30,1515588570995,0.85365856,-0.024390243,0.42718446,0.85365856
2018-1-10T13-49-30,1515588570996,0.84390247,-0.024390243,0.4368932,0.84390247
2018-1-10T13-49-30,1515588570997,0.84390247,-0.024390243,0.4368932,0.84390247
2018-1-10T13-49-30,1515588570998,0.84390247,-0.024390243,0.4368932,0.84390247
2018-1-10T13-49-30,1515588570999,0.84390247,-0.024390243,0.4368932,0.84390247
2018-1-10T13-49-31,1515588571000,0.85365856,-0.014634146,0.4563107,0.85365856
2018-1-10T13-49-31,1515588571001,0.85365856,-0.08292683,0.44660193,0.85365856
2018-1-10T13-49-31,1515588571002,0.82439023,-0.014634146,0.4368932,0.82439023
2018-1-10T13-49-31,1515588571003,0.8341463,-0.024390243,0.44660193,0.8341463
2018-1-10T13-49-31,1515588571004,0.85365856,-0.024390243,0.4368932,0.85365856
2018-1-10T13-49-31,1515588571005,0.84390247,-0.014634146,0.44660193,0.84390247
2018-1-10T13-49-31,1515588571006,0.84390247,-0.014634146,0.4368932,0.84390247
2018-1-10T13-49-31,1515588571007,0.84390247,0.014634146,0.4368932,0.84390247
2018-1-10T13-49-31,1515588571008,0.84390247,-0.024390243,0.44660193,0.84390247
2018-1-10T13-49-31,1515588571009,0.85365856,-0.024390243,0.46601942,0.85365856
2018-1-10T13-49-31,1515588571010,0.84390247,-0.014634146,0.44660193,0.84390247
2018-1-10T13-49-31,1515588571011,0.86341465,-0.034146342,0.44660193,0.86341465
2018-1-10T13-49-31,1515588571012,0.85365856,-0.014634146,0.4368932,0.85365856
2018-1-10T13-49-31,1515588571013,0.8341463,-0.024390243,0.44660193,0.8341463
2018-1-10T13-49-31,1515588571014,0.84390247,0.014634146,0.44660193,0.84390247
2018-1-10T13-49-31,1515588571015,0.82439023,-0.034146342,0.4368932,0.82439023
2018-1-10T13-49-31,1515588571016,0.84390247,-0.014634146,0.4563107,0.84390247
2018-1-10T13-49-31,1515588571017,0.85365856,-0.024390243,0.4368932,0.85365856
2018-1-10T13-49-31,1515588571018,0.86341465,-0.004878049,0.44660193,0.86341465
2018-1-10T13-49-31,1515588571019,0.84390247,-0.024390243,0.4563107,0.84390247
2018-1-10T13-49-31,1515588571020,0.8926829,-0.043902438,0.4368932,0.8926829
2018-1-10T13-49-31,1515588571021,0.85365856,-0.08292683,0.44660193,0.85365856
2018-1-10T13-49-31,1515588571022,0.84390247,-0.024390243,0.44660193,0.84390247
2018-1-10T13-49-31,1515588571023,0.84390247,-0.024390243,0.44660193,0.84390247
2018-1-10T13-49-31,1515588571024,0.86341465,-0.024390243,0.44660193,0.86341465
2018-1-10T13-49-31,1515588571025,0.85365856,-0.034146342,0.5048544,0.85365856
2018-1-10T13-49-31,1515588571026,0.84390247,-0.004878049,0.4368932,0.84390247
2018-1-10T13-49-31,1515588571027,0.8341463,0.043902438,0.4368932,0.8341463
2018-1-10T13-49-31,1515588571028,0.8341463,-0.014634146,0.4368932,0.8341463
2018-1-10T13-49-31,1515588571029,0.85365856,-0.024390243,0.4563107,0.85365856
2018-1-10T13-49-31,1515588571030,0.85365856,-0.024390243,0.4368932,0.85365856
2018-1-10T13-49-31,1515588571031,0.84390247,-0.004878049,0.44660193,0.84390247
2018-1-10T13-49-31,1515588571032,0.84390247,-0.024390243,0.4368932,0.84390247
2018-1-10T13-49-31,1515588571033,0.84390247,-0.014634146,0.44660193,0.84390247
2018-1-10T13-49-31,1515588571034,0.8341463,-0.014634146,0.44660193,0.8341463
2018-1-10T13-49-31,1515588571035,0.84390247,-0.024390243,0.42718446,0.84390247
2018-1-10T13-49-31,1515588571036,0.8341463,-0.024390243,0.4368932,0.8341463
2018-1-10T13-49-31,1515588571037,0.85365856,-0.014634146,0.44660193,0.85365856
2018-1-10T13-49-31,1515588571038,0.7853659,-0.014634146,0.44660193,0.7853659
2018-1-10T13-49-31,1515588571039,0.84390247,-0.024390243,0.4368932,0.84390247
2018-1-10T13-49-31,1515588571040,0.85365856,-0.06341463,0.4368932,0.85365856
2018-1-10T13-49-31,1515588571041,0.85365856,-0.024390243,0.4368932,0.85365856
2018-1-10T13-49-31,1515588571042,0.84390247,-0.034146342,0.4368932,0.84390247
2018-1-10T13-49-31,1515588571043,0.84390247,-0.043902438,0.44660193,0.84390247
2018-1-10T13-49-31,1515588571044,0.87317073,-0.034146342,0.42718446,0.87317073
2018-1-10T13-49-31,1515588571045,0.84390247,-0.024390243,0.44660193,0.84390247
2018-1-10T13-49-31,1515588571046,0.85365856,-0.034146342,0.4368932,0.85365856
2018-1-10T13-49-31,1515588571047,0.85365856,-0.014634146,0.4368932,0.85365856
2018-1-10T13-49-31,1515588571048,0.84390247,0.004878049,0.4563107,0.84390247
2018-1-10T13-49-31,1515588571049,0.82439023,-0.024390243,0.44660193,0.82439023
2018-1-10T13-49-31,1515588571050,0.85365856,-0.024390243,0.44660193,0.85365856
2018-1-10T13-49-31,1515588571051,0.85365856,-0.034146342,0.44660193,0.85365856
2018-1-10T13-49-31,1515588571052,0.8341463,0.034146342,0.4563107,0.8341463
2018-1-10T13-49-31,1515588571053,0.8341463,-0.024390243,0.4368932,0.8341463
2018-1-10T13-49-31,1515588571054,0.85365856,-0.014634146,0.44660193,0.85365856
2018-1-10T13-49-31,1515588571055,0.85365856,-0.034146342,0.42718446,0.85365856
2018-1-10T13-49-31,1515588571056,0.84390247,-0.043902438,0.4368932,0.84390247
2018-1-10T13-49-31,1515588571057,0.82439023,-0.034146342,0.4368932,0.82439023
2018-1-10T13-49-31,1515588571058,0.84390247,-0.004878049,0.4368932,0.84390247
2018-1-10T13-49-31,1515588571059,0.84390247,0.034146342,0.4368932,0.84390247
2018-1-10T13-49-31,1515588571060,0.8341463,-0.024390243,0.44660193,0.8341463
2018-1-10T13-49-31,1515588571061,0.86341465,-0.014634146,0.44660193,0.86341465
2018-1-10T13-49-31,1515588571062,0.85365856,-0.024390243,0.44660193,0.85365856
2018-1-10T13-49-31,1515588571063,0.8341463,-0.014634146,0.44660193,0.8341463
2018-1-10T13-49-31,1515588571064,0.84390247,0.004878049,0.44660193,0.84390247
2018-1-10T13-49-31,1515588571065,0.84390247,-0.014634146,0.44660193,0.84390247
2018-1-10T13-49-31,1515588571066,0.84390247,-0.034146342,0.4368932,0.84390247
2018-1-10T13-49-31,1515588571067,0.84390247,-0.024390243,0.4368932,0.84390247
2018-1-10T13-49-31,1515588571068,0.81463414,-0.024390243,0.44660193,0.81463414
2018-1-10T13-49-31,1515588571069,0.84390247,-0.014634146,0.4368932,0.84390247
2018-1-10T13-49-31,1515588571070,0.85365856,-0.034146342,0.44660193,0.85365856
2018-1-10T13-49-31,1515588571071,0.81463414,-0.014634146,0.44660193,0.81463414
2018-1-10T13-49-31,1515588571072,0.84390247,-0.014634146,0.4563107,0.84390247
2018-1-10T13-49-31,1515588571073,0.84390247,-0.014634146,0.407767,0.84390247
2018-1-10T13-49-31,1515588571074,0.85365856,-0.024390243,0.4368932,0.85365856
2018-1-10T13-49-31,1515588571075,0.85365856,-0.014634146,0.44660193,0.85365856
2018-1-10T13-49-31,1515588571076,0.84390247,-0.004878049,0.4563107,0.84390247
2018-1-10T13-49-31,1515588571077,0.79512197,-0.014634146,0.4368932,0.79512197
2018-1-10T13-49-31,1515588571078,0.84390247,-0.014634146,0.4368932,0.84390247
2018-1-10T13-49-31,1515588571079,0.84390247,-0.034146342,0.44660193,0.84390247
2018-1-10T13-49-31,1515588571080,0.8341463,-0.024390243,0.44660193,0.8341463
2018-1-10T13-49-31,1515588571081,0.84390247,-0.014634146,0.4368932,0.84390247
2018-1-10T13-49-31,1515588571082,0.85365856,-0.024390243,0.44660193,0.85365856
2018-1-10T13-49-31,1515588571083,0.8341463,-0.024390243,0.4368932,0.8341463
2018-1-10T13-49-31,1515588571084,0.8926829,-0.09268293,0.44660193,0.8926829
2018-1-10T13-49-31,1515588571085,0.8341463,-0.014634146,0.5145631,0.8341463
2018-1-10T13-49-31,1515588571086,0.84390247,-0.024390243,0.44660193,0.84390247
2018-1-10T13-49-31,1515588571087,0.85365856,-0.024390243,0.44660193,0.85365856
2018-1-10T13-49-31,1515588571088,0.85365856,-0.024390243,0.44660193,0.85365856
2018-1-10T13-49-31,1515588571089,0.8341463,-0.024390243,0.44660193,0.8341463
2018-1-10T13-49-31,1515588571090,0.86341465,-0.034146342,0.4368932,0.86341465
2018-1-10T13-49-31,1515588571091,0.84390247,-0.024390243,0.44660193,0.84390247
2018-1-10T13-49-31,1515588571092,0.84390247,0.014634146,0.44660193,0.84390247
2018-1-10T13-49-31,1515588571093,0.84390247,-0.014634146,0.44660193,0.84390247
2018-1-10T13-49-31,1515588571094,0.84390247,-0.014634146,0.44660193,0.84390247
2018-1-10T13-49-31,1515588571095,0.84390247,-0.024390243,0.44660193,0.84390247
2018-1-10T13-49-31,1515588571096,0.84390247,-0.024390243,0.4368932,0.84390247
2018-1-10T13-49-31,1515588571097,0.8926829,-0.024390243,0.4368932,0.8926829
2018-1-10T13-49-31,1515588571098,0.84390247,0.053658538,0.44660193,0.84390247
2018-1-10T13-49-31,1515588571099,0.86341465,-0.024390243,0.44660193,0.86341465
2018-1-10T13-49-31,1515588571100,0.82439023,-0.024390243,0.44660193,0.82439023
2018-1-10T13-49-31,1515588571101,0.8341463,-0.034146342,0.44660193,0.8341463
2018-1-10T13-49-31,1515588571102,0.84390247,-0.034146342,0.4368932,0.84390247
2018-1-10T13-49-31,1515588571103,0.86341465,-0.004878049,0.44660193,0.86341465
2018-1-10T13-49-31,1515588571104,0.8341463,-0.024390243,0.46601942,0.8341463
2018-1-10T13-49-31,1515588571105,0.85365856,-0.024390243,0.44660193,0.85365856
2018-1-10T13-49-31,1515588571106,0.86341465,-0.024390243,0.4368932,0.86341465
2018-1-10T13-49-31,1515588571107,0.85365856,-0.034146342,0.4368932,0.85365856
2018-1-10T13-49-31,1515588571108,0.85365856,-0.014634146,0.4563107,0.85365856
2018-1-10T13-49-31,1515588571109,0.84390247,-0.034146342,0.44660193,0.84390247
2018-1-10T13-49-31,1515588571110,0.85365856,0.034146342,0.44660193,0.85365856
2018-1-10T13-49-31,1515588571111,0.84390247,-0.024390243,0.5048544,0.84390247
2018-1-10T13-49-31,1515588571112,0.84390247,-0.014634146,0.44660193,0.84390247
2018-1-10T13-49-31,1515588571113,0.86341465,-0.004878049,0.4368932,0.86341465
2018-1-10T13-49-31,1515588571114,0.84390247,-0.024390243,0.4368932,0.84390247
2018-1-10T13-49-31,1515588571115,0.84390247,-0.014634146,0.4563107,0.84390247
2018-1-10T13-49-31,1515588571116,0.84390247,-0.014634146,0.4368932,0.84390247
2018-1-10T13-49-31,1515588571117,0.84390247,-0.024390243,0.4563107,0.84390247
2018-1-10T13-49-31,1515588571118,0.8341463,-0.024390243,0.44660193,0.8341463
2018-1-10T13-49-31,1515588571119,0.84390247,-0.09268293,0.4563107,0.84390247
2018-1-10T13-49-31,1515588571120,0.84390247,-0.014634146,0.4368932,0.84390247
2018-1-10T13-49-31,1515588571121,0.8341463,-0.014634146,0.44660193,0.8341463
2018-1-10T13-49-31,1515588571122,0.85365856,-0.014634146,0.44660193,0.85365856
2018-1-10T13-49-31,1515588571123,0.84390247,-0.014634146,0.4563107,0.84390247
2018-1-10T13-49-31,1515588571124,0.81463414,-0.014634146,0.44660193,0.81463414
2018-1-10T13-49-31,1515588571125,0.79512197,-0.024390243,0.4368932,0.79512197
2018-1-10T13-49-31,1515588571126,0.85365856,-0.024390243,0.4368932,0.85365856
2018-1-10T13-49-31,1515588571127,0.85365856,-0.004878049,0.4368932,0.85365856
2018-1-10T13-49-31,1515588571128,0.84390247,-0.024390243,0.4563107,0.84390247
2018-1-10T13-49-31,1515588571129,0.84390247,-0.024390243,0.4368932,0.84390247
2018-1-10T13-49-31,1515588571130,0.84390247,-0.024390243,0.4854369,0.84390247
2018-1-10T13-49-31,1515588571131,0.85365856,-0.024390243,0.4563107,0.85365856
2018-1-10T13-49-31,1515588571132,0.84390247,-0.024390243,0.42718446,0.84390247
2018-1-10T13-49-31,1515588571133,0.84390247,-0.024390243,0.407767,0.84390247
2018-1-10T13-49-31,1515588571134,0.84390247,-0.014634146,0.44660193,0.84390247
2018-1-10T13-49-31,1515588571135,0.84390247,0.053658538,0.4368932,0.84390247
2018-1-10T13-49-31,1515588571136,0.84390247,-0.034146342,0.4368932,0.84390247
2018-1-10T13-49-31,1515588571137,0.902439,-0.014634146,0.44660193,0.902439
2018-1-10T13-49-31,1515588571138,0.85365856,-0.024390243,0.44660193,0.85365856
2018-1-10T13-49-31,1515588571139,0.84390247,-0.024390243,0.42718446,0.84390247
2018-1-10T13-49-31,1515588571140,0.85365856,-0.034146342,0.44660193,0.85365856
2018-1-10T13-49-31,1515588571141,0.85365856,-0.014634146,0.44660193,0.85365856
2018-1-10T13-49-31,1515588571142,0.84390247,-0.024390243,0.4563107,0.84390247
2018-1-10T13-49-31,1515588571143,0.85365856,-0.024390243,0.4368932,0.85365856
2018-1-10T13-49-31,1515588571144,0.85365856,-0.053658538,0.4368932,0.85365856
2018-1-10T13-49-31,1515588571145,0.85365856,-0.024390243,0.4368932,0.85365856
2018-1-10T13-49-31,1515588571146,0.84390247,-0.014634146,0.44660193,0.84390247
2018-1-10T13-49-31,1515588571147,0.8341463,-0.024390243,0.44660193,0.8341463
2018-1-10T13-49-31,1515588571148,0.8341463,-0.024390243,0.44660193,0.8341463
2018-1-10T13-49-31,1515588571149,0.84390247,-0.014634146,0.4368932,0.84390247
2018-1-10T13-49-31,1515588571150,0.85365856,-0.024390243,0.4368932,0.85365856
2018-1-10T13-49-31,1515588571151,0.92195123,-0.014634146,0.4368932,0.92195123
2018-1-10T13-49-31,1515588571152,0.85365856,-0.034146342,0.44660193,0.85365856
2018-1-10T13-49-31,1515588571153,0.84390247,-0.024390243,0.44660193,0.84390247
2018-1-10T13-49-31,1515588571154,0.84390247,-0.024390243,0.4368932,0.84390247
2018-1-10T13-49-31,1515588571155,0.86341465,-0.07317073,0.44660193,0.86341465
2018-1-10T13-49-31,1515588571156,0.84390247,-0.014634146,0.4368932,0.84390247
2018-1-10T13-49-31,1515588571157,0.8341463,-0.004878049,0.44660193,0.8341463
2018-1-10T13-49-31,1515588571158,0.85365856,-0.024390243,0.44660193,0.85365856
2018-1-10T13-49-31,1515588571159,0.8829268,-0.024390243,0.4563107,0.8829268
2018-1-10T13-49-31,1515588571160,0.85365856,-0.014634146,0.44660193,0.85365856
2018-1-10T13-49-31,1515588571161,0.85365856,-0.014634146,0.4854369,0.85365856
2018-1-10T13-49-31,1515588571162,0.84390247,-0.024390243,0.44660193,0.84390247
2018-1-10T13-49-31,1515588571163,0.84390247,-0.014634146,0.4368932,0.84390247
2018-1-10T13-49-31,1515588571164,0.84390247,-0.004878049,0.44660193,0.84390247
2018-1-10T13-49-31,1515588571165,0.85365856,-0.024390243,0.4368932,0.85365856
2018-1-10T13-49-31,1515588571166,0.85365856,-0.014634146,0.42718446,0.85365856
2018-1-10T13-49-31,1515588571167,0.84390247,-0.024390243,0.4368932,0.84390247
2018-1-10T13-49-31,1515588571168,0.84390247,-0.014634146,0.44660193,0.84390247
2018-1-10T13-49-31,1515588571169,0.8341463,-0.034146342,0.4368932,0.8341463
2018-1-10T13-49-31,1515588571170,0.8341463,-0.014634146,0.44660193,0.8341463
2018-1-10T13-49-31,1515588571171,0.8341463,0.004878049,0.44660193,0.8341463
2018-1-10T13-49-31,1515588571172,0.79512197,-0.024390243,0.4368932,0.79512197
2018-1-10T13-49-31,1515588571173,0.85365856,0.004878049,0.4368932,0.85365856
2018-1-10T13-49-31,1515588571174,0.8341463,-0.024390243,0.4368932,0.8341463
2018-1-10T13-49-31,1515588571175,0.84390247,-0.034146342,0.407767,0.84390247
2018-1-10T13-49-31,1515588571176,0.84390247,-0.034146342,0.4368932,0.84390247
2018-1-10T13-49-31,1515588571177,0.85365856,-0.014634146,0.4368932,0.85365856
2018-1-10T13-49-31,1515588571178,0.85365856,-0.024390243,0.44660193,0.85365856
2018-1-10T13-49-31,1515588571179,0.84390247,-0.024390243,0.44660193,0.84390247
2018-1-10T13-49-31,1515588571180,0.84390247,-0.024390243,0.4368932,0.84390247
2018-1-10T13-49-31,1515588571181,0.77560973,-0.024390243,0.4368932,0.77560973
2018-1-10T13-49-31,1515588571182,0.85365856,-0.043902438,0.44660193,0.85365856
2018-1-10T13-49-31,1515588571183,0.85365856,-0.024390243,0.4368932,0.85365856
2018-1-10T13-49-31,1515588571184,0.84390247,-0.024390243,0.44660193,0.84390247
2018-1-10T13-49-31,1515588571185,0.7853659,-0.004878049,0.4368932,0.7853659
2018-1-10T13-49-31,1515588571186,0.85365856,-0.024390243,0.4368932,0.85365856
2018-1-10T13-49-31,1515588571187,0.8341463,-0.014634146,0.44660193,0.8341463
2018-1-10T13-49-31,1515588571188,0.87317073,-0.034146342,0.44660193,0.87317073
2018-1-10T13-49-31,1515588571189,0.84390247,-0.014634146,0.4563107,0.84390247
2018-1-10T13-49-31,1515588571190,0.8341463,-0.024390243,0.44660193,0.8341463
2018-1-10T13-49-31,1515588571191,0.84390247,-0.034146342,0.47572815,0.84390247
2018-1-10T13-49-31,1515588571192,0.84390247,-0.07317073,0.4563107,0.84390247
2018-1-10T13-49-31,1515588571193,0.85365856,-0.043902438,0.4563107,0.85365856
2018-1-10T13-49-31,1515588571194,0.8341463,-0.043902438,0.4563107,0.8341463
2018-1-10T13-49-31,1515588571195,0.85365856,-0.043902438,0.46601942,0.85365856
2018-1-10T13-49-31,1515588571196,0.84390247,-0.024390243,0.4854369,0.84390247
2018-1-10T13-49-31,1515588571197,0.84390247,-0.024390243,0.5048544,0.84390247
2018-1-10T13-49-31,1515588571198,0.85365856,-0.034146342,0.4563107,0.85365856
2018-1-10T13-49-31,1515588571199,0.84390247,-0.024390243,0.47572815,0.84390247
2018-1-10T13-49-31,1515588571200,0.86341465,-0.024390243,0.49514562,0.86341465
2018-1-10T13-49-31,1515588571201,0.9804878,-0.014634146,0.42718446,0.9804878
2018-1-10T13-49-31,1515588571202,0.92195123,0.014634146,0.3398058,0.92195123
2018-1-10T13-49-31,1515588571203,0.91219515,0.06341463,0.2815534,0.91219515
2018-1-10T13-49-31,1515588571204,0.84390247,0.07317073,0.37864077,0.84390247
2018-1-10T13-49-31,1515588571205,0.79512197,0.014634146,0.47572815,0.79512197
2018-1-10T13-49-31,1515588571206,0.77560973,-0.06341463,0.4854369,0.77560973
2018-1-10T13-49-31,1515588571207,0.79512197,-0.09268293,0.39805827,0.79512197
2018-1-10T13-49-31,1515588571208,0.79512197,0.004878049,0.407767,0.79512197
2018-1-10T13-49-31,1515588571209,0.80487806,-0.014634146,0.46601942,0.80487806
2018-1-10T13-49-31,1515588571210,0.81463414,0.024390243,0.4854369,0.81463414
2018-1-10T13-49-31,1515588571211,0.87317073,0.06341463,0.4368932,0.87317073
2018-1-10T13-49-31,1515588571212,0.86341465,0.034146342,0.407767,0.86341465
2018-1-10T13-49-31,1515588571213,0.85365856,0.004878049,0.4368932,0.85365856
2018-1-10T13-49-31,1515588571214,0.84390247,0.004878049,0.46601942,0.84390247
2018-1-10T13-49-31,1515588571215,0.7853659,-0.043902438,0.52427185,0.7853659
2018-1-10T13-49-31,1515588571216,0.84390247,-0.08292683,0.4563107,0.84390247
2018-1-10T13-49-31,1515588571217,0.85365856,0.36585367,0.42718446,0.85365856
2018-1-10T13-49-31,1515588571218,0.87317073,-0.024390243,0.4563107,0.87317073
2018-1-10T13-49-31,1515588571219,0.8829268,-0.014634146,0.4563107,0.8829268
2018-1-10T13-49-31,1515588571220,0.8829268,-0.014634146,0.47572815,0.8829268
2018-1-10T13-49-31,1515588571221,0.8926829,-0.024390243,0.4563107,0.8926829
2018-1-10T13-49-31,1515588571222,0.902439,-0.043902438,0.46601942,0.902439
2018-1-10T13-49-31,1515588571223,0.82439023,-0.07317073,0.5436893,0.82439023
2018-1-10T13-49-31,1515588571224,0.81463414,-0.09268293,0.47572815,0.81463414
2018-1-10T13-49-31,1515588571225,0.82439023,-0.07317073,0.46601942,0.82439023
2018-1-10T13-49-31,1515588571226,0.82439023,-0.06341463,0.4368932,0.82439023
2018-1-10T13-49-31,1515588571227,0.8341463,-0.043902438,0.42718446,0.8341463
2018-1-10T13-49-31,1515588571228,0.84390247,-0.024390243,0.4368932,0.84390247
2018-1-10T13-49-31,1515588571229,0.86341465,-0.004878049,0.44660193,0.86341465
2018-1-10T13-49-31,1515588571230,0.87317073,0.014634146,0.42718446,0.87317073
2018-1-10T13-49-31,1515588571231,0.92195123,0.004878049,0.46601942,0.92195123
2018-1-10T13-49-31,1515588571232,0.86341465,0.004878049,0.41747573,0.86341465
2018-1-10T13-49-31,1515588571233,0.85365856,-0.014634146,0.46601942,0.85365856
2018-1-10T13-49-31,1515588571234,0.8341463,-0.024390243,0.44660193,0.8341463
2018-1-10T13-49-31,1515588571235,0.82439023,-0.034146342,0.41747573,0.82439023
2018-1-10T13-49-31,1515588571236,0.80487806,-0.034146342,0.42718446,0.80487806
2018-1-10T13-49-31,1515588571237,0.80487806,-0.024390243,0.44660193,0.80487806
2018-1-10T13-49-31,1515588571238,0.84390247,-0.004878049,0.4368932,0.84390247
2018-1-10T13-49-31,1515588571239,0.8341463,0.043902438,0.44660193,0.8341463
2018-1-10T13-49-31,1515588571240,0.84390247,0.014634146,0.4368932,0.84390247
2018-1-10T13-49-31,1515588571241,0.85365856,0.014634146,0.4368932,0.85365856
2018-1-10T13-49-31,1515588571242,0.86341465,-0.014634146,0.46601942,0.86341465
2018-1-10T13-49-31,1515588571243,0.86341465,0.014634146,0.44660193,0.86341465
2018-1-10T13-49-31,1515588571244,0.85365856,-0.014634146,0.44660193,0.85365856
2018-1-10T13-49-31,1515588571245,0.81463414,-0.024390243,0.42718446,0.81463414
2018-1-10T13-49-31,1515588571246,0.84390247,0.004878049,0.4368932,0.84390247
2018-1-10T13-49-31,1515588571247,0.84390247,-0.034146342,0.42718446,0.84390247
2018-1-10T13-49-31,1515588571248,0.85365856,0.40487805,0.44660193,0.85365856
2018-1-10T13-49-31,1515588571249,0.86341465,-0.024390243,0.4563107,0.86341465
2018-1-10T13-49-31,1515588571250,0.86341465,-0.034146342,0.44660193,0.86341465
2018-1-10T13-49-31,1515588571251,0.84390247,-0.034146342,0.4368932,0.84390247
2018-1-10T13-49-31,1515588571252,0.91219515,-0.043902438,0.42718446,0.91219515
2018-1-10T13-49-31,1515588571253,0.85365856,-0.053658538,0.4563107,0.85365856
2018-1-10T13-49-31,1515588571254,0.8341463,-0.06341463,0.44660193,0.8341463
2018-1-10T13-49-31,1515588571255,0.84390247,-0.043902438,0.44660193,0.84390247
2018-1-10T13-49-31,1515588571256,0.85365856,-0.034146342,0.4368932,0.85365856
2018-1-10T13-49-31,1515588571257,0.84390247,-0.043902438,0.39805827,0.84390247
2018-1-10T13-49-31,1515588571258,0.85365856,0.014634146,0.4368932,0.85365856
2018-1-10T13-49-31,1515588571259,0.84390247,-0.014634146,0.39805827,0.84390247
2018-1-10T13-49-31,1515588571260,0.8341463,-0.014634146,0.4368932,0.8341463
2018-1-10T13-49-31,1515588571261,0.8341463,-0.004878049,0.42718446,0.8341463
2018-1-10T13-49-31,1515588571262,0.8341463,-0.014634146,0.44660193,0.8341463
2018-1-10T13-49-31,1515588571263,0.85365856,-0.014634146,0.44660193,0.85365856
2018-1-10T13-49-31,1515588571264,0.8341463,-0.014634146,0.4368932,0.8341463
2018-1-10T13-49-31,1515588571265,0.8341463,0.004878049,0.4368932,0.8341463
2018-1-10T13-49-31,1515588571266,0.84390247,-0.014634146,0.42718446,0.84390247
2018-1-10T13-49-31,1515588571267,0.84390247,-0.014634146,0.42718446,0.84390247
2018-1-10T13-49-31,1515588571268,0.8829268,-0.014634146,0.4368932,0.8829268
2018-1-10T13-49-31,1515588571269,0.85365856,0.004878049,0.4368932,0.85365856
2018-1-10T13-49-31,1515588571270,0.84390247,-0.014634146,0.4368932,0.84390247
2018-1-10T13-49-31,1515588571271,0.8926829,-0.024390243,0.44660193,0.8926829
2018-1-10T13-49-31,1515588571272,0.84390247,-0.014634146,0.4563107,0.84390247
2018-1-10T13-49-31,1515588571273,0.86341465,-0.004878049,0.4563107,0.86341465
2018-1-10T13-49-31,1515588571274,0.87317073,0.014634146,0.44660193,0.87317073
2018-1-10T13-49-31,1515588571275,0.87317073,-0.053658538,0.4368932,0.87317073
2018-1-10T13-49-31,1515588571276,0.85365856,-0.024390243,0.44660193,0.85365856
2018-1-10T13-49-31,1515588571277,0.8341463,-0.034146342,0.4563107,0.8341463
2018-1-10T13-49-31,1515588571278,0.8341463,-0.034146342,0.4563107,0.8341463
2018-1-10T13-49-31,1515588571279,0.8341463,-0.034146342,0.44660193,0.8341463
2018-1-10T13-49-31,1515588571280,0.84390247,-0.034146342,0.44660193,0.84390247
2018-1-10T13-49-31,1515588571281,0.85365856,0.024390243,0.42718446,0.85365856
2018-1-10T13-49-31,1515588571282,0.85365856,-0.014634146,0.4368932,0.85365856
2018-1-10T13-49-31,1515588571283,0.84390247,-0.014634146,0.42718446,0.84390247
2018-1-10T13-49-31,1515588571284,0.84390247,-0.014634146,0.41747573,0.84390247
2018-1-10T13-49-31,1515588571285,0.84390247,-0.014634146,0.44660193,0.84390247
2018-1-10T13-49-31,1515588571286,0.86341465,-0.024390243,0.42718446,0.86341465
2018-1-10T13-49-31,1515588571287,0.84390247,-0.014634146,0.4563107,0.84390247
2018-1-10T13-49-31,1515588571288,0.79512197,-0.004878049,0.44660193,0.79512197
2018-1-10T13-49-31,1515588571289,0.84390247,0.004878049,0.4368932,0.84390247
2018-1-10T13-49-31,1515588571290,0.82439023,0.09268293,0.42718446,0.82439023
2018-1-10T13-49-31,1515588571291,0.84390247,-0.004878049,0.42718446,0.84390247
2018-1-10T13-49-31,1515588571292,0.85365856,-0.024390243,0.44660193,0.85365856
2018-1-10T13-49-31,1515588571293,0.85365856,-0.024390243,0.44660193,0.85365856
2018-1-10T13-49-31,1515588571294,0.8341463,-0.043902438,0.44660193,0.8341463
2018-1-10T13-49-31,1515588571295,0.85365856,-0.043902438,0.44660193,0.85365856
2018-1-10T13-49-31,1515588571296,0.82439023,-0.034146342,0.4563107,0.82439023
2018-1-10T13-49-31,1515588571297,0.86341465,-0.034146342,0.46601942,0.86341465
2018-1-10T13-49-31,1515588571298,0.8829268,-0.004878049,0.44660193,0.8829268
2018-1-10T13-49-31,1515588571299,0.87317073,0.004878049,0.4368932,0.87317073
2018-1-10T13-49-31,1515588571300,0.85365856,-0.034146342,0.42718446,0.85365856
2018-1-10T13-49-31,1515588571301,0.84390247,-0.024390243,0.4368932,0.84390247
2018-1-10T13-49-31,1515588571302,0.9317073,-0.043902438,0.4563107,0.9317073
2018-1-10T13-49-31,1515588571303,0.84390247,-0.024390243,0.46601942,0.84390247
2018-1-10T13-49-31,1515588571304,0.84390247,-0.024390243,0.4368932,0.84390247
2018-1-10T13-49-31,1515588571305,0.84390247,-0.034146342,0.42718446,0.84390247
2018-1-10T13-49-31,1515588571306,0.81463414,-0.024390243,0.4368932,0.81463414
2018-1-10T13-49-31,1515588571307,0.80487806,-0.024390243,0.4563107,0.80487806
2018-1-10T13-49-31,1515588571308,0.84390247,-0.024390243,0.4563107,0.84390247
2018-1-10T13-49-31,1515588571309,0.84390247,-0.014634146,0.44660193,0.84390247
2018-1-10T13-49-31,1515588571310,0.85365856,-0.014634146,0.4368932,0.85365856
2018-1-10T13-49-31,1515588571311,0.85365856,-0.004878049,0.44660193,0.85365856
2018-1-10T13-49-31,1515588571312,0.86341465,-0.004878049,0.44660193,0.86341465
2018-1-10T13-49-31,1515588571313,0.86341465,-0.004878049,0.4368932,0.86341465
2018-1-10T13-49-31,1515588571314,0.86341465,0.014634146,0.4368932,0.86341465
2018-1-10T13-49-31,1515588571315,0.8341463,-0.004878049,0.4368932,0.8341463
2018-1-10T13-49-31,1515588571316,0.82439023,-0.034146342,0.4368932,0.82439023
2018-1-10T13-49-31,1515588571317,0.84390247,-0.034146342,0.42718446,0.84390247
2018-1-10T13-49-31,1515588571318,0.84390247,-0.034146342,0.4368932,0.84390247
2018-1-10T13-49-31,1515588571319,0.8341463,-0.034146342,0.4368932,0.8341463
2018-1-10T13-49-31,1515588571320,0.84390247,-0.034146342,0.47572815,0.84390247
2018-1-10T13-49-31,1515588571321,0.8341463,0.053658538,0.4563107,0.8341463
2018-1-10T13-49-31,1515588571322,0.84390247,-0.043902438,0.4563107,0.84390247
2018-1-10T13-49-31,1515588571323,0.85365856,-0.024390243,0.44660193,0.85365856
2018-1-10T13-49-31,1515588571324,0.86341465,-0.004878049,0.4563107,0.86341465
2018-1-10T13-49-31,1515588571325,0.8829268,-0.004878049,0.4563107,0.8829268
2018-1-10T13-49-31,1515588571326,0.7853659,-0.024390243,0.44660193,0.7853659
2018-1-10T13-49-31,1515588571327,0.86341465,-0.014634146,0.42718446,0.86341465
2018-1-10T13-49-31,1515588571328,0.85365856,0.004878049,0.44660193,0.85365856
2018-1-10T13-49-31,1515588571329,0.85365856,-0.043902438,0.44660193,0.85365856
2018-1-10T13-49-31,1515588571330,0.8341463,-0.043902438,0.44660193,0.8341463
2018-1-10T13-49-31,1515588571331,0.84390247,-0.034146342,0.42718446,0.84390247
2018-1-10T13-49-31,1515588571332,0.8341463,-0.024390243,0.4368932,0.8341463
2018-1-10T13-49-31,1515588571333,0.8341463,0.014634146,0.42718446,0.8341463
2018-1-10T13-49-31,1515588571334,0.8341463,-0.014634146,0.4368932,0.8341463
2018-1-10T13-49-31,1515588571335,0.82439023,-0.014634146,0.44660193,0.82439023
2018-1-10T13-49-31,1515588571336,0.84390247,-0.024390243,0.4368932,0.84390247
2018-1-10T13-49-31,1515588571337,0.84390247,-0.014634146,0.4563107,0.84390247
2018-1-10T13-49-31,1515588571338,0.85365856,-0.004878049,0.46601942,0.85365856
2018-1-10T13-49-31,1515588571339,0.85365856,-0.004878049,0.44660193,0.85365856
2018-1-10T13-49-31,1515588571340,0.85365856,-0.004878049,0.4368932,0.85365856
2018-1-10T13-49-31,1515588571341,0.85365856,0.004878049,0.42718446,0.85365856
2018-1-10T13-49-31,1515588571342,0.84390247,-0.024390243,0.42718446,0.84390247
2018-1-10T13-49-31,1515588571343,0.75609756,-0.043902438,0.4368932,0.75609756
2018-1-10T13-49-31,1515588571344,0.82439023,-0.09268293,0.4368932,0.82439023
2018-1-10T13-49-31,1515588571345,0.81463414,-0.043902438,0.44660193,0.81463414
2018-1-10T13-49-31,1515588571346,0.84390247,-0.024390243,0.4563107,0.84390247
2018-1-10T13-49-31,1515588571347,0.84390247,-0.024390243,0.4368932,0.84390247
2018-1-10T13-49-31,1515588571348,0.86341465,-0.004878049,0.44660193,0.86341465
2018-1-10T13-49-31,1515588571349,0.87317073,0.004878049,0.47572815,0.87317073
2018-1-10T13-49-31,1515588571350,0.87317073,-0.004878049,0.4563107,0.87317073
2018-1-10T13-49-31,1515588571351,0.86341465,-0.004878049,0.44660193,0.86341465
2018-1-10T13-49-31,1515588571352,0.84390247,0.014634146,0.4563107,0.84390247
2018-1-10T13-49-31,1515588571353,0.84390247,-0.034146342,0.4563107,0.84390247
2018-1-10T13-49-31,1515588571354,0.84390247,-0.024390243,0.4563107,0.84390247
2018-1-10T13-49-31,1515588571355,0.8341463,-0.034146342,0.4368932,0.8341463
2018-1-10T13-49-31,1515588571356,0.8341463,-0.043902438,0.42718446,0.8341463
2018-1-10T13-49-31,1515588571357,0.8341463,-0.043902438,0.42718446,0.8341463
2018-1-10T13-49-31,1515588571358,0.86341465,-0.043902438,0.44660193,0.86341465
2018-1-10T13-49-31,1515588571359,0.8341463,-0.024390243,0.44660193,0.8341463
2018-1-10T13-49-31,1515588571360,0.84390247,-0.024390243,0.4563107,0.84390247
2018-1-10T13-49-31,1515588571361,0.85365856,-0.014634146,0.4563107,0.85365856
2018-1-10T13-49-31,1515588571362,0.85365856,-0.004878049,0.49514562,0.85365856
2018-1-10T13-49-31,1515588571363,0.87317073,-0.004878049,0.44660193,0.87317073
2018-1-10T13-49-31,1515588571364,0.87317073,-0.004878049,0.4368932,0.87317073
2018-1-10T13-49-31,1515588571365,0.87317073,0.004878049,0.44660193,0.87317073
2018-1-10T13-49-31,1515588571366,0.85365856,-0.034146342,0.44660193,0.85365856
2018-1-10T13-49-31,1515588571367,0.92195123,-0.024390243,0.44660193,0.92195123
2018-1-10T13-49-31,1515588571368,0.84390247,-0.024390243,0.44660193,0.84390247
2018-1-10T13-49-31,1515588571369,0.84390247,-0.004878049,0.4368932,0.84390247
2018-1-10T13-49-31,1515588571370,0.8341463,-0.014634146,0.42718446,0.8341463
2018-1-10T13-49-31,1515588571371,0.84390247,-0.024390243,0.42718446,0.84390247
2018-1-10T13-49-31,1515588571372,0.85365856,-0.024390243,0.4563107,0.85365856
2018-1-10T13-49-31,1515588571373,0.85365856,-0.11219512,0.44660193,0.85365856
2018-1-10T13-49-31,1515588571374,0.86341465,-0.024390243,0.44660193,0.86341465
2018-1-10T13-49-31,1515588571375,0.84390247,-0.014634146,0.4368932,0.84390247
2018-1-10T13-49-31,1515588571376,0.84390247,-0.014634146,0.4368932,0.84390247
2018-1-10T13-49-31,1515588571377,0.82439023,0.014634146,0.4368932,0.82439023
2018-1-10T13-49-31,1515588571378,0.82439023,-0.043902438,0.4368932,0.82439023
2018-1-10T13-49-31,1515588571379,0.85365856,-0.034146342,0.44660193,0.85365856
2018-1-10T13-49-31,1515588571380,0.84390247,-0.043902438,0.44660193,0.84390247
2018-1-10T13-49-31,1515588571381,0.84390247,-0.024390243,0.44660193,0.84390247
2018-1-10T13-49-31,1515588571382,0.84390247,-0.034146342,0.44660193,0.84390247
2018-1-10T13-49-31,1515588571383,0.86341465,-0.014634146,0.4368932,0.86341465
2018-1-10T13-49-31,1515588571384,0.86341465,0.043902438,0.44660193,0.86341465
2018-1-10T13-49-31,1515588571385,0.87317073,-0.014634146,0.4563107,0.87317073
2018-1-10T13-49-31,1515588571386,0.85365856,-0.004878049,0.44660193,0.85365856
2018-1-10T13-49-31,1515588571387,0.84390247,-0.024390243,0.4563107,0.84390247
2018-1-10T13-49-31,1515588571388,0.85365856,0.004878049,0.44660193,0.85365856
2018-1-10T13-49-31,1515588571389,0.8341463,-0.004878049,0.4368932,0.8341463
2018-1-10T13-49-31,1515588571390,0.84390247,-0.014634146,0.42718446,0.84390247
2018-1-10T13-49-31,1515588571391,0.80487806,-0.004878049,0.42718446,0.80487806
2018-1-10T13-49-31,1515588571392,0.85365856,-0.014634146,0.42718446,0.85365856
2018-1-10T13-49-31,1515588571393,0.8341463,-0.014634146,0.42718446,0.8341463
2018-1-10T13-49-31,1515588571394,0.82439023,-0.024390243,0.4563107,0.82439023
2018-1-10T13-49-31,1515588571395,0.84390247,-0.004878049,0.44660193,0.84390247
2018-1-10T13-49-31,1515588571396,0.85365856,-0.014634146,0.4368932,0.85365856
2018-1-10T13-49-31,1515588571397,0.84390247,-0.014634146,0.4368932,0.84390247
2018-1-10T13-49-31,1515588571398,0.85365856,-0.014634146,0.44660193,0.85365856
2018-1-10T13-49-31,1515588571399,0.85365856,-0.024390243,0.4368932,0.85365856
2018-1-10T13-49-31,1515588571400,0.84390247,-0.014634146,0.4368932,0.84390247
2018-1-10T13-49-31,1515588571401,0.84390247,-0.024390243,0.44660193,0.84390247
2018-1-10T13-49-31,1515588571402,0.84390247,-0.024390243,0.4563107,0.84390247
2018-1-10T13-49-31,1515588571403,0.8341463,-0.043902438,0.4563107,0.8341463
2018-1-10T13-49-31,1515588571404,0.8341463,-0.034146342,0.41747573,0.8341463
2018-1-10T13-49-31,1515588571405,0.84390247,-0.034146342,0.42718446,0.84390247
2018-1-10T13-49-31,1515588571406,0.84390247,-0.024390243,0.4368932,0.84390247
2018-1-10T13-49-31,1515588571407,0.84390247,-0.024390243,0.4563107,0.84390247
2018-1-10T13-49-31,1515588571408,0.84390247,-0.024390243,0.4563107,0.84390247
2018-1-10T13-49-31,1515588571409,0.85365856,-0.11219512,0.44660193,0.85365856
2018-1-10T13-49-31,1515588571410,0.85365856,-0.024390243,0.4368932,0.85365856
2018-1-10T13-49-31,1515588571411,0.79512197,-0.024390243,0.4368932,0.79512197
2018-1-10T13-49-31,1515588571412,0.84390247,-0.053658538,0.46601942,0.84390247
2018-1-10T13-49-31,1515588571413,0.85365856,-0.10243902,0.44660193,0.85365856
2018-1-10T13-49-31,1515588571414,0.84390247,-0.043902438,0.44660193,0.84390247
2018-1-10T13-49-31,1515588571415,0.84390247,-0.024390243,0.4563107,0.84390247
2018-1-10T13-49-31,1515588571416,0.85365856,-0.024390243,0.44660193,0.85365856
2018-1-10T13-49-31,1515588571417,0.86341465,-0.024390243,0.44660193,0.86341465
2018-1-10T13-49-31,1515588571418,0.85365856,-0.08292683,0.4368932,0.85365856
2018-1-10T13-49-31,1515588571419,0.85365856,0.004878049,0.42718446,0.85365856
2018-1-10T13-49-31,1515588571420,0.85365856,-0.004878049,0.4368932,0.85365856
2018-1-10T13-49-31,1515588571421,0.84390247,-0.024390243,0.44660193,0.84390247
2018-1-10T13-49-31,1515588571422,0.8341463,-0.024390243,0.44660193,0.8341463
2018-1-10T13-49-31,1515588571423,0.8341463,0.053658538,0.4368932,0.8341463
2018-1-10T13-49-31,1515588571424,0.85365856,-0.034146342,0.42718446,0.85365856
2018-1-10T13-49-31,1515588571425,0.84390247,-0.034146342,0.4368932,0.84390247
2018-1-10T13-49-31,1515588571426,0.8341463,-0.043902438,0.4368932,0.8341463
2018-1-10T13-49-31,1515588571427,0.82439023,-0.024390243,0.4368932,0.82439023
2018-1-10T13-49-31,1515588571428,0.84390247,-0.024390243,0.4563107,0.84390247
2018-1-10T13-49-31,1515588571429,0.8341463,-0.014634146,0.46601942,0.8341463
2018-1-10T13-49-31,1515588571430,0.84390247,-0.014634146,0.46601942,0.84390247
2018-1-10T13-49-31,1515588571431,0.86341465,0.004878049,0.44660193,0.86341465
2018-1-10T13-49-31,1515588571432,0.85365856,0.014634146,0.4368932,0.85365856
2018-1-10T13-49-31,1515588571433,0.84390247,-0.024390243,0.44660193,0.84390247
2018-1-10T13-49-31,1515588571434,0.85365856,-0.024390243,0.44660193,0.85365856
2018-1-10T13-49-31,1515588571435,0.84390247,-0.024390243,0.46601942,0.84390247
2018-1-10T13-49-31,1515588571436,0.8341463,-0.024390243,0.4368932,0.8341463
2018-1-10T13-49-31,1515588571437,0.82439023,-0.024390243,0.46601942,0.82439023
2018-1-10T13-49-31,1515588571438,0.8341463,-0.024390243,0.36893204,0.8341463
2018-1-10T13-49-31,1515588571439,0.8341463,-0.09268293,0.41747573,0.8341463
2018-1-10T13-49-31,1515588571440,0.84390247,-0.024390243,0.42718446,0.84390247
2018-1-10T13-49-31,1515588571441,0.86341465,-0.034146342,0.4368932,0.86341465
2018-1-10T13-49-31,1515588571442,0.85365856,-0.034146342,0.44660193,0.85365856
2018-1-10T13-49-31,1515588571443,0.84390247,-0.014634146,0.4563107,0.84390247
2018-1-10T13-49-31,1515588571444,0.86341465,-0.004878049,0.44660193,0.86341465
2018-1-10T13-49-31,1515588571445,0.85365856,0.034146342,0.42718446,0.85365856
2018-1-10T13-49-31,1515588571446,0.85365856,-0.014634146,0.44660193,0.85365856
2018-1-10T13-49-31,1515588571447,0.84390247,-0.034146342,0.4563107,0.84390247
2018-1-10T13-49-31,1515588571448,0.8341463,-0.043902438,0.4368932,0.8341463
2018-1-10T13-49-31,1515588571449,0.8341463,-0.043902438,0.4368932,0.8341463
2018-1-10T13-49-31,1515588571450,0.8341463,-0.024390243,0.44660193,0.8341463
2018-1-10T13-49-31,1515588571451,0.8341463,-0.024390243,0.4368932,0.8341463
2018-1-10T13-49-31,1515588571452,0.84390247,-0.004878049,0.8446602,0.84390247
2018-1-10T13-49-31,1515588571453,0.84390247,-0.004878049,0.44660193,0.84390247
2018-1-10T13-49-31,1515588571454,0.87317073,-0.004878049,0.47572815,0.87317073
2018-1-10T13-49-31,1515588571455,0.87317073,-0.014634146,0.4368932,0.87317073
2018-1-10T13-49-31,1515588571456,0.92195123,-0.004878049,0.44660193,0.92195123
2018-1-10T13-49-31,1515588571457,0.84390247,-0.014634146,0.46601942,0.84390247
2018-1-10T13-49-31,1515588571458,0.84390247,-0.014634146,0.44660193,0.84390247
2018-1-10T13-49-31,1515588571459,0.85365856,-0.07317073,0.44660193,0.85365856
2018-1-10T13-49-31,1515588571460,0.81463414,-0.043902438,0.42718446,0.81463414
2018-1-10T13-49-31,1515588571461,0.86341465,-0.043902438,0.42718446,0.86341465
2018-1-10T13-49-31,1515588571462,0.82439023,0.47317073,0.42718446,0.82439023
2018-1-10T13-49-31,1515588571463,0.82439023,-0.024390243,0.36893204,0.82439023
2018-1-10T13-49-31,1515588571464,0.8341463,-0.034146342,0.44660193,0.8341463
2018-1-10T13-49-31,1515588571465,0.8341463,-0.024390243,0.5145631,0.8341463
2018-1-10T13-49-31,1515588571466,0.87317073,-0.024390243,0.4563107,0.87317073
2018-1-10T13-49-31,1515588571467,0.86341465,-0.004878049,0.4854369,0.86341465
2018-1-10T13-49-31,1515588571468,0.87317073,0.004878049,0.49514562,0.87317073
2018-1-10T13-49-31,1515588571469,0.85365856,-0.004878049,0.44660193,0.85365856
2018-1-10T13-49-31,1515588571470,0.85365856,0.014634146,0.44660193,0.85365856
2018-1-10T13-49-31,1515588571471,0.84390247,-0.024390243,0.4368932,0.84390247
2018-1-10T13-49-31,1515588571472,0.84390247,-0.024390243,0.4563107,0.84390247
2018-1-10T13-49-31,1515588571473,0.85365856,-0.043902438,0.4368932,0.85365856
2018-1-10T13-49-31,1515588571474,0.85365856,-0.034146342,0.44660193,0.85365856
2018-1-10T13-49-31,1515588571475,0.8341463,-0.014634146,0.41747573,0.8341463
2018-1-10T13-49-31,1515588571476,0.8341463,-0.004878049,0.4368932,0.8341463
2018-1-10T13-49-31,1515588571477,0.84390247,-0.014634146,0.4563107,0.84390247
2018-1-10T13-49-31,1515588571478,0.84390247,-0.014634146,0.4563107,0.84390247
2018-1-10T13-49-31,1515588571479,0.85365856,0.024390243,0.4563107,0.85365856
2018-1-10T13-49-31,1515588571480,0.85365856,-0.014634146,0.4368932,0.85365856
2018-1-10T13-49-31,1515588571481,0.84390247,-0.08292683,0.42718446,0.84390247
2018-1-10T13-49-31,1515588571482,0.84390247,-0.043902438,0.42718446,0.84390247
2018-1-10T13-49-31,1515588571483,0.84390247,0.004878049,0.4368932,0.84390247
2018-1-10T13-49-31,1515588571484,0.82439023,-0.034146342,0.4563107,0.82439023
2018-1-10T13-49-31,1515588571485,0.84390247,-0.024390243,0.46601942,0.84390247
2018-1-10T13-49-31,1515588571486,0.85365856,-0.014634146,0.4563107,0.85365856
2018-1-10T13-49-31,1515588571487,0.85365856,-0.004878049,0.44660193,0.85365856
2018-1-10T13-49-31,1515588571488,0.86341465,-0.004878049,0.4368932,0.86341465
2018-1-10T13-49-31,1515588571489,0.81463414,-0.024390243,0.44660193,0.81463414
2018-1-10T13-49-31,1515588571490,0.85365856,-0.034146342,0.44660193,0.85365856
2018-1-10T13-49-31,1515588571491,0.8341463,-0.043902438,0.4563107,0.8341463
2018-1-10T13-49-31,1515588571492,0.8341463,-0.034146342,0.44660193,0.8341463
2018-1-10T13-49-31,1515588571493,0.81463414,-0.043902438,0.44660193,0.81463414
2018-1-10T13-49-31,1515588571494,0.84390247,-0.024390243,0.4368932,0.84390247
2018-1-10T13-49-31,1515588571495,0.85365856,-0.014634146,0.42718446,0.85365856
2018-1-10T13-49-31,1515588571496,0.86341465,-0.053658538,0.4563107,0.86341465
2018-1-10T13-49-31,1515588571497,0.84390247,-0.024390243,0.49514562,0.84390247
2018-1-10T13-49-31,1515588571498,0.85365856,-0.024390243,0.44660193,0.85365856
2018-1-10T13-49-31,1515588571499,0.85365856,-0.024390243,0.44660193,0.85365856
2018-1-10T13-49-31,1515588571500,0.84390247,-0.043902438,0.4563107,0.84390247
2018-1-10T13-49-31,1515588571501,0.84390247,-0.024390243,0.44660193,0.84390247
2018-1-10T13-49-31,1515588571502,0.85365856,-0.014634146,0.4368932,0.85365856
2018-1-10T13-49-31,1515588571503,0.85365856,-0.034146342,0.41747573,0.85365856
2018-1-10T13-49-31,1515588571504,0.85365856,-0.014634146,0.4368932,0.85365856
2018-1-10T13-49-31,1515588571505,0.8341463,-0.014634146,0.4368932,0.8341463
2018-1-10T13-49-31,1515588571506,0.85365856,-0.024390243,0.4563107,0.85365856
2018-1-10T13-49-31,1515588571507,0.8341463,-0.024390243,0.44660193,0.8341463
2018-1-10T13-49-31,1515588571508,0.80487806,-0.024390243,0.44660193,0.80487806
2018-1-10T13-49-31,1515588571509,0.84390247,-0.024390243,0.4368932,0.84390247
2018-1-10T13-49-31,1515588571510,0.85365856,-0.024390243,0.41747573,0.85365856
2018-1-10T13-49-31,1515588571511,0.85365856,-0.034146342,0.44660193,0.85365856
2018-1-10T13-49-31,1515588571512,0.84390247,0.004878049,0.4563107,0.84390247
2018-1-10T13-49-31,1515588571513,0.85365856,-0.034146342,0.4563107,0.85365856
2018-1-10T13-49-31,1515588571514,0.84390247,-0.024390243,0.44660193,0.84390247
2018-1-10T13-49-31,1515588571515,0.84390247,-0.034146342,0.4368932,0.84390247
2018-1-10T13-49-31,1515588571516,0.84390247,-0.034146342,0.42718446,0.84390247
2018-1-10T13-49-31,1515588571517,0.8341463,-0.024390243,0.42718446,0.8341463
2018-1-10T13-49-31,1515588571518,0.8341463,-0.024390243,0.44660193,0.8341463
2018-1-10T13-49-31,1515588571519,0.84390247,-0.034146342,0.4563107,0.84390247
2018-1-10T13-49-31,1515588571520,0.7853659,-0.014634146,0.44660193,0.7853659
2018-1-10T13-49-31,1515588571521,0.87317073,-0.004878049,0.4368932,0.87317073
2018-1-10T13-49-31,1515588571522,0.84390247,-0.004878049,0.407767,0.84390247
2018-1-10T13-49-31,1515588571523,0.86341465,0.004878049,0.4368932,0.86341465
2018-1-10T13-49-31,1515588571524,0.85365856,-0.004878049,0.4368932,0.85365856
2018-1-10T13-49-31,1515588571525,0.8341463,0.024390243,0.4368932,0.8341463
2018-1-10T13-49-31,1515588571526,0.85365856,-0.024390243,0.4368932,0.85365856
2018-1-10T13-49-31,1515588571527,0.8341463,-0.024390243,0.407767,0.8341463
2018-1-10T13-49-31,1515588571528,0.82439023,-0.024390243,0.4368932,0.82439023
2018-1-10T13-49-31,1515588571529,0.82439023,-0.034146342,0.44660193,0.82439023
2018-1-10T13-49-31,1515588571530,0.8341463,-0.034146342,0.42718446,0.8341463
2018-1-10T13-49-31,1515588571531,0.8341463,-0.024390243,0.42718446,0.8341463
2018-1-10T13-49-31,1515588571532,0.8341463,-0.024390243,0.4368932,0.8341463
2018-1-10T13-49-31,1515588571533,0.84390247,-0.014634146,0.4563107,0.84390247
2018-1-10T13-49-31,1515588571534,0.85365856,-0.014634146,0.47572815,0.85365856
2018-1-10T13-49-31,1515588571535,0.85365856,-0.014634146,0.44660193,0.85365856
2018-1-10T13-49-31,1515588571536,0.86341465,-0.004878049,0.44660193,0.86341465
2018-1-10T13-49-31,1515588571537,0.8829268,-0.004878049,0.44660193,0.8829268
2018-1-10T13-49-31,1515588571538,0.85365856,-0.014634146,0.44660193,0.85365856
2018-1-10T13-49-31,1515588571539,0.77560973,-0.024390243,0.44660193,0.77560973
2018-1-10T13-49-31,1515588571540,0.84390247,-0.034146342,0.42718446,0.84390247
2018-1-10T13-49-31,1515588571541,0.8341463,-0.034146342,0.4368932,0.8341463
2018-1-10T13-49-31,1515588571542,0.8341463,-0.034146342,0.4368932,0.8341463
2018-1-10T13-49-31,1515588571543,0.81463414,0.004878049,0.39805827,0.81463414
2018-1-10T13-49-31,1515588571544,0.85365856,-0.034146342,0.44660193,0.85365856
2018-1-10T13-49-31,1515588571545,0.84390247,-0.053658538,0.4368932,0.84390247
2018-1-10T13-49-31,1515588571546,0.85365856,-0.024390243,0.4368932,0.85365856
2018-1-10T13-49-31,1515588571547,0.86341465,-0.004878049,0.4563107,0.86341465
2018-1-10T13-49-31,1515588571548,0.85365856,0.004878049,0.4563107,0.85365856
2018-1-10T13-49-31,1515588571549,0.85365856,0.004878049,0.44660193,0.85365856
2018-1-10T13-49-31,1515588571550,0.85365856,-0.014634146,0.42718446,0.85365856
2018-1-10T13-49-31,1515588571551,0.85365856,-0.034146342,0.41747573,0.85365856
2018-1-10T13-49-31,1515588571552,0.82439023,0.024390243,0.41747573,0.82439023
2018-1-10T13-49-31,1515588571553,0.81463414,-0.034146342,0.42718446,0.81463414
2018-1-10T13-49-31,1515588571554,0.81463414,-0.043902438,0.4563107,0.81463414
2018-1-10T13-49-31,1515588571555,0.80487806,-0.034146342,0.44660193,0.80487806
2018-1-10T13-49-31,1515588571556,0.84390247,-0.014634146,0.4368932,0.84390247
2018-1-10T13-49-31,1515588571557,0.86341465,-0.014634146,0.4368932,0.86341465
2018-1-10T13-49-31,1515588571558,0.85365856,0.004878049,0.44660193,0.85365856
2018-1-10T13-49-31,1515588571559,0.86341465,-0.004878049,0.46601942,0.86341465
2018-1-10T13-49-31,1515588571560,0.85365856,0.004878049,0.47572815,0.85365856
2018-1-10T13-49-31,1515588571561,0.84390247,-0.014634146,0.4563107,0.84390247
2018-1-10T13-49-31,1515588571562,0.84390247,-0.014634146,0.44660193,0.84390247
2018-1-10T13-49-31,1515588571563,0.85365856,-0.024390243,0.42718446,0.85365856
2018-1-10T13-49-31,1515588571564,0.902439,-0.034146342,0.42718446,0.902439
2018-1-10T13-49-31,1515588571565,0.82439023,-0.004878049,0.42718446,0.82439023
2018-1-10T13-49-31,1515588571566,0.81463414,-0.053658538,0.39805827,0.81463414
2018-1-10T13-49-31,1515588571567,0.8341463,-0.034146342,0.44660193,0.8341463
2018-1-10T13-49-31,1515588571568,0.82439023,-0.043902438,0.44660193,0.82439023
2018-1-10T13-49-31,1515588571569,0.84390247,-0.024390243,0.44660193,0.84390247
2018-1-10T13-49-31,1515588571570,0.84390247,0.014634146,0.4563107,0.84390247
2018-1-10T13-49-31,1515588571571,0.87317073,0.004878049,0.46601942,0.87317073
2018-1-10T13-49-31,1515588571572,0.87317073,0.004878049,0.44660193,0.87317073
2018-1-10T13-49-31,1515588571573,0.86341465,0.004878049,0.5145631,0.86341465
2018-1-10T13-49-31,1515588571574,0.85365856,-0.004878049,0.5048544,0.85365856
2018-1-10T13-49-31,1515588571575,0.8341463,-0.034146342,0.44660193,0.8341463
2018-1-10T13-49-31,1515588571576,0.84390247,-0.024390243,0.4563107,0.84390247
2018-1-10T13-49-31,1515588571577,0.8341463,-0.024390243,0.4368932,0.8341463
2018-1-10T13-49-31,1515588571578,0.8341463,-0.024390243,0.41747573,0.8341463
2018-1-10T13-49-31,1515588571579,0.84390247,-0.034146342,0.42718446,0.84390247
2018-1-10T13-49-31,1515588571580,0.84390247,0.06341463,0.44660193,0.84390247
2018-1-10T13-49-31,1515588571581,0.79512197,-0.034146342,0.44660193,0.79512197
2018-1-10T13-49-31,1515588571582,0.85365856,-0.024390243,0.44660193,0.85365856
2018-1-10T13-49-31,1515588571583,0.87317073,-0.024390243,0.4563107,0.87317073
2018-1-10T13-49-31,1515588571584,0.86341465,-0.034146342,0.4563107,0.86341465
2018-1-10T13-49-31,1515588571585,0.84390247,0.014634146,0.4368932,0.84390247
2018-1-10T13-49-31,1515588571586,0.84390247,-0.024390243,0.42718446,0.84390247
2018-1-10T13-49-31,1515588571587,0.80487806,-0.034146342,0.4368932,0.80487806
2018-1-10T13-49-31,1515588571588,0.80487806,-0.034146342,0.44660193,0.80487806
2018-1-10T13-49-31,1515588571589,0.84390247,-0.024390243,0.46601942,0.84390247
2018-1-10T13-49-31,1515588571590,0.8341463,-0.024390243,0.44660193,0.8341463
2018-1-10T13-49-31,1515588571591,0.86341465,-0.024390243,0.42718446,0.86341465
2018-1-10T13-49-31,1515588571592,0.84390247,-0.024390243,0.4368932,0.84390247
2018-1-10T13-49-31,1515588571593,0.84390247,-0.024390243,0.4368932,0.84390247
2018-1-10T13-49-31,1515588571594,0.85365856,-0.034146342,0.44660193,0.85365856
2018-1-10T13-49-31,1515588571595,0.82439023,-0.034146342,0.44660193,0.82439023
2018-1-10T13-49-31,1515588571596,0.84390247,-0.034146342,0.4563107,0.84390247
2018-1-10T13-49-31,1515588571597,0.84390247,-0.014634146,0.4563107,0.84390247
2018-1-10T13-49-31,1515588571598,0.85365856,0.004878049,0.407767,0.85365856
2018-1-10T13-49-31,1515588571599,0.86341465,0.004878049,0.47572815,0.86341465
2018-1-10T13-49-31,1515588571600,0.902439,0.004878049,0.42718446,0.902439
2018-1-10T13-49-31,1515588571601,0.84390247,-0.07317073,0.44660193,0.84390247
2018-1-10T13-49-31,1515588571602,0.8341463,-0.034146342,0.44660193,0.8341463
2018-1-10T13-49-31,1515588571603,0.8341463,-0.034146342,0.46601942,0.8341463
2018-1-10T13-49-31,1515588571604,0.84390247,-0.004878049,0.44660193,0.84390247
2018-1-10T13-49-31,1515588571605,0.8341463,0.043902438,0.4854369,0.8341463
2018-1-10T13-49-31,1515588571606,0.8341463,-0.053658538,0.4563107,0.8341463
2018-1-10T13-49-31,1515588571607,0.85365856,-0.014634146,0.44660193,0.85365856
2018-1-10T13-49-31,1515588571608,0.84390247,-0.024390243,0.44660193,0.84390247
2018-1-10T13-49-31,1515588571609,0.85365856,-0.024390243,0.4368932,0.85365856
2018-1-10T13-49-31,1515588571610,0.81463414,-0.014634146,0.44660193,0.81463414
2018-1-10T13-49-31,1515588571611,0.86341465,-0.014634146,0.44660193,0.86341465
2018-1-10T13-49-31,1515588571612,0.85365856,-0.014634146,0.13592233,0.85365856
2018-1-10T13-49-31,1515588571613,0.85365856,-0.034146342,0.46601942,0.85365856
2018-1-10T13-49-31,1515588571614,0.85365856,-0.034146342,0.44660193,0.85365856
2018-1-10T13-49-31,1515588571615,0.84390247,-0.024390243,0.46601942,0.84390247
2018-1-10T13-49-31,1515588571616,0.8341463,0.043902438,0.44660193,0.8341463
2018-1-10T13-49-31,1515588571617,0.8341463,-0.043902438,0.4563107,0.8341463
2018-1-10T13-49-31,1515588571618,0.8341463,-0.034146342,0.41747573,0.8341463
2018-1-10T13-49-31,1515588571619,0.8341463,-0.024390243,0.42718446,0.8341463
2018-1-10T13-49-31,1515588571620,0.8341463,0.06341463,0.42718446,0.8341463
2018-1-10T13-49-31,1515588571621,0.84390247,-0.034146342,0.44660193,0.84390247
2018-1-10T13-49-31,1515588571622,0.8341463,-0.014634146,0.44660193,0.8341463
2018-1-10T13-49-31,1515588571623,0.8341463,-0.004878049,0.44660193,0.8341463
2018-1-10T13-49-31,1515588571624,0.87317073,0.024390243,0.46601942,0.87317073
2018-1-10T13-49-31,1515588571625,0.87317073,-0.053658538,0.44660193,0.87317073
2018-1-10T13-49-31,1515588571626,0.86341465,-0.004878049,0.4368932,0.86341465
2018-1-10T13-49-31,1515588571627,0.86341465,-0.004878049,0.44660193,0.86341465
2018-1-10T13-49-31,1515588571628,0.85365856,-0.053658538,0.44660193,0.85365856
2018-1-10T13-49-31,1515588571629,0.8341463,-0.034146342,0.44660193,0.8341463
2018-1-10T13-49-31,1515588571630,0.8341463,-0.034146342,0.44660193,0.8341463
2018-1-10T13-49-31,1515588571631,0.84390247,-0.024390243,0.44660193,0.84390247
2018-1-10T13-49-31,1515588571632,0.84390247,-0.024390243,0.44660193,0.84390247
2018-1-10T13-49-31,1515588571633,0.85365856,-0.024390243,0.44660193,0.85365856
2018-1-10T13-49-31,1515588571634,0.82439023,-0.024390243,0.44660193,0.82439023
2018-1-10T13-49-31,1515588571635,0.8341463,-0.034146342,0.4563107,0.8341463
2018-1-10T13-49-31,1515588571636,0.85365856,-0.034146342,0.4368932,0.85365856
2018-1-10T13-49-31,1515588571637,0.84390247,-0.014634146,0.44660193,0.84390247
2018-1-10T13-49-31,1515588571638,0.84390247,-0.034146342,0.47572815,0.84390247
2018-1-10T13-49-31,1515588571639,0.85365856,-0.024390243,0.46601942,0.85365856
2018-1-10T13-49-31,1515588571640,0.8829268,-0.024390243,0.4563107,0.8829268
2018-1-10T13-49-31,1515588571641,0.86341465,-0.014634146,0.42718446,0.86341465
2018-1-10T13-49-31,1515588571642,0.86341465,-0.024390243,0.42718446,0.86341465
2018-1-10T13-49-31,1515588571643,0.9414634,-0.014634146,0.4368932,0.9414634
2018-1-10T13-49-31,1515588571644,0.81463414,-0.06341463,0.44660193,0.81463414
2018-1-10T13-49-31,1515588571645,0.84390247,-0.043902438,0.4368932,0.84390247
2018-1-10T13-49-31,1515588571646,0.81463414,-0.043902438,0.4368932,0.81463414
2018-1-10T13-49-31,1515588571647,0.79512197,-0.034146342,0.4368932,0.79512197
2018-1-10T13-49-31,1515588571648,0.84390247,-0.014634146,0.4368932,0.84390247
2018-1-10T13-49-31,1515588571649,0.84390247,-0.004878049,0.42718446,0.84390247
2018-1-10T13-49-31,1515588571650,0.85365856,0.004878049,0.4368932,0.85365856
2018-1-10T13-49-31,1515588571651,0.85365856,0.004878049,0.37864077,0.85365856
2018-1-10T13-49-31,1515588571652,0.85365856,-0.004878049,0.41747573,0.85365856
2018-1-10T13-49-31,1515588571653,0.84390247,-0.014634146,0.44660193,0.84390247
2018-1-10T13-49-31,1515588571654,0.8341463,-0.014634146,0.42718446,0.8341463
2018-1-10T13-49-31,1515588571655,0.8341463,-0.024390243,0.4368932,0.8341463
2018-1-10T13-49-31,1515588571656,0.8341463,-0.024390243,0.46601942,0.8341463
2018-1-10T13-49-31,1515588571657,0.84390247,-0.024390243,0.44660193,0.84390247
2018-1-10T13-49-31,1515588571658,0.85365856,0.034146342,0.4563107,0.85365856
2018-1-10T13-49-31,1515588571659,0.85365856,-0.014634146,0.44660193,0.85365856
2018-1-10T13-49-31,1515588571660,0.86341465,-0.004878049,0.4563107,0.86341465
2018-1-10T13-49-31,1515588571661,0.85365856,0.004878049,0.44660193,0.85365856
2018-1-10T13-49-31,1515588571662,0.80487806,-0.014634146,0.46601942,0.80487806
2018-1-10T13-49-31,1515588571663,0.85365856,-0.014634146,0.46601942,0.85365856
2018-1-10T13-49-31,1515588571664,0.85365856,-0.014634146,0.44660193,0.85365856
2018-1-10T13-49-31,1515588571665,0.86341465,-0.024390243,0.42718446,0.86341465
2018-1-10T13-49-31,1515588571666,0.84390247,-0.034146342,0.4368932,0.84390247
2018-1-10T13-49-31,1515588571667,0.8341463,-0.014634146,0.4368932,0.8341463
2018-1-10T13-49-31,1515588571668,0.82439023,-0.07317073,0.42718446,0.82439023
2018-1-10T13-49-31,1515588571669,0.82439023,0.004878049,0.41747573,0.82439023
2018-1-10T13-49-31,1515588571670,0.81463414,-0.053658538,0.41747573,0.81463414
2018-1-10T13-49-31,1515588571671,0.80487806,-0.043902438,0.4368932,0.80487806
2018-1-10T13-49-31,1515588571672,0.85365856,-0.034146342,0.4563107,0.85365856
2018-1-10T13-49-31,1515588571673,0.84390247,-0.053658538,0.4563107,0.84390247
2018-1-10T13-49-31,1515588571674,0.86341465,-0.014634146,0.4368932,0.86341465
2018-1-10T13-49-31,1515588571675,0.86341465,0.004878049,0.4368932,0.86341465
2018-1-10T13-49-31,1515588571676,0.86341465,0.004878049,0.44660193,0.86341465
2018-1-10T13-49-31,1515588571677,0.86341465,0.004878049,0.4563107,0.86341465
2018-1-10T13-49-31,1515588571678,0.86341465,0.053658538,0.44660193,0.86341465
2018-1-10T13-49-31,1515588571679,0.87317073,-0.014634146,0.4563107,0.87317073
2018-1-10T13-49-31,1515588571680,0.85365856,-0.024390243,0.44660193,0.85365856
2018-1-10T13-49-31,1515588571681,0.8341463,-0.034146342,0.42718446,0.8341463
2018-1-10T13-49-31,1515588571682,0.8341463,-0.034146342,0.407767,0.8341463
2018-1-10T13-49-31,1515588571683,0.82439023,-0.014634146,0.4368932,0.82439023
2018-1-10T13-49-31,1515588571684,0.8341463,-0.024390243,0.44660193,0.8341463
2018-1-10T13-49-31,1515588571685,0.8341463,-0.014634146,0.4563107,0.8341463
2018-1-10T13-49-31,1515588571686,0.84390247,-0.024390243,0.44660193,0.84390247
2018-1-10T13-49-31,1515588571687,0.84390247,-0.024390243,0.44660193,0.84390247
2018-1-10T13-49-31,1515588571688,0.84390247,-0.024390243,0.44660193,0.84390247
2018-1-10T13-49-31,1515588571689,0.902439,-0.024390243,0.4368932,0.902439
2018-1-10T13-49-31,1515588571690,0.85365856,-0.043902438,0.42718446,0.85365856
2018-1-10T13-49-31,1515588571691,0.74634147,-0.034146342,0.44660193,0.74634147
2018-1-10T13-49-31,1515588571692,0.84390247,-0.034146342,0.407767,0.84390247
2018-1-10T13-49-31,1515588571693,0.84390247,-0.024390243,0.44660193,0.84390247
2018-1-10T13-49-31,1515588571694,0.84390247,-0.024390243,0.4368932,0.84390247
2018-1-10T13-49-31,1515588571695,0.86341465,-0.024390243,0.4368932,0.86341465
2018-1-10T13-49-31,1515588571696,0.8341463,-0.024390243,0.3592233,0.8341463
2018-1-10T13-49-31,1515588571697,0.85365856,-0.034146342,0.44660193,0.85365856
2018-1-10T13-49-31,1515588571698,0.85365856,-0.043902438,0.44660193,0.85365856
2018-1-10T13-49-31,1515588571699,0.84390247,-0.024390243,0.4368932,0.84390247
2018-1-10T13-49-31,1515588571700,0.8341463,-0.034146342,0.44660193,0.8341463
2018-1-10T13-49-31,1515588571701,0.84390247,-0.034146342,0.44660193,0.84390247
2018-1-10T13-49-31,1515588571702,0.84390247,-0.014634146,0.44660193,0.84390247
2018-1-10T13-49-31,1515588571703,0.79512197,-0.004878049,0.42718446,0.79512197
2018-1-10T13-49-31,1515588571704,0.87317073,-0.014634146,0.4368932,0.87317073
2018-1-10T13-49-31,1515588571705,0.84390247,-0.004878049,0.4368932,0.84390247
2018-1-10T13-49-31,1515588571706,0.79512197,-0.024390243,0.44660193,0.79512197
2018-1-10T13-49-31,1515588571707,0.84390247,-0.024390243,0.4563107,0.84390247
2018-1-10T13-49-31,1515588571708,0.84390247,-0.024390243,0.407767,0.84390247
2018-1-10T13-49-31,1515588571709,0.84390247,-0.014634146,0.4368932,0.84390247
2018-1-10T13-49-31,1515588571710,0.84390247,-0.014634146,0.4368932,0.84390247
2018-1-10T13-49-31,1515588571711,0.85365856,-0.004878049,0.4368932,0.85365856
2018-1-10T13-49-31,1515588571712,0.84390247,-0.004878049,0.4368932,0.84390247
2018-1-10T13-49-31,1515588571713,0.84390247,-0.024390243,0.44660193,0.84390247
2018-1-10T13-49-31,1515588571714,0.82439023,0.014634146,0.4368932,0.82439023
2018-1-10T13-49-31,1515588571715,0.8341463,-0.08292683,0.44660193,0.8341463
2018-1-10T13-49-31,1515588571716,0.8341463,-0.004878049,0.47572815,0.8341463
2018-1-10T13-49-31,1515588571717,0.85365856,-0.043902438,0.44660193,0.85365856
2018-1-10T13-49-31,1515588571718,0.86341465,-0.034146342,0.42718446,0.86341465
2018-1-10T13-49-31,1515588571719,0.85365856,-0.024390243,0.4368932,0.85365856
2018-1-10T13-49-31,1515588571720,0.84390247,-0.004878049,0.44660193,0.84390247
2018-1-10T13-49-31,1515588571721,0.8341463,-0.024390243,0.4563107,0.8341463
2018-1-10T13-49-31,1515588571722,0.8341463,-0.034146342,0.4563107,0.8341463
2018-1-10T13-49-31,1515588571723,0.85365856,-0.08292683,0.47572815,0.85365856
2018-1-10T13-49-31,1515588571724,0.85365856,-0.034146342,0.4368932,0.85365856
2018-1-10T13-49-31,1515588571725,0.84390247,-0.024390243,0.4854369,0.84390247
2018-1-10T13-49-31,1515588571726,0.86341465,-0.014634146,0.4563107,0.86341465
2018-1-10T13-49-31,1515588571727,0.87317073,-0.004878049,0.44660193,0.87317073
2018-1-10T13-49-31,1515588571728,0.87317073,-0.004878049,0.44660193,0.87317073
2018-1-10T13-49-31,1515588571729,0.86341465,0.004878049,0.44660193,0.86341465
2018-1-10T13-49-31,1515588571730,0.81463414,-0.004878049,0.4563107,0.81463414
2018-1-10T13-49-31,1515588571731,0.84390247,-0.024390243,0.4368932,0.84390247
2018-1-10T13-49-31,1515588571732,0.84390247,-0.004878049,0.46601942,0.84390247
2018-1-10T13-49-31,1515588571733,0.82439023,-0.024390243,0.4563107,0.82439023
2018-1-10T13-49-31,1515588571734,0.84390247,-0.034146342,0.4368932,0.84390247
2018-1-10T13-49-31,1515588571735,0.84390247,-0.014634146,0.41747573,0.84390247
2018-1-10T13-49-31,1515588571736,0.79512197,-0.024390243,0.3883495,0.79512197
2018-1-10T13-49-31,1515588571737,0.82439023,0.014634146,0.39805827,0.82439023
2018-1-10T13-49-31,1515588571738,0.82439023,-0.024390243,0.44660193,0.82439023
2018-1-10T13-49-31,1515588571739,0.8341463,-0.024390243,0.42718446,0.8341463
2018-1-10T13-49-31,1515588571740,0.8926829,-0.024390243,0.42718446,0.8926829
2018-1-10T13-49-31,1515588571741,0.84390247,-0.024390243,0.42718446,0.84390247
2018-1-10T13-49-31,1515588571742,0.84390247,-0.014634146,0.44660193,0.84390247
2018-1-10T13-49-31,1515588571743,0.81463414,-0.043902438,0.407767,0.81463414
2018-1-10T13-49-31,1515588571744,0.8829268,-0.004878049,0.42718446,0.8829268
2018-1-10T13-49-31,1515588571745,0.86341465,-0.014634146,0.4854369,0.86341465
2018-1-10T13-49-31,1515588571746,0.8341463,-0.014634146,0.44660193,0.8341463
2018-1-10T13-49-31,1515588571747,0.82439023,-0.024390243,0.44660193,0.82439023
2018-1-10T13-49-31,1515588571748,0.84390247,-0.043902438,0.4563107,0.84390247
2018-1-10T13-49-31,1515588571749,0.8341463,-0.034146342,0.4563107,0.8341463
2018-1-10T13-49-31,1515588571750,0.8341463,0.043902438,0.44660193,0.8341463
2018-1-10T13-49-31,1515588571751,0.8341463,-0.043902438,0.4368932,0.8341463
2018-1-10T13-49-31,1515588571752,0.84390247,-0.024390243,0.44660193,0.84390247
2018-1-10T13-49-31,1515588571753,0.87317073,0.024390243,0.4563107,0.87317073
2018-1-10T13-49-31,1515588571754,0.87317073,0.004878049,0.4368932,0.87317073
2018-1-10T13-49-31,1515588571755,0.87317073,-0.004878049,0.44660193,0.87317073
2018-1-10T13-49-31,1515588571756,0.86341465,-0.004878049,0.42718446,0.86341465
2018-1-10T13-49-31,1515588571757,0.85365856,-0.014634146,0.42718446,0.85365856
2018-1-10T13-49-31,1515588571758,0.82439023,-0.034146342,0.4563107,0.82439023
2018-1-10T13-49-31,1515588571759,0.8341463,-0.034146342,0.4368932,0.8341463
2018-1-10T13-49-31,1515588571760,0.84390247,-0.024390243,0.42718446,0.84390247
2018-1-10T13-49-31,1515588571761,0.7853659,-0.034146342,0.4368932,0.7853659
2018-1-10T13-49-31,1515588571762,0.84390247,-0.014634146,0.44660193,0.84390247
2018-1-10T13-49-31,1515588571763,0.84390247,-0.004878049,0.44660193,0.84390247
2018-1-10T13-49-31,1515588571764,0.85365856,-0.024390243,0.4368932,0.85365856
2018-1-10T13-49-31,1515588571765,0.86341465,-0.004878049,0.4563107,0.86341465
2018-1-10T13-49-31,1515588571766,0.85365856,-0.024390243,0.4368932,0.85365856
2018-1-10T13-49-31,1515588571767,0.84390247,-0.014634146,0.4368932,0.84390247
2018-1-10T13-49-31,1515588571768,0.8341463,-0.034146342,0.5048544,0.8341463
2018-1-10T13-49-31,1515588571769,0.8341463,-0.034146342,0.4563107,0.8341463
2018-1-10T13-49-31,1515588571770,0.82439023,-0.043902438,0.4563107,0.82439023
2018-1-10T13-49-31,1515588571771,0.86341465,-0.043902438,0.41747573,0.86341465
2018-1-10T13-49-31,1515588571772,0.8341463,-0.043902438,0.407767,0.8341463
2018-1-10T13-49-31,1515588571773,0.80487806,-0.034146342,0.42718446,0.80487806
2018-1-10T13-49-31,1515588571774,0.8341463,-0.053658538,0.44660193,0.8341463
2018-1-10T13-49-31,1515588571775,0.8341463,-0.043902438,0.4563107,0.8341463
2018-1-10T13-49-31,1515588571776,0.84390247,-0.024390243,0.44660193,0.84390247
2018-1-10T13-49-31,1515588571777,0.80487806,-0.014634146,0.44660193,0.80487806
2018-1-10T13-49-31,1515588571778,0.87317073,-0.004878049,0.4563107,0.87317073
2018-1-10T13-49-31,1515588571779,0.91219515,0.004878049,0.44660193,0.91219515
2018-1-10T13-49-31,1515588571780,0.8829268,0.10243902,0.42718446,0.8829268
2018-1-10T13-49-31,1515588571781,0.8341463,-0.024390243,0.4368932,0.8341463
2018-1-10T13-49-31,1515588571782,0.8341463,-0.034146342,0.4368932,0.8341463
2018-1-10T13-49-31,1515588571783,0.82439023,-0.034146342,0.4368932,0.82439023
2018-1-10T13-49-31,1515588571784,0.82439023,-0.034146342,0.44660193,0.82439023
2018-1-10T13-49-31,1515588571785,0.81463414,-0.024390243,0.44660193,0.81463414
2018-1-10T13-49-31,1515588571786,0.81463414,0.014634146,0.4368932,0.81463414
2018-1-10T13-49-31,1515588571787,0.85365856,-0.024390243,0.42718446,0.85365856
2018-1-10T13-49-31,1515588571788,0.85365856,-0.06341463,0.42718446,0.85365856
2018-1-10T13-49-31,1515588571789,0.86341465,0.024390243,0.4563107,0.86341465
2018-1-10T13-49-31,1515588571790,0.77560973,0.014634146,0.47572815,0.77560973
2018-1-10T13-49-31,1515588571791,0.86341465,0.004878049,0.46601942,0.86341465
2018-1-10T13-49-31,1515588571792,0.85365856,-0.004878049,0.4368932,0.85365856
2018-1-10T13-49-31,1515588571793,0.80487806,-0.014634146,0.44660193,0.80487806
2018-1-10T13-49-31,1515588571794,0.84390247,-0.034146342,0.47572815,0.84390247
2018-1-10T13-49-31,1515588571795,0.79512197,-0.043902438,0.46601942,0.79512197
2018-1-10T13-49-31,1515588571796,0.82439023,-0.034146342,0.44660193,0.82439023
2018-1-10T13-49-31,1515588571797,0.84390247,-0.034146342,0.41747573,0.84390247
2018-1-10T13-49-31,1515588571798,0.91219515,-0.004878049,0.44660193,0.91219515
2018-1-10T13-49-31,1515588571799,0.84390247,-0.043902438,0.46601942,0.84390247
2018-1-10T13-49-31,1515588571800,0.84390247,-0.053658538,0.4368932,0.84390247
2018-1-10T13-49-31,1515588571801,0.8341463,-0.034146342,0.41747573,0.8341463
2018-1-10T13-49-31,1515588571802,0.85365856,-0.034146342,0.4563107,0.85365856
2018-1-10T13-49-31,1515588571803,0.84390247,-0.034146342,0.47572815,0.84390247
2018-1-10T13-49-31,1515588571804,0.85365856,-0.024390243,0.4563107,0.85365856
2018-1-10T13-49-31,1515588571805,0.85365856,-0.014634146,0.4368932,0.85365856
2018-1-10T13-49-31,1515588571806,0.86341465,-0.004878049,0.42718446,0.86341465
2018-1-10T13-49-31,1515588571807,0.85365856,-0.014634146,0.42718446,0.85365856
2018-1-10T13-49-31,1515588571808,0.84390247,-0.014634146,0.4368932,0.84390247
2018-1-10T13-49-31,1515588571809,0.8341463,-0.014634146,0.4368932,0.8341463
2018-1-10T13-49-31,1515588571810,0.82439023,-0.004878049,0.4368932,0.82439023
2018-1-10T13-49-31,1515588571811,0.85365856,-0.024390243,0.4368932,0.85365856
2018-1-10T13-49-31,1515588571812,0.8341463,-0.024390243,0.41747573,0.8341463
2018-1-10T13-49-31,1515588571813,0.81463414,-0.024390243,0.4563107,0.81463414
2018-1-10T13-49-31,1515588571814,0.85365856,-0.004878049,0.44660193,0.85365856
2018-1-10T13-49-31,1515588571815,0.85365856,-0.014634146,0.4368932,0.85365856
2018-1-10T13-49-31,1515588571816,0.85365856,0.004878049,0.44660193,0.85365856
2018-1-10T13-49-31,1515588571817,0.84390247,-0.014634146,0.44660193,0.84390247
2018-1-10T13-49-31,1515588571818,0.85365856,-0.004878049,0.44660193,0.85365856
2018-1-10T13-49-31,1515588571819,0.85365856,-0.004878049,0.44660193,0.85365856
2018-1-10T13-49-31,1515588571820,0.84390247,-0.024390243,0.4368932,0.84390247
2018-1-10T13-49-31,1515588571821,0.85365856,-0.014634146,0.42718446,0.85365856
2018-1-10T13-49-31,1515588571822,0.84390247,-0.014634146,0.5048544,0.84390247
2018-1-10T13-49-31,1515588571823,0.85365856,-0.043902438,0.4563107,0.85365856
2018-1-10T13-49-31,1515588571824,0.84390247,-0.043902438,0.4368932,0.84390247
2018-1-10T13-49-31,1515588571825,0.84390247,-0.06341463,0.42718446,0.84390247
2018-1-10T13-49-31,1515588571826,0.86341465,-0.024390243,0.44660193,0.86341465
2018-1-10T13-49-31,1515588571827,0.8341463,-0.053658538,0.4563107,0.8341463
2018-1-10T13-49-31,1515588571828,0.84390247,-0.053658538,0.44660193,0.84390247
2018-1-10T13-49-31,1515588571829,0.8341463,-0.06341463,0.4563107,0.8341463
2018-1-10T13-49-31,1515588571830,0.84390247,-0.034146342,0.44660193,0.84390247
2018-1-10T13-49-31,1515588571831,0.86341465,0.014634146,0.4563107,0.86341465
2018-1-10T13-49-31,1515588571832,0.85365856,0.004878049,0.4563107,0.85365856
2018-1-10T13-49-31,1515588571833,0.85365856,-0.014634146,0.42718446,0.85365856
2018-1-10T13-49-31,1515588571834,0.85365856,-0.004878049,0.42718446,0.85365856
2018-1-10T13-49-31,1515588571835,0.84390247,-0.043902438,0.44660193,0.84390247
2018-1-10T13-49-31,1515588571836,0.8341463,-0.024390243,0.44660193,0.8341463
2018-1-10T13-49-31,1515588571837,0.84390247,-0.014634146,0.4563107,0.84390247
2018-1-10T13-49-31,1515588571838,0.84390247,0.024390243,0.44660193,0.84390247
2018-1-10T13-49-31,1515588571839,0.84390247,-0.014634146,0.4563107,0.84390247
2018-1-10T13-49-31,1515588571840,0.84390247,-0.004878049,0.44660193,0.84390247
2018-1-10T13-49-31,1515588571841,0.84390247,-0.014634146,0.42718446,0.84390247
2018-1-10T13-49-31,1515588571842,0.84390247,-0.014634146,0.42718446,0.84390247
2018-1-10T13-49-31,1515588571843,0.84390247,0.004878049,0.44660193,0.84390247
2018-1-10T13-49-31,1515588571844,0.84390247,-0.014634146,0.46601942,0.84390247
2018-1-10T13-49-31,1515588571845,0.86341465,-0.034146342,0.4563107,0.86341465
2018-1-10T13-49-31,1515588571846,0.86341465,-0.004878049,0.44660193,0.86341465
2018-1-10T13-49-31,1515588571847,0.85365856,-0.004878049,0.42718446,0.85365856
2018-1-10T13-49-31,1515588571848,0.85365856,-0.014634146,0.44660193,0.85365856
2018-1-10T13-49-31,1515588571849,0.86341465,-0.014634146,0.4563107,0.86341465
2018-1-10T13-49-31,1515588571850,0.84390247,-0.024390243,0.42718446,0.84390247
2018-1-10T13-49-31,1515588571851,0.8341463,-0.034146342,0.4368932,0.8341463
2018-1-10T13-49-31,1515588571852,0.81463414,-0.043902438,0.46601942,0.81463414
2018-1-10T13-49-31,1515588571853,0.8341463,-0.06341463,0.47572815,0.8341463
2018-1-10T13-49-31,1515588571854,0.8341463,-0.034146342,0.39805827,0.8341463
2018-1-10T13-49-31,1515588571855,0.84390247,-0.11219512,0.4368932,0.84390247
2018-1-10T13-49-31,1515588571856,0.8829268,-0.024390243,0.44660193,0.8829268
2018-1-10T13-49-31,1515588571857,0.87317073,-0.024390243,0.46601942,0.87317073
2018-1-10T13-49-31,1515588571858,0.86341465,-0.004878049,0.46601942,0.86341465
2018-1-10T13-49-31,1515588571859,0.85365856,0.004878049,0.4368932,0.85365856
2018-1-10T13-49-31,1515588571860,0.86341465,-0.014634146,0.4368932,0.86341465
2018-1-10T13-49-31,1515588571861,0.86341465,-0.014634146,0.4368932,0.86341465
2018-1-10T13-49-31,1515588571862,0.80487806,-0.034146342,0.42718446,0.80487806
2018-1-10T13-49-31,1515588571863,0.8341463,-0.024390243,0.4368932,0.8341463
2018-1-10T13-49-31,1515588571864,0.8341463,-0.014634146,0.44660193,0.8341463
2018-1-10T13-49-31,1515588571865,0.82439023,-0.024390243,0.4368932,0.82439023
2018-1-10T13-49-31,1515588571866,0.8341463,-0.014634146,0.42718446,0.8341463
2018-1-10T13-49-31,1515588571867,0.85365856,-0.004878049,0.42718446,0.85365856
2018-1-10T13-49-31,1515588571868,0.8341463,0.004878049,0.4368932,0.8341463
2018-1-10T13-49-31,1515588571869,0.84390247,0.014634146,0.44660193,0.84390247
2018-1-10T13-49-31,1515588571870,0.8341463,-0.004878049,0.4563107,0.8341463
2018-1-10T13-49-31,1515588571871,0.84390247,0.004878049,0.4368932,0.84390247
2018-1-10T13-49-31,1515588571872,0.8341463,-0.014634146,0.44660193,0.8341463
2018-1-10T13-49-31,1515588571873,0.84390247,-0.014634146,0.44660193,0.84390247
2018-1-10T13-49-31,1515588571874,0.902439,-0.014634146,0.47572815,0.902439
2018-1-10T13-49-31,1515588571875,0.85365856,-0.024390243,0.42718446,0.85365856
2018-1-10T13-49-31,1515588571876,0.85365856,-0.034146342,0.4368932,0.85365856
2018-1-10T13-49-31,1515588571877,0.84390247,-0.024390243,0.42718446,0.84390247
2018-1-10T13-49-31,1515588571878,0.80487806,-0.034146342,0.42718446,0.80487806
2018-1-10T13-49-31,1515588571879,0.84390247,-0.024390243,0.47572815,0.84390247
2018-1-10T13-49-31,1515588571880,0.85365856,-0.034146342,0.4563107,0.85365856
2018-1-10T13-49-31,1515588571881,0.84390247,-0.024390243,0.46601942,0.84390247
2018-1-10T13-49-31,1515588571882,0.85365856,-0.024390243,0.4563107,0.85365856
2018-1-10T13-49-31,1515588571883,0.8341463,-0.014634146,0.44660193,0.8341463
2018-1-10T13-49-31,1515588571884,0.85365856,-0.053658538,0.44660193,0.85365856
2018-1-10T13-49-31,1515588571885,0.85365856,-0.014634146,0.4368932,0.85365856
2018-1-10T13-49-31,1515588571886,0.8341463,-0.034146342,0.4563107,0.8341463
2018-1-10T13-49-31,1515588571887,0.84390247,-0.034146342,0.44660193,0.84390247
2018-1-10T13-49-31,1515588571888,0.84390247,-0.034146342,0.42718446,0.84390247
2018-1-10T13-49-31,1515588571889,0.8341463,-0.024390243,0.41747573,0.8341463
2018-1-10T13-49-31,1515588571890,0.84390247,-0.004878049,0.4368932,0.84390247
2018-1-10T13-49-31,1515588571891,0.82439023,0.043902438,0.44660193,0.82439023
2018-1-10T13-49-31,1515588571892,0.84390247,0.024390243,0.4368932,0.84390247
2018-1-10T13-49-31,1515588571893,0.8926829,0.004878049,0.42718446,0.8926829
2018-1-10T13-49-31,1515588571894,0.8341463,-0.004878049,0.4368932,0.8341463
2018-1-10T13-49-31,1515588571895,0.82439023,-0.004878049,0.4854369,0.82439023
2018-1-10T13-49-31,1515588571896,0.80487806,-0.014634146,0.4368932,0.80487806
2018-1-10T13-49-31,1515588571897,0.8341463,-0.024390243,0.44660193,0.8341463
2018-1-10T13-49-31,1515588571898,0.82439023,-0.034146342,0.44660193,0.82439023
2018-1-10T13-49-31,1515588571899,0.85365856,-0.014634146,0.44660193,0.85365856
2018-1-10T13-49-31,1515588571900,0.902439,-0.004878049,0.44660193,0.902439
2018-1-10T13-49-31,1515588571901,0.85365856,-0.004878049,0.46601942,0.85365856
2018-1-10T13-49-31,1515588571902,0.9317073,-0.004878049,0.42718446,0.9317073
2018-1-10T13-49-31,1515588571903,0.86341465,-0.004878049,0.44660193,0.86341465
2018-1-10T13-49-31,1515588571904,0.86341465,-0.014634146,0.4563107,0.86341465
2018-1-10T13-49-31,1515588571905,0.85365856,0.034146342,0.46601942,0.85365856
2018-1-10T13-49-31,1515588571906,0.8341463,-0.014634146,0.47572815,0.8341463
2018-1-10T13-49-31,1515588571907,0.86341465,-0.014634146,0.4368932,0.86341465
2018-1-10T13-49-31,1515588571908,0.86341465,-0.004878049,0.4368932,0.86341465
2018-1-10T13-49-31,1515588571909,0.84390247,-0.014634146,0.42718446,0.84390247
2018-1-10T13-49-31,1515588571910,0.85365856,-0.004878049,0.4563107,0.85365856
2018-1-10T13-49-31,1515588571911,0.8341463,-0.09268293,0.44660193,0.8341463
2018-1-10T13-49-31,1515588571912,0.82439023,-0.024390243,0.44660193,0.82439023
2018-1-10T13-49-31,1515588571913,0.84390247,-0.014634146,0.44660193,0.84390247
2018-1-10T13-49-31,1515588571914,0.85365856,0.014634146,0.4368932,0.85365856
2018-1-10T13-49-31,1515588571915,0.84390247,-0.004878049,0.4368932,0.84390247
2018-1-10T13-49-31,1515588571916,0.85365856,-0.07317073,0.44660193,0.85365856
2018-1-10T13-49-31,1515588571917,0.7853659,-0.004878049,0.4368932,0.7853659
2018-1-10T13-49-31,1515588571918,0.8341463,0.004878049,0.42718446,0.8341463
2018-1-10T13-49-31,1515588571919,0.8341463,0.024390243,0.41747573,0.8341463
2018-1-10T13-49-31,1515588571920,0.82439023,-0.024390243,0.4368932,0.82439023
2018-1-10T13-49-31,1515588571921,0.82439023,-0.014634146,0.44660193,0.82439023
2018-1-10T13-49-31,1515588571922,0.76585364,-0.014634146,0.4563107,0.76585364
2018-1-10T13-49-31,1515588571923,0.85365856,0.043902438,0.4368932,0.85365856
2018-1-10T13-49-31,1515588571924,0.85365856,-0.004878049,0.44660193,0.85365856
2018-1-10T13-49-31,1515588571925,0.86341465,-0.004878049,0.42718446,0.86341465
2018-1-10T13-49-31,1515588571926,0.84390247,-0.014634146,0.44660193,0.84390247
2018-1-10T13-49-31,1515588571927,0.84390247,-0.014634146,0.4563107,0.84390247
2018-1-10T13-49-31,1515588571928,0.84390247,-0.024390243,0.44660193,0.84390247
2018-1-10T13-49-31,1515588571929,0.8341463,-0.034146342,0.4368932,0.8341463
2018-1-10T13-49-31,1515588571930,0.82439023,-0.034146342,0.42718446,0.82439023
2018-1-10T13-49-31,1515588571931,0.79512197,-0.11219512,0.4368932,0.79512197
2018-1-10T13-49-31,1515588571932,0.8341463,-0.043902438,0.44660193,0.8341463
2018-1-10T13-49-31,1515588571933,0.8341463,-0.043902438,0.4563107,0.8341463
2018-1-10T13-49-31,1515588571934,0.85365856,-0.024390243,0.44660193,0.85365856
2018-1-10T13-49-31,1515588571935,0.86341465,-0.004878049,0.42718446,0.86341465
2018-1-10T13-49-31,1515588571936,0.85365856,-0.004878049,0.407767,0.85365856
2018-1-10T13-49-31,1515588571937,0.84390247,0.034146342,0.44660193,0.84390247
2018-1-10T13-49-31,1515588571938,0.86341465,-0.014634146,0.4563107,0.86341465
2018-1-10T13-49-31,1515588571939,0.84390247,0.10243902,0.4368932,0.84390247
2018-1-10T13-49-31,1515588571940,0.8341463,-0.043902438,0.4563107,0.8341463
2018-1-10T13-49-31,1515588571941,0.82439023,-0.043902438,0.44660193,0.82439023
2018-1-10T13-49-31,1515588571942,0.84390247,-0.043902438,0.3883495,0.84390247
2018-1-10T13-49-31,1515588571943,0.84390247,-0.043902438,0.4368932,0.84390247
2018-1-10T13-49-31,1515588571944,0.8341463,-0.034146342,0.4368932,0.8341463
2018-1-10T13-49-31,1515588571945,0.79512197,-0.024390243,0.46601942,0.79512197
2018-1-10T13-49-31,1515588571946,0.84390247,-0.034146342,0.4368932,0.84390247
2018-1-10T13-49-31,1515588571947,0.85365856,-0.053658538,0.46601942,0.85365856
2018-1-10T13-49-31,1515588571948,0.87317073,-0.06341463,0.44660193,0.87317073
2018-1-10T13-49-31,1515588571949,0.87317073,-0.014634146,0.4368932,0.87317073
2018-1-10T13-49-31,1515588571950,0.86341465,0.004878049,0.4854369,0.86341465
2018-1-10T13-49-31,1515588571951,0.85365856,-0.004878049,0.4563107,0.85365856
2018-1-10T13-49-31,1515588571952,0.84390247,-0.024390243,0.46601942,0.84390247
2018-1-10T13-49-31,1515588571953,0.85365856,-0.043902438,0.42718446,0.85365856
2018-1-10T13-49-31,1515588571954,0.87317073,-0.043902438,0.4563107,0.87317073
2018-1-10T13-49-31,1515588571955,0.81463414,-0.024390243,0.4368932,0.81463414
2018-1-10T13-49-31,1515588571956,0.85365856,-0.034146342,0.4563107,0.85365856
2018-1-10T13-49-31,1515588571957,0.8341463,-0.024390243,0.44660193,0.8341463
2018-1-10T13-49-31,1515588571958,0.84390247,-0.043902438,0.42718446,0.84390247
2018-1-10T13-49-31,1515588571959,0.85365856,-0.014634146,0.4563107,0.85365856
2018-1-10T13-49-31,1515588571960,0.85365856,-0.014634146,0.46601942,0.85365856
2018-1-10T13-49-31,1515588571961,0.82439023,-0.014634146,0.4563107,0.82439023
2018-1-10T13-49-31,1515588571962,0.79512197,0.004878049,0.44660193,0.79512197
2018-1-10T13-49-31,1515588571963,0.84390247,0.004878049,0.4368932,0.84390247
2018-1-10T13-49-31,1515588571964,0.84390247,-0.014634146,0.4368932,0.84390247
2018-1-10T13-49-31,1515588571965,0.82439023,-0.034146342,0.4368932,0.82439023
2018-1-10T13-49-31,1515588571966,0.82439023,-0.014634146,0.41747573,0.82439023
2018-1-10T13-49-31,1515588571967,0.8341463,-0.014634146,0.4368932,0.8341463
2018-1-10T13-49-31,1515588571968,0.81463414,-0.06341463,0.46601942,0.81463414
2018-1-10T13-49-31,1515588571969,0.85365856,-0.024390243,0.46601942,0.85365856
2018-1-10T13-49-31,1515588571970,0.84390247,-0.004878049,0.44660193,0.84390247
2018-1-10T13-49-31,1515588571971,0.86341465,-0.004878049,0.4368932,0.86341465
2018-1-10T13-49-31,1515588571972,0.87317073,0.004878049,0.44660193,0.87317073
2018-1-10T13-49-31,1515588571973,0.86341465,0.024390243,0.5145631,0.86341465
2018-1-10T13-49-31,1515588571974,0.85365856,-0.024390243,0.5048544,0.85365856
2018-1-10T13-49-31,1515588571975,0.86341465,-0.034146342,0.42718446,0.86341465
2018-1-10T13-49-31,1515588571976,0.87317073,-0.07317073,0.4368932,0.87317073
2018-1-10T13-49-31,1515588571977,0.87317073,-0.034146342,0.41747573,0.87317073
2018-1-10T13-49-31,1515588571978,0.84390247,-0.034146342,0.42718446,0.84390247
2018-1-10T13-49-31,1515588571979,0.8341463,-0.043902438,0.41747573,0.8341463
2018-1-10T13-49-31,1515588571980,0.81463414,-0.043902438,0.42718446,0.81463414
2018-1-10T13-49-31,1515588571981,0.81463414,-0.043902438,0.46601942,0.81463414
2018-1-10T13-49-31,1515588571982,0.84390247,-0.053658538,0.44660193,0.84390247
2018-1-10T13-49-31,1515588571983,0.82439023,-0.034146342,0.46601942,0.82439023
2018-1-10T13-49-31,1515588571984,0.87317073,-0.014634146,0.47572815,0.87317073
2018-1-10T13-49-31,1515588571985,0.8926829,0.024390243,0.44660193,0.8926829
2018-1-10T13-49-31,1515588571986,0.85365856,-0.004878049,0.4368932,0.85365856
2018-1-10T13-49-31,1515588571987,0.85365856,-0.004878049,0.44660193,0.85365856
2018-1-10T13-49-31,1515588571988,0.84390247,-0.024390243,0.46601942,0.84390247
2018-1-10T13-49-31,1515588571989,0.85365856,-0.053658538,0.44660193,0.85365856
2018-1-10T13-49-31,1515588571990,0.82439023,-0.014634146,0.4368932,0.82439023
2018-1-10T13-49-31,1515588571991,0.82439023,-0.034146342,0.44660193,0.82439023
2018-1-10T13-49-31,1515588571992,0.8341463,-0.014634146,0.42718446,0.8341463
2018-1-10T13-49-31,1515588571993,0.86341465,-0.004878049,0.44660193,0.86341465
2018-1-10T13-49-31,1515588571994,0.85365856,0.034146342,0.42718446,0.85365856
2018-1-10T13-49-31,1515588571995,0.84390247,-0.004878049,0.47572815,0.84390247
2018-1-10T13-49-31,1515588571996,0.85365856,-0.004878049,0.44660193,0.85365856
2018-1-10T13-49-31,1515588571997,0.84390247,0.024390243,0.44660193,0.84390247
2018-1-10T13-49-31,1515588571998,0.84390247,-0.024390243,0.44660193,0.84390247
2018-1-10T13-49-31,1515588571999,0.8341463,-0.034146342,0.44660193,0.8341463
2018-1-10T13-49-32,1515588572000,0.84390247,0.004878049,0.44660193,0.84390247
2018-1-10T13-49-32,1515588572001,0.85365856,-0.014634146,0.42718446,0.85365856
2018-1-10T13-49-32,1515588572002,0.85365856,0.08292683,0.39805827,0.85365856
2018-1-10T13-49-32,1515588572003,0.84390247,-0.014634146,0.44660193,0.84390247
2018-1-10T13-49-32,1515588572004,0.86341465,-0.014634146,0.4368932,0.86341465
2018-1-10T13-49-32,1515588572005,0.86341465,-0.034146342,0.42718446,0.86341465
2018-1-10T13-49-32,1515588572006,0.85365856,-0.034146342,0.42718446,0.85365856
2018-1-10T13-49-32,1515588572007,0.85365856,-0.024390243,0.44660193,0.85365856
2018-1-10T13-49-32,1515588572008,0.84390247,-0.034146342,0.5436893,0.84390247
2018-1-10T13-49-32,1515588572009,0.82439023,-0.034146342,0.44660193,0.82439023
2018-1-10T13-49-32,1515588572010,0.85365856,-0.024390243,0.44660193,0.85365856
2018-1-10T13-49-32,1515588572011,0.85365856,-0.024390243,0.44660193,0.85365856
2018-1-10T13-49-32,1515588572012,0.84390247,-0.014634146,0.46601942,0.84390247
2018-1-10T13-49-32,1515588572013,0.8341463,-0.014634146,0.42718446,0.8341463
2018-1-10T13-49-32,1515588572014,0.84390247,-0.034146342,0.42718446,0.84390247
2018-1-10T13-49-32,1515588572015,0.84390247,-0.034146342,0.4368932,0.84390247
2018-1-10T13-49-32,1515588572016,0.81463414,-0.024390243,0.44660193,0.81463414
2018-1-10T13-49-32,1515588572017,0.84390247,-0.034146342,0.4368932,0.84390247
2018-1-10T13-49-32,1515588572018,0.8341463,-0.034146342,0.42718446,0.8341463
2018-1-10T13-49-32,1515588572019,0.8341463,-0.014634146,0.39805827,0.8341463
2018-1-10T13-49-32,1515588572020,0.84390247,-0.014634146,0.44660193,0.84390247
2018-1-10T13-49-32,1515588572021,0.85365856,-0.004878049,0.4368932,0.85365856
2018-1-10T13-49-32,1515588572022,0.84390247,-0.024390243,0.44660193,0.84390247
2018-1-10T13-49-32,1515588572023,0.87317073,-0.043902438,0.44660193,0.87317073
2018-1-10T13-49-32,1515588572024,0.85365856,-0.024390243,0.44660193,0.85365856
2018-1-10T13-49-32,1515588572025,0.85365856,0.004878049,0.44660193,0.85365856
2018-1-10T13-49-32,1515588572026,0.79512197,-0.024390243,0.4368932,0.79512197
2018-1-10T13-49-32,1515588572027,0.85365856,-0.034146342,0.4368932,0.85365856
2018-1-10T13-49-32,1515588572028,0.8341463,-0.004878049,0.4368932,0.8341463
2018-1-10T13-49-32,1515588572029,0.84390247,-0.034146342,0.44660193,0.84390247
2018-1-10T13-49-32,1515588572030,0.8341463,-0.034146342,0.44660193,0.8341463
2018-1-10T13-49-32,1515588572031,0.84390247,-0.024390243,0.41747573,0.84390247
2018-1-10T13-49-32,1515588572032,0.8341463,-0.034146342,0.4368932,0.8341463
2018-1-10T13-49-32,1515588572033,0.8341463,-0.024390243,0.44660193,0.8341463
2018-1-10T13-49-32,1515588572034,0.84390247,-0.043902438,0.4368932,0.84390247
2018-1-10T13-49-32,1515588572035,0.85365856,-0.034146342,0.42718446,0.85365856
2018-1-10T13-49-32,1515588572036,0.86341465,-0.014634146,0.4368932,0.86341465
2018-1-10T13-49-32,1515588572037,0.85365856,-0.014634146,0.44660193,0.85365856
2018-1-10T13-49-32,1515588572038,0.8341463,-0.034146342,0.4563107,0.8341463
2018-1-10T13-49-32,1515588572039,0.86341465,-0.014634146,0.44660193,0.86341465
2018-1-10T13-49-32,1515588572040,0.85365856,0.004878049,0.4368932,0.85365856
2018-1-10T13-49-32,1515588572041,0.84390247,0.004878049,0.4563107,0.84390247
2018-1-10T13-49-32,1515588572042,0.84390247,-0.024390243,0.42718446,0.84390247
2018-1-10T13-49-32,1515588572043,0.8341463,0.004878049,0.42718446,0.8341463
2018-1-10T13-49-32,1515588572044,0.82439023,-0.024390243,0.4563107,0.82439023
2018-1-10T13-49-32,1515588572045,0.82439023,-0.034146342,0.4563107,0.82439023
2018-1-10T13-49-32,1515588572046,0.8341463,-0.024390243,0.42718446,0.8341463
2018-1-10T13-49-32,1515588572047,0.84390247,-0.024390243,0.42718446,0.84390247
2018-1-10T13-49-32,1515588572048,0.8341463,-0.10243902,0.4563107,0.8341463
2018-1-10T13-49-32,1515588572049,0.8341463,-0.034146342,0.4368932,0.8341463
2018-1-10T13-49-32,1515588572050,0.8341463,-0.024390243,0.44660193,0.8341463
2018-1-10T13-49-32,1515588572051,0.86341465,-0.024390243,0.4368932,0.86341465
2018-1-10T13-49-32,1515588572052,0.84390247,-0.004878049,0.46601942,0.84390247
2018-1-10T13-49-32,1515588572053,0.86341465,-0.014634146,0.4563107,0.86341465
2018-1-10T13-49-32,1515588572054,0.85365856,-0.024390243,0.36893204,0.85365856
2018-1-10T13-49-32,1515588572055,0.84390247,-0.034146342,0.4368932,0.84390247
2018-1-10T13-49-32,1515588572056,0.8341463,-0.043902438,0.44660193,0.8341463
2018-1-10T13-49-32,1515588572057,0.84390247,-0.004878049,0.4563107,0.84390247
2018-1-10T13-49-32,1515588572058,0.8341463,-0.06341463,0.44660193,0.8341463
2018-1-10T13-49-32,1515588572059,0.76585364,-0.043902438,0.4368932,0.76585364
2018-1-10T13-49-32,1515588572060,0.84390247,-0.034146342,0.4368932,0.84390247
2018-1-10T13-49-32,1515588572061,0.84390247,-0.014634146,0.44660193,0.84390247
2018-1-10T13-49-32,1515588572062,0.84390247,0.004878049,0.46601942,0.84390247
2018-1-10T13-49-32,1515588572063,0.9317073,-0.014634146,0.4368932,0.9317073
2018-1-10T13-49-32,1515588572064,0.8926829,0.004878049,0.46601942,0.8926829
2018-1-10T13-49-32,1515588572065,0.85365856,0.053658538,0.4368932,0.85365856
2018-1-10T13-49-32,1515588572066,0.85365856,0.004878049,0.44660193,0.85365856
2018-1-10T13-49-32,1515588572067,0.8341463,-0.004878049,0.42718446,0.8341463
2018-1-10T13-49-32,1515588572068,0.81463414,-0.004878049,0.41747573,0.81463414
2018-1-10T13-49-32,1515588572069,0.8341463,-0.043902438,0.41747573,0.8341463
2018-1-10T13-49-32,1515588572070,0.82439023,-0.024390243,0.41747573,0.82439023
2018-1-10T13-49-32,1515588572071,0.8341463,-0.024390243,0.4368932,0.8341463
2018-1-10T13-49-32,1515588572072,0.84390247,-0.024390243,0.4368932,0.84390247
2018-1-10T13-49-32,1515588572073,0.8341463,-0.014634146,0.5048544,0.8341463
2018-1-10T13-49-32,1515588572074,0.84390247,-0.004878049,0.4368932,0.84390247
2018-1-10T13-49-32,1515588572075,0.87317073,0.014634146,0.4368932,0.87317073
2018-1-10T13-49-32,1515588572076,0.85365856,-0.004878049,0.4563107,0.85365856
2018-1-10T13-49-32,1515588572077,0.9414634,0.06341463,0.4563107,0.9414634
2018-1-10T13-49-32,1515588572078,0.86341465,-0.004878049,0.4563107,0.86341465
2018-1-10T13-49-32,1515588572079,0.86341465,-0.034146342,0.42718446,0.86341465
2018-1-10T13-49-32,1515588572080,0.84390247,-0.034146342,0.4368932,0.84390247
2018-1-10T13-49-32,1515588572081,0.8341463,-0.034146342,0.4368932,0.8341463
2018-1-10T13-49-32,1515588572082,0.8341463,-0.043902438,0.4368932,0.8341463
2018-1-10T13-49-32,1515588572083,0.84390247,-0.053658538,0.4368932,0.84390247
2018-1-10T13-49-32,1515588572084,0.82439023,-0.043902438,0.44660193,0.82439023
2018-1-10T13-49-32,1515588572085,0.80487806,-0.034146342,0.4563107,0.80487806
2018-1-10T13-49-32,1515588572086,0.8341463,-0.024390243,0.46601942,0.8341463
2018-1-10T13-49-32,1515588572087,0.85365856,-0.004878049,0.4854369,0.85365856
2018-1-10T13-49-32,1515588572088,0.85365856,-0.014634146,0.4563107,0.85365856
2018-1-10T13-49-32,1515588572089,0.86341465,-0.004878049,0.4368932,0.86341465
2018-1-10T13-49-32,1515588572090,0.84390247,-0.014634146,0.4563107,0.84390247
2018-1-10T13-49-32,1515588572091,0.84390247,-0.034146342,0.4563107,0.84390247
2018-1-10T13-49-32,1515588572092,0.8341463,-0.08292683,0.4368932,0.8341463
2018-1-10T13-49-32,1515588572093,0.84390247,-0.034146342,0.42718446,0.84390247
2018-1-10T13-49-32,1515588572094,0.82439023,-0.043902438,0.42718446,0.82439023
2018-1-10T13-49-32,1515588572095,0.8341463,-0.043902438,0.44660193,0.8341463
2018-1-10T13-49-32,1515588572096,0.82439023,-0.014634146,0.42718446,0.82439023
2018-1-10T13-49-32,1515588572097,0.84390247,-0.014634146,0.41747573,0.84390247
2018-1-10T13-49-32,1515588572098,0.87317073,-0.004878049,0.44660193,0.87317073
2018-1-10T13-49-32,1515588572099,0.85365856,0.004878049,0.46601942,0.85365856
2018-1-10T13-49-32,1515588572100,0.85365856,-0.004878049,0.44660193,0.85365856
2018-1-10T13-49-32,1515588572101,0.85365856,-0.004878049,0.4563107,0.85365856
2018-1-10T13-49-32,1515588572102,0.8829268,-0.024390243,0.44660193,0.8829268
2018-1-10T13-49-32,1515588572103,0.8341463,-0.053658538,0.4368932,0.8341463
2018-1-10T13-49-32,1515588572104,0.84390247,-0.034146342,0.4854369,0.84390247
2018-1-10T13-49-32,1515588572105,0.84390247,-0.014634146,0.46601942,0.84390247
2018-1-10T13-49-32,1515588572106,0.8341463,-0.004878049,0.44660193,0.8341463
2018-1-10T13-49-32,1515588572107,0.86341465,0.004878049,0.4368932,0.86341465
2018-1-10T13-49-32,1515588572108,0.84390247,-0.004878049,0.4368932,0.84390247
2018-1-10T13-49-32,1515588572109,0.8341463,-0.024390243,0.42718446,0.8341463
2018-1-10T13-49-32,1515588572110,0.84390247,-0.034146342,0.4563107,0.84390247
2018-1-10T13-49-32,1515588572111,0.8341463,-0.053658538,0.44660193,0.8341463
2018-1-10T13-49-32,1515588572112,0.81463414,-0.043902438,0.4563107,0.81463414
2018-1-10T13-49-32,1515588572113,0.82439023,-0.034146342,0.44660193,0.82439023
2018-1-10T13-49-32,1515588572114,0.85365856,-0.024390243,0.4368932,0.85365856
2018-1-10T13-49-32,1515588572115,0.8341463,0.004878049,0.44660193,0.8341463
2018-1-10T13-49-32,1515588572116,0.86341465,0.014634146,0.44660193,0.86341465
2018-1-10T13-49-32,1515588572117,0.85365856,-0.004878049,0.42718446,0.85365856
2018-1-10T13-49-32,1515588572118,0.85365856,0.11219512,0.44660193,0.85365856
2018-1-10T13-49-32,1515588572119,0.84390247,-0.014634146,0.4368932,0.84390247
2018-1-10T13-49-32,1515588572120,0.8341463,-0.034146342,0.44660193,0.8341463
2018-1-10T13-49-32,1515588572121,0.84390247,-0.043902438,0.44660193,0.84390247
2018-1-10T13-49-32,1515588572122,0.8341463,-0.08292683,0.4368932,0.8341463
2018-1-10T13-49-32,1515588572123,0.84390247,-0.024390243,0.42718446,0.84390247
2018-1-10T13-49-32,1515588572124,0.84390247,-0.024390243,0.42718446,0.84390247
2018-1-10T13-49-32,1515588572125,0.7853659,-0.014634146,0.4563107,0.7853659
2018-1-10T13-49-32,1515588572126,0.81463414,-0.043902438,0.4563107,0.81463414
2018-1-10T13-49-32,1515588572127,0.84390247,-0.004878049,0.44660193,0.84390247
2018-1-10T13-49-32,1515588572128,0.8829268,-0.004878049,0.46601942,0.8829268
2018-1-10T13-49-32,1515588572129,0.86341465,-0.014634146,0.44660193,0.86341465
2018-1-10T13-49-32,1515588572130,0.87317073,-0.014634146,0.4563107,0.87317073
2018-1-10T13-49-32,1515588572131,0.85365856,-0.024390243,0.42718446,0.85365856
2018-1-10T13-49-32,1515588572132,0.86341465,-0.014634146,0.44660193,0.86341465
2018-1-10T13-49-32,1515588572133,0.84390247,-0.034146342,0.4563107,0.84390247
2018-1-10T13-49-32,1515588572134,0.85365856,-0.034146342,0.4368932,0.85365856
2018-1-10T13-49-32,1515588572135,0.8341463,-0.043902438,0.5339806,0.8341463
2018-1-10T13-49-32,1515588572136,0.82439023,-0.043902438,0.44660193,0.82439023
2018-1-10T13-49-32,1515588572137,0.8341463,-0.08292683,0.42718446,0.8341463
2018-1-10T13-49-32,1515588572138,0.8341463,-0.034146342,0.4368932,0.8341463
2018-1-10T13-49-32,1515588572139,0.84390247,-0.034146342,0.4563107,0.84390247
2018-1-10T13-49-32,1515588572140,0.81463414,-0.024390243,0.4563107,0.81463414
2018-1-10T13-49-32,1515588572141,0.8829268,-0.024390243,0.44660193,0.8829268
2018-1-10T13-49-32,1515588572142,0.87317073,-0.004878049,0.37864077,0.87317073
2018-1-10T13-49-32,1515588572143,0.86341465,0.014634146,0.4368932,0.86341465
2018-1-10T13-49-32,1515588572144,0.85365856,-0.024390243,0.4368932,0.85365856
2018-1-10T13-49-32,1515588572145,0.8341463,-0.024390243,0.4563107,0.8341463
2018-1-10T13-49-32,1515588572146,0.84390247,-0.034146342,0.4563107,0.84390247
2018-1-10T13-49-32,1515588572147,0.8341463,-0.034146342,0.44660193,0.8341463
2018-1-10T13-49-32,1515588572148,0.8341463,-0.024390243,0.44660193,0.8341463
2018-1-10T13-49-32,1515588572149,0.84390247,-0.004878049,0.4368932,0.84390247
2018-1-10T13-49-32,1515588572150,0.84390247,-0.014634146,0.44660193,0.84390247
2018-1-10T13-49-32,1515588572151,0.85365856,-0.014634146,0.42718446,0.85365856
2018-1-10T13-49-32,1515588572152,0.8341463,-0.024390243,0.4368932,0.8341463
2018-1-10T13-49-32,1515588572153,0.84390247,-0.024390243,0.4563107,0.84390247
2018-1-10T13-49-32,1515588572154,0.84390247,-0.014634146,0.4563107,0.84390247
2018-1-10T13-49-32,1515588572155,0.86341465,-0.014634146,0.44660193,0.86341465
2018-1-10T13-49-32,1515588572156,0.86341465,-0.004878049,0.4368932,0.86341465
2018-1-10T13-49-32,1515588572157,0.8829268,-0.014634146,0.4563107,0.8829268
2018-1-10T13-49-32,1515588572158,0.86341465,-0.004878049,0.44660193,0.86341465
2018-1-10T13-49-32,1515588572159,0.84390247,-0.024390243,0.4368932,0.84390247
2018-1-10T13-49-32,1515588572160,0.8341463,-0.034146342,0.4368932,0.8341463
2018-1-10T13-49-32,1515588572161,0.85365856,-0.014634146,0.44660193,0.85365856
2018-1-10T13-49-32,1515588572162,0.82439023,-0.06341463,0.46601942,0.82439023
2018-1-10T13-49-32,1515588572163,0.8341463,-0.06341463,0.4368932,0.8341463
2018-1-10T13-49-32,1515588572164,0.8341463,-0.043902438,0.42718446,0.8341463
2018-1-10T13-49-32,1515588572165,0.85365856,-0.034146342,0.44660193,0.85365856
2018-1-10T13-49-32,1515588572166,0.8926829,-0.034146342,0.407767,0.8926829
2018-1-10T13-49-32,1515588572167,0.8926829,-0.034146342,0.4563107,0.8926829
2018-1-10T13-49-32,1515588572168,0.87317073,-0.004878049,0.44660193,0.87317073
2018-1-10T13-49-32,1515588572169,0.87317073,-0.053658538,0.44660193,0.87317073
2018-1-10T13-49-32,1515588572170,0.86341465,-0.014634146,0.4563107,0.86341465
2018-1-10T13-49-32,1515588572171,0.82439023,-0.043902438,0.44660193,0.82439023
2018-1-10T13-49-32,1515588572172,0.84390247,-0.043902438,0.39805827,0.84390247
2018-1-10T13-49-32,1515588572173,0.82439023,-0.034146342,0.41747573,0.82439023
2018-1-10T13-49-32,1515588572174,0.82439023,-0.024390243,0.44660193,0.82439023
2018-1-10T13-49-32,1515588572175,0.84390247,-0.014634146,0.4563107,0.84390247
2018-1-10T13-49-32,1515588572176,0.80487806,0.004878049,0.4368932,0.80487806
2018-1-10T13-49-32,1515588572177,0.86341465,0.014634146,0.4368932,0.86341465
2018-1-10T13-49-32,1515588572178,0.85365856,0.004878049,0.44660193,0.85365856
2018-1-10T13-49-32,1515588572179,0.85365856,0.004878049,0.44660193,0.85365856
2018-1-10T13-49-32,1515588572180,0.81463414,0.004878049,0.4368932,0.81463414
2018-1-10T13-49-32,1515588572181,0.86341465,0.004878049,0.407767,0.86341465
2018-1-10T13-49-32,1515588572182,0.8341463,0.004878049,0.4563107,0.8341463
2018-1-10T13-49-32,1515588572183,0.84390247,-0.034146342,0.4368932,0.84390247
2018-1-10T13-49-32,1515588572184,0.8341463,-0.034146342,0.4854369,0.8341463
2018-1-10T13-49-32,1515588572185,0.82439023,-0.034146342,0.44660193,0.82439023
2018-1-10T13-49-32,1515588572186,0.8341463,-0.043902438,0.42718446,0.8341463
2018-1-10T13-49-32,1515588572187,0.84390247,-0.043902438,0.4368932,0.84390247
2018-1-10T13-49-32,1515588572188,0.8341463,-0.043902438,0.44660193,0.8341463
2018-1-10T13-49-32,1515588572189,0.84390247,-0.053658538,0.46601942,0.84390247
2018-1-10T13-49-32,1515588572190,0.85365856,-0.024390243,0.46601942,0.85365856
2018-1-10T13-49-32,1515588572191,0.86341465,-0.014634146,0.4563107,0.86341465
2018-1-10T13-49-32,1515588572192,0.86341465,-0.004878049,0.44660193,0.86341465
2018-1-10T13-49-32,1515588572193,0.86341465,-0.014634146,0.4368932,0.86341465
2018-1-10T13-49-32,1515588572194,0.85365856,-0.004878049,0.44660193,0.85365856
2018-1-10T13-49-32,1515588572195,0.82439023,-0.034146342,0.4563107,0.82439023
2018-1-10T13-49-32,1515588572196,0.8341463,-0.053658538,0.44660193,0.8341463
2018-1-10T13-49-32,1515588572197,0.81463414,-0.034146342,0.49514562,0.81463414
2018-1-10T13-49-32,1515588572198,0.82439023,0.004878049,0.42718446,0.82439023
2018-1-10T13-49-32,1515588572199,0.82439023,-0.024390243,0.4368932,0.82439023
2018-1-10T13-49-32,1515588572200,0.8341463,-0.024390243,0.44660193,0.8341463
2018-1-10T13-49-32,1515588572201,0.8341463,-0.004878049,0.44660193,0.8341463
2018-1-10T13-49-32,1515588572202,0.87317073,0.004878049,0.44660193,0.87317073
2018-1-10T13-49-32,1515588572203,0.84390247,-0.014634146,0.44660193,0.84390247
2018-1-10T13-49-32,1515588572204,0.85365856,-0.014634146,0.44660193,0.85365856
2018-1-10T13-49-32,1515588572205,0.85365856,-0.014634146,0.4368932,0.85365856
2018-1-10T13-49-32,1515588572206,0.8829268,-0.014634146,0.44660193,0.8829268
2018-1-10T13-49-32,1515588572207,0.82439023,-0.014634146,0.42718446,0.82439023
2018-1-10T13-49-32,1515588572208,0.84390247,0.004878049,0.44660193,0.84390247
2018-1-10T13-49-32,1515588572209,0.8341463,-0.004878049,0.44660193,0.8341463
2018-1-10T13-49-32,1515588572210,0.84390247,-0.004878049,0.44660193,0.84390247
2018-1-10T13-49-32,1515588572211,0.8341463,-0.024390243,0.44660193,0.8341463
2018-1-10T13-49-32,1515588572212,0.85365856,-0.10243902,0.44660193,0.85365856
2018-1-10T13-49-32,1515588572213,0.86341465,-0.024390243,0.39805827,0.86341465
2018-1-10T13-49-32,1515588572214,0.84390247,-0.034146342,0.4563107,0.84390247
2018-1-10T13-49-32,1515588572215,0.85365856,-0.06341463,0.4563107,0.85365856
2018-1-10T13-49-32,1515588572216,0.85365856,-0.024390243,0.4368932,0.85365856
2018-1-10T13-49-32,1515588572217,0.84390247,-0.043902438,0.4563107,0.84390247
2018-1-10T13-49-32,1515588572218,0.84390247,-0.024390243,0.4563107,0.84390247
2018-1-10T13-49-32,1515588572219,0.84390247,-0.034146342,0.42718446,0.84390247
2018-1-10T13-49-32,1515588572220,0.8341463,-0.024390243,0.42718446,0.8341463
2018-1-10T13-49-32,1515588572221,0.8341463,-0.024390243,0.4368932,0.8341463
2018-1-10T13-49-32,1515588572222,0.84390247,-0.014634146,0.4563107,0.84390247
2018-1-10T13-49-32,1515588572223,0.85365856,-0.043902438,0.46601942,0.85365856
2018-1-10T13-49-32,1515588572224,0.85365856,-0.014634146,0.44660193,0.85365856
2018-1-10T13-49-32,1515588572225,0.85365856,-0.024390243,0.42718446,0.85365856
2018-1-10T13-49-32,1515588572226,0.84390247,-0.024390243,0.407767,0.84390247
2018-1-10T13-49-32,1515588572227,0.85365856,-0.024390243,0.44660193,0.85365856
2018-1-10T13-49-32,1515588572228,0.85365856,-0.043902438,0.4368932,0.85365856
2018-1-10T13-49-32,1515588572229,0.85365856,-0.024390243,0.44660193,0.85365856
2018-1-10T13-49-32,1515588572230,0.84390247,-0.014634146,0.4368932,0.84390247
2018-1-10T13-49-32,1515588572231,0.85365856,-0.024390243,0.44660193,0.85365856
2018-1-10T13-49-32,1515588572232,0.84390247,0.024390243,0.44660193,0.84390247
2018-1-10T13-49-32,1515588572233,0.85365856,0.004878049,0.44660193,0.85365856
2018-1-10T13-49-32,1515588572234,0.8926829,-0.004878049,0.44660193,0.8926829
2018-1-10T13-49-32,1515588572235,0.84390247,-0.024390243,0.44660193,0.84390247
2018-1-10T13-49-32,1515588572236,0.84390247,-0.034146342,0.4563107,0.84390247
2018-1-10T13-49-32,1515588572237,0.84390247,-0.034146342,0.4563107,0.84390247
2018-1-10T13-49-32,1515588572238,0.8341463,-0.034146342,0.4368932,0.8341463
2018-1-10T13-49-32,1515588572239,0.84390247,-0.043902438,0.44660193,0.84390247
2018-1-10T13-49-32,1515588572240,0.82439023,-0.043902438,0.4368932,0.82439023
2018-1-10T13-49-32,1515588572241,0.82439023,-0.043902438,0.4368932,0.82439023
2018-1-10T13-49-32,1515588572242,0.80487806,-0.034146342,0.4368932,0.80487806
2018-1-10T13-49-32,1515588572243,0.81463414,-0.014634146,0.44660193,0.81463414
2018-1-10T13-49-32,1515588572244,0.85365856,-0.014634146,0.44660193,0.85365856
2018-1-10T13-49-32,1515588572245,0.86341465,-0.014634146,0.44660193,0.86341465
2018-1-10T13-49-32,1515588572246,0.8926829,-0.014634146,0.4368932,0.8926829
2018-1-10T13-49-32,1515588572247,0.86341465,-0.014634146,0.4368932,0.86341465
2018-1-10T13-49-32,1515588572248,0.85365856,-0.014634146,0.4563107,0.85365856
2018-1-10T13-49-32,1515588572249,0.84390247,-0.024390243,0.4563107,0.84390247
2018-1-10T13-49-32,1515588572250,0.85365856,-0.014634146,0.44660193,0.85365856
2018-1-10T13-49-32,1515588572251,0.84390247,-0.034146342,0.3883495,0.84390247
2018-1-10T13-49-32,1515588572252,0.80487806,-0.024390243,0.4368932,0.80487806
2018-1-10T13-49-32,1515588572253,0.8341463,-0.014634146,0.42718446,0.8341463
2018-1-10T13-49-32,1515588572254,0.8341463,-0.024390243,0.41747573,0.8341463
2018-1-10T13-49-32,1515588572255,0.84390247,-0.024390243,0.4368932,0.84390247
2018-1-10T13-49-32,1515588572256,0.84390247,-0.034146342,0.42718446,0.84390247
2018-1-10T13-49-32,1515588572257,0.76585364,-0.014634146,0.44660193,0.76585364
2018-1-10T13-49-32,1515588572258,0.84390247,-0.004878049,0.4368932,0.84390247
2018-1-10T13-49-32,1515588572259,0.85365856,-0.004878049,0.44660193,0.85365856
2018-1-10T13-49-32,1515588572260,0.87317073,-0.004878049,0.44660193,0.87317073
2018-1-10T13-49-32,1515588572261,0.86341465,-0.014634146,0.44660193,0.86341465
2018-1-10T13-49-32,1515588572262,0.86341465,-0.014634146,0.41747573,0.86341465
2018-1-10T13-49-32,1515588572263,0.8341463,-0.034146342,0.407767,0.8341463
2018-1-10T13-49-32,1515588572264,0.8341463,-0.09268293,0.4368932,0.8341463
2018-1-10T13-49-32,1515588572265,0.8341463,-0.053658538,0.4368932,0.8341463
2018-1-10T13-49-32,1515588572266,0.82439023,-0.043902438,0.41747573,0.82439023
2018-1-10T13-49-32,1515588572267,0.82439023,-0.053658538,0.42718446,0.82439023
2018-1-10T13-49-32,1515588572268,0.84390247,-0.043902438,0.4368932,0.84390247
2018-1-10T13-49-32,1515588572269,0.86341465,0.014634146,0.44660193,0.86341465
2018-1-10T13-49-32,1515588572270,0.84390247,-0.014634146,0.44660193,0.84390247
2018-1-10T13-49-32,1515588572271,0.84390247,-0.014634146,0.4563107,0.84390247
2018-1-10T13-49-32,1515588572272,0.85365856,-0.014634146,0.4563107,0.85365856
2018-1-10T13-49-32,1515588572273,0.86341465,-0.004878049,0.4368932,0.86341465
2018-1-10T13-49-32,1515588572274,0.84390247,-0.014634146,0.49514562,0.84390247
2018-1-10T13-49-32,1515588572275,0.84390247,-0.024390243,0.42718446,0.84390247
2018-1-10T13-49-32,1515588572276,0.8341463,-0.034146342,0.4368932,0.8341463
2018-1-10T13-49-32,1515588572277,0.84390247,-0.024390243,0.39805827,0.84390247
2018-1-10T13-49-32,1515588572278,0.77560973,-0.024390243,0.4563107,0.77560973
2018-1-10T13-49-32,1515588572279,0.7853659,-0.014634146,0.44660193,0.7853659
2018-1-10T13-49-32,1515588572280,0.86341465,-0.014634146,0.4368932,0.86341465
2018-1-10T13-49-32,1515588572281,0.86341465,0.004878049,0.41747573,0.86341465
2018-1-10T13-49-32,1515588572282,0.85365856,-0.004878049,0.44660193,0.85365856
2018-1-10T13-49-32,1515588572283,0.85365856,0.09268293,0.4563107,0.85365856
2018-1-10T13-49-32,1515588572284,0.85365856,0.053658538,0.4563107,0.85365856
2018-1-10T13-49-32,1515588572285,0.85365856,-0.004878049,0.4368932,0.85365856
2018-1-10T13-49-32,1515588572286,0.84390247,-0.024390243,0.39805827,0.84390247
2018-1-10T13-49-32,1515588572287,0.85365856,-0.034146342,0.44660193,0.85365856
2018-1-10T13-49-32,1515588572288,0.84390247,-0.034146342,0.47572815,0.84390247
2018-1-10T13-49-32,1515588572289,0.84390247,-0.034146342,0.41747573,0.84390247
2018-1-10T13-49-32,1515588572290,0.79512197,-0.034146342,0.42718446,0.79512197
2018-1-10T13-49-32,1515588572291,0.8341463,-0.024390243,0.4563107,0.8341463
2018-1-10T13-49-32,1515588572292,0.82439023,-0.053658538,0.46601942,0.82439023
2018-1-10T13-49-32,1515588572293,0.8829268,-0.024390243,0.4563107,0.8829268
2018-1-10T13-49-32,1515588572294,0.85365856,-0.024390243,0.42718446,0.85365856
2018-1-10T13-49-32,1515588572295,0.85365856,-0.004878049,0.4368932,0.85365856
2018-1-10T13-49-32,1515588572296,0.86341465,-0.004878049,0.44660193,0.86341465
2018-1-10T13-49-32,1515588572297,0.81463414,-0.024390243,0.42718446,0.81463414
2018-1-10T13-49-32,1515588572298,0.91219515,-0.014634146,0.4368932,0.91219515
2018-1-10T13-49-32,1515588572299,0.85365856,-0.034146342,0.4368932,0.85365856
2018-1-10T13-49-32,1515588572300,0.8341463,-0.024390243,0.42718446,0.8341463
2018-1-10T13-49-32,1515588572301,0.85365856,-0.024390243,0.42718446,0.85365856
2018-1-10T13-49-32,1515588572302,0.84390247,-0.014634146,0.42718446,0.84390247
2018-1-10T13-49-32,1515588572303,0.8341463,-0.014634146,0.4368932,0.8341463
2018-1-10T13-49-32,1515588572304,0.84390247,-0.014634146,0.4368932,0.84390247
2018-1-10T13-49-32,1515588572305,0.85365856,-0.014634146,0.44660193,0.85365856
2018-1-10T13-49-32,1515588572306,0.85365856,-0.043902438,0.44660193,0.85365856
2018-1-10T13-49-32,1515588572307,0.7853659,-0.004878049,0.44660193,0.7853659
2018-1-10T13-49-32,1515588572308,0.85365856,0.004878049,0.44660193,0.85365856
2018-1-10T13-49-32,1515588572309,0.85365856,-0.08292683,0.4368932,0.85365856
2018-1-10T13-49-32,1515588572310,0.86341465,-0.024390243,0.42718446,0.86341465
2018-1-10T13-49-32,1515588572311,0.80487806,-0.024390243,0.41747573,0.80487806
2018-1-10T13-49-32,1515588572312,0.8341463,-0.034146342,0.4563107,0.8341463
2018-1-10T13-49-32,1515588572313,0.85365856,-0.034146342,0.4368932,0.85365856
2018-1-10T13-49-32,1515588572314,0.84390247,-0.024390243,0.4368932,0.84390247
2018-1-10T13-49-32,1515588572315,0.91219515,-0.024390243,0.4368932,0.91219515
2018-1-10T13-49-32,1515588572316,0.82439023,-0.07317073,0.4563107,0.82439023
2018-1-10T13-49-32,1515588572317,0.87317073,-0.014634146,0.44660193,0.87317073
2018-1-10T13-49-32,1515588572318,0.8341463,-0.043902438,0.44660193,0.8341463
2018-1-10T13-49-32,1515588572319,0.84390247,-0.034146342,0.4563107,0.84390247
2018-1-10T13-49-32,1515588572320,0.84390247,-0.043902438,0.4563107,0.84390247
2018-1-10T13-49-32,1515588572321,0.85365856,-0.034146342,0.44660193,0.85365856
2018-1-10T13-49-32,1515588572322,0.85365856,-0.024390243,0.4368932,0.85365856
2018-1-10T13-49-32,1515588572323,0.85365856,-0.034146342,0.42718446,0.85365856
2018-1-10T13-49-32,1515588572324,0.84390247,-0.034146342,0.4368932,0.84390247
2018-1-10T13-49-32,1515588572325,0.77560973,-0.024390243,0.4563107,0.77560973
2018-1-10T13-49-32,1515588572326,0.8341463,-0.034146342,0.44660193,0.8341463
2018-1-10T13-49-32,1515588572327,0.8341463,-0.034146342,0.44660193,0.8341463
2018-1-10T13-49-32,1515588572328,0.86341465,-0.024390243,0.42718446,0.86341465
2018-1-10T13-49-32,1515588572329,0.85365856,-0.024390243,0.5048544,0.85365856
2018-1-10T13-49-32,1515588572330,0.8341463,0.004878049,0.44660193,0.8341463
2018-1-10T13-49-32,1515588572331,0.8341463,-0.024390243,0.44660193,0.8341463
2018-1-10T13-49-32,1515588572332,0.85365856,-0.014634146,0.4368932,0.85365856
2018-1-10T13-49-32,1515588572333,0.84390247,-0.014634146,0.39805827,0.84390247
2018-1-10T13-49-32,1515588572334,0.8341463,-0.06341463,0.44660193,0.8341463
2018-1-10T13-49-32,1515588572335,0.81463414,-0.024390243,0.4563107,0.81463414
2018-1-10T13-49-32,1515588572336,0.86341465,-0.004878049,0.4563107,0.86341465
2018-1-10T13-49-32,1515588572337,0.86341465,-0.014634146,0.4368932,0.86341465
2018-1-10T13-49-32,1515588572338,0.84390247,-0.004878049,0.42718446,0.84390247
2018-1-10T13-49-32,1515588572339,0.902439,-0.004878049,0.41747573,0.902439
2018-1-10T13-49-32,1515588572340,0.84390247,-0.034146342,0.44660193,0.84390247
2018-1-10T13-49-32,1515588572341,0.84390247,-0.034146342,0.44660193,0.84390247
2018-1-10T13-49-32,1515588572342,0.8341463,-0.024390243,0.4368932,0.8341463
2018-1-10T13-49-32,1515588572343,0.8341463,-0.024390243,0.42718446,0.8341463
2018-1-10T13-49-32,1515588572344,0.77560973,-0.043902438,0.44660193,0.77560973
2018-1-10T13-49-32,1515588572345,0.8341463,-0.024390243,0.4563107,0.8341463
2018-1-10T13-49-32,1515588572346,0.80487806,-0.014634146,0.4563107,0.80487806
2018-1-10T13-49-32,1515588572347,0.87317073,-0.004878049,0.41747573,0.87317073
2018-1-10T13-49-32,1515588572348,0.87317073,-0.034146342,0.44660193,0.87317073
2018-1-10T13-49-32,1515588572349,0.87317073,-0.014634146,0.47572815,0.87317073
2018-1-10T13-49-32,1515588572350,0.86341465,-0.014634146,0.4563107,0.86341465
2018-1-10T13-49-32,1515588572351,0.84390247,-0.014634146,0.44660193,0.84390247
2018-1-10T13-49-32,1515588572352,0.85365856,0.004878049,0.44660193,0.85365856
2018-1-10T13-49-32,1515588572353,0.84390247,-0.034146342,0.49514562,0.84390247
2018-1-10T13-49-32,1515588572354,0.8341463,-0.024390243,0.4563107,0.8341463
2018-1-10T13-49-32,1515588572355,0.8341463,-0.034146342,0.407767,0.8341463
2018-1-10T13-49-32,1515588572356,0.84390247,-0.034146342,0.42718446,0.84390247
2018-1-10T13-49-32,1515588572357,0.8341463,-0.043902438,0.41747573,0.8341463
2018-1-10T13-49-32,1515588572358,0.8341463,-0.034146342,0.4368932,0.8341463
2018-1-10T13-49-32,1515588572359,0.84390247,-0.014634146,0.46601942,0.84390247
2018-1-10T13-49-32,1515588572360,0.8926829,-0.024390243,0.4563107,0.8926829
2018-1-10T13-49-32,1515588572361,0.86341465,-0.014634146,0.44660193,0.86341465
2018-1-10T13-49-32,1515588572362,0.87317073,-0.004878049,0.41747573,0.87317073
2018-1-10T13-49-32,1515588572363,0.86341465,-0.004878049,0.44660193,0.86341465
2018-1-10T13-49-32,1515588572364,0.86341465,-0.014634146,0.44660193,0.86341465
2018-1-10T13-49-32,1515588572365,0.87317073,-0.024390243,0.42718446,0.87317073
2018-1-10T13-49-32,1515588572366,0.8341463,-0.034146342,0.4368932,0.8341463
2018-1-10T13-49-32,1515588572367,0.82439023,-0.034146342,0.44660193,0.82439023
2018-1-10T13-49-32,1515588572368,0.8341463,-0.053658538,0.4563107,0.8341463
2018-1-10T13-49-32,1515588572369,0.84390247,-0.034146342,0.4368932,0.84390247
2018-1-10T13-49-32,1515588572370,0.8341463,-0.043902438,0.42718446,0.8341463
2018-1-10T13-49-32,1515588572371,0.8341463,-0.034146342,0.407767,0.8341463
2018-1-10T13-49-32,1515588572372,0.85365856,-0.034146342,0.4563107,0.85365856
2018-1-10T13-49-32,1515588572373,0.86341465,-0.034146342,0.4563107,0.86341465
2018-1-10T13-49-32,1515588572374,0.902439,0.004878049,0.44660193,0.902439
2018-1-10T13-49-32,1515588572375,0.86341465,-0.004878049,0.42718446,0.86341465
2018-1-10T13-49-32,1515588572376,0.86341465,-0.014634146,0.44660193,0.86341465
2018-1-10T13-49-32,1515588572377,0.85365856,-0.014634146,0.4368932,0.85365856
2018-1-10T13-49-32,1515588572378,0.84390247,-0.024390243,0.4368932,0.84390247
2018-1-10T13-49-32,1515588572379,0.8341463,-0.043902438,0.4368932,0.8341463
2018-1-10T13-49-32,1515588572380,0.81463414,-0.024390243,0.4368932,0.81463414
2018-1-10T13-49-32,1515588572381,0.81463414,-0.024390243,0.44660193,0.81463414
2018-1-10T13-49-32,1515588572382,0.8341463,-0.024390243,0.44660193,0.8341463
2018-1-10T13-49-32,1515588572383,0.84390247,-0.014634146,0.4368932,0.84390247
2018-1-10T13-49-32,1515588572384,0.85365856,0.024390243,0.41747573,0.85365856
2018-1-10T13-49-32,1515588572385,0.86341465,0.014634146,0.44660193,0.86341465
2018-1-10T13-49-32,1515588572386,0.85365856,-0.004878049,0.46601942,0.85365856
2018-1-10T13-49-32,1515588572387,0.902439,0.014634146,0.46601942,0.902439
2018-1-10T13-49-32,1515588572388,0.86341465,-0.024390243,0.44660193,0.86341465
2018-1-10T13-49-32,1515588572389,0.86341465,-0.014634146,0.4368932,0.86341465
2018-1-10T13-49-32,1515588572390,0.80487806,-0.024390243,0.42718446,0.80487806
2018-1-10T13-49-32,1515588572391,0.84390247,-0.034146342,0.4368932,0.84390247
2018-1-10T13-49-32,1515588572392,0.84390247,-0.043902438,0.44660193,0.84390247
2018-1-10T13-49-32,1515588572393,0.82439023,-0.043902438,0.42718446,0.82439023
2018-1-10T13-49-32,1515588572394,0.8341463,-0.043902438,0.407767,0.8341463
2018-1-10T13-49-32,1515588572395,0.84390247,-0.034146342,0.44660193,0.84390247
2018-1-10T13-49-32,1515588572396,0.85365856,-0.014634146,0.46601942,0.85365856
2018-1-10T13-49-32,1515588572397,0.86341465,-0.004878049,0.4563107,0.86341465
2018-1-10T13-49-32,1515588572398,0.87317073,-0.004878049,0.4854369,0.87317073
2018-1-10T13-49-32,1515588572399,0.87317073,-0.004878049,0.44660193,0.87317073
2018-1-10T13-49-32,1515588572400,0.86341465,-0.004878049,0.44660193,0.86341465
2018-1-10T13-49-32,1515588572401,0.84390247,-0.014634146,0.44660193,0.84390247
2018-1-10T13-49-32,1515588572402,0.84390247,0.014634146,0.4368932,0.84390247
2018-1-10T13-49-32,1515588572403,0.82439023,-0.024390243,0.4368932,0.82439023
2018-1-10T13-49-32,1515588572404,0.84390247,-0.034146342,0.44660193,0.84390247
2018-1-10T13-49-32,1515588572405,0.84390247,-0.014634146,0.41747573,0.84390247
2018-1-10T13-49-32,1515588572406,0.8341463,-0.024390243,0.46601942,0.8341463
2018-1-10T13-49-32,1515588572407,0.8341463,-0.014634146,0.4368932,0.8341463
2018-1-10T13-49-32,1515588572408,0.84390247,-0.034146342,0.4368932,0.84390247
2018-1-10T13-49-32,1515588572409,0.84390247,-0.004878049,0.4563107,0.84390247
2018-1-10T13-49-32,1515588572410,0.8341463,-0.024390243,0.46601942,0.8341463
2018-1-10T13-49-32,1515588572411,0.84390247,-0.014634146,0.44660193,0.84390247
2018-1-10T13-49-32,1515588572412,0.8341463,-0.034146342,0.4368932,0.8341463
2018-1-10T13-49-32,1515588572413,0.84390247,-0.034146342,0.46601942,0.84390247
2018-1-10T13-49-32,1515588572414,0.8341463,-0.014634146,0.4368932,0.8341463
2018-1-10T13-49-32,1515588572415,0.85365856,-0.024390243,0.44660193,0.85365856
2018-1-10T13-49-32,1515588572416,0.8341463,-0.004878049,0.44660193,0.8341463
2018-1-10T13-49-32,1515588572417,0.8341463,-0.024390243,0.4368932,0.8341463
2018-1-10T13-49-32,1515588572418,0.8341463,-0.053658538,0.4368932,0.8341463
2018-1-10T13-49-32,1515588572419,0.86341465,-0.043902438,0.44660193,0.86341465
2018-1-10T13-49-32,1515588572420,0.86341465,-0.034146342,0.46601942,0.86341465
2018-1-10T13-49-32,1515588572421,0.85365856,-0.024390243,0.46601942,0.85365856
2018-1-10T13-49-32,1515588572422,0.86341465,-0.024390243,0.4563107,0.86341465
2018-1-10T13-49-32,1515588572423,0.8829268,-0.014634146,0.44660193,0.8829268
2018-1-10T13-49-32,1515588572424,0.8926829,-0.024390243,0.46601942,0.8926829
2018-1-10T13-49-32,1515588572425,0.84390247,-0.034146342,0.44660193,0.84390247
2018-1-10T13-49-32,1515588572426,0.8341463,-0.043902438,0.44660193,0.8341463
2018-1-10T13-49-32,1515588572427,0.8341463,-0.043902438,0.41747573,0.8341463
2018-1-10T13-49-32,1515588572428,0.84390247,-0.034146342,0.4368932,0.84390247
2018-1-10T13-49-32,1515588572429,0.84390247,-0.034146342,0.44660193,0.84390247
2018-1-10T13-49-32,1515588572430,0.8829268,-0.053658538,0.4368932,0.8829268
2018-1-10T13-49-32,1515588572431,0.84390247,-0.014634146,0.42718446,0.84390247
2018-1-10T13-49-32,1515588572432,0.84390247,-0.024390243,0.42718446,0.84390247
2018-1-10T13-49-32,1515588572433,0.86341465,-0.024390243,0.41747573,0.86341465
2018-1-10T13-49-32,1515588572434,0.85365856,-0.034146342,0.44660193,0.85365856
2018-1-10T13-49-32,1515588572435,0.8341463,-0.004878049,0.4368932,0.8341463
2018-1-10T13-49-32,1515588572436,0.84390247,-0.014634146,0.42718446,0.84390247
2018-1-10T13-49-32,1515588572437,0.8341463,-0.014634146,0.3883495,0.8341463
2018-1-10T13-49-32,1515588572438,0.84390247,-0.014634146,0.4563107,0.84390247
2018-1-10T13-49-32,1515588572439,0.84390247,-0.014634146,0.4368932,0.84390247
2018-1-10T13-49-32,1515588572440,0.84390247,-0.004878049,0.44660193,0.84390247
2018-1-10T13-49-32,1515588572441,0.85365856,-0.014634146,0.44660193,0.85365856
2018-1-10T13-49-32,1515588572442,0.85365856,-0.014634146,0.47572815,0.85365856
2018-1-10T13-49-32,1515588572443,0.84390247,-0.053658538,0.41747573,0.84390247
2018-1-10T13-49-32,1515588572444,0.84390247,0.004878049,0.4368932,0.84390247
2018-1-10T13-49-32,1515588572445,0.85365856,-0.014634146,0.42718446,0.85365856
2018-1-10T13-49-32,1515588572446,0.8341463,-0.024390243,0.4563107,0.8341463
2018-1-10T13-49-32,1515588572447,0.8341463,-0.034146342,0.41747573,0.8341463
2018-1-10T13-49-32,1515588572448,0.8341463,-0.024390243,0.4563107,0.8341463
2018-1-10T13-49-32,1515588572449,0.84390247,-0.034146342,0.47572815,0.84390247
2018-1-10T13-49-32,1515588572450,0.8829268,-0.07317073,0.44660193,0.8829268
2018-1-10T13-49-32,1515588572451,0.86341465,-0.004878049,0.44660193,0.86341465
2018-1-10T13-49-32,1515588572452,0.85365856,-0.07317073,0.44660193,0.85365856
2018-1-10T13-49-32,1515588572453,0.86341465,-0.004878049,0.44660193,0.86341465
2018-1-10T13-49-32,1515588572454,0.86341465,-0.004878049,0.4368932,0.86341465
2018-1-10T13-49-32,1515588572455,0.85365856,-0.024390243,0.44660193,0.85365856
2018-1-10T13-49-32,1515588572456,0.84390247,-0.024390243,0.4563107,0.84390247
2018-1-10T13-49-32,1515588572457,0.8341463,-0.034146342,0.4563107,0.8341463
2018-1-10T13-49-32,1515588572458,0.8341463,-0.034146342,0.4368932,0.8341463
2018-1-10T13-49-32,1515588572459,0.86341465,-0.034146342,0.42718446,0.86341465
2018-1-10T13-49-32,1515588572460,0.82439023,-0.014634146,0.4368932,0.82439023
2018-1-10T13-49-32,1515588572461,0.82439023,-0.024390243,0.44660193,0.82439023
2018-1-10T13-49-32,1515588572462,0.8341463,-0.024390243,0.4563107,0.8341463
2018-1-10T13-49-32,1515588572463,0.8341463,-0.034146342,0.4368932,0.8341463
2018-1-10T13-49-32,1515588572464,0.85365856,-0.024390243,0.4563107,0.85365856
2018-1-10T13-49-32,1515588572465,0.8829268,-0.024390243,0.46601942,0.8829268
2018-1-10T13-49-32,1515588572466,0.85365856,-0.034146342,0.44660193,0.85365856
2018-1-10T13-49-32,1515588572467,0.87317073,0.043902438,0.4368932,0.87317073
2018-1-10T13-49-32,1515588572468,0.84390247,-0.014634146,0.42718446,0.84390247
2018-1-10T13-49-32,1515588572469,0.82439023,-0.014634146,0.42718446,0.82439023
2018-1-10T13-49-32,1515588572470,0.84390247,-0.043902438,0.44660193,0.84390247
2018-1-10T13-49-32,1515588572471,0.76585364,-0.034146342,0.4368932,0.76585364
2018-1-10T13-49-32,1515588572472,0.82439023,-0.024390243,0.4368932,0.82439023
2018-1-10T13-49-32,1515588572473,0.84390247,-0.014634146,0.4563107,0.84390247
2018-1-10T13-49-32,1515588572474,0.84390247,-0.024390243,0.4368932,0.84390247
2018-1-10T13-49-32,1515588572475,0.8341463,-0.014634146,0.44660193,0.8341463
2018-1-10T13-49-32,1515588572476,0.84390247,-0.004878049,0.4854369,0.84390247
2018-1-10T13-49-32,1515588572477,0.85365856,-0.014634146,0.44660193,0.85365856
2018-1-10T13-49-32,1515588572478,0.85365856,0.004878049,0.4563107,0.85365856
2018-1-10T13-49-32,1515588572479,0.85365856,-0.004878049,0.44660193,0.85365856
2018-1-10T13-49-32,1515588572480,0.86341465,-0.014634146,0.4368932,0.86341465
2018-1-10T13-49-32,1515588572481,0.84390247,-0.034146342,0.44660193,0.84390247
2018-1-10T13-49-32,1515588572482,0.8341463,-0.043902438,0.44660193,0.8341463
2018-1-10T13-49-32,1515588572483,0.8341463,-0.034146342,0.44660193,0.8341463
2018-1-10T13-49-32,1515588572484,0.84390247,-0.024390243,0.46601942,0.84390247
2018-1-10T13-49-32,1515588572485,0.82439023,-0.034146342,0.4854369,0.82439023
2018-1-10T13-49-32,1515588572486,0.86341465,-0.024390243,0.4368932,0.86341465
2018-1-10T13-49-32,1515588572487,0.86341465,-0.004878049,0.42718446,0.86341465
2018-1-10T13-49-32,1515588572488,0.86341465,0.004878049,0.4563107,0.86341465
2018-1-10T13-49-32,1515588572489,0.86341465,-0.024390243,0.46601942,0.86341465
2018-1-10T13-49-32,1515588572490,0.84390247,-0.024390243,0.4563107,0.84390247
2018-1-10T13-49-32,1515588572491,0.84390247,-0.024390243,0.4854369,0.84390247
2018-1-10T13-49-32,1515588572492,0.8341463,-0.034146342,0.4368932,0.8341463
2018-1-10T13-49-32,1515588572493,0.8341463,-0.034146342,0.47572815,0.8341463
2018-1-10T13-49-32,1515588572494,0.80487806,-0.034146342,0.42718446,0.80487806
2018-1-10T13-49-32,1515588572495,0.82439023,-0.043902438,0.42718446,0.82439023
2018-1-10T13-49-32,1515588572496,0.82439023,-0.034146342,0.407767,0.82439023
2018-1-10T13-49-32,1515588572497,0.86341465,-0.053658538,0.42718446,0.86341465
2018-1-10T13-49-32,1515588572498,0.82439023,-0.034146342,0.46601942,0.82439023
2018-1-10T13-49-32,1515588572499,0.85365856,-0.024390243,0.46601942,0.85365856
2018-1-10T13-49-32,1515588572500,0.87317073,-0.024390243,0.4563107,0.87317073
2018-1-10T13-49-32,1515588572501,0.86341465,0.004878049,0.4368932,0.86341465
2018-1-10T13-49-32,1515588572502,0.8829268,-0.004878049,0.4368932,0.8829268
2018-1-10T13-49-32,1515588572503,0.87317073,0.07317073,0.44660193,0.87317073
2018-1-10T13-49-32,1515588572504,0.85365856,-0.024390243,0.46601942,0.85365856
2018-1-10T13-49-32,1515588572505,0.84390247,-0.034146342,0.44660193,0.84390247
2018-1-10T13-49-32,1515588572506,0.8341463,-0.024390243,0.4368932,0.8341463
2018-1-10T13-49-32,1515588572507,0.84390247,-0.043902438,0.44660193,0.84390247
2018-1-10T13-49-32,1515588572508,0.8829268,-0.024390243,0.44660193,0.8829268
2018-1-10T13-49-32,1515588572509,0.8829268,-0.024390243,0.4368932,0.8829268
2018-1-10T13-49-32,1515588572510,0.86341465,-0.024390243,0.44660193,0.86341465
2018-1-10T13-49-32,1515588572511,0.85365856,-0.004878049,0.4563107,0.85365856
2018-1-10T13-49-32,1515588572512,0.86341465,0.024390243,0.4563107,0.86341465
2018-1-10T13-49-32,1515588572513,0.84390247,0.004878049,0.46601942,0.84390247
2018-1-10T13-49-32,1515588572514,0.84390247,-0.024390243,0.44660193,0.84390247
2018-1-10T13-49-32,1515588572515,0.85365856,-0.043902438,0.4368932,0.85365856
2018-1-10T13-49-32,1515588572516,0.84390247,-0.034146342,0.42718446,0.84390247
2018-1-10T13-49-32,1515588572517,0.8341463,-0.08292683,0.42718446,0.8341463
2018-1-10T13-49-32,1515588572518,0.8341463,-0.014634146,0.39805827,0.8341463
2018-1-10T13-49-32,1515588572519,0.8341463,-0.024390243,0.407767,0.8341463
2018-1-10T13-49-32,1515588572520,0.84390247,-0.024390243,0.44660193,0.84390247
2018-1-10T13-49-32,1515588572521,0.86341465,-0.004878049,0.4368932,0.86341465
2018-1-10T13-49-32,1515588572522,0.85365856,-0.014634146,0.4368932,0.85365856
2018-1-10T13-49-32,1515588572523,0.84390247,-0.024390243,0.44660193,0.84390247
2018-1-10T13-49-32,1515588572524,0.82439023,-0.043902438,0.44660193,0.82439023
2018-1-10T13-49-32,1515588572525,0.8341463,-0.043902438,0.44660193,0.8341463
2018-1-10T13-49-32,1515588572526,0.85365856,-0.043902438,0.44660193,0.85365856
2018-1-10T13-49-32,1515588572527,0.85365856,-0.014634146,0.42718446,0.85365856
2018-1-10T13-49-32,1515588572528,0.85365856,-0.024390243,0.42718446,0.85365856
2018-1-10T13-49-32,1515588572529,0.85365856,-0.014634146,0.44660193,0.85365856
2018-1-10T13-49-32,1515588572530,0.85365856,-0.014634146,0.42718446,0.85365856
2018-1-10T13-49-32,1515588572531,0.85365856,-0.024390243,0.42718446,0.85365856
2018-1-10T13-49-32,1515588572532,0.84390247,-0.024390243,0.44660193,0.84390247
2018-1-10T13-49-32,1515588572533,0.84390247,-0.014634146,0.44660193,0.84390247
2018-1-10T13-49-32,1515588572534,0.84390247,-0.034146342,0.4854369,0.84390247
2018-1-10T13-49-32,1515588572535,0.7853659,-0.024390243,0.4368932,0.7853659
2018-1-10T13-49-32,1515588572536,0.86341465,-0.014634146,0.4563107,0.86341465
2018-1-10T13-49-32,1515588572537,0.84390247,-0.12195122,0.4368932,0.84390247
2018-1-10T13-49-32,1515588572538,0.84390247,-0.024390243,0.44660193,0.84390247
2018-1-10T13-49-32,1515588572539,0.84390247,-0.034146342,0.44660193,0.84390247
2018-1-10T13-49-32,1515588572540,0.84390247,-0.024390243,0.44660193,0.84390247
2018-1-10T13-49-32,1515588572541,0.8341463,0.024390243,0.42718446,0.8341463
2018-1-10T13-49-32,1515588572542,0.8341463,-0.034146342,0.44660193,0.8341463
2018-1-10T13-49-32,1515588572543,0.85365856,-0.024390243,0.44660193,0.85365856
2018-1-10T13-49-32,1515588572544,0.86341465,-0.014634146,0.4368932,0.86341465
2018-1-10T13-49-32,1515588572545,0.84390247,-0.024390243,0.44660193,0.84390247
2018-1-10T13-49-32,1515588572546,0.84390247,-0.024390243,0.44660193,0.84390247
2018-1-10T13-49-32,1515588572547,0.84390247,-0.014634146,0.44660193,0.84390247
2018-1-10T13-49-32,1515588572548,0.8341463,-0.034146342,0.46601942,0.8341463
2018-1-10T13-49-32,1515588572549,0.84390247,-0.034146342,0.37864077,0.84390247
2018-1-10T13-49-32,1515588572550,0.84390247,-0.034146342,0.42718446,0.84390247
2018-1-10T13-49-32,1515588572551,0.8341463,-0.043902438,0.44660193,0.8341463
2018-1-10T13-49-32,1515588572552,0.85365856,-0.10243902,0.4563107,0.85365856
2018-1-10T13-49-32,1515588572553,0.84390247,-0.014634146,0.407767,0.84390247
2018-1-10T13-49-32,1515588572554,0.85365856,0.014634146,0.4368932,0.85365856
2018-1-10T13-49-32,1515588572555,0.86341465,0.014634146,0.42718446,0.86341465
2018-1-10T13-49-32,1515588572556,0.86341465,-0.024390243,0.44660193,0.86341465
2018-1-10T13-49-32,1515588572557,0.85365856,-0.004878049,0.46601942,0.85365856
2018-1-10T13-49-32,1515588572558,0.85365856,-0.014634146,0.44660193,0.85365856
2018-1-10T13-49-32,1515588572559,0.84390247,-0.004878049,0.44660193,0.84390247
2018-1-10T13-49-32,1515588572560,0.82439023,-0.034146342,0.41747573,0.82439023
2018-1-10T13-49-32,1515588572561,0.80487806,0.004878049,0.4368932,0.80487806
2018-1-10T13-49-32,1515588572562,0.8341463,-0.13170731,0.44660193,0.8341463
2018-1-10T13-49-32,1515588572563,0.84390247,-0.014634146,0.44660193,0.84390247
2018-1-10T13-49-32,1515588572564,0.84390247,-0.024390243,0.44660193,0.84390247
2018-1-10T13-49-32,1515588572565,0.84390247,-0.034146342,0.37864077,0.84390247
2018-1-10T13-49-32,1515588572566,0.86341465,-0.014634146,0.47572815,0.86341465
2018-1-10T13-49-32,1515588572567,0.84390247,-0.024390243,0.4563107,0.84390247
2018-1-10T13-49-32,1515588572568,0.84390247,-0.014634146,0.46601942,0.84390247
2018-1-10T13-49-32,1515588572569,0.85365856,-0.024390243,0.44660193,0.85365856
2018-1-10T13-49-32,1515588572570,0.86341465,-0.004878049,0.44660193,0.86341465
2018-1-10T13-49-32,1515588572571,0.84390247,-0.004878049,0.42718446,0.84390247
2018-1-10T13-49-32,1515588572572,0.84390247,-0.014634146,0.4368932,0.84390247
2018-1-10T13-49-32,1515588572573,0.84390247,-0.014634146,0.4368932,0.84390247
2018-1-10T13-49-32,1515588572574,0.8341463,-0.024390243,0.44660193,0.8341463
2018-1-10T13-49-32,1515588572575,0.8341463,-0.014634146,0.4368932,0.8341463
2018-1-10T13-49-32,1515588572576,0.8341463,-0.043902438,0.42718446,0.8341463
2018-1-10T13-49-32,1515588572577,0.8341463,-0.034146342,0.44660193,0.8341463
2018-1-10T13-49-32,1515588572578,0.8341463,-0.024390243,0.4563107,0.8341463
2018-1-10T13-49-32,1515588572579,0.85365856,-0.024390243,0.4563107,0.85365856
2018-1-10T13-49-32,1515588572580,0.86341465,-0.004878049,0.44660193,0.86341465
2018-1-10T13-49-32,1515588572581,0.86341465,0.004878049,0.4563107,0.86341465
2018-1-10T13-49-32,1515588572582,0.84390247,0.08292683,0.4563107,0.84390247
2018-1-10T13-49-32,1515588572583,0.8829268,-0.07317073,0.44660193,0.8829268
2018-1-10T13-49-32,1515588572584,0.84390247,-0.004878049,0.42718446,0.84390247
2018-1-10T13-49-32,1515588572585,0.8341463,-0.034146342,0.41747573,0.8341463
2018-1-10T13-49-32,1515588572586,0.75609756,-0.034146342,0.44660193,0.75609756
2018-1-10T13-49-32,1515588572587,0.79512197,-0.053658538,0.4563107,0.79512197
2018-1-10T13-49-32,1515588572588,0.82439023,-0.034146342,0.4563107,0.82439023
2018-1-10T13-49-32,1515588572589,0.85365856,-0.043902438,0.4563107,0.85365856
2018-1-10T13-49-32,1515588572590,0.82439023,0.004878049,0.44660193,0.82439023
2018-1-10T13-49-32,1515588572591,0.86341465,-0.004878049,0.4368932,0.86341465
2018-1-10T13-49-32,1515588572592,0.86341465,0.004878049,0.4368932,0.86341465
2018-1-10T13-49-32,1515588572593,0.82439023,0.004878049,0.44660193,0.82439023
2018-1-10T13-49-32,1515588572594,0.85365856,-0.014634146,0.44660193,0.85365856
2018-1-10T13-49-32,1515588572595,0.8341463,-0.014634146,0.4563107,0.8341463
2018-1-10T13-49-32,1515588572596,0.84390247,-0.024390243,0.44660193,0.84390247
2018-1-10T13-49-32,1515588572597,0.8341463,-0.024390243,0.4368932,0.8341463
2018-1-10T13-49-32,1515588572598,0.84390247,-0.024390243,0.42718446,0.84390247
2018-1-10T13-49-32,1515588572599,0.8341463,-0.024390243,0.42718446,0.8341463
2018-1-10T13-49-32,1515588572600,0.81463414,-0.034146342,0.4368932,0.81463414
2018-1-10T13-49-32,1515588572601,0.8341463,-0.034146342,0.44660193,0.8341463
2018-1-10T13-49-32,1515588572602,0.8341463,-0.024390243,0.44660193,0.8341463
2018-1-10T13-49-32,1515588572603,0.86341465,-0.014634146,0.4563107,0.86341465
2018-1-10T13-49-32,1515588572604,0.86341465,-0.014634146,0.4563107,0.86341465
2018-1-10T13-49-32,1515588572605,0.8926829,0.004878049,0.46601942,0.8926829
2018-1-10T13-49-32,1515588572606,0.8341463,0.004878049,0.4563107,0.8341463
2018-1-10T13-49-32,1515588572607,0.87317073,-0.014634146,0.4368932,0.87317073
2018-1-10T13-49-32,1515588572608,0.8341463,-0.024390243,0.42718446,0.8341463
2018-1-10T13-49-32,1515588572609,0.91219515,-0.034146342,0.44660193,0.91219515
2018-1-10T13-49-32,1515588572610,0.82439023,-0.053658538,0.46601942,0.82439023
2018-1-10T13-49-32,1515588572611,0.84390247,-0.004878049,0.3883495,0.84390247
2018-1-10T13-49-32,1515588572612,0.81463414,-0.043902438,0.4368932,0.81463414
2018-1-10T13-49-32,1515588572613,0.82439023,-0.024390243,0.44660193,0.82439023
2018-1-10T13-49-32,1515588572614,0.82439023,-0.014634146,0.4368932,0.82439023
2018-1-10T13-49-32,1515588572615,0.84390247,-0.004878049,0.4563107,0.84390247
2018-1-10T13-49-32,1515588572616,0.85365856,0.014634146,0.4563107,0.85365856
2018-1-10T13-49-32,1515588572617,0.85365856,-0.014634146,0.4563107,0.85365856
2018-1-10T13-49-32,1515588572618,0.87317073,-0.024390243,0.4563107,0.87317073
2018-1-10T13-49-32,1515588572619,0.84390247,-0.014634146,0.4563107,0.84390247
2018-1-10T13-49-32,1515588572620,0.86341465,-0.034146342,0.44660193,0.86341465
2018-1-10T13-49-32,1515588572621,0.85365856,-0.043902438,0.4368932,0.85365856
2018-1-10T13-49-32,1515588572622,0.82439023,-0.034146342,0.44660193,0.82439023
2018-1-10T13-49-32,1515588572623,0.84390247,-0.024390243,0.4563107,0.84390247
2018-1-10T13-49-32,1515588572624,0.85365856,-0.014634146,0.44660193,0.85365856
2018-1-10T13-49-32,1515588572625,0.84390247,-0.014634146,0.42718446,0.84390247
2018-1-10T13-49-32,1515588572626,0.85365856,-0.034146342,0.44660193,0.85365856
2018-1-10T13-49-32,1515588572627,0.85365856,-0.034146342,0.44660193,0.85365856
2018-1-10T13-49-32,1515588572628,0.84390247,-0.043902438,0.46601942,0.84390247
2018-1-10T13-49-32,1515588572629,0.82439023,-0.043902438,0.4563107,0.82439023
2018-1-10T13-49-32,1515588572630,0.8341463,-0.024390243,0.4563107,0.8341463
2018-1-10T13-49-32,1515588572631,0.85365856,-0.014634146,0.407767,0.85365856
2018-1-10T13-49-32,1515588572632,0.84390247,-0.024390243,0.4563107,0.84390247
2018-1-10T13-49-32,1515588572633,0.85365856,-0.034146342,0.41747573,0.85365856
2018-1-10T13-49-32,1515588572634,0.80487806,-0.024390243,0.42718446,0.80487806
2018-1-10T13-49-32,1515588572635,0.84390247,-0.034146342,0.4563107,0.84390247
2018-1-10T13-49-32,1515588572636,0.82439023,-0.034146342,0.4563107,0.82439023
2018-1-10T13-49-32,1515588572637,0.84390247,-0.043902438,0.44660193,0.84390247
2018-1-10T13-49-32,1515588572638,0.85365856,-0.034146342,0.4563107,0.85365856
2018-1-10T13-49-32,1515588572639,0.91219515,-0.004878049,0.44660193,0.91219515
2018-1-10T13-49-32,1515588572640,0.84390247,-0.034146342,0.42718446,0.84390247
2018-1-10T13-49-32,1515588572641,0.8341463,-0.014634146,0.4563107,0.8341463
2018-1-10T13-49-32,1515588572642,0.85365856,-0.004878049,0.44660193,0.85365856
2018-1-10T13-49-32,1515588572643,0.8341463,-0.004878049,0.44660193,0.8341463
2018-1-10T13-49-32,1515588572644,0.86341465,-0.014634146,0.4563107,0.86341465
2018-1-10T13-49-32,1515588572645,0.84390247,-0.014634146,0.4368932,0.84390247
2018-1-10T13-49-32,1515588572646,0.902439,-0.014634146,0.44660193,0.902439
2018-1-10T13-49-32,1515588572647,0.85365856,-0.034146342,0.4563107,0.85365856
2018-1-10T13-49-32,1515588572648,0.84390247,-0.014634146,0.42718446,0.84390247
2018-1-10T13-49-32,1515588572649,0.85365856,-0.014634146,0.4563107,0.85365856
2018-1-10T13-49-32,1515588572650,0.85365856,-0.014634146,0.44660193,0.85365856
2018-1-10T13-49-32,1515588572651,0.8341463,-0.024390243,0.4563107,0.8341463
2018-1-10T13-49-32,1515588572652,0.86341465,-0.034146342,0.4368932,0.86341465
2018-1-10T13-49-32,1515588572653,0.8341463,0.024390243,0.4368932,0.8341463
2018-1-10T13-49-32,1515588572654,0.80487806,-0.034146342,0.4368932,0.80487806
2018-1-10T13-49-32,1515588572655,0.84390247,-0.034146342,0.4563107,0.84390247
2018-1-10T13-49-32,1515588572656,0.84390247,-0.034146342,0.5436893,0.84390247
2018-1-10T13-49-32,1515588572657,0.85365856,-0.034146342,0.44660193,0.85365856
2018-1-10T13-49-32,1515588572658,0.8341463,-0.014634146,0.4563107,0.8341463
2018-1-10T13-49-32,1515588572659,0.86341465,0.014634146,0.4563107,0.86341465
2018-1-10T13-49-32,1515588572660,0.86341465,0.014634146,0.4368932,0.86341465
2018-1-10T13-49-32,1515588572661,0.86341465,-0.004878049,0.4368932,0.86341465
2018-1-10T13-49-32,1515588572662,0.8341463,-0.014634146,0.4368932,0.8341463
2018-1-10T13-49-32,1515588572663,0.8341463,-0.024390243,0.4368932,0.8341463
2018-1-10T13-49-32,1515588572664,0.8341463,-0.034146342,0.4368932,0.8341463
2018-1-10T13-49-32,1515588572665,0.82439023,-0.024390243,0.44660193,0.82439023
2018-1-10T13-49-32,1515588572666,0.86341465,-0.034146342,0.44660193,0.86341465
2018-1-10T13-49-32,1515588572667,0.85365856,-0.024390243,0.4368932,0.85365856
2018-1-10T13-49-32,1515588572668,0.84390247,-0.024390243,0.407767,0.84390247
2018-1-10T13-49-32,1515588572669,0.8341463,-0.024390243,0.4368932,0.8341463
2018-1-10T13-49-32,1515588572670,0.8341463,-0.024390243,0.44660193,0.8341463
2018-1-10T13-49-32,1515588572671,0.8341463,-0.034146342,0.46601942,0.8341463
2018-1-10T13-49-32,1515588572672,0.84390247,-0.034146342,0.44660193,0.84390247
2018-1-10T13-49-32,1515588572673,0.85365856,-0.09268293,0.4563107,0.85365856
2018-1-10T13-49-32,1515588572674,0.91219515,-0.014634146,0.44660193,0.91219515
2018-1-10T13-49-32,1515588572675,0.86341465,-0.004878049,0.4368932,0.86341465
2018-1-10T13-49-32,1515588572676,0.87317073,-0.004878049,0.4368932,0.87317073
2018-1-10T13-49-32,1515588572677,0.85365856,-0.014634146,0.4563107,0.85365856
2018-1-10T13-49-32,1515588572678,0.80487806,-0.034146342,0.4368932,0.80487806
2018-1-10T13-49-32,1515588572679,0.82439023,-0.043902438,0.4563107,0.82439023
2018-1-10T13-49-32,1515588572680,0.8341463,-0.053658538,0.4563107,0.8341463
2018-1-10T13-49-32,1515588572681,0.82439023,-0.043902438,0.44660193,0.82439023
2018-1-10T13-49-32,1515588572682,0.85365856,-0.034146342,0.4368932,0.85365856
2018-1-10T13-49-32,1515588572683,0.8829268,0.06341463,0.4368932,0.8829268
2018-1-10T13-49-32,1515588572684,0.86341465,0.024390243,0.44660193,0.86341465
2018-1-10T13-49-32,1515588572685,0.85365856,0.014634146,0.4563107,0.85365856
2018-1-10T13-49-32,1515588572686,0.81463414,0.004878049,0.4368932,0.81463414
2018-1-10T13-49-32,1515588572687,0.85365856,-0.014634146,0.44660193,0.85365856
2018-1-10T13-49-32,1515588572688,0.8341463,-0.06341463,0.39805827,0.8341463
2018-1-10T13-49-32,1515588572689,0.82439023,0.034146342,0.42718446,0.82439023
2018-1-10T13-49-32,1515588572690,0.82439023,-0.034146342,0.3883495,0.82439023
2018-1-10T13-49-32,1515588572691,0.81463414,0.004878049,0.4368932,0.81463414
2018-1-10T13-49-32,1515588572692,0.82439023,-0.024390243,0.44660193,0.82439023
2018-1-10T13-49-32,1515588572693,0.85365856,-0.024390243,0.44660193,0.85365856
2018-1-10T13-49-32,1515588572694,0.8341463,-0.024390243,0.407767,0.8341463
2018-1-10T13-49-32,1515588572695,0.85365856,0.014634146,0.44660193,0.85365856
2018-1-10T13-49-32,1515588572696,0.85365856,0.004878049,0.47572815,0.85365856
2018-1-10T13-49-32,1515588572697,0.87317073,-0.014634146,0.4563107,0.87317073
2018-1-10T13-49-32,1515588572698,0.85365856,-0.034146342,0.4563107,0.85365856
2018-1-10T13-49-32,1515588572699,0.86341465,-0.024390243,0.4563107,0.86341465
2018-1-10T13-49-32,1515588572700,0.85365856,-0.014634146,0.4368932,0.85365856
2018-1-10T13-49-32,1515588572701,0.81463414,-0.024390243,0.4368932,0.81463414
2018-1-10T13-49-32,1515588572702,0.82439023,-0.034146342,0.42718446,0.82439023
2018-1-10T13-49-32,1515588572703,0.81463414,-0.053658538,0.4368932,0.81463414
2018-1-10T13-49-32,1515588572704,0.84390247,-0.034146342,0.4368932,0.84390247
2018-1-10T13-49-32,1515588572705,0.8341463,-0.034146342,0.42718446,0.8341463
2018-1-10T13-49-32,1515588572706,0.8341463,-0.034146342,0.4368932,0.8341463
2018-1-10T13-49-32,1515588572707,0.85365856,-0.034146342,0.46601942,0.85365856
2018-1-10T13-49-32,1515588572708,0.85365856,-0.004878049,0.4563107,0.85365856
2018-1-10T13-49-32,1515588572709,0.8926829,-0.004878049,0.44660193,0.8926829
2018-1-10T13-49-32,1515588572710,0.85365856,0.034146342,0.44660193,0.85365856
2018-1-10T13-49-32,1515588572711,0.84390247,-0.034146342,0.46601942,0.84390247
2018-1-10T13-49-32,1515588572712,0.86341465,-0.043902438,0.44660193,0.86341465
2018-1-10T13-49-32,1515588572713,0.75609756,-0.014634146,0.44660193,0.75609756
2018-1-10T13-49-32,1515588572714,0.8341463,-0.034146342,0.4368932,0.8341463
2018-1-10T13-49-32,1515588572715,0.8341463,-0.034146342,0.44660193,0.8341463
2018-1-10T13-49-32,1515588572716,0.84390247,-0.043902438,0.44660193,0.84390247
2018-1-10T13-49-32,1515588572717,0.84390247,-0.034146342,0.4368932,0.84390247
2018-1-10T13-49-32,1515588572718,0.81463414,-0.034146342,0.42718446,0.81463414
2018-1-10T13-49-32,1515588572719,0.84390247,0.053658538,0.46601942,0.84390247
2018-1-10T13-49-32,1515588572720,0.85365856,-0.014634146,0.47572815,0.85365856
2018-1-10T13-49-32,1515588572721,0.86341465,-0.014634146,0.4563107,0.86341465
2018-1-10T13-49-32,1515588572722,0.85365856,0.004878049,0.42718446,0.85365856
2018-1-10T13-49-32,1515588572723,0.85365856,0.004878049,0.4368932,0.85365856
2018-1-10T13-49-32,1515588572724,0.85365856,-0.024390243,0.44660193,0.85365856
2018-1-10T13-49-32,1515588572725,0.8341463,-0.034146342,0.4368932,0.8341463
2018-1-10T13-49-32,1515588572726,0.8341463,-0.024390243,0.42718446,0.8341463
2018-1-10T13-49-32,1515588572727,0.84390247,-0.014634146,0.39805827,0.84390247
2018-1-10T13-49-32,1515588572728,0.77560973,-0.024390243,0.4563107,0.77560973
2018-1-10T13-49-32,1515588572729,0.8341463,-0.024390243,0.4368932,0.8341463
2018-1-10T13-49-32,1515588572730,0.85365856,-0.014634146,0.41747573,0.85365856
2018-1-10T13-49-32,1515588572731,0.92195123,-0.004878049,0.4368932,0.92195123
2018-1-10T13-49-32,1515588572732,0.8341463,-0.024390243,0.44660193,0.8341463
2018-1-10T13-49-32,1515588572733,0.85365856,-0.034146342,0.4368932,0.85365856
2018-1-10T13-49-32,1515588572734,0.84390247,-0.043902438,0.44660193,0.84390247
2018-1-10T13-49-32,1515588572735,0.85365856,-0.08292683,0.44660193,0.85365856
2018-1-10T13-49-32,1515588572736,0.85365856,-0.034146342,0.42718446,0.85365856
2018-1-10T13-49-32,1515588572737,0.86341465,-0.014634146,0.42718446,0.86341465
2018-1-10T13-49-32,1515588572738,0.8341463,-0.004878049,0.42718446,0.8341463
2018-1-10T13-49-32,1515588572739,0.8341463,-0.014634146,0.44660193,0.8341463
2018-1-10T13-49-32,1515588572740,0.84390247,0.004878049,0.44660193,0.84390247
2018-1-10T13-49-32,1515588572741,0.8341463,-0.024390243,0.44660193,0.8341463
2018-1-10T13-49-32,1515588572742,0.8341463,-0.024390243,0.44660193,0.8341463
2018-1-10T13-49-32,1515588572743,0.85365856,-0.024390243,0.4368932,0.85365856
2018-1-10T13-49-32,1515588572744,0.86341465,-0.004878049,0.44660193,0.86341465
2018-1-10T13-49-32,1515588572745,0.82439023,-0.014634146,0.42718446,0.82439023
2018-1-10T13-49-32,1515588572746,0.8926829,-0.014634146,0.4368932,0.8926829
2018-1-10T13-49-32,1515588572747,0.82439023,-0.024390243,0.44660193,0.82439023
2018-1-10T13-49-32,1515588572748,0.8341463,-0.014634146,0.4368932,0.8341463
2018-1-10T13-49-32,1515588572749,0.8926829,-0.024390243,0.4368932,0.8926829
2018-1-10T13-49-32,1515588572750,0.84390247,-0.024390243,0.44660193,0.84390247
2018-1-10T13-49-32,1515588572751,0.85365856,-0.014634146,0.4368932,0.85365856
2018-1-10T13-49-32,1515588572752,0.85365856,-0.004878049,0.44660193,0.85365856
2018-1-10T13-49-32,1515588572753,0.85365856,-0.014634146,0.4563107,0.85365856
2018-1-10T13-49-32,1515588572754,0.84390247,-0.014634146,0.46601942,0.84390247
2018-1-10T13-49-32,1515588572755,0.87317073,-0.024390243,0.46601942,0.87317073
2018-1-10T13-49-32,1515588572756,0.85365856,-0.043902438,0.4563107,0.85365856
2018-1-10T13-49-32,1515588572757,0.8341463,-0.09268293,0.42718446,0.8341463
2018-1-10T13-49-32,1515588572758,0.8341463,-0.034146342,0.39805827,0.8341463
2018-1-10T13-49-32,1515588572759,0.82439023,-0.053658538,0.46601942,0.82439023
2018-1-10T13-49-32,1515588572760,0.8341463,0.014634146,0.41747573,0.8341463
2018-1-10T13-49-32,1515588572761,0.8341463,-0.034146342,0.44660193,0.8341463
2018-1-10T13-49-32,1515588572762,0.86341465,-0.024390243,0.44660193,0.86341465
2018-1-10T13-49-32,1515588572763,0.86341465,0.043902438,0.42718446,0.86341465
2018-1-10T13-49-32,1515588572764,0.80487806,-0.014634146,0.46601942,0.80487806
2018-1-10T13-49-32,1515588572765,0.87317073,-0.004878049,0.46601942,0.87317073
2018-1-10T13-49-32,1515588572766,0.87317073,-0.014634146,0.44660193,0.87317073
2018-1-10T13-49-32,1515588572767,0.8341463,0.014634146,0.44660193,0.8341463
2018-1-10T13-49-32,1515588572768,0.84390247,-0.034146342,0.46601942,0.84390247
2018-1-10T13-49-32,1515588572769,0.8341463,-0.024390243,0.4368932,0.8341463
2018-1-10T13-49-32,1515588572770,0.8341463,-0.024390243,0.407767,0.8341463
2018-1-10T13-49-32,1515588572771,0.85365856,-0.034146342,0.4368932,0.85365856
2018-1-10T13-49-32,1515588572772,0.7853659,-0.024390243,0.44660193,0.7853659
2018-1-10T13-49-32,1515588572773,0.8341463,-0.024390243,0.36893204,0.8341463
2018-1-10T13-49-32,1515588572774,0.85365856,-0.014634146,0.42718446,0.85365856
2018-1-10T13-49-32,1515588572775,0.82439023,-0.014634146,0.44660193,0.82439023
2018-1-10T13-49-32,1515588572776,0.85365856,-0.07317073,0.4563107,0.85365856
2018-1-10T13-49-32,1515588572777,0.85365856,-0.014634146,0.4563107,0.85365856
2018-1-10T13-49-32,1515588572778,0.86341465,-0.004878049,0.46601942,0.86341465
2018-1-10T13-49-32,1515588572779,0.85365856,-0.004878049,0.44660193,0.85365856
2018-1-10T13-49-32,1515588572780,0.86341465,0.014634146,0.4368932,0.86341465
2018-1-10T13-49-32,1515588572781,0.85365856,0.014634146,0.4368932,0.85365856
2018-1-10T13-49-32,1515588572782,0.8341463,-0.034146342,0.4563107,0.8341463
2018-1-10T13-49-32,1515588572783,0.86341465,-0.034146342,0.44660193,0.86341465
2018-1-10T13-49-32,1515588572784,0.8829268,-0.053658538,0.4368932,0.8829268
2018-1-10T13-49-32,1515588572785,0.82439023,-0.043902438,0.42718446,0.82439023
2018-1-10T13-49-32,1515588572786,0.82439023,-0.034146342,0.4368932,0.82439023
2018-1-10T13-49-32,1515588572787,0.82439023,-0.053658538,0.44660193,0.82439023
2018-1-10T13-49-32,1515588572788,0.8341463,-0.024390243,0.44660193,0.8341463
2018-1-10T13-49-32,1515588572789,0.86341465,0.004878049,0.46601942,0.86341465
2018-1-10T13-49-32,1515588572790,0.86341465,0.014634146,0.44660193,0.86341465
2018-1-10T13-49-32,1515588572791,0.85365856,-0.014634146,0.41747573,0.85365856
2018-1-10T13-49-32,1515588572792,0.86341465,0.004878049,0.42718446,0.86341465
2018-1-10T13-49-32,1515588572793,0.85365856,-0.014634146,0.407767,0.85365856
2018-1-10T13-49-32,1515588572794,0.82439023,-0.024390243,0.41747573,0.82439023
2018-1-10T13-49-32,1515588572795,0.82439023,-0.043902438,0.41747573,0.82439023
2018-1-10T13-49-32,1515588572796,0.80487806,-0.024390243,0.42718446,0.80487806
2018-1-10T13-49-32,1515588572797,0.8341463,-0.024390243,0.4368932,0.8341463
2018-1-10T13-49-32,1515588572798,0.86341465,-0.014634146,0.41747573,0.86341465
2018-1-10T13-49-32,1515588572799,0.8829268,0.004878049,0.4368932,0.8829268
2018-1-10T13-49-32,1515588572800,0.86341465,0.004878049,0.42718446,0.86341465
2018-1-10T13-49-32,1515588572801,0.85365856,0.024390243,0.4563107,0.85365856
2018-1-10T13-49-32,1515588572802,0.84390247,-0.014634146,0.44660193,0.84390247
2018-1-10T13-49-32,1515588572803,0.85365856,-0.014634146,0.44660193,0.85365856
2018-1-10T13-49-32,1515588572804,0.84390247,-0.024390243,0.47572815,0.84390247
2018-1-10T13-49-32,1515588572805,0.8341463,-0.043902438,0.5339806,0.8341463
2018-1-10T13-49-32,1515588572806,0.84390247,-0.06341463,0.44660193,0.84390247
2018-1-10T13-49-32,1515588572807,0.8829268,-0.053658538,0.42718446,0.8829268
2018-1-10T13-49-32,1515588572808,0.82439023,-0.06341463,0.41747573,0.82439023
2018-1-10T13-49-32,1515588572809,0.82439023,-0.043902438,0.44660193,0.82439023
2018-1-10T13-49-32,1515588572810,0.85365856,-0.12195122,0.46601942,0.85365856
2018-1-10T13-49-32,1515588572811,0.82439023,-0.034146342,0.4563107,0.82439023
2018-1-10T13-49-32,1515588572812,0.87317073,-0.004878049,0.4563107,0.87317073
2018-1-10T13-49-32,1515588572813,0.87317073,-0.004878049,0.44660193,0.87317073
2018-1-10T13-49-32,1515588572814,0.87317073,0.014634146,0.39805827,0.87317073
2018-1-10T13-49-32,1515588572815,0.8829268,0.014634146,0.4563107,0.8829268
2018-1-10T13-49-32,1515588572816,0.86341465,-0.004878049,0.4368932,0.86341465
2018-1-10T13-49-32,1515588572817,0.8341463,-0.034146342,0.42718446,0.8341463
2018-1-10T13-49-32,1515588572818,0.82439023,-0.034146342,0.41747573,0.82439023
2018-1-10T13-49-32,1515588572819,0.8341463,-0.043902438,0.4368932,0.8341463
2018-1-10T13-49-32,1515588572820,0.81463414,0.043902438,0.42718446,0.81463414
2018-1-10T13-49-32,1515588572821,0.82439023,-0.014634146,0.42718446,0.82439023
2018-1-10T13-49-32,1515588572822,0.84390247,-0.004878049,0.42718446,0.84390247
2018-1-10T13-49-32,1515588572823,0.86341465,-0.004878049,0.4368932,0.86341465
2018-1-10T13-49-32,1515588572824,0.84390247,0.004878049,0.4368932,0.84390247
2018-1-10T13-49-32,1515588572825,0.9317073,0.004878049,0.4563107,0.9317073
2018-1-10T13-49-32,1515588572826,0.86341465,-0.004878049,0.46601942,0.86341465
2018-1-10T13-49-32,1515588572827,0.84390247,-0.08292683,0.44660193,0.84390247
2018-1-10T13-49-32,1515588572828,0.79512197,-0.014634146,0.4368932,0.79512197
2018-1-10T13-49-32,1515588572829,0.8341463,-0.024390243,0.4368932,0.8341463
2018-1-10T13-49-32,1515588572830,0.84390247,-0.034146342,0.4563107,0.84390247
2018-1-10T13-49-32,1515588572831,0.84390247,-0.034146342,0.44660193,0.84390247
2018-1-10T13-49-32,1515588572832,0.8341463,-0.024390243,0.4368932,0.8341463
2018-1-10T13-49-32,1515588572833,0.80487806,-0.034146342,0.42718446,0.80487806
2018-1-10T13-49-32,1515588572834,0.84390247,-0.024390243,0.44660193,0.84390247
2018-1-10T13-49-32,1515588572835,0.84390247,-0.024390243,0.44660193,0.84390247
2018-1-10T13-49-32,1515588572836,0.87317073,-0.014634146,0.4368932,0.87317073
2018-1-10T13-49-32,1515588572837,0.86341465,-0.014634146,0.4563107,0.86341465
2018-1-10T13-49-32,1515588572838,0.8341463,-0.034146342,0.46601942,0.8341463
2018-1-10T13-49-32,1515588572839,0.84390247,-0.034146342,0.4563107,0.84390247
2018-1-10T13-49-32,1515588572840,0.84390247,-0.014634146,0.4368932,0.84390247
2018-1-10T13-49-32,1515588572841,0.84390247,-0.024390243,0.4368932,0.84390247
2018-1-10T13-49-32,1515588572842,0.82439023,-0.034146342,0.42718446,0.82439023
2018-1-10T13-49-32,1515588572843,0.82439023,-0.024390243,0.42718446,0.82439023
2018-1-10T13-49-32,1515588572844,0.84390247,-0.034146342,0.44660193,0.84390247
2018-1-10T13-49-32,1515588572845,0.84390247,-0.014634146,0.4563107,0.84390247
2018-1-10T13-49-32,1515588572846,0.84390247,-0.024390243,0.44660193,0.84390247
2018-1-10T13-49-32,1515588572847,0.8341463,-0.014634146,0.4563107,0.8341463
2018-1-10T13-49-32,1515588572848,0.85365856,-0.014634146,0.4368932,0.85365856
2018-1-10T13-49-32,1515588572849,0.902439,-0.034146342,0.4563107,0.902439
2018-1-10T13-49-32,1515588572850,0.9414634,-0.053658538,0.44660193,0.9414634
2018-1-10T13-49-32,1515588572851,0.84390247,-0.014634146,0.3883495,0.84390247
2018-1-10T13-49-32,1515588572852,0.8341463,0.004878049,0.4368932,0.8341463
2018-1-10T13-49-32,1515588572853,0.84390247,-0.014634146,0.46601942,0.84390247
2018-1-10T13-49-32,1515588572854,0.86341465,-0.034146342,0.4854369,0.86341465
2018-1-10T13-49-32,1515588572855,0.84390247,-0.014634146,0.42718446,0.84390247
2018-1-10T13-49-32,1515588572856,0.85365856,-0.014634146,0.42718446,0.85365856
2018-1-10T13-49-32,1515588572857,0.84390247,-0.004878049,0.4563107,0.84390247
2018-1-10T13-49-32,1515588572858,0.84390247,-0.014634146,0.4563107,0.84390247
2018-1-10T13-49-32,1515588572859,0.85365856,-0.08292683,0.4368932,0.85365856
2018-1-10T13-49-32,1515588572860,0.85365856,-0.034146342,0.4368932,0.85365856
2018-1-10T13-49-32,1515588572861,0.84390247,-0.024390243,0.4368932,0.84390247
2018-1-10T13-49-32,1515588572862,0.82439023,-0.014634146,0.3883495,0.82439023
2018-1-10T13-49-32,1515588572863,0.9414634,-0.024390243,0.44660193,0.9414634
2018-1-10T13-49-32,1515588572864,0.8341463,-0.043902438,0.44660193,0.8341463
2018-1-10T13-49-32,1515588572865,0.84390247,-0.043902438,0.44660193,0.84390247
2018-1-10T13-49-32,1515588572866,0.8341463,-0.004878049,0.4563107,0.8341463
2018-1-10T13-49-32,1515588572867,0.85365856,-0.014634146,0.44660193,0.85365856
2018-1-10T13-49-32,1515588572868,0.86341465,-0.014634146,0.44660193,0.86341465
2018-1-10T13-49-32,1515588572869,0.85365856,-0.034146342,0.4368932,0.85365856
2018-1-10T13-49-32,1515588572870,0.86341465,-0.014634146,0.44660193,0.86341465
2018-1-10T13-49-32,1515588572871,0.82439023,-0.034146342,0.46601942,0.82439023
2018-1-10T13-49-32,1515588572872,0.8341463,-0.043902438,0.44660193,0.8341463
2018-1-10T13-49-32,1515588572873,0.84390247,-0.034146342,0.44660193,0.84390247
2018-1-10T13-49-32,1515588572874,0.81463414,-0.014634146,0.44660193,0.81463414
2018-1-10T13-49-32,1515588572875,0.85365856,-0.034146342,0.44660193,0.85365856
2018-1-10T13-49-32,1515588572876,0.84390247,-0.024390243,0.4368932,0.84390247
2018-1-10T13-49-32,1515588572877,0.8341463,-0.034146342,0.44660193,0.8341463
2018-1-10T13-49-32,1515588572878,0.8341463,-0.014634146,0.44660193,0.8341463
2018-1-10T13-49-32,1515588572879,0.84390247,-0.024390243,0.42718446,0.84390247
2018-1-10T13-49-32,1515588572880,0.85365856,-0.004878049,0.4368932,0.85365856
2018-1-10T13-49-32,1515588572881,0.902439,0.014634146,0.44660193,0.902439
2018-1-10T13-49-32,1515588572882,0.86341465,-0.004878049,0.44660193,0.86341465
2018-1-10T13-49-32,1515588572883,0.91219515,0.004878049,0.44660193,0.91219515
2018-1-10T13-49-32,1515588572884,0.85365856,-0.004878049,0.41747573,0.85365856
2018-1-10T13-49-32,1515588572885,0.8341463,-0.024390243,0.42718446,0.8341463
2018-1-10T13-49-32,1515588572886,0.81463414,-0.014634146,0.42718446,0.81463414
2018-1-10T13-49-32,1515588572887,0.80487806,-0.034146342,0.44660193,0.80487806
2018-1-10T13-49-32,1515588572888,0.81463414,-0.034146342,0.4563107,0.81463414
2018-1-10T13-49-32,1515588572889,0.82439023,-0.024390243,0.42718446,0.82439023
2018-1-10T13-49-32,1515588572890,0.8341463,-0.034146342,0.41747573,0.8341463
2018-1-10T13-49-32,1515588572891,0.85365856,-0.024390243,0.4368932,0.85365856
2018-1-10T13-49-32,1515588572892,0.86341465,-0.004878049,0.47572815,0.86341465
2018-1-10T13-49-32,1515588572893,0.87317073,-0.014634146,0.4563107,0.87317073
2018-1-10T13-49-32,1515588572894,0.86341465,0.004878049,0.47572815,0.86341465
2018-1-10T13-49-32,1515588572895,0.8926829,-0.024390243,0.44660193,0.8926829
2018-1-10T13-49-32,1515588572896,0.86341465,-0.024390243,0.44660193,0.86341465
2018-1-10T13-49-32,1515588572897,0.85365856,-0.024390243,0.44660193,0.85365856
2018-1-10T13-49-32,1515588572898,0.8341463,0.043902438,0.44660193,0.8341463
2018-1-10T13-49-32,1515588572899,0.8341463,-0.014634146,0.4368932,0.8341463
2018-1-10T13-49-32,1515588572900,0.86341465,-0.034146342,0.42718446,0.86341465
2018-1-10T13-49-32,1515588572901,0.8341463,-0.034146342,0.42718446,0.8341463
2018-1-10T13-49-32,1515588572902,0.8341463,-0.014634146,0.4854369,0.8341463
2018-1-10T13-49-32,1515588572903,0.84390247,-0.004878049,0.4563107,0.84390247
2018-1-10T13-49-32,1515588572904,0.85365856,-0.004878049,0.44660193,0.85365856
2018-1-10T13-49-32,1515588572905,0.85365856,-0.014634146,0.4368932,0.85365856
2018-1-10T13-49-32,1515588572906,0.902439,-0.004878049,0.4368932,0.902439
2018-1-10T13-49-32,1515588572907,0.87317073,-0.043902438,0.4368932,0.87317073
2018-1-10T13-49-32,1515588572908,0.8341463,0.014634146,0.4368932,0.8341463
2018-1-10T13-49-32,1515588572909,0.79512197,-0.024390243,0.4368932,0.79512197
2018-1-10T13-49-32,1515588572910,0.8341463,-0.034146342,0.4368932,0.8341463
2018-1-10T13-49-32,1515588572911,0.7853659,-0.034146342,0.42718446,0.7853659
2018-1-10T13-49-32,1515588572912,0.82439023,-0.043902438,0.42718446,0.82439023
2018-1-10T13-49-32,1515588572913,0.81463414,-0.053658538,0.44660193,0.81463414
2018-1-10T13-49-32,1515588572914,0.77560973,-0.034146342,0.4563107,0.77560973
2018-1-10T13-49-32,1515588572915,0.84390247,-0.024390243,0.44660193,0.84390247
2018-1-10T13-49-32,1515588572916,0.8341463,-0.014634146,0.4563107,0.8341463
2018-1-10T13-49-32,1515588572917,0.85365856,-0.014634146,0.4563107,0.85365856
2018-1-10T13-49-32,1515588572918,0.86341465,-0.024390243,0.44660193,0.86341465
2018-1-10T13-49-32,1515588572919,0.87317073,-0.014634146,0.42718446,0.87317073
2018-1-10T13-49-32,1515588572920,0.85365856,-0.034146342,0.4368932,0.85365856
2018-1-10T13-49-32,1515588572921,0.84390247,-0.024390243,0.47572815,0.84390247
2018-1-10T13-49-32,1515588572922,0.7853659,-0.034146342,0.44660193,0.7853659
2018-1-10T13-49-32,1515588572923,0.84390247,-0.024390243,0.4368932,0.84390247
2018-1-10T13-49-32,1515588572924,0.84390247,-0.024390243,0.42718446,0.84390247
2018-1-10T13-49-32,1515588572925,0.85365856,-0.034146342,0.42718446,0.85365856
2018-1-10T13-49-32,1515588572926,0.82439023,-0.024390243,0.44660193,0.82439023
2018-1-10T13-49-32,1515588572927,0.85365856,-0.014634146,0.44660193,0.85365856
2018-1-10T13-49-32,1515588572928,0.84390247,0.004878049,0.44660193,0.84390247
2018-1-10T13-49-32,1515588572929,0.91219515,-0.014634146,0.42718446,0.91219515
2018-1-10T13-49-32,1515588572930,0.84390247,-0.024390243,0.4368932,0.84390247
2018-1-10T13-49-32,1515588572931,0.85365856,-0.014634146,0.44660193,0.85365856
2018-1-10T13-49-32,1515588572932,0.85365856,-0.004878049,0.4368932,0.85365856
2018-1-10T13-49-32,1515588572933,0.86341465,-0.014634146,0.42718446,0.86341465
2018-1-10T13-49-32,1515588572934,0.8341463,-0.014634146,0.4368932,0.8341463
2018-1-10T13-49-32,1515588572935,0.84390247,-0.043902438,0.4563107,0.84390247
2018-1-10T13-49-32,1515588572936,0.85365856,-0.004878049,0.44660193,0.85365856
2018-1-10T13-49-32,1515588572937,0.85365856,-0.004878049,0.42718446,0.85365856
2018-1-10T13-49-32,1515588572938,0.86341465,-0.014634146,0.42718446,0.86341465
2018-1-10T13-49-32,1515588572939,0.85365856,-0.004878049,0.4563107,0.85365856
2018-1-10T13-49-32,1515588572940,0.85365856,0.004878049,0.4563107,0.85365856
2018-1-10T13-49-32,1515588572941,0.8341463,0.053658538,0.4563107,0.8341463
2018-1-10T13-49-32,1515588572942,0.84390247,-0.034146342,0.4563107,0.84390247
2018-1-10T13-49-32,1515588572943,0.84390247,-0.024390243,0.4368932,0.84390247
2018-1-10T13-49-32,1515588572944,0.81463414,-0.014634146,0.41747573,0.81463414
2018-1-10T13-49-32,1515588572945,0.8341463,-0.034146342,0.44660193,0.8341463
2018-1-10T13-49-32,1515588572946,0.85365856,-0.034146342,0.44660193,0.85365856
2018-1-10T13-49-32,1515588572947,0.85365856,-0.024390243,0.4563107,0.85365856
2018-1-10T13-49-32,1515588572948,0.85365856,0.004878049,0.4368932,0.85365856
2018-1-10T13-49-32,1515588572949,0.8341463,-0.014634146,0.44660193,0.8341463
2018-1-10T13-49-32,1515588572950,0.84390247,-0.043902438,0.4563107,0.84390247
2018-1-10T13-49-32,1515588572951,0.86341465,-0.024390243,0.4563107,0.86341465
2018-1-10T13-49-32,1515588572952,0.86341465,-0.014634146,0.44660193,0.86341465
2018-1-10T13-49-32,1515588572953,0.85365856,-0.014634146,0.44660193,0.85365856
2018-1-10T13-49-32,1515588572954,0.86341465,-0.004878049,0.44660193,0.86341465
2018-1-10T13-49-32,1515588572955,0.84390247,-0.034146342,0.44660193,0.84390247
2018-1-10T13-49-32,1515588572956,0.8829268,-0.014634146,0.4563107,0.8829268
2018-1-10T13-49-32,1515588572957,0.84390247,-0.004878049,0.4368932,0.84390247
2018-1-10T13-49-32,1515588572958,0.84390247,-0.014634146,0.4563107,0.84390247
2018-1-10T13-49-32,1515588572959,0.84390247,-0.004878049,0.44660193,0.84390247
2018-1-10T13-49-32,1515588572960,0.8341463,-0.024390243,0.4368932,0.8341463
2018-1-10T13-49-32,1515588572961,0.85365856,-0.004878049,0.42718446,0.85365856
2018-1-10T13-49-32,1515588572962,0.85365856,0.004878049,0.4368932,0.85365856
2018-1-10T13-49-32,1515588572963,0.8341463,-0.014634146,0.4368932,0.8341463
2018-1-10T13-49-32,1515588572964,0.84390247,-0.08292683,0.815534,0.84390247
2018-1-10T13-49-32,1515588572965,0.85365856,-0.043902438,0.42718446,0.85365856
2018-1-10T13-49-32,1515588572966,0.84390247,-0.09268293,0.41747573,0.84390247
2018-1-10T13-49-32,1515588572967,0.8341463,-0.024390243,0.4368932,0.8341463
2018-1-10T13-49-32,1515588572968,0.8341463,0.004878049,0.42718446,0.8341463
2018-1-10T13-49-32,1515588572969,0.84390247,-0.024390243,0.44660193,0.84390247
2018-1-10T13-49-32,1515588572970,0.8341463,-0.024390243,0.44660193,0.8341463
2018-1-10T13-49-32,1515588572971,0.8829268,-0.004878049,0.44660193,0.8829268
2018-1-10T13-49-32,1515588572972,0.85365856,-0.004878049,0.4368932,0.85365856
2018-1-10T13-49-32,1515588572973,0.84390247,-0.034146342,0.44660193,0.84390247
2018-1-10T13-49-32,1515588572974,0.85365856,-0.034146342,0.4368932,0.85365856
2018-1-10T13-49-32,1515588572975,0.85365856,0.053658538,0.4563107,0.85365856
2018-1-10T13-49-32,1515588572976,0.84390247,-0.034146342,0.46601942,0.84390247
2018-1-10T13-49-32,1515588572977,0.85365856,-0.043902438,0.44660193,0.85365856
2018-1-10T13-49-32,1515588572978,0.84390247,-0.034146342,0.4368932,0.84390247
2018-1-10T13-49-32,1515588572979,0.91219515,-0.024390243,0.42718446,0.91219515
2018-1-10T13-49-32,1515588572980,0.84390247,-0.024390243,0.4368932,0.84390247
2018-1-10T13-49-32,1515588572981,0.84390247,-0.024390243,0.47572815,0.84390247
2018-1-10T13-49-32,1515588572982,0.8341463,-0.014634146,0.4563107,0.8341463
2018-1-10T13-49-32,1515588572983,0.84390247,-0.014634146,0.4563107,0.84390247
2018-1-10T13-49-32,1515588572984,0.85365856,-0.014634146,0.44660193,0.85365856
2018-1-10T13-49-32,1515588572985,0.85365856,-0.024390243,0.4563107,0.85365856
2018-1-10T13-49-32,1515588572986,0.81463414,-0.004878049,0.4368932,0.81463414
2018-1-10T13-49-32,1515588572987,0.85365856,0.004878049,0.3592233,0.85365856
2018-1-10T13-49-32,1515588572988,0.91219515,0.004878049,0.42718446,0.91219515
2018-1-10T13-49-32,1515588572989,0.84390247,-0.014634146,0.4368932,0.84390247
2018-1-10T13-49-32,1515588572990,0.81463414,-0.08292683,0.44660193,0.81463414
2018-1-10T13-49-32,1515588572991,0.8341463,-0.014634146,0.4368932,0.8341463
2018-1-10T13-49-32,1515588572992,0.8341463,-0.034146342,0.4368932,0.8341463
2018-1-10T13-49-32,1515588572993,0.8341463,-0.034146342,0.4368932,0.8341463
2018-1-10T13-49-32,1515588572994,0.8341463,-0.024390243,0.44660193,0.8341463
2018-1-10T13-49-32,1515588572995,0.85365856,-0.034146342,0.60194176,0.85365856
2018-1-10T13-49-32,1515588572996,0.85365856,-0.014634146,0.44660193,0.85365856
2018-1-10T13-49-32,1515588572997,0.84390247,-0.004878049,0.44660193,0.84390247
2018-1-10T13-49-32,1515588572998,0.86341465,-0.014634146,0.44660193,0.86341465
2018-1-10T13-49-32,1515588572999,0.84390247,0.034146342,0.4563107,0.84390247
2018-1-10T13-49-33,1515588573000,0.84390247,-0.07317073,0.44660193,0.84390247
2018-1-10T13-49-33,1515588573001,0.85365856,-0.034146342,0.37864077,0.85365856
2018-1-10T13-49-33,1515588573002,0.84390247,-0.034146342,0.42718446,0.84390247
2018-1-10T13-49-33,1515588573003,0.8341463,-0.043902438,0.42718446,0.8341463
2018-1-10T13-49-33,1515588573004,0.81463414,-0.053658538,0.4563107,0.81463414
2018-1-10T13-49-33,1515588573005,0.8341463,-0.043902438,0.4563107,0.8341463
2018-1-10T13-49-33,1515588573006,0.86341465,-0.024390243,0.4368932,0.86341465
2018-1-10T13-49-33,1515588573007,0.85365856,-0.004878049,0.4563107,0.85365856
2018-1-10T13-49-33,1515588573008,0.86341465,-0.004878049,0.4368932,0.86341465
2018-1-10T13-49-33,1515588573009,0.86341465,-0.004878049,0.4368932,0.86341465
2018-1-10T13-49-33,1515588573010,0.8341463,0.004878049,0.44660193,0.8341463
2018-1-10T13-49-33,1515588573011,0.8341463,-0.024390243,0.44660193,0.8341463
2018-1-10T13-49-33,1515588573012,0.8341463,-0.014634146,0.44660193,0.8341463
2018-1-10T13-49-33,1515588573013,0.8341463,-0.034146342,0.4563107,0.8341463
2018-1-10T13-49-33,1515588573014,0.84390247,-0.034146342,0.44660193,0.84390247
2018-1-10T13-49-33,1515588573015,0.8341463,-0.024390243,0.42718446,0.8341463
2018-1-10T13-49-33,1515588573016,0.81463414,-0.024390243,0.42718446,0.81463414
2018-1-10T13-49-33,1515588573017,0.82439023,-0.034146342,0.44660193,0.82439023
2018-1-10T13-49-33,1515588573018,0.82439023,-0.034146342,0.46601942,0.82439023
2018-1-10T13-49-33,1515588573019,0.86341465,-0.024390243,0.4563107,0.86341465
2018-1-10T13-49-33,1515588573020,0.85365856,-0.004878049,0.44660193,0.85365856
2018-1-10T13-49-33,1515588573021,0.87317073,-0.014634146,0.4368932,0.87317073
2018-1-10T13-49-33,1515588573022,0.8829268,0.014634146,0.44660193,0.8829268
2018-1-10T13-49-33,1515588573023,0.8829268,0.004878049,0.4563107,0.8829268
2018-1-10T13-49-33,1515588573024,0.81463414,-0.014634146,0.44660193,0.81463414
2018-1-10T13-49-33,1515588573025,0.8341463,-0.024390243,0.42718446,0.8341463
2018-1-10T13-49-33,1515588573026,0.82439023,-0.043902438,0.4368932,0.82439023
2018-1-10T13-49-33,1515588573027,0.82439023,-0.043902438,0.4563107,0.82439023
2018-1-10T13-49-33,1515588573028,0.82439023,-0.034146342,0.4368932,0.82439023
2018-1-10T13-49-33,1515588573029,0.82439023,-0.034146342,0.4368932,0.82439023
2018-1-10T13-49-33,1515588573030,0.8341463,-0.014634146,0.42718446,0.8341463
2018-1-10T13-49-33,1515588573031,0.84390247,0.004878049,0.44660193,0.84390247
2018-1-10T13-49-33,1515588573032,0.85365856,-0.014634146,0.4563107,0.85365856
2018-1-10T13-49-33,1515588573033,0.84390247,-0.004878049,0.4563107,0.84390247
2018-1-10T13-49-33,1515588573034,0.85365856,-0.004878049,0.44660193,0.85365856
2018-1-10T13-49-33,1515588573035,0.9317073,-0.014634146,0.4368932,0.9317073
2018-1-10T13-49-33,1515588573036,0.85365856,-0.014634146,0.4368932,0.85365856
2018-1-10T13-49-33,1515588573037,0.85365856,-0.024390243,0.44660193,0.85365856
2018-1-10T13-49-33,1515588573038,0.8341463,-0.034146342,0.4563107,0.8341463
2018-1-10T13-49-33,1515588573039,0.85365856,-0.034146342,0.4368932,0.85365856
2018-1-10T13-49-33,1515588573040,0.84390247,0.004878049,0.44660193,0.84390247
2018-1-10T13-49-33,1515588573041,0.86341465,-0.034146342,0.4563107,0.86341465
2018-1-10T13-49-33,1515588573042,0.84390247,-0.014634146,0.44660193,0.84390247
2018-1-10T13-49-33,1515588573043,0.86341465,-0.014634146,0.44660193,0.86341465
2018-1-10T13-49-33,1515588573044,0.85365856,-0.024390243,0.4563107,0.85365856
2018-1-10T13-49-33,1515588573045,0.85365856,-0.014634146,0.44660193,0.85365856
2018-1-10T13-49-33,1515588573046,0.84390247,-0.034146342,0.44660193,0.84390247
2018-1-10T13-49-33,1515588573047,0.84390247,-0.043902438,0.44660193,0.84390247
2018-1-10T13-49-33,1515588573048,0.84390247,-0.024390243,0.42718446,0.84390247
2018-1-10T13-49-33,1515588573049,0.84390247,-0.024390243,0.44660193,0.84390247
2018-1-10T13-49-33,1515588573050,0.85365856,-0.014634146,0.44660193,0.85365856
2018-1-10T13-49-33,1515588573051,0.85365856,-0.024390243,0.42718446,0.85365856
2018-1-10T13-49-33,1515588573052,0.84390247,-0.014634146,0.4368932,0.84390247
2018-1-10T13-49-33,1515588573053,0.84390247,-0.014634146,0.44660193,0.84390247
2018-1-10T13-49-33,1515588573054,0.76585364,-0.043902438,0.4563107,0.76585364
2018-1-10T13-49-33,1515588573055,0.84390247,-0.024390243,0.44660193,0.84390247
2018-1-10T13-49-33,1515588573056,0.85365856,-0.024390243,0.4563107,0.85365856
2018-1-10T13-49-33,1515588573057,0.84390247,-0.024390243,0.4563107,0.84390247
2018-1-10T13-49-33,1515588573058,0.84390247,-0.014634146,0.4563107,0.84390247
2018-1-10T13-49-33,1515588573059,0.85365856,-0.034146342,0.37864077,0.85365856
2018-1-10T13-49-33,1515588573060,0.80487806,-0.014634146,0.5048544,0.80487806
2018-1-10T13-49-33,1515588573061,0.84390247,-0.014634146,0.5145631,0.84390247
2018-1-10T13-49-33,1515588573062,0.85365856,-0.024390243,0.4368932,0.85365856
2018-1-10T13-49-33,1515588573063,0.81463414,-0.024390243,0.42718446,0.81463414
2018-1-10T13-49-33,1515588573064,0.87317073,-0.014634146,0.4368932,0.87317073
2018-1-10T13-49-33,1515588573065,0.8341463,-0.024390243,0.4368932,0.8341463
2018-1-10T13-49-33,1515588573066,0.84390247,-0.024390243,0.4368932,0.84390247
2018-1-10T13-49-33,1515588573067,0.8341463,-0.034146342,0.4368932,0.8341463
2018-1-10T13-49-33,1515588573068,0.8341463,-0.014634146,0.47572815,0.8341463
2018-1-10T13-49-33,1515588573069,0.7853659,-0.024390243,0.4368932,0.7853659
2018-1-10T13-49-33,1515588573070,0.82439023,-0.024390243,0.4368932,0.82439023
2018-1-10T13-49-33,1515588573071,0.8341463,-0.034146342,0.4368932,0.8341463
2018-1-10T13-49-33,1515588573072,0.8341463,-0.043902438,0.42718446,0.8341463
2018-1-10T13-49-33,1515588573073,0.902439,-0.024390243,0.46601942,0.902439
2018-1-10T13-49-33,1515588573074,0.86341465,-0.06341463,0.4563107,0.86341465
2018-1-10T13-49-33,1515588573075,0.85365856,0.024390243,0.36893204,0.85365856
2018-1-10T13-49-33,1515588573076,0.87317073,0.024390243,0.44660193,0.87317073
2018-1-10T13-49-33,1515588573077,0.85365856,-0.053658538,0.47572815,0.85365856
2018-1-10T13-49-33,1515588573078,0.87317073,-0.014634146,0.4563107,0.87317073
2018-1-10T13-49-33,1515588573079,0.86341465,-0.014634146,0.3883495,0.86341465
2018-1-10T13-49-33,1515588573080,0.85365856,-0.024390243,0.4563107,0.85365856
2018-1-10T13-49-33,1515588573081,0.84390247,-0.024390243,0.4563107,0.84390247
2018-1-10T13-49-33,1515588573082,0.84390247,-0.043902438,0.44660193,0.84390247
2018-1-10T13-49-33,1515588573083,0.902439,-0.014634146,0.42718446,0.902439
2018-1-10T13-49-33,1515588573084,0.84390247,-0.014634146,0.42718446,0.84390247
2018-1-10T13-49-33,1515588573085,0.84390247,-0.004878049,0.4368932,0.84390247
2018-1-10T13-49-33,1515588573086,0.82439023,-0.043902438,0.4368932,0.82439023
2018-1-10T13-49-33,1515588573087,0.84390247,-0.014634146,0.4368932,0.84390247
2018-1-10T13-49-33,1515588573088,0.81463414,-0.014634146,0.44660193,0.81463414
2018-1-10T13-49-33,1515588573089,0.84390247,0.004878049,0.4368932,0.84390247
2018-1-10T13-49-33,1515588573090,0.85365856,-0.014634146,0.4563107,0.85365856
2018-1-10T13-49-33,1515588573091,0.84390247,-0.014634146,0.4368932,0.84390247
2018-1-10T13-49-33,1515588573092,0.85365856,0.053658538,0.42718446,0.85365856
2018-1-10T13-49-33,1515588573093,0.84390247,-0.014634146,0.42718446,0.84390247
2018-1-10T13-49-33,1515588573094,0.82439023,-0.014634146,0.42718446,0.82439023
2018-1-10T13-49-33,1515588573095,0.82439023,-0.004878049,0.42718446,0.82439023
2018-1-10T13-49-33,1515588573096,0.81463414,-0.043902438,0.4563107,0.81463414
2018-1-10T13-49-33,1515588573097,0.79512197,-0.053658538,0.44660193,0.79512197
2018-1-10T13-49-33,1515588573098,0.8341463,-0.034146342,0.4368932,0.8341463
2018-1-10T13-49-33,1515588573099,0.81463414,-0.024390243,0.47572815,0.81463414
2018-1-10T13-49-33,1515588573100,0.86341465,-0.004878049,0.46601942,0.86341465
2018-1-10T13-49-33,1515588573101,0.86341465,-0.004878049,0.6407767,0.86341465
2018-1-10T13-49-33,1515588573102,0.87317073,-0.004878049,0.4563107,0.87317073
2018-1-10T13-49-33,1515588573103,0.86341465,-0.004878049,0.5339806,0.86341465
2018-1-10T13-49-33,1515588573104,0.86341465,-0.014634146,0.44660193,0.86341465
2018-1-10T13-49-33,1515588573105,0.84390247,-0.014634146,0.4368932,0.84390247
2018-1-10T13-49-33,1515588573106,0.87317073,-0.053658538,0.42718446,0.87317073
2018-1-10T13-49-33,1515588573107,0.82439023,-0.024390243,0.42718446,0.82439023
2018-1-10T13-49-33,1515588573108,0.82439023,-0.024390243,0.4368932,0.82439023
2018-1-10T13-49-33,1515588573109,0.82439023,-0.034146342,0.44660193,0.82439023
2018-1-10T13-49-33,1515588573110,0.8341463,-0.024390243,0.4368932,0.8341463
2018-1-10T13-49-33,1515588573111,0.8341463,-0.004878049,0.41747573,0.8341463
2018-1-10T13-49-33,1515588573112,0.85365856,-0.004878049,0.44660193,0.85365856
2018-1-10T13-49-33,1515588573113,0.85365856,0.004878049,0.44660193,0.85365856
2018-1-10T13-49-33,1515588573114,0.85365856,-0.004878049,0.44660193,0.85365856
2018-1-10T13-49-33,1515588573115,0.85365856,-0.004878049,0.4563107,0.85365856
2018-1-10T13-49-33,1515588573116,0.86341465,-0.014634146,0.44660193,0.86341465
2018-1-10T13-49-33,1515588573117,0.84390247,0.004878049,0.44660193,0.84390247
2018-1-10T13-49-33,1515588573118,0.8341463,-0.034146342,0.4368932,0.8341463
2018-1-10T13-49-33,1515588573119,0.85365856,-0.053658538,0.4368932,0.85365856
2018-1-10T13-49-33,1515588573120,0.82439023,-0.043902438,0.4563107,0.82439023
2018-1-10T13-49-33,1515588573121,0.82439023,-0.053658538,0.5048544,0.82439023
2018-1-10T13-49-33,1515588573122,0.8341463,-0.043902438,0.4368932,0.8341463
2018-1-10T13-49-33,1515588573123,0.86341465,-0.034146342,0.4563107,0.86341465
2018-1-10T13-49-33,1515588573124,0.902439,-0.014634146,0.4563107,0.902439
2018-1-10T13-49-33,1515588573125,0.86341465,0.004878049,0.4563107,0.86341465
2018-1-10T13-49-33,1515588573126,0.8926829,0.004878049,0.4563107,0.8926829
2018-1-10T13-49-33,1515588573127,0.86341465,-0.014634146,0.4368932,0.86341465
2018-1-10T13-49-33,1515588573128,0.87317073,-0.014634146,0.44660193,0.87317073
2018-1-10T13-49-33,1515588573129,0.8341463,-0.014634146,0.4368932,0.8341463
2018-1-10T13-49-33,1515588573130,0.8341463,-0.024390243,0.4368932,0.8341463
2018-1-10T13-49-33,1515588573131,0.82439023,-0.024390243,0.4368932,0.82439023
2018-1-10T13-49-33,1515588573132,0.8829268,-0.024390243,0.4368932,0.8829268
2018-1-10T13-49-33,1515588573133,0.84390247,-0.024390243,0.42718446,0.84390247
2018-1-10T13-49-33,1515588573134,0.8341463,-0.014634146,0.407767,0.8341463
2018-1-10T13-49-33,1515588573135,0.8341463,-0.014634146,0.4368932,0.8341463
2018-1-10T13-49-33,1515588573136,0.86341465,-0.024390243,0.4563107,0.86341465
2018-1-10T13-49-33,1515588573137,0.85365856,-0.004878049,0.46601942,0.85365856
2018-1-10T13-49-33,1515588573138,0.85365856,-0.043902438,0.44660193,0.85365856
2018-1-10T13-49-33,1515588573139,0.85365856,0.06341463,0.42718446,0.85365856
2018-1-10T13-49-33,1515588573140,0.85365856,-0.024390243,0.44660193,0.85365856
2018-1-10T13-49-33,1515588573141,0.85365856,-0.034146342,0.44660193,0.85365856
2018-1-10T13-49-33,1515588573142,0.8341463,-0.034146342,0.42718446,0.8341463
2018-1-10T13-49-33,1515588573143,0.8341463,-0.014634146,0.4368932,0.8341463
2018-1-10T13-49-33,1515588573144,0.84390247,-0.034146342,0.44660193,0.84390247
2018-1-10T13-49-33,1515588573145,0.87317073,-0.004878049,0.4563107,0.87317073
2018-1-10T13-49-33,1515588573146,0.84390247,-0.004878049,0.44660193,0.84390247
2018-1-10T13-49-33,1515588573147,0.8341463,-0.004878049,0.46601942,0.8341463
2018-1-10T13-49-33,1515588573148,0.84390247,-0.024390243,0.4368932,0.84390247
2018-1-10T13-49-33,1515588573149,0.82439023,-0.034146342,0.44660193,0.82439023
2018-1-10T13-49-33,1515588573150,0.82439023,-0.043902438,0.4563107,0.82439023
2018-1-10T13-49-33,1515588573151,0.84390247,-0.024390243,0.4563107,0.84390247
2018-1-10T13-49-33,1515588573152,0.84390247,-0.08292683,0.4563107,0.84390247
2018-1-10T13-49-33,1515588573153,0.86341465,0.014634146,0.4368932,0.86341465
2018-1-10T13-49-33,1515588573154,0.8829268,-0.004878049,0.42718446,0.8829268
2018-1-10T13-49-33,1515588573155,0.85365856,-0.004878049,0.41747573,0.85365856
2018-1-10T13-49-33,1515588573156,0.85365856,-0.024390243,0.4368932,0.85365856
2018-1-10T13-49-33,1515588573157,0.85365856,-0.024390243,0.41747573,0.85365856
2018-1-10T13-49-33,1515588573158,0.85365856,-0.034146342,0.4563107,0.85365856
2018-1-10T13-49-33,1515588573159,0.86341465,-0.014634146,0.4563107,0.86341465
2018-1-10T13-49-33,1515588573160,0.85365856,-0.034146342,0.4563107,0.85365856
2018-1-10T13-49-33,1515588573161,0.85365856,-0.024390243,0.44660193,0.85365856
2018-1-10T13-49-33,1515588573162,0.86341465,-0.014634146,0.4368932,0.86341465
2018-1-10T13-49-33,1515588573163,0.85365856,-0.014634146,0.44660193,0.85365856
2018-1-10T13-49-33,1515588573164,0.84390247,-0.014634146,0.44660193,0.84390247
2018-1-10T13-49-33,1515588573165,0.82439023,-0.024390243,0.44660193,0.82439023
2018-1-10T13-49-33,1515588573166,0.84390247,-0.034146342,0.4563107,0.84390247
2018-1-10T13-49-33,1515588573167,0.84390247,-0.034146342,0.46601942,0.84390247
2018-1-10T13-49-33,1515588573168,0.84390247,-0.043902438,0.42718446,0.84390247
2018-1-10T13-49-33,1515588573169,0.84390247,0.034146342,0.42718446,0.84390247
2018-1-10T13-49-33,1515588573170,0.84390247,-0.014634146,0.4368932,0.84390247
2018-1-10T13-49-33,1515588573171,0.85365856,-0.014634146,0.44660193,0.85365856
2018-1-10T13-49-33,1515588573172,0.8341463,-0.024390243,0.44660193,0.8341463
2018-1-10T13-49-33,1515588573173,0.82439023,-0.034146342,0.4368932,0.82439023
2018-1-10T13-49-33,1515588573174,0.84390247,-0.034146342,0.407767,0.84390247
2018-1-10T13-49-33,1515588573175,0.77560973,-0.034146342,0.42718446,0.77560973
2018-1-10T13-49-33,1515588573176,0.84390247,-0.014634146,0.4368932,0.84390247
2018-1-10T13-49-33,1515588573177,0.84390247,-0.024390243,0.44660193,0.84390247
2018-1-10T13-49-33,1515588573178,0.84390247,-0.014634146,0.44660193,0.84390247
2018-1-10T13-49-33,1515588573179,0.86341465,0.004878049,0.44660193,0.86341465
2018-1-10T13-49-33,1515588573180,0.80487806,-0.004878049,0.4368932,0.80487806
2018-1-10T13-49-33,1515588573181,0.85365856,-0.004878049,0.44660193,0.85365856
2018-1-10T13-49-33,1515588573182,0.84390247,-0.014634146,0.4368932,0.84390247
2018-1-10T13-49-33,1515588573183,0.82439023,-0.024390243,0.4368932,0.82439023
2018-1-10T13-49-33,1515588573184,0.86341465,-0.034146342,0.4368932,0.86341465
2018-1-10T13-49-33,1515588573185,0.84390247,-0.014634146,0.44660193,0.84390247
2018-1-10T13-49-33,1515588573186,0.84390247,-0.024390243,0.44660193,0.84390247
2018-1-10T13-49-33,1515588573187,0.8341463,-0.014634146,0.44660193,0.8341463
2018-1-10T13-49-33,1515588573188,0.8341463,-0.014634146,0.42718446,0.8341463
2018-1-10T13-49-33,1515588573189,0.85365856,-0.014634146,0.4368932,0.85365856
2018-1-10T13-49-33,1515588573190,0.84390247,-0.034146342,0.42718446,0.84390247
2018-1-10T13-49-33,1515588573191,0.84390247,-0.034146342,0.4368932,0.84390247
2018-1-10T13-49-33,1515588573192,0.84390247,-0.053658538,0.44660193,0.84390247
2018-1-10T13-49-33,1515588573193,0.8341463,-0.043902438,0.44660193,0.8341463
2018-1-10T13-49-33,1515588573194,0.84390247,-0.024390243,0.44660193,0.84390247
2018-1-10T13-49-33,1515588573195,0.8926829,-0.043902438,0.46601942,0.8926829
2018-1-10T13-49-33,1515588573196,0.84390247,-0.014634146,0.4368932,0.84390247
2018-1-10T13-49-33,1515588573197,0.86341465,-0.024390243,0.4368932,0.86341465
2018-1-10T13-49-33,1515588573198,0.87317073,-0.014634146,0.4368932,0.87317073
2018-1-10T13-49-33,1515588573199,0.84390247,-0.024390243,0.4368932,0.84390247
2018-1-10T13-49-33,1515588573200,0.8341463,-0.024390243,0.4368932,0.8341463
2018-1-10T13-49-33,1515588573201,0.8341463,-0.024390243,0.44660193,0.8341463
2018-1-10T13-49-33,1515588573202,0.82439023,-0.014634146,0.4563107,0.82439023
2018-1-10T13-49-33,1515588573203,0.85365856,-0.014634146,0.4563107,0.85365856
2018-1-10T13-49-33,1515588573204,0.7853659,-0.004878049,0.42718446,0.7853659
2018-1-10T13-49-33,1515588573205,0.84390247,-0.004878049,0.4563107,0.84390247
2018-1-10T13-49-33,1515588573206,0.8341463,-0.024390243,0.42718446,0.8341463
2018-1-10T13-49-33,1515588573207,0.82439023,-0.014634146,0.42718446,0.82439023
2018-1-10T13-49-33,1515588573208,0.81463414,-0.014634146,0.42718446,0.81463414
2018-1-10T13-49-33,1515588573209,0.82439023,-0.004878049,0.4563107,0.82439023
2018-1-10T13-49-33,1515588573210,1.3317074,-0.043902438,0.46601942,1.3317074
2018-1-10T13-49-33,1515588573211,0.85365856,-0.014634146,0.44660193,0.85365856
2018-1-10T13-49-33,1515588573212,0.8829268,0.014634146,0.44660193,0.8829268
2018-1-10T13-49-33,1515588573213,0.902439,0.034146342,0.46601942,0.902439
2018-1-10T13-49-33,1515588573214,0.8926829,0.014634146,0.4563107,0.8926829
2018-1-10T13-49-33,1515588573215,0.86341465,0.004878049,0.4368932,0.86341465
2018-1-10T13-49-33,1515588573216,0.84390247,-0.024390243,0.49514562,0.84390247
2018-1-10T13-49-33,1515588573217,0.84390247,-0.06341463,0.47572815,0.84390247
2018-1-10T13-49-33,1515588573218,0.82439023,-0.07317073,0.47572815,0.82439023
2018-1-10T13-49-33,1515588573219,0.82439023,-0.053658538,0.4563107,0.82439023
2018-1-10T13-49-33,1515588573220,0.82439023,-0.06341463,0.4563107,0.82439023
2018-1-10T13-49-33,1515588573221,0.85365856,-0.053658538,0.46601942,0.85365856
2018-1-10T13-49-33,1515588573222,0.80487806,-0.034146342,0.4563107,0.80487806
2018-1-10T13-49-33,1515588573223,0.85365856,-0.034146342,0.42718446,0.85365856
2018-1-10T13-49-33,1515588573224,0.85365856,-0.09268293,0.4368932,0.85365856
2018-1-10T13-49-33,1515588573225,0.86341465,-0.024390243,0.47572815,0.86341465
2018-1-10T13-49-33,1515588573226,0.85365856,-0.024390243,0.407767,0.85365856
2018-1-10T13-49-33,1515588573227,0.84390247,-0.043902438,0.4563107,0.84390247
2018-1-10T13-49-33,1515588573228,0.77560973,-0.034146342,0.41747573,0.77560973
2018-1-10T13-49-33,1515588573229,0.85365856,-0.034146342,0.407767,0.85365856
2018-1-10T13-49-33,1515588573230,0.92195123,0.004878049,0.42718446,0.92195123
2018-1-10T13-49-33,1515588573231,0.82439023,-0.024390243,0.42718446,0.82439023
2018-1-10T13-49-33,1515588573232,0.81463414,-0.024390243,0.4368932,0.81463414
2018-1-10T13-49-33,1515588573233,0.81463414,-0.034146342,0.4368932,0.81463414
2018-1-10T13-49-33,1515588573234,0.84390247,-0.07317073,0.44660193,0.84390247
2018-1-10T13-49-33,1515588573235,0.85365856,-0.024390243,0.4368932,0.85365856
2018-1-10T13-49-33,1515588573236,0.80487806,-0.024390243,0.4368932,0.80487806
2018-1-10T13-49-33,1515588573237,0.85365856,-0.024390243,0.4563107,0.85365856
2018-1-10T13-49-33,1515588573238,0.85365856,-0.014634146,0.46601942,0.85365856
2018-1-10T13-49-33,1515588573239,0.86341465,-0.014634146,0.47572815,0.86341465
2018-1-10T13-49-33,1515588573240,0.86341465,-0.043902438,0.44660193,0.86341465
2018-1-10T13-49-33,1515588573241,0.79512197,-0.004878049,0.3883495,0.79512197
2018-1-10T13-49-33,1515588573242,0.85365856,0.014634146,0.44660193,0.85365856
2018-1-10T13-49-33,1515588573243,0.87317073,0.014634146,0.4563107,0.87317073
2018-1-10T13-49-33,1515588573244,0.86341465,0.004878049,0.4368932,0.86341465
2018-1-10T13-49-33,1515588573245,0.85365856,0.004878049,0.41747573,0.85365856
2018-1-10T13-49-33,1515588573246,0.8341463,0.004878049,0.39805827,0.8341463
2018-1-10T13-49-33,1515588573247,0.8341463,-0.014634146,0.4563107,0.8341463
2018-1-10T13-49-33,1515588573248,0.82439023,-0.014634146,0.44660193,0.82439023
2018-1-10T13-49-33,1515588573249,0.77560973,-0.024390243,0.44660193,0.77560973
2018-1-10T13-49-33,1515588573250,0.84390247,-0.024390243,0.4563107,0.84390247
2018-1-10T13-49-33,1515588573251,0.85365856,-0.014634146,0.4563107,0.85365856
2018-1-10T13-49-33,1515588573252,0.87317073,-0.004878049,0.4563107,0.87317073
2018-1-10T13-49-33,1515588573253,0.86341465,-0.024390243,0.5145631,0.86341465
2018-1-10T13-49-33,1515588573254,0.84390247,-0.024390243,0.4368932,0.84390247
2018-1-10T13-49-33,1515588573255,0.84390247,-0.034146342,0.4368932,0.84390247
2018-1-10T13-49-33,1515588573256,0.8341463,-0.034146342,0.4563107,0.8341463
2018-1-10T13-49-33,1515588573257,0.82439023,-0.034146342,0.44660193,0.82439023
2018-1-10T13-49-33,1515588573258,0.84390247,0.06341463,0.4563107,0.84390247
2018-1-10T13-49-33,1515588573259,0.82439023,-0.014634146,0.44660193,0.82439023
2018-1-10T13-49-33,1515588573260,0.85365856,-0.014634146,0.4368932,0.85365856
2018-1-10T13-49-33,1515588573261,0.84390247,-0.024390243,0.42718446,0.84390247
2018-1-10T13-49-33,1515588573262,0.82439023,0.014634146,0.4368932,0.82439023
2018-1-10T13-49-33,1515588573263,0.8341463,-0.024390243,0.46601942,0.8341463
2018-1-10T13-49-33,1515588573264,0.8341463,-0.043902438,0.46601942,0.8341463
2018-1-10T13-49-33,1515588573265,0.84390247,-0.043902438,0.42718446,0.84390247
2018-1-10T13-49-33,1515588573266,0.85365856,-0.043902438,0.42718446,0.85365856
2018-1-10T13-49-33,1515588573267,0.85365856,-0.034146342,0.4368932,0.85365856
2018-1-10T13-49-33,1515588573268,0.84390247,-0.004878049,0.52427185,0.84390247
2018-1-10T13-49-33,1515588573269,0.86341465,-0.004878049,0.4563107,0.86341465
2018-1-10T13-49-33,1515588573270,0.86341465,-0.004878049,0.42718446,0.86341465
2018-1-10T13-49-33,1515588573271,0.85365856,-0.004878049,0.4368932,0.85365856
2018-1-10T13-49-33,1515588573272,0.8341463,-0.014634146,0.41747573,0.8341463
2018-1-10T13-49-33,1515588573273,0.81463414,-0.014634146,0.41747573,0.81463414
2018-1-10T13-49-33,1515588573274,0.8341463,-0.034146342,0.4563107,0.8341463
2018-1-10T13-49-33,1515588573275,0.82439023,-0.043902438,0.46601942,0.82439023
2018-1-10T13-49-33,1515588573276,0.8341463,-0.043902438,0.44660193,0.8341463
2018-1-10T13-49-33,1515588573277,0.85365856,-0.004878049,0.4368932,0.85365856
2018-1-10T13-49-33,1515588573278,0.84390247,-0.08292683,0.4563107,0.84390247
2018-1-10T13-49-33,1515588573279,0.87317073,-0.014634146,0.4563107,0.87317073
2018-1-10T13-49-33,1515588573280,0.85365856,-0.014634146,0.4368932,0.85365856
2018-1-10T13-49-33,1515588573281,0.86341465,-0.014634146,0.4368932,0.86341465
2018-1-10T13-49-33,1515588573282,0.87317073,-0.014634146,0.4368932,0.87317073
2018-1-10T13-49-33,1515588573283,0.87317073,-0.014634146,0.44660193,0.87317073
2018-1-10T13-49-33,1515588573284,0.8829268,0.004878049,0.4368932,0.8829268
2018-1-10T13-49-33,1515588573285,0.85365856,-0.014634146,0.4368932,0.85365856
2018-1-10T13-49-33,1515588573286,0.84390247,-0.024390243,0.42718446,0.84390247
2018-1-10T13-49-33,1515588573287,0.82439023,-0.004878049,0.4368932,0.82439023
2018-1-10T13-49-33,1515588573288,0.84390247,-0.024390243,0.41747573,0.84390247
2018-1-10T13-49-33,1515588573289,0.82439023,-0.034146342,0.4368932,0.82439023
2018-1-10T13-49-33,1515588573290,0.80487806,-0.043902438,0.42718446,0.80487806
2018-1-10T13-49-33,1515588573291,0.82439023,-0.034146342,0.407767,0.82439023
2018-1-10T13-49-33,1515588573292,0.86341465,-0.024390243,0.4563107,0.86341465
2018-1-10T13-49-33,1515588573293,0.87317073,-0.034146342,0.44660193,0.87317073
2018-1-10T13-49-33,1515588573294,0.84390247,-0.024390243,0.41747573,0.84390247
2018-1-10T13-49-33,1515588573295,0.85365856,0.004878049,0.4368932,0.85365856
2018-1-10T13-49-33,1515588573296,0.8341463,-0.11219512,0.44660193,0.8341463
2018-1-10T13-49-33,1515588573297,0.84390247,-0.014634146,0.4368932,0.84390247
2018-1-10T13-49-33,1515588573298,0.84390247,0.004878049,0.4368932,0.84390247
2018-1-10T13-49-33,1515588573299,0.84390247,-0.06341463,0.46601942,0.84390247
2018-1-10T13-49-33,1515588573300,0.8341463,-0.043902438,0.46601942,0.8341463
2018-1-10T13-49-33,1515588573301,0.84390247,0.043902438,0.46601942,0.84390247
2018-1-10T13-49-33,1515588573302,0.84390247,-0.043902438,0.44660193,0.84390247
2018-1-10T13-49-33,1515588573303,0.86341465,-0.024390243,0.4563107,0.86341465
2018-1-10T13-49-33,1515588573304,0.86341465,-0.014634146,0.47572815,0.86341465
2018-1-10T13-49-33,1515588573305,0.87317073,-0.024390243,0.5048544,0.87317073
2018-1-10T13-49-33,1515588573306,0.84390247,-0.004878049,0.4368932,0.84390247
2018-1-10T13-49-33,1515588573307,0.902439,0.043902438,0.44660193,0.902439
2018-1-10T13-49-33,1515588573308,0.86341465,-0.004878049,0.47572815,0.86341465
2018-1-10T13-49-33,1515588573309,0.8341463,-0.014634146,0.44660193,0.8341463
2018-1-10T13-49-33,1515588573310,0.84390247,-0.024390243,0.42718446,0.84390247
2018-1-10T13-49-33,1515588573311,0.8341463,-0.004878049,0.407767,0.8341463
2018-1-10T13-49-33,1515588573312,0.75609756,0.004878049,0.42718446,0.75609756
2018-1-10T13-49-33,1515588573313,0.8341463,-0.014634146,0.44660193,0.8341463
2018-1-10T13-49-33,1515588573314,0.7268293,-0.014634146,0.4368932,0.7268293
2018-1-10T13-49-33,1515588573315,0.81463414,-0.034146342,0.42718446,0.81463414
2018-1-10T13-49-33,1515588573316,0.82439023,-0.004878049,0.4368932,0.82439023
2018-1-10T13-49-33,1515588573317,0.84390247,-0.014634146,0.46601942,0.84390247
2018-1-10T13-49-33,1515588573318,0.84390247,-0.034146342,0.47572815,0.84390247
2018-1-10T13-49-33,1515588573319,0.85365856,-0.014634146,0.44660193,0.85365856
2018-1-10T13-49-33,1515588573320,0.8829268,-0.014634146,0.4368932,0.8829268
2018-1-10T13-49-33,1515588573321,0.8829268,-0.024390243,0.4563107,0.8829268
2018-1-10T13-49-33,1515588573322,0.84390247,-0.014634146,0.42718446,0.84390247
2018-1-10T13-49-33,1515588573323,0.84390247,-0.024390243,0.4563107,0.84390247
2018-1-10T13-49-33,1515588573324,0.84390247,-0.024390243,0.46601942,0.84390247
2018-1-10T13-49-33,1515588573325,0.84390247,-0.043902438,0.5436893,0.84390247
2018-1-10T13-49-33,1515588573326,0.85365856,-0.014634146,0.44660193,0.85365856
2018-1-10T13-49-33,1515588573327,0.85365856,-0.034146342,0.4368932,0.85365856
2018-1-10T13-49-33,1515588573328,0.85365856,-0.004878049,0.44660193,0.85365856
2018-1-10T13-49-33,1515588573329,0.8341463,0.53170735,0.44660193,0.8341463
2018-1-10T13-49-33,1515588573330,0.87317073,-0.004878049,0.4854369,0.87317073
2018-1-10T13-49-33,1515588573331,0.86341465,-0.024390243,0.4563107,0.86341465
2018-1-10T13-49-33,1515588573332,0.84390247,-0.034146342,0.4368932,0.84390247
2018-1-10T13-49-33,1515588573333,0.8341463,-0.034146342,0.4563107,0.8341463
2018-1-10T13-49-33,1515588573334,0.8341463,-0.034146342,0.44660193,0.8341463
2018-1-10T13-49-33,1515588573335,0.81463414,-0.043902438,0.4563107,0.81463414
2018-1-10T13-49-33,1515588573336,0.82439023,-0.034146342,0.44660193,0.82439023
2018-1-10T13-49-33,1515588573337,0.8341463,-0.043902438,0.41747573,0.8341463
2018-1-10T13-49-33,1515588573338,0.7853659,-0.043902438,0.4368932,0.7853659
2018-1-10T13-49-33,1515588573339,0.84390247,-0.043902438,0.4563107,0.84390247
2018-1-10T13-49-33,1515588573340,0.84390247,-0.034146342,0.44660193,0.84390247
2018-1-10T13-49-33,1515588573341,0.82439023,-0.09268293,0.44660193,0.82439023
2018-1-10T13-49-33,1515588573342,0.86341465,-0.004878049,0.4563107,0.86341465
2018-1-10T13-49-33,1515588573343,0.87317073,-0.004878049,0.407767,0.87317073
2018-1-10T13-49-33,1515588573344,0.86341465,-0.004878049,0.4368932,0.86341465
2018-1-10T13-49-33,1515588573345,0.84390247,-0.004878049,0.42718446,0.84390247
2018-1-10T13-49-33,1515588573346,0.84390247,-0.014634146,0.44660193,0.84390247
2018-1-10T13-49-33,1515588573347,0.84390247,-0.024390243,0.42718446,0.84390247
2018-1-10T13-49-33,1515588573348,0.81463414,-0.06341463,0.41747573,0.81463414
2018-1-10T13-49-33,1515588573349,0.82439023,-0.014634146,0.407767,0.82439023
2018-1-10T13-49-33,1515588573350,0.8341463,-0.043902438,0.44660193,0.8341463
2018-1-10T13-49-33,1515588573351,0.79512197,-0.043902438,0.39805827,0.79512197
2018-1-10T13-49-33,1515588573352,0.8926829,-0.014634146,0.46601942,0.8926829
2018-1-10T13-49-33,1515588573353,0.84390247,-0.024390243,0.44660193,0.84390247
2018-1-10T13-49-33,1515588573354,0.84390247,-0.014634146,0.42718446,0.84390247
2018-1-10T13-49-33,1515588573355,0.84390247,-0.004878049,0.42718446,0.84390247
2018-1-10T13-49-33,1515588573356,0.86341465,0.004878049,0.4563107,0.86341465
2018-1-10T13-49-33,1515588573357,0.8926829,-0.004878049,0.4368932,0.8926829
2018-1-10T13-49-33,1515588573358,0.82439023,-0.014634146,0.44660193,0.82439023
2018-1-10T13-49-33,1515588573359,0.81463414,-0.004878049,0.4368932,0.81463414
2018-1-10T13-49-33,1515588573360,0.84390247,-0.034146342,0.44660193,0.84390247
2018-1-10T13-49-33,1515588573361,0.84390247,-0.034146342,0.44660193,0.84390247
2018-1-10T13-49-33,1515588573362,0.86341465,-0.053658538,0.46601942,0.86341465
2018-1-10T13-49-33,1515588573363,0.85365856,-0.09268293,0.4563107,0.85365856
2018-1-10T13-49-33,1515588573364,0.86341465,-0.043902438,0.46601942,0.86341465
2018-1-10T13-49-33,1515588573365,0.84390247,-0.034146342,0.36893204,0.84390247
2018-1-10T13-49-33,1515588573366,0.84390247,-0.024390243,0.4563107,0.84390247
2018-1-10T13-49-33,1515588573367,0.9414634,-0.024390243,0.47572815,0.9414634
2018-1-10T13-49-33,1515588573368,0.84390247,-0.034146342,0.19417475,0.84390247
2018-1-10T13-49-33,1515588573369,0.85365856,-0.024390243,0.4563107,0.85365856
2018-1-10T13-49-33,1515588573370,0.85365856,-0.024390243,0.4368932,0.85365856
2018-1-10T13-49-33,1515588573371,0.84390247,-0.024390243,0.42718446,0.84390247
2018-1-10T13-49-33,1515588573372,0.81463414,0.014634146,0.42718446,0.81463414
2018-1-10T13-49-33,1515588573373,0.8341463,-0.034146342,0.44660193,0.8341463
2018-1-10T13-49-33,1515588573374,0.84390247,-0.034146342,0.42718446,0.84390247
2018-1-10T13-49-33,1515588573375,0.8341463,-0.014634146,0.44660193,0.8341463
2018-1-10T13-49-33,1515588573376,0.79512197,-0.014634146,0.44660193,0.79512197
2018-1-10T13-49-33,1515588573377,0.84390247,-0.004878049,0.4368932,0.84390247
2018-1-10T13-49-33,1515588573378,0.84390247,0.004878049,0.41747573,0.84390247
2018-1-10T13-49-33,1515588573379,0.84390247,0.004878049,0.4368932,0.84390247
2018-1-10T13-49-33,1515588573380,0.8341463,-0.004878049,0.44660193,0.8341463
2018-1-10T13-49-33,1515588573381,0.84390247,0.004878049,0.44660193,0.84390247
2018-1-10T13-49-33,1515588573382,0.8341463,0.004878049,0.42718446,0.8341463
2018-1-10T13-49-33,1515588573383,0.84390247,-0.014634146,0.4368932,0.84390247
2018-1-10T13-49-33,1515588573384,0.8341463,-0.024390243,0.44660193,0.8341463
2018-1-10T13-49-33,1515588573385,0.8341463,-0.014634146,0.46601942,0.8341463
2018-1-10T13-49-33,1515588573386,0.85365856,-0.024390243,0.4854369,0.85365856
2018-1-10T13-49-33,1515588573387,0.9609756,-0.014634146,0.44660193,0.9609756
2018-1-10T13-49-33,1515588573388,0.8341463,0.004878049,0.4368932,0.8341463
2018-1-10T13-49-33,1515588573389,0.86341465,-0.034146342,0.4368932,0.86341465
2018-1-10T13-49-33,1515588573390,0.84390247,-0.034146342,0.44660193,0.84390247
2018-1-10T13-49-33,1515588573391,0.82439023,-0.034146342,0.4368932,0.82439023
2018-1-10T13-49-33,1515588573392,0.84390247,-0.024390243,0.44660193,0.84390247
2018-1-10T13-49-33,1515588573393,0.80487806,-0.034146342,0.4563107,0.80487806
2018-1-10T13-49-33,1515588573394,0.8341463,-0.043902438,0.4368932,0.8341463
2018-1-10T13-49-33,1515588573395,0.8829268,-0.043902438,0.4368932,0.8829268
2018-1-10T13-49-33,1515588573396,0.8341463,-0.07317073,0.4368932,0.8341463
2018-1-10T13-49-33,1515588573397,0.82439023,-0.043902438,0.42718446,0.82439023
2018-1-10T13-49-33,1515588573398,0.82439023,-0.034146342,0.4368932,0.82439023
2018-1-10T13-49-33,1515588573399,0.84390247,-0.043902438,0.4563107,0.84390247
2018-1-10T13-49-33,1515588573400,0.84390247,-0.043902438,0.4563107,0.84390247
2018-1-10T13-49-33,1515588573401,0.84390247,-0.014634146,0.4563107,0.84390247
2018-1-10T13-49-33,1515588573402,0.8341463,0.004878049,0.4563107,0.8341463
2018-1-10T13-49-33,1515588573403,0.87317073,0.004878049,0.4563107,0.87317073
2018-1-10T13-49-33,1515588573404,0.85365856,0.014634146,0.4368932,0.85365856
2018-1-10T13-49-33,1515588573405,0.8341463,0.034146342,0.42718446,0.8341463
2018-1-10T13-49-33,1515588573406,0.84390247,-0.004878049,0.44660193,0.84390247
2018-1-10T13-49-33,1515588573407,0.82439023,-0.06341463,0.44660193,0.82439023
2018-1-10T13-49-33,1515588573408,0.81463414,-0.014634146,0.4368932,0.81463414
2018-1-10T13-49-33,1515588573409,0.81463414,-0.053658538,0.42718446,0.81463414
2018-1-10T13-49-33,1515588573410,0.84390247,-0.043902438,0.42718446,0.84390247
2018-1-10T13-49-33,1515588573411,0.8341463,-0.004878049,0.4368932,0.8341463
2018-1-10T13-49-33,1515588573412,0.80487806,-0.024390243,0.4563107,0.80487806
2018-1-10T13-49-33,1515588573413,0.86341465,-0.024390243,0.4368932,0.86341465
2018-1-10T13-49-33,1515588573414,0.84390247,-0.004878049,0.42718446,0.84390247
2018-1-10T13-49-33,1515588573415,0.85365856,-0.024390243,0.4563107,0.85365856
2018-1-10T13-49-33,1515588573416,0.87317073,-0.004878049,0.46601942,0.87317073
2018-1-10T13-49-33,1515588573417,0.86341465,-0.004878049,0.4563107,0.86341465
2018-1-10T13-49-33,1515588573418,0.87317073,-0.014634146,0.4368932,0.87317073
2018-1-10T13-49-33,1515588573419,0.84390247,-0.014634146,0.4368932,0.84390247
2018-1-10T13-49-33,1515588573420,0.85365856,-0.034146342,0.46601942,0.85365856
2018-1-10T13-49-33,1515588573421,0.87317073,-0.024390243,0.4563107,0.87317073
2018-1-10T13-49-33,1515588573422,0.82439023,-0.034146342,0.42718446,0.82439023
2018-1-10T13-49-33,1515588573423,0.82439023,-0.024390243,0.407767,0.82439023
2018-1-10T13-49-33,1515588573424,0.82439023,-0.024390243,0.4368932,0.82439023
2018-1-10T13-49-33,1515588573425,0.82439023,-0.004878049,0.4368932,0.82439023
2018-1-10T13-49-33,1515588573426,0.84390247,-0.024390243,0.44660193,0.84390247
2018-1-10T13-49-33,1515588573427,0.8341463,-0.004878049,0.4563107,0.8341463
2018-1-10T13-49-33,1515588573428,0.86341465,-0.014634146,0.4563107,0.86341465
2018-1-10T13-49-33,1515588573429,0.85365856,-0.043902438,0.4563107,0.85365856
2018-1-10T13-49-33,1515588573430,0.8341463,-0.043902438,0.46601942,0.8341463
2018-1-10T13-49-33,1515588573431,0.902439,-0.034146342,0.4854369,0.902439
2018-1-10T13-49-33,1515588573432,0.87317073,-0.034146342,0.4563107,0.87317073
2018-1-10T13-49-33,1515588573433,0.85365856,-0.034146342,0.41747573,0.85365856
2018-1-10T13-49-33,1515588573434,0.84390247,0.06341463,0.41747573,0.84390247
2018-1-10T13-49-33,1515588573435,0.84390247,-0.043902438,0.44660193,0.84390247
2018-1-10T13-49-33,1515588573436,0.84390247,-0.024390243,0.4368932,0.84390247
2018-1-10T13-49-33,1515588573437,0.82439023,-0.014634146,0.41747573,0.82439023
2018-1-10T13-49-33,1515588573438,0.84390247,-0.024390243,0.41747573,0.84390247
2018-1-10T13-49-33,1515588573439,0.8341463,-0.024390243,0.4563107,0.8341463
2018-1-10T13-49-33,1515588573440,0.8341463,-0.014634146,0.4563107,0.8341463
2018-1-10T13-49-33,1515588573441,0.85365856,-0.034146342,0.4368932,0.85365856
2018-1-10T13-49-33,1515588573442,0.86341465,-0.043902438,0.44660193,0.86341465
2018-1-10T13-49-33,1515588573443,0.86341465,-0.014634146,0.4563107,0.86341465
2018-1-10T13-49-33,1515588573444,0.86341465,-0.004878049,0.4368932,0.86341465
2018-1-10T13-49-33,1515588573445,0.84390247,-0.014634146,0.41747573,0.84390247
2018-1-10T13-49-33,1515588573446,0.8341463,-0.024390243,0.4368932,0.8341463
2018-1-10T13-49-33,1515588573447,0.8341463,-0.004878049,0.39805827,0.8341463
2018-1-10T13-49-33,1515588573448,0.84390247,-0.024390243,0.4368932,0.84390247
2018-1-10T13-49-33,1515588573449,0.82439023,-0.004878049,0.42718446,0.82439023
2018-1-10T13-49-33,1515588573450,0.91219515,-0.014634146,0.41747573,0.91219515
2018-1-10T13-49-33,1515588573451,0.84390247,-0.024390243,0.4368932,0.84390247
2018-1-10T13-49-33,1515588573452,0.82439023,-0.024390243,0.4368932,0.82439023
2018-1-10T13-49-33,1515588573453,0.82439023,-0.06341463,0.4563107,0.82439023
2018-1-10T13-49-33,1515588573454,0.8341463,-0.034146342,0.47572815,0.8341463
2018-1-10T13-49-33,1515588573455,0.85365856,-0.034146342,0.47572815,0.85365856
2018-1-10T13-49-33,1515588573456,0.8341463,-0.024390243,0.4563107,0.8341463
2018-1-10T13-49-33,1515588573457,0.86341465,-0.014634146,0.44660193,0.86341465
2018-1-10T13-49-33,1515588573458,0.8926829,-0.024390243,0.37864077,0.8926829
2018-1-10T13-49-33,1515588573459,0.85365856,-0.034146342,0.4368932,0.85365856
2018-1-10T13-49-33,1515588573460,0.87317073,-0.014634146,0.44660193,0.87317073
2018-1-10T13-49-33,1515588573461,0.85365856,-0.043902438,0.4368932,0.85365856
2018-1-10T13-49-33,1515588573462,0.84390247,-0.07317073,0.4368932,0.84390247
2018-1-10T13-49-33,1515588573463,0.8341463,-0.043902438,0.4368932,0.8341463
2018-1-10T13-49-33,1515588573464,0.91219515,-0.034146342,0.46601942,0.91219515
2018-1-10T13-49-33,1515588573465,0.9512195,-0.034146342,0.46601942,0.9512195
2018-1-10T13-49-33,1515588573466,0.86341465,-0.024390243,0.4563107,0.86341465
2018-1-10T13-49-33,1515588573467,0.82439023,-0.014634146,0.4368932,0.82439023
2018-1-10T13-49-33,1515588573468,0.84390247,-0.034146342,0.4368932,0.84390247
2018-1-10T13-49-33,1515588573469,0.8341463,-0.034146342,0.44660193,0.8341463
2018-1-10T13-49-33,1515588573470,0.82439023,-0.014634146,0.44660193,0.82439023
2018-1-10T13-49-33,1515588573471,0.82439023,-0.043902438,0.4368932,0.82439023
2018-1-10T13-49-33,1515588573472,0.80487806,-0.034146342,0.41747573,0.80487806
2018-1-10T13-49-33,1515588573473,0.82439023,-0.024390243,0.42718446,0.82439023
2018-1-10T13-49-33,1515588573474,0.85365856,-0.014634146,0.42718446,0.85365856
2018-1-10T13-49-33,1515588573475,0.84390247,-0.004878049,0.407767,0.84390247
2018-1-10T13-49-33,1515588573476,0.84390247,0.004878049,0.4563107,0.84390247
2018-1-10T13-49-33,1515588573477,0.82439023,0.004878049,0.4563107,0.82439023
2018-1-10T13-49-33,1515588573478,0.86341465,-0.014634146,0.4368932,0.86341465
2018-1-10T13-49-33,1515588573479,0.85365856,0.024390243,0.4368932,0.85365856
2018-1-10T13-49-33,1515588573480,0.85365856,-0.004878049,0.44660193,0.85365856
2018-1-10T13-49-33,1515588573481,0.84390247,-0.014634146,0.4563107,0.84390247
2018-1-10T13-49-33,1515588573482,0.80487806,-0.014634146,0.3883495,0.80487806
2018-1-10T13-49-33,1515588573483,0.84390247,0.004878049,0.4368932,0.84390247
2018-1-10T13-49-33,1515588573484,0.84390247,-0.024390243,0.4368932,0.84390247
2018-1-10T13-49-33,1515588573485,0.85365856,-0.034146342,0.44660193,0.85365856
2018-1-10T13-49-33,1515588573486,0.84390247,0.004878049,0.44660193,0.84390247
2018-1-10T13-49-33,1515588573487,0.85365856,-0.06341463,0.4563107,0.85365856
2018-1-10T13-49-33,1515588573488,0.86341465,-0.043902438,0.46601942,0.86341465
2018-1-10T13-49-33,1515588573489,0.82439023,-0.024390243,0.4563107,0.82439023
2018-1-10T13-49-33,1515588573490,0.87317073,-0.034146342,0.42718446,0.87317073
2018-1-10T13-49-33,1515588573491,0.86341465,-0.034146342,0.4563107,0.86341465
2018-1-10T13-49-33,1515588573492,0.8341463,-0.034146342,0.44660193,0.8341463
2018-1-10T13-49-33,1515588573493,0.8341463,-0.024390243,0.4563107,0.8341463
2018-1-10T13-49-33,1515588573494,0.84390247,-0.053658538,0.4368932,0.84390247
2018-1-10T13-49-33,1515588573495,0.79512197,-0.053658538,0.42718446,0.79512197
2018-1-10T13-49-33,1515588573496,0.79512197,-0.053658538,0.4563107,0.79512197
2018-1-10T13-49-33,1515588573497,0.8341463,-0.034146342,0.4854369,0.8341463
2018-1-10T13-49-33,1515588573498,0.8926829,-0.034146342,0.4368932,0.8926829
2018-1-10T13-49-33,1515588573499,0.85365856,0.004878049,0.4563107,0.85365856
2018-1-10T13-49-33,1515588573500,0.87317073,0.004878049,0.4563107,0.87317073
2018-1-10T13-49-33,1515588573501,0.8829268,0.024390243,0.4563107,0.8829268
2018-1-10T13-49-33,1515588573502,0.8829268,0.024390243,0.44660193,0.8829268
2018-1-10T13-49-33,1515588573503,0.87317073,0.014634146,0.4563107,0.87317073
2018-1-10T13-49-33,1515588573504,0.87317073,0.08292683,0.46601942,0.87317073
2018-1-10T13-49-33,1515588573505,0.84390247,0.014634146,0.44660193,0.84390247
2018-1-10T13-49-33,1515588573506,0.84390247,-0.004878049,0.4368932,0.84390247
2018-1-10T13-49-33,1515588573507,0.87317073,-0.004878049,0.41747573,0.87317073
2018-1-10T13-49-33,1515588573508,0.85365856,-0.08292683,0.4368932,0.85365856
2018-1-10T13-49-33,1515588573509,0.81463414,-0.014634146,0.42718446,0.81463414
2018-1-10T13-49-33,1515588573510,0.76585364,-0.024390243,0.42718446,0.76585364
2018-1-10T13-49-33,1515588573511,0.80487806,-0.034146342,0.42718446,0.80487806
2018-1-10T13-49-33,1515588573512,0.81463414,-0.024390243,0.42718446,0.81463414
2018-1-10T13-49-33,1515588573513,0.82439023,-0.07317073,0.47572815,0.82439023
2018-1-10T13-49-33,1515588573514,0.85365856,-0.043902438,0.47572815,0.85365856
2018-1-10T13-49-33,1515588573515,0.86341465,-0.10243902,0.4563107,0.86341465
2018-1-10T13-49-33,1515588573516,0.84390247,0.014634146,0.42718446,0.84390247
2018-1-10T13-49-33,1515588573517,0.87317073,-0.024390243,0.3592233,0.87317073
2018-1-10T13-49-33,1515588573518,0.86341465,-0.004878049,0.4563107,0.86341465
2018-1-10T13-49-33,1515588573519,0.85365856,-0.014634146,0.47572815,0.85365856
2018-1-10T13-49-33,1515588573520,0.84390247,0.014634146,0.4368932,0.84390247
2018-1-10T13-49-33,1515588573521,0.82439023,-0.043902438,0.4368932,0.82439023
2018-1-10T13-49-33,1515588573522,0.82439023,-0.014634146,0.36893204,0.82439023
2018-1-10T13-49-33,1515588573523,0.8341463,-0.034146342,0.37864077,0.8341463
2018-1-10T13-49-33,1515588573524,0.8341463,-0.034146342,0.44660193,0.8341463
2018-1-10T13-49-33,1515588573525,0.8341463,-0.014634146,0.44660193,0.8341463
2018-1-10T13-49-33,1515588573526,0.8341463,-0.024390243,0.4368932,0.8341463
2018-1-10T13-49-33,1515588573527,0.85365856,-0.024390243,0.44660193,0.85365856
2018-1-10T13-49-33,1515588573528,0.8341463,0.004878049,0.4563107,0.8341463
2018-1-10T13-49-33,1515588573529,0.85365856,-0.004878049,0.4368932,0.85365856
2018-1-10T13-49-33,1515588573530,0.8341463,-0.014634146,0.41747573,0.8341463
2018-1-10T13-49-33,1515588573531,0.8341463,0.004878049,0.42718446,0.8341463
2018-1-10T13-49-33,1515588573532,0.8341463,0.004878049,0.4368932,0.8341463
2018-1-10T13-49-33,1515588573533,0.84390247,-0.024390243,0.44660193,0.84390247
2018-1-10T13-49-33,1515588573534,0.8341463,-0.004878049,0.42718446,0.8341463
2018-1-10T13-49-33,1515588573535,0.84390247,0.014634146,0.4368932,0.84390247
2018-1-10T13-49-33,1515588573536,0.84390247,-0.004878049,0.44660193,0.84390247
2018-1-10T13-49-33,1515588573537,0.79512197,-0.014634146,0.4563107,0.79512197
2018-1-10T13-49-33,1515588573538,0.85365856,0.06341463,0.4563107,0.85365856
2018-1-10T13-49-33,1515588573539,0.82439023,-0.034146342,0.44660193,0.82439023
2018-1-10T13-49-33,1515588573540,0.85365856,-0.043902438,0.4563107,0.85365856
2018-1-10T13-49-33,1515588573541,0.8341463,-0.043902438,0.4563107,0.8341463
2018-1-10T13-49-33,1515588573542,0.82439023,-0.06341463,0.36893204,0.82439023
2018-1-10T13-49-33,1515588573543,0.84390247,-0.053658538,0.42718446,0.84390247
2018-1-10T13-49-33,1515588573544,0.8341463,-0.034146342,0.44660193,0.8341463
2018-1-10T13-49-33,1515588573545,0.87317073,-0.034146342,0.44660193,0.87317073
2018-1-10T13-49-33,1515588573546,0.85365856,-0.034146342,0.4563107,0.85365856
2018-1-10T13-49-33,1515588573547,0.87317073,0.004878049,0.47572815,0.87317073
2018-1-10T13-49-33,1515588573548,0.92195123,0.014634146,0.52427185,0.92195123
2018-1-10T13-49-33,1515588573549,0.8829268,0.024390243,0.42718446,0.8829268
2018-1-10T13-49-33,1515588573550,0.87317073,0.014634146,0.42718446,0.87317073
2018-1-10T13-49-33,1515588573551,0.85365856,0.043902438,0.49514562,0.85365856
2018-1-10T13-49-33,1515588573552,0.85365856,-0.014634146,0.46601942,0.85365856
2018-1-10T13-49-33,1515588573553,0.82439023,-0.024390243,0.4854369,0.82439023
2018-1-10T13-49-33,1515588573554,0.82439023,-0.024390243,0.42718446,0.82439023
2018-1-10T13-49-33,1515588573555,0.82439023,-0.053658538,0.42718446,0.82439023
2018-1-10T13-49-33,1515588573556,0.81463414,-0.043902438,0.44660193,0.81463414
2018-1-10T13-49-33,1515588573557,0.82439023,-0.053658538,0.4563107,0.82439023
2018-1-10T13-49-33,1515588573558,0.84390247,-0.053658538,0.4368932,0.84390247
2018-1-10T13-49-33,1515588573559,0.84390247,-0.053658538,0.4368932,0.84390247
2018-1-10T13-49-33,1515588573560,0.8341463,-0.034146342,0.41747573,0.8341463
2018-1-10T13-49-33,1515588573561,0.84390247,-0.014634146,0.46601942,0.84390247
2018-1-10T13-49-33,1515588573562,0.87317073,-0.034146342,0.4368932,0.87317073
2018-1-10T13-49-33,1515588573563,0.85365856,-0.014634146,0.44660193,0.85365856
2018-1-10T13-49-33,1515588573564,0.86341465,0.014634146,0.4368932,0.86341465
2018-1-10T13-49-33,1515588573565,0.85365856,-0.014634146,0.44660193,0.85365856
2018-1-10T13-49-33,1515588573566,0.84390247,-0.014634146,0.44660193,0.84390247
2018-1-10T13-49-33,1515588573567,0.84390247,-0.004878049,0.42718446,0.84390247
2018-1-10T13-49-33,1515588573568,0.82439023,-0.024390243,0.407767,0.82439023
2018-1-10T13-49-33,1515588573569,0.81463414,-0.07317073,0.4368932,0.81463414
2018-1-10T13-49-33,1515588573570,0.81463414,-0.15121952,0.44660193,0.81463414
2018-1-10T13-49-33,1515588573571,0.82439023,0.004878049,0.44660193,0.82439023
2018-1-10T13-49-33,1515588573572,0.84390247,-0.043902438,0.3883495,0.84390247
2018-1-10T13-49-33,1515588573573,0.8829268,-0.034146342,0.4368932,0.8829268
2018-1-10T13-49-33,1515588573574,0.8341463,-0.024390243,0.41747573,0.8341463
2018-1-10T13-49-33,1515588573575,0.87317073,-0.09268293,0.4563107,0.87317073
2018-1-10T13-49-33,1515588573576,0.85365856,-0.014634146,0.47572815,0.85365856
2018-1-10T13-49-33,1515588573577,0.84390247,-0.004878049,0.4368932,0.84390247
2018-1-10T13-49-33,1515588573578,0.85365856,-0.014634146,0.42718446,0.85365856
2018-1-10T13-49-33,1515588573579,0.8341463,-0.024390243,0.4563107,0.8341463
2018-1-10T13-49-33,1515588573580,0.84390247,-0.004878049,0.4854369,0.84390247
2018-1-10T13-49-33,1515588573581,0.76585364,-0.014634146,0.4563107,0.76585364
2018-1-10T13-49-33,1515588573582,0.85365856,-0.024390243,0.4368932,0.85365856
2018-1-10T13-49-33,1515588573583,0.85365856,-0.024390243,0.4563107,0.85365856
2018-1-10T13-49-33,1515588573584,0.86341465,-0.004878049,0.46601942,0.86341465
2018-1-10T13-49-33,1515588573585,0.85365856,-0.024390243,0.4563107,0.85365856
2018-1-10T13-49-33,1515588573586,0.84390247,-0.014634146,0.4368932,0.84390247
2018-1-10T13-49-33,1515588573587,0.82439023,-0.034146342,0.4368932,0.82439023
2018-1-10T13-49-33,1515588573588,0.84390247,-0.034146342,0.4563107,0.84390247
2018-1-10T13-49-33,1515588573589,0.85365856,-0.043902438,0.4563107,0.85365856
2018-1-10T13-49-33,1515588573590,0.86341465,-0.034146342,0.4563107,0.86341465
2018-1-10T13-49-33,1515588573591,0.86341465,-0.06341463,0.46601942,0.86341465
2018-1-10T13-49-33,1515588573592,0.85365856,-0.034146342,0.42718446,0.85365856
2018-1-10T13-49-33,1515588573593,0.81463414,-0.024390243,0.42718446,0.81463414
2018-1-10T13-49-33,1515588573594,0.8341463,-0.024390243,0.42718446,0.8341463
2018-1-10T13-49-33,1515588573595,0.84390247,0.014634146,0.42718446,0.84390247
2018-1-10T13-49-33,1515588573596,0.82439023,-0.014634146,0.4368932,0.82439023
2018-1-10T13-49-33,1515588573597,0.902439,-0.014634146,0.407767,0.902439
2018-1-10T13-49-33,1515588573598,0.84390247,-0.014634146,0.407767,0.84390247
2018-1-10T13-49-33,1515588573599,0.86341465,-0.014634146,0.4368932,0.86341465
2018-1-10T13-49-33,1515588573600,0.84390247,-0.004878049,0.44660193,0.84390247
2018-1-10T13-49-33,1515588573601,0.8829268,-0.004878049,0.4854369,0.8829268
2018-1-10T13-49-33,1515588573602,0.86341465,-0.004878049,0.46601942,0.86341465
2018-1-10T13-49-33,1515588573603,0.85365856,-0.024390243,0.44660193,0.85365856
2018-1-10T13-49-33,1515588573604,0.86341465,-0.014634146,0.4368932,0.86341465
2018-1-10T13-49-33,1515588573605,0.8341463,-0.014634146,0.5048544,0.8341463
2018-1-10T13-49-33,1515588573606,0.81463414,0.07317073,0.4563107,0.81463414
2018-1-10T13-49-33,1515588573607,0.85365856,-0.024390243,0.44660193,0.85365856
2018-1-10T13-49-33,1515588573608,0.85365856,-0.043902438,0.4368932,0.85365856
2018-1-10T13-49-33,1515588573609,0.7853659,-0.014634146,0.36893204,0.7853659
2018-1-10T13-49-33,1515588573610,0.86341465,-0.014634146,0.42718446,0.86341465
2018-1-10T13-49-33,1515588573611,0.85365856,-0.08292683,0.47572815,0.85365856
2018-1-10T13-49-33,1515588573612,0.84390247,-0.024390243,0.4563107,0.84390247
2018-1-10T13-49-33,1515588573613,0.84390247,-0.004878049,0.39805827,0.84390247
2018-1-10T13-49-33,1515588573614,0.87317073,-0.024390243,0.4368932,0.87317073
2018-1-10T13-49-33,1515588573615,0.86341465,-0.024390243,0.42718446,0.86341465
2018-1-10T13-49-33,1515588573616,0.82439023,-0.014634146,0.4368932,0.82439023
2018-1-10T13-49-33,1515588573617,0.8341463,-0.014634146,0.44660193,0.8341463
2018-1-10T13-49-33,1515588573618,0.82439023,-0.024390243,0.4368932,0.82439023
2018-1-10T13-49-33,1515588573619,0.8341463,-0.034146342,0.42718446,0.8341463
2018-1-10T13-49-33,1515588573620,0.85365856,-0.024390243,0.42718446,0.85365856
2018-1-10T13-49-33,1515588573621,0.84390247,-0.043902438,0.4368932,0.84390247
2018-1-10T13-49-33,1515588573622,0.82439023,-0.014634146,0.4563107,0.82439023
2018-1-10T13-49-33,1515588573623,0.84390247,0.053658538,0.44660193,0.84390247
2018-1-10T13-49-33,1515588573624,0.85365856,-0.034146342,0.4368932,0.85365856
2018-1-10T13-49-33,1515588573625,0.84390247,-0.014634146,0.4368932,0.84390247
2018-1-10T13-49-33,1515588573626,0.85365856,-0.034146342,0.44660193,0.85365856
2018-1-10T13-49-33,1515588573627,0.84390247,-0.034146342,0.4563107,0.84390247
2018-1-10T13-49-33,1515588573628,0.82439023,-0.024390243,0.41747573,0.82439023
2018-1-10T13-49-33,1515588573629,0.8341463,-0.014634146,0.42718446,0.8341463
2018-1-10T13-49-33,1515588573630,0.84390247,-0.034146342,0.4563107,0.84390247
2018-1-10T13-49-33,1515588573631,0.84390247,-0.034146342,0.4563107,0.84390247
2018-1-10T13-49-33,1515588573632,0.85365856,-0.004878049,0.44660193,0.85365856
2018-1-10T13-49-33,1515588573633,0.8829268,-0.024390243,0.4563107,0.8829268
2018-1-10T13-49-33,1515588573634,0.87317073,0.024390243,0.4563107,0.87317073
2018-1-10T13-49-33,1515588573635,0.85365856,-0.014634146,0.41747573,0.85365856
2018-1-10T13-49-33,1515588573636,0.85365856,-0.024390243,0.42718446,0.85365856
2018-1-10T13-49-33,1515588573637,0.85365856,-0.053658538,0.44660193,0.85365856
2018-1-10T13-49-33,1515588573638,0.8341463,-0.034146342,0.407767,0.8341463
2018-1-10T13-49-33,1515588573639,0.79512197,0.014634146,0.44660193,0.79512197
2018-1-10T13-49-33,1515588573640,0.85365856,-0.043902438,0.42718446,0.85365856
2018-1-10T13-49-33,1515588573641,0.8341463,-0.024390243,0.41747573,0.8341463
2018-1-10T13-49-33,1515588573642,0.82439023,-0.024390243,0.4563107,0.82439023
2018-1-10T13-49-33,1515588573643,0.84390247,-0.034146342,0.4563107,0.84390247
2018-1-10T13-49-33,1515588573644,0.8341463,0.004878049,0.44660193,0.8341463
2018-1-10T13-49-33,1515588573645,0.8341463,-0.024390243,0.46601942,0.8341463
2018-1-10T13-49-33,1515588573646,0.84390247,-0.014634146,0.4368932,0.84390247
2018-1-10T13-49-33,1515588573647,0.84390247,-0.014634146,0.36893204,0.84390247
2018-1-10T13-49-33,1515588573648,0.85365856,0.043902438,0.44660193,0.85365856
2018-1-10T13-49-33,1515588573649,0.85365856,0.004878049,0.44660193,0.85365856
2018-1-10T13-49-33,1515588573650,0.85365856,0.004878049,0.42718446,0.85365856
2018-1-10T13-49-33,1515588573651,0.85365856,0.004878049,0.42718446,0.85365856
2018-1-10T13-49-33,1515588573652,0.8341463,-0.004878049,0.44660193,0.8341463
2018-1-10T13-49-33,1515588573653,0.84390247,-0.024390243,0.44660193,0.84390247
2018-1-10T13-49-33,1515588573654,0.81463414,-0.014634146,0.4368932,0.81463414
2018-1-10T13-49-33,1515588573655,0.85365856,-0.014634146,0.4368932,0.85365856
2018-1-10T13-49-33,1515588573656,0.85365856,0.034146342,0.42718446,0.85365856
2018-1-10T13-49-33,1515588573657,0.8341463,-0.024390243,0.4563107,0.8341463
2018-1-10T13-49-33,1515588573658,0.8341463,-0.024390243,0.4368932,0.8341463
2018-1-10T13-49-33,1515588573659,0.85365856,-0.024390243,0.4368932,0.85365856
2018-1-10T13-49-33,1515588573660,0.8341463,-0.053658538,0.4368932,0.8341463
2018-1-10T13-49-33,1515588573661,0.8341463,-0.034146342,0.46601942,0.8341463
2018-1-10T13-49-33,1515588573662,0.8926829,-0.024390243,0.4563107,0.8926829
2018-1-10T13-49-33,1515588573663,0.84390247,-0.043902438,0.4563107,0.84390247
2018-1-10T13-49-33,1515588573664,0.85365856,-0.09268293,0.4368932,0.85365856
2018-1-10T13-49-33,1515588573665,0.84390247,-0.053658538,0.52427185,0.84390247
2018-1-10T13-49-33,1515588573666,0.85365856,-0.043902438,0.46601942,0.85365856
2018-1-10T13-49-33,1515588573667,0.87317073,-0.024390243,0.46601942,0.87317073
2018-1-10T13-49-33,1515588573668,0.80487806,-0.004878049,0.47572815,0.80487806
2018-1-10T13-49-33,1515588573669,0.8926829,0.014634146,0.4368932,0.8926829
2018-1-10T13-49-33,1515588573670,0.8829268,0.004878049,0.4563107,0.8829268
2018-1-10T13-49-33,1515588573671,0.86341465,0.014634146,0.44660193,0.86341465
2018-1-10T13-49-33,1515588573672,0.84390247,-0.004878049,0.4563107,0.84390247
2018-1-10T13-49-33,1515588573673,0.80487806,-0.024390243,0.44660193,0.80487806
2018-1-10T13-49-33,1515588573674,0.82439023,0.024390243,0.4368932,0.82439023
2018-1-10T13-49-33,1515588573675,0.82439023,-0.024390243,0.44660193,0.82439023
2018-1-10T13-49-33,1515588573676,0.8341463,-0.024390243,0.4563107,0.8341463
2018-1-10T13-49-33,1515588573677,0.82439023,-0.014634146,0.44660193,0.82439023
2018-1-10T13-49-33,1515588573678,0.84390247,-0.004878049,0.4563107,0.84390247
2018-1-10T13-49-33,1515588573679,0.86341465,-0.07317073,0.4368932,0.86341465
2018-1-10T13-49-33,1515588573680,0.77560973,-0.014634146,0.41747573,0.77560973
2018-1-10T13-49-33,1515588573681,0.81463414,-0.014634146,0.4563107,0.81463414
2018-1-10T13-49-33,1515588573682,0.82439023,-0.034146342,0.4563107,0.82439023
2018-1-10T13-49-33,1515588573683,0.84390247,-0.053658538,0.46601942,0.84390247
2018-1-10T13-49-33,1515588573684,0.8926829,-0.034146342,0.44660193,0.8926829
2018-1-10T13-49-33,1515588573685,0.8829268,-0.024390243,0.4368932,0.8829268
2018-1-10T13-49-33,1515588573686,0.87317073,-0.014634146,0.4368932,0.87317073
2018-1-10T13-49-33,1515588573687,0.7853659,-0.014634146,0.407767,0.7853659
2018-1-10T13-49-33,1515588573688,0.9609756,-0.034146342,0.42718446,0.9609756
2018-1-10T13-49-33,1515588573689,0.80487806,-0.034146342,0.36893204,0.80487806
2018-1-10T13-49-33,1515588573690,0.81463414,-0.043902438,0.42718446,0.81463414
2018-1-10T13-49-33,1515588573691,0.82439023,-0.053658538,0.46601942,0.82439023
2018-1-10T13-49-33,1515588573692,0.84390247,-0.053658538,0.4563107,0.84390247
2018-1-10T13-49-33,1515588573693,0.84390247,-0.034146342,0.44660193,0.84390247
2018-1-10T13-49-33,1515588573694,0.85365856,-0.024390243,0.44660193,0.85365856
2018-1-10T13-49-33,1515588573695,0.87317073,-0.004878049,0.47572815,0.87317073
2018-1-10T13-49-33,1515588573696,0.87317073,0.004878049,0.4563107,0.87317073
2018-1-10T13-49-33,1515588573697,0.84390247,0.014634146,0.44660193,0.84390247
2018-1-10T13-49-33,1515588573698,0.85365856,-0.004878049,0.4368932,0.85365856
2018-1-10T13-49-33,1515588573699,0.85365856,0.004878049,0.4368932,0.85365856
2018-1-10T13-49-33,1515588573700,0.81463414,-0.014634146,0.42718446,0.81463414
2018-1-10T13-49-33,1515588573701,0.82439023,-0.024390243,0.39805827,0.82439023
2018-1-10T13-49-33,1515588573702,0.8926829,-0.053658538,0.4368932,0.8926829
2018-1-10T13-49-33,1515588573703,0.84390247,-0.034146342,0.42718446,0.84390247
2018-1-10T13-49-33,1515588573704,0.82439023,-0.024390243,0.4563107,0.82439023
2018-1-10T13-49-33,1515588573705,0.85365856,-0.034146342,0.4368932,0.85365856
2018-1-10T13-49-33,1515588573706,0.8341463,-0.014634146,0.4368932,0.8341463
2018-1-10T13-49-33,1515588573707,0.87317073,0.004878049,0.44660193,0.87317073
2018-1-10T13-49-33,1515588573708,0.87317073,0.10243902,0.46601942,0.87317073
2018-1-10T13-49-33,1515588573709,0.8829268,-0.004878049,0.4563107,0.8829268
2018-1-10T13-49-33,1515588573710,0.8926829,-0.004878049,0.46601942,0.8926829
2018-1-10T13-49-33,1515588573711,0.8829268,-0.004878049,0.4563107,0.8829268
2018-1-10T13-49-33,1515588573712,0.86341465,-0.053658538,0.37864077,0.86341465
2018-1-10T13-49-33,1515588573713,0.82439023,-0.014634146,0.41747573,0.82439023
2018-1-10T13-49-33,1515588573714,0.82439023,-0.024390243,0.42718446,0.82439023
2018-1-10T13-49-33,1515588573715,0.82439023,-0.06341463,0.44660193,0.82439023
2018-1-10T13-49-33,1515588573716,0.82439023,0.004878049,0.4368932,0.82439023
2018-1-10T13-49-33,1515588573717,0.7853659,-0.034146342,0.42718446,0.7853659
2018-1-10T13-49-33,1515588573718,0.80487806,-0.024390243,0.4368932,0.80487806
2018-1-10T13-49-33,1515588573719,0.80487806,-0.014634146,0.44660193,0.80487806
2018-1-10T13-49-33,1515588573720,0.86341465,-0.004878049,0.46601942,0.86341465
2018-1-10T13-49-33,1515588573721,0.86341465,-0.07317073,0.44660193,0.86341465
2018-1-10T13-49-33,1515588573722,0.85365856,-0.014634146,0.42718446,0.85365856
2018-1-10T13-49-33,1515588573723,0.84390247,-0.004878049,0.44660193,0.84390247
2018-1-10T13-49-33,1515588573724,0.84390247,-0.024390243,0.44660193,0.84390247
2018-1-10T13-49-33,1515588573725,0.82439023,-0.034146342,0.49514562,0.82439023
2018-1-10T13-49-33,1515588573726,0.81463414,-0.034146342,0.41747573,0.81463414
2018-1-10T13-49-33,1515588573727,0.82439023,-0.024390243,0.4368932,0.82439023
2018-1-10T13-49-33,1515588573728,0.82439023,-0.034146342,0.46601942,0.82439023
2018-1-10T13-49-33,1515588573729,0.84390247,-0.014634146,0.4368932,0.84390247
2018-1-10T13-49-33,1515588573730,0.85365856,0.004878049,0.4368932,0.85365856
2018-1-10T13-49-33,1515588573731,0.86341465,-0.004878049,0.4563107,0.86341465
2018-1-10T13-49-33,1515588573732,0.86341465,0.004878049,0.4563107,0.86341465
2018-1-10T13-49-33,1515588573733,0.82439023,0.004878049,0.4563107,0.82439023
2018-1-10T13-49-33,1515588573734,0.87317073,-0.004878049,0.4563107,0.87317073
2018-1-10T13-49-33,1515588573735,0.85365856,-0.034146342,0.4854369,0.85365856
2018-1-10T13-49-33,1515588573736,0.85365856,-0.043902438,0.4563107,0.85365856
2018-1-10T13-49-33,1515588573737,0.8829268,-0.034146342,0.42718446,0.8829268
2018-1-10T13-49-33,1515588573738,0.85365856,-0.034146342,0.41747573,0.85365856
2018-1-10T13-49-33,1515588573739,0.8341463,-0.034146342,0.44660193,0.8341463
2018-1-10T13-49-33,1515588573740,0.8341463,-0.034146342,0.4368932,0.8341463
2018-1-10T13-49-33,1515588573741,0.85365856,0.024390243,0.42718446,0.85365856
2018-1-10T13-49-33,1515588573742,0.8341463,-0.024390243,0.4563107,0.8341463
2018-1-10T13-49-33,1515588573743,0.85365856,-0.014634146,0.4563107,0.85365856
2018-1-10T13-49-33,1515588573744,0.85365856,-0.024390243,0.44660193,0.85365856
2018-1-10T13-49-33,1515588573745,0.85365856,-0.004878049,0.42718446,0.85365856
2018-1-10T13-49-33,1515588573746,0.84390247,0.004878049,0.44660193,0.84390247
2018-1-10T13-49-33,1515588573747,0.8341463,-0.024390243,0.4563107,0.8341463
2018-1-10T13-49-33,1515588573748,0.8341463,-0.014634146,0.4563107,0.8341463
2018-1-10T13-49-33,1515588573749,0.8341463,-0.014634146,0.42718446,0.8341463
2018-1-10T13-49-33,1515588573750,0.84390247,-0.014634146,0.37864077,0.84390247
2018-1-10T13-49-33,1515588573751,0.8341463,-0.043902438,0.4368932,0.8341463
2018-1-10T13-49-33,1515588573752,0.8341463,-0.034146342,0.46601942,0.8341463
2018-1-10T13-49-33,1515588573753,0.8341463,-0.053658538,0.44660193,0.8341463
2018-1-10T13-49-33,1515588573754,0.8341463,-0.06341463,0.42718446,0.8341463
2018-1-10T13-49-33,1515588573755,0.84390247,-0.014634146,0.42718446,0.84390247
2018-1-10T13-49-33,1515588573756,0.86341465,-0.014634146,0.4563107,0.86341465
2018-1-10T13-49-33,1515588573757,0.85365856,-0.024390243,0.47572815,0.85365856
2018-1-10T13-49-33,1515588573758,0.87317073,-0.004878049,0.44660193,0.87317073
2018-1-10T13-49-33,1515588573759,0.87317073,0.014634146,0.44660193,0.87317073
2018-1-10T13-49-33,1515588573760,0.8829268,0.014634146,0.44660193,0.8829268
2018-1-10T13-49-33,1515588573761,0.7853659,0.014634146,0.42718446,0.7853659
2018-1-10T13-49-33,1515588573762,0.82439023,0.014634146,0.39805827,0.82439023
2018-1-10T13-49-33,1515588573763,0.8341463,-0.014634146,0.41747573,0.8341463
2018-1-10T13-49-33,1515588573764,0.81463414,-0.004878049,0.41747573,0.81463414
2018-1-10T13-49-33,1515588573765,0.80487806,-0.014634146,0.3883495,0.80487806
2018-1-10T13-49-33,1515588573766,0.82439023,-0.014634146,0.42718446,0.82439023
2018-1-10T13-49-33,1515588573767,0.81463414,-0.024390243,0.4368932,0.81463414
2018-1-10T13-49-33,1515588573768,0.81463414,-0.024390243,0.4368932,0.81463414
2018-1-10T13-49-33,1515588573769,0.86341465,-0.034146342,0.4563107,0.86341465
2018-1-10T13-49-33,1515588573770,0.9414634,-0.043902438,0.44660193,0.9414634
2018-1-10T13-49-33,1515588573771,0.84390247,-0.024390243,0.4563107,0.84390247
2018-1-10T13-49-33,1515588573772,0.85365856,-0.034146342,0.47572815,0.85365856
2018-1-10T13-49-33,1515588573773,0.87317073,-0.043902438,0.46601942,0.87317073
2018-1-10T13-49-33,1515588573774,0.86341465,-0.034146342,0.44660193,0.86341465
2018-1-10T13-49-33,1515588573775,0.85365856,-0.014634146,0.4563107,0.85365856
2018-1-10T13-49-33,1515588573776,0.86341465,-0.08292683,0.4563107,0.86341465
2018-1-10T13-49-33,1515588573777,0.85365856,-0.034146342,0.4368932,0.85365856
2018-1-10T13-49-33,1515588573778,0.82439023,-0.014634146,0.4368932,0.82439023
2018-1-10T13-49-33,1515588573779,0.76585364,-0.024390243,0.42718446,0.76585364
2018-1-10T13-49-33,1515588573780,0.82439023,-0.043902438,0.4368932,0.82439023
2018-1-10T13-49-33,1515588573781,0.77560973,-0.10243902,0.46601942,0.77560973
2018-1-10T13-49-33,1515588573782,0.87317073,-0.024390243,0.46601942,0.87317073
2018-1-10T13-49-33,1515588573783,0.86341465,-0.024390243,0.4368932,0.86341465
2018-1-10T13-49-33,1515588573784,0.86341465,0.004878049,0.44660193,0.86341465
2018-1-10T13-49-33,1515588573785,0.8926829,-0.004878049,0.46601942,0.8926829
2018-1-10T13-49-33,1515588573786,0.86341465,-0.024390243,0.4368932,0.86341465
2018-1-10T13-49-33,1515588573787,0.8341463,-0.024390243,0.41747573,0.8341463
2018-1-10T13-49-33,1515588573788,0.80487806,0.024390243,0.42718446,0.80487806
2018-1-10T13-49-33,1515588573789,0.81463414,-0.034146342,0.44660193,0.81463414
2018-1-10T13-49-33,1515588573790,0.82439023,-0.024390243,0.4563107,0.82439023
2018-1-10T13-49-33,1515588573791,0.8341463,0.004878049,0.4368932,0.8341463
2018-1-10T13-49-33,1515588573792,0.86341465,-0.004878049,0.4368932,0.86341465
2018-1-10T13-49-33,1515588573793,0.85365856,-0.004878049,0.47572815,0.85365856
2018-1-10T13-49-33,1515588573794,0.85365856,0.004878049,0.4368932,0.85365856
2018-1-10T13-49-33,1515588573795,0.8341463,-0.034146342,0.47572815,0.8341463
2018-1-10T13-49-33,1515588573796,0.86341465,-0.034146342,0.47572815,0.86341465
2018-1-10T13-49-33,1515588573797,0.86341465,-0.09268293,0.44660193,0.86341465
2018-1-10T13-49-33,1515588573798,0.85365856,-0.024390243,0.44660193,0.85365856
2018-1-10T13-49-33,1515588573799,0.87317073,-0.024390243,0.42718446,0.87317073
2018-1-10T13-49-33,1515588573800,0.8341463,-0.024390243,0.4368932,0.8341463
2018-1-10T13-49-33,1515588573801,0.84390247,-0.014634146,0.5145631,0.84390247
2018-1-10T13-49-33,1515588573802,0.84390247,-0.06341463,0.4368932,0.84390247
2018-1-10T13-49-33,1515588573803,0.80487806,-0.034146342,0.39805827,0.80487806
2018-1-10T13-49-33,1515588573804,0.82439023,-0.06341463,0.4368932,0.82439023
2018-1-10T13-49-33,1515588573805,0.84390247,-0.043902438,0.44660193,0.84390247
2018-1-10T13-49-33,1515588573806,0.84390247,-0.053658538,0.46601942,0.84390247
2018-1-10T13-49-33,1515588573807,0.87317073,-0.034146342,0.4368932,0.87317073
2018-1-10T13-49-33,1515588573808,0.87317073,-0.004878049,0.44660193,0.87317073
2018-1-10T13-49-33,1515588573809,0.86341465,-0.014634146,0.44660193,0.86341465
2018-1-10T13-49-33,1515588573810,0.85365856,-0.043902438,0.44660193,0.85365856
2018-1-10T13-49-33,1515588573811,0.82439023,-0.014634146,0.44660193,0.82439023
2018-1-10T13-49-33,1515588573812,0.85365856,0.11219512,0.44660193,0.85365856
2018-1-10T13-49-33,1515588573813,0.84390247,-0.043902438,0.4368932,0.84390247
2018-1-10T13-49-33,1515588573814,0.85365856,-0.024390243,0.47572815,0.85365856
2018-1-10T13-49-33,1515588573815,0.8926829,-0.014634146,0.42718446,0.8926829
2018-1-10T13-49-33,1515588573816,0.87317073,0.004878049,0.4368932,0.87317073
2018-1-10T13-49-33,1515588573817,0.8341463,0.024390243,0.42718446,0.8341463
2018-1-10T13-49-33,1515588573818,0.84390247,0.10243902,0.4368932,0.84390247
2018-1-10T13-49-33,1515588573819,0.87317073,0.004878049,0.44660193,0.87317073
2018-1-10T13-49-33,1515588573820,0.81463414,0.014634146,0.44660193,0.81463414
2018-1-10T13-49-33,1515588573821,0.85365856,0.004878049,0.42718446,0.85365856
2018-1-10T13-49-33,1515588573822,0.84390247,-0.053658538,0.46601942,0.84390247
2018-1-10T13-49-33,1515588573823,0.81463414,-0.034146342,0.46601942,0.81463414
2018-1-10T13-49-33,1515588573824,0.82439023,-0.024390243,0.42718446,0.82439023
2018-1-10T13-49-33,1515588573825,0.86341465,-0.024390243,0.41747573,0.86341465
2018-1-10T13-49-33,1515588573826,0.8341463,-0.014634146,0.41747573,0.8341463
2018-1-10T13-49-33,1515588573827,0.82439023,-0.004878049,0.4368932,0.82439023
2018-1-10T13-49-33,1515588573828,0.82439023,-0.004878049,0.4368932,0.82439023
2018-1-10T13-49-33,1515588573829,0.8341463,-0.043902438,0.44660193,0.8341463
2018-1-10T13-49-33,1515588573830,0.8341463,-0.034146342,0.44660193,0.8341463
2018-1-10T13-49-33,1515588573831,0.82439023,-0.043902438,0.4563107,0.82439023
2018-1-10T13-49-33,1515588573832,0.85365856,-0.034146342,0.4563107,0.85365856
2018-1-10T13-49-33,1515588573833,0.85365856,-0.034146342,0.44660193,0.85365856
2018-1-10T13-49-33,1515588573834,0.84390247,-0.024390243,0.4563107,0.84390247
2018-1-10T13-49-33,1515588573835,0.8341463,-0.043902438,0.42718446,0.8341463
2018-1-10T13-49-33,1515588573836,0.82439023,-0.043902438,0.4368932,0.82439023
2018-1-10T13-49-33,1515588573837,0.8341463,-0.043902438,0.4563107,0.8341463
2018-1-10T13-49-33,1515588573838,0.86341465,-0.024390243,0.46601942,0.86341465
2018-1-10T13-49-33,1515588573839,0.85365856,-0.024390243,0.4563107,0.85365856
2018-1-10T13-49-33,1515588573840,0.87317073,-0.014634146,0.4563107,0.87317073
2018-1-10T13-49-33,1515588573841,0.87317073,-0.004878049,0.44660193,0.87317073
2018-1-10T13-49-33,1515588573842,0.86341465,0.004878049,0.42718446,0.86341465
2018-1-10T13-49-33,1515588573843,0.85365856,0.014634146,0.42718446,0.85365856
2018-1-10T13-49-33,1515588573844,0.8341463,-0.014634146,0.4563107,0.8341463
2018-1-10T13-49-33,1515588573845,0.8341463,-0.034146342,0.46601942,0.8341463
2018-1-10T13-49-33,1515588573846,0.82439023,-0.024390243,0.44660193,0.82439023
2018-1-10T13-49-33,1515588573847,0.85365856,-0.043902438,0.4368932,0.85365856
2018-1-10T13-49-33,1515588573848,0.82439023,-0.053658538,0.42718446,0.82439023
2018-1-10T13-49-33,1515588573849,0.82439023,-0.034146342,0.44660193,0.82439023
2018-1-10T13-49-33,1515588573850,0.81463414,-0.014634146,0.46601942,0.81463414
2018-1-10T13-49-33,1515588573851,0.84390247,-0.034146342,0.42718446,0.84390247
2018-1-10T13-49-33,1515588573852,0.81463414,-0.034146342,0.41747573,0.81463414
2018-1-10T13-49-33,1515588573853,0.8341463,-0.024390243,0.4368932,0.8341463
2018-1-10T13-49-33,1515588573854,0.91219515,-0.004878049,0.47572815,0.91219515
2018-1-10T13-49-33,1515588573855,0.84390247,-0.004878049,0.44660193,0.84390247
2018-1-10T13-49-33,1515588573856,0.86341465,0.014634146,0.4563107,0.86341465
2018-1-10T13-49-33,1515588573857,0.8926829,0.004878049,0.4563107,0.8926829
2018-1-10T13-49-33,1515588573858,0.87317073,0.014634146,0.42718446,0.87317073
2018-1-10T13-49-33,1515588573859,0.87317073,0.004878049,0.4368932,0.87317073
2018-1-10T13-49-33,1515588573860,0.84390247,-0.004878049,0.52427185,0.84390247
2018-1-10T13-49-33,1515588573861,0.8341463,-0.034146342,0.4563107,0.8341463
2018-1-10T13-49-33,1515588573862,0.8829268,-0.043902438,0.44660193,0.8829268
2018-1-10T13-49-33,1515588573863,0.84390247,-0.024390243,0.42718446,0.84390247
2018-1-10T13-49-33,1515588573864,0.84390247,-0.024390243,0.42718446,0.84390247
2018-1-10T13-49-33,1515588573865,0.82439023,-0.024390243,0.42718446,0.82439023
2018-1-10T13-49-33,1515588573866,0.8341463,-0.004878049,0.42718446,0.8341463
2018-1-10T13-49-33,1515588573867,0.8341463,-0.014634146,0.4368932,0.8341463
2018-1-10T13-49-33,1515588573868,0.8341463,-0.07317073,0.44660193,0.8341463
2018-1-10T13-49-33,1515588573869,0.84390247,0.004878049,0.42718446,0.84390247
2018-1-10T13-49-33,1515588573870,0.79512197,0.014634146,0.4563107,0.79512197
2018-1-10T13-49-33,1515588573871,0.86341465,-0.043902438,0.46601942,0.86341465
2018-1-10T13-49-33,1515588573872,0.85365856,-0.024390243,0.4563107,0.85365856
2018-1-10T13-49-33,1515588573873,0.85365856,-0.024390243,0.39805827,0.85365856
2018-1-10T13-49-33,1515588573874,0.80487806,-0.034146342,0.4368932,0.80487806
2018-1-10T13-49-33,1515588573875,0.82439023,-0.034146342,0.47572815,0.82439023
2018-1-10T13-49-33,1515588573876,0.8341463,-0.043902438,0.46601942,0.8341463
2018-1-10T13-49-33,1515588573877,0.8341463,-0.053658538,0.42718446,0.8341463
2018-1-10T13-49-33,1515588573878,0.84390247,-0.034146342,0.42718446,0.84390247
2018-1-10T13-49-33,1515588573879,0.85365856,-0.024390243,0.407767,0.85365856
2018-1-10T13-49-33,1515588573880,0.86341465,-0.014634146,0.47572815,0.86341465
2018-1-10T13-49-33,1515588573881,0.81463414,0.034146342,0.47572815,0.81463414
2018-1-10T13-49-33,1515588573882,0.87317073,0.024390243,0.4368932,0.87317073
2018-1-10T13-49-33,1515588573883,0.86341465,0.004878049,0.44660193,0.86341465
2018-1-10T13-49-33,1515588573884,0.84390247,-0.024390243,0.44660193,0.84390247
2018-1-10T13-49-33,1515588573885,0.80487806,-0.014634146,0.44660193,0.80487806
2018-1-10T13-49-33,1515588573886,0.87317073,-0.024390243,0.47572815,0.87317073
2018-1-10T13-49-33,1515588573887,0.82439023,-0.043902438,0.44660193,0.82439023
2018-1-10T13-49-33,1515588573888,0.79512197,-0.024390243,0.41747573,0.79512197
2018-1-10T13-49-33,1515588573889,0.80487806,-0.014634146,0.42718446,0.80487806
2018-1-10T13-49-33,1515588573890,0.80487806,-0.024390243,0.42718446,0.80487806
2018-1-10T13-49-33,1515588573891,0.82439023,-0.004878049,0.41747573,0.82439023
2018-1-10T13-49-33,1515588573892,0.8341463,0.004878049,0.44660193,0.8341463
2018-1-10T13-49-33,1515588573893,0.902439,-0.014634146,0.4563107,0.902439
2018-1-10T13-49-33,1515588573894,0.87317073,-0.014634146,0.44660193,0.87317073
2018-1-10T13-49-33,1515588573895,0.87317073,0.004878049,0.42718446,0.87317073
2018-1-10T13-49-33,1515588573896,0.86341465,-0.024390243,0.47572815,0.86341465
2018-1-10T13-49-33,1515588573897,0.84390247,-0.014634146,0.4368932,0.84390247
2018-1-10T13-49-33,1515588573898,0.82439023,-0.014634146,0.4563107,0.82439023
2018-1-10T13-49-33,1515588573899,0.8341463,-0.024390243,0.44660193,0.8341463
2018-1-10T13-49-33,1515588573900,0.85365856,-0.043902438,0.41747573,0.85365856
2018-1-10T13-49-33,1515588573901,0.82439023,-0.024390243,0.407767,0.82439023
2018-1-10T13-49-33,1515588573902,0.84390247,-0.024390243,0.4563107,0.84390247
2018-1-10T13-49-33,1515588573903,0.85365856,-0.034146342,0.46601942,0.85365856
2018-1-10T13-49-33,1515588573904,0.8926829,-0.034146342,0.47572815,0.8926829
2018-1-10T13-49-33,1515588573905,0.85365856,-0.024390243,0.4563107,0.85365856
2018-1-10T13-49-33,1515588573906,0.87317073,-0.024390243,0.44660193,0.87317073
2018-1-10T13-49-33,1515588573907,0.84390247,-0.043902438,0.42718446,0.84390247
2018-1-10T13-49-33,1515588573908,0.82439023,-0.034146342,0.42718446,0.82439023
2018-1-10T13-49-33,1515588573909,0.81463414,-0.06341463,0.46601942,0.81463414
2018-1-10T13-49-33,1515588573910,0.82439023,-0.053658538,0.44660193,0.82439023
2018-1-10T13-49-33,1515588573911,0.8341463,-0.053658538,0.44660193,0.8341463
2018-1-10T13-49-33,1515588573912,0.85365856,-0.034146342,0.42718446,0.85365856
2018-1-10T13-49-33,1515588573913,0.85365856,-0.014634146,0.4368932,0.85365856
2018-1-10T13-49-33,1515588573914,0.902439,0.014634146,0.4563107,0.902439
2018-1-10T13-49-33,1515588573915,0.86341465,0.004878049,0.46601942,0.86341465
2018-1-10T13-49-33,1515588573916,0.8829268,-0.004878049,0.44660193,0.8829268
2018-1-10T13-49-33,1515588573917,0.87317073,-0.024390243,0.4368932,0.87317073
2018-1-10T13-49-33,1515588573918,0.86341465,0.053658538,0.4563107,0.86341465
2018-1-10T13-49-33,1515588573919,0.85365856,-0.024390243,0.47572815,0.85365856
2018-1-10T13-49-33,1515588573920,0.85365856,-0.034146342,0.4563107,0.85365856
2018-1-10T13-49-33,1515588573921,0.82439023,-0.024390243,0.42718446,0.82439023
2018-1-10T13-49-33,1515588573922,0.85365856,0.024390243,0.4368932,0.85365856
2018-1-10T13-49-33,1515588573923,0.9414634,-0.014634146,0.42718446,0.9414634
2018-1-10T13-49-33,1515588573924,0.82439023,-0.014634146,0.42718446,0.82439023
2018-1-10T13-49-33,1515588573925,0.8341463,0.024390243,0.4368932,0.8341463
2018-1-10T13-49-33,1515588573926,0.87317073,-0.034146342,0.44660193,0.87317073
2018-1-10T13-49-33,1515588573927,0.85365856,-0.034146342,0.44660193,0.85365856
2018-1-10T13-49-33,1515588573928,0.84390247,-0.043902438,0.4563107,0.84390247
2018-1-10T13-49-33,1515588573929,0.85365856,-0.034146342,0.47572815,0.85365856
2018-1-10T13-49-33,1515588573930,0.85365856,-0.034146342,0.44660193,0.85365856
2018-1-10T13-49-33,1515588573931,0.87317073,-0.034146342,0.41747573,0.87317073
2018-1-10T13-49-33,1515588573932,0.82439023,-0.06341463,0.41747573,0.82439023
2018-1-10T13-49-33,1515588573933,0.81463414,-0.053658538,0.42718446,0.81463414
2018-1-10T13-49-33,1515588573934,0.81463414,-0.034146342,0.4563107,0.81463414
2018-1-10T13-49-33,1515588573935,0.84390247,-0.004878049,0.4563107,0.84390247
2018-1-10T13-49-33,1515588573936,0.84390247,0.053658538,0.4563107,0.84390247
2018-1-10T13-49-33,1515588573937,0.85365856,-0.004878049,0.46601942,0.85365856
2018-1-10T13-49-33,1515588573938,0.87317073,0.004878049,0.4368932,0.87317073
2018-1-10T13-49-33,1515588573939,0.87317073,0.014634146,0.44660193,0.87317073
2018-1-10T13-49-33,1515588573940,0.8829268,0.004878049,0.44660193,0.8829268
2018-1-10T13-49-33,1515588573941,0.87317073,0.014634146,0.46601942,0.87317073
2018-1-10T13-49-33,1515588573942,0.86341465,-0.014634146,0.47572815,0.86341465
2018-1-10T13-49-33,1515588573943,0.85365856,-0.004878049,0.4368932,0.85365856
2018-1-10T13-49-33,1515588573944,0.84390247,-0.004878049,0.41747573,0.84390247
2018-1-10T13-49-33,1515588573945,0.84390247,-0.034146342,0.41747573,0.84390247
2018-1-10T13-49-33,1515588573946,0.82439023,-0.043902438,0.4368932,0.82439023
2018-1-10T13-49-33,1515588573947,0.80487806,-0.14146341,0.44660193,0.80487806
2018-1-10T13-49-33,1515588573948,0.82439023,-0.034146342,0.4368932,0.82439023
2018-1-10T13-49-33,1515588573949,0.82439023,-0.043902438,0.4368932,0.82439023
2018-1-10T13-49-33,1515588573950,0.81463414,-0.043902438,0.4563107,0.81463414
2018-1-10T13-49-33,1515588573951,0.86341465,-0.034146342,0.44660193,0.86341465
2018-1-10T13-49-33,1515588573952,0.87317073,-0.014634146,0.4563107,0.87317073
2018-1-10T13-49-33,1515588573953,0.85365856,-0.014634146,0.47572815,0.85365856
2018-1-10T13-49-33,1515588573954,0.8829268,-0.004878049,0.47572815,0.8829268
2018-1-10T13-49-33,1515588573955,0.8829268,-0.08292683,0.42718446,0.8829268
2018-1-10T13-49-33,1515588573956,0.86341465,-0.014634146,0.4563107,0.86341465
2018-1-10T13-49-33,1515588573957,0.82439023,0.024390243,0.41747573,0.82439023
2018-1-10T13-49-33,1515588573958,0.8341463,0.004878049,0.4368932,0.8341463
2018-1-10T13-49-33,1515588573959,0.80487806,-0.043902438,0.44660193,0.80487806
2018-1-10T13-49-33,1515588573960,0.81463414,-0.034146342,0.44660193,0.81463414
2018-1-10T13-49-33,1515588573961,0.84390247,-0.024390243,0.407767,0.84390247
2018-1-10T13-49-33,1515588573962,0.8341463,-0.024390243,0.39805827,0.8341463
2018-1-10T13-49-33,1515588573963,0.85365856,0.004878049,0.44660193,0.85365856
2018-1-10T13-49-33,1515588573964,0.87317073,-0.014634146,0.41747573,0.87317073
2018-1-10T13-49-33,1515588573965,0.86341465,0.014634146,0.46601942,0.86341465
2018-1-10T13-49-33,1515588573966,0.85365856,-0.014634146,0.4563107,0.85365856
2018-1-10T13-49-33,1515588573967,0.84390247,-0.014634146,0.4368932,0.84390247
2018-1-10T13-49-33,1515588573968,0.82439023,-0.024390243,0.42718446,0.82439023
2018-1-10T13-49-33,1515588573969,0.80487806,-0.034146342,0.41747573,0.80487806
2018-1-10T13-49-33,1515588573970,0.79512197,-0.024390243,0.42718446,0.79512197
2018-1-10T13-49-33,1515588573971,0.82439023,-0.043902438,0.42718446,0.82439023
2018-1-10T13-49-33,1515588573972,0.8341463,-0.043902438,0.42718446,0.8341463
2018-1-10T13-49-33,1515588573973,0.82439023,-0.014634146,0.4368932,0.82439023
2018-1-10T13-49-33,1515588573974,0.85365856,-0.014634146,0.4563107,0.85365856
2018-1-10T13-49-33,1515588573975,0.86341465,-0.024390243,0.49514562,0.86341465
2018-1-10T13-49-33,1515588573976,0.87317073,-0.014634146,0.47572815,0.87317073
2018-1-10T13-49-33,1515588573977,0.902439,-0.014634146,0.4563107,0.902439
2018-1-10T13-49-33,1515588573978,0.8926829,-0.004878049,0.52427185,0.8926829
2018-1-10T13-49-33,1515588573979,0.87317073,-0.024390243,0.4563107,0.87317073
2018-1-10T13-49-33,1515588573980,0.85365856,-0.053658538,0.47572815,0.85365856
2018-1-10T13-49-33,1515588573981,0.86341465,-0.06341463,0.4368932,0.86341465
2018-1-10T13-49-33,1515588573982,0.81463414,-0.06341463,0.407767,0.81463414
2018-1-10T13-49-33,1515588573983,0.80487806,-0.06341463,0.41747573,0.80487806
2018-1-10T13-49-33,1515588573984,0.8341463,-0.043902438,0.42718446,0.8341463
2018-1-10T13-49-33,1515588573985,0.85365856,-0.004878049,0.46601942,0.85365856
2018-1-10T13-49-33,1515588573986,0.82439023,0.06341463,0.44660193,0.82439023
2018-1-10T13-49-33,1515588573987,0.87317073,-0.024390243,0.4368932,0.87317073
2018-1-10T13-49-33,1515588573988,0.86341465,0.034146342,0.44660193,0.86341465
2018-1-10T13-49-33,1515588573989,0.84390247,0.014634146,0.47572815,0.84390247
2018-1-10T13-49-33,1515588573990,0.84390247,-0.004878049,0.46601942,0.84390247
2018-1-10T13-49-33,1515588573991,0.84390247,-0.043902438,0.44660193,0.84390247
2018-1-10T13-49-33,1515588573992,0.82439023,-0.024390243,0.42718446,0.82439023
2018-1-10T13-49-33,1515588573993,0.8341463,-0.024390243,0.407767,0.8341463
2018-1-10T13-49-33,1515588573994,0.81463414,-0.024390243,0.39805827,0.81463414
2018-1-10T13-49-33,1515588573995,0.81463414,-0.014634146,0.44660193,0.81463414
2018-1-10T13-49-33,1515588573996,0.85365856,-0.014634146,0.44660193,0.85365856
2018-1-10T13-49-33,1515588573997,0.81463414,-0.053658538,0.4368932,0.81463414
2018-1-10T13-49-33,1515588573998,0.82439023,-0.034146342,0.4368932,0.82439023
2018-1-10T13-49-33,1515588573999,0.84390247,-0.034146342,0.4563107,0.84390247
2018-1-10T13-49-34,1515588574000,0.9414634,-0.024390243,0.4854369,0.9414634
2018-1-10T13-49-34,1515588574001,0.87317073,-0.034146342,0.46601942,0.87317073
2018-1-10T13-49-34,1515588574002,0.86341465,-0.014634146,0.47572815,0.86341465
2018-1-10T13-49-34,1515588574003,0.87317073,-0.024390243,0.4563107,0.87317073
2018-1-10T13-49-34,1515588574004,0.8829268,-0.043902438,0.4563107,0.8829268
2018-1-10T13-49-34,1515588574005,0.84390247,-0.034146342,0.41747573,0.84390247
2018-1-10T13-49-34,1515588574006,0.8341463,-0.043902438,0.42718446,0.8341463
2018-1-10T13-49-34,1515588574007,0.85365856,-0.043902438,0.4368932,0.85365856
2018-1-10T13-49-34,1515588574008,0.8341463,-0.043902438,0.44660193,0.8341463
2018-1-10T13-49-34,1515588574009,0.8341463,0.07317073,0.44660193,0.8341463
2018-1-10T13-49-34,1515588574010,0.80487806,-0.024390243,0.44660193,0.80487806
2018-1-10T13-49-34,1515588574011,0.87317073,-0.034146342,0.4563107,0.87317073
2018-1-10T13-49-34,1515588574012,0.86341465,-0.004878049,0.44660193,0.86341465
2018-1-10T13-49-34,1515588574013,0.84390247,0.024390243,0.4368932,0.84390247
2018-1-10T13-49-34,1515588574014,0.85365856,-0.004878049,0.44660193,0.85365856
2018-1-10T13-49-34,1515588574015,0.77560973,-0.014634146,0.4368932,0.77560973
2018-1-10T13-49-34,1515588574016,0.86341465,0.014634146,0.407767,0.86341465
2018-1-10T13-49-34,1515588574017,0.81463414,-0.024390243,0.4368932,0.81463414
2018-1-10T13-49-34,1515588574018,0.81463414,-0.024390243,0.42718446,0.81463414
2018-1-10T13-49-34,1515588574019,0.81463414,-0.014634146,0.4368932,0.81463414
2018-1-10T13-49-34,1515588574020,0.85365856,-0.004878049,0.44660193,0.85365856
2018-1-10T13-49-34,1515588574021,0.85365856,-0.004878049,0.4563107,0.85365856
2018-1-10T13-49-34,1515588574022,0.86341465,-0.014634146,0.4563107,0.86341465
2018-1-10T13-49-34,1515588574023,0.87317073,0.024390243,0.4563107,0.87317073
2018-1-10T13-49-34,1515588574024,0.85365856,-0.014634146,0.4563107,0.85365856
2018-1-10T13-49-34,1515588574025,0.85365856,-0.004878049,0.4563107,0.85365856
2018-1-10T13-49-34,1515588574026,0.8829268,-0.024390243,0.46601942,0.8829268
2018-1-10T13-49-34,1515588574027,0.85365856,-0.034146342,0.46601942,0.85365856
2018-1-10T13-49-34,1515588574028,0.84390247,-0.034146342,0.4563107,0.84390247
2018-1-10T13-49-34,1515588574029,0.8341463,-0.06341463,0.46601942,0.8341463
2018-1-10T13-49-34,1515588574030,0.82439023,-0.053658538,0.41747573,0.82439023
2018-1-10T13-49-34,1515588574031,0.80487806,-0.053658538,0.39805827,0.80487806
2018-1-10T13-49-34,1515588574032,0.82439023,-0.06341463,0.4563107,0.82439023
2018-1-10T13-49-34,1515588574033,0.8341463,-0.06341463,0.4563107,0.8341463
2018-1-10T13-49-34,1515588574034,0.84390247,-0.024390243,0.46601942,0.84390247
2018-1-10T13-49-34,1515588574035,0.86341465,0.004878049,0.4368932,0.86341465
2018-1-10T13-49-34,1515588574036,0.86341465,-0.004878049,0.44660193,0.86341465
2018-1-10T13-49-34,1515588574037,0.86341465,0.004878049,0.44660193,0.86341465
2018-1-10T13-49-34,1515588574038,0.84390247,-0.004878049,0.4563107,0.84390247
2018-1-10T13-49-34,1515588574039,0.86341465,-0.034146342,0.47572815,0.86341465
2018-1-10T13-49-34,1515588574040,0.85365856,-0.004878049,0.42718446,0.85365856
2018-1-10T13-49-34,1515588574041,0.81463414,-0.014634146,0.41747573,0.81463414
2018-1-10T13-49-34,1515588574042,0.82439023,-0.06341463,0.4563107,0.82439023
2018-1-10T13-49-34,1515588574043,0.80487806,-0.034146342,0.4368932,0.80487806
2018-1-10T13-49-34,1515588574044,0.8341463,0.06341463,0.42718446,0.8341463
2018-1-10T13-49-34,1515588574045,0.84390247,-0.014634146,0.4368932,0.84390247
2018-1-10T13-49-34,1515588574046,0.8926829,-0.11219512,0.44660193,0.8926829
2018-1-10T13-49-34,1515588574047,0.82439023,-0.024390243,0.39805827,0.82439023
2018-1-10T13-49-34,1515588574048,0.85365856,-0.014634146,0.44660193,0.85365856
2018-1-10T13-49-34,1515588574049,0.85365856,-0.014634146,0.4563107,0.85365856
2018-1-10T13-49-34,1515588574050,0.84390247,-0.034146342,0.4563107,0.84390247
2018-1-10T13-49-34,1515588574051,0.85365856,-0.014634146,0.44660193,0.85365856
2018-1-10T13-49-34,1515588574052,0.85365856,-0.024390243,0.46601942,0.85365856
2018-1-10T13-49-34,1515588574053,0.85365856,-0.014634146,0.41747573,0.85365856
2018-1-10T13-49-34,1515588574054,0.8341463,-0.014634146,0.42718446,0.8341463
2018-1-10T13-49-34,1515588574055,0.8341463,-0.024390243,0.44660193,0.8341463
2018-1-10T13-49-34,1515588574056,0.84390247,-0.043902438,0.4368932,0.84390247
2018-1-10T13-49-34,1515588574057,0.84390247,-0.024390243,0.4368932,0.84390247
2018-1-10T13-49-34,1515588574058,0.84390247,-0.014634146,0.44660193,0.84390247
2018-1-10T13-49-34,1515588574059,0.86341465,-0.024390243,0.4563107,0.86341465
2018-1-10T13-49-34,1515588574060,0.85365856,-0.024390243,0.41747573,0.85365856
2018-1-10T13-49-34,1515588574061,0.82439023,-0.004878049,0.4563107,0.82439023
2018-1-10T13-49-34,1515588574062,0.87317073,-0.014634146,0.4368932,0.87317073
2018-1-10T13-49-34,1515588574063,0.85365856,-0.024390243,0.4563107,0.85365856
2018-1-10T13-49-34,1515588574064,0.85365856,-0.024390243,0.46601942,0.85365856
2018-1-10T13-49-34,1515588574065,0.84390247,-0.034146342,0.44660193,0.84390247
2018-1-10T13-49-34,1515588574066,0.84390247,-0.034146342,0.39805827,0.84390247
2018-1-10T13-49-34,1515588574067,0.75609756,-0.043902438,0.44660193,0.75609756
2018-1-10T13-49-34,1515588574068,0.8341463,-0.024390243,0.4563107,0.8341463
2018-1-10T13-49-34,1515588574069,0.85365856,-0.034146342,0.42718446,0.85365856
2018-1-10T13-49-34,1515588574070,0.8341463,-0.014634146,0.41747573,0.8341463
2018-1-10T13-49-34,1515588574071,0.79512197,-0.004878049,0.44660193,0.79512197
2018-1-10T13-49-34,1515588574072,0.84390247,-0.034146342,0.39805827,0.84390247
2018-1-10T13-49-34,1515588574073,0.8341463,-0.024390243,0.44660193,0.8341463
2018-1-10T13-49-34,1515588574074,0.8341463,-0.024390243,0.44660193,0.8341463
2018-1-10T13-49-34,1515588574075,0.86341465,-0.034146342,0.4368932,0.86341465
2018-1-10T13-49-34,1515588574076,0.84390247,-0.06341463,0.407767,0.84390247
2018-1-10T13-49-34,1515588574077,0.84390247,-0.004878049,0.4368932,0.84390247
2018-1-10T13-49-34,1515588574078,0.85365856,-0.014634146,0.4563107,0.85365856
2018-1-10T13-49-34,1515588574079,0.85365856,0.08292683,0.4368932,0.85365856
2018-1-10T13-49-34,1515588574080,0.77560973,-0.024390243,0.42718446,0.77560973
2018-1-10T13-49-34,1515588574081,0.8341463,-0.024390243,0.4368932,0.8341463
2018-1-10T13-49-34,1515588574082,0.84390247,-0.024390243,0.4368932,0.84390247
2018-1-10T13-49-34,1515588574083,0.84390247,-0.024390243,0.4368932,0.84390247
2018-1-10T13-49-34,1515588574084,0.85365856,0.004878049,0.44660193,0.85365856
2018-1-10T13-49-34,1515588574085,0.85365856,-0.024390243,0.4368932,0.85365856
2018-1-10T13-49-34,1515588574086,0.8341463,-0.024390243,0.4368932,0.8341463
2018-1-10T13-49-34,1515588574087,0.84390247,-0.004878049,0.4563107,0.84390247
2018-1-10T13-49-34,1515588574088,0.77560973,-0.024390243,0.44660193,0.77560973
2018-1-10T13-49-34,1515588574089,0.7853659,0.034146342,0.44660193,0.7853659
2018-1-10T13-49-34,1515588574090,0.82439023,-0.024390243,0.4368932,0.82439023
2018-1-10T13-49-34,1515588574091,0.8341463,-0.024390243,0.44660193,0.8341463
2018-1-10T13-49-34,1515588574092,0.8341463,-0.034146342,0.44660193,0.8341463
2018-1-10T13-49-34,1515588574093,0.85365856,-0.004878049,0.4368932,0.85365856
2018-1-10T13-49-34,1515588574094,0.84390247,0.004878049,0.4368932,0.84390247
2018-1-10T13-49-34,1515588574095,0.77560973,-0.014634146,0.407767,0.77560973
2018-1-10T13-49-34,1515588574096,0.84390247,-0.034146342,0.3883495,0.84390247
2018-1-10T13-49-34,1515588574097,0.82439023,-0.014634146,0.47572815,0.82439023
2018-1-10T13-49-34,1515588574098,0.84390247,-0.014634146,0.44660193,0.84390247
2018-1-10T13-49-34,1515588574099,0.84390247,-0.034146342,0.4563107,0.84390247
2018-1-10T13-49-34,1515588574100,0.86341465,-0.034146342,0.46601942,0.86341465
2018-1-10T13-49-34,1515588574101,0.86341465,-0.034146342,0.407767,0.86341465
2018-1-10T13-49-34,1515588574102,0.85365856,-0.024390243,0.3883495,0.85365856
2018-1-10T13-49-34,1515588574103,0.8341463,-0.024390243,0.44660193,0.8341463
2018-1-10T13-49-34,1515588574104,0.84390247,-0.043902438,0.4563107,0.84390247
2018-1-10T13-49-34,1515588574105,0.81463414,-0.06341463,0.407767,0.81463414
2018-1-10T13-49-34,1515588574106,0.82439023,-0.034146342,0.42718446,0.82439023
2018-1-10T13-49-34,1515588574107,0.82439023,-0.043902438,0.44660193,0.82439023
2018-1-10T13-49-34,1515588574108,0.84390247,0.07317073,0.4563107,0.84390247
2018-1-10T13-49-34,1515588574109,0.86341465,-0.043902438,0.4563107,0.86341465
2018-1-10T13-49-34,1515588574110,0.85365856,0.014634146,0.4563107,0.85365856
2018-1-10T13-49-34,1515588574111,0.8926829,-0.004878049,0.44660193,0.8926829
2018-1-10T13-49-34,1515588574112,0.87317073,-0.043902438,0.4563107,0.87317073
2018-1-10T13-49-34,1515588574113,0.87317073,0.024390243,0.4368932,0.87317073
2018-1-10T13-49-34,1515588574114,0.86341465,0.09268293,0.42718446,0.86341465
2018-1-10T13-49-34,1515588574115,0.82439023,-0.043902438,0.4368932,0.82439023
2018-1-10T13-49-34,1515588574116,0.84390247,-0.014634146,0.44660193,0.84390247
2018-1-10T13-49-34,1515588574117,0.84390247,-0.034146342,0.44660193,0.84390247
2018-1-10T13-49-34,1515588574118,0.82439023,-0.024390243,0.44660193,0.82439023
2018-1-10T13-49-34,1515588574119,0.84390247,-0.024390243,0.44660193,0.84390247
2018-1-10T13-49-34,1515588574120,0.84390247,-0.06341463,0.4368932,0.84390247
2018-1-10T13-49-34,1515588574121,0.86341465,-0.004878049,0.4368932,0.86341465
2018-1-10T13-49-34,1515588574122,0.85365856,-0.004878049,0.44660193,0.85365856
2018-1-10T13-49-34,1515588574123,0.8829268,-0.014634146,0.44660193,0.8829268
2018-1-10T13-49-34,1515588574124,0.85365856,-0.004878049,0.42718446,0.85365856
2018-1-10T13-49-34,1515588574125,0.8341463,-0.024390243,0.4368932,0.8341463
2018-1-10T13-49-34,1515588574126,0.84390247,-0.024390243,0.44660193,0.84390247
2018-1-10T13-49-34,1515588574127,0.82439023,-0.053658538,0.44660193,0.82439023
2018-1-10T13-49-34,1515588574128,0.81463414,-0.053658538,0.44660193,0.81463414
2018-1-10T13-49-34,1515588574129,0.85365856,-0.043902438,0.44660193,0.85365856
2018-1-10T13-49-34,1515588574130,0.86341465,-0.053658538,0.4563107,0.86341465
2018-1-10T13-49-34,1515588574131,0.85365856,-0.024390243,0.4368932,0.85365856
2018-1-10T13-49-34,1515588574132,0.84390247,-0.024390243,0.42718446,0.84390247
2018-1-10T13-49-34,1515588574133,0.85365856,0.08292683,0.42718446,0.85365856
2018-1-10T13-49-34,1515588574134,0.87317073,-0.004878049,0.4368932,0.87317073
2018-1-10T13-49-34,1515588574135,0.85365856,0.014634146,0.44660193,0.85365856
2018-1-10T13-49-34,1515588574136,0.82439023,-0.024390243,0.44660193,0.82439023
2018-1-10T13-49-34,1515588574137,0.85365856,-0.034146342,0.4563107,0.85365856
2018-1-10T13-49-34,1515588574138,0.86341465,-0.004878049,0.44660193,0.86341465
2018-1-10T13-49-34,1515588574139,0.84390247,-0.014634146,0.42718446,0.84390247
2018-1-10T13-49-34,1515588574140,0.8341463,-0.034146342,0.42718446,0.8341463
2018-1-10T13-49-34,1515588574141,0.81463414,-0.004878049,0.4368932,0.81463414
2018-1-10T13-49-34,1515588574142,0.82439023,-0.034146342,0.44660193,0.82439023
2018-1-10T13-49-34,1515588574143,0.8341463,-0.043902438,0.44660193,0.8341463
2018-1-10T13-49-34,1515588574144,0.84390247,-0.024390243,0.42718446,0.84390247
2018-1-10T13-49-34,1515588574145,0.87317073,-0.014634146,0.44660193,0.87317073
2018-1-10T13-49-34,1515588574146,0.85365856,-0.004878049,0.46601942,0.85365856
2018-1-10T13-49-34,1515588574147,0.87317073,-0.014634146,0.44660193,0.87317073
2018-1-10T13-49-34,1515588574148,0.87317073,-0.004878049,0.41747573,0.87317073
2018-1-10T13-49-34,1515588574149,0.8829268,-0.043902438,0.44660193,0.8829268
2018-1-10T13-49-34,1515588574150,0.8829268,0.004878049,0.4563107,0.8829268
2018-1-10T13-49-34,1515588574151,0.86341465,-0.014634146,0.42718446,0.86341465
2018-1-10T13-49-34,1515588574152,0.82439023,-0.014634146,0.41747573,0.82439023
2018-1-10T13-49-34,1515588574153,0.84390247,-0.014634146,0.4368932,0.84390247
2018-1-10T13-49-34,1515588574154,0.82439023,-0.034146342,0.41747573,0.82439023
2018-1-10T13-49-34,1515588574155,0.8341463,-0.034146342,0.44660193,0.8341463
2018-1-10T13-49-34,1515588574156,0.84390247,-0.024390243,0.44660193,0.84390247
2018-1-10T13-49-34,1515588574157,0.902439,-0.043902438,0.4563107,0.902439
2018-1-10T13-49-34,1515588574158,0.7853659,0.014634146,0.4563107,0.7853659
2018-1-10T13-49-34,1515588574159,0.86341465,-0.034146342,0.49514562,0.86341465
2018-1-10T13-49-34,1515588574160,0.85365856,-0.043902438,0.49514562,0.85365856
2018-1-10T13-49-34,1515588574161,0.85365856,-0.034146342,0.407767,0.85365856
2018-1-10T13-49-34,1515588574162,0.84390247,-0.043902438,0.44660193,0.84390247
2018-1-10T13-49-34,1515588574163,0.84390247,-0.014634146,0.42718446,0.84390247
2018-1-10T13-49-34,1515588574164,0.8341463,-0.014634146,0.41747573,0.8341463
2018-1-10T13-49-34,1515588574165,0.8341463,-0.014634146,0.4368932,0.8341463
2018-1-10T13-49-34,1515588574166,0.82439023,-0.014634146,0.4368932,0.82439023
2018-1-10T13-49-34,1515588574167,0.82439023,-0.034146342,0.4563107,0.82439023
2018-1-10T13-49-34,1515588574168,0.81463414,-0.043902438,0.42718446,0.81463414
2018-1-10T13-49-34,1515588574169,0.8341463,-0.043902438,0.4563107,0.8341463
2018-1-10T13-49-34,1515588574170,0.8341463,-0.043902438,0.41747573,0.8341463
2018-1-10T13-49-34,1515588574171,0.85365856,-0.034146342,0.46601942,0.85365856
2018-1-10T13-49-34,1515588574172,0.87317073,-0.014634146,0.4563107,0.87317073
2018-1-10T13-49-34,1515588574173,0.8926829,-0.034146342,0.4563107,0.8926829
2018-1-10T13-49-34,1515588574174,0.91219515,-0.014634146,0.44660193,0.91219515
2018-1-10T13-49-34,1515588574175,0.86341465,-0.004878049,0.44660193,0.86341465
2018-1-10T13-49-34,1515588574176,0.86341465,-0.024390243,0.39805827,0.86341465
2018-1-10T13-49-34,1515588574177,0.8341463,-0.024390243,0.4368932,0.8341463
2018-1-10T13-49-34,1515588574178,0.8341463,-0.014634146,0.4563107,0.8341463
2018-1-10T13-49-34,1515588574179,0.86341465,-0.024390243,0.46601942,0.86341465
2018-1-10T13-49-34,1515588574180,0.85365856,-0.014634146,0.44660193,0.85365856
2018-1-10T13-49-34,1515588574181,0.86341465,-0.053658538,0.44660193,0.86341465
2018-1-10T13-49-34,1515588574182,0.85365856,-0.004878049,0.44660193,0.85365856
2018-1-10T13-49-34,1515588574183,0.85365856,-0.014634146,0.44660193,0.85365856
2018-1-10T13-49-34,1515588574184,0.82439023,0.004878049,0.44660193,0.82439023
2018-1-10T13-49-34,1515588574185,0.84390247,-0.014634146,0.4368932,0.84390247
2018-1-10T13-49-34,1515588574186,0.84390247,-0.014634146,0.4368932,0.84390247
2018-1-10T13-49-34,1515588574187,0.82439023,-0.014634146,0.407767,0.82439023
2018-1-10T13-49-34,1515588574188,0.8341463,-0.034146342,0.41747573,0.8341463
2018-1-10T13-49-34,1515588574189,0.76585364,-0.034146342,0.42718446,0.76585364
2018-1-10T13-49-34,1515588574190,0.82439023,-0.034146342,0.4368932,0.82439023
2018-1-10T13-49-34,1515588574191,0.81463414,-0.034146342,0.46601942,0.81463414
2018-1-10T13-49-34,1515588574192,0.84390247,-0.034146342,0.4368932,0.84390247
2018-1-10T13-49-34,1515588574193,0.8341463,-0.034146342,0.41747573,0.8341463
2018-1-10T13-49-34,1515588574194,0.74634147,-0.024390243,0.4563107,0.74634147
2018-1-10T13-49-34,1515588574195,0.86341465,-0.014634146,0.47572815,0.86341465
2018-1-10T13-49-34,1515588574196,0.87317073,-0.014634146,0.4563107,0.87317073
2018-1-10T13-49-34,1515588574197,0.8926829,0.014634146,0.47572815,0.8926829
2018-1-10T13-49-34,1515588574198,0.91219515,-0.004878049,0.47572815,0.91219515
2018-1-10T13-49-34,1515588574199,0.8829268,-0.024390243,0.4368932,0.8829268
2018-1-10T13-49-34,1515588574200,0.85365856,-0.004878049,0.42718446,0.85365856
2018-1-10T13-49-34,1515588574201,0.8341463,-0.024390243,0.4563107,0.8341463
2018-1-10T13-49-34,1515588574202,0.82439023,-0.043902438,0.44660193,0.82439023
2018-1-10T13-49-34,1515588574203,0.74634147,-0.07317073,0.42718446,0.74634147
2018-1-10T13-49-34,1515588574204,0.82439023,-0.024390243,0.44660193,0.82439023
2018-1-10T13-49-34,1515588574205,0.84390247,-0.034146342,0.46601942,0.84390247
2018-1-10T13-49-34,1515588574206,0.8341463,-0.024390243,0.42718446,0.8341463
2018-1-10T13-49-34,1515588574207,0.85365856,0.004878049,0.42718446,0.85365856
2018-1-10T13-49-34,1515588574208,0.85365856,0.004878049,0.42718446,0.85365856
2018-1-10T13-49-34,1515588574209,0.84390247,-0.004878049,0.4563107,0.84390247
2018-1-10T13-49-34,1515588574210,0.81463414,-0.014634146,0.44660193,0.81463414
2018-1-10T13-49-34,1515588574211,0.8341463,-0.024390243,0.42718446,0.8341463
2018-1-10T13-49-34,1515588574212,0.82439023,-0.06341463,0.4368932,0.82439023
2018-1-10T13-49-34,1515588574213,0.8341463,-0.034146342,0.3883495,0.8341463
2018-1-10T13-49-34,1515588574214,0.8341463,-0.043902438,0.44660193,0.8341463
2018-1-10T13-49-34,1515588574215,0.87317073,-0.043902438,0.42718446,0.87317073
2018-1-10T13-49-34,1515588574216,0.84390247,-0.053658538,0.41747573,0.84390247
2018-1-10T13-49-34,1515588574217,0.84390247,-0.024390243,0.4563107,0.84390247
2018-1-10T13-49-34,1515588574218,0.8341463,-0.034146342,0.46601942,0.8341463
2018-1-10T13-49-34,1515588574219,0.85365856,-0.043902438,0.44660193,0.85365856
2018-1-10T13-49-34,1515588574220,0.85365856,-0.024390243,0.47572815,0.85365856
2018-1-10T13-49-34,1515588574221,0.8829268,-0.043902438,0.4854369,0.8829268
2018-1-10T13-49-34,1515588574222,0.8829268,-0.09268293,0.44660193,0.8829268
2018-1-10T13-49-34,1515588574223,0.87317073,-0.034146342,0.44660193,0.87317073
2018-1-10T13-49-34,1515588574224,0.85365856,-0.034146342,0.44660193,0.85365856
2018-1-10T13-49-34,1515588574225,0.85365856,-0.034146342,0.44660193,0.85365856
2018-1-10T13-49-34,1515588574226,0.8341463,-0.043902438,0.4368932,0.8341463
2018-1-10T13-49-34,1515588574227,0.82439023,-0.034146342,0.42718446,0.82439023
2018-1-10T13-49-34,1515588574228,0.8341463,-0.034146342,0.4368932,0.8341463
2018-1-10T13-49-34,1515588574229,0.84390247,-0.014634146,0.4368932,0.84390247
2018-1-10T13-49-34,1515588574230,0.8926829,0.014634146,0.42718446,0.8926829
2018-1-10T13-49-34,1515588574231,0.84390247,0.014634146,0.407767,0.84390247
2018-1-10T13-49-34,1515588574232,0.8341463,0.024390243,0.42718446,0.8341463
2018-1-10T13-49-34,1515588574233,0.82439023,0.043902438,0.42718446,0.82439023
2018-1-10T13-49-34,1515588574234,0.82439023,-0.014634146,0.4563107,0.82439023
2018-1-10T13-49-34,1515588574235,0.81463414,0.004878049,0.42718446,0.81463414
2018-1-10T13-49-34,1515588574236,0.82439023,-0.004878049,0.44660193,0.82439023
2018-1-10T13-49-34,1515588574237,0.82439023,-0.024390243,0.44660193,0.82439023
2018-1-10T13-49-34,1515588574238,0.86341465,-0.014634146,0.42718446,0.86341465
2018-1-10T13-49-34,1515588574239,0.85365856,-0.014634146,0.42718446,0.85365856
2018-1-10T13-49-34,1515588574240,0.92195123,0.014634146,0.42718446,0.92195123
2018-1-10T13-49-34,1515588574241,0.85365856,-0.004878049,0.44660193,0.85365856
2018-1-10T13-49-34,1515588574242,0.8341463,-0.024390243,0.4563107,0.8341463
2018-1-10T13-49-34,1515588574243,0.84390247,-0.043902438,0.46601942,0.84390247
2018-1-10T13-49-34,1515588574244,0.85365856,-0.053658538,0.47572815,0.85365856
2018-1-10T13-49-34,1515588574245,0.87317073,-0.053658538,0.4563107,0.87317073
2018-1-10T13-49-34,1515588574246,0.8829268,-0.034146342,0.47572815,0.8829268
2018-1-10T13-49-34,1515588574247,0.87317073,-0.034146342,0.4854369,0.87317073
2018-1-10T13-49-34,1515588574248,0.87317073,-0.09268293,0.46601942,0.87317073
2018-1-10T13-49-34,1515588574249,0.9317073,-0.034146342,0.4563107,0.9317073
2018-1-10T13-49-34,1515588574250,0.82439023,-0.034146342,0.44660193,0.82439023
2018-1-10T13-49-34,1515588574251,0.82439023,-0.053658538,0.44660193,0.82439023
2018-1-10T13-49-34,1515588574252,0.81463414,-0.043902438,0.4368932,0.81463414
2018-1-10T13-49-34,1515588574253,0.8341463,-0.024390243,0.4368932,0.8341463
2018-1-10T13-49-34,1515588574254,0.8341463,-0.024390243,0.42718446,0.8341463
2018-1-10T13-49-34,1515588574255,0.8341463,-0.004878049,0.39805827,0.8341463
2018-1-10T13-49-34,1515588574256,0.85365856,0.034146342,0.41747573,0.85365856
2018-1-10T13-49-34,1515588574257,0.81463414,0.004878049,0.41747573,0.81463414
2018-1-10T13-49-34,1515588574258,0.82439023,-0.07317073,0.4368932,0.82439023
2018-1-10T13-49-34,1515588574259,0.84390247,0.004878049,0.4563107,0.84390247
2018-1-10T13-49-34,1515588574260,0.84390247,-0.024390243,0.44660193,0.84390247
2018-1-10T13-49-34,1515588574261,0.7853659,-0.014634146,0.4368932,0.7853659
2018-1-10T13-49-34,1515588574262,0.84390247,0.004878049,0.4368932,0.84390247
2018-1-10T13-49-34,1515588574263,0.86341465,-0.004878049,0.44660193,0.86341465
2018-1-10T13-49-34,1515588574264,0.84390247,-0.014634146,0.4368932,0.84390247
2018-1-10T13-49-34,1515588574265,0.8829268,-0.034146342,0.44660193,0.8829268
2018-1-10T13-49-34,1515588574266,0.84390247,-0.014634146,0.4368932,0.84390247
2018-1-10T13-49-34,1515588574267,0.85365856,-0.014634146,0.42718446,0.85365856
2018-1-10T13-49-34,1515588574268,0.85365856,-0.024390243,0.44660193,0.85365856
2018-1-10T13-49-34,1515588574269,0.85365856,-0.024390243,0.46601942,0.85365856
2018-1-10T13-49-34,1515588574270,0.86341465,-0.034146342,0.46601942,0.86341465
2018-1-10T13-49-34,1515588574271,0.87317073,-0.004878049,0.4563107,0.87317073
2018-1-10T13-49-34,1515588574272,0.85365856,-0.024390243,0.4563107,0.85365856
2018-1-10T13-49-34,1515588574273,0.84390247,-0.043902438,0.4368932,0.84390247
2018-1-10T13-49-34,1515588574274,0.8341463,-0.043902438,0.39805827,0.8341463
2018-1-10T13-49-34,1515588574275,0.80487806,-0.043902438,0.42718446,0.80487806
2018-1-10T13-49-34,1515588574276,0.82439023,-0.043902438,0.4563107,0.82439023
2018-1-10T13-49-34,1515588574277,0.81463414,-0.053658538,0.46601942,0.81463414
2018-1-10T13-49-34,1515588574278,0.85365856,-0.024390243,0.4563107,0.85365856
2018-1-10T13-49-34,1515588574279,0.87317073,-0.004878049,0.44660193,0.87317073
2018-1-10T13-49-34,1515588574280,0.8829268,-0.004878049,0.4368932,0.8829268
2018-1-10T13-49-34,1515588574281,0.85365856,0.004878049,0.4368932,0.85365856
2018-1-10T13-49-34,1515588574282,0.8341463,0.004878049,0.47572815,0.8341463
2018-1-10T13-49-34,1515588574283,0.85365856,-0.014634146,0.44660193,0.85365856
2018-1-10T13-49-34,1515588574284,0.84390247,-0.024390243,0.4368932,0.84390247
2018-1-10T13-49-34,1515588574285,0.82439023,-0.034146342,0.42718446,0.82439023
2018-1-10T13-49-34,1515588574286,0.8341463,-0.024390243,0.42718446,0.8341463
2018-1-10T13-49-34,1515588574287,0.8341463,-0.004878049,0.44660193,0.8341463
2018-1-10T13-49-34,1515588574288,0.81463414,0.024390243,0.46601942,0.81463414
2018-1-10T13-49-34,1515588574289,0.86341465,-0.004878049,0.41747573,0.86341465
2018-1-10T13-49-34,1515588574290,0.86341465,0.014634146,0.41747573,0.86341465
2018-1-10T13-49-34,1515588574291,0.87317073,0.053658538,0.44660193,0.87317073
2018-1-10T13-49-34,1515588574292,0.85365856,0.004878049,0.4563107,0.85365856
2018-1-10T13-49-34,1515588574293,0.86341465,-0.004878049,0.4854369,0.86341465
2018-1-10T13-49-34,1515588574294,0.85365856,-0.014634146,0.4563107,0.85365856
2018-1-10T13-49-34,1515588574295,0.84390247,-0.024390243,0.44660193,0.84390247
2018-1-10T13-49-34,1515588574296,0.85365856,-0.024390243,0.4368932,0.85365856
2018-1-10T13-49-34,1515588574297,0.8341463,-0.034146342,0.4368932,0.8341463
2018-1-10T13-49-34,1515588574298,0.8341463,-0.043902438,0.4368932,0.8341463
2018-1-10T13-49-34,1515588574299,0.91219515,-0.053658538,0.4368932,0.91219515
2018-1-10T13-49-34,1515588574300,0.8341463,-0.043902438,0.42718446,0.8341463
2018-1-10T13-49-34,1515588574301,0.8341463,-0.043902438,0.4368932,0.8341463
2018-1-10T13-49-34,1515588574302,0.80487806,-0.043902438,0.44660193,0.80487806
2018-1-10T13-49-34,1515588574303,0.8341463,-0.053658538,0.4563107,0.8341463
2018-1-10T13-49-34,1515588574304,0.87317073,-0.024390243,0.4368932,0.87317073
2018-1-10T13-49-34,1515588574305,0.85365856,-0.014634146,0.44660193,0.85365856
2018-1-10T13-49-34,1515588574306,0.84390247,-0.024390243,0.4368932,0.84390247
2018-1-10T13-49-34,1515588574307,0.82439023,-0.034146342,0.4368932,0.82439023
2018-1-10T13-49-34,1515588574308,0.85365856,-0.004878049,0.42718446,0.85365856
2018-1-10T13-49-34,1515588574309,0.8341463,-0.024390243,0.44660193,0.8341463
2018-1-10T13-49-34,1515588574310,0.81463414,-0.043902438,0.44660193,0.81463414
2018-1-10T13-49-34,1515588574311,0.82439023,-0.043902438,0.46601942,0.82439023
2018-1-10T13-49-34,1515588574312,0.86341465,-0.043902438,0.46601942,0.86341465
2018-1-10T13-49-34,1515588574313,0.86341465,-0.014634146,0.47572815,0.86341465
2018-1-10T13-49-34,1515588574314,0.8829268,0.004878049,0.46601942,0.8829268
2018-1-10T13-49-34,1515588574315,0.8926829,0.004878049,0.4368932,0.8926829
2018-1-10T13-49-34,1515588574316,0.84390247,0.034146342,0.4563107,0.84390247
2018-1-10T13-49-34,1515588574317,0.86341465,0.034146342,0.4563107,0.86341465
2018-1-10T13-49-34,1515588574318,0.86341465,0.004878049,0.4563107,0.86341465
2018-1-10T13-49-34,1515588574319,0.85365856,-0.024390243,0.44660193,0.85365856
2018-1-10T13-49-34,1515588574320,0.8341463,-0.034146342,0.5145631,0.8341463
2018-1-10T13-49-34,1515588574321,0.84390247,-0.024390243,0.42718446,0.84390247
2018-1-10T13-49-34,1515588574322,0.84390247,-0.024390243,0.4368932,0.84390247
2018-1-10T13-49-34,1515588574323,0.8341463,0.024390243,0.4563107,0.8341463
2018-1-10T13-49-34,1515588574324,0.8341463,0.004878049,0.44660193,0.8341463
2018-1-10T13-49-34,1515588574325,0.84390247,0.004878049,0.407767,0.84390247
2018-1-10T13-49-34,1515588574326,0.85365856,-0.004878049,0.44660193,0.85365856
2018-1-10T13-49-34,1515588574327,0.8341463,0.004878049,0.4368932,0.8341463
2018-1-10T13-49-34,1515588574328,0.85365856,0.024390243,0.42718446,0.85365856
2018-1-10T13-49-34,1515588574329,0.84390247,-0.004878049,0.4368932,0.84390247
2018-1-10T13-49-34,1515588574330,0.85365856,-0.024390243,0.44660193,0.85365856
2018-1-10T13-49-34,1515588574331,0.84390247,0.004878049,0.44660193,0.84390247
2018-1-10T13-49-34,1515588574332,0.84390247,-0.014634146,0.42718446,0.84390247
2018-1-10T13-49-34,1515588574333,0.81463414,-0.024390243,0.42718446,0.81463414
2018-1-10T13-49-34,1515588574334,0.8341463,-0.07317073,0.41747573,0.8341463
2018-1-10T13-49-34,1515588574335,0.8341463,-0.034146342,0.42718446,0.8341463
2018-1-10T13-49-34,1515588574336,0.85365856,-0.024390243,0.4368932,0.85365856
2018-1-10T13-49-34,1515588574337,0.85365856,-0.053658538,0.47572815,0.85365856
2018-1-10T13-49-34,1515588574338,0.8341463,-0.06341463,0.46601942,0.8341463
2018-1-10T13-49-34,1515588574339,0.81463414,-0.06341463,0.4368932,0.81463414
2018-1-10T13-49-34,1515588574340,0.82439023,-0.034146342,0.41747573,0.82439023
2018-1-10T13-49-34,1515588574341,0.85365856,-0.024390243,0.4854369,0.85365856
2018-1-10T13-49-34,1515588574342,0.84390247,-0.034146342,0.47572815,0.84390247
2018-1-10T13-49-34,1515588574343,0.85365856,-0.004878049,0.4563107,0.85365856
2018-1-10T13-49-34,1515588574344,0.87317073,0.06341463,0.44660193,0.87317073
2018-1-10T13-49-34,1515588574345,0.87317073,-0.014634146,0.4368932,0.87317073
2018-1-10T13-49-34,1515588574346,0.84390247,-0.014634146,0.4368932,0.84390247
2018-1-10T13-49-34,1515588574347,0.82439023,-0.014634146,0.4563107,0.82439023
2018-1-10T13-49-34,1515588574348,0.84390247,-0.024390243,0.4368932,0.84390247
2018-1-10T13-49-34,1515588574349,0.8341463,-0.034146342,0.44660193,0.8341463
2018-1-10T13-49-34,1515588574350,0.84390247,-0.014634146,0.44660193,0.84390247
2018-1-10T13-49-34,1515588574351,0.85365856,-0.034146342,0.4563107,0.85365856
2018-1-10T13-49-34,1515588574352,0.84390247,-0.034146342,0.4563107,0.84390247
2018-1-10T13-49-34,1515588574353,0.86341465,-0.024390243,0.44660193,0.86341465
2018-1-10T13-49-34,1515588574354,0.85365856,-0.024390243,0.4368932,0.85365856
2018-1-10T13-49-34,1515588574355,0.84390247,-0.004878049,0.44660193,0.84390247
2018-1-10T13-49-34,1515588574356,0.84390247,0.014634146,0.46601942,0.84390247
2018-1-10T13-49-34,1515588574357,0.85365856,0.014634146,0.4563107,0.85365856
2018-1-10T13-49-34,1515588574358,0.84390247,0.004878049,0.4368932,0.84390247
2018-1-10T13-49-34,1515588574359,0.84390247,0.004878049,0.42718446,0.84390247
2018-1-10T13-49-34,1515588574360,0.87317073,-0.004878049,0.44660193,0.87317073
2018-1-10T13-49-34,1515588574361,0.87317073,-0.014634146,0.42718446,0.87317073
2018-1-10T13-49-34,1515588574362,0.84390247,-0.004878049,0.42718446,0.84390247
2018-1-10T13-49-34,1515588574363,0.82439023,-0.024390243,0.44660193,0.82439023
2018-1-10T13-49-34,1515588574364,0.82439023,-0.07317073,0.4368932,0.82439023
2018-1-10T13-49-34,1515588574365,0.82439023,-0.053658538,0.42718446,0.82439023
2018-1-10T13-49-34,1515588574366,0.80487806,-0.06341463,0.42718446,0.80487806
2018-1-10T13-49-34,1515588574367,0.8341463,-0.043902438,0.4563107,0.8341463
2018-1-10T13-49-34,1515588574368,0.85365856,-0.053658538,0.4563107,0.85365856
2018-1-10T13-49-34,1515588574369,0.85365856,-0.034146342,0.4563107,0.85365856
2018-1-10T13-49-34,1515588574370,0.87317073,-0.043902438,0.4563107,0.87317073
2018-1-10T13-49-34,1515588574371,0.87317073,-0.043902438,0.44660193,0.87317073
2018-1-10T13-49-34,1515588574372,0.85365856,-0.053658538,0.4854369,0.85365856
2018-1-10T13-49-34,1515588574373,0.8829268,-0.024390243,0.47572815,0.8829268
2018-1-10T13-49-34,1515588574374,0.87317073,-0.043902438,0.46601942,0.87317073
2018-1-10T13-49-34,1515588574375,0.902439,-0.034146342,0.46601942,0.902439
2018-1-10T13-49-34,1515588574376,0.87317073,-0.024390243,0.4368932,0.87317073
2018-1-10T13-49-34,1515588574377,0.902439,-0.024390243,0.4563107,0.902439
2018-1-10T13-49-34,1515588574378,0.86341465,-0.014634146,0.4563107,0.86341465
2018-1-10T13-49-34,1515588574379,0.85365856,0.043902438,0.46601942,0.85365856
2018-1-10T13-49-34,1515588574380,0.86341465,-0.014634146,0.4368932,0.86341465
2018-1-10T13-49-34,1515588574381,0.84390247,-0.004878049,0.4368932,0.84390247
2018-1-10T13-49-34,1515588574382,0.8341463,0.014634146,0.44660193,0.8341463
2018-1-10T13-49-34,1515588574383,0.84390247,-0.004878049,0.44660193,0.84390247
2018-1-10T13-49-34,1515588574384,0.85365856,-0.004878049,0.42718446,0.85365856
2018-1-10T13-49-34,1515588574385,0.81463414,-0.004878049,0.44660193,0.81463414
2018-1-10T13-49-34,1515588574386,0.84390247,-0.004878049,0.44660193,0.84390247
2018-1-10T13-49-34,1515588574387,0.84390247,-0.024390243,0.4368932,0.84390247
2018-1-10T13-49-34,1515588574388,0.41463414,-0.014634146,0.42718446,0.41463414
2018-1-10T13-49-34,1515588574389,0.82439023,-0.014634146,0.41747573,0.82439023
2018-1-10T13-49-34,1515588574390,0.8341463,-0.004878049,0.42718446,0.8341463
2018-1-10T13-49-34,1515588574391,0.81463414,-0.034146342,0.41747573,0.81463414
2018-1-10T13-49-34,1515588574392,0.81463414,-0.024390243,0.47572815,0.81463414
2018-1-10T13-49-34,1515588574393,0.85365856,-0.043902438,0.46601942,0.85365856
2018-1-10T13-49-34,1515588574394,0.8829268,-0.053658538,0.41747573,0.8829268
2018-1-10T13-49-34,1515588574395,0.84390247,-0.053658538,0.42718446,0.84390247
2018-1-10T13-49-34,1515588574396,0.8341463,-0.053658538,0.4368932,0.8341463
2018-1-10T13-49-34,1515588574397,0.84390247,-0.06341463,0.4563107,0.84390247
2018-1-10T13-49-34,1515588574398,0.85365856,-0.034146342,0.44660193,0.85365856
2018-1-10T13-49-34,1515588574399,0.85365856,-0.014634146,0.4368932,0.85365856
2018-1-10T13-49-34,1515588574400,0.87317073,-0.034146342,0.42718446,0.87317073
2018-1-10T13-49-34,1515588574401,0.82439023,0.004878049,0.4368932,0.82439023
2018-1-10T13-49-34,1515588574402,0.86341465,0.004878049,0.4563107,0.86341465
2018-1-10T13-49-34,1515588574403,0.902439,0.004878049,0.47572815,0.902439
2018-1-10T13-49-34,1515588574404,0.84390247,-0.004878049,0.4563107,0.84390247
2018-1-10T13-49-34,1515588574405,0.85365856,-0.014634146,0.47572815,0.85365856
2018-1-10T13-49-34,1515588574406,0.85365856,-0.034146342,0.46601942,0.85365856
2018-1-10T13-49-34,1515588574407,0.84390247,-0.024390243,0.4563107,0.84390247
2018-1-10T13-49-34,1515588574408,0.82439023,-0.014634146,0.42718446,0.82439023
2018-1-10T13-49-34,1515588574409,0.8341463,-0.014634146,0.4368932,0.8341463
2018-1-10T13-49-34,1515588574410,0.82439023,-0.06341463,0.4368932,0.82439023
2018-1-10T13-49-34,1515588574411,0.82439023,-0.024390243,0.37864077,0.82439023
2018-1-10T13-49-34,1515588574412,0.81463414,-0.034146342,0.44660193,0.81463414
2018-1-10T13-49-34,1515588574413,0.84390247,-0.024390243,0.4563107,0.84390247
2018-1-10T13-49-34,1515588574414,0.85365856,-0.024390243,0.4368932,0.85365856
2018-1-10T13-49-34,1515588574415,0.87317073,-0.024390243,0.44660193,0.87317073
2018-1-10T13-49-34,1515588574416,0.87317073,-0.034146342,0.46601942,0.87317073
2018-1-10T13-49-34,1515588574417,0.85365856,-0.034146342,0.4563107,0.85365856
2018-1-10T13-49-34,1515588574418,0.85365856,-0.06341463,0.44660193,0.85365856
2018-1-10T13-49-34,1515588574419,0.84390247,-0.024390243,0.41747573,0.84390247
2018-1-10T13-49-34,1515588574420,0.81463414,-0.034146342,0.46601942,0.81463414
2018-1-10T13-49-34,1515588574421,0.81463414,-0.034146342,0.44660193,0.81463414
2018-1-10T13-49-34,1515588574422,0.84390247,-0.034146342,0.44660193,0.84390247
2018-1-10T13-49-34,1515588574423,0.8341463,-0.024390243,0.44660193,0.8341463
2018-1-10T13-49-34,1515588574424,0.84390247,-0.014634146,0.44660193,0.84390247
2018-1-10T13-49-34,1515588574425,0.86341465,-0.024390243,0.44660193,0.86341465
2018-1-10T13-49-34,1515588574426,0.8829268,0.004878049,0.44660193,0.8829268
2018-1-10T13-49-34,1515588574427,0.86341465,-0.014634146,0.4368932,0.86341465
2018-1-10T13-49-34,1515588574428,0.84390247,-0.024390243,0.46601942,0.84390247
2018-1-10T13-49-34,1515588574429,0.86341465,-0.034146342,0.4563107,0.86341465
2018-1-10T13-49-34,1515588574430,0.8341463,-0.12195122,0.4368932,0.8341463
2018-1-10T13-49-34,1515588574431,0.82439023,-0.004878049,0.41747573,0.82439023
2018-1-10T13-49-34,1515588574432,0.8341463,-0.024390243,0.41747573,0.8341463
2018-1-10T13-49-34,1515588574433,0.80487806,0.014634146,0.4368932,0.80487806
2018-1-10T13-49-34,1515588574434,0.81463414,-0.034146342,0.44660193,0.81463414
2018-1-10T13-49-34,1515588574435,0.8341463,-0.024390243,0.44660193,0.8341463
2018-1-10T13-49-34,1515588574436,0.84390247,-0.034146342,0.41747573,0.84390247
2018-1-10T13-49-34,1515588574437,0.84390247,-0.024390243,0.44660193,0.84390247
2018-1-10T13-49-34,1515588574438,0.8829268,0.004878049,0.4563107,0.8829268
2018-1-10T13-49-34,1515588574439,0.92195123,-0.004878049,0.4563107,0.92195123
2018-1-10T13-49-34,1515588574440,0.8829268,0.034146342,0.47572815,0.8829268
2018-1-10T13-49-34,1515588574441,0.8926829,0.043902438,0.4368932,0.8926829
2018-1-10T13-49-34,1515588574442,0.86341465,0.053658538,0.4368932,0.86341465
2018-1-10T13-49-34,1515588574443,0.85365856,-0.004878049,0.4368932,0.85365856
2018-1-10T13-49-34,1515588574444,0.82439023,-0.034146342,0.42718446,0.82439023
2018-1-10T13-49-34,1515588574445,0.81463414,-0.043902438,0.44660193,0.81463414
2018-1-10T13-49-34,1515588574446,0.81463414,-0.06341463,0.4368932,0.81463414
2018-1-10T13-49-34,1515588574447,0.81463414,-0.014634146,0.4368932,0.81463414
2018-1-10T13-49-34,1515588574448,0.85365856,-0.024390243,0.4368932,0.85365856
2018-1-10T13-49-34,1515588574449,0.8341463,-0.014634146,0.44660193,0.8341463
2018-1-10T13-49-34,1515588574450,0.85365856,-0.004878049,0.41747573,0.85365856
2018-1-10T13-49-34,1515588574451,0.86341465,-0.004878049,0.4368932,0.86341465
2018-1-10T13-49-34,1515588574452,0.80487806,-0.014634146,0.4563107,0.80487806
2018-1-10T13-49-34,1515588574453,0.84390247,-0.014634146,0.4563107,0.84390247
2018-1-10T13-49-34,1515588574454,0.85365856,-0.13170731,0.44660193,0.85365856
2018-1-10T13-49-34,1515588574455,0.86341465,-0.043902438,0.4368932,0.86341465
2018-1-10T13-49-34,1515588574456,0.86341465,-0.034146342,0.4368932,0.86341465
2018-1-10T13-49-34,1515588574457,0.84390247,-0.034146342,0.46601942,0.84390247
2018-1-10T13-49-34,1515588574458,0.8341463,-0.043902438,0.44660193,0.8341463
2018-1-10T13-49-34,1515588574459,0.8341463,-0.034146342,0.42718446,0.8341463
2018-1-10T13-49-34,1515588574460,0.8341463,0.004878049,0.5048544,0.8341463
2018-1-10T13-49-34,1515588574461,0.84390247,-0.034146342,0.46601942,0.84390247
2018-1-10T13-49-34,1515588574462,0.8341463,-0.043902438,0.4368932,0.8341463
2018-1-10T13-49-34,1515588574463,0.84390247,-0.024390243,0.4563107,0.84390247
2018-1-10T13-49-34,1515588574464,0.8926829,-0.014634146,0.4563107,0.8926829
2018-1-10T13-49-34,1515588574465,0.8829268,-0.024390243,0.4368932,0.8829268
2018-1-10T13-49-34,1515588574466,0.85365856,-0.014634146,0.42718446,0.85365856
2018-1-10T13-49-34,1515588574467,0.85365856,-0.004878049,0.42718446,0.85365856
2018-1-10T13-49-34,1515588574468,0.8341463,-0.024390243,0.4368932,0.8341463
2018-1-10T13-49-34,1515588574469,0.81463414,-0.034146342,0.44660193,0.81463414
2018-1-10T13-49-34,1515588574470,0.81463414,-0.034146342,0.44660193,0.81463414
2018-1-10T13-49-34,1515588574471,0.84390247,-0.034146342,0.4368932,0.84390247
2018-1-10T13-49-34,1515588574472,0.8341463,-0.034146342,0.4368932,0.8341463
2018-1-10T13-49-34,1515588574473,0.84390247,0.004878049,0.44660193,0.84390247
2018-1-10T13-49-34,1515588574474,0.92195123,-0.024390243,0.4563107,0.92195123
2018-1-10T13-49-34,1515588574475,0.85365856,0.014634146,0.4563107,0.85365856
2018-1-10T13-49-34,1515588574476,0.85365856,0.004878049,0.4563107,0.85365856
2018-1-10T13-49-34,1515588574477,0.84390247,-0.014634146,0.44660193,0.84390247
2018-1-10T13-49-34,1515588574478,0.85365856,-0.014634146,0.4563107,0.85365856
2018-1-10T13-49-34,1515588574479,0.85365856,-0.004878049,0.46601942,0.85365856
2018-1-10T13-49-34,1515588574480,0.84390247,-0.004878049,0.4563107,0.84390247
2018-1-10T13-49-34,1515588574481,0.85365856,-0.014634146,0.42718446,0.85365856
2018-1-10T13-49-34,1515588574482,0.84390247,-0.014634146,0.407767,0.84390247
2018-1-10T13-49-34,1515588574483,0.85365856,-0.024390243,0.4368932,0.85365856
2018-1-10T13-49-34,1515588574484,0.8341463,-0.024390243,0.42718446,0.8341463
2018-1-10T13-49-34,1515588574485,0.82439023,-0.014634146,0.41747573,0.82439023
2018-1-10T13-49-34,1515588574486,0.82439023,-0.024390243,0.4368932,0.82439023
2018-1-10T13-49-34,1515588574487,0.85365856,-0.034146342,0.4563107,0.85365856
2018-1-10T13-49-34,1515588574488,0.8341463,-0.034146342,0.4368932,0.8341463
2018-1-10T13-49-34,1515588574489,0.87317073,-0.014634146,0.4563107,0.87317073
2018-1-10T13-49-34,1515588574490,0.86341465,-0.034146342,0.4563107,0.86341465
2018-1-10T13-49-34,1515588574491,0.86341465,-0.034146342,0.42718446,0.86341465
2018-1-10T13-49-34,1515588574492,0.8341463,-0.034146342,0.44660193,0.8341463
2018-1-10T13-49-34,1515588574493,0.84390247,-0.053658538,0.4563107,0.84390247
2018-1-10T13-49-34,1515588574494,0.84390247,-0.053658538,0.4368932,0.84390247
2018-1-10T13-49-34,1515588574495,0.8341463,-0.043902438,0.42718446,0.8341463
2018-1-10T13-49-34,1515588574496,0.84390247,-0.034146342,0.4368932,0.84390247
2018-1-10T13-49-34,1515588574497,0.85365856,-0.024390243,0.4368932,0.85365856
2018-1-10T13-49-34,1515588574498,0.8341463,-0.034146342,0.44660193,0.8341463
2018-1-10T13-49-34,1515588574499,0.85365856,0.004878049,0.44660193,0.85365856
2018-1-10T13-49-34,1515588574500,0.85365856,-0.004878049,0.4368932,0.85365856
2018-1-10T13-49-34,1515588574501,0.86341465,-0.004878049,0.4368932,0.86341465
2018-1-10T13-49-34,1515588574502,0.8341463,0.014634146,0.39805827,0.8341463
2018-1-10T13-49-34,1515588574503,0.85365856,-0.004878049,0.44660193,0.85365856
2018-1-10T13-49-34,1515588574504,0.84390247,-0.014634146,0.4368932,0.84390247
2018-1-10T13-49-34,1515588574505,0.84390247,0.004878049,0.44660193,0.84390247
2018-1-10T13-49-34,1515588574506,0.8341463,-0.004878049,0.44660193,0.8341463
2018-1-10T13-49-34,1515588574507,0.85365856,-0.014634146,0.4368932,0.85365856
2018-1-10T13-49-34,1515588574508,0.8341463,-0.034146342,0.42718446,0.8341463
2018-1-10T13-49-34,1515588574509,0.84390247,-0.004878049,0.44660193,0.84390247
2018-1-10T13-49-34,1515588574510,0.84390247,-0.034146342,0.44660193,0.84390247
2018-1-10T13-49-34,1515588574511,0.85365856,-0.014634146,0.4563107,0.85365856
2018-1-10T13-49-34,1515588574512,0.85365856,-0.024390243,0.4563107,0.85365856
2018-1-10T13-49-34,1515588574513,0.86341465,-0.034146342,0.44660193,0.86341465
2018-1-10T13-49-34,1515588574514,0.84390247,-0.034146342,0.46601942,0.84390247
2018-1-10T13-49-34,1515588574515,0.84390247,-0.014634146,0.4368932,0.84390247
2018-1-10T13-49-34,1515588574516,0.84390247,-0.034146342,0.4368932,0.84390247
2018-1-10T13-49-34,1515588574517,0.81463414,-0.014634146,0.4854369,0.81463414
2018-1-10T13-49-34,1515588574518,0.7853659,-0.014634146,0.39805827,0.7853659
2018-1-10T13-49-34,1515588574519,0.84390247,-0.024390243,0.42718446,0.84390247
2018-1-10T13-49-34,1515588574520,0.82439023,-0.014634146,0.46601942,0.82439023
2018-1-10T13-49-34,1515588574521,0.8341463,0.004878049,0.46601942,0.8341463
2018-1-10T13-49-34,1515588574522,0.87317073,-0.004878049,0.4563107,0.87317073
2018-1-10T13-49-34,1515588574523,0.87317073,-0.014634146,0.47572815,0.87317073
2018-1-10T13-49-34,1515588574524,0.86341465,0.004878049,0.46601942,0.86341465
2018-1-10T13-49-34,1515588574525,0.85365856,-0.014634146,0.46601942,0.85365856
2018-1-10T13-49-34,1515588574526,0.85365856,-0.024390243,0.4563107,0.85365856
2018-1-10T13-49-34,1515588574527,0.84390247,-0.014634146,0.4563107,0.84390247
2018-1-10T13-49-34,1515588574528,0.84390247,-0.024390243,0.42718446,0.84390247
2018-1-10T13-49-34,1515588574529,0.86341465,-0.034146342,0.42718446,0.86341465
2018-1-10T13-49-34,1515588574530,0.81463414,-0.034146342,0.407767,0.81463414
2018-1-10T13-49-34,1515588574531,0.84390247,-0.053658538,0.44660193,0.84390247
2018-1-10T13-49-34,1515588574532,0.8926829,-0.024390243,0.4368932,0.8926829
2018-1-10T13-49-34,1515588574533,0.84390247,-0.034146342,0.4368932,0.84390247
2018-1-10T13-49-34,1515588574534,0.8341463,-0.024390243,0.41747573,0.8341463
2018-1-10T13-49-34,1515588574535,0.84390247,-0.024390243,0.4563107,0.84390247
2018-1-10T13-49-34,1515588574536,0.84390247,-0.053658538,0.46601942,0.84390247
2018-1-10T13-49-34,1515588574537,0.84390247,-0.034146342,0.4563107,0.84390247
2018-1-10T13-49-34,1515588574538,0.85365856,0.004878049,0.4368932,0.85365856
2018-1-10T13-49-34,1515588574539,0.86341465,0.004878049,0.4368932,0.86341465
2018-1-10T13-49-34,1515588574540,0.85365856,-0.014634146,0.42718446,0.85365856
2018-1-10T13-49-34,1515588574541,0.8341463,-0.014634146,0.41747573,0.8341463
2018-1-10T13-49-34,1515588574542,0.81463414,-0.034146342,0.41747573,0.81463414
2018-1-10T13-49-34,1515588574543,0.80487806,-0.024390243,0.39805827,0.80487806
2018-1-10T13-49-34,1515588574544,0.77560973,-0.043902438,0.4368932,0.77560973
2018-1-10T13-49-34,1515588574545,0.84390247,-0.043902438,0.4563107,0.84390247
2018-1-10T13-49-34,1515588574546,0.85365856,-0.034146342,0.46601942,0.85365856
2018-1-10T13-49-34,1515588574547,0.84390247,-0.053658538,0.4563107,0.84390247
2018-1-10T13-49-34,1515588574548,0.84390247,-0.014634146,0.4563107,0.84390247
2018-1-10T13-49-34,1515588574549,0.87317073,-0.024390243,0.44660193,0.87317073
2018-1-10T13-49-34,1515588574550,0.85365856,-0.004878049,0.44660193,0.85365856
2018-1-10T13-49-34,1515588574551,0.84390247,-0.024390243,0.4563107,0.84390247
2018-1-10T13-49-34,1515588574552,0.86341465,-0.014634146,0.4563107,0.86341465
2018-1-10T13-49-34,1515588574553,0.84390247,-0.014634146,0.49514562,0.84390247
2018-1-10T13-49-34,1515588574554,0.79512197,-0.004878049,0.4563107,0.79512197
2018-1-10T13-49-34,1515588574555,0.84390247,-0.014634146,0.44660193,0.84390247
2018-1-10T13-49-34,1515588574556,0.82439023,-0.004878049,0.44660193,0.82439023
2018-1-10T13-49-34,1515588574557,0.85365856,0.043902438,0.4368932,0.85365856
2018-1-10T13-49-34,1515588574558,0.8341463,0.004878049,0.4563107,0.8341463
2018-1-10T13-49-34,1515588574559,0.8341463,-0.024390243,0.46601942,0.8341463
2018-1-10T13-49-34,1515588574560,0.81463414,-0.004878049,0.44660193,0.81463414
2018-1-10T13-49-34,1515588574561,0.85365856,-0.043902438,0.44660193,0.85365856
2018-1-10T13-49-34,1515588574562,0.86341465,-0.034146342,0.4563107,0.86341465
2018-1-10T13-49-34,1515588574563,0.92195123,-0.014634146,0.4854369,0.92195123
2018-1-10T13-49-34,1515588574564,0.85365856,-0.004878049,0.44660193,0.85365856
2018-1-10T13-49-34,1515588574565,0.84390247,0.004878049,0.42718446,0.84390247
2018-1-10T13-49-34,1515588574566,0.82439023,-0.014634146,0.407767,0.82439023
2018-1-10T13-49-34,1515588574567,0.8341463,-0.07317073,0.42718446,0.8341463
2018-1-10T13-49-34,1515588574568,0.85365856,-0.024390243,0.44660193,0.85365856
2018-1-10T13-49-34,1515588574569,0.8341463,-0.034146342,0.4368932,0.8341463
2018-1-10T13-49-34,1515588574570,0.8341463,-0.024390243,0.44660193,0.8341463
2018-1-10T13-49-34,1515588574571,0.85365856,-0.024390243,0.4368932,0.85365856
2018-1-10T13-49-34,1515588574572,0.85365856,-0.024390243,0.41747573,0.85365856
2018-1-10T13-49-34,1515588574573,0.82439023,-0.024390243,0.44660193,0.82439023
2018-1-10T13-49-34,1515588574574,0.82439023,-0.034146342,0.47572815,0.82439023
2018-1-10T13-49-34,1515588574575,0.85365856,-0.034146342,0.47572815,0.85365856
2018-1-10T13-49-34,1515588574576,0.79512197,-0.024390243,0.44660193,0.79512197
2018-1-10T13-49-34,1515588574577,0.87317073,-0.014634146,0.42718446,0.87317073
2018-1-10T13-49-34,1515588574578,0.8829268,0.024390243,0.42718446,0.8829268
2018-1-10T13-49-34,1515588574579,0.87317073,-0.004878049,0.46601942,0.87317073
2018-1-10T13-49-34,1515588574580,0.87317073,-0.004878049,0.47572815,0.87317073
2018-1-10T13-49-34,1515588574581,0.85365856,-0.034146342,0.44660193,0.85365856
2018-1-10T13-49-34,1515588574582,0.82439023,-0.053658538,0.42718446,0.82439023
2018-1-10T13-49-34,1515588574583,0.81463414,-0.043902438,0.4368932,0.81463414
2018-1-10T13-49-34,1515588574584,0.82439023,-0.034146342,0.47572815,0.82439023
2018-1-10T13-49-34,1515588574585,0.8341463,-0.034146342,0.46601942,0.8341463
2018-1-10T13-49-34,1515588574586,0.84390247,-0.024390243,0.4563107,0.84390247
2018-1-10T13-49-34,1515588574587,0.84390247,-0.024390243,0.4563107,0.84390247
2018-1-10T13-49-34,1515588574588,0.85365856,-0.014634146,0.42718446,0.85365856
2018-1-10T13-49-34,1515588574589,0.84390247,-0.024390243,0.44660193,0.84390247
2018-1-10T13-49-34,1515588574590,0.84390247,-0.024390243,0.44660193,0.84390247
2018-1-10T13-49-34,1515588574591,0.81463414,-0.014634146,0.4368932,0.81463414
2018-1-10T13-49-34,1515588574592,0.82439023,-0.024390243,0.4368932,0.82439023
2018-1-10T13-49-34,1515588574593,0.8341463,-0.004878049,0.42718446,0.8341463
2018-1-10T13-49-34,1515588574594,0.86341465,-0.09268293,0.4368932,0.86341465
2018-1-10T13-49-34,1515588574595,0.85365856,-0.004878049,0.4368932,0.85365856
2018-1-10T13-49-34,1515588574596,0.8341463,-0.004878049,0.4368932,0.8341463
2018-1-10T13-49-34,1515588574597,0.84390247,-0.024390243,0.44660193,0.84390247
2018-1-10T13-49-34,1515588574598,0.82439023,-0.06341463,0.4563107,0.82439023
2018-1-10T13-49-34,1515588574599,0.82439023,-0.034146342,0.46601942,0.82439023
2018-1-10T13-49-34,1515588574600,0.85365856,-0.004878049,0.47572815,0.85365856
2018-1-10T13-49-34,1515588574601,0.85365856,-0.043902438,0.44660193,0.85365856
2018-1-10T13-49-34,1515588574602,0.86341465,-0.014634146,0.4368932,0.86341465
2018-1-10T13-49-34,1515588574603,0.87317073,0.004878049,0.46601942,0.87317073
2018-1-10T13-49-34,1515588574604,0.8829268,-0.014634146,0.47572815,0.8829268
2018-1-10T13-49-34,1515588574605,0.86341465,-0.004878049,0.4563107,0.86341465
2018-1-10T13-49-34,1515588574606,0.8341463,0.004878049,0.42718446,0.8341463
2018-1-10T13-49-34,1515588574607,0.86341465,-0.004878049,0.42718446,0.86341465
2018-1-10T13-49-34,1515588574608,0.84390247,-0.043902438,0.4563107,0.84390247
2018-1-10T13-49-34,1515588574609,0.8341463,-0.014634146,0.4563107,0.8341463
2018-1-10T13-49-34,1515588574610,0.84390247,-0.024390243,0.4563107,0.84390247
2018-1-10T13-49-34,1515588574611,0.85365856,-0.014634146,0.44660193,0.85365856
2018-1-10T13-49-34,1515588574612,0.8926829,0.004878049,0.42718446,0.8926829
2018-1-10T13-49-34,1515588574613,0.84390247,0.014634146,0.44660193,0.84390247
2018-1-10T13-49-34,1515588574614,0.82439023,-0.034146342,0.4368932,0.82439023
2018-1-10T13-49-34,1515588574615,0.81463414,-0.034146342,0.42718446,0.81463414
2018-1-10T13-49-34,1515588574616,0.80487806,-0.024390243,0.4368932,0.80487806
2018-1-10T13-49-34,1515588574617,0.82439023,-0.034146342,0.44660193,0.82439023
2018-1-10T13-49-34,1515588574618,0.8341463,-0.024390243,0.4563107,0.8341463
2018-1-10T13-49-34,1515588574619,0.84390247,-0.004878049,0.4368932,0.84390247
2018-1-10T13-49-34,1515588574620,0.86341465,-0.014634146,0.41747573,0.86341465
2018-1-10T13-49-34,1515588574621,0.81463414,0.09268293,0.41747573,0.81463414
2018-1-10T13-49-34,1515588574622,0.81463414,-0.024390243,0.44660193,0.81463414
2018-1-10T13-49-34,1515588574623,0.84390247,-0.024390243,0.4563107,0.84390247
2018-1-10T13-49-34,1515588574624,0.85365856,-0.034146342,0.4563107,0.85365856
2018-1-10T13-49-34,1515588574625,0.84390247,-0.034146342,0.44660193,0.84390247
2018-1-10T13-49-34,1515588574626,0.85365856,-0.034146342,0.44660193,0.85365856
2018-1-10T13-49-34,1515588574627,0.86341465,-0.034146342,0.44660193,0.86341465
2018-1-10T13-49-34,1515588574628,0.84390247,-0.004878049,0.44660193,0.84390247
2018-1-10T13-49-34,1515588574629,0.85365856,-0.004878049,0.46601942,0.85365856
2018-1-10T13-49-34,1515588574630,0.85365856,-0.014634146,0.44660193,0.85365856
2018-1-10T13-49-34,1515588574631,0.85365856,-0.014634146,0.41747573,0.85365856
2018-1-10T13-49-34,1515588574632,0.82439023,-0.014634146,0.44660193,0.82439023
2018-1-10T13-49-34,1515588574633,0.85365856,-0.034146342,0.4563107,0.85365856
2018-1-10T13-49-34,1515588574634,0.84390247,-0.043902438,0.46601942,0.84390247
2018-1-10T13-49-34,1515588574635,0.86341465,-0.014634146,0.44660193,0.86341465
2018-1-10T13-49-34,1515588574636,0.87317073,-0.043902438,0.44660193,0.87317073
2018-1-10T13-49-34,1515588574637,0.82439023,-0.043902438,0.42718446,0.82439023
2018-1-10T13-49-34,1515588574638,0.85365856,-0.034146342,0.4563107,0.85365856
2018-1-10T13-49-34,1515588574639,0.82439023,-0.053658538,0.47572815,0.82439023
2018-1-10T13-49-34,1515588574640,0.84390247,-0.043902438,0.4563107,0.84390247
2018-1-10T13-49-34,1515588574641,0.84390247,-0.034146342,0.407767,0.84390247
2018-1-10T13-49-34,1515588574642,0.9414634,-0.004878049,0.47572815,0.9414634
2018-1-10T13-49-34,1515588574643,0.84390247,0.043902438,0.3883495,0.84390247
2018-1-10T13-49-34,1515588574644,0.7853659,0.004878049,0.44660193,0.7853659
2018-1-10T13-49-34,1515588574645,0.85365856,0.004878049,0.42718446,0.85365856
2018-1-10T13-49-34,1515588574646,0.8341463,-0.043902438,0.407767,0.8341463
2018-1-10T13-49-34,1515588574647,0.82439023,0.014634146,0.4368932,0.82439023
2018-1-10T13-49-34,1515588574648,0.8341463,0.004878049,0.4368932,0.8341463
2018-1-10T13-49-34,1515588574649,0.82439023,-0.004878049,0.44660193,0.82439023
2018-1-10T13-49-34,1515588574650,0.7853659,-0.024390243,0.41747573,0.7853659
2018-1-10T13-49-34,1515588574651,0.8341463,-0.014634146,0.4368932,0.8341463
2018-1-10T13-49-34,1515588574652,0.86341465,-0.024390243,0.47572815,0.86341465
2018-1-10T13-49-34,1515588574653,0.85365856,-0.043902438,0.4563107,0.85365856
2018-1-10T13-49-34,1515588574654,0.84390247,-0.043902438,0.42718446,0.84390247
2018-1-10T13-49-34,1515588574655,0.79512197,-0.024390243,0.44660193,0.79512197
2018-1-10T13-49-34,1515588574656,0.81463414,-0.034146342,0.4563107,0.81463414
2018-1-10T13-49-34,1515588574657,0.8341463,-0.014634146,0.4563107,0.8341463
2018-1-10T13-49-34,1515588574658,0.86341465,-0.024390243,0.4563107,0.86341465
2018-1-10T13-49-34,1515588574659,0.86341465,-0.014634146,0.4563107,0.86341465
2018-1-10T13-49-34,1515588574660,0.87317073,-0.004878049,0.4563107,0.87317073
2018-1-10T13-49-34,1515588574661,0.87317073,-0.014634146,0.46601942,0.87317073
2018-1-10T13-49-34,1515588574662,0.86341465,-0.034146342,0.44660193,0.86341465
2018-1-10T13-49-34,1515588574663,0.84390247,0.004878049,0.4368932,0.84390247
2018-1-10T13-49-34,1515588574664,0.84390247,0.004878049,0.4368932,0.84390247
2018-1-10T13-49-34,1515588574665,0.8829268,-0.034146342,0.47572815,0.8829268
2018-1-10T13-49-34,1515588574666,0.87317073,-0.034146342,0.46601942,0.87317073
2018-1-10T13-49-34,1515588574667,0.87317073,-0.034146342,0.4368932,0.87317073
2018-1-10T13-49-34,1515588574668,0.87317073,-0.014634146,0.4563107,0.87317073
2018-1-10T13-49-34,1515588574669,0.85365856,-0.09268293,0.44660193,0.85365856
2018-1-10T13-49-34,1515588574670,0.82439023,-0.024390243,0.41747573,0.82439023
2018-1-10T13-49-34,1515588574671,0.81463414,-0.024390243,0.41747573,0.81463414
2018-1-10T13-49-34,1515588574672,0.82439023,-0.014634146,0.4368932,0.82439023
2018-1-10T13-49-34,1515588574673,0.79512197,0.024390243,0.4368932,0.79512197
2018-1-10T13-49-34,1515588574674,0.80487806,-0.014634146,0.41747573,0.80487806
2018-1-10T13-49-34,1515588574675,0.82439023,-0.034146342,0.44660193,0.82439023
2018-1-10T13-49-34,1515588574676,0.8341463,-0.014634146,0.42718446,0.8341463
2018-1-10T13-49-34,1515588574677,0.84390247,-0.014634146,0.4368932,0.84390247
2018-1-10T13-49-34,1515588574678,0.8341463,-0.034146342,0.44660193,0.8341463
2018-1-10T13-49-34,1515588574679,0.84390247,-0.034146342,0.41747573,0.84390247
2018-1-10T13-49-34,1515588574680,0.82439023,-0.014634146,0.4563107,0.82439023
2018-1-10T13-49-34,1515588574681,0.82439023,-0.024390243,0.4563107,0.82439023
2018-1-10T13-49-34,1515588574682,0.87317073,-0.004878049,0.44660193,0.87317073
2018-1-10T13-49-34,1515588574683,0.8829268,0.014634146,0.4563107,0.8829268
2018-1-10T13-49-34,1515588574684,0.8829268,0.06341463,0.46601942,0.8829268
2018-1-10T13-49-34,1515588574685,0.87317073,0.004878049,0.4368932,0.87317073
2018-1-10T13-49-34,1515588574686,0.86341465,-0.014634146,0.42718446,0.86341465
2018-1-10T13-49-34,1515588574687,0.82439023,-0.014634146,0.44660193,0.82439023
2018-1-10T13-49-34,1515588574688,0.82439023,-0.034146342,0.46601942,0.82439023
2018-1-10T13-49-34,1515588574689,0.82439023,-0.043902438,0.4563107,0.82439023
2018-1-10T13-49-34,1515588574690,0.82439023,-0.034146342,0.44660193,0.82439023
2018-1-10T13-49-34,1515588574691,0.84390247,-0.043902438,0.44660193,0.84390247
2018-1-10T13-49-34,1515588574692,0.84390247,-0.043902438,0.44660193,0.84390247
2018-1-10T13-49-34,1515588574693,0.85365856,-0.014634146,0.44660193,0.85365856
2018-1-10T13-49-34,1515588574694,0.8829268,-0.004878049,0.46601942,0.8829268
2018-1-10T13-49-34,1515588574695,0.85365856,-0.024390243,0.4368932,0.85365856
2018-1-10T13-49-34,1515588574696,0.84390247,-0.024390243,0.44660193,0.84390247
2018-1-10T13-49-34,1515588574697,0.8341463,-0.024390243,0.4368932,0.8341463
2018-1-10T13-49-34,1515588574698,0.8341463,-0.034146342,0.3592233,0.8341463
2018-1-10T13-49-34,1515588574699,0.8341463,-0.034146342,0.407767,0.8341463
2018-1-10T13-49-34,1515588574700,0.82439023,-0.043902438,0.4368932,0.82439023
2018-1-10T13-49-34,1515588574701,0.82439023,-0.034146342,0.4368932,0.82439023
2018-1-10T13-49-34,1515588574702,0.82439023,-0.014634146,0.4368932,0.82439023
2018-1-10T13-49-34,1515588574703,0.81463414,0.07317073,0.4368932,0.81463414
2018-1-10T13-49-34,1515588574704,0.8341463,-0.004878049,0.4854369,0.8341463
2018-1-10T13-49-34,1515588574705,0.84390247,-0.004878049,0.47572815,0.84390247
2018-1-10T13-49-34,1515588574706,0.87317073,-0.10243902,0.46601942,0.87317073
2018-1-10T13-49-34,1515588574707,0.8829268,-0.014634146,0.4368932,0.8829268
2018-1-10T13-49-34,1515588574708,0.902439,-0.014634146,0.4368932,0.902439
2018-1-10T13-49-34,1515588574709,0.87317073,-0.014634146,0.4563107,0.87317073
2018-1-10T13-49-34,1515588574710,0.84390247,-0.034146342,0.44660193,0.84390247
2018-1-10T13-49-34,1515588574711,0.8341463,-0.034146342,0.4368932,0.8341463
2018-1-10T13-49-34,1515588574712,0.81463414,-0.07317073,0.42718446,0.81463414
2018-1-10T13-49-34,1515588574713,0.80487806,-0.043902438,0.4368932,0.80487806
2018-1-10T13-49-34,1515588574714,0.82439023,-0.043902438,0.44660193,0.82439023
2018-1-10T13-49-34,1515588574715,0.92195123,-0.024390243,0.4563107,0.92195123
2018-1-10T13-49-34,1515588574716,0.85365856,-0.004878049,0.4368932,0.85365856
2018-1-10T13-49-34,1515588574717,0.85365856,-0.004878049,0.4563107,0.85365856
2018-1-10T13-49-34,1515588574718,0.84390247,-0.07317073,0.44660193,0.84390247
2018-1-10T13-49-34,1515588574719,0.8341463,-0.004878049,0.4563107,0.8341463
2018-1-10T13-49-34,1515588574720,0.85365856,-0.004878049,0.4563107,0.85365856
2018-1-10T13-49-34,1515588574721,0.84390247,-0.034146342,0.4563107,0.84390247
2018-1-10T13-49-34,1515588574722,0.8341463,-0.043902438,0.42718446,0.8341463
2018-1-10T13-49-34,1515588574723,0.85365856,-0.024390243,0.41747573,0.85365856
2018-1-10T13-49-34,1515588574724,0.84390247,-0.014634146,0.41747573,0.84390247
2018-1-10T13-49-34,1515588574725,0.82439023,0.004878049,0.42718446,0.82439023
2018-1-10T13-49-34,1515588574726,0.84390247,-0.014634146,0.4368932,0.84390247
2018-1-10T13-49-34,1515588574727,0.82439023,-0.024390243,0.37864077,0.82439023
2018-1-10T13-49-34,1515588574728,0.80487806,-0.053658538,0.42718446,0.80487806
2018-1-10T13-49-34,1515588574729,0.81463414,-0.014634146,0.44660193,0.81463414
2018-1-10T13-49-34,1515588574730,0.86341465,-0.004878049,0.47572815,0.86341465
2018-1-10T13-49-34,1515588574731,0.86341465,-0.014634146,0.4563107,0.86341465
2018-1-10T13-49-34,1515588574732,0.902439,-0.004878049,0.4563107,0.902439
2018-1-10T13-49-34,1515588574733,0.8926829,-0.004878049,0.4563107,0.8926829
2018-1-10T13-49-34,1515588574734,0.85365856,-0.014634146,0.4368932,0.85365856
2018-1-10T13-49-34,1515588574735,0.84390247,-0.034146342,0.41747573,0.84390247
2018-1-10T13-49-34,1515588574736,0.85365856,-0.024390243,0.41747573,0.85365856
2018-1-10T13-49-34,1515588574737,0.81463414,-0.034146342,0.4368932,0.81463414
2018-1-10T13-49-34,1515588574738,0.82439023,-0.004878049,0.44660193,0.82439023
2018-1-10T13-49-34,1515588574739,0.84390247,-0.034146342,0.4368932,0.84390247
2018-1-10T13-49-34,1515588574740,0.85365856,-0.024390243,0.4368932,0.85365856
2018-1-10T13-49-34,1515588574741,0.84390247,-0.13170731,0.47572815,0.84390247
2018-1-10T13-49-34,1515588574742,0.86341465,0.014634146,0.4563107,0.86341465
2018-1-10T13-49-34,1515588574743,0.8829268,-0.014634146,0.41747573,0.8829268
2018-1-10T13-49-34,1515588574744,0.86341465,-0.004878049,0.44660193,0.86341465
2018-1-10T13-49-34,1515588574745,0.85365856,0.004878049,0.4368932,0.85365856
2018-1-10T13-49-34,1515588574746,0.86341465,0.004878049,0.44660193,0.86341465
2018-1-10T13-49-34,1515588574747,0.84390247,-0.004878049,0.44660193,0.84390247
2018-1-10T13-49-34,1515588574748,0.85365856,-0.014634146,0.44660193,0.85365856
2018-1-10T13-49-34,1515588574749,0.84390247,-0.043902438,0.39805827,0.84390247
2018-1-10T13-49-34,1515588574750,0.8341463,-0.024390243,0.41747573,0.8341463
2018-1-10T13-49-34,1515588574751,0.82439023,-0.014634146,0.4368932,0.82439023
2018-1-10T13-49-34,1515588574752,0.85365856,-0.014634146,0.4368932,0.85365856
2018-1-10T13-49-34,1515588574753,0.82439023,-0.024390243,0.4563107,0.82439023
2018-1-10T13-49-34,1515588574754,0.84390247,-0.034146342,0.4368932,0.84390247
2018-1-10T13-49-34,1515588574755,0.82439023,-0.014634146,0.4368932,0.82439023
2018-1-10T13-49-34,1515588574756,0.84390247,-0.034146342,0.42718446,0.84390247
2018-1-10T13-49-34,1515588574757,0.84390247,-0.024390243,0.42718446,0.84390247
2018-1-10T13-49-34,1515588574758,0.82439023,-0.024390243,0.44660193,0.82439023
2018-1-10T13-49-34,1515588574759,0.8341463,-0.034146342,0.46601942,0.8341463
2018-1-10T13-49-34,1515588574760,0.8341463,-0.034146342,0.407767,0.8341463
2018-1-10T13-49-34,1515588574761,0.81463414,-0.024390243,0.3883495,0.81463414
2018-1-10T13-49-34,1515588574762,0.85365856,-0.053658538,0.46601942,0.85365856
2018-1-10T13-49-34,1515588574763,0.87317073,-0.024390243,0.4563107,0.87317073
2018-1-10T13-49-34,1515588574764,0.91219515,-0.024390243,0.44660193,0.91219515
2018-1-10T13-49-34,1515588574765,0.8926829,-0.004878049,0.46601942,0.8926829
2018-1-10T13-49-34,1515588574766,0.5121951,-0.024390243,0.47572815,0.5121951
2018-1-10T13-49-34,1515588574767,0.7853659,-0.024390243,0.4563107,0.7853659
2018-1-10T13-49-34,1515588574768,0.86341465,-0.024390243,0.4563107,0.86341465
2018-1-10T13-49-34,1515588574769,0.86341465,-0.004878049,0.44660193,0.86341465
2018-1-10T13-49-34,1515588574770,0.84390247,0.004878049,0.44660193,0.84390247
2018-1-10T13-49-34,1515588574771,0.8341463,-0.024390243,0.42718446,0.8341463
2018-1-10T13-49-34,1515588574772,0.84390247,-0.034146342,0.42718446,0.84390247
2018-1-10T13-49-34,1515588574773,0.82439023,-0.10243902,0.44660193,0.82439023
2018-1-10T13-49-34,1515588574774,0.8341463,-0.024390243,0.44660193,0.8341463
2018-1-10T13-49-34,1515588574775,0.82439023,-0.024390243,0.46601942,0.82439023
2018-1-10T13-49-34,1515588574776,0.8341463,-0.034146342,0.41747573,0.8341463
2018-1-10T13-49-34,1515588574777,0.84390247,-0.024390243,0.4368932,0.84390247
2018-1-10T13-49-34,1515588574778,0.902439,-0.014634146,0.44660193,0.902439
2018-1-10T13-49-34,1515588574779,0.79512197,-0.024390243,0.44660193,0.79512197
2018-1-10T13-49-34,1515588574780,0.85365856,-0.014634146,0.4563107,0.85365856
2018-1-10T13-49-34,1515588574781,0.85365856,-0.014634146,0.44660193,0.85365856
2018-1-10T13-49-34,1515588574782,0.85365856,-0.004878049,0.42718446,0.85365856
2018-1-10T13-49-34,1515588574783,0.8341463,-0.014634146,0.46601942,0.8341463
2018-1-10T13-49-34,1515588574784,0.82439023,-0.014634146,0.41747573,0.82439023
2018-1-10T13-49-34,1515588574785,0.8341463,-0.034146342,0.44660193,0.8341463
2018-1-10T13-49-34,1515588574786,0.81463414,-0.043902438,0.44660193,0.81463414
2018-1-10T13-49-34,1515588574787,0.8341463,-0.014634146,0.44660193,0.8341463
2018-1-10T13-49-34,1515588574788,0.84390247,-0.024390243,0.4563107,0.84390247
2018-1-10T13-49-34,1515588574789,0.85365856,-0.024390243,0.4563107,0.85365856
2018-1-10T13-49-34,1515588574790,0.87317073,-0.004878049,0.46601942,0.87317073
2018-1-10T13-49-34,1515588574791,0.8829268,-0.024390243,0.42718446,0.8829268
2018-1-10T13-49-34,1515588574792,0.86341465,-0.014634146,0.42718446,0.86341465
2018-1-10T13-49-34,1515588574793,0.85365856,0.004878049,0.4563107,0.85365856
2018-1-10T13-49-34,1515588574794,0.8341463,-0.024390243,0.4563107,0.8341463
2018-1-10T13-49-34,1515588574795,0.82439023,-0.043902438,0.42718446,0.82439023
2018-1-10T13-49-34,1515588574796,0.7853659,-0.024390243,0.41747573,0.7853659
2018-1-10T13-49-34,1515588574797,0.81463414,-0.034146342,0.4368932,0.81463414
2018-1-10T13-49-34,1515588574798,0.82439023,-0.1609756,0.4563107,0.82439023
2018-1-10T13-49-34,1515588574799,0.902439,0.024390243,0.4563107,0.902439
2018-1-10T13-49-34,1515588574800,0.85365856,-0.024390243,0.44660193,0.85365856
2018-1-10T13-49-34,1515588574801,0.8341463,-0.043902438,0.37864077,0.8341463
2018-1-10T13-49-34,1515588574802,0.82439023,-0.024390243,0.4563107,0.82439023
2018-1-10T13-49-34,1515588574803,0.84390247,-0.004878049,0.4563107,0.84390247
2018-1-10T13-49-34,1515588574804,0.86341465,-0.004878049,0.44660193,0.86341465
2018-1-10T13-49-34,1515588574805,0.85365856,-0.034146342,0.4563107,0.85365856
2018-1-10T13-49-34,1515588574806,0.85365856,-0.024390243,0.4368932,0.85365856
2018-1-10T13-49-34,1515588574807,0.86341465,-0.014634146,0.42718446,0.86341465
2018-1-10T13-49-34,1515588574808,0.87317073,0.08292683,0.44660193,0.87317073
2018-1-10T13-49-34,1515588574809,0.84390247,-0.004878049,0.44660193,0.84390247
2018-1-10T13-49-34,1515588574810,0.8341463,-0.004878049,0.41747573,0.8341463
2018-1-10T13-49-34,1515588574811,0.8341463,-0.004878049,0.41747573,0.8341463
2018-1-10T13-49-34,1515588574812,0.8341463,-0.004878049,0.44660193,0.8341463
2018-1-10T13-49-34,1515588574813,0.8341463,-0.024390243,0.4563107,0.8341463
2018-1-10T13-49-34,1515588574814,0.81463414,-0.024390243,0.4368932,0.81463414
2018-1-10T13-49-34,1515588574815,0.79512197,-0.024390243,0.41747573,0.79512197
2018-1-10T13-49-34,1515588574816,0.8341463,-0.034146342,0.3883495,0.8341463
2018-1-10T13-49-34,1515588574817,0.82439023,-0.043902438,0.4563107,0.82439023
2018-1-10T13-49-34,1515588574818,0.8341463,-0.043902438,0.44660193,0.8341463
2018-1-10T13-49-34,1515588574819,0.86341465,-0.024390243,0.4368932,0.86341465
2018-1-10T13-49-34,1515588574820,0.84390247,-0.043902438,0.4368932,0.84390247
2018-1-10T13-49-34,1515588574821,0.8341463,-0.034146342,0.42718446,0.8341463
2018-1-10T13-49-34,1515588574822,0.8341463,-0.034146342,0.4368932,0.8341463
2018-1-10T13-49-34,1515588574823,0.85365856,-0.014634146,0.4563107,0.85365856
2018-1-10T13-49-34,1515588574824,0.86341465,0.034146342,0.4368932,0.86341465
2018-1-10T13-49-34,1515588574825,0.84390247,-0.043902438,0.42718446,0.84390247
2018-1-10T13-49-34,1515588574826,0.85365856,-0.014634146,0.46601942,0.85365856
2018-1-10T13-49-34,1515588574827,0.84390247,-0.034146342,0.46601942,0.84390247
2018-1-10T13-49-34,1515588574828,0.85365856,-0.034146342,0.4563107,0.85365856
2018-1-10T13-49-34,1515588574829,0.85365856,-0.014634146,0.4563107,0.85365856
2018-1-10T13-49-34,1515588574830,0.86341465,-0.024390243,0.46601942,0.86341465
2018-1-10T13-49-34,1515588574831,0.84390247,-0.014634146,0.4368932,0.84390247
2018-1-10T13-49-34,1515588574832,0.82439023,-0.034146342,0.4368932,0.82439023
2018-1-10T13-49-34,1515588574833,0.8341463,-0.06341463,0.39805827,0.8341463
2018-1-10T13-49-34,1515588574834,0.81463414,-0.053658538,0.46601942,0.81463414
2018-1-10T13-49-34,1515588574835,0.8341463,-0.043902438,0.42718446,0.8341463
2018-1-10T13-49-34,1515588574836,0.85365856,-0.014634146,0.407767,0.85365856
2018-1-10T13-49-34,1515588574837,0.85365856,0.004878049,0.407767,0.85365856
2018-1-10T13-49-34,1515588574838,0.84390247,0.004878049,0.42718446,0.84390247
2018-1-10T13-49-34,1515588574839,0.8341463,0.014634146,0.44660193,0.8341463
2018-1-10T13-49-34,1515588574840,0.86341465,0.014634146,0.4368932,0.86341465
2018-1-10T13-49-34,1515588574841,0.84390247,-0.004878049,0.44660193,0.84390247
2018-1-10T13-49-34,1515588574842,0.84390247,0.004878049,0.44660193,0.84390247
2018-1-10T13-49-34,1515588574843,0.86341465,0.004878049,0.44660193,0.86341465
2018-1-10T13-49-34,1515588574844,0.84390247,-0.014634146,0.44660193,0.84390247
2018-1-10T13-49-34,1515588574845,0.82439023,-0.014634146,0.4368932,0.82439023
2018-1-10T13-49-34,1515588574846,0.82439023,-0.024390243,0.44660193,0.82439023
2018-1-10T13-49-34,1515588574847,0.86341465,-0.034146342,0.4368932,0.86341465
2018-1-10T13-49-34,1515588574848,0.85365856,0.004878049,0.4368932,0.85365856
2018-1-10T13-49-34,1515588574849,0.85365856,-0.014634146,0.4368932,0.85365856
2018-1-10T13-49-34,1515588574850,0.86341465,-0.004878049,0.4368932,0.86341465
2018-1-10T13-49-34,1515588574851,0.8341463,-0.004878049,0.44660193,0.8341463
2018-1-10T13-49-34,1515588574852,0.85365856,-0.004878049,0.4563107,0.85365856
2018-1-10T13-49-34,1515588574853,0.85365856,-0.014634146,0.44660193,0.85365856
2018-1-10T13-49-34,1515588574854,0.84390247,-0.004878049,0.4368932,0.84390247
2018-1-10T13-49-34,1515588574855,0.84390247,0.004878049,0.4563107,0.84390247
2018-1-10T13-49-34,1515588574856,0.8341463,-0.06341463,0.4563107,0.8341463
2018-1-10T13-49-34,1515588574857,0.81463414,-0.06341463,0.41747573,0.81463414
2018-1-10T13-49-34,1515588574858,0.85365856,-0.053658538,0.4368932,0.85365856
2018-1-10T13-49-34,1515588574859,0.84390247,-0.06341463,0.44660193,0.84390247
2018-1-10T13-49-34,1515588574860,0.82439023,-0.053658538,0.41747573,0.82439023
2018-1-10T13-49-34,1515588574861,0.84390247,-0.043902438,0.4368932,0.84390247
2018-1-10T13-49-34,1515588574862,0.85365856,-0.034146342,0.4368932,0.85365856
2018-1-10T13-49-34,1515588574863,0.8829268,-0.014634146,0.44660193,0.8829268
2018-1-10T13-49-34,1515588574864,0.86341465,-0.034146342,0.4563107,0.86341465
2018-1-10T13-49-34,1515588574865,0.86341465,-0.004878049,0.47572815,0.86341465
2018-1-10T13-49-34,1515588574866,0.902439,-0.014634146,0.4563107,0.902439
2018-1-10T13-49-34,1515588574867,0.85365856,-0.024390243,0.4563107,0.85365856
2018-1-10T13-49-34,1515588574868,0.87317073,-0.024390243,0.4368932,0.87317073
2018-1-10T13-49-34,1515588574869,0.85365856,-0.053658538,0.4368932,0.85365856
2018-1-10T13-49-34,1515588574870,0.8341463,-0.034146342,0.4563107,0.8341463
2018-1-10T13-49-34,1515588574871,0.81463414,-0.10243902,0.42718446,0.81463414
2018-1-10T13-49-34,1515588574872,0.8341463,-0.024390243,0.44660193,0.8341463
2018-1-10T13-49-34,1515588574873,0.8341463,-0.024390243,0.42718446,0.8341463
2018-1-10T13-49-34,1515588574874,0.82439023,-0.004878049,0.4368932,0.82439023
2018-1-10T13-49-34,1515588574875,0.84390247,-0.014634146,0.44660193,0.84390247
2018-1-10T13-49-34,1515588574876,0.84390247,0.004878049,0.44660193,0.84390247
2018-1-10T13-49-34,1515588574877,0.86341465,0.014634146,0.4368932,0.86341465
2018-1-10T13-49-34,1515588574878,0.86341465,0.024390243,0.44660193,0.86341465
2018-1-10T13-49-34,1515588574879,0.84390247,0.014634146,0.42718446,0.84390247
2018-1-10T13-49-34,1515588574880,0.8341463,0.09268293,0.42718446,0.8341463
2018-1-10T13-49-34,1515588574881,0.82439023,-0.014634146,0.44660193,0.82439023
2018-1-10T13-49-34,1515588574882,0.8341463,-0.034146342,0.4368932,0.8341463
2018-1-10T13-49-34,1515588574883,0.82439023,-0.034146342,0.4368932,0.82439023
2018-1-10T13-49-34,1515588574884,0.82439023,-0.034146342,0.4368932,0.82439023
2018-1-10T13-49-34,1515588574885,0.84390247,-0.043902438,0.46601942,0.84390247
2018-1-10T13-49-34,1515588574886,0.85365856,-0.043902438,0.44660193,0.85365856
2018-1-10T13-49-34,1515588574887,0.902439,-0.024390243,0.46601942,0.902439
2018-1-10T13-49-34,1515588574888,0.8829268,-0.053658538,0.47572815,0.8829268
2018-1-10T13-49-34,1515588574889,0.8829268,-0.043902438,0.5339806,0.8829268
2018-1-10T13-49-34,1515588574890,0.86341465,-0.014634146,0.47572815,0.86341465
2018-1-10T13-49-34,1515588574891,0.8926829,-0.014634146,0.4563107,0.8926829
2018-1-10T13-49-34,1515588574892,0.85365856,-0.014634146,0.4368932,0.85365856
2018-1-10T13-49-34,1515588574893,0.82439023,-0.014634146,0.42718446,0.82439023
2018-1-10T13-49-34,1515588574894,0.81463414,-0.043902438,0.4368932,0.81463414
2018-1-10T13-49-34,1515588574895,0.80487806,-0.043902438,0.44660193,0.80487806
2018-1-10T13-49-34,1515588574896,0.82439023,-0.043902438,0.42718446,0.82439023
2018-1-10T13-49-34,1515588574897,0.84390247,-0.043902438,0.4368932,0.84390247
2018-1-10T13-49-34,1515588574898,0.85365856,-0.034146342,0.4368932,0.85365856
2018-1-10T13-49-34,1515588574899,0.8341463,-0.014634146,0.44660193,0.8341463
2018-1-10T13-49-34,1515588574900,0.85365856,-0.034146342,0.44660193,0.85365856
2018-1-10T13-49-34,1515588574901,0.87317073,-0.034146342,0.4563107,0.87317073
2018-1-10T13-49-34,1515588574902,0.85365856,-0.034146342,0.4854369,0.85365856
2018-1-10T13-49-34,1515588574903,0.85365856,-0.1609756,0.46601942,0.85365856
2018-1-10T13-49-34,1515588574904,0.85365856,-0.024390243,0.47572815,0.85365856
2018-1-10T13-49-34,1515588574905,0.8341463,-0.024390243,0.42718446,0.8341463
2018-1-10T13-49-34,1515588574906,0.8829268,-0.004878049,0.4368932,0.8829268
2018-1-10T13-49-34,1515588574907,0.82439023,0.004878049,0.44660193,0.82439023
2018-1-10T13-49-34,1515588574908,0.86341465,0.004878049,0.4368932,0.86341465
2018-1-10T13-49-34,1515588574909,0.8341463,0.004878049,0.41747573,0.8341463
2018-1-10T13-49-34,1515588574910,0.86341465,0.014634146,0.4368932,0.86341465
2018-1-10T13-49-34,1515588574911,0.84390247,-0.014634146,0.44660193,0.84390247
2018-1-10T13-49-34,1515588574912,0.84390247,-0.014634146,0.4368932,0.84390247
2018-1-10T13-49-34,1515588574913,0.86341465,0.004878049,0.46601942,0.86341465
2018-1-10T13-49-34,1515588574914,0.85365856,-0.014634146,0.46601942,0.85365856
2018-1-10T13-49-34,1515588574915,0.86341465,-0.053658538,0.47572815,0.86341465
2018-1-10T13-49-34,1515588574916,0.84390247,-0.004878049,0.41747573,0.84390247
2018-1-10T13-49-34,1515588574917,0.8341463,-0.014634146,0.41747573,0.8341463
2018-1-10T13-49-34,1515588574918,0.80487806,-0.024390243,0.4368932,0.80487806
2018-1-10T13-49-34,1515588574919,0.81463414,-0.014634146,0.44660193,0.81463414
2018-1-10T13-49-34,1515588574920,0.82439023,-0.034146342,0.4368932,0.82439023
2018-1-10T13-49-34,1515588574921,0.82439023,-0.053658538,0.42718446,0.82439023
2018-1-10T13-49-34,1515588574922,0.82439023,-0.043902438,0.44660193,0.82439023
2018-1-10T13-49-34,1515588574923,0.84390247,-0.043902438,0.47572815,0.84390247
2018-1-10T13-49-34,1515588574924,0.87317073,-0.034146342,0.47572815,0.87317073
2018-1-10T13-49-34,1515588574925,0.87317073,0.004878049,0.46601942,0.87317073
2018-1-10T13-49-34,1515588574926,0.86341465,0.07317073,0.5145631,0.86341465
2018-1-10T13-49-34,1515588574927,0.8829268,-0.024390243,0.4563107,0.8829268
2018-1-10T13-49-34,1515588574928,0.84390247,-0.043902438,0.44660193,0.84390247
2018-1-10T13-49-34,1515588574929,0.8341463,-0.034146342,0.4368932,0.8341463
2018-1-10T13-49-34,1515588574930,0.82439023,-0.053658538,0.44660193,0.82439023
2018-1-10T13-49-34,1515588574931,0.82439023,-0.06341463,0.4368932,0.82439023
2018-1-10T13-49-34,1515588574932,0.82439023,-0.043902438,0.4368932,0.82439023
2018-1-10T13-49-34,1515588574933,0.8341463,-0.004878049,0.42718446,0.8341463
2018-1-10T13-49-34,1515588574934,0.85365856,0.004878049,0.4368932,0.85365856
2018-1-10T13-49-34,1515588574935,0.84390247,0.004878049,0.44660193,0.84390247
2018-1-10T13-49-34,1515588574936,0.84390247,0.014634146,0.44660193,0.84390247
2018-1-10T13-49-34,1515588574937,0.86341465,-0.004878049,0.44660193,0.86341465
2018-1-10T13-49-34,1515588574938,0.84390247,0.014634146,0.44660193,0.84390247
2018-1-10T13-49-34,1515588574939,0.85365856,0.004878049,0.39805827,0.85365856
2018-1-10T13-49-34,1515588574940,0.84390247,-0.004878049,0.44660193,0.84390247
2018-1-10T13-49-34,1515588574941,0.76585364,-0.004878049,0.44660193,0.76585364
2018-1-10T13-49-34,1515588574942,0.84390247,-0.004878049,0.44660193,0.84390247
2018-1-10T13-49-34,1515588574943,0.85365856,-0.024390243,0.4368932,0.85365856
2018-1-10T13-49-34,1515588574944,0.8829268,-0.024390243,0.41747573,0.8829268
2018-1-10T13-49-34,1515588574945,0.82439023,-0.024390243,0.44660193,0.82439023
2018-1-10T13-49-34,1515588574946,0.8341463,-0.09268293,0.46601942,0.8341463
2018-1-10T13-49-34,1515588574947,0.81463414,-0.034146342,0.44660193,0.81463414
2018-1-10T13-49-34,1515588574948,0.86341465,-0.014634146,0.44660193,0.86341465
2018-1-10T13-49-34,1515588574949,0.86341465,0.10243902,0.47572815,0.86341465
2018-1-10T13-49-34,1515588574950,0.87317073,-0.034146342,0.4563107,0.87317073
2018-1-10T13-49-34,1515588574951,0.85365856,-0.034146342,0.46601942,0.85365856
2018-1-10T13-49-34,1515588574952,0.84390247,-0.024390243,0.4368932,0.84390247
2018-1-10T13-49-34,1515588574953,0.8341463,-0.053658538,0.41747573,0.8341463
2018-1-10T13-49-34,1515588574954,0.79512197,-0.06341463,0.42718446,0.79512197
2018-1-10T13-49-34,1515588574955,0.7853659,-0.08292683,0.44660193,0.7853659
2018-1-10T13-49-34,1515588574956,0.80487806,-0.06341463,0.4563107,0.80487806
2018-1-10T13-49-34,1515588574957,0.77560973,-0.053658538,0.44660193,0.77560973
2018-1-10T13-49-34,1515588574958,0.86341465,0.004878049,0.4563107,0.86341465
2018-1-10T13-49-34,1515588574959,0.8926829,0.014634146,0.39805827,0.8926829
2018-1-10T13-49-34,1515588574960,0.8926829,0.034146342,0.44660193,0.8926829
2018-1-10T13-49-34,1515588574961,0.87317073,0.034146342,0.4368932,0.87317073
2018-1-10T13-49-34,1515588574962,0.8926829,0.024390243,0.4368932,0.8926829
2018-1-10T13-49-34,1515588574963,0.85365856,-0.004878049,0.4368932,0.85365856
2018-1-10T13-49-34,1515588574964,0.82439023,-0.034146342,0.42718446,0.82439023
2018-1-10T13-49-34,1515588574965,0.81463414,-0.024390243,0.41747573,0.81463414
2018-1-10T13-49-34,1515588574966,0.79512197,-0.024390243,0.4368932,0.79512197
2018-1-10T13-49-34,1515588574967,0.81463414,-0.014634146,0.42718446,0.81463414
2018-1-10T13-49-34,1515588574968,0.77560973,-0.014634146,0.49514562,0.77560973
2018-1-10T13-49-34,1515588574969,0.8341463,-0.014634146,0.4368932,0.8341463
2018-1-10T13-49-34,1515588574970,0.8341463,-0.034146342,0.44660193,0.8341463
2018-1-10T13-49-34,1515588574971,0.85365856,-0.014634146,0.44660193,0.85365856
2018-1-10T13-49-34,1515588574972,0.8829268,-0.004878049,0.47572815,0.8829268
2018-1-10T13-49-34,1515588574973,0.8829268,-0.014634146,0.49514562,0.8829268
2018-1-10T13-49-34,1515588574974,0.8926829,-0.014634146,0.4854369,0.8926829
2018-1-10T13-49-34,1515588574975,0.8926829,-0.024390243,0.46601942,0.8926829
2018-1-10T13-49-34,1515588574976,0.87317073,-0.034146342,0.41747573,0.87317073
2018-1-10T13-49-34,1515588574977,0.84390247,-0.034146342,0.407767,0.84390247
2018-1-10T13-49-34,1515588574978,0.82439023,-0.034146342,0.4563107,0.82439023
2018-1-10T13-49-34,1515588574979,0.81463414,-0.07317073,0.46601942,0.81463414
2018-1-10T13-49-34,1515588574980,0.82439023,-0.034146342,0.44660193,0.82439023
2018-1-10T13-49-34,1515588574981,0.80487806,-0.07317073,0.4368932,0.80487806
2018-1-10T13-49-34,1515588574982,0.8829268,-0.024390243,0.4563107,0.8829268
2018-1-10T13-49-34,1515588574983,0.87317073,-0.014634146,0.46601942,0.87317073
2018-1-10T13-49-34,1515588574984,0.86341465,-0.004878049,0.44660193,0.86341465
2018-1-10T13-49-34,1515588574985,0.87317073,0.024390243,0.47572815,0.87317073
2018-1-10T13-49-34,1515588574986,0.8341463,-0.024390243,0.42718446,0.8341463
2018-1-10T13-49-34,1515588574987,0.82439023,-0.024390243,0.4368932,0.82439023
2018-1-10T13-49-34,1515588574988,0.80487806,-0.034146342,0.4368932,0.80487806
2018-1-10T13-49-34,1515588574989,0.76585364,-0.06341463,0.4368932,0.76585364
2018-1-10T13-49-34,1515588574990,0.80487806,-0.06341463,0.42718446,0.80487806
2018-1-10T13-49-34,1515588574991,0.8341463,-0.07317073,0.42718446,0.8341463
2018-1-10T13-49-34,1515588574992,0.8341463,-0.014634146,0.42718446,0.8341463
2018-1-10T13-49-34,1515588574993,0.84390247,0.024390243,0.42718446,0.84390247
2018-1-10T13-49-34,1515588574994,0.84390247,0.024390243,0.4368932,0.84390247
2018-1-10T13-49-34,1515588574995,0.85365856,0.004878049,0.4563107,0.85365856
2018-1-10T13-49-34,1515588574996,0.86341465,-0.004878049,0.4563107,0.86341465
2018-1-10T13-49-34,1515588574997,0.85365856,-0.024390243,0.44660193,0.85365856
2018-1-10T13-49-34,1515588574998,0.86341465,-0.034146342,0.44660193,0.86341465
2018-1-10T13-49-34,1515588574999,0.8829268,-0.034146342,0.4563107,0.8829268
2018-1-10T13-49-35,1515588575000,0.82439023,-0.004878049,0.46601942,0.82439023
2018-1-10T13-49-35,1515588575001,1.0097561,-0.06341463,0.41747573,1.0097561
2018-1-10T13-49-35,1515588575002,0.81463414,-0.09268293,0.4563107,0.81463414
2018-1-10T13-49-35,1515588575003,0.81463414,-0.08292683,0.4563107,0.81463414
2018-1-10T13-49-35,1515588575004,0.84390247,-0.07317073,0.4563107,0.84390247
2018-1-10T13-49-35,1515588575005,0.87317073,-0.053658538,0.37864077,0.87317073
2018-1-10T13-49-35,1515588575006,0.87317073,-0.014634146,0.4563107,0.87317073
2018-1-10T13-49-35,1515588575007,0.9609756,-0.004878049,0.46601942,0.9609756
2018-1-10T13-49-35,1515588575008,0.8926829,0.014634146,0.47572815,0.8926829
2018-1-10T13-49-35,1515588575009,0.80487806,0.014634146,0.4563107,0.80487806
2018-1-10T13-49-35,1515588575010,0.84390247,0.014634146,0.4368932,0.84390247
2018-1-10T13-49-35,1515588575011,0.86341465,-0.004878049,0.44660193,0.86341465
2018-1-10T13-49-35,1515588575012,0.82439023,-0.004878049,0.4368932,0.82439023
2018-1-10T13-49-35,1515588575013,0.82439023,-0.004878049,0.4368932,0.82439023
2018-1-10T13-49-35,1515588575014,0.86341465,0.004878049,0.41747573,0.86341465
2018-1-10T13-49-35,1515588575015,0.82439023,-0.004878049,0.41747573,0.82439023
2018-1-10T13-49-35,1515588575016,0.8926829,0.024390243,0.42718446,0.8926829
2018-1-10T13-49-35,1515588575017,0.8341463,-0.004878049,0.4563107,0.8341463
2018-1-10T13-49-35,1515588575018,0.8341463,-0.014634146,0.44660193,0.8341463
2018-1-10T13-49-35,1515588575019,0.8341463,0.004878049,0.4368932,0.8341463
2018-1-10T13-49-35,1515588575020,0.79512197,-0.004878049,0.4368932,0.79512197
2018-1-10T13-49-35,1515588575021,0.8341463,-0.014634146,0.4368932,0.8341463
2018-1-10T13-49-35,1515588575022,0.86341465,-0.004878049,0.47572815,0.86341465
2018-1-10T13-49-35,1515588575023,0.5804878,-0.004878049,0.4563107,0.5804878
2018-1-10T13-49-35,1515588575024,0.86341465,-0.10243902,0.44660193,0.86341465
2018-1-10T13-49-35,1515588575025,0.84390247,-0.034146342,0.4368932,0.84390247
2018-1-10T13-49-35,1515588575026,0.82439023,-0.043902438,0.4563107,0.82439023
2018-1-10T13-49-35,1515588575027,0.84390247,-0.06341463,0.46601942,0.84390247
2018-1-10T13-49-35,1515588575028,0.84390247,-0.07317073,0.4563107,0.84390247
2018-1-10T13-49-35,1515588575029,0.85365856,-0.043902438,0.44660193,0.85365856
2018-1-10T13-49-35,1515588575030,0.85365856,-0.09268293,0.44660193,0.85365856
2018-1-10T13-49-35,1515588575031,0.85365856,0.004878049,0.4563107,0.85365856
2018-1-10T13-49-35,1515588575032,0.8341463,-0.043902438,0.4563107,0.8341463
2018-1-10T13-49-35,1515588575033,0.85365856,-0.024390243,0.4563107,0.85365856
2018-1-10T13-49-35,1515588575034,0.86341465,-0.024390243,0.44660193,0.86341465
2018-1-10T13-49-35,1515588575035,0.85365856,-0.10243902,0.4368932,0.85365856
2018-1-10T13-49-35,1515588575036,0.8341463,-0.014634146,0.44660193,0.8341463
2018-1-10T13-49-35,1515588575037,0.7853659,-0.024390243,0.42718446,0.7853659
2018-1-10T13-49-35,1515588575038,0.8341463,-0.024390243,0.4368932,0.8341463
2018-1-10T13-49-35,1515588575039,0.86341465,-0.004878049,0.4368932,0.86341465
2018-1-10T13-49-35,1515588575040,0.84390247,-0.014634146,0.4368932,0.84390247
2018-1-10T13-49-35,1515588575041,0.84390247,-0.004878049,0.41747573,0.84390247
2018-1-10T13-49-35,1515588575042,0.87317073,0.024390243,0.42718446,0.87317073
2018-1-10T13-49-35,1515588575043,0.84390247,0.024390243,0.4368932,0.84390247
2018-1-10T13-49-35,1515588575044,0.8341463,0.014634146,0.44660193,0.8341463
2018-1-10T13-49-35,1515588575045,0.8341463,0.004878049,0.4368932,0.8341463
2018-1-10T13-49-35,1515588575046,0.79512197,-0.004878049,0.44660193,0.79512197
2018-1-10T13-49-35,1515588575047,0.86341465,-0.024390243,0.4563107,0.86341465
2018-1-10T13-49-35,1515588575048,0.85365856,-0.024390243,0.29126215,0.85365856
2018-1-10T13-49-35,1515588575049,0.86341465,-0.024390243,0.4563107,0.86341465
2018-1-10T13-49-35,1515588575050,0.86341465,0.014634146,0.4368932,0.86341465
2018-1-10T13-49-35,1515588575051,0.8829268,-0.024390243,0.4368932,0.8829268
2018-1-10T13-49-35,1515588575052,0.84390247,-0.024390243,0.5048544,0.84390247
2018-1-10T13-49-35,1515588575053,0.86341465,-0.043902438,0.4563107,0.86341465
2018-1-10T13-49-35,1515588575054,0.84390247,-0.053658538,0.46601942,0.84390247
2018-1-10T13-49-35,1515588575055,0.82439023,-0.053658538,0.44660193,0.82439023
2018-1-10T13-49-35,1515588575056,0.77560973,-0.043902438,0.44660193,0.77560973
2018-1-10T13-49-35,1515588575057,0.84390247,-0.024390243,0.46601942,0.84390247
2018-1-10T13-49-35,1515588575058,0.86341465,-0.014634146,0.4563107,0.86341465
2018-1-10T13-49-35,1515588575059,0.8926829,-0.014634146,0.44660193,0.8926829
2018-1-10T13-49-35,1515588575060,0.86341465,-0.024390243,0.4368932,0.86341465
2018-1-10T13-49-35,1515588575061,0.86341465,0.014634146,0.4368932,0.86341465
2018-1-10T13-49-35,1515588575062,0.84390247,0.06341463,0.4368932,0.84390247
2018-1-10T13-49-35,1515588575063,0.82439023,0.004878049,0.49514562,0.82439023
2018-1-10T13-49-35,1515588575064,0.84390247,-0.004878049,0.4368932,0.84390247
2018-1-10T13-49-35,1515588575065,0.80487806,0.004878049,0.44660193,0.80487806
2018-1-10T13-49-35,1515588575066,0.82439023,-0.014634146,0.4368932,0.82439023
2018-1-10T13-49-35,1515588575067,0.82439023,-0.024390243,0.44660193,0.82439023
2018-1-10T13-49-35,1515588575068,0.8341463,-0.053658538,0.44660193,0.8341463
2018-1-10T13-49-35,1515588575069,0.8341463,-0.043902438,0.44660193,0.8341463
2018-1-10T13-49-35,1515588575070,0.91219515,-0.024390243,0.47572815,0.91219515
2018-1-10T13-49-35,1515588575071,0.85365856,-0.014634146,0.46601942,0.85365856
2018-1-10T13-49-35,1515588575072,0.86341465,-0.043902438,0.46601942,0.86341465
2018-1-10T13-49-35,1515588575073,0.902439,-0.034146342,0.4368932,0.902439
2018-1-10T13-49-35,1515588575074,0.82439023,-0.024390243,0.4368932,0.82439023
2018-1-10T13-49-35,1515588575075,0.8341463,-0.053658538,0.36893204,0.8341463
2018-1-10T13-49-35,1515588575076,0.82439023,-0.06341463,0.44660193,0.82439023
2018-1-10T13-49-35,1515588575077,0.86341465,-0.043902438,0.4368932,0.86341465
2018-1-10T13-49-35,1515588575078,0.84390247,-0.034146342,0.4368932,0.84390247
2018-1-10T13-49-35,1515588575079,0.85365856,-0.06341463,0.44660193,0.85365856
2018-1-10T13-49-35,1515588575080,0.85365856,-0.043902438,0.44660193,0.85365856
2018-1-10T13-49-35,1515588575081,0.8341463,-0.034146342,0.44660193,0.8341463
2018-1-10T13-49-35,1515588575082,0.85365856,-0.034146342,0.4563107,0.85365856
2018-1-10T13-49-35,1515588575083,0.85365856,-0.004878049,0.46601942,0.85365856
2018-1-10T13-49-35,1515588575084,0.86341465,-0.014634146,0.46601942,0.86341465
2018-1-10T13-49-35,1515588575085,0.86341465,-0.014634146,0.4563107,0.86341465
2018-1-10T13-49-35,1515588575086,0.85365856,-0.06341463,0.44660193,0.85365856
2018-1-10T13-49-35,1515588575087,0.85365856,0.004878049,0.4368932,0.85365856
2018-1-10T13-49-35,1515588575088,0.84390247,0.014634146,0.4368932,0.84390247
2018-1-10T13-49-35,1515588575089,0.8341463,-0.014634146,0.4368932,0.8341463
2018-1-10T13-49-35,1515588575090,0.82439023,-0.004878049,0.42718446,0.82439023
2018-1-10T13-49-35,1515588575091,0.81463414,0.004878049,0.4563107,0.81463414
2018-1-10T13-49-35,1515588575092,0.8341463,-0.004878049,0.4563107,0.8341463
2018-1-10T13-49-35,1515588575093,0.82439023,0.004878049,0.4368932,0.82439023
2018-1-10T13-49-35,1515588575094,0.92195123,-0.004878049,0.44660193,0.92195123
2018-1-10T13-49-35,1515588575095,0.86341465,-0.004878049,0.46601942,0.86341465
2018-1-10T13-49-35,1515588575096,0.82439023,0.004878049,0.44660193,0.82439023
2018-1-10T13-49-35,1515588575097,0.85365856,-0.014634146,0.4368932,0.85365856
2018-1-10T13-49-35,1515588575098,0.84390247,-0.014634146,0.42718446,0.84390247
2018-1-10T13-49-35,1515588575099,0.81463414,-0.07317073,0.41747573,0.81463414
2018-1-10T13-49-35,1515588575100,0.8341463,-0.034146342,0.41747573,0.8341463
2018-1-10T13-49-35,1515588575101,0.8341463,-0.024390243,0.44660193,0.8341463
2018-1-10T13-49-35,1515588575102,0.8341463,-0.024390243,0.49514562,0.8341463
2018-1-10T13-49-35,1515588575103,0.85365856,-0.043902438,0.4563107,0.85365856
2018-1-10T13-49-35,1515588575104,0.87317073,-0.043902438,0.46601942,0.87317073
2018-1-10T13-49-35,1515588575105,0.87317073,-0.034146342,0.46601942,0.87317073
2018-1-10T13-49-35,1515588575106,0.85365856,-0.024390243,0.4563107,0.85365856
2018-1-10T13-49-35,1515588575107,0.86341465,0.014634146,0.47572815,0.86341465
2018-1-10T13-49-35,1515588575108,0.86341465,-0.043902438,0.44660193,0.86341465
2018-1-10T13-49-35,1515588575109,0.84390247,-0.034146342,0.44660193,0.84390247
2018-1-10T13-49-35,1515588575110,0.85365856,-0.014634146,0.44660193,0.85365856
2018-1-10T13-49-35,1515588575111,0.84390247,-0.034146342,0.4368932,0.84390247
2018-1-10T13-49-35,1515588575112,0.81463414,-0.014634146,0.42718446,0.81463414
2018-1-10T13-49-35,1515588575113,0.81463414,0.024390243,0.42718446,0.81463414
2018-1-10T13-49-35,1515588575114,0.82439023,-0.004878049,0.42718446,0.82439023
2018-1-10T13-49-35,1515588575115,0.8341463,-0.014634146,0.42718446,0.8341463
2018-1-10T13-49-35,1515588575116,0.81463414,-0.053658538,0.42718446,0.81463414
2018-1-10T13-49-35,1515588575117,0.81463414,-0.014634146,0.44660193,0.81463414
2018-1-10T13-49-35,1515588575118,0.7853659,-0.024390243,0.44660193,0.7853659
2018-1-10T13-49-35,1515588575119,0.84390247,-0.004878049,0.4563107,0.84390247
2018-1-10T13-49-35,1515588575120,0.84390247,0.053658538,0.4368932,0.84390247
2018-1-10T13-49-35,1515588575121,0.84390247,-0.024390243,0.4368932,0.84390247
2018-1-10T13-49-35,1515588575122,0.8341463,-0.024390243,0.41747573,0.8341463
2018-1-10T13-49-35,1515588575123,0.8341463,-0.014634146,0.4368932,0.8341463
2018-1-10T13-49-35,1515588575124,0.85365856,-0.024390243,0.4563107,0.85365856
2018-1-10T13-49-35,1515588575125,0.84390247,-0.034146342,0.4563107,0.84390247
2018-1-10T13-49-35,1515588575126,0.86341465,-0.024390243,0.46601942,0.86341465
2018-1-10T13-49-35,1515588575127,0.8926829,-0.024390243,0.46601942,0.8926829
2018-1-10T13-49-35,1515588575128,0.8926829,-0.024390243,0.46601942,0.8926829
2018-1-10T13-49-35,1515588575129,0.87317073,-0.10243902,0.46601942,0.87317073
2018-1-10T13-49-35,1515588575130,0.8829268,-0.014634146,0.44660193,0.8829268
2018-1-10T13-49-35,1515588575131,0.86341465,-0.034146342,0.44660193,0.86341465
2018-1-10T13-49-35,1515588575132,0.84390247,-0.024390243,0.3883495,0.84390247
2018-1-10T13-49-35,1515588575133,0.82439023,-0.024390243,0.4563107,0.82439023
2018-1-10T13-49-35,1515588575134,0.85365856,-0.024390243,0.4368932,0.85365856
2018-1-10T13-49-35,1515588575135,0.82439023,-0.014634146,0.4368932,0.82439023
2018-1-10T13-49-35,1515588575136,0.84390247,-0.024390243,0.42718446,0.84390247
2018-1-10T13-49-35,1515588575137,0.84390247,0.004878049,0.42718446,0.84390247
2018-1-10T13-49-35,1515588575138,0.84390247,-0.004878049,0.42718446,0.84390247
2018-1-10T13-49-35,1515588575139,0.81463414,0.004878049,0.41747573,0.81463414
2018-1-10T13-49-35,1515588575140,0.8341463,0.004878049,0.4368932,0.8341463
2018-1-10T13-49-35,1515588575141,0.84390247,-0.004878049,0.42718446,0.84390247
2018-1-10T13-49-35,1515588575142,0.8341463,-0.004878049,0.42718446,0.8341463
2018-1-10T13-49-35,1515588575143,0.84390247,-0.024390243,0.44660193,0.84390247
2018-1-10T13-49-35,1515588575144,0.86341465,-0.034146342,0.4563107,0.86341465
2018-1-10T13-49-35,1515588575145,0.84390247,-0.034146342,0.4563107,0.84390247
2018-1-10T13-49-35,1515588575146,0.84390247,-0.024390243,0.44660193,0.84390247
2018-1-10T13-49-35,1515588575147,0.84390247,-0.09268293,0.4368932,0.84390247
2018-1-10T13-49-35,1515588575148,0.76585364,-0.043902438,0.42718446,0.76585364
2018-1-10T13-49-35,1515588575149,0.71707314,-0.07317073,0.47572815,0.71707314
2018-1-10T13-49-35,1515588575150,0.87317073,-0.053658538,0.5145631,0.87317073
2018-1-10T13-49-35,1515588575151,0.8829268,-0.043902438,0.47572815,0.8829268
2018-1-10T13-49-35,1515588575152,0.8926829,-0.034146342,0.46601942,0.8926829
2018-1-10T13-49-35,1515588575153,0.91219515,0.004878049,0.44660193,0.91219515
2018-1-10T13-49-35,1515588575154,0.8829268,-0.004878049,0.47572815,0.8829268
2018-1-10T13-49-35,1515588575155,0.85365856,-0.004878049,0.5436893,0.85365856
2018-1-10T13-49-35,1515588575156,0.82439023,-0.024390243,0.42718446,0.82439023
2018-1-10T13-49-35,1515588575157,0.81463414,-0.034146342,0.4368932,0.81463414
2018-1-10T13-49-35,1515588575158,0.82439023,0.014634146,0.42718446,0.82439023
2018-1-10T13-49-35,1515588575159,0.80487806,-0.034146342,0.39805827,0.80487806
2018-1-10T13-49-35,1515588575160,0.79512197,-0.034146342,0.407767,0.79512197
2018-1-10T13-49-35,1515588575161,0.84390247,-0.034146342,0.41747573,0.84390247
2018-1-10T13-49-35,1515588575162,0.81463414,-0.014634146,0.39805827,0.81463414
2018-1-10T13-49-35,1515588575163,0.81463414,-0.043902438,0.42718446,0.81463414
2018-1-10T13-49-35,1515588575164,0.81463414,-0.004878049,0.41747573,0.81463414
2018-1-10T13-49-35,1515588575165,0.82439023,0.053658538,0.44660193,0.82439023
2018-1-10T13-49-35,1515588575166,0.86341465,0.014634146,0.4563107,0.86341465
2018-1-10T13-49-35,1515588575167,0.8829268,-0.004878049,0.46601942,0.8829268
2018-1-10T13-49-35,1515588575168,0.87317073,0.004878049,0.4563107,0.87317073
2018-1-10T13-49-35,1515588575169,0.87317073,0.004878049,0.44660193,0.87317073
2018-1-10T13-49-35,1515588575170,0.8829268,-0.014634146,0.44660193,0.8829268
2018-1-10T13-49-35,1515588575171,0.87317073,-0.024390243,0.44660193,0.87317073
2018-1-10T13-49-35,1515588575172,0.8341463,-0.034146342,0.4563107,0.8341463
2018-1-10T13-49-35,1515588575173,0.8341463,-0.043902438,0.4563107,0.8341463
2018-1-10T13-49-35,1515588575174,0.8341463,-0.09268293,0.46601942,0.8341463
2018-1-10T13-49-35,1515588575175,0.84390247,-0.06341463,0.46601942,0.84390247
2018-1-10T13-49-35,1515588575176,0.84390247,-0.043902438,0.4563107,0.84390247
2018-1-10T13-49-35,1515588575177,0.86341465,-0.024390243,0.4563107,0.86341465
2018-1-10T13-49-35,1515588575178,0.85365856,0.014634146,0.4563107,0.85365856
2018-1-10T13-49-35,1515588575179,0.86341465,-0.024390243,0.46601942,0.86341465
2018-1-10T13-49-35,1515588575180,0.84390247,-0.014634146,0.42718446,0.84390247
2018-1-10T13-49-35,1515588575181,0.84390247,-0.024390243,0.37864077,0.84390247
2018-1-10T13-49-35,1515588575182,0.8341463,-0.034146342,0.44660193,0.8341463
2018-1-10T13-49-35,1515588575183,0.82439023,-0.043902438,0.4563107,0.82439023
2018-1-10T13-49-35,1515588575184,0.8341463,-0.053658538,0.41747573,0.8341463
2018-1-10T13-49-35,1515588575185,0.84390247,-0.024390243,0.41747573,0.84390247
2018-1-10T13-49-35,1515588575186,0.84390247,-0.024390243,0.44660193,0.84390247
2018-1-10T13-49-35,1515588575187,0.80487806,-0.024390243,0.37864077,0.80487806
2018-1-10T13-49-35,1515588575188,0.82439023,-0.014634146,0.407767,0.82439023
2018-1-10T13-49-35,1515588575189,0.87317073,-0.024390243,0.4563107,0.87317073
2018-1-10T13-49-35,1515588575190,0.84390247,-0.004878049,0.4563107,0.84390247
2018-1-10T13-49-35,1515588575191,0.84390247,-0.09268293,0.44660193,0.84390247
2018-1-10T13-49-35,1515588575192,0.84390247,-0.024390243,0.44660193,0.84390247
2018-1-10T13-49-35,1515588575193,0.85365856,-0.09268293,0.4563107,0.85365856
2018-1-10T13-49-35,1515588575194,0.85365856,-0.024390243,0.44660193,0.85365856
2018-1-10T13-49-35,1515588575195,0.87317073,-0.024390243,0.46601942,0.87317073
2018-1-10T13-49-35,1515588575196,0.84390247,-0.034146342,0.41747573,0.84390247
2018-1-10T13-49-35,1515588575197,0.84390247,-0.004878049,0.42718446,0.84390247
2018-1-10T13-49-35,1515588575198,0.84390247,-0.004878049,0.42718446,0.84390247
2018-1-10T13-49-35,1515588575199,0.85365856,0.004878049,0.4563107,0.85365856
2018-1-10T13-49-35,1515588575200,0.8341463,0.004878049,0.42718446,0.8341463
2018-1-10T13-49-35,1515588575201,0.8341463,-0.014634146,0.4368932,0.8341463
2018-1-10T13-49-35,1515588575202,0.8341463,-0.014634146,0.44660193,0.8341463
2018-1-10T13-49-35,1515588575203,0.8341463,-0.024390243,0.46601942,0.8341463
2018-1-10T13-49-35,1515588575204,0.85365856,-0.014634146,0.5145631,0.85365856
2018-1-10T13-49-35,1515588575205,0.80487806,-0.024390243,0.41747573,0.80487806
2018-1-10T13-49-35,1515588575206,0.84390247,-0.004878049,0.41747573,0.84390247
2018-1-10T13-49-35,1515588575207,0.82439023,-0.024390243,0.44660193,0.82439023
2018-1-10T13-49-35,1515588575208,0.8341463,-0.043902438,0.44660193,0.8341463
2018-1-10T13-49-35,1515588575209,0.84390247,0.014634146,0.4368932,0.84390247
2018-1-10T13-49-35,1515588575210,0.82439023,-0.053658538,0.42718446,0.82439023
2018-1-10T13-49-35,1515588575211,0.84390247,-0.053658538,0.46601942,0.84390247
2018-1-10T13-49-35,1515588575212,0.86341465,-0.043902438,0.44660193,0.86341465
2018-1-10T13-49-35,1515588575213,0.86341465,-0.043902438,0.4563107,0.86341465
2018-1-10T13-49-35,1515588575214,0.82439023,-0.024390243,0.44660193,0.82439023
2018-1-10T13-49-35,1515588575215,0.85365856,0.034146342,0.407767,0.85365856
2018-1-10T13-49-35,1515588575216,0.8341463,-0.08292683,0.42718446,0.8341463
2018-1-10T13-49-35,1515588575217,0.8341463,0.004878049,0.44660193,0.8341463
2018-1-10T13-49-35,1515588575218,0.76585364,-0.024390243,0.46601942,0.76585364
2018-1-10T13-49-35,1515588575219,0.84390247,-0.024390243,0.46601942,0.84390247
2018-1-10T13-49-35,1515588575220,0.84390247,-0.024390243,0.44660193,0.84390247
2018-1-10T13-49-35,1515588575221,0.9317073,-0.014634146,0.4563107,0.9317073
2018-1-10T13-49-35,1515588575222,0.87317073,0.024390243,0.44660193,0.87317073
2018-1-10T13-49-35,1515588575223,0.87317073,-0.024390243,0.47572815,0.87317073
2018-1-10T13-49-35,1515588575224,0.86341465,-0.034146342,0.47572815,0.86341465
2018-1-10T13-49-35,1515588575225,0.8829268,0.004878049,0.4563107,0.8829268
2018-1-10T13-49-35,1515588575226,0.84390247,0.034146342,0.4563107,0.84390247
2018-1-10T13-49-35,1515588575227,0.85365856,0.024390243,0.44660193,0.85365856
2018-1-10T13-49-35,1515588575228,0.84390247,-0.014634146,0.44660193,0.84390247
2018-1-10T13-49-35,1515588575229,0.8341463,-0.004878049,0.42718446,0.8341463
2018-1-10T13-49-35,1515588575230,0.85365856,0.004878049,0.42718446,0.85365856
2018-1-10T13-49-35,1515588575231,0.85365856,0.024390243,0.42718446,0.85365856
2018-1-10T13-49-35,1515588575232,0.82439023,0.014634146,0.42718446,0.82439023
2018-1-10T13-49-35,1515588575233,0.82439023,-0.004878049,0.4368932,0.82439023
2018-1-10T13-49-35,1515588575234,0.81463414,-0.014634146,0.42718446,0.81463414
2018-1-10T13-49-35,1515588575235,0.8341463,-0.024390243,0.42718446,0.8341463
2018-1-10T13-49-35,1515588575236,0.82439023,-0.06341463,0.4563107,0.82439023
2018-1-10T13-49-35,1515588575237,0.87317073,-0.053658538,0.44660193,0.87317073
2018-1-10T13-49-35,1515588575238,0.8341463,-0.034146342,0.42718446,0.8341463
2018-1-10T13-49-35,1515588575239,0.82439023,-0.043902438,0.42718446,0.82439023
2018-1-10T13-49-35,1515588575240,0.8341463,-0.034146342,0.42718446,0.8341463
2018-1-10T13-49-35,1515588575241,0.82439023,-0.034146342,0.4854369,0.82439023
2018-1-10T13-49-35,1515588575242,0.8341463,-0.053658538,0.44660193,0.8341463
2018-1-10T13-49-35,1515588575243,0.85365856,-0.053658538,0.44660193,0.85365856
2018-1-10T13-49-35,1515588575244,0.8829268,-0.053658538,0.41747573,0.8829268
2018-1-10T13-49-35,1515588575245,0.84390247,-0.014634146,0.4368932,0.84390247
2018-1-10T13-49-35,1515588575246,0.79512197,-0.034146342,0.44660193,0.79512197
2018-1-10T13-49-35,1515588575247,0.81463414,-0.034146342,0.47572815,0.81463414
2018-1-10T13-49-35,1515588575248,0.81463414,-0.034146342,0.4563107,0.81463414
2018-1-10T13-49-35,1515588575249,0.86341465,-0.014634146,0.46601942,0.86341465
2018-1-10T13-49-35,1515588575250,0.87317073,0.004878049,0.49514562,0.87317073
2018-1-10T13-49-35,1515588575251,0.8829268,-0.014634146,0.46601942,0.8829268
2018-1-10T13-49-35,1515588575252,0.8926829,-0.004878049,0.44660193,0.8926829
2018-1-10T13-49-35,1515588575253,0.902439,0.014634146,0.46601942,0.902439
2018-1-10T13-49-35,1515588575254,0.902439,0.014634146,0.4563107,0.902439
2018-1-10T13-49-35,1515588575255,0.8341463,-0.004878049,0.47572815,0.8341463
2018-1-10T13-49-35,1515588575256,0.82439023,-0.004878049,0.4563107,0.82439023
2018-1-10T13-49-35,1515588575257,0.84390247,-0.014634146,0.4563107,0.84390247
2018-1-10T13-49-35,1515588575258,0.8341463,-0.024390243,0.4368932,0.8341463
2018-1-10T13-49-35,1515588575259,0.8341463,-0.004878049,0.407767,0.8341463
2018-1-10T13-49-35,1515588575260,0.8341463,-0.004878049,0.42718446,0.8341463
2018-1-10T13-49-35,1515588575261,0.8341463,-0.014634146,0.42718446,0.8341463
2018-1-10T13-49-35,1515588575262,0.80487806,-0.024390243,0.4368932,0.80487806
2018-1-10T13-49-35,1515588575263,0.81463414,-0.034146342,0.44660193,0.81463414
2018-1-10T13-49-35,1515588575264,0.8341463,-0.07317073,0.4563107,0.8341463
2018-1-10T13-49-35,1515588575265,0.85365856,-0.07317073,0.44660193,0.85365856
2018-1-10T13-49-35,1515588575266,0.85365856,-0.043902438,0.4563107,0.85365856
2018-1-10T13-49-35,1515588575267,0.85365856,-0.043902438,0.42718446,0.85365856
2018-1-10T13-49-35,1515588575268,0.84390247,-0.034146342,0.407767,0.84390247
2018-1-10T13-49-35,1515588575269,0.82439023,-0.043902438,0.41747573,0.82439023
2018-1-10T13-49-35,1515588575270,0.81463414,-0.034146342,0.4368932,0.81463414
2018-1-10T13-49-35,1515588575271,0.82439023,-0.034146342,0.4368932,0.82439023
2018-1-10T13-49-35,1515588575272,0.84390247,-0.034146342,0.4563107,0.84390247
2018-1-10T13-49-35,1515588575273,0.85365856,-0.034146342,0.47572815,0.85365856
2018-1-10T13-49-35,1515588575274,0.902439,-0.034146342,0.4563107,0.902439
2018-1-10T13-49-35,1515588575275,0.8829268,-0.024390243,0.4563107,0.8829268
2018-1-10T13-49-35,1515588575276,0.9804878,-0.014634146,0.4368932,0.9804878
2018-1-10T13-49-35,1515588575277,0.8926829,0.004878049,0.42718446,0.8926829
2018-1-10T13-49-35,1515588575278,0.86341465,0.024390243,0.4368932,0.86341465
2018-1-10T13-49-35,1515588575279,0.82439023,-0.024390243,0.4368932,0.82439023
2018-1-10T13-49-35,1515588575280,0.81463414,0.004878049,0.41747573,0.81463414
2018-1-10T13-49-35,1515588575281,0.82439023,-0.004878049,0.4368932,0.82439023
2018-1-10T13-49-35,1515588575282,0.84390247,-0.004878049,0.46601942,0.84390247
2018-1-10T13-49-35,1515588575283,0.86341465,-0.004878049,0.4368932,0.86341465
2018-1-10T13-49-35,1515588575284,0.85365856,-0.004878049,0.41747573,0.85365856
2018-1-10T13-49-35,1515588575285,0.86341465,-0.004878049,0.4563107,0.86341465
2018-1-10T13-49-35,1515588575286,0.84390247,-0.024390243,0.44660193,0.84390247
2018-1-10T13-49-35,1515588575287,0.84390247,-0.004878049,0.4368932,0.84390247
2018-1-10T13-49-35,1515588575288,0.82439023,-0.034146342,0.46601942,0.82439023
2018-1-10T13-49-35,1515588575289,0.8341463,-0.053658538,0.4854369,0.8341463
2018-1-10T13-49-35,1515588575290,0.85365856,-0.014634146,0.4563107,0.85365856
2018-1-10T13-49-35,1515588575291,0.84390247,-0.043902438,0.4368932,0.84390247
2018-1-10T13-49-35,1515588575292,0.86341465,-0.043902438,0.4563107,0.86341465
2018-1-10T13-49-35,1515588575293,0.84390247,-0.053658538,0.46601942,0.84390247
2018-1-10T13-49-35,1515588575294,0.902439,-0.024390243,0.44660193,0.902439
2018-1-10T13-49-35,1515588575295,0.85365856,0.07317073,0.4368932,0.85365856
2018-1-10T13-49-35,1515588575296,0.84390247,-0.034146342,0.52427185,0.84390247
2018-1-10T13-49-35,1515588575297,0.79512197,-0.024390243,0.4368932,0.79512197
2018-1-10T13-49-35,1515588575298,0.85365856,-0.014634146,0.4563107,0.85365856
2018-1-10T13-49-35,1515588575299,0.8341463,-0.024390243,0.4563107,0.8341463
2018-1-10T13-49-35,1515588575300,0.86341465,-0.034146342,0.4368932,0.86341465
2018-1-10T13-49-35,1515588575301,0.8341463,-0.06341463,0.44660193,0.8341463
2018-1-10T13-49-35,1515588575302,0.8341463,-0.014634146,0.44660193,0.8341463
2018-1-10T13-49-35,1515588575303,0.84390247,-0.004878049,0.4368932,0.84390247
2018-1-10T13-49-35,1515588575304,0.85365856,0.014634146,0.41747573,0.85365856
2018-1-10T13-49-35,1515588575305,0.84390247,0.024390243,0.41747573,0.84390247
2018-1-10T13-49-35,1515588575306,0.84390247,-0.024390243,0.4368932,0.84390247
2018-1-10T13-49-35,1515588575307,0.85365856,0.004878049,0.44660193,0.85365856
2018-1-10T13-49-35,1515588575308,0.8341463,-0.014634146,0.4563107,0.8341463
2018-1-10T13-49-35,1515588575309,0.84390247,-0.004878049,0.4854369,0.84390247
2018-1-10T13-49-35,1515588575310,0.84390247,-0.004878049,0.44660193,0.84390247
2018-1-10T13-49-35,1515588575311,0.84390247,-0.034146342,0.46601942,0.84390247
2018-1-10T13-49-35,1515588575312,0.76585364,-0.034146342,0.4368932,0.76585364
2018-1-10T13-49-35,1515588575313,0.84390247,-0.034146342,0.42718446,0.84390247
2018-1-10T13-49-35,1515588575314,0.84390247,-0.10243902,0.44660193,0.84390247
2018-1-10T13-49-35,1515588575315,0.8341463,-0.043902438,0.4563107,0.8341463
2018-1-10T13-49-35,1515588575316,0.8341463,-0.043902438,0.46601942,0.8341463
2018-1-10T13-49-35,1515588575317,0.84390247,-0.034146342,0.42718446,0.84390247
2018-1-10T13-49-35,1515588575318,0.84390247,-0.034146342,0.42718446,0.84390247
2018-1-10T13-49-35,1515588575319,0.86341465,-0.004878049,0.46601942,0.86341465
2018-1-10T13-49-35,1515588575320,0.85365856,-0.014634146,0.4563107,0.85365856
2018-1-10T13-49-35,1515588575321,0.87317073,0.034146342,0.41747573,0.87317073
2018-1-10T13-49-35,1515588575322,0.87317073,0.014634146,0.46601942,0.87317073
2018-1-10T13-49-35,1515588575323,0.86341465,0.024390243,0.49514562,0.86341465
2018-1-10T13-49-35,1515588575324,0.85365856,-0.034146342,0.47572815,0.85365856
2018-1-10T13-49-35,1515588575325,0.84390247,-0.034146342,0.4563107,0.84390247
2018-1-10T13-49-35,1515588575326,0.85365856,-0.024390243,0.4563107,0.85365856
2018-1-10T13-49-35,1515588575327,0.85365856,-0.043902438,0.46601942,0.85365856
2018-1-10T13-49-35,1515588575328,0.8341463,-0.024390243,0.4368932,0.8341463
2018-1-10T13-49-35,1515588575329,0.82439023,-0.034146342,0.41747573,0.82439023
2018-1-10T13-49-35,1515588575330,0.82439023,-0.004878049,0.407767,0.82439023
2018-1-10T13-49-35,1515588575331,0.80487806,-0.004878049,0.42718446,0.80487806
2018-1-10T13-49-35,1515588575332,0.76585364,0.004878049,0.41747573,0.76585364
2018-1-10T13-49-35,1515588575333,0.7853659,-0.004878049,0.42718446,0.7853659
2018-1-10T13-49-35,1515588575334,0.8341463,-0.014634146,0.42718446,0.8341463
2018-1-10T13-49-35,1515588575335,0.84390247,0.004878049,0.37864077,0.84390247
2018-1-10T13-49-35,1515588575336,0.85365856,0.004878049,0.4563107,0.85365856
2018-1-10T13-49-35,1515588575337,0.8829268,-0.004878049,0.46601942,0.8829268
2018-1-10T13-49-35,1515588575338,0.87317073,0.004878049,0.47572815,0.87317073
2018-1-10T13-49-35,1515588575339,0.8926829,0.004878049,0.4563107,0.8926829
2018-1-10T13-49-35,1515588575340,0.8926829,-0.014634146,0.47572815,0.8926829
2018-1-10T13-49-35,1515588575341,0.87317073,-0.053658538,0.49514562,0.87317073
2018-1-10T13-49-35,1515588575342,0.84390247,-0.053658538,0.4563107,0.84390247
2018-1-10T13-49-35,1515588575343,0.82439023,-0.06341463,0.4368932,0.82439023
2018-1-10T13-49-35,1515588575344,0.81463414,-0.07317073,0.37864077,0.81463414
2018-1-10T13-49-35,1515588575345,0.79512197,-0.07317073,0.41747573,0.79512197
2018-1-10T13-49-35,1515588575346,0.77560973,-0.07317073,0.4368932,0.77560973
2018-1-10T13-49-35,1515588575347,0.80487806,-0.053658538,0.4563107,0.80487806
2018-1-10T13-49-35,1515588575348,0.82439023,-0.043902438,0.4368932,0.82439023
2018-1-10T13-49-35,1515588575349,0.84390247,-0.014634146,0.4368932,0.84390247
2018-1-10T13-49-35,1515588575350,0.8829268,0.004878049,0.47572815,0.8829268
2018-1-10T13-49-35,1515588575351,0.87317073,0.004878049,0.42718446,0.87317073
2018-1-10T13-49-35,1515588575352,0.8926829,0.024390243,0.4563107,0.8926829
2018-1-10T13-49-35,1515588575353,0.902439,0.034146342,0.44660193,0.902439
2018-1-10T13-49-35,1515588575354,0.8829268,0.024390243,0.47572815,0.8829268
2018-1-10T13-49-35,1515588575355,0.86341465,0.014634146,0.41747573,0.86341465
2018-1-10T13-49-35,1515588575356,0.82439023,0.004878049,0.39805827,0.82439023
2018-1-10T13-49-35,1515588575357,0.82439023,-0.004878049,0.42718446,0.82439023
2018-1-10T13-49-35,1515588575358,0.8341463,-0.024390243,0.4563107,0.8341463
2018-1-10T13-49-35,1515588575359,0.82439023,-0.053658538,0.46601942,0.82439023
2018-1-10T13-49-35,1515588575360,0.85365856,-0.053658538,0.4563107,0.85365856
2018-1-10T13-49-35,1515588575361,0.87317073,-0.053658538,0.4368932,0.87317073
2018-1-10T13-49-35,1515588575362,0.86341465,-0.024390243,0.4854369,0.86341465
2018-1-10T13-49-35,1515588575363,0.8926829,-0.004878049,0.46601942,0.8926829
2018-1-10T13-49-35,1515588575364,0.8829268,-0.004878049,0.42718446,0.8829268
2018-1-10T13-49-35,1515588575365,0.82439023,0.004878049,0.36893204,0.82439023
2018-1-10T13-49-35,1515588575366,0.82439023,0.004878049,0.4563107,0.82439023
2018-1-10T13-49-35,1515588575367,0.80487806,-0.004878049,0.44660193,0.80487806
2018-1-10T13-49-35,1515588575368,0.79512197,-0.034146342,0.42718446,0.79512197
2018-1-10T13-49-35,1515588575369,0.80487806,-0.053658538,0.39805827,0.80487806
2018-1-10T13-49-35,1515588575370,0.81463414,-0.043902438,0.36893204,0.81463414
2018-1-10T13-49-35,1515588575371,0.80487806,-0.034146342,0.42718446,0.80487806
2018-1-10T13-49-35,1515588575372,0.8341463,-0.053658538,0.47572815,0.8341463
2018-1-10T13-49-35,1515588575373,0.8341463,-0.043902438,0.49514562,0.8341463
2018-1-10T13-49-35,1515588575374,0.86341465,-0.034146342,0.4563107,0.86341465
2018-1-10T13-49-35,1515588575375,0.8926829,-0.004878049,0.46601942,0.8926829
2018-1-10T13-49-35,1515588575376,0.902439,-0.014634146,0.5145631,0.902439
2018-1-10T13-49-35,1515588575377,0.92195123,-0.014634146,0.5048544,0.92195123
2018-1-10T13-49-35,1515588575378,0.902439,0.053658538,0.4854369,0.902439
2018-1-10T13-49-35,1515588575379,0.8926829,-0.024390243,0.41747573,0.8926829
2018-1-10T13-49-35,1515588575380,0.84390247,-0.014634146,0.42718446,0.84390247
2018-1-10T13-49-35,1515588575381,0.80487806,-0.043902438,0.407767,0.80487806
2018-1-10T13-49-35,1515588575382,0.85365856,-0.06341463,0.407767,0.85365856
2018-1-10T13-49-35,1515588575383,0.76585364,-0.07317073,0.39805827,0.76585364
2018-1-10T13-49-35,1515588575384,0.77560973,-0.043902438,0.3883495,0.77560973
2018-1-10T13-49-35,1515588575385,0.75609756,-0.09268293,0.4368932,0.75609756
2018-1-10T13-49-35,1515588575386,0.80487806,-0.034146342,0.47572815,0.80487806
2018-1-10T13-49-35,1515588575387,0.8341463,-0.014634146,0.46601942,0.8341463
2018-1-10T13-49-35,1515588575388,0.86341465,-0.004878049,0.4563107,0.86341465
2018-1-10T13-49-35,1515588575389,0.902439,0.004878049,0.4563107,0.902439
2018-1-10T13-49-35,1515588575390,0.8926829,0.014634146,0.47572815,0.8926829
2018-1-10T13-49-35,1515588575391,0.91219515,0.034146342,0.4563107,0.91219515
2018-1-10T13-49-35,1515588575392,0.87317073,-0.014634146,0.4368932,0.87317073
2018-1-10T13-49-35,1515588575393,0.87317073,-0.004878049,0.36893204,0.87317073
2018-1-10T13-49-35,1515588575394,0.84390247,-0.004878049,0.41747573,0.84390247
2018-1-10T13-49-35,1515588575395,0.82439023,-0.014634146,0.44660193,0.82439023
2018-1-10T13-49-35,1515588575396,0.87317073,-0.024390243,0.46601942,0.87317073
2018-1-10T13-49-35,1515588575397,0.82439023,-0.043902438,0.46601942,0.82439023
2018-1-10T13-49-35,1515588575398,0.8829268,-0.034146342,0.44660193,0.8829268
2018-1-10T13-49-35,1515588575399,0.87317073,-0.004878049,0.44660193,0.87317073
2018-1-10T13-49-35,1515588575400,0.86341465,0.004878049,0.44660193,0.86341465
2018-1-10T13-49-35,1515588575401,0.84390247,0.014634146,0.44660193,0.84390247
2018-1-10T13-49-35,1515588575402,0.82439023,0.014634146,0.46601942,0.82439023
2018-1-10T13-49-35,1515588575403,0.8341463,-0.014634146,0.47572815,0.8341463
2018-1-10T13-49-35,1515588575404,0.8341463,-0.034146342,0.46601942,0.8341463
2018-1-10T13-49-35,1515588575405,0.8341463,-0.043902438,0.41747573,0.8341463
2018-1-10T13-49-35,1515588575406,0.8341463,-0.06341463,0.39805827,0.8341463
2018-1-10T13-49-35,1515588575407,0.8341463,-0.024390243,0.42718446,0.8341463
2018-1-10T13-49-35,1515588575408,0.80487806,0.07317073,0.3883495,0.80487806
2018-1-10T13-49-35,1515588575409,0.79512197,-0.034146342,0.407767,0.79512197
2018-1-10T13-49-35,1515588575410,0.81463414,0.014634146,0.44660193,0.81463414
2018-1-10T13-49-35,1515588575411,0.82439023,-0.043902438,0.4563107,0.82439023
2018-1-10T13-49-35,1515588575412,0.92195123,-0.043902438,0.4563107,0.92195123
2018-1-10T13-49-35,1515588575413,0.8829268,-0.004878049,0.46601942,0.8829268
2018-1-10T13-49-35,1515588575414,0.87317073,-0.06341463,0.49514562,0.87317073
2018-1-10T13-49-35,1515588575415,0.91219515,-0.043902438,0.5048544,0.91219515
2018-1-10T13-49-35,1515588575416,0.902439,-0.043902438,0.5048544,0.902439
2018-1-10T13-49-35,1515588575417,0.91219515,-0.034146342,0.4368932,0.91219515
2018-1-10T13-49-35,1515588575418,0.85365856,-0.034146342,0.4368932,0.85365856
2018-1-10T13-49-35,1515588575419,0.8341463,-0.11219512,0.4563107,0.8341463
2018-1-10T13-49-35,1515588575420,0.84390247,0.043902438,0.44660193,0.84390247
2018-1-10T13-49-35,1515588575421,0.7853659,-0.043902438,0.42718446,0.7853659
2018-1-10T13-49-35,1515588575422,0.81463414,-0.053658538,0.3883495,0.81463414
2018-1-10T13-49-35,1515588575423,0.80487806,-0.004878049,0.407767,0.80487806
2018-1-10T13-49-35,1515588575424,0.7853659,-0.034146342,0.47572815,0.7853659
2018-1-10T13-49-35,1515588575425,0.80487806,-0.034146342,0.42718446,0.80487806
2018-1-10T13-49-35,1515588575426,0.80487806,-0.014634146,0.4563107,0.80487806
2018-1-10T13-49-35,1515588575427,0.79512197,0.07317073,0.44660193,0.79512197
2018-1-10T13-49-35,1515588575428,0.87317073,0.014634146,0.44660193,0.87317073
2018-1-10T13-49-35,1515588575429,0.8829268,0.004878049,0.4563107,0.8829268
2018-1-10T13-49-35,1515588575430,0.8926829,0.024390243,0.42718446,0.8926829
2018-1-10T13-49-35,1515588575431,0.81463414,0.024390243,0.4368932,0.81463414
2018-1-10T13-49-35,1515588575432,0.84390247,0.014634146,0.42718446,0.84390247
2018-1-10T13-49-35,1515588575433,0.86341465,0.014634146,0.47572815,0.86341465
2018-1-10T13-49-35,1515588575434,0.8341463,0.014634146,0.44660193,0.8341463
2018-1-10T13-49-35,1515588575435,0.84390247,-0.014634146,0.47572815,0.84390247
2018-1-10T13-49-35,1515588575436,0.8829268,-0.034146342,0.4563107,0.8829268
2018-1-10T13-49-35,1515588575437,0.8829268,-0.024390243,0.46601942,0.8829268
2018-1-10T13-49-35,1515588575438,0.8829268,-0.034146342,0.47572815,0.8829268
2018-1-10T13-49-35,1515588575439,0.8926829,-0.014634146,0.47572815,0.8926829
2018-1-10T13-49-35,1515588575440,0.86341465,-0.034146342,0.46601942,0.86341465
2018-1-10T13-49-35,1515588575441,0.86341465,-0.024390243,0.46601942,0.86341465
2018-1-10T13-49-35,1515588575442,0.8341463,-0.12195122,0.46601942,0.8341463
2018-1-10T13-49-35,1515588575443,0.85365856,-0.034146342,0.4368932,0.85365856
2018-1-10T13-49-35,1515588575444,0.84390247,-0.014634146,0.41747573,0.84390247
2018-1-10T13-49-35,1515588575445,0.8341463,-0.004878049,0.407767,0.8341463
2018-1-10T13-49-35,1515588575446,0.81463414,0.014634146,0.407767,0.81463414
2018-1-10T13-49-35,1515588575447,0.81463414,-0.004878049,0.4368932,0.81463414
2018-1-10T13-49-35,1515588575448,0.80487806,-0.034146342,0.42718446,0.80487806
2018-1-10T13-49-35,1515588575449,0.84390247,-0.034146342,0.42718446,0.84390247
2018-1-10T13-49-35,1515588575450,0.75609756,-0.034146342,0.4368932,0.75609756
2018-1-10T13-49-35,1515588575451,0.81463414,-0.043902438,0.44660193,0.81463414
2018-1-10T13-49-35,1515588575452,0.84390247,-0.053658538,0.4563107,0.84390247
2018-1-10T13-49-35,1515588575453,0.84390247,-0.034146342,0.44660193,0.84390247
2018-1-10T13-49-35,1515588575454,0.87317073,-0.043902438,0.44660193,0.87317073
2018-1-10T13-49-35,1515588575455,0.82439023,-0.034146342,0.4368932,0.82439023
2018-1-10T13-49-35,1515588575456,0.82439023,-0.024390243,0.42718446,0.82439023
2018-1-10T13-49-35,1515588575457,0.74634147,-0.034146342,0.407767,0.74634147
2018-1-10T13-49-35,1515588575458,0.80487806,-0.034146342,0.4854369,0.80487806
2018-1-10T13-49-35,1515588575459,0.85365856,-0.034146342,0.4563107,0.85365856
2018-1-10T13-49-35,1515588575460,0.87317073,-0.034146342,0.44660193,0.87317073
2018-1-10T13-49-35,1515588575461,0.902439,-0.024390243,0.4368932,0.902439
2018-1-10T13-49-35,1515588575462,0.8829268,-0.004878049,0.4563107,0.8829268
2018-1-10T13-49-35,1515588575463,0.86341465,-0.004878049,0.4563107,0.86341465
2018-1-10T13-49-35,1515588575464,0.87317073,-0.004878049,0.44660193,0.87317073
2018-1-10T13-49-35,1515588575465,0.84390247,-0.004878049,0.46601942,0.84390247
2018-1-10T13-49-35,1515588575466,0.8829268,-0.014634146,0.5339806,0.8829268
2018-1-10T13-49-35,1515588575467,0.85365856,-0.024390243,0.44660193,0.85365856
2018-1-10T13-49-35,1515588575468,0.85365856,-0.004878049,0.407767,0.85365856
2018-1-10T13-49-35,1515588575469,0.84390247,0.07317073,0.41747573,0.84390247
2018-1-10T13-49-35,1515588575470,0.8341463,0.004878049,0.44660193,0.8341463
2018-1-10T13-49-35,1515588575471,0.80487806,-0.024390243,0.42718446,0.80487806
2018-1-10T13-49-35,1515588575472,0.80487806,0.024390243,0.407767,0.80487806
2018-1-10T13-49-35,1515588575473,0.79512197,-0.043902438,0.4368932,0.79512197
2018-1-10T13-49-35,1515588575474,0.8341463,-0.053658538,0.4368932,0.8341463
2018-1-10T13-49-35,1515588575475,0.8341463,-0.053658538,0.44660193,0.8341463
2018-1-10T13-49-35,1515588575476,0.82439023,-0.034146342,0.46601942,0.82439023
2018-1-10T13-49-35,1515588575477,0.87317073,-0.024390243,0.46601942,0.87317073
2018-1-10T13-49-35,1515588575478,0.86341465,-0.014634146,0.44660193,0.86341465
2018-1-10T13-49-35,1515588575479,0.86341465,-0.004878049,0.4368932,0.86341465
2018-1-10T13-49-35,1515588575480,0.86341465,0.024390243,0.44660193,0.86341465
2018-1-10T13-49-35,1515588575481,0.84390247,0.004878049,0.4368932,0.84390247
2018-1-10T13-49-35,1515588575482,0.85365856,-0.07317073,0.44660193,0.85365856
2018-1-10T13-49-35,1515588575483,0.8926829,0.004878049,0.44660193,0.8926829
2018-1-10T13-49-35,1515588575484,0.86341465,-0.004878049,0.44660193,0.86341465
2018-1-10T13-49-35,1515588575485,0.85365856,-0.014634146,0.4368932,0.85365856
2018-1-10T13-49-35,1515588575486,0.91219515,-0.043902438,0.44660193,0.91219515
2018-1-10T13-49-35,1515588575487,0.81463414,-0.07317073,0.4563107,0.81463414
2018-1-10T13-49-35,1515588575488,0.79512197,-0.08292683,0.46601942,0.79512197
2018-1-10T13-49-35,1515588575489,0.80487806,-0.09268293,0.44660193,0.80487806
2018-1-10T13-49-35,1515588575490,0.81463414,-0.09268293,0.44660193,0.81463414
2018-1-10T13-49-35,1515588575491,0.84390247,-0.07317073,0.407767,0.84390247
2018-1-10T13-49-35,1515588575492,0.81463414,-0.07317073,0.42718446,0.81463414
2018-1-10T13-49-35,1515588575493,0.8341463,-0.06341463,0.4563107,0.8341463
2018-1-10T13-49-35,1515588575494,0.84390247,-0.043902438,0.44660193,0.84390247
2018-1-10T13-49-35,1515588575495,0.84390247,-0.014634146,0.407767,0.84390247
2018-1-10T13-49-35,1515588575496,0.86341465,0.014634146,0.41747573,0.86341465
2018-1-10T13-49-35,1515588575497,0.87317073,-0.034146342,0.4563107,0.87317073
2018-1-10T13-49-35,1515588575498,0.8829268,0.09268293,0.5048544,0.8829268
2018-1-10T13-49-35,1515588575499,0.902439,0.024390243,0.47572815,0.902439
2018-1-10T13-49-35,1515588575500,0.9317073,0.043902438,0.46601942,0.9317073
2018-1-10T13-49-35,1515588575501,0.8926829,0.014634146,0.44660193,0.8926829
2018-1-10T13-49-35,1515588575502,0.87317073,-0.004878049,0.46601942,0.87317073
2018-1-10T13-49-35,1515588575503,0.8341463,-0.034146342,0.41747573,0.8341463
2018-1-10T13-49-35,1515588575504,0.79512197,-0.014634146,0.41747573,0.79512197
2018-1-10T13-49-35,1515588575505,0.7853659,-0.034146342,0.42718446,0.7853659
2018-1-10T13-49-35,1515588575506,0.79512197,-0.043902438,0.42718446,0.79512197
2018-1-10T13-49-35,1515588575507,0.8341463,-0.034146342,0.4368932,0.8341463
2018-1-10T13-49-35,1515588575508,0.8341463,0.004878049,0.4368932,0.8341463
2018-1-10T13-49-35,1515588575509,0.8926829,-0.014634146,0.407767,0.8926829
2018-1-10T13-49-35,1515588575510,0.85365856,0.024390243,0.42718446,0.85365856
2018-1-10T13-49-35,1515588575511,0.84390247,-0.004878049,0.4563107,0.84390247
2018-1-10T13-49-35,1515588575512,0.8341463,0.014634146,0.47572815,0.8341463
2018-1-10T13-49-35,1515588575513,0.84390247,-0.014634146,0.4563107,0.84390247
2018-1-10T13-49-35,1515588575514,0.84390247,-0.043902438,0.4854369,0.84390247
2018-1-10T13-49-35,1515588575515,0.82439023,-0.034146342,0.42718446,0.82439023
2018-1-10T13-49-35,1515588575516,0.82439023,-0.024390243,0.4563107,0.82439023
2018-1-10T13-49-35,1515588575517,0.8341463,-0.024390243,0.4563107,0.8341463
2018-1-10T13-49-35,1515588575518,0.8341463,-0.07317073,0.46601942,0.8341463
2018-1-10T13-49-35,1515588575519,0.84390247,-0.06341463,0.44660193,0.84390247
2018-1-10T13-49-35,1515588575520,0.7853659,-0.053658538,0.44660193,0.7853659
2018-1-10T13-49-35,1515588575521,0.86341465,-0.034146342,0.4563107,0.86341465
2018-1-10T13-49-35,1515588575522,0.8926829,-0.014634146,0.46601942,0.8926829
2018-1-10T13-49-35,1515588575523,0.8829268,-0.014634146,0.44660193,0.8829268
2018-1-10T13-49-35,1515588575524,0.86341465,-0.024390243,0.4368932,0.86341465
2018-1-10T13-49-35,1515588575525,0.85365856,-0.014634146,0.4368932,0.85365856
2018-1-10T13-49-35,1515588575526,0.84390247,-0.024390243,0.47572815,0.84390247
2018-1-10T13-49-35,1515588575527,0.8341463,-0.014634146,0.47572815,0.8341463
2018-1-10T13-49-35,1515588575528,0.8341463,-0.014634146,0.42718446,0.8341463
2018-1-10T13-49-35,1515588575529,0.8341463,-0.004878049,0.42718446,0.8341463
2018-1-10T13-49-35,1515588575530,0.81463414,0.004878049,0.4368932,0.81463414
2018-1-10T13-49-35,1515588575531,0.85365856,0.024390243,0.46601942,0.85365856
2018-1-10T13-49-35,1515588575532,0.85365856,0.004878049,0.44660193,0.85365856
2018-1-10T13-49-35,1515588575533,0.84390247,0.014634146,0.41747573,0.84390247
2018-1-10T13-49-35,1515588575534,0.8341463,0.004878049,0.4368932,0.8341463
2018-1-10T13-49-35,1515588575535,0.82439023,0.034146342,0.41747573,0.82439023
2018-1-10T13-49-35,1515588575536,0.84390247,0.014634146,0.41747573,0.84390247
2018-1-10T13-49-35,1515588575537,0.8341463,0.014634146,0.4368932,0.8341463
2018-1-10T13-49-35,1515588575538,0.84390247,-0.07317073,0.47572815,0.84390247
2018-1-10T13-49-35,1515588575539,0.82439023,-0.024390243,0.4368932,0.82439023
2018-1-10T13-49-35,1515588575540,0.8341463,0.024390243,0.44660193,0.8341463
2018-1-10T13-49-35,1515588575541,0.8341463,-0.004878049,0.4563107,0.8341463
2018-1-10T13-49-35,1515588575542,0.84390247,-0.053658538,0.46601942,0.84390247
2018-1-10T13-49-35,1515588575543,0.85365856,-0.024390243,0.44660193,0.85365856
2018-1-10T13-49-35,1515588575544,0.84390247,-0.13170731,0.4368932,0.84390247
2018-1-10T13-49-35,1515588575545,0.8341463,-0.09268293,0.46601942,0.8341463
2018-1-10T13-49-35,1515588575546,0.85365856,-0.07317073,0.4563107,0.85365856
2018-1-10T13-49-35,1515588575547,0.85365856,-0.06341463,0.4368932,0.85365856
2018-1-10T13-49-35,1515588575548,0.85365856,-0.004878049,0.46601942,0.85365856
2018-1-10T13-49-35,1515588575549,0.81463414,-0.043902438,0.4854369,0.81463414
2018-1-10T13-49-35,1515588575550,0.87317073,-0.043902438,0.4563107,0.87317073
2018-1-10T13-49-35,1515588575551,0.87317073,-0.014634146,0.4368932,0.87317073
2018-1-10T13-49-35,1515588575552,0.86341465,-0.014634146,0.42718446,0.86341465
2018-1-10T13-49-35,1515588575553,0.8341463,-0.014634146,0.42718446,0.8341463
2018-1-10T13-49-35,1515588575554,0.8341463,-0.014634146,0.41747573,0.8341463
2018-1-10T13-49-35,1515588575555,0.82439023,0.014634146,0.4563107,0.82439023
2018-1-10T13-49-35,1515588575556,0.82439023,-0.014634146,0.46601942,0.82439023
2018-1-10T13-49-35,1515588575557,0.86341465,-0.014634146,0.407767,0.86341465
2018-1-10T13-49-35,1515588575558,0.84390247,0.004878049,0.407767,0.84390247
2018-1-10T13-49-35,1515588575559,0.82439023,-0.014634146,0.42718446,0.82439023
2018-1-10T13-49-35,1515588575560,0.81463414,-0.06341463,0.44660193,0.81463414
2018-1-10T13-49-35,1515588575561,0.8341463,0.014634146,0.44660193,0.8341463
2018-1-10T13-49-35,1515588575562,0.85365856,-0.004878049,0.4563107,0.85365856
2018-1-10T13-49-35,1515588575563,0.8829268,0.014634146,0.4368932,0.8829268
2018-1-10T13-49-35,1515588575564,0.8829268,0.024390243,0.4368932,0.8829268
2018-1-10T13-49-35,1515588575565,0.8926829,0.014634146,0.46601942,0.8926829
2018-1-10T13-49-35,1515588575566,0.86341465,0.024390243,0.47572815,0.86341465
2018-1-10T13-49-35,1515588575567,0.85365856,-0.014634146,0.44660193,0.85365856
2018-1-10T13-49-35,1515588575568,0.84390247,-0.034146342,0.4368932,0.84390247
2018-1-10T13-49-35,1515588575569,0.84390247,-0.043902438,0.4563107,0.84390247
2018-1-10T13-49-35,1515588575570,0.84390247,-0.06341463,0.47572815,0.84390247
2018-1-10T13-49-35,1515588575571,0.8341463,-0.06341463,0.44660193,0.8341463
2018-1-10T13-49-35,1515588575572,0.82439023,-0.06341463,0.41747573,0.82439023
2018-1-10T13-49-35,1515588575573,0.82439023,-0.06341463,0.39805827,0.82439023
2018-1-10T13-49-35,1515588575574,0.80487806,-0.06341463,0.4563107,0.80487806
2018-1-10T13-49-35,1515588575575,0.80487806,-0.08292683,0.4563107,0.80487806
2018-1-10T13-49-35,1515588575576,0.82439023,-0.08292683,0.4368932,0.82439023
2018-1-10T13-49-35,1515588575577,0.8341463,-0.034146342,0.42718446,0.8341463
2018-1-10T13-49-35,1515588575578,0.85365856,-0.034146342,0.44660193,0.85365856
2018-1-10T13-49-35,1515588575579,0.85365856,-0.10243902,0.4368932,0.85365856
2018-1-10T13-49-35,1515588575580,0.85365856,0.004878049,0.46601942,0.85365856
2018-1-10T13-49-35,1515588575581,0.8829268,-0.004878049,0.4563107,0.8829268
2018-1-10T13-49-35,1515588575582,0.87317073,0.014634146,0.41747573,0.87317073
2018-1-10T13-49-35,1515588575583,0.85365856,0.014634146,0.42718446,0.85365856
2018-1-10T13-49-35,1515588575584,0.85365856,0.024390243,0.4563107,0.85365856
2018-1-10T13-49-35,1515588575585,0.84390247,0.004878049,0.4563107,0.84390247
2018-1-10T13-49-35,1515588575586,0.8341463,-0.004878049,0.42718446,0.8341463
2018-1-10T13-49-35,1515588575587,0.84390247,0.014634146,0.41747573,0.84390247
2018-1-10T13-49-35,1515588575588,0.8926829,0.004878049,0.47572815,0.8926829
2018-1-10T13-49-35,1515588575589,0.82439023,-0.004878049,0.4563107,0.82439023
2018-1-10T13-49-35,1515588575590,0.81463414,-0.034146342,0.47572815,0.81463414
2018-1-10T13-49-35,1515588575591,0.85365856,-0.014634146,0.4563107,0.85365856
2018-1-10T13-49-35,1515588575592,0.87317073,0.024390243,0.42718446,0.87317073
2018-1-10T13-49-35,1515588575593,0.82439023,-0.043902438,0.4368932,0.82439023
2018-1-10T13-49-35,1515588575594,0.87317073,0.034146342,0.42718446,0.87317073
2018-1-10T13-49-35,1515588575595,0.8829268,0.014634146,0.4563107,0.8829268
2018-1-10T13-49-35,1515588575596,0.84390247,-0.014634146,0.4563107,0.84390247
2018-1-10T13-49-35,1515588575597,0.84390247,-0.034146342,0.44660193,0.84390247
2018-1-10T13-49-35,1515588575598,0.84390247,-0.034146342,0.42718446,0.84390247
2018-1-10T13-49-35,1515588575599,0.79512197,-0.043902438,0.42718446,0.79512197
2018-1-10T13-49-35,1515588575600,0.8829268,-0.053658538,0.4563107,0.8829268
2018-1-10T13-49-35,1515588575601,0.8341463,-0.06341463,0.46601942,0.8341463
2018-1-10T13-49-35,1515588575602,0.8341463,-0.06341463,0.46601942,0.8341463
2018-1-10T13-49-35,1515588575603,0.92195123,-0.053658538,0.4368932,0.92195123
2018-1-10T13-49-35,1515588575604,0.86341465,-0.053658538,0.44660193,0.86341465
2018-1-10T13-49-35,1515588575605,0.87317073,-0.043902438,0.4563107,0.87317073
2018-1-10T13-49-35,1515588575606,0.8926829,-0.034146342,0.41747573,0.8926829
2018-1-10T13-49-35,1515588575607,0.80487806,-0.043902438,0.42718446,0.80487806
2018-1-10T13-49-35,1515588575608,0.81463414,-0.06341463,0.41747573,0.81463414
2018-1-10T13-49-35,1515588575609,0.81463414,-0.024390243,0.41747573,0.81463414
2018-1-10T13-49-35,1515588575610,0.81463414,-0.014634146,0.44660193,0.81463414
2018-1-10T13-49-35,1515588575611,0.85365856,0.004878049,0.4368932,0.85365856
2018-1-10T13-49-35,1515588575612,0.84390247,-0.024390243,0.4368932,0.84390247
2018-1-10T13-49-35,1515588575613,0.8341463,-0.014634146,0.4368932,0.8341463
2018-1-10T13-49-35,1515588575614,0.87317073,-0.024390243,0.4854369,0.87317073
2018-1-10T13-49-35,1515588575615,0.84390247,-0.053658538,0.47572815,0.84390247
2018-1-10T13-49-35,1515588575616,0.86341465,-0.014634146,0.4563107,0.86341465
2018-1-10T13-49-35,1515588575617,0.8926829,-0.043902438,0.46601942,0.8926829
2018-1-10T13-49-35,1515588575618,0.85365856,-0.024390243,0.47572815,0.85365856
2018-1-10T13-49-35,1515588575619,0.8341463,-0.053658538,0.4368932,0.8341463
2018-1-10T13-49-35,1515588575620,0.902439,0.014634146,0.407767,0.902439
2018-1-10T13-49-35,1515588575621,0.86341465,0.014634146,0.41747573,0.86341465
2018-1-10T13-49-35,1515588575622,0.84390247,0.004878049,0.4368932,0.84390247
2018-1-10T13-49-35,1515588575623,0.84390247,0.014634146,0.42718446,0.84390247
2018-1-10T13-49-35,1515588575624,0.84390247,0.004878049,0.4563107,0.84390247
2018-1-10T13-49-35,1515588575625,0.86341465,-0.004878049,0.4563107,0.86341465
2018-1-10T13-49-35,1515588575626,0.84390247,-0.014634146,0.4368932,0.84390247
2018-1-10T13-49-35,1515588575627,0.86341465,-0.024390243,0.44660193,0.86341465
2018-1-10T13-49-35,1515588575628,0.902439,-0.024390243,0.46601942,0.902439
2018-1-10T13-49-35,1515588575629,0.8341463,-0.043902438,0.46601942,0.8341463
2018-1-10T13-49-35,1515588575630,0.82439023,-0.043902438,0.407767,0.82439023
2018-1-10T13-49-35,1515588575631,0.8341463,-0.034146342,0.4368932,0.8341463
2018-1-10T13-49-35,1515588575632,0.84390247,-0.034146342,0.4563107,0.84390247
2018-1-10T13-49-35,1515588575633,0.8829268,-0.043902438,0.41747573,0.8829268
2018-1-10T13-49-35,1515588575634,0.8341463,-0.024390243,0.39805827,0.8341463
2018-1-10T13-49-35,1515588575635,0.85365856,0.004878049,0.4563107,0.85365856
2018-1-10T13-49-35,1515588575636,0.84390247,-0.034146342,0.49514562,0.84390247
2018-1-10T13-49-35,1515588575637,0.84390247,-0.043902438,0.47572815,0.84390247
2018-1-10T13-49-35,1515588575638,0.85365856,-0.024390243,0.41747573,0.85365856
2018-1-10T13-49-35,1515588575639,0.84390247,-0.024390243,0.407767,0.84390247
2018-1-10T13-49-35,1515588575640,0.84390247,-0.004878049,0.46601942,0.84390247
2018-1-10T13-49-35,1515588575641,0.85365856,-0.024390243,0.4854369,0.85365856
2018-1-10T13-49-35,1515588575642,0.85365856,-0.034146342,0.44660193,0.85365856
2018-1-10T13-49-35,1515588575643,0.85365856,-0.024390243,0.39805827,0.85365856
2018-1-10T13-49-35,1515588575644,0.84390247,0.004878049,0.41747573,0.84390247
2018-1-10T13-49-35,1515588575645,0.86341465,-0.024390243,0.4563107,0.86341465
2018-1-10T13-49-35,1515588575646,0.8341463,-0.034146342,0.46601942,0.8341463
2018-1-10T13-49-35,1515588575647,0.84390247,-0.024390243,0.4368932,0.84390247
2018-1-10T13-49-35,1515588575648,0.85365856,-0.014634146,0.42718446,0.85365856
2018-1-10T13-49-35,1515588575649,0.8829268,-0.004878049,0.41747573,0.8829268
2018-1-10T13-49-35,1515588575650,0.8341463,-0.004878049,0.44660193,0.8341463
2018-1-10T13-49-35,1515588575651,0.87317073,-0.014634146,0.47572815,0.87317073
2018-1-10T13-49-35,1515588575652,0.86341465,0.004878049,0.46601942,0.86341465
2018-1-10T13-49-35,1515588575653,0.86341465,0.004878049,0.46601942,0.86341465
2018-1-10T13-49-35,1515588575654,0.87317073,0.034146342,0.44660193,0.87317073
2018-1-10T13-49-35,1515588575655,0.87317073,-0.004878049,0.4368932,0.87317073
2018-1-10T13-49-35,1515588575656,0.87317073,0.004878049,0.44660193,0.87317073
2018-1-10T13-49-35,1515588575657,0.85365856,-0.014634146,0.3883495,0.85365856
2018-1-10T13-49-35,1515588575658,0.80487806,-0.024390243,0.41747573,0.80487806
2018-1-10T13-49-35,1515588575659,0.81463414,-0.043902438,0.41747573,0.81463414
2018-1-10T13-49-35,1515588575660,0.80487806,-0.07317073,0.4368932,0.80487806
2018-1-10T13-49-35,1515588575661,0.80487806,-0.07317073,0.41747573,0.80487806
2018-1-10T13-49-35,1515588575662,0.81463414,-0.053658538,0.4368932,0.81463414
2018-1-10T13-49-35,1515588575663,0.8341463,-0.06341463,0.46601942,0.8341463
2018-1-10T13-49-35,1515588575664,0.87317073,-0.043902438,0.46601942,0.87317073
2018-1-10T13-49-35,1515588575665,0.87317073,-0.034146342,0.4368932,0.87317073
2018-1-10T13-49-35,1515588575666,0.86341465,-0.024390243,0.4368932,0.86341465
2018-1-10T13-49-35,1515588575667,0.85365856,-0.034146342,0.49514562,0.85365856
2018-1-10T13-49-35,1515588575668,0.76585364,-0.014634146,0.46601942,0.76585364
2018-1-10T13-49-35,1515588575669,0.8341463,-0.024390243,0.4563107,0.8341463
2018-1-10T13-49-35,1515588575670,0.80487806,-0.014634146,0.47572815,0.80487806
2018-1-10T13-49-35,1515588575671,0.84390247,-0.014634146,0.42718446,0.84390247
2018-1-10T13-49-35,1515588575672,0.84390247,-0.014634146,0.44660193,0.84390247
2018-1-10T13-49-35,1515588575673,0.8341463,-0.024390243,0.47572815,0.8341463
2018-1-10T13-49-35,1515588575674,0.82439023,-0.024390243,0.44660193,0.82439023
2018-1-10T13-49-35,1515588575675,0.9804878,-0.024390243,0.4368932,0.9804878
2018-1-10T13-49-35,1515588575676,0.8341463,-0.024390243,0.44660193,0.8341463
2018-1-10T13-49-35,1515588575677,0.85365856,-0.024390243,0.46601942,0.85365856
2018-1-10T13-49-35,1515588575678,0.84390247,-0.004878049,0.4563107,0.84390247
2018-1-10T13-49-35,1515588575679,0.84390247,-0.004878049,0.4563107,0.84390247
2018-1-10T13-49-35,1515588575680,0.86341465,0.014634146,0.4368932,0.86341465
2018-1-10T13-49-35,1515588575681,0.8829268,0.13170731,0.4563107,0.8829268
2018-1-10T13-49-35,1515588575682,0.85365856,0.014634146,0.42718446,0.85365856
2018-1-10T13-49-35,1515588575683,0.86341465,0.024390243,0.41747573,0.86341465
2018-1-10T13-49-35,1515588575684,0.85365856,0.1609756,0.42718446,0.85365856
2018-1-10T13-49-35,1515588575685,0.8341463,0.034146342,0.44660193,0.8341463
2018-1-10T13-49-35,1515588575686,0.8341463,0.014634146,0.42718446,0.8341463
2018-1-10T13-49-35,1515588575687,0.85365856,0.004878049,0.44660193,0.85365856
2018-1-10T13-49-35,1515588575688,0.84390247,0.014634146,0.4563107,0.84390247
2018-1-10T13-49-35,1515588575689,0.85365856,-0.014634146,0.407767,0.85365856
2018-1-10T13-49-35,1515588575690,0.8341463,-0.034146342,0.4368932,0.8341463
2018-1-10T13-49-35,1515588575691,0.82439023,-0.053658538,0.42718446,0.82439023
2018-1-10T13-49-35,1515588575692,0.81463414,-0.09268293,0.4368932,0.81463414
2018-1-10T13-49-35,1515588575693,0.82439023,-0.07317073,0.4563107,0.82439023
2018-1-10T13-49-35,1515588575694,0.82439023,-0.053658538,0.4368932,0.82439023
2018-1-10T13-49-35,1515588575695,0.8341463,-0.07317073,0.4563107,0.8341463
2018-1-10T13-49-35,1515588575696,0.8341463,-0.053658538,0.47572815,0.8341463
2018-1-10T13-49-35,1515588575697,0.85365856,-0.024390243,0.44660193,0.85365856
2018-1-10T13-49-35,1515588575698,0.86341465,-0.024390243,0.44660193,0.86341465
2018-1-10T13-49-35,1515588575699,0.8829268,-0.034146342,0.44660193,0.8829268
2018-1-10T13-49-35,1515588575700,0.85365856,-0.014634146,0.4368932,0.85365856
2018-1-10T13-49-35,1515588575701,0.84390247,-0.024390243,0.4563107,0.84390247
2018-1-10T13-49-35,1515588575702,0.86341465,-0.004878049,0.4368932,0.86341465
2018-1-10T13-49-35,1515588575703,0.85365856,-0.004878049,0.44660193,0.85365856
2018-1-10T13-49-35,1515588575704,0.87317073,-0.014634146,0.41747573,0.87317073
2018-1-10T13-49-35,1515588575705,0.84390247,-0.014634146,0.4368932,0.84390247
2018-1-10T13-49-35,1515588575706,0.84390247,-0.034146342,0.4563107,0.84390247
2018-1-10T13-49-35,1515588575707,0.8341463,-0.034146342,0.42718446,0.8341463
2018-1-10T13-49-35,1515588575708,0.82439023,-0.024390243,0.41747573,0.82439023
2018-1-10T13-49-35,1515588575709,0.80487806,-0.024390243,0.42718446,0.80487806
2018-1-10T13-49-35,1515588575710,0.80487806,0.014634146,0.4563107,0.80487806
2018-1-10T13-49-35,1515588575711,0.82439023,-0.034146342,0.46601942,0.82439023
2018-1-10T13-49-35,1515588575712,0.8829268,-0.024390243,0.41747573,0.8829268
2018-1-10T13-49-35,1515588575713,0.8829268,0.034146342,0.47572815,0.8829268
2018-1-10T13-49-35,1515588575714,0.8829268,0.014634146,0.44660193,0.8829268
2018-1-10T13-49-35,1515588575715,0.8829268,0.004878049,0.47572815,0.8829268
2018-1-10T13-49-35,1515588575716,0.87317073,0.014634146,0.46601942,0.87317073
2018-1-10T13-49-35,1515588575717,0.87317073,0.004878049,0.4368932,0.87317073
2018-1-10T13-49-35,1515588575718,0.84390247,-0.034146342,0.407767,0.84390247
2018-1-10T13-49-35,1515588575719,0.8341463,-0.043902438,0.44660193,0.8341463
2018-1-10T13-49-35,1515588575720,0.81463414,-0.07317073,0.39805827,0.81463414
2018-1-10T13-49-35,1515588575721,0.8341463,-0.07317073,0.44660193,0.8341463
2018-1-10T13-49-35,1515588575722,0.82439023,-0.08292683,0.4368932,0.82439023
2018-1-10T13-49-35,1515588575723,0.84390247,-0.06341463,0.4563107,0.84390247
2018-1-10T13-49-35,1515588575724,0.86341465,-0.034146342,0.46601942,0.86341465
2018-1-10T13-49-35,1515588575725,0.8829268,-0.014634146,0.46601942,0.8829268
2018-1-10T13-49-35,1515588575726,0.87317073,-0.024390243,0.44660193,0.87317073
2018-1-10T13-49-35,1515588575727,0.87317073,0.014634146,0.4368932,0.87317073
2018-1-10T13-49-35,1515588575728,0.86341465,-0.004878049,0.42718446,0.86341465
2018-1-10T13-49-35,1515588575729,0.84390247,-0.024390243,0.42718446,0.84390247
2018-1-10T13-49-35,1515588575730,0.81463414,-0.024390243,0.44660193,0.81463414
2018-1-10T13-49-35,1515588575731,0.82439023,-0.034146342,0.42718446,0.82439023
2018-1-10T13-49-35,1515588575732,0.81463414,-0.004878049,0.39805827,0.81463414
2018-1-10T13-49-35,1515588575733,0.80487806,-0.07317073,0.39805827,0.80487806
2018-1-10T13-49-35,1515588575734,0.84390247,0.053658538,0.44660193,0.84390247
2018-1-10T13-49-35,1515588575735,0.81463414,0.004878049,0.4563107,0.81463414
2018-1-10T13-49-35,1515588575736,0.85365856,0.014634146,0.44660193,0.85365856
2018-1-10T13-49-35,1515588575737,0.84390247,0.024390243,0.42718446,0.84390247
2018-1-10T13-49-35,1515588575738,0.84390247,0.014634146,0.44660193,0.84390247
2018-1-10T13-49-35,1515588575739,0.85365856,0.004878049,0.4563107,0.85365856
2018-1-10T13-49-35,1515588575740,0.84390247,0.004878049,0.46601942,0.84390247
2018-1-10T13-49-35,1515588575741,0.86341465,0.004878049,0.44660193,0.86341465
2018-1-10T13-49-35,1515588575742,0.8341463,-0.024390243,0.4368932,0.8341463
2018-1-10T13-49-35,1515588575743,0.84390247,-0.053658538,0.44660193,0.84390247
2018-1-10T13-49-35,1515588575744,0.8341463,-0.06341463,0.46601942,0.8341463
2018-1-10T13-49-35,1515588575745,0.84390247,-0.07317073,0.46601942,0.84390247
2018-1-10T13-49-35,1515588575746,0.84390247,-0.053658538,0.4563107,0.84390247
2018-1-10T13-49-35,1515588575747,0.85365856,-0.07317073,0.47572815,0.85365856
2018-1-10T13-49-35,1515588575748,0.87317073,-0.024390243,0.47572815,0.87317073
2018-1-10T13-49-35,1515588575749,0.8926829,-0.024390243,0.47572815,0.8926829
2018-1-10T13-49-35,1515588575750,0.8926829,0.014634146,0.4563107,0.8926829
2018-1-10T13-49-35,1515588575751,0.86341465,-0.014634146,0.4563107,0.86341465
2018-1-10T13-49-35,1515588575752,0.86341465,-0.034146342,0.4368932,0.86341465
2018-1-10T13-49-35,1515588575753,0.8341463,-0.014634146,0.41747573,0.8341463
2018-1-10T13-49-35,1515588575754,0.82439023,-0.014634146,0.41747573,0.82439023
2018-1-10T13-49-35,1515588575755,0.81463414,-0.024390243,0.4368932,0.81463414
2018-1-10T13-49-35,1515588575756,0.7853659,-0.053658538,0.407767,0.7853659
2018-1-10T13-49-35,1515588575757,0.81463414,-0.024390243,0.44660193,0.81463414
2018-1-10T13-49-35,1515588575758,0.79512197,-0.004878049,0.46601942,0.79512197
2018-1-10T13-49-35,1515588575759,0.86341465,-0.004878049,0.4368932,0.86341465
2018-1-10T13-49-35,1515588575760,0.86341465,0.034146342,0.39805827,0.86341465
2018-1-10T13-49-35,1515588575761,0.82439023,0.034146342,0.41747573,0.82439023
2018-1-10T13-49-35,1515588575762,0.85365856,0.004878049,0.44660193,0.85365856
2018-1-10T13-49-35,1515588575763,0.8341463,0.004878049,0.4368932,0.8341463
2018-1-10T13-49-35,1515588575764,0.82439023,0.004878049,0.4368932,0.82439023
2018-1-10T13-49-35,1515588575765,0.86341465,-0.014634146,0.46601942,0.86341465
2018-1-10T13-49-35,1515588575766,0.85365856,-0.043902438,0.4563107,0.85365856
2018-1-10T13-49-35,1515588575767,0.85365856,-0.043902438,0.4368932,0.85365856
2018-1-10T13-49-35,1515588575768,0.8341463,-0.07317073,0.44660193,0.8341463
2018-1-10T13-49-35,1515588575769,0.82439023,-0.09268293,0.44660193,0.82439023
2018-1-10T13-49-35,1515588575770,0.85365856,-0.06341463,0.4563107,0.85365856
2018-1-10T13-49-35,1515588575771,0.8341463,-0.06341463,0.4563107,0.8341463
2018-1-10T13-49-35,1515588575772,0.8341463,-0.07317073,0.4563107,0.8341463
2018-1-10T13-49-35,1515588575773,0.86341465,-0.043902438,0.5048544,0.86341465
2018-1-10T13-49-35,1515588575774,0.92195123,0.014634146,0.46601942,0.92195123
2018-1-10T13-49-35,1515588575775,0.8829268,-0.004878049,0.46601942,0.8829268
2018-1-10T13-49-35,1515588575776,0.8926829,-0.024390243,0.47572815,0.8926829
2018-1-10T13-49-35,1515588575777,0.77560973,-0.014634146,0.4368932,0.77560973
2018-1-10T13-49-35,1515588575778,0.8341463,-0.004878049,0.39805827,0.8341463
2018-1-10T13-49-35,1515588575779,0.84390247,-0.004878049,0.42718446,0.84390247
2018-1-10T13-49-35,1515588575780,0.82439023,-0.034146342,0.4563107,0.82439023
2018-1-10T13-49-35,1515588575781,0.81463414,-0.043902438,0.44660193,0.81463414
2018-1-10T13-49-35,1515588575782,0.81463414,-0.034146342,0.4368932,0.81463414
2018-1-10T13-49-35,1515588575783,0.82439023,-0.034146342,0.42718446,0.82439023
2018-1-10T13-49-35,1515588575784,0.8829268,0.014634146,0.42718446,0.8829268
2018-1-10T13-49-35,1515588575785,0.8341463,-0.014634146,0.44660193,0.8341463
2018-1-10T13-49-35,1515588575786,0.85365856,0.014634146,0.44660193,0.85365856
2018-1-10T13-49-35,1515588575787,0.8829268,0.004878049,0.44660193,0.8829268
2018-1-10T13-49-35,1515588575788,0.84390247,0.014634146,0.39805827,0.84390247
2018-1-10T13-49-35,1515588575789,0.84390247,0.014634146,0.4368932,0.84390247
2018-1-10T13-49-35,1515588575790,0.85365856,0.004878049,0.4563107,0.85365856
2018-1-10T13-49-35,1515588575791,0.84390247,-0.004878049,0.4368932,0.84390247
2018-1-10T13-49-35,1515588575792,0.84390247,0.014634146,0.3883495,0.84390247
2018-1-10T13-49-35,1515588575793,0.84390247,0.024390243,0.407767,0.84390247
2018-1-10T13-49-35,1515588575794,0.8341463,-0.014634146,0.44660193,0.8341463
2018-1-10T13-49-35,1515588575795,0.82439023,-0.034146342,0.4563107,0.82439023
2018-1-10T13-49-35,1515588575796,0.82439023,0.034146342,0.4563107,0.82439023
2018-1-10T13-49-35,1515588575797,0.86341465,-0.043902438,0.4368932,0.86341465
2018-1-10T13-49-35,1515588575798,0.84390247,-0.07317073,0.46601942,0.84390247
2018-1-10T13-49-35,1515588575799,0.85365856,-0.07317073,0.46601942,0.85365856
2018-1-10T13-49-35,1515588575800,0.85365856,-0.08292683,0.4854369,0.85365856
2018-1-10T13-49-35,1515588575801,0.86341465,-0.053658538,0.47572815,0.86341465
2018-1-10T13-49-35,1515588575802,0.85365856,-0.06341463,0.4563107,0.85365856
2018-1-10T13-49-35,1515588575803,0.85365856,-0.053658538,0.4563107,0.85365856
2018-1-10T13-49-35,1515588575804,0.85365856,-0.014634146,0.44660193,0.85365856
2018-1-10T13-49-35,1515588575805,0.87317073,0.004878049,0.4368932,0.87317073
2018-1-10T13-49-35,1515588575806,0.92195123,0.014634146,0.4368932,0.92195123
2018-1-10T13-49-35,1515588575807,0.86341465,0.004878049,0.4368932,0.86341465
2018-1-10T13-49-35,1515588575808,0.85365856,0.014634146,0.44660193,0.85365856
2018-1-10T13-49-35,1515588575809,0.8341463,-0.004878049,0.42718446,0.8341463
2018-1-10T13-49-35,1515588575810,0.8341463,0.014634146,0.42718446,0.8341463
2018-1-10T13-49-35,1515588575811,0.81463414,0.014634146,0.4368932,0.81463414
2018-1-10T13-49-35,1515588575812,0.81463414,-0.004878049,0.4368932,0.81463414
2018-1-10T13-49-35,1515588575813,0.84390247,0.014634146,0.42718446,0.84390247
2018-1-10T13-49-35,1515588575814,0.82439023,0.014634146,0.47572815,0.82439023
2018-1-10T13-49-35,1515588575815,0.8341463,-0.004878049,0.46601942,0.8341463
2018-1-10T13-49-35,1515588575816,0.8341463,-0.043902438,0.47572815,0.8341463
2018-1-10T13-49-35,1515588575817,0.84390247,-0.053658538,0.4563107,0.84390247
2018-1-10T13-49-35,1515588575818,0.85365856,-0.053658538,0.41747573,0.85365856
2018-1-10T13-49-35,1515588575819,0.82439023,-0.043902438,0.407767,0.82439023
2018-1-10T13-49-35,1515588575820,0.8341463,-0.053658538,0.4368932,0.8341463
2018-1-10T13-49-35,1515588575821,0.82439023,-0.043902438,0.46601942,0.82439023
2018-1-10T13-49-35,1515588575822,0.84390247,-0.053658538,0.46601942,0.84390247
2018-1-10T13-49-35,1515588575823,0.85365856,-0.053658538,0.4368932,0.85365856
2018-1-10T13-49-35,1515588575824,0.85365856,0.014634146,0.4368932,0.85365856
2018-1-10T13-49-35,1515588575825,0.86341465,-0.053658538,0.46601942,0.86341465
2018-1-10T13-49-35,1515588575826,0.8926829,-0.043902438,0.4563107,0.8926829
2018-1-10T13-49-35,1515588575827,0.85365856,-0.034146342,0.4563107,0.85365856
2018-1-10T13-49-35,1515588575828,0.86341465,-0.034146342,0.4563107,0.86341465
2018-1-10T13-49-35,1515588575829,0.87317073,-0.06341463,0.4854369,0.87317073
2018-1-10T13-49-35,1515588575830,0.91219515,-0.024390243,0.46601942,0.91219515
2018-1-10T13-49-35,1515588575831,0.85365856,0.004878049,0.39805827,0.85365856
2018-1-10T13-49-35,1515588575832,0.85365856,0.004878049,0.407767,0.85365856
2018-1-10T13-49-35,1515588575833,0.86341465,-0.004878049,0.9029126,0.86341465
2018-1-10T13-49-35,1515588575834,0.80487806,0.004878049,0.4368932,0.80487806
2018-1-10T13-49-35,1515588575835,0.80487806,0.024390243,0.4563107,0.80487806
2018-1-10T13-49-35,1515588575836,0.82439023,-0.004878049,0.46601942,0.82439023
2018-1-10T13-49-35,1515588575837,0.85365856,-0.004878049,0.41747573,0.85365856
2018-1-10T13-49-35,1515588575838,0.85365856,0.014634146,0.42718446,0.85365856
2018-1-10T13-49-35,1515588575839,0.85365856,0.014634146,0.42718446,0.85365856
2018-1-10T13-49-35,1515588575840,0.8341463,0.034146342,0.47572815,0.8341463
2018-1-10T13-49-35,1515588575841,0.84390247,-0.004878049,0.47572815,0.84390247
2018-1-10T13-49-35,1515588575842,0.9317073,-0.024390243,0.4563107,0.9317073
2018-1-10T13-49-35,1515588575843,0.86341465,0.014634146,0.46601942,0.86341465
2018-1-10T13-49-35,1515588575844,0.91219515,-0.004878049,0.4368932,0.91219515
2018-1-10T13-49-35,1515588575845,0.8341463,-0.004878049,0.46601942,0.8341463
2018-1-10T13-49-35,1515588575846,0.8829268,-0.014634146,0.44660193,0.8829268
2018-1-10T13-49-35,1515588575847,0.85365856,-0.034146342,0.407767,0.85365856
2018-1-10T13-49-35,1515588575848,0.82439023,-0.06341463,0.407767,0.82439023
2018-1-10T13-49-35,1515588575849,0.80487806,-0.07317073,0.42718446,0.80487806
2018-1-10T13-49-35,1515588575850,0.77560973,-0.08292683,0.4563107,0.77560973
2018-1-10T13-49-35,1515588575851,0.80487806,-0.10243902,0.4854369,0.80487806
2018-1-10T13-49-35,1515588575852,0.8341463,-0.09268293,0.46601942,0.8341463
2018-1-10T13-49-35,1515588575853,0.87317073,-0.09268293,0.44660193,0.87317073
2018-1-10T13-49-35,1515588575854,0.8926829,-0.053658538,0.46601942,0.8926829
2018-1-10T13-49-35,1515588575855,0.902439,-0.024390243,0.5048544,0.902439
2018-1-10T13-49-35,1515588575856,0.87317073,-0.014634146,0.44660193,0.87317073
2018-1-10T13-49-35,1515588575857,0.84390247,0.024390243,0.4368932,0.84390247
2018-1-10T13-49-35,1515588575858,0.85365856,-0.014634146,0.42718446,0.85365856
2018-1-10T13-49-35,1515588575859,0.81463414,-0.004878049,0.4368932,0.81463414
2018-1-10T13-49-35,1515588575860,0.8341463,-0.014634146,0.42718446,0.8341463
2018-1-10T13-49-35,1515588575861,0.84390247,-0.004878049,0.44660193,0.84390247
2018-1-10T13-49-35,1515588575862,0.85365856,0.004878049,0.4563107,0.85365856
2018-1-10T13-49-35,1515588575863,0.87317073,-0.053658538,0.41747573,0.87317073
2018-1-10T13-49-35,1515588575864,0.8341463,0.024390243,0.407767,0.8341463
2018-1-10T13-49-35,1515588575865,0.82439023,-0.004878049,0.42718446,0.82439023
2018-1-10T13-49-35,1515588575866,0.80487806,-0.004878049,0.47572815,0.80487806
2018-1-10T13-49-35,1515588575867,0.81463414,-0.034146342,0.41747573,0.81463414
2018-1-10T13-49-35,1515588575868,0.8341463,-0.014634146,0.42718446,0.8341463
2018-1-10T13-49-35,1515588575869,0.8341463,0.004878049,0.4563107,0.8341463
2018-1-10T13-49-35,1515588575870,0.86341465,-0.014634146,0.47572815,0.86341465
2018-1-10T13-49-35,1515588575871,0.8829268,-0.004878049,0.46601942,0.8829268
2018-1-10T13-49-35,1515588575872,0.87317073,0.014634146,0.42718446,0.87317073
2018-1-10T13-49-35,1515588575873,0.87317073,-0.004878049,0.44660193,0.87317073
2018-1-10T13-49-35,1515588575874,0.81463414,-0.014634146,0.46601942,0.81463414
2018-1-10T13-49-35,1515588575875,0.8341463,-0.09268293,0.47572815,0.8341463
2018-1-10T13-49-35,1515588575876,0.85365856,-0.053658538,0.46601942,0.85365856
2018-1-10T13-49-35,1515588575877,0.86341465,-0.053658538,0.44660193,0.86341465
2018-1-10T13-49-35,1515588575878,0.86341465,-0.053658538,0.4368932,0.86341465
2018-1-10T13-49-35,1515588575879,0.84390247,-0.043902438,0.44660193,0.84390247
2018-1-10T13-49-35,1515588575880,0.80487806,-0.06341463,0.41747573,0.80487806
2018-1-10T13-49-35,1515588575881,0.81463414,-0.043902438,0.44660193,0.81463414
2018-1-10T13-49-35,1515588575882,0.80487806,-0.043902438,0.39805827,0.80487806
2018-1-10T13-49-35,1515588575883,0.79512197,-0.053658538,0.41747573,0.79512197
2018-1-10T13-49-35,1515588575884,0.81463414,-0.053658538,0.4563107,0.81463414
2018-1-10T13-49-35,1515588575885,0.85365856,-0.043902438,0.47572815,0.85365856
2018-1-10T13-49-35,1515588575886,0.85365856,-0.043902438,0.44660193,0.85365856
2018-1-10T13-49-35,1515588575887,0.85365856,0.004878049,0.41747573,0.85365856
2018-1-10T13-49-35,1515588575888,0.87317073,-0.024390243,0.4563107,0.87317073
2018-1-10T13-49-35,1515588575889,0.87317073,0.034146342,0.47572815,0.87317073
2018-1-10T13-49-35,1515588575890,0.86341465,0.034146342,0.49514562,0.86341465
2018-1-10T13-49-35,1515588575891,0.86341465,0.014634146,0.4368932,0.86341465
2018-1-10T13-49-35,1515588575892,0.87317073,0.053658538,0.41747573,0.87317073
2018-1-10T13-49-35,1515588575893,0.84390247,-0.024390243,0.47572815,0.84390247
2018-1-10T13-49-35,1515588575894,0.81463414,-0.043902438,0.46601942,0.81463414
2018-1-10T13-49-35,1515588575895,0.81463414,-0.053658538,0.4368932,0.81463414
2018-1-10T13-49-35,1515588575896,0.80487806,-0.034146342,0.407767,0.80487806
2018-1-10T13-49-35,1515588575897,0.80487806,-0.06341463,0.4368932,0.80487806
2018-1-10T13-49-35,1515588575898,0.82439023,-0.004878049,0.42718446,0.82439023
2018-1-10T13-49-35,1515588575899,0.84390247,0.053658538,0.44660193,0.84390247
2018-1-10T13-49-35,1515588575900,0.8926829,0.014634146,0.44660193,0.8926829
2018-1-10T13-49-35,1515588575901,0.8926829,0.034146342,0.44660193,0.8926829
2018-1-10T13-49-35,1515588575902,0.87317073,0.024390243,0.44660193,0.87317073
2018-1-10T13-49-35,1515588575903,0.87317073,-0.004878049,0.4563107,0.87317073
2018-1-10T13-49-35,1515588575904,0.85365856,-0.014634146,0.4563107,0.85365856
2018-1-10T13-49-35,1515588575905,0.8341463,-0.034146342,0.42718446,0.8341463
2018-1-10T13-49-35,1515588575906,0.80487806,-0.043902438,0.4368932,0.80487806
2018-1-10T13-49-35,1515588575907,0.80487806,-0.053658538,0.4368932,0.80487806
2018-1-10T13-49-35,1515588575908,0.81463414,-0.06341463,0.41747573,0.81463414
2018-1-10T13-49-35,1515588575909,0.84390247,-0.07317073,0.47572815,0.84390247
2018-1-10T13-49-35,1515588575910,0.85365856,-0.053658538,0.44660193,0.85365856
2018-1-10T13-49-35,1515588575911,0.85365856,-0.034146342,0.46601942,0.85365856
2018-1-10T13-49-35,1515588575912,0.86341465,-0.043902438,0.4563107,0.86341465
2018-1-10T13-49-35,1515588575913,0.87317073,-0.004878049,0.4368932,0.87317073
2018-1-10T13-49-35,1515588575914,0.85365856,-0.034146342,0.4563107,0.85365856
2018-1-10T13-49-35,1515588575915,0.86341465,-0.014634146,0.44660193,0.86341465
2018-1-10T13-49-35,1515588575916,0.92195123,-0.014634146,0.44660193,0.92195123
2018-1-10T13-49-35,1515588575917,0.84390247,0.07317073,0.4368932,0.84390247
2018-1-10T13-49-35,1515588575918,0.8341463,-0.024390243,0.42718446,0.8341463
2018-1-10T13-49-35,1515588575919,0.82439023,-0.024390243,0.44660193,0.82439023
2018-1-10T13-49-35,1515588575920,0.82439023,-0.034146342,0.4563107,0.82439023
2018-1-10T13-49-35,1515588575921,0.8341463,-0.034146342,0.4563107,0.8341463
2018-1-10T13-49-35,1515588575922,0.84390247,-0.024390243,0.44660193,0.84390247
2018-1-10T13-49-35,1515588575923,0.85365856,-0.034146342,0.4368932,0.85365856
2018-1-10T13-49-35,1515588575924,0.87317073,-0.024390243,0.44660193,0.87317073
2018-1-10T13-49-35,1515588575925,0.85365856,-0.014634146,0.47572815,0.85365856
2018-1-10T13-49-35,1515588575926,0.86341465,-0.034146342,0.46601942,0.86341465
2018-1-10T13-49-35,1515588575927,0.86341465,-0.014634146,0.4368932,0.86341465
2018-1-10T13-49-35,1515588575928,0.87317073,-0.024390243,0.4368932,0.87317073
2018-1-10T13-49-35,1515588575929,0.86341465,-0.004878049,0.44660193,0.86341465
2018-1-10T13-49-35,1515588575930,0.86341465,0.024390243,0.44660193,0.86341465
2018-1-10T13-49-35,1515588575931,0.86341465,0.004878049,0.42718446,0.86341465
2018-1-10T13-49-35,1515588575932,0.84390247,0.034146342,0.42718446,0.84390247
2018-1-10T13-49-35,1515588575933,0.82439023,-0.004878049,0.3883495,0.82439023
2018-1-10T13-49-35,1515588575934,0.82439023,-0.08292683,0.42718446,0.82439023
2018-1-10T13-49-35,1515588575935,0.81463414,-0.014634146,0.4368932,0.81463414
2018-1-10T13-49-35,1515588575936,0.82439023,-0.043902438,0.4563107,0.82439023
2018-1-10T13-49-35,1515588575937,0.82439023,-0.043902438,0.4368932,0.82439023
2018-1-10T13-49-35,1515588575938,0.81463414,-0.053658538,0.4368932,0.81463414
2018-1-10T13-49-35,1515588575939,0.84390247,-0.053658538,0.4563107,0.84390247
2018-1-10T13-49-35,1515588575940,0.87317073,0.004878049,0.4563107,0.87317073
2018-1-10T13-49-35,1515588575941,0.86341465,-0.024390243,0.42718446,0.86341465
2018-1-10T13-49-35,1515588575942,0.87317073,0.004878049,0.407767,0.87317073
2018-1-10T13-49-35,1515588575943,0.86341465,0.004878049,0.4368932,0.86341465
2018-1-10T13-49-35,1515588575944,0.9317073,0.014634146,0.46601942,0.9317073
2018-1-10T13-49-35,1515588575945,0.81463414,-0.024390243,0.4563107,0.81463414
2018-1-10T13-49-35,1515588575946,0.84390247,-0.034146342,0.4368932,0.84390247
2018-1-10T13-49-35,1515588575947,0.85365856,-0.034146342,0.42718446,0.85365856
2018-1-10T13-49-35,1515588575948,0.80487806,-0.034146342,0.42718446,0.80487806
2018-1-10T13-49-35,1515588575949,0.8341463,-0.043902438,0.44660193,0.8341463
2018-1-10T13-49-35,1515588575950,0.81463414,-0.043902438,0.42718446,0.81463414
2018-1-10T13-49-35,1515588575951,0.81463414,-0.053658538,0.44660193,0.81463414
2018-1-10T13-49-35,1515588575952,0.8341463,-0.043902438,0.49514562,0.8341463
2018-1-10T13-49-35,1515588575953,0.82439023,-0.043902438,0.47572815,0.82439023
2018-1-10T13-49-35,1515588575954,0.86341465,-0.043902438,0.4563107,0.86341465
2018-1-10T13-49-35,1515588575955,0.86341465,-0.014634146,0.44660193,0.86341465
2018-1-10T13-49-35,1515588575956,0.8829268,-0.034146342,0.4563107,0.8829268
2018-1-10T13-49-35,1515588575957,0.8926829,0.004878049,0.44660193,0.8926829
2018-1-10T13-49-35,1515588575958,0.85365856,0.014634146,0.42718446,0.85365856
2018-1-10T13-49-35,1515588575959,0.86341465,-0.004878049,0.4368932,0.86341465
2018-1-10T13-49-35,1515588575960,0.8341463,-0.004878049,0.4368932,0.8341463
2018-1-10T13-49-35,1515588575961,0.8341463,-0.024390243,0.46601942,0.8341463
2018-1-10T13-49-35,1515588575962,0.8341463,-0.034146342,0.4563107,0.8341463
2018-1-10T13-49-35,1515588575963,0.84390247,-0.024390243,0.46601942,0.84390247
2018-1-10T13-49-35,1515588575964,0.86341465,-0.034146342,0.5048544,0.86341465
2018-1-10T13-49-35,1515588575965,0.86341465,0.014634146,0.4368932,0.86341465
2018-1-10T13-49-35,1515588575966,0.82439023,-0.024390243,0.41747573,0.82439023
2018-1-10T13-49-35,1515588575967,0.81463414,-0.024390243,0.41747573,0.81463414
2018-1-10T13-49-35,1515588575968,0.82439023,-0.024390243,0.44660193,0.82439023
2018-1-10T13-49-35,1515588575969,0.8341463,-0.06341463,0.4563107,0.8341463
2018-1-10T13-49-35,1515588575970,0.8341463,-0.014634146,0.44660193,0.8341463
2018-1-10T13-49-35,1515588575971,0.86341465,-0.014634146,0.39805827,0.86341465
2018-1-10T13-49-35,1515588575972,0.87317073,-0.014634146,0.4854369,0.87317073
2018-1-10T13-49-35,1515588575973,0.8341463,-0.014634146,0.46601942,0.8341463
2018-1-10T13-49-35,1515588575974,0.8829268,-0.024390243,0.4563107,0.8829268
2018-1-10T13-49-35,1515588575975,0.86341465,-0.024390243,0.44660193,0.86341465
2018-1-10T13-49-35,1515588575976,0.85365856,-0.5804878,0.41747573,0.85365856
2018-1-10T13-49-35,1515588575977,0.80487806,-0.024390243,0.41747573,0.80487806
2018-1-10T13-49-35,1515588575978,0.82439023,-0.004878049,0.42718446,0.82439023
2018-1-10T13-49-35,1515588575979,0.82439023,-0.014634146,0.44660193,0.82439023
2018-1-10T13-49-35,1515588575980,0.80487806,-0.09268293,0.42718446,0.80487806
2018-1-10T13-49-35,1515588575981,0.84390247,-0.014634146,0.41747573,0.84390247
2018-1-10T13-49-35,1515588575982,0.85365856,-0.014634146,0.44660193,0.85365856
2018-1-10T13-49-35,1515588575983,0.8926829,-0.024390243,0.47572815,0.8926829
2018-1-10T13-49-35,1515588575984,0.87317073,-0.004878049,0.407767,0.87317073
2018-1-10T13-49-35,1515588575985,0.86341465,-0.014634146,0.42718446,0.86341465
2018-1-10T13-49-35,1515588575986,0.87317073,0.004878049,0.42718446,0.87317073
2018-1-10T13-49-35,1515588575987,0.82439023,-0.014634146,0.3883495,0.82439023
2018-1-10T13-49-35,1515588575988,0.8341463,-0.014634146,0.44660193,0.8341463
2018-1-10T13-49-35,1515588575989,0.92195123,-0.014634146,0.4368932,0.92195123
2018-1-10T13-49-35,1515588575990,0.81463414,-0.024390243,0.46601942,0.81463414
2018-1-10T13-49-35,1515588575991,0.84390247,-0.014634146,0.46601942,0.84390247
2018-1-10T13-49-35,1515588575992,0.86341465,-0.034146342,0.44660193,0.86341465
2018-1-10T13-49-35,1515588575993,0.8341463,-0.024390243,0.44660193,0.8341463
2018-1-10T13-49-35,1515588575994,0.87317073,-0.034146342,0.4563107,0.87317073
2018-1-10T13-49-35,1515588575995,0.86341465,-0.043902438,0.46601942,0.86341465
2018-1-10T13-49-35,1515588575996,0.84390247,-0.024390243,0.41747573,0.84390247
2018-1-10T13-49-35,1515588575997,0.80487806,-0.043902438,0.407767,0.80487806
2018-1-10T13-49-35,1515588575998,0.80487806,-0.053658538,0.42718446,0.80487806
2018-1-10T13-49-35,1515588575999,0.81463414,-0.034146342,0.47572815,0.81463414
2018-1-10T13-49-36,1515588576000,0.84390247,-0.043902438,0.42718446,0.84390247
2018-1-10T13-49-36,1515588576001,0.86341465,-0.024390243,0.44660193,0.86341465
2018-1-10T13-49-36,1515588576002,0.8829268,-0.014634146,0.44660193,0.8829268
2018-1-10T13-49-36,1515588576003,0.8926829,0.004878049,0.44660193,0.8926829
2018-1-10T13-49-36,1515588576004,0.8829268,-0.004878049,0.47572815,0.8829268
2018-1-10T13-49-36,1515588576005,0.85365856,-0.004878049,0.46601942,0.85365856
2018-1-10T13-49-36,1515588576006,0.84390247,-0.014634146,0.4563107,0.84390247
2018-1-10T13-49-36,1515588576007,0.84390247,-0.014634146,0.4563107,0.84390247
2018-1-10T13-49-36,1515588576008,0.8341463,-0.004878049,0.407767,0.8341463
2018-1-10T13-49-36,1515588576009,0.81463414,0.004878049,0.407767,0.81463414
2018-1-10T13-49-36,1515588576010,0.8341463,-0.014634146,0.44660193,0.8341463
2018-1-10T13-49-36,1515588576011,0.85365856,0.024390243,0.44660193,0.85365856
2018-1-10T13-49-36,1515588576012,0.8341463,0.004878049,0.41747573,0.8341463
2018-1-10T13-49-36,1515588576013,0.8341463,0.014634146,0.39805827,0.8341463
2018-1-10T13-49-36,1515588576014,0.8341463,-0.014634146,0.4368932,0.8341463
2018-1-10T13-49-36,1515588576015,0.7853659,-0.043902438,0.4563107,0.7853659
2018-1-10T13-49-36,1515588576016,0.77560973,-0.043902438,0.46601942,0.77560973
2018-1-10T13-49-36,1515588576017,0.8341463,-0.07317073,0.4368932,0.8341463
2018-1-10T13-49-36,1515588576018,0.84390247,-0.053658538,0.47572815,0.84390247
2018-1-10T13-49-36,1515588576019,0.8341463,-0.09268293,0.46601942,0.8341463
2018-1-10T13-49-36,1515588576020,0.86341465,-0.034146342,0.42718446,0.86341465
2018-1-10T13-49-36,1515588576021,0.8341463,-0.024390243,0.41747573,0.8341463
2018-1-10T13-49-36,1515588576022,0.85365856,-0.014634146,0.4563107,0.85365856
2018-1-10T13-49-36,1515588576023,0.85365856,-0.06341463,0.46601942,0.85365856
2018-1-10T13-49-36,1515588576024,0.86341465,-0.043902438,0.47572815,0.86341465
2018-1-10T13-49-36,1515588576025,0.92195123,-0.053658538,0.4563107,0.92195123
2018-1-10T13-49-36,1515588576026,0.87317073,-0.014634146,0.4368932,0.87317073
2018-1-10T13-49-36,1515588576027,0.86341465,-0.014634146,0.4368932,0.86341465
2018-1-10T13-49-36,1515588576028,0.902439,-0.024390243,0.42718446,0.902439
2018-1-10T13-49-36,1515588576029,0.81463414,-0.034146342,0.41747573,0.81463414
2018-1-10T13-49-36,1515588576030,0.7853659,-0.034146342,0.4563107,0.7853659
2018-1-10T13-49-36,1515588576031,0.81463414,-0.024390243,0.4563107,0.81463414
2018-1-10T13-49-36,1515588576032,0.82439023,-0.043902438,0.4368932,0.82439023
2018-1-10T13-49-36,1515588576033,0.8341463,-0.024390243,0.42718446,0.8341463
2018-1-10T13-49-36,1515588576034,0.85365856,-0.014634146,0.44660193,0.85365856
2018-1-10T13-49-36,1515588576035,0.8829268,0.004878049,0.4854369,0.8829268
2018-1-10T13-49-36,1515588576036,0.8829268,0.024390243,0.46601942,0.8829268
2018-1-10T13-49-36,1515588576037,0.87317073,0.024390243,0.4368932,0.87317073
2018-1-10T13-49-36,1515588576038,0.85365856,0.06341463,0.4368932,0.85365856
2018-1-10T13-49-36,1515588576039,0.85365856,0.014634146,0.4563107,0.85365856
2018-1-10T13-49-36,1515588576040,0.8341463,0.09268293,0.44660193,0.8341463
2018-1-10T13-49-36,1515588576041,0.82439023,-0.034146342,0.41747573,0.82439023
2018-1-10T13-49-36,1515588576042,0.8341463,-0.043902438,0.42718446,0.8341463
2018-1-10T13-49-36,1515588576043,0.84390247,-0.034146342,0.4563107,0.84390247
2018-1-10T13-49-36,1515588576044,0.84390247,-0.034146342,0.36893204,0.84390247
2018-1-10T13-49-36,1515588576045,0.8341463,-0.024390243,0.42718446,0.8341463
2018-1-10T13-49-36,1515588576046,0.8341463,-0.043902438,0.42718446,0.8341463
2018-1-10T13-49-36,1515588576047,0.82439023,-0.034146342,0.41747573,0.82439023
2018-1-10T13-49-36,1515588576048,0.82439023,-0.053658538,0.4368932,0.82439023
2018-1-10T13-49-36,1515588576049,0.82439023,-0.06341463,0.41747573,0.82439023
2018-1-10T13-49-36,1515588576050,0.82439023,-0.06341463,0.42718446,0.82439023
2018-1-10T13-49-36,1515588576051,0.82439023,0.06341463,0.46601942,0.82439023
2018-1-10T13-49-36,1515588576052,0.84390247,-0.053658538,0.5145631,0.84390247
2018-1-10T13-49-36,1515588576053,0.85365856,-0.043902438,0.4854369,0.85365856
2018-1-10T13-49-36,1515588576054,0.8926829,-0.034146342,0.4563107,0.8926829
2018-1-10T13-49-36,1515588576055,0.8926829,0.09268293,0.41747573,0.8926829
2018-1-10T13-49-36,1515588576056,0.86341465,0.014634146,0.44660193,0.86341465
2018-1-10T13-49-36,1515588576057,0.87317073,0.034146342,0.4368932,0.87317073
2018-1-10T13-49-36,1515588576058,0.8341463,0.014634146,0.42718446,0.8341463
2018-1-10T13-49-36,1515588576059,0.79512197,0.024390243,0.41747573,0.79512197
2018-1-10T13-49-36,1515588576060,0.82439023,0.014634146,0.42718446,0.82439023
2018-1-10T13-49-36,1515588576061,0.8341463,-0.014634146,0.4368932,0.8341463
2018-1-10T13-49-36,1515588576062,0.85365856,-0.004878049,0.407767,0.85365856
2018-1-10T13-49-36,1515588576063,0.85365856,0.024390243,0.407767,0.85365856
2018-1-10T13-49-36,1515588576064,0.84390247,0.014634146,0.44660193,0.84390247
2018-1-10T13-49-36,1515588576065,0.84390247,-0.004878049,0.47572815,0.84390247
2018-1-10T13-49-36,1515588576066,0.87317073,-0.004878049,0.52427185,0.87317073
2018-1-10T13-49-36,1515588576067,0.8829268,-0.014634146,0.4563107,0.8829268
2018-1-10T13-49-36,1515588576068,0.85365856,-0.004878049,0.44660193,0.85365856
2018-1-10T13-49-36,1515588576069,0.86341465,-0.004878049,0.4563107,0.86341465
2018-1-10T13-49-36,1515588576070,0.84390247,-0.014634146,0.4563107,0.84390247
2018-1-10T13-49-36,1515588576071,0.84390247,-0.024390243,0.44660193,0.84390247
2018-1-10T13-49-36,1515588576072,0.8341463,-0.043902438,0.41747573,0.8341463
2018-1-10T13-49-36,1515588576073,0.81463414,-0.06341463,0.4368932,0.81463414
2018-1-10T13-49-36,1515588576074,0.81463414,-0.07317073,0.4368932,0.81463414
2018-1-10T13-49-36,1515588576075,0.82439023,-0.043902438,0.46601942,0.82439023
2018-1-10T13-49-36,1515588576076,0.84390247,-0.08292683,0.4368932,0.84390247
2018-1-10T13-49-36,1515588576077,0.7365854,-0.07317073,0.4368932,0.7365854
2018-1-10T13-49-36,1515588576078,0.8341463,-0.07317073,0.4563107,0.8341463
2018-1-10T13-49-36,1515588576079,0.86341465,-0.053658538,0.47572815,0.86341465
2018-1-10T13-49-36,1515588576080,0.87317073,-0.034146342,0.44660193,0.87317073
2018-1-10T13-49-36,1515588576081,0.86341465,0.014634146,0.407767,0.86341465
2018-1-10T13-49-36,1515588576082,0.85365856,0.043902438,0.41747573,0.85365856
2018-1-10T13-49-36,1515588576083,0.87317073,0.08292683,0.4368932,0.87317073
2018-1-10T13-49-36,1515588576084,0.87317073,0.043902438,0.44660193,0.87317073
2018-1-10T13-49-36,1515588576085,0.85365856,0.024390243,0.44660193,0.85365856
2018-1-10T13-49-36,1515588576086,0.86341465,-0.004878049,0.42718446,0.86341465
2018-1-10T13-49-36,1515588576087,0.8341463,-0.004878049,0.4368932,0.8341463
2018-1-10T13-49-36,1515588576088,0.85365856,-0.014634146,0.4368932,0.85365856
2018-1-10T13-49-36,1515588576089,0.80487806,-0.014634146,0.4854369,0.80487806
2018-1-10T13-49-36,1515588576090,0.8341463,-0.004878049,0.4368932,0.8341463
2018-1-10T13-49-36,1515588576091,0.82439023,-0.024390243,0.4368932,0.82439023
2018-1-10T13-49-36,1515588576092,0.82439023,-0.024390243,0.4368932,0.82439023
2018-1-10T13-49-36,1515588576093,0.8341463,-0.024390243,0.44660193,0.8341463
2018-1-10T13-49-36,1515588576094,0.82439023,-0.053658538,0.46601942,0.82439023
2018-1-10T13-49-36,1515588576095,0.84390247,-0.043902438,0.47572815,0.84390247
2018-1-10T13-49-36,1515588576096,0.87317073,-0.024390243,0.4563107,0.87317073
2018-1-10T13-49-36,1515588576097,0.8829268,-0.014634146,0.4368932,0.8829268
2018-1-10T13-49-36,1515588576098,0.87317073,0.014634146,0.4368932,0.87317073
2018-1-10T13-49-36,1515588576099,0.85365856,-0.004878049,0.4563107,0.85365856
2018-1-10T13-49-36,1515588576100,0.86341465,-0.024390243,0.41747573,0.86341465
2018-1-10T13-49-36,1515588576101,0.8341463,-0.034146342,0.4368932,0.8341463
2018-1-10T13-49-36,1515588576102,0.84390247,-0.053658538,0.4563107,0.84390247
2018-1-10T13-49-36,1515588576103,0.84390247,-0.09268293,0.4563107,0.84390247
2018-1-10T13-49-36,1515588576104,0.85365856,-0.06341463,0.4368932,0.85365856
2018-1-10T13-49-36,1515588576105,0.82439023,-0.06341463,0.46601942,0.82439023
2018-1-10T13-49-36,1515588576106,0.84390247,-0.053658538,0.46601942,0.84390247
2018-1-10T13-49-36,1515588576107,0.8341463,-0.024390243,0.42718446,0.8341463
2018-1-10T13-49-36,1515588576108,0.8341463,-0.014634146,0.407767,0.8341463
2018-1-10T13-49-36,1515588576109,0.8341463,0.004878049,0.4368932,0.8341463
2018-1-10T13-49-36,1515588576110,0.86341465,0.004878049,0.44660193,0.86341465
2018-1-10T13-49-36,1515588576111,0.84390247,-0.004878049,0.44660193,0.84390247
2018-1-10T13-49-36,1515588576112,0.84390247,-0.004878049,0.41747573,0.84390247
2018-1-10T13-49-36,1515588576113,0.84390247,0.034146342,0.39805827,0.84390247
2018-1-10T13-49-36,1515588576114,0.81463414,0.024390243,0.42718446,0.81463414
2018-1-10T13-49-36,1515588576115,0.84390247,0.014634146,0.42718446,0.84390247
2018-1-10T13-49-36,1515588576116,0.80487806,0.014634146,0.4368932,0.80487806
2018-1-10T13-49-36,1515588576117,0.81463414,-0.004878049,0.4368932,0.81463414
2018-1-10T13-49-36,1515588576118,0.84390247,0.014634146,0.4368932,0.84390247
2018-1-10T13-49-36,1515588576119,0.86341465,-0.004878049,0.42718446,0.86341465
2018-1-10T13-49-36,1515588576120,0.86341465,-0.053658538,0.46601942,0.86341465
2018-1-10T13-49-36,1515588576121,0.84390247,-0.024390243,0.49514562,0.84390247
2018-1-10T13-49-36,1515588576122,0.8926829,-0.043902438,0.47572815,0.8926829
2018-1-10T13-49-36,1515588576123,0.8829268,-0.043902438,0.39805827,0.8829268
2018-1-10T13-49-36,1515588576124,0.82439023,-0.06341463,0.42718446,0.82439023
2018-1-10T13-49-36,1515588576125,0.77560973,0.014634146,0.44660193,0.77560973
2018-1-10T13-49-36,1515588576126,0.77560973,-0.08292683,0.4368932,0.77560973
2018-1-10T13-49-36,1515588576127,0.8341463,-0.053658538,0.4563107,0.8341463
2018-1-10T13-49-36,1515588576128,0.86341465,-0.053658538,0.4563107,0.86341465
2018-1-10T13-49-36,1515588576129,0.85365856,-0.034146342,0.4563107,0.85365856
2018-1-10T13-49-36,1515588576130,0.8829268,-0.034146342,0.4563107,0.8829268
2018-1-10T13-49-36,1515588576131,0.8926829,-0.034146342,0.41747573,0.8926829
2018-1-10T13-49-36,1515588576132,0.8341463,0.014634146,0.407767,0.8341463
2018-1-10T13-49-36,1515588576133,0.7853659,0.004878049,0.41747573,0.7853659
2018-1-10T13-49-36,1515588576134,0.80487806,0.014634146,0.44660193,0.80487806
2018-1-10T13-49-36,1515588576135,0.79512197,-0.034146342,0.4368932,0.79512197
2018-1-10T13-49-36,1515588576136,0.81463414,-0.004878049,0.4368932,0.81463414
2018-1-10T13-49-36,1515588576137,0.87317073,-0.043902438,0.47572815,0.87317073
2018-1-10T13-49-36,1515588576138,0.85365856,-0.043902438,0.4563107,0.85365856
2018-1-10T13-49-36,1515588576139,0.8926829,-0.024390243,0.39805827,0.8926829
2018-1-10T13-49-36,1515588576140,0.84390247,-0.004878049,0.42718446,0.84390247
2018-1-10T13-49-36,1515588576141,0.85365856,0.024390243,0.4563107,0.85365856
2018-1-10T13-49-36,1515588576142,0.8341463,0.004878049,0.4563107,0.8341463
2018-1-10T13-49-36,1515588576143,0.82439023,0.014634146,0.46601942,0.82439023
2018-1-10T13-49-36,1515588576144,0.87317073,0.014634146,0.44660193,0.87317073
2018-1-10T13-49-36,1515588576145,0.87317073,0.014634146,0.44660193,0.87317073
2018-1-10T13-49-36,1515588576146,0.8926829,0.004878049,0.4563107,0.8926829
2018-1-10T13-49-36,1515588576147,0.8829268,-0.014634146,0.5145631,0.8829268
2018-1-10T13-49-36,1515588576148,0.86341465,-0.014634146,0.44660193,0.86341465
2018-1-10T13-49-36,1515588576149,0.87317073,-0.004878049,0.44660193,0.87317073
2018-1-10T13-49-36,1515588576150,0.80487806,-0.024390243,0.44660193,0.80487806
2018-1-10T13-49-36,1515588576151,0.8341463,-0.043902438,0.4368932,0.8341463
2018-1-10T13-49-36,1515588576152,0.8341463,-0.043902438,0.4368932,0.8341463
2018-1-10T13-49-36,1515588576153,0.84390247,-0.043902438,0.46601942,0.84390247
2018-1-10T13-49-36,1515588576154,0.84390247,-0.043902438,0.41747573,0.84390247
2018-1-10T13-49-36,1515588576155,0.8341463,-0.034146342,0.39805827,0.8341463
2018-1-10T13-49-36,1515588576156,0.7853659,-0.024390243,0.42718446,0.7853659
2018-1-10T13-49-36,1515588576157,0.82439023,-0.004878049,0.4563107,0.82439023
2018-1-10T13-49-36,1515588576158,0.81463414,-0.043902438,0.4368932,0.81463414
2018-1-10T13-49-36,1515588576159,0.84390247,-0.014634146,0.4368932,0.84390247
2018-1-10T13-49-36,1515588576160,0.84390247,-0.034146342,0.4563107,0.84390247
2018-1-10T13-49-36,1515588576161,0.86341465,-0.024390243,0.46601942,0.86341465
2018-1-10T13-49-36,1515588576162,0.86341465,-0.024390243,0.39805827,0.86341465
2018-1-10T13-49-36,1515588576163,0.84390247,-0.024390243,0.41747573,0.84390247
2018-1-10T13-49-36,1515588576164,0.82439023,-0.06341463,0.4563107,0.82439023
2018-1-10T13-49-36,1515588576165,0.80487806,-0.043902438,0.46601942,0.80487806
2018-1-10T13-49-36,1515588576166,0.82439023,-0.043902438,0.46601942,0.82439023
2018-1-10T13-49-36,1515588576167,0.85365856,-0.024390243,0.44660193,0.85365856
2018-1-10T13-49-36,1515588576168,0.87317073,-0.034146342,0.4563107,0.87317073
2018-1-10T13-49-36,1515588576169,0.9317073,-0.06341463,0.46601942,0.9317073
2018-1-10T13-49-36,1515588576170,0.902439,-0.014634146,0.4563107,0.902439
2018-1-10T13-49-36,1515588576171,0.8829268,0.004878049,0.4563107,0.8829268
2018-1-10T13-49-36,1515588576172,0.82439023,-0.004878049,0.42718446,0.82439023
2018-1-10T13-49-36,1515588576173,0.80487806,-0.024390243,0.3883495,0.80487806
2018-1-10T13-49-36,1515588576174,0.79512197,-0.014634146,0.41747573,0.79512197
2018-1-10T13-49-36,1515588576175,0.80487806,-0.024390243,0.4368932,0.80487806
2018-1-10T13-49-36,1515588576176,0.902439,-0.014634146,0.4368932,0.902439
2018-1-10T13-49-36,1515588576177,0.8341463,-0.004878049,0.41747573,0.8341463
2018-1-10T13-49-36,1515588576178,0.85365856,0.014634146,0.42718446,0.85365856
2018-1-10T13-49-36,1515588576179,0.85365856,0.004878049,0.46601942,0.85365856
2018-1-10T13-49-36,1515588576180,0.87317073,-0.014634146,0.4563107,0.87317073
2018-1-10T13-49-36,1515588576181,0.87317073,-0.004878049,0.4563107,0.87317073
2018-1-10T13-49-36,1515588576182,0.84390247,-0.014634146,0.42718446,0.84390247
2018-1-10T13-49-36,1515588576183,0.84390247,-0.034146342,0.4563107,0.84390247
2018-1-10T13-49-36,1515588576184,0.85365856,-0.043902438,0.4854369,0.85365856
2018-1-10T13-49-36,1515588576185,0.86341465,-0.043902438,0.5145631,0.86341465
2018-1-10T13-49-36,1515588576186,0.85365856,-0.014634146,0.3883495,0.85365856
2018-1-10T13-49-36,1515588576187,0.86341465,0.004878049,0.407767,0.86341465
2018-1-10T13-49-36,1515588576188,0.84390247,0.004878049,0.4563107,0.84390247
2018-1-10T13-49-36,1515588576189,0.84390247,0.004878049,0.44660193,0.84390247
2018-1-10T13-49-36,1515588576190,0.8341463,0.024390243,0.39805827,0.8341463
2018-1-10T13-49-36,1515588576191,0.84390247,-0.024390243,0.4368932,0.84390247
2018-1-10T13-49-36,1515588576192,0.84390247,-0.043902438,0.41747573,0.84390247
2018-1-10T13-49-36,1515588576193,0.84390247,-0.024390243,0.46601942,0.84390247
2018-1-10T13-49-36,1515588576194,0.87317073,-0.024390243,0.44660193,0.87317073
2018-1-10T13-49-36,1515588576195,0.85365856,-0.024390243,0.4368932,0.85365856
2018-1-10T13-49-36,1515588576196,0.82439023,-0.024390243,0.3883495,0.82439023
2018-1-10T13-49-36,1515588576197,0.81463414,-0.07317073,0.41747573,0.81463414
2018-1-10T13-49-36,1515588576198,0.80487806,0.034146342,0.42718446,0.80487806
2018-1-10T13-49-36,1515588576199,0.79512197,-0.053658538,0.39805827,0.79512197
2018-1-10T13-49-36,1515588576200,0.80487806,-0.043902438,0.4368932,0.80487806
2018-1-10T13-49-36,1515588576201,0.84390247,-0.024390243,0.44660193,0.84390247
2018-1-10T13-49-36,1515588576202,0.85365856,-0.043902438,0.46601942,0.85365856
2018-1-10T13-49-36,1515588576203,0.8829268,-0.014634146,0.44660193,0.8829268
2018-1-10T13-49-36,1515588576204,0.8829268,0.004878049,0.4563107,0.8829268
2018-1-10T13-49-36,1515588576205,0.87317073,-0.014634146,0.44660193,0.87317073
2018-1-10T13-49-36,1515588576206,0.91219515,-0.024390243,0.4563107,0.91219515
2018-1-10T13-49-36,1515588576207,0.86341465,-0.034146342,0.44660193,0.86341465
2018-1-10T13-49-36,1515588576208,0.85365856,-0.034146342,0.47572815,0.85365856
2018-1-10T13-49-36,1515588576209,0.85365856,-0.034146342,0.41747573,0.85365856
2018-1-10T13-49-36,1515588576210,0.86341465,-0.09268293,0.44660193,0.86341465
2018-1-10T13-49-36,1515588576211,0.86341465,-0.004878049,0.4368932,0.86341465
2018-1-10T13-49-36,1515588576212,0.84390247,0.09268293,0.4563107,0.84390247
2018-1-10T13-49-36,1515588576213,0.8926829,0.014634146,0.44660193,0.8926829
2018-1-10T13-49-36,1515588576214,0.82439023,-0.024390243,0.4368932,0.82439023
2018-1-10T13-49-36,1515588576215,0.82439023,-0.08292683,0.4368932,0.82439023
2018-1-10T13-49-36,1515588576216,0.82439023,-0.024390243,0.44660193,0.82439023
2018-1-10T13-49-36,1515588576217,0.8341463,-0.024390243,0.4368932,0.8341463
2018-1-10T13-49-36,1515588576218,0.85365856,0.014634146,0.42718446,0.85365856
2018-1-10T13-49-36,1515588576219,0.87317073,0.004878049,0.42718446,0.87317073
2018-1-10T13-49-36,1515588576220,0.86341465,0.053658538,0.4368932,0.86341465
2018-1-10T13-49-36,1515588576221,0.86341465,0.014634146,0.42718446,0.86341465
2018-1-10T13-49-36,1515588576222,0.8341463,0.004878049,0.42718446,0.8341463
2018-1-10T13-49-36,1515588576223,0.8341463,-0.024390243,0.46601942,0.8341463
2018-1-10T13-49-36,1515588576224,0.86341465,-0.053658538,0.4563107,0.86341465
2018-1-10T13-49-36,1515588576225,0.85365856,-0.043902438,0.4563107,0.85365856
2018-1-10T13-49-36,1515588576226,0.30731708,-0.014634146,0.4368932,0.30731708
2018-1-10T13-49-36,1515588576227,0.84390247,-0.11219512,0.49514562,0.84390247
2018-1-10T13-49-36,1515588576228,0.82439023,-0.053658538,0.44660193,0.82439023
2018-1-10T13-49-36,1515588576229,0.82439023,-0.043902438,0.41747573,0.82439023
2018-1-10T13-49-36,1515588576230,0.77560973,-0.014634146,0.42718446,0.77560973
2018-1-10T13-49-36,1515588576231,0.84390247,-0.034146342,0.4854369,0.84390247
2018-1-10T13-49-36,1515588576232,0.85365856,-0.043902438,0.49514562,0.85365856
2018-1-10T13-49-36,1515588576233,0.86341465,-0.024390243,0.41747573,0.86341465
2018-1-10T13-49-36,1515588576234,0.87317073,-0.10243902,0.42718446,0.87317073
2018-1-10T13-49-36,1515588576235,0.8341463,-0.034146342,0.44660193,0.8341463
2018-1-10T13-49-36,1515588576236,0.82439023,-0.034146342,0.4563107,0.82439023
2018-1-10T13-49-36,1515588576237,0.82439023,-0.034146342,0.42718446,0.82439023
2018-1-10T13-49-36,1515588576238,0.81463414,-0.014634146,0.39805827,0.81463414
2018-1-10T13-49-36,1515588576239,0.84390247,0.004878049,0.407767,0.84390247
2018-1-10T13-49-36,1515588576240,0.82439023,-0.004878049,0.4854369,0.82439023
2018-1-10T13-49-36,1515588576241,0.86341465,0.034146342,0.4563107,0.86341465
2018-1-10T13-49-36,1515588576242,0.8926829,-0.004878049,0.47572815,0.8926829
2018-1-10T13-49-36,1515588576243,0.8926829,0.004878049,0.44660193,0.8926829
2018-1-10T13-49-36,1515588576244,0.8829268,-0.004878049,0.44660193,0.8829268
2018-1-10T13-49-36,1515588576245,0.87317073,-0.014634146,0.46601942,0.87317073
2018-1-10T13-49-36,1515588576246,0.84390247,-0.014634146,0.47572815,0.84390247
2018-1-10T13-49-36,1515588576247,0.85365856,-0.024390243,0.42718446,0.85365856
2018-1-10T13-49-36,1515588576248,0.82439023,-0.024390243,0.4368932,0.82439023
2018-1-10T13-49-36,1515588576249,0.84390247,-0.024390243,0.41747573,0.84390247
2018-1-10T13-49-36,1515588576250,0.84390247,-0.034146342,0.42718446,0.84390247
2018-1-10T13-49-36,1515588576251,0.82439023,0.014634146,0.4368932,0.82439023
2018-1-10T13-49-36,1515588576252,0.8341463,0.024390243,0.42718446,0.8341463
2018-1-10T13-49-36,1515588576253,0.82439023,-0.034146342,0.49514562,0.82439023
2018-1-10T13-49-36,1515588576254,0.82439023,-0.024390243,0.4563107,0.82439023
2018-1-10T13-49-36,1515588576255,0.8341463,-0.043902438,0.44660193,0.8341463
2018-1-10T13-49-36,1515588576256,0.86341465,-0.014634146,0.4368932,0.86341465
2018-1-10T13-49-36,1515588576257,0.87317073,-0.043902438,0.42718446,0.87317073
2018-1-10T13-49-36,1515588576258,0.85365856,-0.034146342,0.4563107,0.85365856
2018-1-10T13-49-36,1515588576259,0.86341465,-0.034146342,0.4368932,0.86341465
2018-1-10T13-49-36,1515588576260,0.87317073,-0.024390243,0.42718446,0.87317073
2018-1-10T13-49-36,1515588576261,0.84390247,-0.034146342,0.4563107,0.84390247
2018-1-10T13-49-36,1515588576262,0.8341463,-0.024390243,0.4368932,0.8341463
2018-1-10T13-49-36,1515588576263,0.8341463,-0.06341463,0.44660193,0.8341463
2018-1-10T13-49-36,1515588576264,0.84390247,0.034146342,0.46601942,0.84390247
2018-1-10T13-49-36,1515588576265,0.8341463,-0.07317073,0.41747573,0.8341463
2018-1-10T13-49-36,1515588576266,0.82439023,-0.024390243,0.407767,0.82439023
2018-1-10T13-49-36,1515588576267,0.82439023,-0.034146342,0.3883495,0.82439023
2018-1-10T13-49-36,1515588576268,0.82439023,-0.034146342,0.4563107,0.82439023
2018-1-10T13-49-36,1515588576269,0.8341463,-0.004878049,0.44660193,0.8341463
2018-1-10T13-49-36,1515588576270,0.86341465,-0.004878049,0.4368932,0.86341465
2018-1-10T13-49-36,1515588576271,0.902439,0.014634146,0.4563107,0.902439
2018-1-10T13-49-36,1515588576272,0.87317073,0.024390243,0.47572815,0.87317073
2018-1-10T13-49-36,1515588576273,0.86341465,0.034146342,0.41747573,0.86341465
2018-1-10T13-49-36,1515588576274,0.82439023,0.043902438,0.407767,0.82439023
2018-1-10T13-49-36,1515588576275,0.84390247,0.024390243,0.41747573,0.84390247
2018-1-10T13-49-36,1515588576276,0.75609756,0.004878049,0.44660193,0.75609756
2018-1-10T13-49-36,1515588576277,0.80487806,-0.014634146,0.44660193,0.80487806
2018-1-10T13-49-36,1515588576278,0.7853659,-0.034146342,0.42718446,0.7853659
2018-1-10T13-49-36,1515588576279,0.84390247,-0.024390243,0.407767,0.84390247
2018-1-10T13-49-36,1515588576280,0.77560973,-0.034146342,0.42718446,0.77560973
2018-1-10T13-49-36,1515588576281,0.82439023,-0.043902438,0.4563107,0.82439023
2018-1-10T13-49-36,1515588576282,0.81463414,-0.053658538,0.46601942,0.81463414
2018-1-10T13-49-36,1515588576283,0.8341463,-0.06341463,0.42718446,0.8341463
2018-1-10T13-49-36,1515588576284,0.8341463,-0.043902438,0.42718446,0.8341463
2018-1-10T13-49-36,1515588576285,0.84390247,-0.034146342,0.46601942,0.84390247
2018-1-10T13-49-36,1515588576286,0.85365856,-0.07317073,0.47572815,0.85365856
2018-1-10T13-49-36,1515588576287,0.8829268,-0.024390243,0.47572815,0.8829268
2018-1-10T13-49-36,1515588576288,0.8926829,-0.004878049,0.407767,0.8926829
2018-1-10T13-49-36,1515588576289,0.8926829,-0.10243902,0.407767,0.8926829
2018-1-10T13-49-36,1515588576290,0.84390247,-0.024390243,0.44660193,0.84390247
2018-1-10T13-49-36,1515588576291,0.84390247,-0.004878049,0.4563107,0.84390247
2018-1-10T13-49-36,1515588576292,0.8341463,-0.014634146,0.4563107,0.8341463
2018-1-10T13-49-36,1515588576293,0.84390247,-0.043902438,0.4368932,0.84390247
2018-1-10T13-49-36,1515588576294,0.86341465,-0.014634146,0.44660193,0.86341465
2018-1-10T13-49-36,1515588576295,0.85365856,-0.004878049,0.47572815,0.85365856
2018-1-10T13-49-36,1515588576296,0.87317073,-0.024390243,0.42718446,0.87317073
2018-1-10T13-49-36,1515588576297,0.84390247,0.004878049,0.37864077,0.84390247
2018-1-10T13-49-36,1515588576298,0.81463414,-0.014634146,0.44660193,0.81463414
2018-1-10T13-49-36,1515588576299,0.79512197,-0.034146342,0.4368932,0.79512197
2018-1-10T13-49-36,1515588576300,0.79512197,-0.06341463,0.46601942,0.79512197
2018-1-10T13-49-36,1515588576301,0.82439023,0.043902438,0.44660193,0.82439023
2018-1-10T13-49-36,1515588576302,0.8341463,-0.043902438,0.42718446,0.8341463
2018-1-10T13-49-36,1515588576303,0.86341465,0.014634146,0.4368932,0.86341465
2018-1-10T13-49-36,1515588576304,0.8829268,-0.014634146,0.46601942,0.8829268
2018-1-10T13-49-36,1515588576305,0.87317073,0.004878049,0.47572815,0.87317073
2018-1-10T13-49-36,1515588576306,0.85365856,-0.053658538,0.42718446,0.85365856
2018-1-10T13-49-36,1515588576307,0.84390247,-0.004878049,0.41747573,0.84390247
2018-1-10T13-49-36,1515588576308,0.82439023,-0.014634146,0.37864077,0.82439023
2018-1-10T13-49-36,1515588576309,0.85365856,-0.004878049,0.47572815,0.85365856
2018-1-10T13-49-36,1515588576310,0.87317073,-0.014634146,0.49514562,0.87317073
2018-1-10T13-49-36,1515588576311,0.8926829,-0.024390243,0.46601942,0.8926829
2018-1-10T13-49-36,1515588576312,0.87317073,-0.014634146,0.42718446,0.87317073
2018-1-10T13-49-36,1515588576313,0.8926829,0.053658538,0.4563107,0.8926829
2018-1-10T13-49-36,1515588576314,0.9414634,-0.053658538,0.46601942,0.9414634
2018-1-10T13-49-36,1515588576315,0.85365856,-0.014634146,0.39805827,0.85365856
2018-1-10T13-49-36,1515588576316,0.8341463,-0.024390243,0.44660193,0.8341463
2018-1-10T13-49-36,1515588576317,0.84390247,-0.034146342,0.46601942,0.84390247
2018-1-10T13-49-36,1515588576318,0.84390247,-0.024390243,0.4368932,0.84390247
2018-1-10T13-49-36,1515588576319,0.84390247,-0.014634146,0.4368932,0.84390247
2018-1-10T13-49-36,1515588576320,0.87317073,0.043902438,0.41747573,0.87317073
2018-1-10T13-49-36,1515588576321,0.80487806,0.004878049,0.39805827,0.80487806
2018-1-10T13-49-36,1515588576322,0.76585364,-0.004878049,0.3883495,0.76585364
2018-1-10T13-49-36,1515588576323,0.77560973,-0.004878049,0.407767,0.77560973
2018-1-10T13-49-36,1515588576324,0.77560973,-0.034146342,0.44660193,0.77560973
2018-1-10T13-49-36,1515588576325,0.81463414,-0.043902438,0.46601942,0.81463414
2018-1-10T13-49-36,1515588576326,0.85365856,-0.043902438,0.4563107,0.85365856
2018-1-10T13-49-36,1515588576327,0.8926829,-0.024390243,0.46601942,0.8926829
2018-1-10T13-49-36,1515588576328,0.91219515,0.004878049,0.4563107,0.91219515
2018-1-10T13-49-36,1515588576329,0.91219515,-0.004878049,0.46601942,0.91219515
2018-1-10T13-49-36,1515588576330,0.8829268,-0.004878049,0.46601942,0.8829268
2018-1-10T13-49-36,1515588576331,0.8341463,-0.024390243,0.4563107,0.8341463
2018-1-10T13-49-36,1515588576332,0.8341463,-0.034146342,0.42718446,0.8341463
2018-1-10T13-49-36,1515588576333,0.82439023,-0.053658538,0.407767,0.82439023
2018-1-10T13-49-36,1515588576334,0.79512197,-0.07317073,0.42718446,0.79512197
2018-1-10T13-49-36,1515588576335,0.79512197,-0.07317073,0.44660193,0.79512197
2018-1-10T13-49-36,1515588576336,0.81463414,-0.06341463,0.46601942,0.81463414
2018-1-10T13-49-36,1515588576337,0.8341463,-0.014634146,0.44660193,0.8341463
2018-1-10T13-49-36,1515588576338,0.86341465,-0.024390243,0.44660193,0.86341465
2018-1-10T13-49-36,1515588576339,0.86341465,0.004878049,0.4368932,0.86341465
2018-1-10T13-49-36,1515588576340,0.8926829,0.024390243,0.44660193,0.8926829
2018-1-10T13-49-36,1515588576341,0.9609756,0.043902438,0.4854369,0.9609756
2018-1-10T13-49-36,1515588576342,0.8926829,0.043902438,0.47572815,0.8926829
2018-1-10T13-49-36,1515588576343,0.8829268,0.024390243,0.4563107,0.8829268
2018-1-10T13-49-36,1515588576344,0.86341465,0.014634146,0.41747573,0.86341465
2018-1-10T13-49-36,1515588576345,0.84390247,0.004878049,0.42718446,0.84390247
2018-1-10T13-49-36,1515588576346,0.82439023,-0.024390243,0.46601942,0.82439023
2018-1-10T13-49-36,1515588576347,0.82439023,-0.014634146,0.44660193,0.82439023
2018-1-10T13-49-36,1515588576348,0.7853659,-0.034146342,0.42718446,0.7853659
2018-1-10T13-49-36,1515588576349,0.82439023,-0.034146342,0.44660193,0.82439023
2018-1-10T13-49-36,1515588576350,0.86341465,-0.014634146,0.46601942,0.86341465
2018-1-10T13-49-36,1515588576351,0.85365856,-0.004878049,0.4854369,0.85365856
2018-1-10T13-49-36,1515588576352,0.87317073,-0.024390243,0.4563107,0.87317073
2018-1-10T13-49-36,1515588576353,0.82439023,-0.014634146,0.41747573,0.82439023
2018-1-10T13-49-36,1515588576354,0.8926829,-0.043902438,0.4368932,0.8926829
2018-1-10T13-49-36,1515588576355,0.81463414,-0.024390243,0.42718446,0.81463414
2018-1-10T13-49-36,1515588576356,0.80487806,-0.06341463,0.44660193,0.80487806
2018-1-10T13-49-36,1515588576357,0.80487806,-0.07317073,0.42718446,0.80487806
2018-1-10T13-49-36,1515588576358,0.82439023,-0.07317073,0.42718446,0.82439023
2018-1-10T13-49-36,1515588576359,0.84390247,-0.053658538,0.4368932,0.84390247
2018-1-10T13-49-36,1515588576360,0.86341465,-0.043902438,0.44660193,0.86341465
2018-1-10T13-49-36,1515588576361,0.86341465,-0.024390243,0.47572815,0.86341465
2018-1-10T13-49-36,1515588576362,0.9414634,-0.024390243,0.47572815,0.9414634
2018-1-10T13-49-36,1515588576363,0.86341465,-0.024390243,0.46601942,0.86341465
2018-1-10T13-49-36,1515588576364,0.86341465,-0.004878049,0.4368932,0.86341465
2018-1-10T13-49-36,1515588576365,0.85365856,0.014634146,0.44660193,0.85365856
2018-1-10T13-49-36,1515588576366,0.85365856,-0.004878049,0.4854369,0.85365856
2018-1-10T13-49-36,1515588576367,0.86341465,0.024390243,0.4563107,0.86341465
2018-1-10T13-49-36,1515588576368,0.86341465,-0.024390243,0.46601942,0.86341465
2018-1-10T13-49-36,1515588576369,0.87317073,-0.004878049,0.41747573,0.87317073
2018-1-10T13-49-36,1515588576370,0.84390247,0.004878049,0.37864077,0.84390247
2018-1-10T13-49-36,1515588576371,0.8341463,0.014634146,0.4368932,0.8341463
2018-1-10T13-49-36,1515588576372,0.81463414,0.014634146,0.4563107,0.81463414
2018-1-10T13-49-36,1515588576373,0.85365856,0.004878049,0.47572815,0.85365856
2018-1-10T13-49-36,1515588576374,0.8341463,0.004878049,0.44660193,0.8341463
2018-1-10T13-49-36,1515588576375,0.85365856,-0.014634146,0.4368932,0.85365856
2018-1-10T13-49-36,1515588576376,0.86341465,0.004878049,0.44660193,0.86341465
2018-1-10T13-49-36,1515588576377,0.85365856,0.004878049,0.4563107,0.85365856
2018-1-10T13-49-36,1515588576378,0.86341465,0.014634146,0.47572815,0.86341465
2018-1-10T13-49-36,1515588576379,0.85365856,-0.004878049,0.41747573,0.85365856
2018-1-10T13-49-36,1515588576380,0.8341463,-0.004878049,0.41747573,0.8341463
2018-1-10T13-49-36,1515588576381,0.82439023,-0.014634146,0.4368932,0.82439023
2018-1-10T13-49-36,1515588576382,0.86341465,-0.034146342,0.44660193,0.86341465
2018-1-10T13-49-36,1515588576383,0.85365856,-0.034146342,0.4368932,0.85365856
2018-1-10T13-49-36,1515588576384,0.85365856,-0.034146342,0.407767,0.85365856
2018-1-10T13-49-36,1515588576385,0.84390247,-0.034146342,0.42718446,0.84390247
2018-1-10T13-49-36,1515588576386,0.8926829,-0.07317073,0.46601942,0.8926829
2018-1-10T13-49-36,1515588576387,0.81463414,-0.014634146,0.46601942,0.81463414
2018-1-10T13-49-36,1515588576388,0.82439023,-0.06341463,0.42718446,0.82439023
2018-1-10T13-49-36,1515588576389,0.80487806,-0.053658538,0.44660193,0.80487806
2018-1-10T13-49-36,1515588576390,0.8341463,-0.053658538,0.4563107,0.8341463
2018-1-10T13-49-36,1515588576391,0.7853659,-0.024390243,0.4563107,0.7853659
2018-1-10T13-49-36,1515588576392,0.85365856,-0.024390243,0.407767,0.85365856
2018-1-10T13-49-36,1515588576393,0.85365856,-0.024390243,0.4368932,0.85365856
2018-1-10T13-49-36,1515588576394,0.85365856,-0.053658538,0.407767,0.85365856
2018-1-10T13-49-36,1515588576395,0.8341463,-0.034146342,0.42718446,0.8341463
2018-1-10T13-49-36,1515588576396,0.82439023,-0.004878049,0.44660193,0.82439023
2018-1-10T13-49-36,1515588576397,0.84390247,-0.014634146,0.4563107,0.84390247
2018-1-10T13-49-36,1515588576398,0.8341463,-0.004878049,0.44660193,0.8341463
2018-1-10T13-49-36,1515588576399,0.79512197,0.004878049,0.42718446,0.79512197
2018-1-10T13-49-36,1515588576400,0.84390247,-0.014634146,0.44660193,0.84390247
2018-1-10T13-49-36,1515588576401,0.84390247,-0.004878049,0.47572815,0.84390247
2018-1-10T13-49-36,1515588576402,0.86341465,-0.004878049,0.44660193,0.86341465
2018-1-10T13-49-36,1515588576403,0.8341463,-0.004878049,0.36893204,0.8341463
2018-1-10T13-49-36,1515588576404,0.85365856,-0.004878049,0.4368932,0.85365856
2018-1-10T13-49-36,1515588576405,0.86341465,0.004878049,0.4563107,0.86341465
2018-1-10T13-49-36,1515588576406,0.87317073,-0.004878049,0.4854369,0.87317073
2018-1-10T13-49-36,1515588576407,0.87317073,0.004878049,0.41747573,0.87317073
2018-1-10T13-49-36,1515588576408,0.85365856,-0.034146342,0.4368932,0.85365856
2018-1-10T13-49-36,1515588576409,0.84390247,-0.024390243,0.44660193,0.84390247
2018-1-10T13-49-36,1515588576410,0.81463414,-0.034146342,0.4563107,0.81463414
2018-1-10T13-49-36,1515588576411,0.84390247,-0.024390243,0.4368932,0.84390247
2018-1-10T13-49-36,1515588576412,0.84390247,-0.034146342,0.407767,0.84390247
2018-1-10T13-49-36,1515588576413,0.8341463,-0.043902438,0.4563107,0.8341463
2018-1-10T13-49-36,1515588576414,0.84390247,-0.043902438,0.44660193,0.84390247
2018-1-10T13-49-36,1515588576415,0.85365856,-0.024390243,0.41747573,0.85365856
2018-1-10T13-49-36,1515588576416,0.91219515,-0.034146342,0.42718446,0.91219515
2018-1-10T13-49-36,1515588576417,0.79512197,-0.043902438,0.44660193,0.79512197
2018-1-10T13-49-36,1515588576418,0.79512197,-0.043902438,0.4368932,0.79512197
2018-1-10T13-49-36,1515588576419,0.84390247,0.014634146,0.42718446,0.84390247
2018-1-10T13-49-36,1515588576420,0.84390247,-0.004878049,0.42718446,0.84390247
2018-1-10T13-49-36,1515588576421,0.85365856,-0.024390243,0.4563107,0.85365856
2018-1-10T13-49-36,1515588576422,0.86341465,-0.004878049,0.44660193,0.86341465
2018-1-10T13-49-36,1515588576423,0.87317073,-0.014634146,0.44660193,0.87317073
2018-1-10T13-49-36,1515588576424,0.86341465,0.004878049,0.4368932,0.86341465
2018-1-10T13-49-36,1515588576425,0.86341465,0.004878049,0.4368932,0.86341465
2018-1-10T13-49-36,1515588576426,0.85365856,0.024390243,0.44660193,0.85365856
2018-1-10T13-49-36,1515588576427,0.81463414,-0.004878049,0.4563107,0.81463414
2018-1-10T13-49-36,1515588576428,0.79512197,-0.024390243,0.4368932,0.79512197
2018-1-10T13-49-36,1515588576429,0.85365856,-0.024390243,0.47572815,0.85365856
2018-1-10T13-49-36,1515588576430,0.84390247,-0.014634146,0.4854369,0.84390247
2018-1-10T13-49-36,1515588576431,0.8829268,-0.10243902,0.44660193,0.8829268
2018-1-10T13-49-36,1515588576432,0.85365856,-0.024390243,0.41747573,0.85365856
2018-1-10T13-49-36,1515588576433,0.86341465,0.014634146,0.4563107,0.86341465
2018-1-10T13-49-36,1515588576434,0.48292682,-0.014634146,0.47572815,0.48292682
2018-1-10T13-49-36,1515588576435,0.9414634,-0.014634146,0.4563107,0.9414634
2018-1-10T13-49-36,1515588576436,0.84390247,-0.043902438,0.407767,0.84390247
2018-1-10T13-49-36,1515588576437,0.8341463,0.004878049,0.41747573,0.8341463
2018-1-10T13-49-36,1515588576438,0.84390247,-0.004878049,0.44660193,0.84390247
2018-1-10T13-49-36,1515588576439,0.82439023,0.004878049,0.41747573,0.82439023
2018-1-10T13-49-36,1515588576440,0.82439023,-0.004878049,0.4563107,0.82439023
2018-1-10T13-49-36,1515588576441,0.8341463,-0.014634146,0.42718446,0.8341463
2018-1-10T13-49-36,1515588576442,0.79512197,-0.034146342,0.4563107,0.79512197
2018-1-10T13-49-36,1515588576443,0.82439023,-0.034146342,0.4854369,0.82439023
2018-1-10T13-49-36,1515588576444,0.85365856,-0.043902438,0.4854369,0.85365856
2018-1-10T13-49-36,1515588576445,0.8926829,-0.053658538,0.47572815,0.8926829
2018-1-10T13-49-36,1515588576446,0.902439,-0.053658538,0.4563107,0.902439
2018-1-10T13-49-36,1515588576447,0.86341465,-0.06341463,0.4563107,0.86341465
2018-1-10T13-49-36,1515588576448,0.87317073,-0.08292683,0.4368932,0.87317073
2018-1-10T13-49-36,1515588576449,0.80487806,-0.06341463,0.42718446,0.80487806
2018-1-10T13-49-36,1515588576450,0.79512197,-0.08292683,0.39805827,0.79512197
2018-1-10T13-49-36,1515588576451,0.77560973,-0.053658538,0.407767,0.77560973
2018-1-10T13-49-36,1515588576452,0.79512197,-0.034146342,0.44660193,0.79512197
2018-1-10T13-49-36,1515588576453,0.84390247,-0.034146342,0.46601942,0.84390247
2018-1-10T13-49-36,1515588576454,0.87317073,-0.014634146,0.4563107,0.87317073
2018-1-10T13-49-36,1515588576455,0.8926829,0.024390243,0.407767,0.8926829
2018-1-10T13-49-36,1515588576456,0.87317073,0.024390243,0.42718446,0.87317073
2018-1-10T13-49-36,1515588576457,0.85365856,0.014634146,0.5145631,0.85365856
2018-1-10T13-49-36,1515588576458,0.85365856,-0.014634146,0.4854369,0.85365856
2018-1-10T13-49-36,1515588576459,0.86341465,-0.004878049,0.44660193,0.86341465
2018-1-10T13-49-36,1515588576460,0.85365856,-0.004878049,0.41747573,0.85365856
2018-1-10T13-49-36,1515588576461,0.85365856,0.004878049,0.4368932,0.85365856
2018-1-10T13-49-36,1515588576462,0.8341463,-0.024390243,0.4563107,0.8341463
2018-1-10T13-49-36,1515588576463,0.82439023,-0.014634146,0.4368932,0.82439023
2018-1-10T13-49-36,1515588576464,0.84390247,-0.004878049,0.4368932,0.84390247
2018-1-10T13-49-36,1515588576465,0.84390247,-0.004878049,0.41747573,0.84390247
2018-1-10T13-49-36,1515588576466,0.8341463,-0.18048781,0.41747573,0.8341463
2018-1-10T13-49-36,1515588576467,0.8341463,-0.014634146,0.46601942,0.8341463
2018-1-10T13-49-36,1515588576468,0.85365856,-0.014634146,0.46601942,0.85365856
2018-1-10T13-49-36,1515588576469,0.86341465,-0.034146342,0.46601942,0.86341465
2018-1-10T13-49-36,1515588576470,0.86341465,0.053658538,0.4563107,0.86341465
2018-1-10T13-49-36,1515588576471,0.86341465,-0.053658538,0.46601942,0.86341465
2018-1-10T13-49-36,1515588576472,0.84390247,-0.053658538,0.4854369,0.84390247
2018-1-10T13-49-36,1515588576473,0.86341465,-0.034146342,0.44660193,0.86341465
2018-1-10T13-49-36,1515588576474,0.84390247,-0.043902438,0.39805827,0.84390247
2018-1-10T13-49-36,1515588576475,0.80487806,-0.024390243,0.39805827,0.80487806
2018-1-10T13-49-36,1515588576476,0.82439023,-0.034146342,0.44660193,0.82439023
2018-1-10T13-49-36,1515588576477,0.82439023,-0.024390243,0.47572815,0.82439023
2018-1-10T13-49-36,1515588576478,0.85365856,-0.024390243,0.44660193,0.85365856
2018-1-10T13-49-36,1515588576479,0.87317073,-0.004878049,0.44660193,0.87317073
2018-1-10T13-49-36,1515588576480,0.8829268,-0.024390243,0.47572815,0.8829268
2018-1-10T13-49-36,1515588576481,0.8829268,-0.004878049,0.46601942,0.8829268
2018-1-10T13-49-36,1515588576482,0.9512195,-0.004878049,0.44660193,0.9512195
2018-1-10T13-49-36,1515588576483,0.84390247,-0.024390243,0.41747573,0.84390247
2018-1-10T13-49-36,1515588576484,0.82439023,-0.034146342,0.39805827,0.82439023
2018-1-10T13-49-36,1515588576485,0.7853659,-0.034146342,0.4368932,0.7853659
2018-1-10T13-49-36,1515588576486,0.80487806,-0.043902438,0.4368932,0.80487806
2018-1-10T13-49-36,1515588576487,0.82439023,-0.06341463,0.42718446,0.82439023
2018-1-10T13-49-36,1515588576488,0.84390247,-0.07317073,0.42718446,0.84390247
2018-1-10T13-49-36,1515588576489,0.84390247,0.004878049,0.4368932,0.84390247
2018-1-10T13-49-36,1515588576490,0.84390247,0.034146342,0.4368932,0.84390247
2018-1-10T13-49-36,1515588576491,0.84390247,-0.004878049,0.4368932,0.84390247
2018-1-10T13-49-36,1515588576492,0.84390247,0.004878049,0.4368932,0.84390247
2018-1-10T13-49-36,1515588576493,0.82439023,0.014634146,0.4368932,0.82439023
2018-1-10T13-49-36,1515588576494,0.7853659,0.004878049,0.4368932,0.7853659
2018-1-10T13-49-36,1515588576495,0.87317073,-0.004878049,0.44660193,0.87317073
2018-1-10T13-49-36,1515588576496,0.87317073,-0.004878049,0.4368932,0.87317073
2018-1-10T13-49-36,1515588576497,0.902439,-0.004878049,0.4368932,0.902439
2018-1-10T13-49-36,1515588576498,0.81463414,-0.014634146,0.44660193,0.81463414
2018-1-10T13-49-36,1515588576499,0.85365856,-0.024390243,0.46601942,0.85365856
2018-1-10T13-49-36,1515588576500,0.85365856,0.004878049,0.46601942,0.85365856
2018-1-10T13-49-36,1515588576501,0.87317073,-0.034146342,0.47572815,0.87317073
2018-1-10T13-49-36,1515588576502,0.86341465,-0.034146342,0.44660193,0.86341465
2018-1-10T13-49-36,1515588576503,0.85365856,-0.043902438,0.4368932,0.85365856
2018-1-10T13-49-36,1515588576504,0.86341465,-0.034146342,0.4563107,0.86341465
2018-1-10T13-49-36,1515588576505,0.85365856,-0.043902438,0.4854369,0.85365856
2018-1-10T13-49-36,1515588576506,0.8341463,-0.053658538,0.46601942,0.8341463
2018-1-10T13-49-36,1515588576507,0.84390247,-0.06341463,0.46601942,0.84390247
2018-1-10T13-49-36,1515588576508,0.8829268,-0.034146342,0.41747573,0.8829268
2018-1-10T13-49-36,1515588576509,0.8341463,-0.024390243,0.44660193,0.8341463
2018-1-10T13-49-36,1515588576510,0.82439023,-0.024390243,0.42718446,0.82439023
2018-1-10T13-49-36,1515588576511,0.8341463,-0.034146342,0.42718446,0.8341463
2018-1-10T13-49-36,1515588576512,0.82439023,-0.043902438,0.42718446,0.82439023
2018-1-10T13-49-36,1515588576513,0.81463414,-0.053658538,0.41747573,0.81463414
2018-1-10T13-49-36,1515588576514,0.81463414,-0.053658538,0.42718446,0.81463414
2018-1-10T13-49-36,1515588576515,0.82439023,-0.034146342,0.41747573,0.82439023
2018-1-10T13-49-36,1515588576516,0.85365856,-0.014634146,0.44660193,0.85365856
2018-1-10T13-49-36,1515588576517,0.87317073,0.004878049,0.4563107,0.87317073
2018-1-10T13-49-36,1515588576518,0.8829268,-0.034146342,0.4563107,0.8829268
2018-1-10T13-49-36,1515588576519,0.87317073,-0.004878049,0.4563107,0.87317073
2018-1-10T13-49-36,1515588576520,0.87317073,0.014634146,0.46601942,0.87317073
2018-1-10T13-49-36,1515588576521,0.87317073,0.004878049,0.44660193,0.87317073
2018-1-10T13-49-36,1515588576522,0.85365856,-0.014634146,0.44660193,0.85365856
2018-1-10T13-49-36,1515588576523,0.85365856,-0.014634146,0.4368932,0.85365856
2018-1-10T13-49-36,1515588576524,0.8341463,-0.024390243,0.44660193,0.8341463
2018-1-10T13-49-36,1515588576525,0.85365856,0.004878049,0.42718446,0.85365856
2018-1-10T13-49-36,1515588576526,0.84390247,0.41463414,0.407767,0.84390247
2018-1-10T13-49-36,1515588576527,0.82439023,-0.004878049,0.39805827,0.82439023
2018-1-10T13-49-36,1515588576528,0.82439023,-0.014634146,0.44660193,0.82439023
2018-1-10T13-49-36,1515588576529,0.82439023,-0.024390243,0.49514562,0.82439023
2018-1-10T13-49-36,1515588576530,0.84390247,-0.053658538,0.46601942,0.84390247
2018-1-10T13-49-36,1515588576531,0.86341465,-0.043902438,0.44660193,0.86341465
2018-1-10T13-49-36,1515588576532,0.87317073,-0.043902438,0.4563107,0.87317073
2018-1-10T13-49-36,1515588576533,0.86341465,0.004878049,0.4563107,0.86341465
2018-1-10T13-49-36,1515588576534,0.85365856,-0.034146342,0.44660193,0.85365856
2018-1-10T13-49-36,1515588576535,0.8341463,-0.043902438,0.41747573,0.8341463
2018-1-10T13-49-36,1515588576536,0.82439023,-0.034146342,0.42718446,0.82439023
2018-1-10T13-49-36,1515588576537,0.82439023,-0.07317073,0.4563107,0.82439023
2018-1-10T13-49-36,1515588576538,0.84390247,-0.14146341,0.4563107,0.84390247
2018-1-10T13-49-36,1515588576539,0.85365856,-0.043902438,0.4563107,0.85365856
2018-1-10T13-49-36,1515588576540,0.8829268,0.014634146,0.44660193,0.8829268
2018-1-10T13-49-36,1515588576541,0.86341465,-0.014634146,0.4368932,0.86341465
2018-1-10T13-49-36,1515588576542,0.87317073,0.10243902,0.4368932,0.87317073
2018-1-10T13-49-36,1515588576543,0.85365856,0.024390243,0.4563107,0.85365856
2018-1-10T13-49-36,1515588576544,0.84390247,0.004878049,0.44660193,0.84390247
2018-1-10T13-49-36,1515588576545,0.84390247,0.014634146,0.44660193,0.84390247
2018-1-10T13-49-36,1515588576546,0.8341463,0.004878049,0.42718446,0.8341463
2018-1-10T13-49-36,1515588576547,0.82439023,0.004878049,0.4368932,0.82439023
2018-1-10T13-49-36,1515588576548,0.84390247,0.004878049,0.46601942,0.84390247
2018-1-10T13-49-36,1515588576549,0.84390247,0.014634146,0.4563107,0.84390247
2018-1-10T13-49-36,1515588576550,0.87317073,0.014634146,0.46601942,0.87317073
2018-1-10T13-49-36,1515588576551,0.8926829,-0.014634146,0.44660193,0.8926829
2018-1-10T13-49-36,1515588576552,0.8926829,0.024390243,0.4368932,0.8926829
2018-1-10T13-49-36,1515588576553,0.87317073,0.024390243,0.4563107,0.87317073
2018-1-10T13-49-36,1515588576554,0.84390247,-0.014634146,0.4368932,0.84390247
2018-1-10T13-49-36,1515588576555,0.85365856,-0.024390243,0.4368932,0.85365856
2018-1-10T13-49-36,1515588576556,0.80487806,-0.053658538,0.44660193,0.80487806
2018-1-10T13-49-36,1515588576557,0.82439023,-0.043902438,0.46601942,0.82439023
2018-1-10T13-49-36,1515588576558,0.81463414,-0.053658538,0.41747573,0.81463414
2018-1-10T13-49-36,1515588576559,0.75609756,-0.024390243,0.39805827,0.75609756
2018-1-10T13-49-36,1515588576560,0.82439023,-0.024390243,0.4368932,0.82439023
2018-1-10T13-49-36,1515588576561,0.80487806,-0.06341463,0.44660193,0.80487806
2018-1-10T13-49-36,1515588576562,0.82439023,-0.043902438,0.4368932,0.82439023
2018-1-10T13-49-36,1515588576563,0.84390247,-0.14146341,0.44660193,0.84390247
2018-1-10T13-49-36,1515588576564,0.86341465,-0.07317073,0.47572815,0.86341465
2018-1-10T13-49-36,1515588576565,0.902439,-0.06341463,0.46601942,0.902439
2018-1-10T13-49-36,1515588576566,0.8926829,-0.034146342,0.4854369,0.8926829
2018-1-10T13-49-36,1515588576567,0.8926829,-0.014634146,0.46601942,0.8926829
2018-1-10T13-49-36,1515588576568,0.92195123,-0.024390243,0.4368932,0.92195123
2018-1-10T13-49-36,1515588576569,0.8926829,-0.014634146,0.42718446,0.8926829
2018-1-10T13-49-36,1515588576570,0.8341463,-0.024390243,0.42718446,0.8341463
2018-1-10T13-49-36,1515588576571,0.80487806,-0.014634146,0.42718446,0.80487806
2018-1-10T13-49-36,1515588576572,0.81463414,-0.004878049,0.41747573,0.81463414
2018-1-10T13-49-36,1515588576573,0.81463414,0.043902438,0.44660193,0.81463414
2018-1-10T13-49-36,1515588576574,0.85365856,0.024390243,0.44660193,0.85365856
2018-1-10T13-49-36,1515588576575,0.85365856,0.014634146,0.41747573,0.85365856
2018-1-10T13-49-36,1515588576576,0.87317073,0.043902438,0.4368932,0.87317073
2018-1-10T13-49-36,1515588576577,0.86341465,0.034146342,0.42718446,0.86341465
2018-1-10T13-49-36,1515588576578,0.85365856,0.053658538,0.4368932,0.85365856
2018-1-10T13-49-36,1515588576579,0.84390247,0.034146342,0.4563107,0.84390247
2018-1-10T13-49-36,1515588576580,0.84390247,0.014634146,0.42718446,0.84390247
2018-1-10T13-49-36,1515588576581,0.8341463,-0.004878049,0.4368932,0.8341463
2018-1-10T13-49-36,1515588576582,0.84390247,-0.034146342,0.42718446,0.84390247
2018-1-10T13-49-36,1515588576583,0.84390247,-0.024390243,0.44660193,0.84390247
2018-1-10T13-49-36,1515588576584,0.85365856,-0.024390243,0.44660193,0.85365856
2018-1-10T13-49-36,1515588576585,0.84390247,-0.024390243,0.47572815,0.84390247
2018-1-10T13-49-36,1515588576586,0.84390247,-0.034146342,0.44660193,0.84390247
2018-1-10T13-49-36,1515588576587,0.80487806,-0.043902438,0.44660193,0.80487806
2018-1-10T13-49-36,1515588576588,0.8341463,-0.004878049,0.47572815,0.8341463
2018-1-10T13-49-36,1515588576589,0.86341465,-0.06341463,0.49514562,0.86341465
2018-1-10T13-49-36,1515588576590,0.87317073,-0.09268293,0.49514562,0.87317073
2018-1-10T13-49-36,1515588576591,0.8829268,-0.07317073,0.46601942,0.8829268
2018-1-10T13-49-36,1515588576592,0.87317073,-0.08292683,0.44660193,0.87317073
2018-1-10T13-49-36,1515588576593,0.8341463,-0.06341463,0.42718446,0.8341463
2018-1-10T13-49-36,1515588576594,0.81463414,-0.043902438,0.42718446,0.81463414
2018-1-10T13-49-36,1515588576595,0.7853659,-0.08292683,0.46601942,0.7853659
2018-1-10T13-49-36,1515588576596,0.7853659,-0.09268293,0.41747573,0.7853659
2018-1-10T13-49-36,1515588576597,0.81463414,-0.06341463,0.407767,0.81463414
2018-1-10T13-49-36,1515588576598,0.82439023,-0.053658538,0.42718446,0.82439023
2018-1-10T13-49-36,1515588576599,0.86341465,-0.034146342,0.4563107,0.86341465
2018-1-10T13-49-36,1515588576600,0.86341465,-0.004878049,0.46601942,0.86341465
2018-1-10T13-49-36,1515588576601,0.8926829,0.043902438,0.46601942,0.8926829
2018-1-10T13-49-36,1515588576602,0.8926829,0.07317073,0.42718446,0.8926829
2018-1-10T13-49-36,1515588576603,0.87317073,-0.004878049,0.44660193,0.87317073
2018-1-10T13-49-36,1515588576604,0.8829268,0.07317073,0.4563107,0.8829268
2018-1-10T13-49-36,1515588576605,0.85365856,0.043902438,0.44660193,0.85365856
2018-1-10T13-49-36,1515588576606,0.77560973,0.034146342,0.42718446,0.77560973
2018-1-10T13-49-36,1515588576607,0.85365856,0.004878049,0.4368932,0.85365856
2018-1-10T13-49-36,1515588576608,0.84390247,-0.014634146,0.4368932,0.84390247
2018-1-10T13-49-36,1515588576609,0.74634147,-0.034146342,0.42718446,0.74634147
2018-1-10T13-49-36,1515588576610,0.84390247,-0.024390243,0.44660193,0.84390247
2018-1-10T13-49-36,1515588576611,0.82439023,-0.034146342,0.4563107,0.82439023
2018-1-10T13-49-36,1515588576612,0.82439023,0.004878049,0.42718446,0.82439023
2018-1-10T13-49-36,1515588576613,0.84390247,-0.043902438,0.49514562,0.84390247
2018-1-10T13-49-36,1515588576614,0.87317073,-0.043902438,0.4854369,0.87317073
2018-1-10T13-49-36,1515588576615,0.902439,-0.034146342,0.46601942,0.902439
2018-1-10T13-49-36,1515588576616,0.902439,-0.034146342,0.46601942,0.902439
2018-1-10T13-49-36,1515588576617,0.8829268,-0.034146342,0.44660193,0.8829268
2018-1-10T13-49-36,1515588576618,0.86341465,-0.043902438,0.4368932,0.86341465
2018-1-10T13-49-36,1515588576619,0.8341463,-0.043902438,0.42718446,0.8341463
2018-1-10T13-49-36,1515588576620,0.81463414,-0.053658538,0.42718446,0.81463414
2018-1-10T13-49-36,1515588576621,0.79512197,-0.053658538,0.4368932,0.79512197
2018-1-10T13-49-36,1515588576622,0.82439023,-0.14146341,0.4368932,0.82439023
2018-1-10T13-49-36,1515588576623,0.84390247,-0.06341463,0.44660193,0.84390247
2018-1-10T13-49-36,1515588576624,0.86341465,-0.06341463,0.44660193,0.86341465
2018-1-10T13-49-36,1515588576625,0.8341463,-0.024390243,0.41747573,0.8341463
2018-1-10T13-49-36,1515588576626,0.81463414,-0.08292683,0.4563107,0.81463414
2018-1-10T13-49-36,1515588576627,0.8341463,-0.024390243,0.49514562,0.8341463
2018-1-10T13-49-36,1515588576628,0.85365856,-0.053658538,0.4563107,0.85365856
2018-1-10T13-49-36,1515588576629,0.8341463,-0.053658538,0.34951457,0.8341463
2018-1-10T13-49-36,1515588576630,0.8341463,-0.004878049,0.39805827,0.8341463
2018-1-10T13-49-36,1515588576631,0.82439023,-0.014634146,0.42718446,0.82439023
2018-1-10T13-49-36,1515588576632,0.82439023,-0.014634146,0.407767,0.82439023
2018-1-10T13-49-36,1515588576633,0.82439023,0.024390243,0.44660193,0.82439023
2018-1-10T13-49-36,1515588576634,0.9609756,0.034146342,0.49514562,0.9609756
2018-1-10T13-49-36,1515588576635,0.91219515,0.043902438,0.5048544,0.91219515
2018-1-10T13-49-36,1515588576636,0.9317073,0.043902438,0.46601942,0.9317073
2018-1-10T13-49-36,1515588576637,0.9317073,0.10243902,0.44660193,0.9317073
2018-1-10T13-49-36,1515588576638,0.902439,0.024390243,0.5339806,0.902439
2018-1-10T13-49-36,1515588576639,0.87317073,-0.004878049,0.47572815,0.87317073
2018-1-10T13-49-36,1515588576640,0.81463414,-0.043902438,0.44660193,0.81463414
2018-1-10T13-49-36,1515588576641,0.79512197,-0.09268293,0.4368932,0.79512197
2018-1-10T13-49-36,1515588576642,0.80487806,-0.07317073,0.42718446,0.80487806
2018-1-10T13-49-36,1515588576643,0.80487806,-0.07317073,0.42718446,0.80487806
2018-1-10T13-49-36,1515588576644,0.81463414,-0.06341463,0.39805827,0.81463414
2018-1-10T13-49-36,1515588576645,0.84390247,-0.053658538,0.41747573,0.84390247
2018-1-10T13-49-36,1515588576646,0.86341465,0.034146342,0.4563107,0.86341465
2018-1-10T13-49-36,1515588576647,0.84390247,-0.043902438,0.44660193,0.84390247
2018-1-10T13-49-36,1515588576648,0.84390247,-0.034146342,0.4368932,0.84390247
2018-1-10T13-49-36,1515588576649,0.8341463,-0.06341463,0.44660193,0.8341463
2018-1-10T13-49-36,1515588576650,0.84390247,-0.034146342,0.4368932,0.84390247
2018-1-10T13-49-36,1515588576651,0.80487806,-0.034146342,0.44660193,0.80487806
2018-1-10T13-49-36,1515588576652,0.84390247,-0.034146342,0.4368932,0.84390247
2018-1-10T13-49-36,1515588576653,0.84390247,-0.043902438,0.4368932,0.84390247
2018-1-10T13-49-36,1515588576654,0.85365856,-0.004878049,0.4368932,0.85365856
2018-1-10T13-49-36,1515588576655,0.85365856,-0.004878049,0.41747573,0.85365856
2018-1-10T13-49-36,1515588576656,0.8926829,0.034146342,0.42718446,0.8926829
2018-1-10T13-49-36,1515588576657,0.85365856,-0.014634146,0.4563107,0.85365856
2018-1-10T13-49-36,1515588576658,0.84390247,-0.024390243,0.46601942,0.84390247
2018-1-10T13-49-36,1515588576659,0.84390247,-0.014634146,0.46601942,0.84390247
2018-1-10T13-49-36,1515588576660,0.85365856,-0.014634146,0.44660193,0.85365856
2018-1-10T13-49-36,1515588576661,0.84390247,-0.024390243,0.4563107,0.84390247
2018-1-10T13-49-36,1515588576662,0.85365856,0.004878049,0.4563107,0.85365856
2018-1-10T13-49-36,1515588576663,0.87317073,0.024390243,0.4563107,0.87317073
2018-1-10T13-49-36,1515588576664,0.86341465,-0.014634146,0.44660193,0.86341465
2018-1-10T13-49-36,1515588576665,0.85365856,0.004878049,0.47572815,0.85365856
2018-1-10T13-49-36,1515588576666,0.86341465,0.004878049,0.44660193,0.86341465
2018-1-10T13-49-36,1515588576667,0.85365856,0.024390243,0.49514562,0.85365856
2018-1-10T13-49-36,1515588576668,0.84390247,0.014634146,0.46601942,0.84390247
2018-1-10T13-49-36,1515588576669,0.82439023,0.004878049,0.4563107,0.82439023
2018-1-10T13-49-36,1515588576670,0.87317073,0.014634146,0.46601942,0.87317073
2018-1-10T13-49-36,1515588576671,0.8829268,0.034146342,0.5145631,0.8829268
2018-1-10T13-49-36,1515588576672,0.85365856,-0.043902438,0.4368932,0.85365856
2018-1-10T13-49-36,1515588576673,0.85365856,-0.043902438,0.4368932,0.85365856
2018-1-10T13-49-36,1515588576674,0.82439023,-0.06341463,0.44660193,0.82439023
2018-1-10T13-49-36,1515588576675,0.82439023,-0.053658538,0.44660193,0.82439023
2018-1-10T13-49-36,1515588576676,0.81463414,-0.07317073,0.407767,0.81463414
2018-1-10T13-49-36,1515588576677,0.80487806,-0.034146342,0.42718446,0.80487806
2018-1-10T13-49-36,1515588576678,0.82439023,-0.024390243,0.41747573,0.82439023
2018-1-10T13-49-36,1515588576679,0.8341463,0.014634146,0.44660193,0.8341463
2018-1-10T13-49-36,1515588576680,0.8341463,-0.043902438,0.44660193,0.8341463
2018-1-10T13-49-36,1515588576681,0.86341465,-0.034146342,0.44660193,0.86341465
2018-1-10T13-49-36,1515588576682,0.85365856,-0.034146342,0.44660193,0.85365856
2018-1-10T13-49-36,1515588576683,0.85365856,-0.024390243,0.41747573,0.85365856
2018-1-10T13-49-36,1515588576684,0.8341463,0.024390243,0.42718446,0.8341463
2018-1-10T13-49-36,1515588576685,0.82439023,-0.004878049,0.4368932,0.82439023
2018-1-10T13-49-36,1515588576686,0.82439023,-0.014634146,0.4368932,0.82439023
2018-1-10T13-49-36,1515588576687,0.84390247,-0.004878049,0.4368932,0.84390247
2018-1-10T13-49-36,1515588576688,0.85365856,-0.014634146,0.4368932,0.85365856
2018-1-10T13-49-36,1515588576689,0.87317073,-0.004878049,0.44660193,0.87317073
2018-1-10T13-49-36,1515588576690,0.87317073,0.024390243,0.4368932,0.87317073
2018-1-10T13-49-36,1515588576691,0.86341465,0.004878049,0.4368932,0.86341465
2018-1-10T13-49-36,1515588576692,0.85365856,-0.004878049,0.4563107,0.85365856
2018-1-10T13-49-36,1515588576693,0.84390247,-0.034146342,0.47572815,0.84390247
2018-1-10T13-49-36,1515588576694,0.86341465,-0.043902438,0.47572815,0.86341465
2018-1-10T13-49-36,1515588576695,0.86341465,-0.043902438,0.46601942,0.86341465
2018-1-10T13-49-36,1515588576696,0.86341465,-0.034146342,0.407767,0.86341465
2018-1-10T13-49-36,1515588576697,0.87317073,-0.034146342,0.4563107,0.87317073
2018-1-10T13-49-36,1515588576698,0.85365856,-0.034146342,0.44660193,0.85365856
2018-1-10T13-49-36,1515588576699,0.84390247,-0.004878049,0.37864077,0.84390247
2018-1-10T13-49-36,1515588576700,0.82439023,-0.034146342,0.44660193,0.82439023
2018-1-10T13-49-36,1515588576701,0.80487806,-0.053658538,0.41747573,0.80487806
2018-1-10T13-49-36,1515588576702,0.80487806,-0.053658538,0.42718446,0.80487806
2018-1-10T13-49-36,1515588576703,0.8341463,-0.043902438,0.46601942,0.8341463
2018-1-10T13-49-36,1515588576704,0.8341463,-0.043902438,0.46601942,0.8341463
2018-1-10T13-49-36,1515588576705,0.8926829,-0.024390243,0.44660193,0.8926829
2018-1-10T13-49-36,1515588576706,0.87317073,0.08292683,0.46601942,0.87317073
2018-1-10T13-49-36,1515588576707,0.86341465,0.024390243,0.4368932,0.86341465
2018-1-10T13-49-36,1515588576708,0.85365856,0.043902438,0.42718446,0.85365856
2018-1-10T13-49-36,1515588576709,0.8341463,0.024390243,0.42718446,0.8341463
2018-1-10T13-49-36,1515588576710,0.8341463,0.004878049,0.407767,0.8341463
2018-1-10T13-49-36,1515588576711,0.81463414,0.024390243,0.41747573,0.81463414
2018-1-10T13-49-36,1515588576712,0.82439023,-0.014634146,0.42718446,0.82439023
2018-1-10T13-49-36,1515588576713,0.82439023,-0.034146342,0.4368932,0.82439023
2018-1-10T13-49-36,1515588576714,0.8341463,-0.043902438,0.44660193,0.8341463
2018-1-10T13-49-36,1515588576715,0.8341463,-0.034146342,0.44660193,0.8341463
2018-1-10T13-49-36,1515588576716,0.8341463,-0.024390243,0.49514562,0.8341463
2018-1-10T13-49-36,1515588576717,0.84390247,-0.034146342,0.49514562,0.84390247
2018-1-10T13-49-36,1515588576718,0.87317073,-0.014634146,0.49514562,0.87317073
2018-1-10T13-49-36,1515588576719,0.8926829,-0.004878049,0.4854369,0.8926829
2018-1-10T13-49-36,1515588576720,0.8926829,0.004878049,0.42718446,0.8926829
2018-1-10T13-49-36,1515588576721,0.85365856,0.014634146,0.44660193,0.85365856
2018-1-10T13-49-36,1515588576722,0.84390247,-0.014634146,0.407767,0.84390247
2018-1-10T13-49-36,1515588576723,0.81463414,-0.004878049,0.41747573,0.81463414
2018-1-10T13-49-36,1515588576724,0.81463414,-0.034146342,0.4368932,0.81463414
2018-1-10T13-49-36,1515588576725,0.80487806,-0.024390243,0.44660193,0.80487806
2018-1-10T13-49-36,1515588576726,0.84390247,-0.024390243,0.41747573,0.84390247
2018-1-10T13-49-36,1515588576727,0.85365856,-0.024390243,0.4368932,0.85365856
2018-1-10T13-49-36,1515588576728,0.84390247,-0.004878049,0.4368932,0.84390247
2018-1-10T13-49-36,1515588576729,0.87317073,0.004878049,0.4854369,0.87317073
2018-1-10T13-49-36,1515588576730,0.85365856,-0.014634146,0.4563107,0.85365856
2018-1-10T13-49-36,1515588576731,0.82439023,-0.014634146,0.44660193,0.82439023
2018-1-10T13-49-36,1515588576732,0.82439023,-0.024390243,0.44660193,0.82439023
2018-1-10T13-49-36,1515588576733,0.81463414,-0.053658538,0.4368932,0.81463414
2018-1-10T13-49-36,1515588576734,0.82439023,-0.053658538,0.42718446,0.82439023
2018-1-10T13-49-36,1515588576735,0.84390247,-0.034146342,0.4368932,0.84390247
2018-1-10T13-49-36,1515588576736,0.85365856,-0.034146342,0.4368932,0.85365856
2018-1-10T13-49-36,1515588576737,0.85365856,-0.024390243,0.42718446,0.85365856
2018-1-10T13-49-36,1515588576738,0.84390247,-0.034146342,0.42718446,0.84390247
2018-1-10T13-49-36,1515588576739,0.82439023,-0.043902438,0.4368932,0.82439023
2018-1-10T13-49-36,1515588576740,0.85365856,-0.024390243,0.47572815,0.85365856
2018-1-10T13-49-36,1515588576741,0.85365856,-0.034146342,0.49514562,0.85365856
2018-1-10T13-49-36,1515588576742,0.87317073,-0.014634146,0.46601942,0.87317073
2018-1-10T13-49-36,1515588576743,0.9317073,-0.004878049,0.41747573,0.9317073
2018-1-10T13-49-36,1515588576744,0.902439,0.014634146,0.44660193,0.902439
2018-1-10T13-49-36,1515588576745,0.8829268,-0.043902438,0.46601942,0.8829268
2018-1-10T13-49-36,1515588576746,0.86341465,0.014634146,0.42718446,0.86341465
2018-1-10T13-49-36,1515588576747,0.8341463,-0.014634146,0.44660193,0.8341463
2018-1-10T13-49-36,1515588576748,0.80487806,-0.014634146,0.41747573,0.80487806
2018-1-10T13-49-36,1515588576749,0.82439023,0.034146342,0.44660193,0.82439023
2018-1-10T13-49-36,1515588576750,0.84390247,-0.043902438,0.4563107,0.84390247
2018-1-10T13-49-36,1515588576751,0.84390247,-0.053658538,0.42718446,0.84390247
2018-1-10T13-49-36,1515588576752,0.902439,-0.043902438,0.39805827,0.902439
2018-1-10T13-49-36,1515588576753,0.82439023,-0.034146342,0.46601942,0.82439023
2018-1-10T13-49-36,1515588576754,0.84390247,-0.034146342,0.47572815,0.84390247
2018-1-10T13-49-36,1515588576755,0.84390247,-0.014634146,0.44660193,0.84390247
2018-1-10T13-49-36,1515588576756,0.8341463,-0.043902438,0.41747573,0.8341463
2018-1-10T13-49-36,1515588576757,0.85365856,-0.014634146,0.407767,0.85365856
2018-1-10T13-49-36,1515588576758,0.8341463,-0.004878049,0.46601942,0.8341463
2018-1-10T13-49-36,1515588576759,0.86341465,-0.004878049,0.46601942,0.86341465
2018-1-10T13-49-36,1515588576760,0.86341465,0.004878049,0.4563107,0.86341465
2018-1-10T13-49-36,1515588576761,0.8829268,-0.004878049,0.4368932,0.8829268
2018-1-10T13-49-36,1515588576762,0.8829268,0.014634146,0.44660193,0.8829268
2018-1-10T13-49-36,1515588576763,0.86341465,-0.024390243,0.4563107,0.86341465
2018-1-10T13-49-36,1515588576764,0.85365856,-0.043902438,0.44660193,0.85365856
2018-1-10T13-49-36,1515588576765,0.82439023,-0.034146342,0.42718446,0.82439023
2018-1-10T13-49-36,1515588576766,0.7853659,-0.07317073,0.41747573,0.7853659
2018-1-10T13-49-36,1515588576767,0.79512197,-0.07317073,0.5048544,0.79512197
2018-1-10T13-49-36,1515588576768,0.77560973,0.014634146,0.46601942,0.77560973
2018-1-10T13-49-36,1515588576769,0.8341463,-0.043902438,0.46601942,0.8341463
2018-1-10T13-49-36,1515588576770,0.86341465,-0.024390243,0.407767,0.86341465
2018-1-10T13-49-36,1515588576771,0.84390247,-0.004878049,0.407767,0.84390247
2018-1-10T13-49-36,1515588576772,0.86341465,-0.004878049,0.44660193,0.86341465
2018-1-10T13-49-36,1515588576773,0.87317073,-0.004878049,0.46601942,0.87317073
2018-1-10T13-49-36,1515588576774,0.86341465,-0.014634146,0.46601942,0.86341465
2018-1-10T13-49-36,1515588576775,0.86341465,-0.024390243,0.42718446,0.86341465
2018-1-10T13-49-36,1515588576776,0.85365856,-0.014634146,0.42718446,0.85365856
2018-1-10T13-49-36,1515588576777,0.8341463,-0.014634146,0.44660193,0.8341463
2018-1-10T13-49-36,1515588576778,0.8341463,-0.014634146,0.44660193,0.8341463
2018-1-10T13-49-36,1515588576779,0.82439023,-0.024390243,0.44660193,0.82439023
2018-1-10T13-49-36,1515588576780,0.7853659,-0.043902438,0.4368932,0.7853659
2018-1-10T13-49-36,1515588576781,0.84390247,-0.043902438,0.44660193,0.84390247
2018-1-10T13-49-36,1515588576782,0.84390247,-0.024390243,0.42718446,0.84390247
2018-1-10T13-49-36,1515588576783,0.85365856,-0.014634146,0.4563107,0.85365856
2018-1-10T13-49-36,1515588576784,0.85365856,-0.014634146,0.46601942,0.85365856
2018-1-10T13-49-36,1515588576785,0.86341465,-0.024390243,0.4563107,0.86341465
2018-1-10T13-49-36,1515588576786,0.85365856,-0.024390243,0.37864077,0.85365856
2018-1-10T13-49-36,1515588576787,0.84390247,-0.004878049,0.42718446,0.84390247
2018-1-10T13-49-36,1515588576788,0.85365856,-0.014634146,0.46601942,0.85365856
2018-1-10T13-49-36,1515588576789,0.85365856,0.004878049,0.42718446,0.85365856
2018-1-10T13-49-36,1515588576790,0.85365856,0.004878049,0.42718446,0.85365856
2018-1-10T13-49-36,1515588576791,0.87317073,0.014634146,0.41747573,0.87317073
2018-1-10T13-49-36,1515588576792,0.87317073,-0.004878049,0.41747573,0.87317073
2018-1-10T13-49-36,1515588576793,0.85365856,0.004878049,0.44660193,0.85365856
2018-1-10T13-49-36,1515588576794,0.82439023,-0.024390243,0.46601942,0.82439023
2018-1-10T13-49-36,1515588576795,0.85365856,-0.043902438,0.49514562,0.85365856
2018-1-10T13-49-36,1515588576796,0.84390247,-0.053658538,0.44660193,0.84390247
2018-1-10T13-49-36,1515588576797,0.84390247,-0.043902438,0.39805827,0.84390247
2018-1-10T13-49-36,1515588576798,0.82439023,-0.10243902,0.39805827,0.82439023
2018-1-10T13-49-36,1515588576799,0.81463414,-0.043902438,0.4368932,0.81463414
2018-1-10T13-49-36,1515588576800,0.80487806,-0.06341463,0.4563107,0.80487806
2018-1-10T13-49-36,1515588576801,0.82439023,-0.043902438,0.42718446,0.82439023
2018-1-10T13-49-36,1515588576802,0.84390247,-0.024390243,0.41747573,0.84390247
2018-1-10T13-49-36,1515588576803,0.86341465,-0.014634146,0.407767,0.86341465
2018-1-10T13-49-36,1515588576804,0.87317073,-0.014634146,0.49514562,0.87317073
2018-1-10T13-49-36,1515588576805,0.902439,0.08292683,0.47572815,0.902439
2018-1-10T13-49-36,1515588576806,0.902439,0.014634146,0.42718446,0.902439
2018-1-10T13-49-36,1515588576807,0.87317073,0.004878049,0.42718446,0.87317073
2018-1-10T13-49-36,1515588576808,0.84390247,-0.024390243,0.42718446,0.84390247
2018-1-10T13-49-36,1515588576809,0.80487806,-0.034146342,0.4563107,0.80487806
2018-1-10T13-49-36,1515588576810,0.80487806,-0.053658538,0.42718446,0.80487806
2018-1-10T13-49-36,1515588576811,0.7853659,-0.014634146,0.42718446,0.7853659
2018-1-10T13-49-36,1515588576812,0.81463414,-0.034146342,0.42718446,0.81463414
2018-1-10T13-49-36,1515588576813,0.84390247,-0.034146342,0.5048544,0.84390247
2018-1-10T13-49-36,1515588576814,0.84390247,0.004878049,0.4563107,0.84390247
2018-1-10T13-49-36,1515588576815,0.87317073,0.004878049,0.4368932,0.87317073
2018-1-10T13-49-36,1515588576816,0.85365856,-0.004878049,0.44660193,0.85365856
2018-1-10T13-49-36,1515588576817,0.87317073,0.004878049,0.44660193,0.87317073
2018-1-10T13-49-36,1515588576818,0.87317073,-0.014634146,0.4563107,0.87317073
2018-1-10T13-49-36,1515588576819,0.84390247,-0.004878049,0.47572815,0.84390247
2018-1-10T13-49-36,1515588576820,0.84390247,0.004878049,0.407767,0.84390247
2018-1-10T13-49-36,1515588576821,0.8341463,0.014634146,0.407767,0.8341463
2018-1-10T13-49-36,1515588576822,0.8341463,-0.004878049,0.4563107,0.8341463
2018-1-10T13-49-36,1515588576823,0.84390247,-0.043902438,0.4854369,0.84390247
2018-1-10T13-49-36,1515588576824,0.84390247,-0.014634146,0.47572815,0.84390247
2018-1-10T13-49-36,1515588576825,0.902439,-0.024390243,0.49514562,0.902439
2018-1-10T13-49-36,1515588576826,0.92195123,-0.024390243,0.47572815,0.92195123
2018-1-10T13-49-36,1515588576827,0.902439,-0.004878049,0.47572815,0.902439
2018-1-10T13-49-36,1515588576828,0.87317073,0.043902438,0.4368932,0.87317073
2018-1-10T13-49-36,1515588576829,0.80487806,-0.043902438,0.42718446,0.80487806
2018-1-10T13-49-36,1515588576830,0.7853659,-0.043902438,0.42718446,0.7853659
2018-1-10T13-49-36,1515588576831,0.76585364,-0.043902438,0.42718446,0.76585364
2018-1-10T13-49-36,1515588576832,0.77560973,-0.034146342,0.407767,0.77560973
2018-1-10T13-49-36,1515588576833,0.7853659,-0.034146342,0.39805827,0.7853659
2018-1-10T13-49-36,1515588576834,0.80487806,-0.034146342,0.3883495,0.80487806
2018-1-10T13-49-36,1515588576835,0.80487806,-0.034146342,0.42718446,0.80487806
2018-1-10T13-49-36,1515588576836,0.8341463,-0.014634146,0.44660193,0.8341463
2018-1-10T13-49-36,1515588576837,0.82439023,-0.043902438,0.44660193,0.82439023
2018-1-10T13-49-36,1515588576838,0.8341463,-0.053658538,0.4563107,0.8341463
2018-1-10T13-49-36,1515588576839,0.85365856,-0.043902438,0.5048544,0.85365856
2018-1-10T13-49-36,1515588576840,0.8829268,-0.07317073,0.5145631,0.8829268
2018-1-10T13-49-36,1515588576841,0.91219515,-0.053658538,0.39805827,0.91219515
2018-1-10T13-49-36,1515588576842,0.902439,-0.014634146,0.4368932,0.902439
2018-1-10T13-49-36,1515588576843,0.8926829,0.004878049,0.44660193,0.8926829
2018-1-10T13-49-36,1515588576844,0.86341465,-0.014634146,0.46601942,0.86341465
2018-1-10T13-49-36,1515588576845,0.85365856,-0.014634146,0.4368932,0.85365856
2018-1-10T13-49-36,1515588576846,0.82439023,-0.004878049,0.39805827,0.82439023
2018-1-10T13-49-36,1515588576847,0.82439023,0.004878049,0.4368932,0.82439023
2018-1-10T13-49-36,1515588576848,0.8341463,-0.014634146,0.46601942,0.8341463
2018-1-10T13-49-36,1515588576849,0.84390247,-0.004878049,0.4563107,0.84390247
2018-1-10T13-49-36,1515588576850,0.8341463,-0.004878049,0.4368932,0.8341463
2018-1-10T13-49-36,1515588576851,0.84390247,0.004878049,0.41747573,0.84390247
2018-1-10T13-49-36,1515588576852,0.8341463,-0.004878049,0.4368932,0.8341463
2018-1-10T13-49-36,1515588576853,0.8341463,-0.004878049,0.44660193,0.8341463
2018-1-10T13-49-36,1515588576854,0.80487806,0.014634146,0.42718446,0.80487806
2018-1-10T13-49-36,1515588576855,0.82439023,0.004878049,0.4563107,0.82439023
2018-1-10T13-49-36,1515588576856,0.85365856,-0.014634146,0.42718446,0.85365856
2018-1-10T13-49-36,1515588576857,0.84390247,0.004878049,0.4563107,0.84390247
2018-1-10T13-49-36,1515588576858,0.86341465,-0.004878049,0.4368932,0.86341465
2018-1-10T13-49-36,1515588576859,0.85365856,0.014634146,0.41747573,0.85365856
2018-1-10T13-49-36,1515588576860,0.91219515,-0.004878049,0.4368932,0.91219515
2018-1-10T13-49-36,1515588576861,0.85365856,-0.034146342,0.4563107,0.85365856
2018-1-10T13-49-36,1515588576862,0.84390247,-0.024390243,0.4368932,0.84390247
2018-1-10T13-49-36,1515588576863,0.85365856,-0.053658538,0.407767,0.85365856
2018-1-10T13-49-36,1515588576864,0.84390247,-0.053658538,0.4854369,0.84390247
2018-1-10T13-49-36,1515588576865,0.86341465,-0.07317073,0.4854369,0.86341465
2018-1-10T13-49-36,1515588576866,0.85365856,-0.06341463,0.4563107,0.85365856
2018-1-10T13-49-36,1515588576867,0.87317073,-0.07317073,0.4563107,0.87317073
2018-1-10T13-49-36,1515588576868,0.86341465,-0.053658538,0.44660193,0.86341465
2018-1-10T13-49-36,1515588576869,0.84390247,-0.043902438,0.4368932,0.84390247
2018-1-10T13-49-36,1515588576870,0.85365856,-0.034146342,0.42718446,0.85365856
2018-1-10T13-49-36,1515588576871,0.87317073,-0.024390243,0.4368932,0.87317073
2018-1-10T13-49-36,1515588576872,0.84390247,-0.024390243,0.4368932,0.84390247
2018-1-10T13-49-36,1515588576873,0.85365856,-0.004878049,0.4368932,0.85365856
2018-1-10T13-49-36,1515588576874,0.82439023,0.053658538,0.41747573,0.82439023
2018-1-10T13-49-36,1515588576875,0.81463414,-0.004878049,0.37864077,0.81463414
2018-1-10T13-49-36,1515588576876,0.81463414,0.004878049,0.4368932,0.81463414
2018-1-10T13-49-36,1515588576877,0.8341463,0.014634146,0.4563107,0.8341463
2018-1-10T13-49-36,1515588576878,0.85365856,-0.014634146,0.4563107,0.85365856
2018-1-10T13-49-36,1515588576879,0.8341463,-0.004878049,0.44660193,0.8341463
2018-1-10T13-49-36,1515588576880,0.9317073,-0.034146342,0.4368932,0.9317073
2018-1-10T13-49-36,1515588576881,0.87317073,-0.014634146,0.4368932,0.87317073
2018-1-10T13-49-36,1515588576882,0.84390247,-0.014634146,0.39805827,0.84390247
2018-1-10T13-49-36,1515588576883,0.8341463,-0.024390243,0.42718446,0.8341463
2018-1-10T13-49-36,1515588576884,0.82439023,-0.024390243,0.44660193,0.82439023
2018-1-10T13-49-36,1515588576885,0.82439023,-0.024390243,0.5048544,0.82439023
2018-1-10T13-49-36,1515588576886,0.85365856,-0.024390243,0.4368932,0.85365856
2018-1-10T13-49-36,1515588576887,0.86341465,-0.014634146,0.44660193,0.86341465
2018-1-10T13-49-36,1515588576888,0.86341465,0.024390243,0.4368932,0.86341465
2018-1-10T13-49-36,1515588576889,0.85365856,-0.004878049,0.41747573,0.85365856
2018-1-10T13-49-36,1515588576890,0.85365856,-0.004878049,0.4563107,0.85365856
2018-1-10T13-49-36,1515588576891,0.84390247,-0.014634146,0.4563107,0.84390247
2018-1-10T13-49-36,1515588576892,0.81463414,-0.053658538,0.44660193,0.81463414
2018-1-10T13-49-36,1515588576893,0.82439023,-0.07317073,0.44660193,0.82439023
2018-1-10T13-49-36,1515588576894,0.8341463,-0.07317073,0.4368932,0.8341463
2018-1-10T13-49-36,1515588576895,0.902439,-0.06341463,0.42718446,0.902439
2018-1-10T13-49-36,1515588576896,0.84390247,-0.043902438,0.41747573,0.84390247
2018-1-10T13-49-36,1515588576897,0.84390247,-0.034146342,0.36893204,0.84390247
2018-1-10T13-49-36,1515588576898,0.84390247,-0.014634146,0.42718446,0.84390247
2018-1-10T13-49-36,1515588576899,0.84390247,0.024390243,0.4368932,0.84390247
2018-1-10T13-49-36,1515588576900,0.8341463,-0.004878049,0.44660193,0.8341463
2018-1-10T13-49-36,1515588576901,0.86341465,0.024390243,0.4563107,0.86341465
2018-1-10T13-49-36,1515588576902,0.86341465,-0.004878049,0.44660193,0.86341465
2018-1-10T13-49-36,1515588576903,0.82439023,0.014634146,0.47572815,0.82439023
2018-1-10T13-49-36,1515588576904,0.8829268,-0.004878049,0.46601942,0.8829268
2018-1-10T13-49-36,1515588576905,0.85365856,-0.034146342,0.44660193,0.85365856
2018-1-10T13-49-36,1515588576906,0.84390247,-0.034146342,0.4368932,0.84390247
2018-1-10T13-49-36,1515588576907,0.85365856,0.004878049,0.47572815,0.85365856
2018-1-10T13-49-36,1515588576908,0.84390247,-0.034146342,0.46601942,0.84390247
2018-1-10T13-49-36,1515588576909,0.84390247,-0.034146342,0.41747573,0.84390247
2018-1-10T13-49-36,1515588576910,0.84390247,-0.004878049,0.42718446,0.84390247
2018-1-10T13-49-36,1515588576911,0.85365856,-0.014634146,0.47572815,0.85365856
2018-1-10T13-49-36,1515588576912,0.85365856,-0.004878049,0.42718446,0.85365856
2018-1-10T13-49-36,1515588576913,0.8341463,0.11219512,0.41747573,0.8341463
2018-1-10T13-49-36,1515588576914,0.81463414,0.014634146,0.42718446,0.81463414
2018-1-10T13-49-36,1515588576915,0.86341465,0.014634146,0.4563107,0.86341465
2018-1-10T13-49-36,1515588576916,0.84390247,0.004878049,0.44660193,0.84390247
2018-1-10T13-49-36,1515588576917,0.84390247,-0.004878049,0.41747573,0.84390247
2018-1-10T13-49-36,1515588576918,0.84390247,-0.014634146,0.4563107,0.84390247
2018-1-10T13-49-36,1515588576919,0.86341465,-0.034146342,0.4854369,0.86341465
2018-1-10T13-49-36,1515588576920,0.92195123,-0.043902438,0.44660193,0.92195123
2018-1-10T13-49-36,1515588576921,0.8341463,-0.043902438,0.39805827,0.8341463
2018-1-10T13-49-36,1515588576922,0.81463414,-0.053658538,0.407767,0.81463414
2018-1-10T13-49-36,1515588576923,0.80487806,-0.06341463,0.4563107,0.80487806
2018-1-10T13-49-36,1515588576924,0.77560973,-0.014634146,0.44660193,0.77560973
2018-1-10T13-49-36,1515588576925,0.82439023,-0.09268293,0.42718446,0.82439023
2018-1-10T13-49-36,1515588576926,0.86341465,-0.034146342,0.44660193,0.86341465
2018-1-10T13-49-36,1515588576927,0.87317073,-0.043902438,0.46601942,0.87317073
2018-1-10T13-49-36,1515588576928,0.8829268,-0.004878049,0.4563107,0.8829268
2018-1-10T13-49-36,1515588576929,0.86341465,0.043902438,0.4368932,0.86341465
2018-1-10T13-49-36,1515588576930,0.86341465,0.043902438,0.4368932,0.86341465
2018-1-10T13-49-36,1515588576931,0.84390247,-0.004878049,0.46601942,0.84390247
2018-1-10T13-49-36,1515588576932,0.8341463,0.004878049,0.4563107,0.8341463
2018-1-10T13-49-36,1515588576933,0.85365856,-0.014634146,0.47572815,0.85365856
2018-1-10T13-49-36,1515588576934,0.86341465,-0.014634146,0.41747573,0.86341465
2018-1-10T13-49-36,1515588576935,0.87317073,0.014634146,0.41747573,0.87317073
2018-1-10T13-49-36,1515588576936,0.85365856,-0.004878049,0.42718446,0.85365856
2018-1-10T13-49-36,1515588576937,0.87317073,-0.024390243,0.4563107,0.87317073
2018-1-10T13-49-36,1515588576938,0.8341463,-0.024390243,0.44660193,0.8341463
2018-1-10T13-49-36,1515588576939,0.82439023,0.36585367,0.407767,0.82439023
2018-1-10T13-49-36,1515588576940,0.79512197,-0.024390243,0.4368932,0.79512197
2018-1-10T13-49-36,1515588576941,0.82439023,-0.014634146,0.44660193,0.82439023
2018-1-10T13-49-36,1515588576942,0.8341463,-0.024390243,0.4368932,0.8341463
2018-1-10T13-49-36,1515588576943,0.8829268,0.004878049,0.44660193,0.8829268
2018-1-10T13-49-36,1515588576944,0.87317073,-0.004878049,0.4563107,0.87317073
2018-1-10T13-49-36,1515588576945,0.84390247,0.014634146,0.4368932,0.84390247
2018-1-10T13-49-36,1515588576946,0.85365856,0.043902438,0.42718446,0.85365856
2018-1-10T13-49-36,1515588576947,0.85365856,-0.004878049,0.4563107,0.85365856
2018-1-10T13-49-36,1515588576948,0.82439023,-0.014634146,0.47572815,0.82439023
2018-1-10T13-49-36,1515588576949,0.8341463,-0.034146342,0.44660193,0.8341463
2018-1-10T13-49-36,1515588576950,0.84390247,-0.043902438,0.47572815,0.84390247
2018-1-10T13-49-36,1515588576951,0.8341463,-0.06341463,0.4563107,0.8341463
2018-1-10T13-49-36,1515588576952,0.8341463,-0.06341463,0.46601942,0.8341463
2018-1-10T13-49-36,1515588576953,0.84390247,-0.08292683,0.5339806,0.84390247
2018-1-10T13-49-36,1515588576954,0.84390247,-0.08292683,0.41747573,0.84390247
2018-1-10T13-49-36,1515588576955,0.8341463,-0.053658538,0.42718446,0.8341463
2018-1-10T13-49-36,1515588576956,0.82439023,-0.07317073,0.4854369,0.82439023
2018-1-10T13-49-36,1515588576957,0.84390247,-0.053658538,0.46601942,0.84390247
2018-1-10T13-49-36,1515588576958,0.91219515,-0.034146342,0.44660193,0.91219515
2018-1-10T13-49-36,1515588576959,0.86341465,-0.024390243,0.44660193,0.86341465
2018-1-10T13-49-36,1515588576960,0.87317073,-0.024390243,0.42718446,0.87317073
2018-1-10T13-49-36,1515588576961,0.86341465,-0.004878049,0.4368932,0.86341465
2018-1-10T13-49-36,1515588576962,0.86341465,-0.034146342,0.4368932,0.86341465
2018-1-10T13-49-36,1515588576963,0.8341463,0.014634146,0.42718446,0.8341463
2018-1-10T13-49-36,1515588576964,0.8341463,0.014634146,0.42718446,0.8341463
2018-1-10T13-49-36,1515588576965,0.8341463,0.014634146,0.42718446,0.8341463
2018-1-10T13-49-36,1515588576966,0.8341463,0.004878049,0.4368932,0.8341463
2018-1-10T13-49-36,1515588576967,0.85365856,0.024390243,0.4563107,0.85365856
2018-1-10T13-49-36,1515588576968,0.86341465,-0.004878049,0.46601942,0.86341465
2018-1-10T13-49-36,1515588576969,0.86341465,0.004878049,0.42718446,0.86341465
2018-1-10T13-49-36,1515588576970,0.84390247,0.004878049,0.41747573,0.84390247
2018-1-10T13-49-36,1515588576971,0.84390247,0.004878049,0.42718446,0.84390247
2018-1-10T13-49-36,1515588576972,0.82439023,-0.034146342,0.4368932,0.82439023
2018-1-10T13-49-36,1515588576973,0.81463414,-0.024390243,0.42718446,0.81463414
2018-1-10T13-49-36,1515588576974,0.81463414,-0.024390243,0.44660193,0.81463414
2018-1-10T13-49-36,1515588576975,0.8341463,-0.043902438,0.46601942,0.8341463
2018-1-10T13-49-36,1515588576976,0.85365856,-0.043902438,0.46601942,0.85365856
2018-1-10T13-49-36,1515588576977,0.87317073,-0.024390243,0.46601942,0.87317073
2018-1-10T13-49-36,1515588576978,0.8926829,0.043902438,0.41747573,0.8926829
2018-1-10T13-49-36,1515588576979,0.91219515,-0.014634146,0.42718446,0.91219515
2018-1-10T13-49-36,1515588576980,0.86341465,0.024390243,0.44660193,0.86341465
2018-1-10T13-49-36,1515588576981,0.86341465,-0.024390243,0.46601942,0.86341465
2018-1-10T13-49-36,1515588576982,0.85365856,-0.034146342,0.47572815,0.85365856
2018-1-10T13-49-36,1515588576983,0.85365856,-0.043902438,0.4563107,0.85365856
2018-1-10T13-49-36,1515588576984,0.86341465,-0.08292683,0.44660193,0.86341465
2018-1-10T13-49-36,1515588576985,0.86341465,-0.053658538,0.42718446,0.86341465
2018-1-10T13-49-36,1515588576986,0.85365856,-0.043902438,0.44660193,0.85365856
2018-1-10T13-49-36,1515588576987,0.82439023,-0.06341463,0.5145631,0.82439023
2018-1-10T13-49-36,1515588576988,0.81463414,-0.053658538,0.4368932,0.81463414
2018-1-10T13-49-36,1515588576989,0.80487806,-0.053658538,0.42718446,0.80487806
2018-1-10T13-49-36,1515588576990,0.80487806,0.014634146,0.41747573,0.80487806
2018-1-10T13-49-36,1515588576991,0.80487806,-0.024390243,0.42718446,0.80487806
2018-1-10T13-49-36,1515588576992,0.84390247,-0.004878049,0.407767,0.84390247
2018-1-10T13-49-36,1515588576993,0.8341463,-0.014634146,0.44660193,0.8341463
2018-1-10T13-49-36,1515588576994,0.87317073,-0.014634146,0.44660193,0.87317073
2018-1-10T13-49-36,1515588576995,0.86341465,0.024390243,0.4368932,0.86341465
2018-1-10T13-49-36,1515588576996,0.85365856,0.004878049,0.44660193,0.85365856
2018-1-10T13-49-36,1515588576997,0.86341465,0.004878049,0.44660193,0.86341465
2018-1-10T13-49-36,1515588576998,0.85365856,0.004878049,0.4368932,0.85365856
2018-1-10T13-49-36,1515588576999,0.85365856,-0.004878049,0.44660193,0.85365856
2018-1-10T13-49-37,1515588577000,0.85365856,-0.014634146,0.4368932,0.85365856
2018-1-10T13-49-37,1515588577001,0.85365856,-0.024390243,0.4563107,0.85365856
2018-1-10T13-49-37,1515588577002,0.85365856,-0.024390243,0.44660193,0.85365856
2018-1-10T13-49-37,1515588577003,0.84390247,-0.034146342,0.4368932,0.84390247
2018-1-10T13-49-37,1515588577004,0.8341463,-0.034146342,0.4368932,0.8341463
2018-1-10T13-49-37,1515588577005,0.77560973,-0.024390243,0.4368932,0.77560973
2018-1-10T13-49-37,1515588577006,0.84390247,-0.053658538,0.4563107,0.84390247
2018-1-10T13-49-37,1515588577007,0.82439023,-0.024390243,0.44660193,0.82439023
2018-1-10T13-49-37,1515588577008,0.87317073,-0.034146342,0.44660193,0.87317073
2018-1-10T13-49-37,1515588577009,0.87317073,-0.034146342,0.42718446,0.87317073
2018-1-10T13-49-37,1515588577010,0.86341465,-0.024390243,0.4368932,0.86341465
2018-1-10T13-49-37,1515588577011,0.84390247,-0.034146342,0.4563107,0.84390247
2018-1-10T13-49-37,1515588577012,0.81463414,-0.034146342,0.44660193,0.81463414
2018-1-10T13-49-37,1515588577013,0.85365856,-0.024390243,0.44660193,0.85365856
2018-1-10T13-49-37,1515588577014,0.8341463,-0.034146342,0.44660193,0.8341463
2018-1-10T13-49-37,1515588577015,0.85365856,-0.034146342,0.4563107,0.85365856
2018-1-10T13-49-37,1515588577016,0.86341465,-0.034146342,0.44660193,0.86341465
2018-1-10T13-49-37,1515588577017,0.85365856,-0.014634146,0.42718446,0.85365856
2018-1-10T13-49-37,1515588577018,0.86341465,0.004878049,0.42718446,0.86341465
2018-1-10T13-49-37,1515588577019,0.82439023,0.014634146,0.42718446,0.82439023
2018-1-10T13-49-37,1515588577020,0.8341463,-0.004878049,0.4854369,0.8341463
2018-1-10T13-49-37,1515588577021,0.82439023,-0.014634146,0.47572815,0.82439023
2018-1-10T13-49-37,1515588577022,0.85365856,0.004878049,0.44660193,0.85365856
2018-1-10T13-49-37,1515588577023,0.87317073,0.004878049,0.42718446,0.87317073
2018-1-10T13-49-37,1515588577024,0.84390247,0.004878049,0.49514562,0.84390247
2018-1-10T13-49-37,1515588577025,0.86341465,-0.024390243,0.46601942,0.86341465
2018-1-10T13-49-37,1515588577026,0.84390247,-0.034146342,0.4563107,0.84390247
2018-1-10T13-49-37,1515588577027,0.82439023,-0.053658538,0.44660193,0.82439023
2018-1-10T13-49-37,1515588577028,0.82439023,-0.043902438,0.4368932,0.82439023
2018-1-10T13-49-37,1515588577029,0.82439023,-0.06341463,0.44660193,0.82439023
2018-1-10T13-49-37,1515588577030,0.84390247,-0.034146342,0.4368932,0.84390247
2018-1-10T13-49-37,1515588577031,0.85365856,-0.043902438,0.4563107,0.85365856
2018-1-10T13-49-37,1515588577032,0.87317073,-0.034146342,0.46601942,0.87317073
2018-1-10T13-49-37,1515588577033,0.8926829,-0.014634146,0.4563107,0.8926829
2018-1-10T13-49-37,1515588577034,0.87317073,-0.024390243,0.4368932,0.87317073
2018-1-10T13-49-37,1515588577035,0.8829268,-0.014634146,0.4368932,0.8829268
2018-1-10T13-49-37,1515588577036,0.8341463,-0.004878049,0.44660193,0.8341463
2018-1-10T13-49-37,1515588577037,0.85365856,-0.014634146,0.44660193,0.85365856
2018-1-10T13-49-37,1515588577038,0.8341463,-0.004878049,0.4368932,0.8341463
2018-1-10T13-49-37,1515588577039,0.82439023,0.014634146,0.407767,0.82439023
2018-1-10T13-49-37,1515588577040,0.8341463,0.014634146,0.42718446,0.8341463
2018-1-10T13-49-37,1515588577041,0.8341463,-0.014634146,0.46601942,0.8341463
2018-1-10T13-49-37,1515588577042,0.84390247,-0.043902438,0.4563107,0.84390247
2018-1-10T13-49-37,1515588577043,0.85365856,-0.06341463,0.407767,0.85365856
2018-1-10T13-49-37,1515588577044,0.82439023,-0.043902438,0.4368932,0.82439023
2018-1-10T13-49-37,1515588577045,0.8341463,-0.06341463,0.4854369,0.8341463
2018-1-10T13-49-37,1515588577046,0.8341463,-0.07317073,0.47572815,0.8341463
2018-1-10T13-49-37,1515588577047,0.86341465,-0.024390243,0.41747573,0.86341465
2018-1-10T13-49-37,1515588577048,0.84390247,-0.014634146,0.407767,0.84390247
2018-1-10T13-49-37,1515588577049,0.85365856,0.004878049,0.44660193,0.85365856
2018-1-10T13-49-37,1515588577050,0.84390247,0.014634146,0.4563107,0.84390247
2018-1-10T13-49-37,1515588577051,0.85365856,-0.014634146,0.4854369,0.85365856
2018-1-10T13-49-37,1515588577052,0.87317073,-0.004878049,0.44660193,0.87317073
2018-1-10T13-49-37,1515588577053,0.86341465,0.004878049,0.41747573,0.86341465
2018-1-10T13-49-37,1515588577054,0.86341465,0.053658538,0.4563107,0.86341465
2018-1-10T13-49-37,1515588577055,0.84390247,-0.004878049,0.4563107,0.84390247
2018-1-10T13-49-37,1515588577056,0.84390247,-0.024390243,0.4563107,0.84390247
2018-1-10T13-49-37,1515588577057,0.85365856,-0.034146342,0.4563107,0.85365856
2018-1-10T13-49-37,1515588577058,0.82439023,-0.043902438,0.44660193,0.82439023
2018-1-10T13-49-37,1515588577059,0.84390247,-0.043902438,0.4563107,0.84390247
2018-1-10T13-49-37,1515588577060,0.85365856,-0.043902438,0.4854369,0.85365856
2018-1-10T13-49-37,1515588577061,0.85365856,-0.043902438,0.46601942,0.85365856
2018-1-10T13-49-37,1515588577062,0.86341465,-0.024390243,0.41747573,0.86341465
2018-1-10T13-49-37,1515588577063,0.8341463,-0.024390243,0.42718446,0.8341463
2018-1-10T13-49-37,1515588577064,0.82439023,-0.024390243,0.4563107,0.82439023
2018-1-10T13-49-37,1515588577065,0.8341463,-0.043902438,0.4563107,0.8341463
2018-1-10T13-49-37,1515588577066,0.82439023,-0.034146342,0.49514562,0.82439023
2018-1-10T13-49-37,1515588577067,0.8341463,-0.024390243,0.42718446,0.8341463
2018-1-10T13-49-37,1515588577068,0.84390247,0.004878049,0.44660193,0.84390247
2018-1-10T13-49-37,1515588577069,0.8341463,-0.014634146,0.47572815,0.8341463
2018-1-10T13-49-37,1515588577070,0.85365856,-0.014634146,0.44660193,0.85365856
2018-1-10T13-49-37,1515588577071,0.84390247,-0.004878049,0.49514562,0.84390247
2018-1-10T13-49-37,1515588577072,0.84390247,-0.004878049,0.407767,0.84390247
2018-1-10T13-49-37,1515588577073,0.81463414,-0.004878049,0.37864077,0.81463414
2018-1-10T13-49-37,1515588577074,0.81463414,-0.024390243,0.44660193,0.81463414
2018-1-10T13-49-37,1515588577075,0.85365856,-0.004878049,0.407767,0.85365856
2018-1-10T13-49-37,1515588577076,0.8829268,-0.014634146,0.5048544,0.8829268
2018-1-10T13-49-37,1515588577077,0.902439,-0.14146341,0.4854369,0.902439
2018-1-10T13-49-37,1515588577078,0.9414634,-0.004878049,0.44660193,0.9414634
2018-1-10T13-49-37,1515588577079,0.8829268,0.004878049,0.41747573,0.8829268
2018-1-10T13-49-37,1515588577080,0.8341463,-0.004878049,0.41747573,0.8341463
2018-1-10T13-49-37,1515588577081,0.81463414,-0.014634146,0.44660193,0.81463414
2018-1-10T13-49-37,1515588577082,0.74634147,-0.06341463,0.41747573,0.74634147
2018-1-10T13-49-37,1515588577083,0.77560973,-0.06341463,0.4368932,0.77560973
2018-1-10T13-49-37,1515588577084,0.8341463,-0.07317073,0.4854369,0.8341463
2018-1-10T13-49-37,1515588577085,0.85365856,-0.053658538,0.4563107,0.85365856
2018-1-10T13-49-37,1515588577086,0.87317073,-0.043902438,0.4368932,0.87317073
2018-1-10T13-49-37,1515588577087,0.86341465,-0.014634146,0.42718446,0.86341465
2018-1-10T13-49-37,1515588577088,0.86341465,-0.014634146,0.44660193,0.86341465
2018-1-10T13-49-37,1515588577089,0.85365856,-0.004878049,0.46601942,0.85365856
2018-1-10T13-49-37,1515588577090,0.8341463,-0.024390243,0.4563107,0.8341463
2018-1-10T13-49-37,1515588577091,0.85365856,-0.024390243,0.42718446,0.85365856
2018-1-10T13-49-37,1515588577092,0.84390247,-0.024390243,0.47572815,0.84390247
2018-1-10T13-49-37,1515588577093,0.86341465,-0.07317073,0.4563107,0.86341465
2018-1-10T13-49-37,1515588577094,0.87317073,-0.024390243,0.4368932,0.87317073
2018-1-10T13-49-37,1515588577095,0.82439023,-0.024390243,0.42718446,0.82439023
2018-1-10T13-49-37,1515588577096,0.82439023,-0.024390243,0.42718446,0.82439023
2018-1-10T13-49-37,1515588577097,0.80487806,-0.014634146,0.44660193,0.80487806
2018-1-10T13-49-37,1515588577098,0.79512197,-0.024390243,0.41747573,0.79512197
2018-1-10T13-49-37,1515588577099,0.81463414,-0.034146342,0.41747573,0.81463414
2018-1-10T13-49-37,1515588577100,0.82439023,-0.034146342,0.44660193,0.82439023
2018-1-10T13-49-37,1515588577101,0.86341465,-0.043902438,0.4563107,0.86341465
2018-1-10T13-49-37,1515588577102,0.87317073,-0.004878049,0.407767,0.87317073
2018-1-10T13-49-37,1515588577103,0.87317073,0.004878049,0.4368932,0.87317073
2018-1-10T13-49-37,1515588577104,0.86341465,0.024390243,0.47572815,0.86341465
2018-1-10T13-49-37,1515588577105,0.8341463,0.034146342,0.47572815,0.8341463
2018-1-10T13-49-37,1515588577106,0.8829268,0.034146342,0.39805827,0.8829268
2018-1-10T13-49-37,1515588577107,0.8926829,0.024390243,0.4563107,0.8926829
2018-1-10T13-49-37,1515588577108,0.87317073,0.024390243,0.4563107,0.87317073
2018-1-10T13-49-37,1515588577109,0.86341465,-0.014634146,0.4854369,0.86341465
2018-1-10T13-49-37,1515588577110,0.86341465,-0.053658538,0.46601942,0.86341465
2018-1-10T13-49-37,1515588577111,0.82439023,-0.034146342,0.42718446,0.82439023
2018-1-10T13-49-37,1515588577112,0.80487806,-0.06341463,0.4368932,0.80487806
2018-1-10T13-49-37,1515588577113,0.79512197,-0.053658538,0.3883495,0.79512197
2018-1-10T13-49-37,1515588577114,0.7853659,-0.06341463,0.44660193,0.7853659
2018-1-10T13-49-37,1515588577115,0.81463414,-0.043902438,0.42718446,0.81463414
2018-1-10T13-49-37,1515588577116,0.84390247,-0.024390243,0.42718446,0.84390247
2018-1-10T13-49-37,1515588577117,0.8341463,-0.034146342,0.4368932,0.8341463
2018-1-10T13-49-37,1515588577118,0.81463414,-0.043902438,0.4563107,0.81463414
2018-1-10T13-49-37,1515588577119,0.87317073,-0.034146342,0.46601942,0.87317073
2018-1-10T13-49-37,1515588577120,0.85365856,-0.10243902,0.44660193,0.85365856
2018-1-10T13-49-37,1515588577121,0.85365856,-0.024390243,0.41747573,0.85365856
2018-1-10T13-49-37,1515588577122,0.82439023,-0.024390243,0.41747573,0.82439023
2018-1-10T13-49-37,1515588577123,0.82439023,-0.024390243,0.4368932,0.82439023
2018-1-10T13-49-37,1515588577124,0.82439023,-0.024390243,0.4563107,0.82439023
2018-1-10T13-49-37,1515588577125,0.84390247,-0.034146342,0.42718446,0.84390247
2018-1-10T13-49-37,1515588577126,0.85365856,-0.034146342,0.4368932,0.85365856
2018-1-10T13-49-37,1515588577127,0.86341465,-0.004878049,0.47572815,0.86341465
2018-1-10T13-49-37,1515588577128,0.8829268,-0.014634146,0.46601942,0.8829268
2018-1-10T13-49-37,1515588577129,0.87317073,0.004878049,0.42718446,0.87317073
2018-1-10T13-49-37,1515588577130,0.84390247,0.024390243,0.39805827,0.84390247
2018-1-10T13-49-37,1515588577131,0.86341465,0.014634146,0.37864077,0.86341465
2018-1-10T13-49-37,1515588577132,0.8341463,0.004878049,0.46601942,0.8341463
2018-1-10T13-49-37,1515588577133,0.82439023,-0.024390243,0.4368932,0.82439023
2018-1-10T13-49-37,1515588577134,0.8341463,-0.014634146,0.39805827,0.8341463
2018-1-10T13-49-37,1515588577135,0.84390247,-0.004878049,0.4563107,0.84390247
2018-1-10T13-49-37,1515588577136,0.85365856,-0.014634146,0.46601942,0.85365856
2018-1-10T13-49-37,1515588577137,0.8829268,-0.004878049,0.4563107,0.8829268
2018-1-10T13-49-37,1515588577138,0.8341463,-0.08292683,0.4368932,0.8341463
2018-1-10T13-49-37,1515588577139,0.86341465,0.004878049,0.37864077,0.86341465
2018-1-10T13-49-37,1515588577140,0.8829268,0.014634146,0.4854369,0.8829268
2018-1-10T13-49-37,1515588577141,0.8926829,-0.004878049,0.44660193,0.8926829
2018-1-10T13-49-37,1515588577142,0.8829268,-0.024390243,0.4854369,0.8829268
2018-1-10T13-49-37,1515588577143,0.8926829,-0.014634146,0.46601942,0.8926829
2018-1-10T13-49-37,1515588577144,0.87317073,-0.024390243,0.3883495,0.87317073
2018-1-10T13-49-37,1515588577145,0.8341463,0.014634146,0.407767,0.8341463
2018-1-10T13-49-37,1515588577146,0.84390247,-0.034146342,0.4368932,0.84390247
2018-1-10T13-49-37,1515588577147,0.81463414,-0.053658538,0.46601942,0.81463414
2018-1-10T13-49-37,1515588577148,0.79512197,-0.014634146,0.44660193,0.79512197
2018-1-10T13-49-37,1515588577149,0.80487806,-0.07317073,0.41747573,0.80487806
2018-1-10T13-49-37,1515588577150,0.80487806,-0.07317073,0.407767,0.80487806
2018-1-10T13-49-37,1515588577151,0.81463414,-0.09268293,0.4368932,0.81463414
2018-1-10T13-49-37,1515588577152,0.82439023,-0.034146342,0.44660193,0.82439023
2018-1-10T13-49-37,1515588577153,0.81463414,-0.043902438,0.46601942,0.81463414
2018-1-10T13-49-37,1515588577154,0.8341463,-0.043902438,0.42718446,0.8341463
2018-1-10T13-49-37,1515588577155,0.84390247,-0.024390243,0.4368932,0.84390247
2018-1-10T13-49-37,1515588577156,0.85365856,0.004878049,0.42718446,0.85365856
2018-1-10T13-49-37,1515588577157,0.8829268,0.014634146,0.4368932,0.8829268
2018-1-10T13-49-37,1515588577158,0.8829268,0.014634146,0.46601942,0.8829268
2018-1-10T13-49-37,1515588577159,0.87317073,0.014634146,0.4563107,0.87317073
2018-1-10T13-49-37,1515588577160,0.86341465,0.004878049,0.4563107,0.86341465
2018-1-10T13-49-37,1515588577161,0.86341465,-0.07317073,0.44660193,0.86341465
2018-1-10T13-49-37,1515588577162,0.86341465,-0.014634146,0.4563107,0.86341465
2018-1-10T13-49-37,1515588577163,0.8926829,-0.024390243,0.46601942,0.8926829
2018-1-10T13-49-37,1515588577164,0.85365856,-0.024390243,0.46601942,0.85365856
2018-1-10T13-49-37,1515588577165,0.85365856,-0.004878049,0.41747573,0.85365856
2018-1-10T13-49-37,1515588577166,0.84390247,0.004878049,0.3883495,0.84390247
2018-1-10T13-49-37,1515588577167,0.81463414,0.014634146,0.39805827,0.81463414
2018-1-10T13-49-37,1515588577168,0.81463414,0.014634146,0.407767,0.81463414
2018-1-10T13-49-37,1515588577169,0.84390247,-0.043902438,0.47572815,0.84390247
2018-1-10T13-49-37,1515588577170,0.87317073,-0.004878049,0.46601942,0.87317073
2018-1-10T13-49-37,1515588577171,0.8926829,-0.014634146,0.42718446,0.8926829
2018-1-10T13-49-37,1515588577172,0.8926829,0.034146342,0.407767,0.8926829
2018-1-10T13-49-37,1515588577173,0.82439023,-0.004878049,0.44660193,0.82439023
2018-1-10T13-49-37,1515588577174,0.82439023,-0.034146342,0.407767,0.82439023
2018-1-10T13-49-37,1515588577175,0.81463414,-0.053658538,0.46601942,0.81463414
2018-1-10T13-49-37,1515588577176,0.82439023,-0.06341463,0.44660193,0.82439023
2018-1-10T13-49-37,1515588577177,0.7853659,-0.09268293,0.4368932,0.7853659
2018-1-10T13-49-37,1515588577178,0.8341463,-0.07317073,0.4368932,0.8341463
2018-1-10T13-49-37,1515588577179,0.84390247,-0.07317073,0.4563107,0.84390247
2018-1-10T13-49-37,1515588577180,0.85365856,-0.07317073,0.47572815,0.85365856
2018-1-10T13-49-37,1515588577181,0.84390247,-0.043902438,0.4563107,0.84390247
2018-1-10T13-49-37,1515588577182,0.85365856,-0.034146342,0.44660193,0.85365856
2018-1-10T13-49-37,1515588577183,0.85365856,-0.014634146,0.47572815,0.85365856
2018-1-10T13-49-37,1515588577184,0.8341463,0.004878049,0.4563107,0.8341463
2018-1-10T13-49-37,1515588577185,0.86341465,-0.014634146,0.44660193,0.86341465
2018-1-10T13-49-37,1515588577186,0.87317073,-0.024390243,0.41747573,0.87317073
2018-1-10T13-49-37,1515588577187,0.86341465,-0.024390243,0.44660193,0.86341465
2018-1-10T13-49-37,1515588577188,0.86341465,-0.024390243,0.4368932,0.86341465
2018-1-10T13-49-37,1515588577189,0.84390247,-0.034146342,0.41747573,0.84390247
2018-1-10T13-49-37,1515588577190,0.82439023,0.024390243,0.42718446,0.82439023
2018-1-10T13-49-37,1515588577191,0.8341463,0.014634146,0.46601942,0.8341463
2018-1-10T13-49-37,1515588577192,0.8341463,-0.004878049,0.42718446,0.8341463
2018-1-10T13-49-37,1515588577193,0.8926829,0.004878049,0.41747573,0.8926829
2018-1-10T13-49-37,1515588577194,0.85365856,0.014634146,0.4368932,0.85365856
2018-1-10T13-49-37,1515588577195,0.86341465,0.004878049,0.47572815,0.86341465
2018-1-10T13-49-37,1515588577196,0.85365856,0.004878049,0.4368932,0.85365856
2018-1-10T13-49-37,1515588577197,0.80487806,0.014634146,0.407767,0.80487806
2018-1-10T13-49-37,1515588577198,0.8341463,0.014634146,0.407767,0.8341463
2018-1-10T13-49-37,1515588577199,0.84390247,-0.024390243,0.44660193,0.84390247
2018-1-10T13-49-37,1515588577200,0.84390247,0.014634146,0.4368932,0.84390247
2018-1-10T13-49-37,1515588577201,0.84390247,-0.034146342,0.42718446,0.84390247
2018-1-10T13-49-37,1515588577202,0.85365856,-0.034146342,0.42718446,0.85365856
2018-1-10T13-49-37,1515588577203,0.84390247,-0.034146342,0.4854369,0.84390247
2018-1-10T13-49-37,1515588577204,0.85365856,-0.034146342,0.47572815,0.85365856
2018-1-10T13-49-37,1515588577205,0.92195123,-0.043902438,0.44660193,0.92195123
2018-1-10T13-49-37,1515588577206,0.8926829,-0.034146342,0.4368932,0.8926829
2018-1-10T13-49-37,1515588577207,0.86341465,-0.024390243,0.44660193,0.86341465
2018-1-10T13-49-37,1515588577208,0.85365856,-0.043902438,0.47572815,0.85365856
2018-1-10T13-49-37,1515588577209,0.84390247,-0.06341463,0.44660193,0.84390247
2018-1-10T13-49-37,1515588577210,0.82439023,-0.06341463,0.42718446,0.82439023
2018-1-10T13-49-37,1515588577211,0.81463414,-0.07317073,0.41747573,0.81463414
2018-1-10T13-49-37,1515588577212,0.80487806,-0.06341463,0.42718446,0.80487806
2018-1-10T13-49-37,1515588577213,0.81463414,-0.053658538,0.4368932,0.81463414
2018-1-10T13-49-37,1515588577214,0.8341463,-0.034146342,0.4563107,0.8341463
2018-1-10T13-49-37,1515588577215,0.86341465,-0.014634146,0.4563107,0.86341465
2018-1-10T13-49-37,1515588577216,0.85365856,-0.004878049,0.4368932,0.85365856
2018-1-10T13-49-37,1515588577217,0.9317073,-0.014634146,0.44660193,0.9317073
2018-1-10T13-49-37,1515588577218,0.87317073,0.004878049,0.4563107,0.87317073
2018-1-10T13-49-37,1515588577219,0.86341465,-0.034146342,0.4563107,0.86341465
2018-1-10T13-49-37,1515588577220,0.86341465,-0.014634146,0.4368932,0.86341465
2018-1-10T13-49-37,1515588577221,0.85365856,-0.004878049,0.4368932,0.85365856
2018-1-10T13-49-37,1515588577222,0.8341463,-0.004878049,0.42718446,0.8341463
2018-1-10T13-49-37,1515588577223,0.85365856,-0.004878049,0.42718446,0.85365856
2018-1-10T13-49-37,1515588577224,0.84390247,0.014634146,0.42718446,0.84390247
2018-1-10T13-49-37,1515588577225,0.82439023,-0.004878049,0.41747573,0.82439023
2018-1-10T13-49-37,1515588577226,0.85365856,0.004878049,0.42718446,0.85365856
2018-1-10T13-49-37,1515588577227,0.84390247,-0.014634146,0.4563107,0.84390247
2018-1-10T13-49-37,1515588577228,0.86341465,-0.024390243,0.44660193,0.86341465
2018-1-10T13-49-37,1515588577229,0.85365856,-0.034146342,0.46601942,0.85365856
2018-1-10T13-49-37,1515588577230,0.8829268,-0.13170731,0.49514562,0.8829268
2018-1-10T13-49-37,1515588577231,0.8829268,-0.043902438,0.47572815,0.8829268
2018-1-10T13-49-37,1515588577232,0.8829268,-0.034146342,0.44660193,0.8829268
2018-1-10T13-49-37,1515588577233,0.87317073,0.043902438,0.42718446,0.87317073
2018-1-10T13-49-37,1515588577234,0.85365856,-0.043902438,0.41747573,0.85365856
2018-1-10T13-49-37,1515588577235,0.75609756,-0.043902438,0.4563107,0.75609756
2018-1-10T13-49-37,1515588577236,0.80487806,-0.053658538,0.42718446,0.80487806
2018-1-10T13-49-37,1515588577237,0.80487806,-0.053658538,0.41747573,0.80487806
2018-1-10T13-49-37,1515588577238,0.80487806,-0.043902438,0.44660193,0.80487806
2018-1-10T13-49-37,1515588577239,0.84390247,0.07317073,0.4368932,0.84390247
2018-1-10T13-49-37,1515588577240,0.84390247,-0.004878049,0.4368932,0.84390247
2018-1-10T13-49-37,1515588577241,0.84390247,-0.004878049,0.44660193,0.84390247
2018-1-10T13-49-37,1515588577242,0.84390247,-0.004878049,0.4563107,0.84390247
2018-1-10T13-49-37,1515588577243,0.45365855,-0.014634146,0.46601942,0.45365855
2018-1-10T13-49-37,1515588577244,0.85365856,-0.024390243,0.4368932,0.85365856
2018-1-10T13-49-37,1515588577245,0.84390247,-0.004878049,0.42718446,0.84390247
2018-1-10T13-49-37,1515588577246,0.8341463,-0.014634146,0.407767,0.8341463
2018-1-10T13-49-37,1515588577247,0.8341463,-0.004878049,0.44660193,0.8341463
2018-1-10T13-49-37,1515588577248,0.85365856,-0.014634146,0.42718446,0.85365856
2018-1-10T13-49-37,1515588577249,0.85365856,-0.004878049,0.44660193,0.85365856
2018-1-10T13-49-37,1515588577250,0.81463414,-0.004878049,0.41747573,0.81463414
2018-1-10T13-49-37,1515588577251,0.6878049,0.004878049,0.4368932,0.6878049
2018-1-10T13-49-37,1515588577252,0.87317073,-0.004878049,0.47572815,0.87317073
2018-1-10T13-49-37,1515588577253,0.87317073,0.024390243,0.5631068,0.87317073
2018-1-10T13-49-37,1515588577254,0.8341463,-0.004878049,0.41747573,0.8341463
2018-1-10T13-49-37,1515588577255,0.84390247,-0.014634146,0.4368932,0.84390247
2018-1-10T13-49-37,1515588577256,0.86341465,-0.06341463,0.46601942,0.86341465
2018-1-10T13-49-37,1515588577257,0.84390247,-0.024390243,0.46601942,0.84390247
2018-1-10T13-49-37,1515588577258,0.82439023,-0.034146342,0.407767,0.82439023
2018-1-10T13-49-37,1515588577259,0.82439023,-0.043902438,0.37864077,0.82439023
2018-1-10T13-49-37,1515588577260,0.81463414,-0.053658538,0.41747573,0.81463414
2018-1-10T13-49-37,1515588577261,0.82439023,-0.06341463,0.47572815,0.82439023
2018-1-10T13-49-37,1515588577262,0.84390247,-0.08292683,0.4854369,0.84390247
2018-1-10T13-49-37,1515588577263,0.85365856,-0.014634146,0.4368932,0.85365856
2018-1-10T13-49-37,1515588577264,0.8926829,-0.014634146,0.41747573,0.8926829
2018-1-10T13-49-37,1515588577265,0.8829268,0.004878049,0.5145631,0.8829268
2018-1-10T13-49-37,1515588577266,0.8829268,-0.024390243,0.52427185,0.8829268
2018-1-10T13-49-37,1515588577267,0.86341465,-0.004878049,0.44660193,0.86341465
2018-1-10T13-49-37,1515588577268,0.84390247,-0.004878049,0.42718446,0.84390247
2018-1-10T13-49-37,1515588577269,0.85365856,-0.024390243,0.41747573,0.85365856
2018-1-10T13-49-37,1515588577270,0.80487806,-0.034146342,0.44660193,0.80487806
2018-1-10T13-49-37,1515588577271,0.81463414,-0.06341463,0.4563107,0.81463414
2018-1-10T13-49-37,1515588577272,0.82439023,-0.034146342,0.407767,0.82439023
2018-1-10T13-49-37,1515588577273,0.82439023,0.004878049,0.39805827,0.82439023
2018-1-10T13-49-37,1515588577274,0.8341463,0.004878049,0.42718446,0.8341463
2018-1-10T13-49-37,1515588577275,0.8341463,0.014634146,0.46601942,0.8341463
2018-1-10T13-49-37,1515588577276,0.84390247,0.014634146,0.4368932,0.84390247
2018-1-10T13-49-37,1515588577277,0.87317073,0.004878049,0.4368932,0.87317073
2018-1-10T13-49-37,1515588577278,0.86341465,0.014634146,0.44660193,0.86341465
2018-1-10T13-49-37,1515588577279,0.85365856,0.004878049,0.4563107,0.85365856
2018-1-10T13-49-37,1515588577280,0.84390247,0.014634146,0.4368932,0.84390247
2018-1-10T13-49-37,1515588577281,0.85365856,0.014634146,0.4563107,0.85365856
2018-1-10T13-49-37,1515588577282,0.80487806,0.09268293,0.44660193,0.80487806
2018-1-10T13-49-37,1515588577283,0.86341465,-0.034146342,0.4368932,0.86341465
2018-1-10T13-49-37,1515588577284,0.85365856,-0.034146342,0.4368932,0.85365856
2018-1-10T13-49-37,1515588577285,0.85365856,-0.024390243,0.44660193,0.85365856
2018-1-10T13-49-37,1515588577286,0.87317073,-0.034146342,0.46601942,0.87317073
2018-1-10T13-49-37,1515588577287,0.8829268,-0.043902438,0.47572815,0.8829268
2018-1-10T13-49-37,1515588577288,0.86341465,-0.024390243,0.4368932,0.86341465
2018-1-10T13-49-37,1515588577289,0.80487806,-0.034146342,0.42718446,0.80487806
2018-1-10T13-49-37,1515588577290,0.80487806,-0.034146342,0.4563107,0.80487806
2018-1-10T13-49-37,1515588577291,0.85365856,-0.034146342,0.47572815,0.85365856
2018-1-10T13-49-37,1515588577292,0.8341463,-0.034146342,0.44660193,0.8341463
2018-1-10T13-49-37,1515588577293,0.85365856,-0.06341463,0.42718446,0.85365856
2018-1-10T13-49-37,1515588577294,0.85365856,-0.034146342,0.41747573,0.85365856
2018-1-10T13-49-37,1515588577295,0.8341463,-0.06341463,0.4563107,0.8341463
2018-1-10T13-49-37,1515588577296,0.84390247,-0.07317073,0.46601942,0.84390247
2018-1-10T13-49-37,1515588577297,0.81463414,0.043902438,0.4368932,0.81463414
2018-1-10T13-49-37,1515588577298,0.8341463,0.004878049,0.41747573,0.8341463
2018-1-10T13-49-37,1515588577299,0.85365856,-0.004878049,0.4563107,0.85365856
2018-1-10T13-49-37,1515588577300,0.8341463,0.034146342,0.44660193,0.8341463
2018-1-10T13-49-37,1515588577301,0.86341465,-0.024390243,0.44660193,0.86341465
2018-1-10T13-49-37,1515588577302,0.87317073,-0.004878049,0.47572815,0.87317073
2018-1-10T13-49-37,1515588577303,0.84390247,-0.053658538,0.4854369,0.84390247
2018-1-10T13-49-37,1515588577304,0.84390247,-0.014634146,0.4368932,0.84390247
2018-1-10T13-49-37,1515588577305,0.82439023,-0.014634146,0.42718446,0.82439023
2018-1-10T13-49-37,1515588577306,0.82439023,-0.024390243,0.4854369,0.82439023
2018-1-10T13-49-37,1515588577307,0.85365856,-0.043902438,0.4854369,0.85365856
2018-1-10T13-49-37,1515588577308,0.82439023,-0.043902438,0.44660193,0.82439023
2018-1-10T13-49-37,1515588577309,0.87317073,-0.043902438,0.407767,0.87317073
2018-1-10T13-49-37,1515588577310,0.87317073,-0.014634146,0.4368932,0.87317073
2018-1-10T13-49-37,1515588577311,0.84390247,-0.014634146,0.47572815,0.84390247
2018-1-10T13-49-37,1515588577312,0.8341463,0.004878049,0.44660193,0.8341463
2018-1-10T13-49-37,1515588577313,0.82439023,0.004878049,0.42718446,0.82439023
2018-1-10T13-49-37,1515588577314,0.82439023,0.004878049,0.4368932,0.82439023
2018-1-10T13-49-37,1515588577315,0.87317073,-0.053658538,0.44660193,0.87317073
2018-1-10T13-49-37,1515588577316,0.85365856,0.014634146,0.44660193,0.85365856
2018-1-10T13-49-37,1515588577317,0.86341465,0.004878049,0.4368932,0.86341465
2018-1-10T13-49-37,1515588577318,0.87317073,-0.024390243,0.46601942,0.87317073
2018-1-10T13-49-37,1515588577319,0.82439023,0.024390243,0.44660193,0.82439023
2018-1-10T13-49-37,1515588577320,0.82439023,-0.08292683,0.4368932,0.82439023
2018-1-10T13-49-37,1515588577321,0.76585364,-0.06341463,0.49514562,0.76585364
2018-1-10T13-49-37,1515588577322,0.80487806,-0.043902438,0.5048544,0.80487806
2018-1-10T13-49-37,1515588577323,0.8341463,-0.043902438,0.42718446,0.8341463
2018-1-10T13-49-37,1515588577324,0.76585364,-0.024390243,0.42718446,0.76585364
2018-1-10T13-49-37,1515588577325,0.82439023,-0.014634146,0.4563107,0.82439023
2018-1-10T13-49-37,1515588577326,0.85365856,-0.034146342,0.46601942,0.85365856
2018-1-10T13-49-37,1515588577327,0.85365856,-0.043902438,0.4563107,0.85365856
2018-1-10T13-49-37,1515588577328,0.85365856,-0.014634146,0.4368932,0.85365856
2018-1-10T13-49-37,1515588577329,0.8341463,-0.024390243,0.4563107,0.8341463
2018-1-10T13-49-37,1515588577330,0.84390247,-0.024390243,0.44660193,0.84390247
2018-1-10T13-49-37,1515588577331,0.84390247,0.043902438,0.4368932,0.84390247
2018-1-10T13-49-37,1515588577332,0.84390247,-0.024390243,0.4563107,0.84390247
2018-1-10T13-49-37,1515588577333,0.87317073,-0.024390243,0.44660193,0.87317073
2018-1-10T13-49-37,1515588577334,0.84390247,-0.024390243,0.44660193,0.84390247
2018-1-10T13-49-37,1515588577335,0.80487806,-0.024390243,0.42718446,0.80487806
2018-1-10T13-49-37,1515588577336,0.8341463,-0.014634146,0.41747573,0.8341463
2018-1-10T13-49-37,1515588577337,0.82439023,-0.024390243,0.4563107,0.82439023
2018-1-10T13-49-37,1515588577338,0.8341463,-0.024390243,0.3592233,0.8341463
2018-1-10T13-49-37,1515588577339,0.81463414,-0.014634146,0.42718446,0.81463414
2018-1-10T13-49-37,1515588577340,0.85365856,-0.024390243,0.44660193,0.85365856
2018-1-10T13-49-37,1515588577341,0.85365856,-0.024390243,0.46601942,0.85365856
2018-1-10T13-49-37,1515588577342,0.85365856,-0.024390243,0.4563107,0.85365856
2018-1-10T13-49-37,1515588577343,0.87317073,-0.014634146,0.4563107,0.87317073
2018-1-10T13-49-37,1515588577344,0.87317073,-0.024390243,0.4563107,0.87317073
2018-1-10T13-49-37,1515588577345,0.86341465,-0.024390243,0.44660193,0.86341465
2018-1-10T13-49-37,1515588577346,0.86341465,-0.014634146,0.42718446,0.86341465
2018-1-10T13-49-37,1515588577347,0.8341463,-0.034146342,0.4368932,0.8341463
2018-1-10T13-49-37,1515588577348,0.81463414,0.004878049,0.4368932,0.81463414
2018-1-10T13-49-37,1515588577349,0.80487806,-0.024390243,0.52427185,0.80487806
2018-1-10T13-49-37,1515588577350,0.8926829,-0.043902438,0.46601942,0.8926829
2018-1-10T13-49-37,1515588577351,0.86341465,-0.043902438,0.46601942,0.86341465
2018-1-10T13-49-37,1515588577352,0.86341465,-0.024390243,0.42718446,0.86341465
2018-1-10T13-49-37,1515588577353,0.86341465,-0.043902438,0.44660193,0.86341465
2018-1-10T13-49-37,1515588577354,0.86341465,-0.004878049,0.4563107,0.86341465
2018-1-10T13-49-37,1515588577355,0.82439023,-0.024390243,0.41747573,0.82439023
2018-1-10T13-49-37,1515588577356,0.81463414,-0.014634146,0.407767,0.81463414
2018-1-10T13-49-37,1515588577357,0.80487806,-0.014634146,0.407767,0.80487806
2018-1-10T13-49-37,1515588577358,0.80487806,-0.034146342,0.4368932,0.80487806
2018-1-10T13-49-37,1515588577359,0.8341463,-0.043902438,0.44660193,0.8341463
2018-1-10T13-49-37,1515588577360,0.8341463,-0.024390243,0.47572815,0.8341463
2018-1-10T13-49-37,1515588577361,0.8926829,-0.014634146,0.44660193,0.8926829
2018-1-10T13-49-37,1515588577362,0.8829268,0.004878049,0.4563107,0.8829268
2018-1-10T13-49-37,1515588577363,0.8926829,-0.014634146,0.47572815,0.8926829
2018-1-10T13-49-37,1515588577364,0.86341465,-0.014634146,0.4854369,0.86341465
2018-1-10T13-49-37,1515588577365,0.86341465,-0.014634146,0.4563107,0.86341465
2018-1-10T13-49-37,1515588577366,0.86341465,-0.043902438,0.52427185,0.86341465
2018-1-10T13-49-37,1515588577367,0.86341465,-0.053658538,0.44660193,0.86341465
2018-1-10T13-49-37,1515588577368,0.8341463,-0.043902438,0.41747573,0.8341463
2018-1-10T13-49-37,1515588577369,0.82439023,-0.053658538,0.42718446,0.82439023
2018-1-10T13-49-37,1515588577370,0.81463414,-0.043902438,0.46601942,0.81463414
2018-1-10T13-49-37,1515588577371,0.8341463,-0.034146342,0.4368932,0.8341463
2018-1-10T13-49-37,1515588577372,0.8341463,0.004878049,0.39805827,0.8341463
2018-1-10T13-49-37,1515588577373,0.85365856,0.043902438,0.407767,0.85365856
2018-1-10T13-49-37,1515588577374,0.85365856,0.024390243,0.46601942,0.85365856
2018-1-10T13-49-37,1515588577375,0.86341465,0.024390243,0.46601942,0.86341465
2018-1-10T13-49-37,1515588577376,0.8341463,0.014634146,0.42718446,0.8341463
2018-1-10T13-49-37,1515588577377,0.85365856,0.004878049,0.42718446,0.85365856
2018-1-10T13-49-37,1515588577378,0.85365856,-0.004878049,0.46601942,0.85365856
2018-1-10T13-49-37,1515588577379,0.8341463,0.004878049,0.4854369,0.8341463
2018-1-10T13-49-37,1515588577380,0.84390247,-0.06341463,0.4368932,0.84390247
2018-1-10T13-49-37,1515588577381,0.82439023,-0.08292683,0.3592233,0.82439023
2018-1-10T13-49-37,1515588577382,0.82439023,-0.07317073,0.4563107,0.82439023
2018-1-10T13-49-37,1515588577383,0.84390247,-0.08292683,0.47572815,0.84390247
2018-1-10T13-49-37,1515588577384,0.8341463,-0.07317073,0.47572815,0.8341463
2018-1-10T13-49-37,1515588577385,0.85365856,-0.053658538,0.4563107,0.85365856
2018-1-10T13-49-37,1515588577386,0.902439,-0.043902438,0.47572815,0.902439
2018-1-10T13-49-37,1515588577387,0.8926829,-0.043902438,0.4563107,0.8926829
2018-1-10T13-49-37,1515588577388,0.8829268,-0.024390243,0.44660193,0.8829268
2018-1-10T13-49-37,1515588577389,0.86341465,-0.014634146,0.42718446,0.86341465
2018-1-10T13-49-37,1515588577390,0.85365856,-0.014634146,0.47572815,0.85365856
2018-1-10T13-49-37,1515588577391,0.8341463,-0.014634146,0.4563107,0.8341463
2018-1-10T13-49-37,1515588577392,0.82439023,-0.014634146,0.42718446,0.82439023
2018-1-10T13-49-37,1515588577393,0.82439023,0.004878049,0.3883495,0.82439023
2018-1-10T13-49-37,1515588577394,0.81463414,0.034146342,0.39805827,0.81463414
2018-1-10T13-49-37,1515588577395,0.79512197,0.004878049,0.4368932,0.79512197
2018-1-10T13-49-37,1515588577396,0.81463414,0.004878049,0.46601942,0.81463414
2018-1-10T13-49-37,1515588577397,0.7853659,0.024390243,0.4563107,0.7853659
2018-1-10T13-49-37,1515588577398,0.85365856,0.004878049,0.39805827,0.85365856
2018-1-10T13-49-37,1515588577399,0.85365856,-0.004878049,0.39805827,0.85365856
2018-1-10T13-49-37,1515588577400,0.82439023,-0.09268293,0.47572815,0.82439023
2018-1-10T13-49-37,1515588577401,0.8341463,-0.034146342,0.47572815,0.8341463
2018-1-10T13-49-37,1515588577402,0.8341463,-0.014634146,0.4368932,0.8341463
2018-1-10T13-49-37,1515588577403,0.85365856,-0.10243902,0.407767,0.85365856
2018-1-10T13-49-37,1515588577404,0.84390247,-0.004878049,0.42718446,0.84390247
2018-1-10T13-49-37,1515588577405,0.85365856,-0.004878049,0.4563107,0.85365856
2018-1-10T13-49-37,1515588577406,0.8926829,0.014634146,0.4563107,0.8926829
2018-1-10T13-49-37,1515588577407,0.8829268,0.004878049,0.44660193,0.8829268
2018-1-10T13-49-37,1515588577408,0.8926829,0.004878049,0.44660193,0.8926829
2018-1-10T13-49-37,1515588577409,0.8829268,-0.024390243,0.4368932,0.8829268
2018-1-10T13-49-37,1515588577410,0.84390247,-0.024390243,0.4368932,0.84390247
2018-1-10T13-49-37,1515588577411,0.84390247,-0.024390243,0.4854369,0.84390247
2018-1-10T13-49-37,1515588577412,0.84390247,-0.043902438,0.46601942,0.84390247
2018-1-10T13-49-37,1515588577413,0.86341465,-0.034146342,0.4368932,0.86341465
2018-1-10T13-49-37,1515588577414,0.84390247,-0.043902438,0.39805827,0.84390247
2018-1-10T13-49-37,1515588577415,0.82439023,-0.024390243,0.42718446,0.82439023
2018-1-10T13-49-37,1515588577416,0.8341463,-0.004878049,0.44660193,0.8341463
2018-1-10T13-49-37,1515588577417,0.82439023,-0.034146342,0.46601942,0.82439023
2018-1-10T13-49-37,1515588577418,0.7853659,-0.024390243,0.3883495,0.7853659
2018-1-10T13-49-37,1515588577419,0.80487806,-0.024390243,0.42718446,0.80487806
2018-1-10T13-49-37,1515588577420,0.84390247,-0.053658538,0.46601942,0.84390247
2018-1-10T13-49-37,1515588577421,0.80487806,-0.06341463,0.46601942,0.80487806
2018-1-10T13-49-37,1515588577422,0.85365856,-0.043902438,0.41747573,0.85365856
2018-1-10T13-49-37,1515588577423,0.902439,-0.024390243,0.44660193,0.902439
2018-1-10T13-49-37,1515588577424,0.84390247,-0.024390243,0.46601942,0.84390247
2018-1-10T13-49-37,1515588577425,0.86341465,-0.014634146,0.42718446,0.86341465
2018-1-10T13-49-37,1515588577426,0.81463414,0.004878049,0.42718446,0.81463414
2018-1-10T13-49-37,1515588577427,0.8341463,-0.014634146,0.4563107,0.8341463
2018-1-10T13-49-37,1515588577428,0.86341465,-0.004878049,0.4854369,0.86341465
2018-1-10T13-49-37,1515588577429,0.86341465,-0.014634146,0.47572815,0.86341465
2018-1-10T13-49-37,1515588577430,0.8829268,0.014634146,0.41747573,0.8829268
2018-1-10T13-49-37,1515588577431,0.8926829,0.004878049,0.42718446,0.8926829
2018-1-10T13-49-37,1515588577432,0.87317073,-0.024390243,0.46601942,0.87317073
2018-1-10T13-49-37,1515588577433,0.8341463,0.004878049,0.4563107,0.8341463
2018-1-10T13-49-37,1515588577434,0.81463414,0.004878049,0.42718446,0.81463414
2018-1-10T13-49-37,1515588577435,0.87317073,0.014634146,0.3883495,0.87317073
2018-1-10T13-49-37,1515588577436,0.80487806,0.024390243,0.41747573,0.80487806
2018-1-10T13-49-37,1515588577437,0.81463414,-0.004878049,0.46601942,0.81463414
2018-1-10T13-49-37,1515588577438,0.81463414,-0.024390243,0.49514562,0.81463414
2018-1-10T13-49-37,1515588577439,0.86341465,-0.06341463,0.44660193,0.86341465
2018-1-10T13-49-37,1515588577440,0.87317073,-0.034146342,0.41747573,0.87317073
2018-1-10T13-49-37,1515588577441,0.85365856,-0.034146342,0.39805827,0.85365856
2018-1-10T13-49-37,1515588577442,0.82439023,-0.053658538,0.47572815,0.82439023
2018-1-10T13-49-37,1515588577443,0.84390247,-0.043902438,0.44660193,0.84390247
2018-1-10T13-49-37,1515588577444,0.80487806,-0.053658538,0.4368932,0.80487806
2018-1-10T13-49-37,1515588577445,0.8341463,-0.053658538,0.4368932,0.8341463
2018-1-10T13-49-37,1515588577446,0.82439023,-0.053658538,0.47572815,0.82439023
2018-1-10T13-49-37,1515588577447,0.85365856,-0.043902438,0.47572815,0.85365856
2018-1-10T13-49-37,1515588577448,0.8926829,-0.014634146,0.4368932,0.8926829
2018-1-10T13-49-37,1515588577449,0.84390247,-0.004878049,0.4368932,0.84390247
2018-1-10T13-49-37,1515588577450,0.86341465,0.014634146,0.41747573,0.86341465
2018-1-10T13-49-37,1515588577451,0.84390247,0.024390243,0.44660193,0.84390247
2018-1-10T13-49-37,1515588577452,0.8341463,0.014634146,0.4854369,0.8341463
2018-1-10T13-49-37,1515588577453,0.84390247,-0.053658538,0.4368932,0.84390247
2018-1-10T13-49-37,1515588577454,0.8341463,0.034146342,0.3883495,0.8341463
2018-1-10T13-49-37,1515588577455,0.8341463,-0.034146342,0.4563107,0.8341463
2018-1-10T13-49-37,1515588577456,0.87317073,-0.043902438,0.49514562,0.87317073
2018-1-10T13-49-37,1515588577457,0.84390247,-0.053658538,0.42718446,0.84390247
2018-1-10T13-49-37,1515588577458,0.84390247,-0.024390243,0.44660193,0.84390247
2018-1-10T13-49-37,1515588577459,0.8829268,-0.004878049,0.4563107,0.8829268
2018-1-10T13-49-37,1515588577460,0.8341463,-0.034146342,0.4854369,0.8341463
2018-1-10T13-49-37,1515588577461,0.85365856,-0.014634146,0.42718446,0.85365856
2018-1-10T13-49-37,1515588577462,0.902439,-0.004878049,0.407767,0.902439
2018-1-10T13-49-37,1515588577463,0.84390247,-0.024390243,0.44660193,0.84390247
2018-1-10T13-49-37,1515588577464,0.84390247,-0.07317073,0.4368932,0.84390247
2018-1-10T13-49-37,1515588577465,0.8341463,-0.034146342,0.4368932,0.8341463
2018-1-10T13-49-37,1515588577466,0.80487806,-0.053658538,0.407767,0.80487806
2018-1-10T13-49-37,1515588577467,0.81463414,-0.024390243,0.42718446,0.81463414
2018-1-10T13-49-37,1515588577468,0.80487806,-0.014634146,0.42718446,0.80487806
2018-1-10T13-49-37,1515588577469,0.8341463,-0.014634146,0.47572815,0.8341463
2018-1-10T13-49-37,1515588577470,0.8829268,-0.024390243,0.5048544,0.8829268
2018-1-10T13-49-37,1515588577471,0.9317073,-0.014634146,0.46601942,0.9317073
2018-1-10T13-49-37,1515588577472,1.0487804,-0.004878049,0.4563107,1.0487804
2018-1-10T13-49-37,1515588577473,0.902439,0.014634146,0.47572815,0.902439
2018-1-10T13-49-37,1515588577474,0.8341463,-0.014634146,0.47572815,0.8341463
2018-1-10T13-49-37,1515588577475,0.82439023,0.06341463,0.407767,0.82439023
2018-1-10T13-49-37,1515588577476,0.7853659,-0.043902438,0.36893204,0.7853659
2018-1-10T13-49-37,1515588577477,0.75609756,-0.06341463,0.3883495,0.75609756
2018-1-10T13-49-37,1515588577478,0.74634147,-0.07317073,0.4368932,0.74634147
2018-1-10T13-49-37,1515588577479,0.82439023,-0.09268293,0.49514562,0.82439023
2018-1-10T13-49-37,1515588577480,0.85365856,-0.024390243,0.4368932,0.85365856
2018-1-10T13-49-37,1515588577481,0.8926829,-0.004878049,0.42718446,0.8926829
2018-1-10T13-49-37,1515588577482,0.8829268,0.004878049,0.42718446,0.8829268
2018-1-10T13-49-37,1515588577483,0.84390247,0.043902438,0.4563107,0.84390247
2018-1-10T13-49-37,1515588577484,0.84390247,0.024390243,0.4563107,0.84390247
2018-1-10T13-49-37,1515588577485,0.87317073,0.004878049,0.4563107,0.87317073
2018-1-10T13-49-37,1515588577486,0.84390247,-0.014634146,0.4368932,0.84390247
2018-1-10T13-49-37,1515588577487,0.87317073,-0.024390243,0.4368932,0.87317073
2018-1-10T13-49-37,1515588577488,0.86341465,-0.014634146,0.4563107,0.86341465
2018-1-10T13-49-37,1515588577489,0.87317073,-0.004878049,0.4563107,0.87317073
2018-1-10T13-49-37,1515588577490,0.87317073,-0.014634146,0.4368932,0.87317073
2018-1-10T13-49-37,1515588577491,0.87317073,0.024390243,0.47572815,0.87317073
2018-1-10T13-49-37,1515588577492,0.87317073,-0.014634146,0.49514562,0.87317073
2018-1-10T13-49-37,1515588577493,0.8829268,-0.014634146,0.47572815,0.8829268
2018-1-10T13-49-37,1515588577494,0.87317073,-0.034146342,0.41747573,0.87317073
2018-1-10T13-49-37,1515588577495,0.85365856,-0.004878049,0.39805827,0.85365856
2018-1-10T13-49-37,1515588577496,0.82439023,-0.024390243,0.44660193,0.82439023
2018-1-10T13-49-37,1515588577497,0.81463414,-0.053658538,0.4368932,0.81463414
2018-1-10T13-49-37,1515588577498,0.80487806,-0.053658538,0.39805827,0.80487806
2018-1-10T13-49-37,1515588577499,0.69756097,-0.053658538,0.3592233,0.69756097
2018-1-10T13-49-37,1515588577500,0.77560973,-0.043902438,0.37864077,0.77560973
2018-1-10T13-49-37,1515588577501,0.75609756,-0.043902438,0.36893204,0.75609756
2018-1-10T13-49-37,1515588577502,0.79512197,-0.034146342,0.46601942,0.79512197
2018-1-10T13-49-37,1515588577503,0.87317073,-0.014634146,0.46601942,0.87317073
2018-1-10T13-49-37,1515588577504,0.91219515,-0.053658538,0.46601942,0.91219515
2018-1-10T13-49-37,1515588577505,0.92195123,0.014634146,0.4563107,0.92195123
2018-1-10T13-49-37,1515588577506,0.92195123,0.004878049,0.4854369,0.92195123
2018-1-10T13-49-37,1515588577507,0.87317073,-0.014634146,0.49514562,0.87317073
2018-1-10T13-49-37,1515588577508,0.8926829,-0.053658538,0.49514562,0.8926829
2018-1-10T13-49-37,1515588577509,0.84390247,-0.08292683,0.4368932,0.84390247
2018-1-10T13-49-37,1515588577510,0.86341465,-0.10243902,0.407767,0.86341465
2018-1-10T13-49-37,1515588577511,0.82439023,-0.07317073,0.407767,0.82439023
2018-1-10T13-49-37,1515588577512,0.80487806,-0.06341463,0.44660193,0.80487806
2018-1-10T13-49-37,1515588577513,0.82439023,-0.004878049,0.4563107,0.82439023
2018-1-10T13-49-37,1515588577514,0.81463414,-0.004878049,0.3883495,0.81463414
2018-1-10T13-49-37,1515588577515,0.80487806,0.014634146,0.407767,0.80487806
2018-1-10T13-49-37,1515588577516,0.86341465,0.034146342,0.4563107,0.86341465
2018-1-10T13-49-37,1515588577517,0.8829268,0.06341463,0.5048544,0.8829268
2018-1-10T13-49-37,1515588577518,0.8926829,0.014634146,0.4563107,0.8926829
2018-1-10T13-49-37,1515588577519,0.902439,0.034146342,0.41747573,0.902439
2018-1-10T13-49-37,1515588577520,0.87317073,0.024390243,0.42718446,0.87317073
2018-1-10T13-49-37,1515588577521,0.86341465,-0.004878049,0.4368932,0.86341465
2018-1-10T13-49-37,1515588577522,0.82439023,0.004878049,0.4563107,0.82439023
2018-1-10T13-49-37,1515588577523,0.81463414,0.034146342,0.4368932,0.81463414
2018-1-10T13-49-37,1515588577524,0.82439023,-0.043902438,0.37864077,0.82439023
2018-1-10T13-49-37,1515588577525,0.8829268,-0.053658538,0.4368932,0.8829268
2018-1-10T13-49-37,1515588577526,0.84390247,-0.053658538,0.44660193,0.84390247
2018-1-10T13-49-37,1515588577527,0.85365856,-0.053658538,0.5048544,0.85365856
2018-1-10T13-49-37,1515588577528,0.8829268,-0.053658538,0.49514562,0.8829268
2018-1-10T13-49-37,1515588577529,0.87317073,-0.06341463,0.41747573,0.87317073
2018-1-10T13-49-37,1515588577530,0.85365856,-0.014634146,0.407767,0.85365856
2018-1-10T13-49-37,1515588577531,0.82439023,-0.034146342,0.42718446,0.82439023
2018-1-10T13-49-37,1515588577532,0.75609756,-0.034146342,0.4563107,0.75609756
2018-1-10T13-49-37,1515588577533,0.79512197,-0.043902438,0.41747573,0.79512197
2018-1-10T13-49-37,1515588577534,0.82439023,-0.034146342,0.42718446,0.82439023
2018-1-10T13-49-37,1515588577535,0.86341465,-0.043902438,0.41747573,0.86341465
2018-1-10T13-49-37,1515588577536,0.86341465,-0.043902438,0.46601942,0.86341465
2018-1-10T13-49-37,1515588577537,0.902439,-0.014634146,0.4368932,0.902439
2018-1-10T13-49-37,1515588577538,0.8829268,-0.004878049,0.4368932,0.8829268
2018-1-10T13-49-37,1515588577539,0.86341465,-0.004878049,0.46601942,0.86341465
2018-1-10T13-49-37,1515588577540,0.85365856,-0.014634146,0.4563107,0.85365856
2018-1-10T13-49-37,1515588577541,0.76585364,-0.043902438,0.4563107,0.76585364
2018-1-10T13-49-37,1515588577542,0.85365856,-0.043902438,0.44660193,0.85365856
2018-1-10T13-49-37,1515588577543,0.82439023,-0.053658538,0.39805827,0.82439023
2018-1-10T13-49-37,1515588577544,0.79512197,-0.024390243,0.5048544,0.79512197
2018-1-10T13-49-37,1515588577545,0.79512197,-0.043902438,0.42718446,0.79512197
2018-1-10T13-49-37,1515588577546,0.79512197,-0.034146342,0.4368932,0.79512197
2018-1-10T13-49-37,1515588577547,0.81463414,0.004878049,0.4368932,0.81463414
2018-1-10T13-49-37,1515588577548,0.85365856,0.024390243,0.46601942,0.85365856
2018-1-10T13-49-37,1515588577549,0.8926829,-0.024390243,0.49514562,0.8926829
2018-1-10T13-49-37,1515588577550,0.92195123,-0.004878049,0.44660193,0.92195123
2018-1-10T13-49-37,1515588577551,0.91219515,0.034146342,0.42718446,0.91219515
2018-1-10T13-49-37,1515588577552,0.8829268,0.024390243,0.4368932,0.8829268
2018-1-10T13-49-37,1515588577553,0.84390247,0.053658538,0.46601942,0.84390247
2018-1-10T13-49-37,1515588577554,0.8341463,-0.024390243,0.49514562,0.8341463
2018-1-10T13-49-37,1515588577555,0.84390247,-0.004878049,0.4563107,0.84390247
2018-1-10T13-49-37,1515588577556,0.84390247,-0.034146342,0.41747573,0.84390247
2018-1-10T13-49-37,1515588577557,0.85365856,-0.043902438,0.407767,0.85365856
2018-1-10T13-49-37,1515588577558,0.8341463,-0.053658538,0.4368932,0.8341463
2018-1-10T13-49-37,1515588577559,0.85365856,-0.053658538,0.49514562,0.85365856
2018-1-10T13-49-37,1515588577560,0.85365856,-0.043902438,0.42718446,0.85365856
2018-1-10T13-49-37,1515588577561,0.8341463,-0.024390243,0.4368932,0.8341463
2018-1-10T13-49-37,1515588577562,0.80487806,-0.024390243,0.46601942,0.80487806
2018-1-10T13-49-37,1515588577563,0.84390247,-0.043902438,0.46601942,0.84390247
2018-1-10T13-49-37,1515588577564,0.8341463,-0.034146342,0.44660193,0.8341463
2018-1-10T13-49-37,1515588577565,0.86341465,-0.014634146,0.3883495,0.86341465
2018-1-10T13-49-37,1515588577566,0.86341465,-0.014634146,0.36893204,0.86341465
2018-1-10T13-49-37,1515588577567,0.81463414,-0.024390243,0.44660193,0.81463414
2018-1-10T13-49-37,1515588577568,0.80487806,-0.024390243,0.4854369,0.80487806
2018-1-10T13-49-37,1515588577569,0.82439023,-0.043902438,0.46601942,0.82439023
2018-1-10T13-49-37,1515588577570,0.84390247,-0.06341463,0.42718446,0.84390247
2018-1-10T13-49-37,1515588577571,0.87317073,-0.014634146,0.42718446,0.87317073
2018-1-10T13-49-37,1515588577572,0.902439,-0.014634146,0.4854369,0.902439
2018-1-10T13-49-37,1515588577573,0.8926829,-0.014634146,0.47572815,0.8926829
2018-1-10T13-49-37,1515588577574,0.87317073,0.004878049,0.46601942,0.87317073
2018-1-10T13-49-37,1515588577575,0.8926829,-0.014634146,0.4563107,0.8926829
2018-1-10T13-49-37,1515588577576,0.86341465,-0.024390243,0.44660193,0.86341465
2018-1-10T13-49-37,1515588577577,0.8341463,-0.004878049,0.41747573,0.8341463
2018-1-10T13-49-37,1515588577578,0.85365856,-0.004878049,0.44660193,0.85365856
2018-1-10T13-49-37,1515588577579,0.86341465,-0.004878049,0.46601942,0.86341465
2018-1-10T13-49-37,1515588577580,0.8926829,-0.004878049,0.41747573,0.8926829
2018-1-10T13-49-37,1515588577581,0.8341463,0.004878049,0.37864077,0.8341463
2018-1-10T13-49-37,1515588577582,0.82439023,-0.004878049,0.4368932,0.82439023
2018-1-10T13-49-37,1515588577583,0.82439023,-0.014634146,0.4368932,0.82439023
2018-1-10T13-49-37,1515588577584,0.8341463,-0.014634146,0.41747573,0.8341463
2018-1-10T13-49-37,1515588577585,0.81463414,-0.034146342,0.42718446,0.81463414
2018-1-10T13-49-37,1515588577586,0.87317073,-0.034146342,0.4563107,0.87317073
2018-1-10T13-49-37,1515588577587,0.8341463,-0.053658538,0.4563107,0.8341463
2018-1-10T13-49-37,1515588577588,0.85365856,-0.07317073,0.44660193,0.85365856
2018-1-10T13-49-37,1515588577589,0.85365856,-0.053658538,0.42718446,0.85365856
2018-1-10T13-49-37,1515588577590,0.86341465,-0.034146342,0.44660193,0.86341465
2018-1-10T13-49-37,1515588577591,0.85365856,-0.024390243,0.4854369,0.85365856
2018-1-10T13-49-37,1515588577592,0.87317073,-0.024390243,0.41747573,0.87317073
2018-1-10T13-49-37,1515588577593,0.84390247,-0.014634146,0.39805827,0.84390247
2018-1-10T13-49-37,1515588577594,0.77560973,-0.014634146,0.407767,0.77560973
2018-1-10T13-49-37,1515588577595,0.8341463,-0.034146342,0.46601942,0.8341463
2018-1-10T13-49-37,1515588577596,0.82439023,-0.043902438,0.4854369,0.82439023
2018-1-10T13-49-37,1515588577597,0.87317073,-0.053658538,0.4563107,0.87317073
2018-1-10T13-49-37,1515588577598,0.85365856,-0.014634146,0.42718446,0.85365856
2018-1-10T13-49-37,1515588577599,0.74634147,-0.034146342,0.4368932,0.74634147
2018-1-10T13-49-37,1515588577600,0.85365856,0.004878049,0.4563107,0.85365856
2018-1-10T13-49-37,1515588577601,0.84390247,0.004878049,0.4368932,0.84390247
2018-1-10T13-49-37,1515588577602,0.82439023,-0.014634146,0.41747573,0.82439023
2018-1-10T13-49-37,1515588577603,0.80487806,-0.024390243,0.39805827,0.80487806
2018-1-10T13-49-37,1515588577604,0.8341463,-0.043902438,0.4854369,0.8341463
2018-1-10T13-49-37,1515588577605,0.86341465,-0.053658538,0.4854369,0.86341465
2018-1-10T13-49-37,1515588577606,0.87317073,-0.004878049,0.41747573,0.87317073
2018-1-10T13-49-37,1515588577607,0.86341465,-0.004878049,0.37864077,0.86341465
2018-1-10T13-49-37,1515588577608,0.80487806,-0.004878049,0.46601942,0.80487806
2018-1-10T13-49-37,1515588577609,0.8341463,-0.004878049,0.4854369,0.8341463
2018-1-10T13-49-37,1515588577610,0.8341463,-0.004878049,0.4368932,0.8341463
2018-1-10T13-49-37,1515588577611,0.8341463,-0.014634146,0.407767,0.8341463
2018-1-10T13-49-37,1515588577612,0.84390247,-0.004878049,0.44660193,0.84390247
2018-1-10T13-49-37,1515588577613,0.84390247,-0.024390243,0.46601942,0.84390247
2018-1-10T13-49-37,1515588577614,0.84390247,-0.004878049,0.47572815,0.84390247
2018-1-10T13-49-37,1515588577615,0.86341465,-0.014634146,0.44660193,0.86341465
2018-1-10T13-49-37,1515588577616,0.8829268,0.043902438,0.4368932,0.8829268
2018-1-10T13-49-37,1515588577617,0.76585364,-0.043902438,0.407767,0.76585364
2018-1-10T13-49-37,1515588577618,0.8341463,-0.043902438,0.407767,0.8341463
2018-1-10T13-49-37,1515588577619,0.81463414,-0.043902438,0.44660193,0.81463414
2018-1-10T13-49-37,1515588577620,0.81463414,-0.08292683,0.47572815,0.81463414
2018-1-10T13-49-37,1515588577621,0.8341463,-0.09268293,0.4563107,0.8341463
2018-1-10T13-49-37,1515588577622,0.87317073,-0.06341463,0.47572815,0.87317073
2018-1-10T13-49-37,1515588577623,0.8829268,-0.034146342,0.49514562,0.8829268
2018-1-10T13-49-37,1515588577624,0.87317073,-0.014634146,0.44660193,0.87317073
2018-1-10T13-49-37,1515588577625,0.902439,0.004878049,0.407767,0.902439
2018-1-10T13-49-37,1515588577626,0.84390247,0.024390243,0.407767,0.84390247
2018-1-10T13-49-37,1515588577627,0.8341463,0.014634146,0.44660193,0.8341463
2018-1-10T13-49-37,1515588577628,0.8341463,-0.004878049,0.41747573,0.8341463
2018-1-10T13-49-37,1515588577629,0.80487806,-0.004878049,0.407767,0.80487806
2018-1-10T13-49-37,1515588577630,0.81463414,-0.014634146,0.44660193,0.81463414
2018-1-10T13-49-37,1515588577631,0.85365856,-0.034146342,0.5145631,0.85365856
2018-1-10T13-49-37,1515588577632,0.86341465,-0.024390243,0.46601942,0.86341465
2018-1-10T13-49-37,1515588577633,0.8926829,0.024390243,0.407767,0.8926829
2018-1-10T13-49-37,1515588577634,0.87317073,0.014634146,0.4368932,0.87317073
2018-1-10T13-49-37,1515588577635,0.8341463,0.014634146,0.4563107,0.8341463
2018-1-10T13-49-37,1515588577636,0.8341463,-0.004878049,0.46601942,0.8341463
2018-1-10T13-49-37,1515588577637,0.82439023,-0.014634146,0.46601942,0.82439023
2018-1-10T13-49-37,1515588577638,0.84390247,-0.06341463,0.4854369,0.84390247
2018-1-10T13-49-37,1515588577639,0.8829268,-0.08292683,0.4563107,0.8829268
2018-1-10T13-49-37,1515588577640,0.84390247,-0.053658538,0.407767,0.84390247
2018-1-10T13-49-37,1515588577641,0.84390247,-0.024390243,0.3883495,0.84390247
2018-1-10T13-49-37,1515588577642,0.81463414,-0.014634146,0.42718446,0.81463414
2018-1-10T13-49-37,1515588577643,0.80487806,-0.034146342,0.44660193,0.80487806
2018-1-10T13-49-37,1515588577644,0.81463414,-0.014634146,0.3883495,0.81463414
2018-1-10T13-49-37,1515588577645,0.82439023,0.004878049,0.39805827,0.82439023
2018-1-10T13-49-37,1515588577646,0.84390247,-0.014634146,0.4563107,0.84390247
2018-1-10T13-49-37,1515588577647,0.87317073,-0.034146342,0.52427185,0.87317073
2018-1-10T13-49-37,1515588577648,0.8926829,-0.11219512,0.5048544,0.8926829
2018-1-10T13-49-37,1515588577649,0.97073174,-0.034146342,0.42718446,0.97073174
2018-1-10T13-49-37,1515588577650,0.87317073,0.004878049,0.4368932,0.87317073
2018-1-10T13-49-37,1515588577651,0.84390247,-0.024390243,0.46601942,0.84390247
2018-1-10T13-49-37,1515588577652,0.79512197,-0.004878049,0.4563107,0.79512197
2018-1-10T13-49-37,1515588577653,0.81463414,-0.014634146,0.4368932,0.81463414
2018-1-10T13-49-37,1515588577654,0.84390247,-0.014634146,0.42718446,0.84390247
2018-1-10T13-49-37,1515588577655,0.85365856,-0.034146342,0.4563107,0.85365856
2018-1-10T13-49-37,1515588577656,0.84390247,-0.024390243,0.47572815,0.84390247
2018-1-10T13-49-37,1515588577657,0.87317073,-0.014634146,0.4563107,0.87317073
2018-1-10T13-49-37,1515588577658,0.86341465,0.004878049,0.4563107,0.86341465
2018-1-10T13-49-37,1515588577659,0.86341465,0.014634146,0.4368932,0.86341465
2018-1-10T13-49-37,1515588577660,0.85365856,0.034146342,0.41747573,0.85365856
2018-1-10T13-49-37,1515588577661,0.82439023,0.014634146,0.4563107,0.82439023
2018-1-10T13-49-37,1515588577662,0.82439023,-0.014634146,0.44660193,0.82439023
2018-1-10T13-49-37,1515588577663,0.85365856,-0.004878049,0.46601942,0.85365856
2018-1-10T13-49-37,1515588577664,0.86341465,-0.06341463,0.4563107,0.86341465
2018-1-10T13-49-37,1515588577665,0.86341465,-0.014634146,0.41747573,0.86341465
2018-1-10T13-49-37,1515588577666,0.82439023,-0.004878049,0.407767,0.82439023
2018-1-10T13-49-37,1515588577667,0.82439023,-0.014634146,0.407767,0.82439023
2018-1-10T13-49-37,1515588577668,0.7853659,-0.014634146,0.42718446,0.7853659
2018-1-10T13-49-37,1515588577669,0.77560973,-0.034146342,0.42718446,0.77560973
2018-1-10T13-49-37,1515588577670,0.79512197,-0.10243902,0.41747573,0.79512197
2018-1-10T13-49-37,1515588577671,0.8926829,-0.08292683,0.4563107,0.8926829
2018-1-10T13-49-37,1515588577672,0.86341465,-0.08292683,0.4563107,0.86341465
2018-1-10T13-49-37,1515588577673,0.8829268,-0.06341463,0.46601942,0.8829268
2018-1-10T13-49-37,1515588577674,0.902439,-0.034146342,0.44660193,0.902439
2018-1-10T13-49-37,1515588577675,0.8926829,-0.014634146,0.49514562,0.8926829
2018-1-10T13-49-37,1515588577676,0.8829268,-0.014634146,0.4854369,0.8829268
2018-1-10T13-49-37,1515588577677,0.8926829,-0.09268293,0.47572815,0.8926829
2018-1-10T13-49-37,1515588577678,0.8926829,0.024390243,0.4854369,0.8926829
2018-1-10T13-49-37,1515588577679,0.902439,-0.024390243,0.44660193,0.902439
2018-1-10T13-49-37,1515588577680,0.86341465,0.004878049,0.3883495,0.86341465
2018-1-10T13-49-37,1515588577681,0.81463414,-0.034146342,0.407767,0.81463414
2018-1-10T13-49-37,1515588577682,0.7853659,-0.043902438,0.41747573,0.7853659
2018-1-10T13-49-37,1515588577683,0.7268293,-0.06341463,0.37864077,0.7268293
2018-1-10T13-49-37,1515588577684,0.7268293,-0.053658538,0.39805827,0.7268293
2018-1-10T13-49-37,1515588577685,0.77560973,-0.034146342,0.4854369,0.77560973
2018-1-10T13-49-37,1515588577686,0.75609756,-0.06341463,0.47572815,0.75609756
2018-1-10T13-49-37,1515588577687,0.8829268,-0.014634146,0.3883495,0.8829268
2018-1-10T13-49-37,1515588577688,0.87317073,0.024390243,0.7669903,0.87317073
2018-1-10T13-49-37,1515588577689,0.8829268,0.024390243,0.5145631,0.8829268
2018-1-10T13-49-37,1515588577690,0.8829268,0.034146342,0.49514562,0.8829268
2018-1-10T13-49-37,1515588577691,0.8829268,0.043902438,0.41747573,0.8829268
2018-1-10T13-49-37,1515588577692,0.87317073,0.053658538,0.41747573,0.87317073
2018-1-10T13-49-37,1515588577693,0.87317073,0.024390243,0.47572815,0.87317073
2018-1-10T13-49-37,1515588577694,0.87317073,0.014634146,0.4368932,0.87317073
2018-1-10T13-49-37,1515588577695,0.85365856,0.004878049,0.41747573,0.85365856
2018-1-10T13-49-37,1515588577696,0.86341465,-0.014634146,0.41747573,0.86341465
2018-1-10T13-49-37,1515588577697,0.8926829,-0.043902438,0.47572815,0.8926829
2018-1-10T13-49-37,1515588577698,0.81463414,-0.07317073,0.44660193,0.81463414
2018-1-10T13-49-37,1515588577699,0.79512197,-0.06341463,0.44660193,0.79512197
2018-1-10T13-49-37,1515588577700,0.81463414,-0.08292683,0.46601942,0.81463414
2018-1-10T13-49-37,1515588577701,0.84390247,-0.08292683,0.4563107,0.84390247
2018-1-10T13-49-37,1515588577702,0.82439023,-0.07317073,0.41747573,0.82439023
2018-1-10T13-49-37,1515588577703,0.84390247,-0.043902438,0.407767,0.84390247
2018-1-10T13-49-37,1515588577704,0.81463414,-0.034146342,0.3883495,0.81463414
2018-1-10T13-49-37,1515588577705,0.77560973,-0.024390243,0.39805827,0.77560973
2018-1-10T13-49-37,1515588577706,0.79512197,-0.004878049,0.4368932,0.79512197
2018-1-10T13-49-37,1515588577707,0.8341463,-0.034146342,0.4563107,0.8341463
2018-1-10T13-49-37,1515588577708,0.85365856,-0.024390243,0.4563107,0.85365856
2018-1-10T13-49-37,1515588577709,0.91219515,-0.014634146,0.4563107,0.91219515
2018-1-10T13-49-37,1515588577710,0.9317073,-0.014634146,0.4854369,0.9317073
2018-1-10T13-49-37,1515588577711,0.9317073,-0.004878049,0.5145631,0.9317073
2018-1-10T13-49-37,1515588577712,0.9317073,0.004878049,0.5048544,0.9317073
2018-1-10T13-49-37,1515588577713,0.902439,0.004878049,0.4368932,0.902439
2018-1-10T13-49-37,1515588577714,0.85365856,0.014634146,0.37864077,0.85365856
2018-1-10T13-49-37,1515588577715,0.81463414,0.014634146,0.39805827,0.81463414
2018-1-10T13-49-37,1515588577716,0.76585364,0.004878049,0.4563107,0.76585364
2018-1-10T13-49-37,1515588577717,0.76585364,-0.053658538,0.4368932,0.76585364
2018-1-10T13-49-37,1515588577718,0.76585364,-0.043902438,0.407767,0.76585364
2018-1-10T13-49-37,1515588577719,0.81463414,-0.043902438,0.407767,0.81463414
2018-1-10T13-49-37,1515588577720,0.8341463,-0.034146342,0.4563107,0.8341463
2018-1-10T13-49-37,1515588577721,0.84390247,-0.024390243,0.4854369,0.84390247
2018-1-10T13-49-37,1515588577722,0.8829268,-0.024390243,0.4563107,0.8829268
2018-1-10T13-49-37,1515588577723,0.86341465,-0.014634146,0.42718446,0.86341465
2018-1-10T13-49-37,1515588577724,0.87317073,0.004878049,0.4563107,0.87317073
2018-1-10T13-49-37,1515588577725,0.8926829,-0.004878049,0.4854369,0.8926829
2018-1-10T13-49-37,1515588577726,0.8829268,-0.004878049,0.49514562,0.8829268
2018-1-10T13-49-37,1515588577727,0.8926829,-0.014634146,0.4368932,0.8926829
2018-1-10T13-49-37,1515588577728,0.8829268,0.004878049,0.3883495,0.8829268
2018-1-10T13-49-37,1515588577729,0.85365856,0.014634146,0.42718446,0.85365856
2018-1-10T13-49-37,1515588577730,0.86341465,-0.014634146,0.4854369,0.86341465
2018-1-10T13-49-37,1515588577731,0.85365856,-0.024390243,0.46601942,0.85365856
2018-1-10T13-49-37,1515588577732,0.79512197,-0.004878049,0.41747573,0.79512197
2018-1-10T13-49-37,1515588577733,0.84390247,-0.024390243,0.39805827,0.84390247
2018-1-10T13-49-37,1515588577734,0.80487806,-0.053658538,0.4563107,0.80487806
2018-1-10T13-49-37,1515588577735,0.80487806,-0.08292683,0.44660193,0.80487806
2018-1-10T13-49-37,1515588577736,0.80487806,-0.06341463,0.41747573,0.80487806
2018-1-10T13-49-37,1515588577737,0.86341465,-0.053658538,0.3883495,0.86341465
2018-1-10T13-49-37,1515588577738,0.79512197,-0.043902438,0.39805827,0.79512197
2018-1-10T13-49-37,1515588577739,0.82439023,-0.014634146,0.46601942,0.82439023
2018-1-10T13-49-37,1515588577740,0.8341463,-0.024390243,0.4854369,0.8341463
2018-1-10T13-49-37,1515588577741,0.8829268,0.004878049,0.46601942,0.8829268
2018-1-10T13-49-37,1515588577742,0.8926829,-0.024390243,0.4368932,0.8926829
2018-1-10T13-49-37,1515588577743,0.92195123,0.014634146,0.47572815,0.92195123
2018-1-10T13-49-37,1515588577744,0.902439,0.014634146,0.5145631,0.902439
2018-1-10T13-49-37,1515588577745,0.8829268,-0.004878049,0.47572815,0.8829268
2018-1-10T13-49-37,1515588577746,0.85365856,-0.034146342,0.37864077,0.85365856
2018-1-10T13-49-37,1515588577747,0.82439023,-0.034146342,0.3883495,0.82439023
2018-1-10T13-49-37,1515588577748,0.77560973,-0.08292683,0.39805827,0.77560973
2018-1-10T13-49-37,1515588577749,0.77560973,-0.053658538,0.42718446,0.77560973
2018-1-10T13-49-37,1515588577750,0.76585364,-0.043902438,0.4368932,0.76585364
2018-1-10T13-49-37,1515588577751,0.7853659,-0.043902438,0.39805827,0.7853659
2018-1-10T13-49-37,1515588577752,0.81463414,-0.014634146,0.41747573,0.81463414
2018-1-10T13-49-37,1515588577753,0.9317073,-0.014634146,0.46601942,0.9317073
2018-1-10T13-49-37,1515588577754,0.8926829,-0.004878049,0.4563107,0.8926829
2018-1-10T13-49-37,1515588577755,0.8341463,0.014634146,0.4563107,0.8341463
2018-1-10T13-49-37,1515588577756,0.8829268,-0.014634146,0.46601942,0.8829268
2018-1-10T13-49-37,1515588577757,0.86341465,-0.014634146,0.4854369,0.86341465
2018-1-10T13-49-37,1515588577758,0.85365856,-0.053658538,0.46601942,0.85365856
2018-1-10T13-49-37,1515588577759,0.84390247,-0.06341463,0.4368932,0.84390247
2018-1-10T13-49-37,1515588577760,0.84390247,-0.07317073,0.4368932,0.84390247
2018-1-10T13-49-37,1515588577761,0.84390247,-0.07317073,0.44660193,0.84390247
2018-1-10T13-49-37,1515588577762,0.82439023,-0.053658538,0.47572815,0.82439023
2018-1-10T13-49-37,1515588577763,0.8341463,-0.024390243,0.47572815,0.8341463
2018-1-10T13-49-37,1515588577764,0.8829268,0.014634146,0.44660193,0.8829268
2018-1-10T13-49-37,1515588577765,0.8926829,0.014634146,0.46601942,0.8926829
2018-1-10T13-49-37,1515588577766,0.8829268,0.043902438,0.4368932,0.8829268
2018-1-10T13-49-37,1515588577767,0.87317073,0.053658538,0.44660193,0.87317073
2018-1-10T13-49-37,1515588577768,0.86341465,0.034146342,0.46601942,0.86341465
2018-1-10T13-49-37,1515588577769,0.85365856,0.043902438,0.4368932,0.85365856
2018-1-10T13-49-37,1515588577770,0.80487806,0.024390243,0.39805827,0.80487806
2018-1-10T13-49-37,1515588577771,0.7853659,0.004878049,0.3883495,0.7853659
2018-1-10T13-49-37,1515588577772,0.7853659,0.004878049,0.41747573,0.7853659
2018-1-10T13-49-37,1515588577773,0.7853659,-0.034146342,0.4563107,0.7853659
2018-1-10T13-49-37,1515588577774,0.82439023,-0.034146342,0.4368932,0.82439023
2018-1-10T13-49-37,1515588577775,0.82439023,-0.06341463,0.42718446,0.82439023
2018-1-10T13-49-37,1515588577776,0.82439023,-0.06341463,0.42718446,0.82439023
2018-1-10T13-49-37,1515588577777,0.84390247,-0.043902438,0.47572815,0.84390247
2018-1-10T13-49-37,1515588577778,0.86341465,-0.053658538,0.4854369,0.86341465
2018-1-10T13-49-37,1515588577779,0.85365856,-0.053658538,0.4368932,0.85365856
2018-1-10T13-49-37,1515588577780,0.82439023,-0.034146342,0.39805827,0.82439023
2018-1-10T13-49-37,1515588577781,0.8341463,-0.034146342,0.407767,0.8341463
2018-1-10T13-49-37,1515588577782,0.81463414,-0.043902438,0.46601942,0.81463414
2018-1-10T13-49-37,1515588577783,0.84390247,-0.043902438,0.49514562,0.84390247
2018-1-10T13-49-37,1515588577784,0.84390247,-0.053658538,0.4368932,0.84390247
2018-1-10T13-49-37,1515588577785,0.86341465,-0.034146342,0.41747573,0.86341465
2018-1-10T13-49-37,1515588577786,0.87317073,-0.08292683,0.5048544,0.87317073
2018-1-10T13-49-37,1515588577787,0.8926829,0.043902438,0.5145631,0.8926829
2018-1-10T13-49-37,1515588577788,0.902439,-0.034146342,0.4854369,0.902439
2018-1-10T13-49-37,1515588577789,0.87317073,-0.024390243,0.4563107,0.87317073
2018-1-10T13-49-37,1515588577790,0.86341465,-0.024390243,0.4368932,0.86341465
2018-1-10T13-49-37,1515588577791,0.84390247,-0.004878049,0.41747573,0.84390247
2018-1-10T13-49-37,1515588577792,0.77560973,-0.004878049,0.3883495,0.77560973
2018-1-10T13-49-37,1515588577793,0.76585364,-0.034146342,0.39805827,0.76585364
2018-1-10T13-49-37,1515588577794,0.77560973,-0.034146342,0.41747573,0.77560973
2018-1-10T13-49-37,1515588577795,0.79512197,-0.024390243,0.4368932,0.79512197
2018-1-10T13-49-37,1515588577796,0.85365856,-0.043902438,0.44660193,0.85365856
2018-1-10T13-49-37,1515588577797,0.87317073,-0.024390243,0.4563107,0.87317073
2018-1-10T13-49-37,1515588577798,0.9317073,0.024390243,0.46601942,0.9317073
2018-1-10T13-49-37,1515588577799,0.91219515,0.004878049,0.46601942,0.91219515
2018-1-10T13-49-37,1515588577800,0.902439,0.053658538,0.46601942,0.902439
2018-1-10T13-49-37,1515588577801,0.8829268,0.043902438,0.4563107,0.8829268
2018-1-10T13-49-37,1515588577802,0.87317073,0.034146342,0.44660193,0.87317073
2018-1-10T13-49-37,1515588577803,0.85365856,0.014634146,0.4563107,0.85365856
2018-1-10T13-49-37,1515588577804,0.85365856,0.004878049,0.4368932,0.85365856
2018-1-10T13-49-37,1515588577805,0.84390247,-0.024390243,0.41747573,0.84390247
2018-1-10T13-49-37,1515588577806,0.82439023,-0.043902438,0.36893204,0.82439023
2018-1-10T13-49-37,1515588577807,0.81463414,-0.043902438,0.39805827,0.81463414
2018-1-10T13-49-37,1515588577808,0.80487806,-0.06341463,0.5048544,0.80487806
2018-1-10T13-49-37,1515588577809,0.8341463,-0.07317073,0.5145631,0.8341463
2018-1-10T13-49-37,1515588577810,0.82439023,-0.053658538,0.44660193,0.82439023
2018-1-10T13-49-37,1515588577811,0.86341465,-0.053658538,0.3883495,0.86341465
2018-1-10T13-49-37,1515588577812,0.85365856,-0.034146342,0.41747573,0.85365856
2018-1-10T13-49-37,1515588577813,0.82439023,-0.053658538,0.47572815,0.82439023
2018-1-10T13-49-37,1515588577814,0.80487806,-0.07317073,0.4563107,0.80487806
2018-1-10T13-49-37,1515588577815,0.80487806,-0.053658538,0.39805827,0.80487806
2018-1-10T13-49-37,1515588577816,0.8341463,-0.043902438,0.3398058,0.8341463
2018-1-10T13-49-37,1515588577817,0.82439023,-0.034146342,0.47572815,0.82439023
2018-1-10T13-49-37,1515588577818,0.8341463,-0.014634146,0.49514562,0.8341463
2018-1-10T13-49-37,1515588577819,0.87317073,-0.004878049,0.47572815,0.87317073
2018-1-10T13-49-37,1515588577820,0.902439,0.004878049,0.44660193,0.902439
2018-1-10T13-49-37,1515588577821,0.8926829,0.014634146,0.44660193,0.8926829
2018-1-10T13-49-37,1515588577822,0.8926829,0.004878049,0.4854369,0.8926829
2018-1-10T13-49-37,1515588577823,0.86341465,-0.004878049,0.5145631,0.86341465
2018-1-10T13-49-37,1515588577824,0.86341465,-0.034146342,0.47572815,0.86341465
2018-1-10T13-49-37,1515588577825,0.86341465,-0.08292683,0.41747573,0.86341465
2018-1-10T13-49-37,1515588577826,0.84390247,-0.25853658,0.41747573,0.84390247
2018-1-10T13-49-37,1515588577827,0.81463414,-0.024390243,0.407767,0.81463414
2018-1-10T13-49-37,1515588577828,0.79512197,-0.024390243,0.39805827,0.79512197
2018-1-10T13-49-37,1515588577829,0.75609756,-0.014634146,0.407767,0.75609756
2018-1-10T13-49-37,1515588577830,0.79512197,-0.014634146,0.39805827,0.79512197
2018-1-10T13-49-37,1515588577831,0.84390247,-0.024390243,0.46601942,0.84390247
2018-1-10T13-49-37,1515588577832,0.85365856,-0.024390243,0.3883495,0.85365856
2018-1-10T13-49-37,1515588577833,0.8926829,0.004878049,0.4563107,0.8926829
2018-1-10T13-49-37,1515588577834,0.902439,0.024390243,0.42718446,0.902439
2018-1-10T13-49-37,1515588577835,0.8926829,0.024390243,0.407767,0.8926829
2018-1-10T13-49-37,1515588577836,0.8341463,0.024390243,0.49514562,0.8341463
2018-1-10T13-49-37,1515588577837,0.80487806,-0.014634146,0.4368932,0.80487806
2018-1-10T13-49-37,1515588577838,0.80487806,-0.043902438,0.46601942,0.80487806
2018-1-10T13-49-37,1515588577839,0.81463414,-0.043902438,0.44660193,0.81463414
2018-1-10T13-49-37,1515588577840,0.85365856,-0.07317073,0.4563107,0.85365856
2018-1-10T13-49-37,1515588577841,0.86341465,-0.053658538,0.4563107,0.86341465
2018-1-10T13-49-37,1515588577842,0.8926829,-0.024390243,0.47572815,0.8926829
2018-1-10T13-49-37,1515588577843,0.92195123,-0.034146342,0.4854369,0.92195123
2018-1-10T13-49-37,1515588577844,0.87317073,-0.053658538,0.47572815,0.87317073
2018-1-10T13-49-37,1515588577845,0.80487806,-0.053658538,0.46601942,0.80487806
2018-1-10T13-49-37,1515588577846,0.86341465,-0.034146342,0.49514562,0.86341465
2018-1-10T13-49-37,1515588577847,0.85365856,-0.024390243,0.47572815,0.85365856
2018-1-10T13-49-37,1515588577848,0.84390247,-0.034146342,0.41747573,0.84390247
2018-1-10T13-49-37,1515588577849,0.81463414,-0.024390243,0.37864077,0.81463414
2018-1-10T13-49-37,1515588577850,0.80487806,-0.07317073,0.3592233,0.80487806
2018-1-10T13-49-37,1515588577851,0.76585364,-0.024390243,0.39805827,0.76585364
2018-1-10T13-49-37,1515588577852,0.75609756,-0.024390243,0.4563107,0.75609756
2018-1-10T13-49-37,1515588577853,0.8341463,-0.014634146,0.42718446,0.8341463
2018-1-10T13-49-37,1515588577854,0.85365856,0.004878049,0.39805827,0.85365856
2018-1-10T13-49-37,1515588577855,0.85365856,0.004878049,0.4368932,0.85365856
2018-1-10T13-49-37,1515588577856,0.8829268,0.004878049,0.4854369,0.8829268
2018-1-10T13-49-37,1515588577857,0.8926829,-0.004878049,0.49514562,0.8926829
2018-1-10T13-49-37,1515588577858,0.8829268,-0.014634146,0.44660193,0.8829268
2018-1-10T13-49-37,1515588577859,0.85365856,-0.024390243,0.4368932,0.85365856
2018-1-10T13-49-37,1515588577860,0.80487806,-0.004878049,0.4368932,0.80487806
2018-1-10T13-49-37,1515588577861,0.79512197,-0.043902438,0.44660193,0.79512197
2018-1-10T13-49-37,1515588577862,0.81463414,-0.043902438,0.4368932,0.81463414
2018-1-10T13-49-37,1515588577863,0.82439023,-0.043902438,0.41747573,0.82439023
2018-1-10T13-49-37,1515588577864,0.81463414,-0.07317073,0.39805827,0.81463414
2018-1-10T13-49-37,1515588577865,0.79512197,-0.004878049,0.3883495,0.79512197
2018-1-10T13-49-37,1515588577866,0.8341463,-0.014634146,0.44660193,0.8341463
2018-1-10T13-49-37,1515588577867,0.84390247,-0.014634146,0.46601942,0.84390247
2018-1-10T13-49-37,1515588577868,0.80487806,0.014634146,0.4563107,0.80487806
2018-1-10T13-49-37,1515588577869,0.902439,0.024390243,0.4854369,0.902439
2018-1-10T13-49-37,1515588577870,0.902439,0.024390243,0.5048544,0.902439
2018-1-10T13-49-37,1515588577871,0.91219515,0.024390243,0.46601942,0.91219515
2018-1-10T13-49-37,1515588577872,0.9317073,0.004878049,0.39805827,0.9317073
2018-1-10T13-49-37,1515588577873,0.86341465,-0.014634146,0.44660193,0.86341465
2018-1-10T13-49-37,1515588577874,0.8341463,-0.014634146,0.42718446,0.8341463
2018-1-10T13-49-37,1515588577875,0.77560973,0.004878049,0.407767,0.77560973
2018-1-10T13-49-37,1515588577876,0.7853659,-0.024390243,0.39805827,0.7853659
2018-1-10T13-49-37,1515588577877,0.7853659,-0.034146342,0.4563107,0.7853659
2018-1-10T13-49-37,1515588577878,0.81463414,-0.08292683,0.44660193,0.81463414
2018-1-10T13-49-37,1515588577879,0.84390247,-0.053658538,0.3883495,0.84390247
2018-1-10T13-49-37,1515588577880,0.82439023,-0.043902438,0.44660193,0.82439023
2018-1-10T13-49-37,1515588577881,0.81463414,-0.053658538,0.4563107,0.81463414
2018-1-10T13-49-37,1515588577882,0.82439023,-0.053658538,0.4563107,0.82439023
2018-1-10T13-49-37,1515588577883,0.82439023,-0.043902438,0.4563107,0.82439023
2018-1-10T13-49-37,1515588577884,0.85365856,-0.043902438,0.4854369,0.85365856
2018-1-10T13-49-37,1515588577885,0.8829268,-0.024390243,0.46601942,0.8829268
2018-1-10T13-49-37,1515588577886,0.8926829,-0.004878049,0.44660193,0.8926829
2018-1-10T13-49-37,1515588577887,0.92195123,-0.004878049,0.44660193,0.92195123
2018-1-10T13-49-37,1515588577888,0.902439,0.014634146,0.4854369,0.902439
2018-1-10T13-49-37,1515588577889,0.8926829,-0.004878049,0.44660193,0.8926829
2018-1-10T13-49-37,1515588577890,0.82439023,-0.014634146,0.3883495,0.82439023
2018-1-10T13-49-37,1515588577891,0.79512197,-0.024390243,0.39805827,0.79512197
2018-1-10T13-49-37,1515588577892,0.77560973,-0.053658538,0.4368932,0.77560973
2018-1-10T13-49-37,1515588577893,0.76585364,-0.09268293,0.4563107,0.76585364
2018-1-10T13-49-37,1515588577894,0.7853659,-0.10243902,0.4368932,0.7853659
2018-1-10T13-49-37,1515588577895,0.82439023,-0.08292683,0.37864077,0.82439023
2018-1-10T13-49-37,1515588577896,0.81463414,-0.053658538,0.52427185,0.81463414
2018-1-10T13-49-37,1515588577897,0.86341465,-0.024390243,0.46601942,0.86341465
2018-1-10T13-49-37,1515588577898,0.8829268,0.014634146,0.44660193,0.8829268
2018-1-10T13-49-37,1515588577899,0.85365856,0.034146342,0.42718446,0.85365856
2018-1-10T13-49-37,1515588577900,0.87317073,0.053658538,0.42718446,0.87317073
2018-1-10T13-49-37,1515588577901,0.87317073,0.034146342,0.47572815,0.87317073
2018-1-10T13-49-37,1515588577902,0.8829268,-0.004878049,0.46601942,0.8829268
2018-1-10T13-49-37,1515588577903,0.8926829,0.043902438,0.407767,0.8926829
2018-1-10T13-49-37,1515588577904,0.86341465,0.034146342,0.42718446,0.86341465
2018-1-10T13-49-37,1515588577905,0.84390247,0.004878049,0.44660193,0.84390247
2018-1-10T13-49-37,1515588577906,0.8341463,0.024390243,0.4368932,0.8341463
2018-1-10T13-49-37,1515588577907,0.81463414,0.004878049,0.4368932,0.81463414
2018-1-10T13-49-37,1515588577908,0.79512197,-0.034146342,0.4563107,0.79512197
2018-1-10T13-49-37,1515588577909,0.84390247,-0.043902438,0.49514562,0.84390247
2018-1-10T13-49-37,1515588577910,0.8829268,-0.09268293,0.47572815,0.8829268
2018-1-10T13-49-37,1515588577911,0.84390247,-0.09268293,0.4368932,0.84390247
2018-1-10T13-49-37,1515588577912,0.84390247,-0.08292683,0.42718446,0.84390247
2018-1-10T13-49-37,1515588577913,0.81463414,-0.08292683,0.42718446,0.81463414
2018-1-10T13-49-37,1515588577914,0.7853659,-0.08292683,0.46601942,0.7853659
2018-1-10T13-49-37,1515588577915,0.79512197,-0.07317073,0.4368932,0.79512197
2018-1-10T13-49-37,1515588577916,0.77560973,-0.08292683,0.4368932,0.77560973
2018-1-10T13-49-37,1515588577917,0.8341463,-0.07317073,0.42718446,0.8341463
2018-1-10T13-49-37,1515588577918,0.86341465,-0.07317073,0.42718446,0.86341465
2018-1-10T13-49-37,1515588577919,0.86341465,-0.004878049,0.44660193,0.86341465
2018-1-10T13-49-37,1515588577920,0.8341463,-0.004878049,0.47572815,0.8341463
2018-1-10T13-49-37,1515588577921,0.8829268,0.004878049,0.49514562,0.8829268
2018-1-10T13-49-37,1515588577922,0.8829268,-0.024390243,0.44660193,0.8829268
2018-1-10T13-49-37,1515588577923,0.86341465,0.034146342,0.407767,0.86341465
2018-1-10T13-49-37,1515588577924,0.85365856,0.004878049,0.407767,0.85365856
2018-1-10T13-49-37,1515588577925,0.84390247,0.024390243,0.46601942,0.84390247
2018-1-10T13-49-37,1515588577926,0.87317073,-0.034146342,0.47572815,0.87317073
2018-1-10T13-49-37,1515588577927,0.85365856,-0.034146342,0.44660193,0.85365856
2018-1-10T13-49-37,1515588577928,0.8926829,0.004878049,0.42718446,0.8926829
2018-1-10T13-49-37,1515588577929,0.85365856,0.024390243,0.4368932,0.85365856
2018-1-10T13-49-37,1515588577930,0.85365856,0.014634146,0.44660193,0.85365856
2018-1-10T13-49-37,1515588577931,0.84390247,0.024390243,0.46601942,0.84390247
2018-1-10T13-49-37,1515588577932,0.82439023,0.014634146,0.42718446,0.82439023
2018-1-10T13-49-37,1515588577933,0.82439023,0.014634146,0.407767,0.82439023
2018-1-10T13-49-37,1515588577934,0.80487806,-0.014634146,0.4368932,0.80487806
2018-1-10T13-49-37,1515588577935,0.82439023,-0.043902438,0.5145631,0.82439023
2018-1-10T13-49-37,1515588577936,0.87317073,-0.024390243,0.49514562,0.87317073
2018-1-10T13-49-37,1515588577937,0.85365856,-0.043902438,0.3883495,0.85365856
2018-1-10T13-49-37,1515588577938,0.8341463,-0.043902438,0.3883495,0.8341463
2018-1-10T13-49-37,1515588577939,0.7853659,-0.07317073,0.44660193,0.7853659
2018-1-10T13-49-37,1515588577940,0.75609756,-0.11219512,0.41747573,0.75609756
2018-1-10T13-49-37,1515588577941,0.75609756,-0.08292683,0.37864077,0.75609756
2018-1-10T13-49-37,1515588577942,0.79512197,-0.09268293,0.41747573,0.79512197
2018-1-10T13-49-37,1515588577943,0.82439023,-0.13170731,0.49514562,0.82439023
2018-1-10T13-49-37,1515588577944,0.8926829,-0.11219512,0.5145631,0.8926829
2018-1-10T13-49-37,1515588577945,0.9414634,-0.024390243,0.49514562,0.9414634
2018-1-10T13-49-37,1515588577946,0.9512195,0.004878049,0.47572815,0.9512195
2018-1-10T13-49-37,1515588577947,0.97073174,0.034146342,0.47572815,0.97073174
2018-1-10T13-49-37,1515588577948,0.91219515,0.034146342,0.5631068,0.91219515
2018-1-10T13-49-37,1515588577949,0.8926829,0.034146342,0.49514562,0.8926829
2018-1-10T13-49-37,1515588577950,0.85365856,0.004878049,0.4563107,0.85365856
2018-1-10T13-49-37,1515588577951,0.84390247,-0.004878049,0.42718446,0.84390247
2018-1-10T13-49-37,1515588577952,0.8341463,-0.004878049,0.39805827,0.8341463
2018-1-10T13-49-37,1515588577953,0.79512197,0.004878049,0.39805827,0.79512197
2018-1-10T13-49-37,1515588577954,0.7365854,0.004878049,0.4368932,0.7365854
2018-1-10T13-49-37,1515588577955,0.7853659,0.004878049,0.4368932,0.7853659
2018-1-10T13-49-37,1515588577956,0.80487806,0.004878049,0.39805827,0.80487806
2018-1-10T13-49-37,1515588577957,0.80487806,0.034146342,0.3883495,0.80487806
2018-1-10T13-49-37,1515588577958,0.81463414,0.043902438,0.41747573,0.81463414
2018-1-10T13-49-37,1515588577959,0.8341463,0.043902438,0.46601942,0.8341463
2018-1-10T13-49-37,1515588577960,0.87317073,0.014634146,0.46601942,0.87317073
2018-1-10T13-49-37,1515588577961,0.86341465,-0.06341463,0.41747573,0.86341465
2018-1-10T13-49-37,1515588577962,0.8341463,-0.014634146,0.39805827,0.8341463
2018-1-10T13-49-37,1515588577963,0.84390247,-0.034146342,0.44660193,0.84390247
2018-1-10T13-49-37,1515588577964,0.8341463,-0.043902438,0.46601942,0.8341463
2018-1-10T13-49-37,1515588577965,0.85365856,-0.06341463,0.42718446,0.85365856
2018-1-10T13-49-37,1515588577966,0.8341463,-0.06341463,0.42718446,0.8341463
2018-1-10T13-49-37,1515588577967,0.85365856,-0.053658538,0.44660193,0.85365856
2018-1-10T13-49-37,1515588577968,0.902439,-0.043902438,0.4854369,0.902439
2018-1-10T13-49-37,1515588577969,0.87317073,-0.06341463,0.5339806,0.87317073
2018-1-10T13-49-37,1515588577970,0.902439,-0.06341463,0.47572815,0.902439
2018-1-10T13-49-37,1515588577971,0.87317073,-0.043902438,0.44660193,0.87317073
2018-1-10T13-49-37,1515588577972,0.87317073,-0.024390243,0.44660193,0.87317073
2018-1-10T13-49-37,1515588577973,0.8341463,-0.034146342,0.47572815,0.8341463
2018-1-10T13-49-37,1515588577974,0.8341463,-0.07317073,0.4854369,0.8341463
2018-1-10T13-49-37,1515588577975,0.8341463,0.07317073,0.39805827,0.8341463
2018-1-10T13-49-37,1515588577976,0.80487806,-0.024390243,0.32038835,0.80487806
2018-1-10T13-49-37,1515588577977,0.84390247,-0.004878049,0.39805827,0.84390247
2018-1-10T13-49-37,1515588577978,0.80487806,-0.024390243,0.46601942,0.80487806
2018-1-10T13-49-37,1515588577979,0.80487806,-0.024390243,0.4563107,0.80487806
2018-1-10T13-49-37,1515588577980,0.8341463,-0.014634146,0.407767,0.8341463
2018-1-10T13-49-37,1515588577981,0.84390247,-0.004878049,0.4368932,0.84390247
2018-1-10T13-49-37,1515588577982,0.84390247,0.043902438,0.44660193,0.84390247
2018-1-10T13-49-37,1515588577983,0.8341463,0.043902438,0.44660193,0.8341463
2018-1-10T13-49-37,1515588577984,0.87317073,0.043902438,0.41747573,0.87317073
2018-1-10T13-49-37,1515588577985,0.84390247,0.034146342,0.4368932,0.84390247
2018-1-10T13-49-37,1515588577986,0.87317073,-0.004878049,0.4563107,0.87317073
2018-1-10T13-49-37,1515588577987,0.87317073,-0.014634146,0.4563107,0.87317073
2018-1-10T13-49-37,1515588577988,0.86341465,-0.014634146,0.4368932,0.86341465
2018-1-10T13-49-37,1515588577989,0.8926829,-0.08292683,0.4368932,0.8926829
2018-1-10T13-49-37,1515588577990,0.85365856,-0.08292683,0.4563107,0.85365856
2018-1-10T13-49-37,1515588577991,0.85365856,-0.10243902,0.4563107,0.85365856
2018-1-10T13-49-37,1515588577992,0.84390247,-0.08292683,0.4854369,0.84390247
2018-1-10T13-49-37,1515588577993,0.84390247,-0.12195122,0.5048544,0.84390247
2018-1-10T13-49-37,1515588577994,0.8926829,-0.10243902,0.49514562,0.8926829
2018-1-10T13-49-37,1515588577995,0.85365856,-0.08292683,0.4563107,0.85365856
2018-1-10T13-49-37,1515588577996,0.86341465,-0.07317073,0.407767,0.86341465
2018-1-10T13-49-37,1515588577997,0.8341463,-0.024390243,0.44660193,0.8341463
2018-1-10T13-49-37,1515588577998,0.8341463,-0.024390243,0.52427185,0.8341463
2018-1-10T13-49-37,1515588577999,0.84390247,0.004878049,0.44660193,0.84390247
2018-1-10T13-49-38,1515588578000,0.8341463,0.024390243,0.4368932,0.8341463
2018-1-10T13-49-38,1515588578001,0.82439023,0.034146342,0.37864077,0.82439023
2018-1-10T13-49-38,1515588578002,0.8341463,0.034146342,0.4563107,0.8341463
2018-1-10T13-49-38,1515588578003,0.84390247,0.024390243,0.49514562,0.84390247
2018-1-10T13-49-38,1515588578004,0.87317073,0.034146342,0.41747573,0.87317073
2018-1-10T13-49-38,1515588578005,0.82439023,0.014634146,0.36893204,0.82439023
2018-1-10T13-49-38,1515588578006,0.82439023,0.034146342,0.4368932,0.82439023
2018-1-10T13-49-38,1515588578007,0.84390247,-0.004878049,0.5436893,0.84390247
2018-1-10T13-49-38,1515588578008,0.84390247,-0.024390243,0.4854369,0.84390247
2018-1-10T13-49-38,1515588578009,0.84390247,-0.014634146,0.41747573,0.84390247
2018-1-10T13-49-38,1515588578010,0.86341465,-0.06341463,0.49514562,0.86341465
2018-1-10T13-49-38,1515588578011,0.87317073,-0.034146342,0.52427185,0.87317073
2018-1-10T13-49-38,1515588578012,0.84390247,-0.043902438,0.42718446,0.84390247
2018-1-10T13-49-38,1515588578013,0.82439023,-0.034146342,0.36893204,0.82439023
2018-1-10T13-49-38,1515588578014,0.82439023,-0.06341463,0.36893204,0.82439023
2018-1-10T13-49-38,1515588578015,0.8341463,-0.043902438,0.44660193,0.8341463
2018-1-10T13-49-38,1515588578016,0.81463414,-0.09268293,0.4368932,0.81463414
2018-1-10T13-49-38,1515588578017,0.85365856,-0.053658538,0.4563107,0.85365856
2018-1-10T13-49-38,1515588578018,0.86341465,-0.043902438,0.4563107,0.86341465
2018-1-10T13-49-38,1515588578019,0.86341465,-0.024390243,0.4563107,0.86341465
2018-1-10T13-49-38,1515588578020,0.902439,-0.034146342,0.46601942,0.902439
2018-1-10T13-49-38,1515588578021,0.8926829,-0.034146342,0.47572815,0.8926829
2018-1-10T13-49-38,1515588578022,0.9317073,-0.024390243,0.4854369,0.9317073
2018-1-10T13-49-38,1515588578023,0.86341465,-0.043902438,0.42718446,0.86341465
2018-1-10T13-49-38,1515588578024,0.80487806,-0.053658538,0.39805827,0.80487806
2018-1-10T13-49-38,1515588578025,0.74634147,-0.034146342,0.407767,0.74634147
2018-1-10T13-49-38,1515588578026,0.8926829,-0.053658538,0.42718446,0.8926829
2018-1-10T13-49-38,1515588578027,0.77560973,-0.043902438,0.4368932,0.77560973
2018-1-10T13-49-38,1515588578028,0.79512197,-0.024390243,0.42718446,0.79512197
2018-1-10T13-49-38,1515588578029,0.8341463,-0.024390243,0.4563107,0.8341463
2018-1-10T13-49-38,1515588578030,0.8829268,0.004878049,0.44660193,0.8829268
2018-1-10T13-49-38,1515588578031,0.8926829,0.06341463,0.4854369,0.8926829
2018-1-10T13-49-38,1515588578032,0.91219515,0.06341463,0.47572815,0.91219515
2018-1-10T13-49-38,1515588578033,0.92195123,0.06341463,0.4563107,0.92195123
2018-1-10T13-49-38,1515588578034,0.902439,0.043902438,0.46601942,0.902439
2018-1-10T13-49-38,1515588578035,0.8829268,0.07317073,0.44660193,0.8829268
2018-1-10T13-49-38,1515588578036,0.82439023,0.043902438,0.41747573,0.82439023
2018-1-10T13-49-38,1515588578037,0.71707314,0.004878049,0.37864077,0.71707314
2018-1-10T13-49-38,1515588578038,0.7853659,-0.014634146,0.46601942,0.7853659
2018-1-10T13-49-38,1515588578039,0.80487806,-0.043902438,0.44660193,0.80487806
2018-1-10T13-49-38,1515588578040,0.81463414,-0.043902438,0.407767,0.81463414
2018-1-10T13-49-38,1515588578041,0.8341463,-0.053658538,0.37864077,0.8341463
2018-1-10T13-49-38,1515588578042,0.80487806,-0.07317073,0.4563107,0.80487806
2018-1-10T13-49-38,1515588578043,0.85365856,-0.07317073,0.5339806,0.85365856
2018-1-10T13-49-38,1515588578044,0.86341465,-0.06341463,0.47572815,0.86341465
2018-1-10T13-49-38,1515588578045,0.86341465,-0.034146342,0.4563107,0.86341465
2018-1-10T13-49-38,1515588578046,0.8926829,-0.053658538,0.44660193,0.8926829
2018-1-10T13-49-38,1515588578047,0.87317073,-0.06341463,0.4854369,0.87317073
2018-1-10T13-49-38,1515588578048,0.8341463,-0.06341463,0.44660193,0.8341463
2018-1-10T13-49-38,1515588578049,0.81463414,-0.043902438,0.39805827,0.81463414
2018-1-10T13-49-38,1515588578050,0.84390247,-0.043902438,0.41747573,0.84390247
2018-1-10T13-49-38,1515588578051,0.80487806,0.06341463,0.39805827,0.80487806
2018-1-10T13-49-38,1515588578052,0.7853659,-0.07317073,0.4368932,0.7853659
2018-1-10T13-49-38,1515588578053,0.82439023,-0.043902438,0.4854369,0.82439023
2018-1-10T13-49-38,1515588578054,0.86341465,-0.07317073,0.49514562,0.86341465
2018-1-10T13-49-38,1515588578055,0.85365856,-0.034146342,0.46601942,0.85365856
2018-1-10T13-49-38,1515588578056,0.87317073,0.014634146,0.44660193,0.87317073
2018-1-10T13-49-38,1515588578057,0.902439,0.014634146,0.47572815,0.902439
2018-1-10T13-49-38,1515588578058,0.8829268,0.024390243,0.47572815,0.8829268
2018-1-10T13-49-38,1515588578059,0.87317073,0.043902438,0.42718446,0.87317073
2018-1-10T13-49-38,1515588578060,0.84390247,0.034146342,0.42718446,0.84390247
2018-1-10T13-49-38,1515588578061,0.82439023,0.004878049,0.42718446,0.82439023
2018-1-10T13-49-38,1515588578062,0.82439023,0.004878049,0.37864077,0.82439023
2018-1-10T13-49-38,1515588578063,0.77560973,-0.014634146,0.37864077,0.77560973
2018-1-10T13-49-38,1515588578064,0.80487806,-0.004878049,0.44660193,0.80487806
2018-1-10T13-49-38,1515588578065,0.8341463,-0.06341463,0.47572815,0.8341463
2018-1-10T13-49-38,1515588578066,0.8341463,-0.024390243,0.42718446,0.8341463
2018-1-10T13-49-38,1515588578067,0.87317073,0.024390243,0.39805827,0.87317073
2018-1-10T13-49-38,1515588578068,0.86341465,0.014634146,0.4563107,0.86341465
2018-1-10T13-49-38,1515588578069,0.86341465,-0.034146342,0.5145631,0.86341465
2018-1-10T13-49-38,1515588578070,0.8829268,-0.014634146,0.5048544,0.8829268
2018-1-10T13-49-38,1515588578071,0.8829268,-0.024390243,0.44660193,0.8829268
2018-1-10T13-49-38,1515588578072,0.87317073,-0.034146342,0.42718446,0.87317073
2018-1-10T13-49-38,1515588578073,0.84390247,-0.034146342,0.46601942,0.84390247
2018-1-10T13-49-38,1515588578074,0.81463414,-0.043902438,0.5145631,0.81463414
2018-1-10T13-49-38,1515588578075,0.86341465,-0.034146342,0.4563107,0.86341465
2018-1-10T13-49-38,1515588578076,0.87317073,0.053658538,0.407767,0.87317073
2018-1-10T13-49-38,1515588578077,0.8829268,-0.014634146,0.41747573,0.8829268
2018-1-10T13-49-38,1515588578078,0.84390247,-0.004878049,0.41747573,0.84390247
2018-1-10T13-49-38,1515588578079,0.82439023,-0.004878049,0.46601942,0.82439023
2018-1-10T13-49-38,1515588578080,0.80487806,-0.024390243,0.42718446,0.80487806
2018-1-10T13-49-38,1515588578081,0.79512197,-0.043902438,0.42718446,0.79512197
2018-1-10T13-49-38,1515588578082,0.81463414,-0.053658538,0.4368932,0.81463414
2018-1-10T13-49-38,1515588578083,0.80487806,-0.08292683,0.42718446,0.80487806
2018-1-10T13-49-38,1515588578084,0.76585364,-0.08292683,0.407767,0.76585364
2018-1-10T13-49-38,1515588578085,0.79512197,-0.06341463,0.3883495,0.79512197
2018-1-10T13-49-38,1515588578086,0.79512197,-0.06341463,0.41747573,0.79512197
2018-1-10T13-49-38,1515588578087,0.80487806,-0.043902438,0.44660193,0.80487806
2018-1-10T13-49-38,1515588578088,0.85365856,-0.014634146,0.46601942,0.85365856
2018-1-10T13-49-38,1515588578089,0.8926829,0.014634146,0.49514562,0.8926829
2018-1-10T13-49-38,1515588578090,0.92195123,0.034146342,0.47572815,0.92195123
2018-1-10T13-49-38,1515588578091,0.9609756,0.034146342,0.47572815,0.9609756
2018-1-10T13-49-38,1515588578092,0.9512195,0.034146342,0.49514562,0.9512195
2018-1-10T13-49-38,1515588578093,0.9317073,0.004878049,0.47572815,0.9317073
2018-1-10T13-49-38,1515588578094,0.8829268,0.09268293,0.4563107,0.8829268
2018-1-10T13-49-38,1515588578095,0.81463414,-0.034146342,0.4368932,0.81463414
2018-1-10T13-49-38,1515588578096,0.76585364,-0.053658538,0.42718446,0.76585364
2018-1-10T13-49-38,1515588578097,0.75609756,-0.06341463,0.41747573,0.75609756
2018-1-10T13-49-38,1515588578098,0.7853659,-0.07317073,0.4368932,0.7853659
2018-1-10T13-49-38,1515588578099,0.80487806,-0.08292683,0.46601942,0.80487806
2018-1-10T13-49-38,1515588578100,0.84390247,-0.06341463,0.44660193,0.84390247
2018-1-10T13-49-38,1515588578101,0.84390247,-0.004878049,0.407767,0.84390247
2018-1-10T13-49-38,1515588578102,0.85365856,0.004878049,0.4563107,0.85365856
2018-1-10T13-49-38,1515588578103,0.85365856,-0.014634146,0.42718446,0.85365856
2018-1-10T13-49-38,1515588578104,0.85365856,-0.004878049,0.4854369,0.85365856
2018-1-10T13-49-38,1515588578105,0.81463414,-0.004878049,0.407767,0.81463414
2018-1-10T13-49-38,1515588578106,0.84390247,-0.014634146,0.42718446,0.84390247
2018-1-10T13-49-38,1515588578107,0.86341465,-0.004878049,0.4854369,0.86341465
2018-1-10T13-49-38,1515588578108,0.84390247,-0.014634146,0.42718446,0.84390247
2018-1-10T13-49-38,1515588578109,0.85365856,-0.053658538,0.407767,0.85365856
2018-1-10T13-49-38,1515588578110,0.8341463,0.014634146,0.42718446,0.8341463
2018-1-10T13-49-38,1515588578111,0.84390247,-0.004878049,0.46601942,0.84390247
2018-1-10T13-49-38,1515588578112,0.87317073,0.004878049,0.5048544,0.87317073
2018-1-10T13-49-38,1515588578113,0.8926829,-0.014634146,0.4854369,0.8926829
2018-1-10T13-49-38,1515588578114,0.902439,-0.004878049,0.46601942,0.902439
2018-1-10T13-49-38,1515588578115,0.8926829,-0.004878049,0.46601942,0.8926829
2018-1-10T13-49-38,1515588578116,0.902439,-0.004878049,0.4563107,0.902439
2018-1-10T13-49-38,1515588578117,0.84390247,-0.024390243,0.4563107,0.84390247
2018-1-10T13-49-38,1515588578118,0.80487806,-0.034146342,0.41747573,0.80487806
2018-1-10T13-49-38,1515588578119,0.80487806,-0.043902438,0.42718446,0.80487806
2018-1-10T13-49-38,1515588578120,0.77560973,-0.053658538,0.39805827,0.77560973
2018-1-10T13-49-38,1515588578121,0.75609756,-0.07317073,0.4368932,0.75609756
2018-1-10T13-49-38,1515588578122,0.7853659,-0.07317073,0.41747573,0.7853659
2018-1-10T13-49-38,1515588578123,0.79512197,-0.034146342,0.39805827,0.79512197
2018-1-10T13-49-38,1515588578124,0.81463414,-0.034146342,0.3883495,0.81463414
2018-1-10T13-49-38,1515588578125,0.82439023,-0.024390243,0.4368932,0.82439023
2018-1-10T13-49-38,1515588578126,0.8341463,-0.024390243,0.4854369,0.8341463
2018-1-10T13-49-38,1515588578127,0.85365856,-0.043902438,0.46601942,0.85365856
2018-1-10T13-49-38,1515588578128,0.86341465,-0.06341463,0.49514562,0.86341465
2018-1-10T13-49-38,1515588578129,0.902439,-0.043902438,0.4563107,0.902439
2018-1-10T13-49-38,1515588578130,0.8926829,-0.034146342,0.4563107,0.8926829
2018-1-10T13-49-38,1515588578131,0.8829268,-0.024390243,0.49514562,0.8829268
2018-1-10T13-49-38,1515588578132,0.8829268,-0.014634146,0.42718446,0.8829268
2018-1-10T13-49-38,1515588578133,0.87317073,-0.043902438,0.4563107,0.87317073
2018-1-10T13-49-38,1515588578134,0.86341465,-0.004878049,0.42718446,0.86341465
2018-1-10T13-49-38,1515588578135,0.86341465,0.004878049,0.42718446,0.86341465
2018-1-10T13-49-38,1515588578136,0.86341465,0.014634146,0.46601942,0.86341465
2018-1-10T13-49-38,1515588578137,0.8829268,0.024390243,0.4563107,0.8829268
2018-1-10T13-49-38,1515588578138,0.81463414,-0.014634146,0.44660193,0.81463414
2018-1-10T13-49-38,1515588578139,0.84390247,-0.004878049,0.42718446,0.84390247
2018-1-10T13-49-38,1515588578140,0.84390247,-0.043902438,0.47572815,0.84390247
2018-1-10T13-49-38,1515588578141,0.80487806,-0.024390243,0.44660193,0.80487806
2018-1-10T13-49-38,1515588578142,0.80487806,-0.024390243,0.42718446,0.80487806
2018-1-10T13-49-38,1515588578143,0.82439023,-0.07317073,0.41747573,0.82439023
2018-1-10T13-49-38,1515588578144,0.82439023,-0.014634146,0.4368932,0.82439023
2018-1-10T13-49-38,1515588578145,0.8341463,-0.004878049,0.42718446,0.8341463
2018-1-10T13-49-38,1515588578146,0.86341465,0.004878049,0.41747573,0.86341465
2018-1-10T13-49-38,1515588578147,0.85365856,0.014634146,0.42718446,0.85365856
2018-1-10T13-49-38,1515588578148,0.85365856,-0.014634146,0.4563107,0.85365856
2018-1-10T13-49-38,1515588578149,0.84390247,-0.034146342,0.46601942,0.84390247
2018-1-10T13-49-38,1515588578150,0.86341465,-0.034146342,0.44660193,0.86341465
2018-1-10T13-49-38,1515588578151,0.91219515,-0.06341463,0.39805827,0.91219515
2018-1-10T13-49-38,1515588578152,0.82439023,-0.053658538,0.41747573,0.82439023
2018-1-10T13-49-38,1515588578153,0.8341463,-0.06341463,0.4854369,0.8341463
2018-1-10T13-49-38,1515588578154,0.8341463,-0.09268293,0.5436893,0.8341463
2018-1-10T13-49-38,1515588578155,0.8829268,-0.10243902,0.47572815,0.8829268
2018-1-10T13-49-38,1515588578156,0.8926829,-0.053658538,0.42718446,0.8926829
2018-1-10T13-49-38,1515588578157,0.902439,-0.043902438,0.4563107,0.902439
2018-1-10T13-49-38,1515588578158,0.87317073,-0.024390243,0.47572815,0.87317073
2018-1-10T13-49-38,1515588578159,0.86341465,-0.004878049,0.46601942,0.86341465
2018-1-10T13-49-38,1515588578160,0.9804878,-0.004878049,0.44660193,0.9804878
2018-1-10T13-49-38,1515588578161,0.86341465,-0.024390243,0.42718446,0.86341465
2018-1-10T13-49-38,1515588578162,0.84390247,-0.024390243,0.42718446,0.84390247
2018-1-10T13-49-38,1515588578163,0.7853659,-0.024390243,0.37864077,0.7853659
2018-1-10T13-49-38,1515588578164,0.8341463,-0.034146342,0.42718446,0.8341463
2018-1-10T13-49-38,1515588578165,0.8341463,-0.004878049,0.407767,0.8341463
2018-1-10T13-49-38,1515588578166,0.82439023,-0.004878049,0.41747573,0.82439023
2018-1-10T13-49-38,1515588578167,0.8341463,0.004878049,0.41747573,0.8341463
2018-1-10T13-49-38,1515588578168,0.84390247,-0.004878049,0.5048544,0.84390247
2018-1-10T13-49-38,1515588578169,0.86341465,0.004878049,0.44660193,0.86341465
2018-1-10T13-49-38,1515588578170,0.8829268,0.043902438,0.41747573,0.8829268
2018-1-10T13-49-38,1515588578171,0.8829268,0.034146342,0.41747573,0.8829268
2018-1-10T13-49-38,1515588578172,0.86341465,0.034146342,0.4563107,0.86341465
2018-1-10T13-49-38,1515588578173,0.84390247,0.034146342,0.4563107,0.84390247
2018-1-10T13-49-38,1515588578174,0.85365856,0.043902438,0.41747573,0.85365856
2018-1-10T13-49-38,1515588578175,0.80487806,0.024390243,0.4368932,0.80487806
2018-1-10T13-49-38,1515588578176,0.8341463,-0.004878049,0.42718446,0.8341463
2018-1-10T13-49-38,1515588578177,0.82439023,-0.024390243,0.42718446,0.82439023
2018-1-10T13-49-38,1515588578178,0.8829268,-0.053658538,0.4563107,0.8829268
2018-1-10T13-49-38,1515588578179,0.85365856,-0.06341463,0.39805827,0.85365856
2018-1-10T13-49-38,1515588578180,0.81463414,-0.11219512,0.46601942,0.81463414
2018-1-10T13-49-38,1515588578181,0.81463414,-0.10243902,0.4563107,0.81463414
2018-1-10T13-49-38,1515588578182,0.82439023,-0.09268293,0.44660193,0.82439023
2018-1-10T13-49-38,1515588578183,0.82439023,-0.08292683,0.4563107,0.82439023
2018-1-10T13-49-38,1515588578184,0.84390247,-0.08292683,0.44660193,0.84390247
2018-1-10T13-49-38,1515588578185,0.87317073,-0.06341463,0.4368932,0.87317073
2018-1-10T13-49-38,1515588578186,0.87317073,-0.024390243,0.4563107,0.87317073
2018-1-10T13-49-38,1515588578187,0.9317073,-0.014634146,0.42718446,0.9317073
2018-1-10T13-49-38,1515588578188,0.85365856,0.004878049,0.46601942,0.85365856
2018-1-10T13-49-38,1515588578189,0.86341465,-0.004878049,0.47572815,0.86341465
2018-1-10T13-49-38,1515588578190,0.8829268,0.004878049,0.4854369,0.8829268
2018-1-10T13-49-38,1515588578191,0.9317073,0.014634146,0.4563107,0.9317073
2018-1-10T13-49-38,1515588578192,0.8926829,0.043902438,0.3883495,0.8926829
2018-1-10T13-49-38,1515588578193,0.84390247,0.08292683,0.41747573,0.84390247
2018-1-10T13-49-38,1515588578194,0.82439023,0.034146342,0.4368932,0.82439023
2018-1-10T13-49-38,1515588578195,0.81463414,0.024390243,0.47572815,0.81463414
2018-1-10T13-49-38,1515588578196,0.80487806,-0.024390243,0.5145631,0.80487806
2018-1-10T13-49-38,1515588578197,0.8341463,-0.024390243,0.42718446,0.8341463
2018-1-10T13-49-38,1515588578198,0.82439023,-0.034146342,0.42718446,0.82439023
2018-1-10T13-49-38,1515588578199,0.8341463,-0.043902438,0.44660193,0.8341463
2018-1-10T13-49-38,1515588578200,0.82439023,0.053658538,0.46601942,0.82439023
2018-1-10T13-49-38,1515588578201,0.8341463,-0.034146342,0.44660193,0.8341463
2018-1-10T13-49-38,1515588578202,0.8341463,0.024390243,0.407767,0.8341463
2018-1-10T13-49-38,1515588578203,0.82439023,-0.024390243,0.41747573,0.82439023
2018-1-10T13-49-38,1515588578204,0.80487806,-0.034146342,0.42718446,0.80487806
2018-1-10T13-49-38,1515588578205,0.8341463,-0.034146342,0.44660193,0.8341463
2018-1-10T13-49-38,1515588578206,0.80487806,-0.034146342,0.44660193,0.80487806
2018-1-10T13-49-38,1515588578207,0.86341465,-0.034146342,0.41747573,0.86341465
2018-1-10T13-49-38,1515588578208,0.87317073,-0.014634146,0.44660193,0.87317073
2018-1-10T13-49-38,1515588578209,0.8829268,-0.014634146,0.4563107,0.8829268
2018-1-10T13-49-38,1515588578210,0.8829268,-0.024390243,0.46601942,0.8829268
2018-1-10T13-49-38,1515588578211,0.87317073,-0.024390243,0.49514562,0.87317073
2018-1-10T13-49-38,1515588578212,0.81463414,-0.06341463,0.47572815,0.81463414
2018-1-10T13-49-38,1515588578213,0.85365856,-0.053658538,0.44660193,0.85365856
2018-1-10T13-49-38,1515588578214,0.85365856,-0.06341463,0.4563107,0.85365856
2018-1-10T13-49-38,1515588578215,0.85365856,-0.06341463,0.41747573,0.85365856
2018-1-10T13-49-38,1515588578216,0.8341463,-0.043902438,0.4368932,0.8341463
2018-1-10T13-49-38,1515588578217,0.80487806,-0.034146342,0.41747573,0.80487806
2018-1-10T13-49-38,1515588578218,0.81463414,-0.004878049,0.41747573,0.81463414
2018-1-10T13-49-38,1515588578219,0.82439023,-0.024390243,0.4368932,0.82439023
2018-1-10T13-49-38,1515588578220,0.80487806,-0.004878049,0.44660193,0.80487806
2018-1-10T13-49-38,1515588578221,0.84390247,-0.024390243,0.44660193,0.84390247
2018-1-10T13-49-38,1515588578222,0.8341463,-0.004878049,0.44660193,0.8341463
2018-1-10T13-49-38,1515588578223,0.8341463,-0.004878049,0.44660193,0.8341463
2018-1-10T13-49-38,1515588578224,0.87317073,-0.004878049,0.41747573,0.87317073
2018-1-10T13-49-38,1515588578225,0.81463414,0.024390243,0.44660193,0.81463414
2018-1-10T13-49-38,1515588578226,0.86341465,0.034146342,0.41747573,0.86341465
2018-1-10T13-49-38,1515588578227,0.84390247,0.043902438,0.4368932,0.84390247
2018-1-10T13-49-38,1515588578228,0.85365856,0.014634146,0.46601942,0.85365856
2018-1-10T13-49-38,1515588578229,0.8926829,0.034146342,0.42718446,0.8926829
2018-1-10T13-49-38,1515588578230,0.86341465,0.024390243,0.4368932,0.86341465
2018-1-10T13-49-38,1515588578231,0.8829268,-0.004878049,0.4368932,0.8829268
2018-1-10T13-49-38,1515588578232,0.85365856,-0.004878049,0.46601942,0.85365856
2018-1-10T13-49-38,1515588578233,0.84390247,-0.034146342,0.49514562,0.84390247
2018-1-10T13-49-38,1515588578234,0.87317073,-0.06341463,0.5048544,0.87317073
2018-1-10T13-49-38,1515588578235,0.82439023,-0.08292683,0.4368932,0.82439023
2018-1-10T13-49-38,1515588578236,0.8341463,-0.07317073,0.39805827,0.8341463
2018-1-10T13-49-38,1515588578237,0.82439023,-0.07317073,0.4368932,0.82439023
2018-1-10T13-49-38,1515588578238,0.82439023,-0.06341463,0.4854369,0.82439023
2018-1-10T13-49-38,1515588578239,0.8341463,-0.09268293,0.46601942,0.8341463
2018-1-10T13-49-38,1515588578240,0.80487806,-0.06341463,0.407767,0.80487806
2018-1-10T13-49-38,1515588578241,0.82439023,-0.043902438,0.37864077,0.82439023
2018-1-10T13-49-38,1515588578242,0.84390247,-0.014634146,0.4854369,0.84390247
2018-1-10T13-49-38,1515588578243,0.87317073,-0.014634146,0.5145631,0.87317073
2018-1-10T13-49-38,1515588578244,0.8829268,0.024390243,0.39805827,0.8829268
2018-1-10T13-49-38,1515588578245,0.8829268,0.043902438,0.36893204,0.8829268
2018-1-10T13-49-38,1515588578246,0.87317073,0.024390243,0.47572815,0.87317073
2018-1-10T13-49-38,1515588578247,0.87317073,0.004878049,0.5145631,0.87317073
2018-1-10T13-49-38,1515588578248,0.8341463,-0.024390243,0.4368932,0.8341463
2018-1-10T13-49-38,1515588578249,0.8341463,0.004878049,0.36893204,0.8341463
2018-1-10T13-49-38,1515588578250,0.81463414,-0.014634146,0.42718446,0.81463414
2018-1-10T13-49-38,1515588578251,0.81463414,-0.043902438,0.5145631,0.81463414
2018-1-10T13-49-38,1515588578252,0.82439023,-0.034146342,0.46601942,0.82439023
2018-1-10T13-49-38,1515588578253,0.85365856,-0.014634146,0.407767,0.85365856
2018-1-10T13-49-38,1515588578254,0.87317073,-0.014634146,0.3883495,0.87317073
2018-1-10T13-49-38,1515588578255,0.85365856,-0.024390243,0.4368932,0.85365856
2018-1-10T13-49-38,1515588578256,0.82439023,-0.034146342,0.4563107,0.82439023
2018-1-10T13-49-38,1515588578257,0.79512197,-0.024390243,0.4368932,0.79512197
2018-1-10T13-49-38,1515588578258,0.82439023,-0.004878049,0.47572815,0.82439023
2018-1-10T13-49-38,1515588578259,0.85365856,-0.034146342,0.5048544,0.85365856
2018-1-10T13-49-38,1515588578260,0.91219515,-0.043902438,0.5048544,0.91219515
2018-1-10T13-49-38,1515588578261,0.9317073,-0.024390243,0.4563107,0.9317073
2018-1-10T13-49-38,1515588578262,0.92195123,0.014634146,0.407767,0.92195123
2018-1-10T13-49-38,1515588578263,0.86341465,-0.004878049,0.4368932,0.86341465
2018-1-10T13-49-38,1515588578264,0.8341463,-0.024390243,0.42718446,0.8341463
2018-1-10T13-49-38,1515588578265,0.79512197,-0.024390243,0.4368932,0.79512197
2018-1-10T13-49-38,1515588578266,0.80487806,-0.043902438,0.46601942,0.80487806
2018-1-10T13-49-38,1515588578267,0.81463414,-0.06341463,0.4368932,0.81463414
2018-1-10T13-49-38,1515588578268,0.81463414,-0.043902438,0.39805827,0.81463414
2018-1-10T13-49-38,1515588578269,0.82439023,-0.034146342,0.4368932,0.82439023
2018-1-10T13-49-38,1515588578270,0.85365856,-0.024390243,0.4563107,0.85365856
2018-1-10T13-49-38,1515588578271,0.84390247,-0.024390243,0.42718446,0.84390247
2018-1-10T13-49-38,1515588578272,0.8341463,-0.014634146,0.42718446,0.8341463
2018-1-10T13-49-38,1515588578273,0.85365856,-0.024390243,0.4563107,0.85365856
2018-1-10T13-49-38,1515588578274,0.85365856,-0.024390243,0.4854369,0.85365856
2018-1-10T13-49-38,1515588578275,0.8341463,-0.014634146,0.49514562,0.8341463
2018-1-10T13-49-38,1515588578276,0.87317073,-0.014634146,0.4563107,0.87317073
2018-1-10T13-49-38,1515588578277,0.902439,-0.014634146,0.47572815,0.902439
2018-1-10T13-49-38,1515588578278,0.8926829,-0.004878049,0.42718446,0.8926829
2018-1-10T13-49-38,1515588578279,0.84390247,0.024390243,0.36893204,0.84390247
2018-1-10T13-49-38,1515588578280,0.8341463,0.024390243,0.44660193,0.8341463
2018-1-10T13-49-38,1515588578281,0.84390247,-0.004878049,0.46601942,0.84390247
2018-1-10T13-49-38,1515588578282,0.82439023,-0.024390243,0.44660193,0.82439023
2018-1-10T13-49-38,1515588578283,0.85365856,-0.014634146,0.41747573,0.85365856
2018-1-10T13-49-38,1515588578284,0.86341465,-0.014634146,0.4563107,0.86341465
2018-1-10T13-49-38,1515588578285,0.8341463,-0.043902438,0.42718446,0.8341463
2018-1-10T13-49-38,1515588578286,0.80487806,-0.034146342,0.3883495,0.80487806
2018-1-10T13-49-38,1515588578287,0.76585364,-0.043902438,0.42718446,0.76585364
2018-1-10T13-49-38,1515588578288,0.77560973,-0.043902438,0.44660193,0.77560973
2018-1-10T13-49-38,1515588578289,0.80487806,-0.07317073,0.46601942,0.80487806
2018-1-10T13-49-38,1515588578290,0.84390247,-0.053658538,0.42718446,0.84390247
2018-1-10T13-49-38,1515588578291,0.8829268,-0.024390243,0.4368932,0.8829268
2018-1-10T13-49-38,1515588578292,0.902439,-0.004878049,0.47572815,0.902439
2018-1-10T13-49-38,1515588578293,0.91219515,0.004878049,0.5048544,0.91219515
2018-1-10T13-49-38,1515588578294,0.91219515,-0.053658538,0.4854369,0.91219515
2018-1-10T13-49-38,1515588578295,0.91219515,0.014634146,0.4563107,0.91219515
2018-1-10T13-49-38,1515588578296,0.8926829,-0.014634146,0.44660193,0.8926829
2018-1-10T13-49-38,1515588578297,0.86341465,-0.024390243,0.42718446,0.86341465
2018-1-10T13-49-38,1515588578298,0.82439023,-0.034146342,0.4368932,0.82439023
2018-1-10T13-49-38,1515588578299,0.7853659,-0.053658538,0.42718446,0.7853659
2018-1-10T13-49-38,1515588578300,0.76585364,-0.07317073,0.42718446,0.76585364
2018-1-10T13-49-38,1515588578301,0.81463414,-0.07317073,0.42718446,0.81463414
2018-1-10T13-49-38,1515588578302,0.74634147,-0.06341463,0.42718446,0.74634147
2018-1-10T13-49-38,1515588578303,0.76585364,-0.053658538,0.44660193,0.76585364
2018-1-10T13-49-38,1515588578304,0.81463414,-0.043902438,0.42718446,0.81463414
2018-1-10T13-49-38,1515588578305,0.82439023,-0.004878049,0.39805827,0.82439023
2018-1-10T13-49-38,1515588578306,0.86341465,0.024390243,0.44660193,0.86341465
2018-1-10T13-49-38,1515588578307,0.87317073,0.014634146,0.4563107,0.87317073
2018-1-10T13-49-38,1515588578308,0.87317073,0.004878049,0.44660193,0.87317073
2018-1-10T13-49-38,1515588578309,0.87317073,0.014634146,0.4368932,0.87317073
2018-1-10T13-49-38,1515588578310,0.85365856,0.024390243,0.46601942,0.85365856
2018-1-10T13-49-38,1515588578311,0.8829268,0.024390243,0.4854369,0.8829268
2018-1-10T13-49-38,1515588578312,0.902439,0.024390243,0.46601942,0.902439
2018-1-10T13-49-38,1515588578313,0.8829268,0.034146342,0.4368932,0.8829268
2018-1-10T13-49-38,1515588578314,0.8926829,0.024390243,0.47572815,0.8926829
2018-1-10T13-49-38,1515588578315,0.9414634,0.004878049,0.5048544,0.9414634
2018-1-10T13-49-38,1515588578316,0.8341463,-0.043902438,0.4854369,0.8341463
2018-1-10T13-49-38,1515588578317,0.86341465,-0.024390243,0.3883495,0.86341465
2018-1-10T13-49-38,1515588578318,0.80487806,-0.034146342,0.36893204,0.80487806
2018-1-10T13-49-38,1515588578319,0.79512197,-0.043902438,0.44660193,0.79512197
2018-1-10T13-49-38,1515588578320,0.76585364,-0.053658538,0.44660193,0.76585364
2018-1-10T13-49-38,1515588578321,0.75609756,-0.07317073,0.41747573,0.75609756
2018-1-10T13-49-38,1515588578322,0.7853659,-0.053658538,0.34951457,0.7853659
2018-1-10T13-49-38,1515588578323,0.81463414,-0.08292683,0.41747573,0.81463414
2018-1-10T13-49-38,1515588578324,0.82439023,-0.06341463,0.4563107,0.82439023
2018-1-10T13-49-38,1515588578325,0.85365856,-0.043902438,0.44660193,0.85365856
2018-1-10T13-49-38,1515588578326,0.84390247,-0.024390243,0.42718446,0.84390247
2018-1-10T13-49-38,1515588578327,0.80487806,-0.004878049,0.47572815,0.80487806
2018-1-10T13-49-38,1515588578328,0.8926829,-0.004878049,0.5339806,0.8926829
2018-1-10T13-49-38,1515588578329,0.92195123,-0.014634146,0.4854369,0.92195123
2018-1-10T13-49-38,1515588578330,0.9414634,-0.014634146,0.4368932,0.9414634
2018-1-10T13-49-38,1515588578331,0.91219515,-0.004878049,0.4563107,0.91219515
2018-1-10T13-49-38,1515588578332,0.87317073,-0.014634146,0.4563107,0.87317073
2018-1-10T13-49-38,1515588578333,0.74634147,-0.08292683,0.46601942,0.74634147
2018-1-10T13-49-38,1515588578334,0.7853659,-0.043902438,0.4368932,0.7853659
2018-1-10T13-49-38,1515588578335,0.77560973,-0.07317073,0.41747573,0.77560973
2018-1-10T13-49-38,1515588578336,0.79512197,-0.06341463,0.42718446,0.79512197
2018-1-10T13-49-38,1515588578337,0.80487806,-0.06341463,0.41747573,0.80487806
2018-1-10T13-49-38,1515588578338,0.8341463,-0.034146342,0.407767,0.8341463
2018-1-10T13-49-38,1515588578339,0.82439023,-0.024390243,0.44660193,0.82439023
2018-1-10T13-49-38,1515588578340,0.84390247,-0.014634146,0.47572815,0.84390247
2018-1-10T13-49-38,1515588578341,0.86341465,0.004878049,0.47572815,0.86341465
2018-1-10T13-49-38,1515588578342,0.81463414,0.024390243,0.47572815,0.81463414
2018-1-10T13-49-38,1515588578343,0.902439,0.024390243,0.4563107,0.902439
2018-1-10T13-49-38,1515588578344,0.92195123,0.024390243,0.4368932,0.92195123
2018-1-10T13-49-38,1515588578345,0.8829268,0.07317073,0.4368932,0.8829268
2018-1-10T13-49-38,1515588578346,0.87317073,0.024390243,0.4368932,0.87317073
2018-1-10T13-49-38,1515588578347,0.84390247,-0.004878049,0.4563107,0.84390247
2018-1-10T13-49-38,1515588578348,0.8341463,-0.014634146,0.4368932,0.8341463
2018-1-10T13-49-38,1515588578349,0.8341463,-0.014634146,0.42718446,0.8341463
2018-1-10T13-49-38,1515588578350,0.85365856,-0.043902438,0.47572815,0.85365856
2018-1-10T13-49-38,1515588578351,0.87317073,-0.043902438,0.4854369,0.87317073
2018-1-10T13-49-38,1515588578352,0.86341465,0.004878049,0.42718446,0.86341465
2018-1-10T13-49-38,1515588578353,0.87317073,0.004878049,0.407767,0.87317073
2018-1-10T13-49-38,1515588578354,0.84390247,-0.004878049,0.4563107,0.84390247
2018-1-10T13-49-38,1515588578355,0.81463414,-0.024390243,0.49514562,0.81463414
2018-1-10T13-49-38,1515588578356,0.8341463,-0.024390243,0.44660193,0.8341463
2018-1-10T13-49-38,1515588578357,0.82439023,-0.043902438,0.407767,0.82439023
2018-1-10T13-49-38,1515588578358,0.84390247,-0.024390243,0.3883495,0.84390247
2018-1-10T13-49-38,1515588578359,0.7853659,-0.034146342,0.39805827,0.7853659
2018-1-10T13-49-38,1515588578360,0.76585364,-0.014634146,0.41747573,0.76585364
2018-1-10T13-49-38,1515588578361,0.79512197,-0.043902438,0.4563107,0.79512197
2018-1-10T13-49-38,1515588578362,0.82439023,-0.06341463,0.46601942,0.82439023
2018-1-10T13-49-38,1515588578363,0.85365856,-0.053658538,0.4563107,0.85365856
2018-1-10T13-49-38,1515588578364,0.8829268,-0.043902438,0.4368932,0.8829268
2018-1-10T13-49-38,1515588578365,0.87317073,-0.014634146,0.4563107,0.87317073
2018-1-10T13-49-38,1515588578366,0.87317073,0.043902438,0.46601942,0.87317073
2018-1-10T13-49-38,1515588578367,0.8829268,0.004878049,0.46601942,0.8829268
2018-1-10T13-49-38,1515588578368,0.87317073,-0.034146342,0.49514562,0.87317073
2018-1-10T13-49-38,1515588578369,0.86341465,-0.024390243,0.44660193,0.86341465
2018-1-10T13-49-38,1515588578370,0.8341463,-0.024390243,0.42718446,0.8341463
2018-1-10T13-49-38,1515588578371,0.8341463,-0.034146342,0.44660193,0.8341463
2018-1-10T13-49-38,1515588578372,0.80487806,-0.10243902,0.4563107,0.80487806
2018-1-10T13-49-38,1515588578373,0.84390247,-0.024390243,0.4563107,0.84390247
2018-1-10T13-49-38,1515588578374,0.84390247,-0.014634146,0.39805827,0.84390247
2018-1-10T13-49-38,1515588578375,0.8341463,-0.004878049,0.39805827,0.8341463
2018-1-10T13-49-38,1515588578376,0.81463414,-0.014634146,0.46601942,0.81463414
2018-1-10T13-49-38,1515588578377,0.81463414,-0.024390243,0.46601942,0.81463414
2018-1-10T13-49-38,1515588578378,0.82439023,-0.004878049,0.41747573,0.82439023
2018-1-10T13-49-38,1515588578379,0.84390247,0.004878049,0.407767,0.84390247
2018-1-10T13-49-38,1515588578380,0.86341465,0.004878049,0.44660193,0.86341465
2018-1-10T13-49-38,1515588578381,0.8829268,0.004878049,0.47572815,0.8829268
2018-1-10T13-49-38,1515588578382,0.87317073,-0.014634146,0.46601942,0.87317073
2018-1-10T13-49-38,1515588578383,0.9414634,-0.004878049,0.46601942,0.9414634
2018-1-10T13-49-38,1515588578384,0.87317073,0.004878049,0.41747573,0.87317073
2018-1-10T13-49-38,1515588578385,0.86341465,-0.014634146,0.44660193,0.86341465
2018-1-10T13-49-38,1515588578386,0.82439023,-0.014634146,0.47572815,0.82439023
2018-1-10T13-49-38,1515588578387,0.84390247,-0.034146342,0.47572815,0.84390247
2018-1-10T13-49-38,1515588578388,0.8341463,-0.034146342,0.41747573,0.8341463
2018-1-10T13-49-38,1515588578389,0.84390247,-0.024390243,0.42718446,0.84390247
2018-1-10T13-49-38,1515588578390,0.8341463,-0.024390243,0.4563107,0.8341463
2018-1-10T13-49-38,1515588578391,0.85365856,-0.034146342,0.5048544,0.85365856
2018-1-10T13-49-38,1515588578392,0.81463414,-0.034146342,0.4563107,0.81463414
2018-1-10T13-49-38,1515588578393,0.85365856,-0.024390243,0.407767,0.85365856
2018-1-10T13-49-38,1515588578394,0.84390247,-0.024390243,0.4368932,0.84390247
2018-1-10T13-49-38,1515588578395,0.8341463,-0.024390243,0.47572815,0.8341463
2018-1-10T13-49-38,1515588578396,0.8341463,-0.014634146,0.4368932,0.8341463
2018-1-10T13-49-38,1515588578397,0.84390247,-0.004878049,0.42718446,0.84390247
2018-1-10T13-49-38,1515588578398,0.86341465,-0.014634146,0.4563107,0.86341465
2018-1-10T13-49-38,1515588578399,0.86341465,-0.014634146,0.46601942,0.86341465
2018-1-10T13-49-38,1515588578400,0.87317073,-0.024390243,0.4368932,0.87317073
2018-1-10T13-49-38,1515588578401,0.85365856,-0.004878049,0.407767,0.85365856
2018-1-10T13-49-38,1515588578402,0.8926829,-0.014634146,0.407767,0.8926829
2018-1-10T13-49-38,1515588578403,0.79512197,0.004878049,0.42718446,0.79512197
2018-1-10T13-49-38,1515588578404,0.77560973,-0.014634146,0.4368932,0.77560973
2018-1-10T13-49-38,1515588578405,0.7853659,-0.053658538,0.407767,0.7853659
2018-1-10T13-49-38,1515588578406,0.82439023,-0.043902438,0.44660193,0.82439023
2018-1-10T13-49-38,1515588578407,0.85365856,-0.07317073,0.5048544,0.85365856
2018-1-10T13-49-38,1515588578408,0.87317073,-0.053658538,0.49514562,0.87317073
2018-1-10T13-49-38,1515588578409,0.92195123,-0.024390243,0.4563107,0.92195123
2018-1-10T13-49-38,1515588578410,0.8829268,0.004878049,0.42718446,0.8829268
2018-1-10T13-49-38,1515588578411,0.87317073,0.024390243,0.407767,0.87317073
2018-1-10T13-49-38,1515588578412,0.81463414,0.024390243,0.41747573,0.81463414
2018-1-10T13-49-38,1515588578413,0.79512197,0.014634146,0.4563107,0.79512197
2018-1-10T13-49-38,1515588578414,0.8341463,-0.004878049,0.44660193,0.8341463
2018-1-10T13-49-38,1515588578415,0.82439023,-0.004878049,0.37864077,0.82439023
2018-1-10T13-49-38,1515588578416,0.86341465,0.014634146,0.41747573,0.86341465
2018-1-10T13-49-38,1515588578417,0.85365856,-0.034146342,0.407767,0.85365856
2018-1-10T13-49-38,1515588578418,0.86341465,-0.034146342,0.52427185,0.86341465
2018-1-10T13-49-38,1515588578419,0.86341465,-0.024390243,0.44660193,0.86341465
2018-1-10T13-49-38,1515588578420,0.85365856,-0.004878049,0.42718446,0.85365856
2018-1-10T13-49-38,1515588578421,0.84390247,-0.014634146,0.4563107,0.84390247
2018-1-10T13-49-38,1515588578422,0.84390247,-0.034146342,0.4854369,0.84390247
2018-1-10T13-49-38,1515588578423,0.85365856,-0.043902438,0.4854369,0.85365856
2018-1-10T13-49-38,1515588578424,0.87317073,-0.043902438,0.42718446,0.87317073
2018-1-10T13-49-38,1515588578425,0.85365856,-0.034146342,0.42718446,0.85365856
2018-1-10T13-49-38,1515588578426,0.82439023,-0.053658538,0.42718446,0.82439023
2018-1-10T13-49-38,1515588578427,0.80487806,-0.024390243,0.4368932,0.80487806
2018-1-10T13-49-38,1515588578428,0.79512197,0.004878049,0.44660193,0.79512197
2018-1-10T13-49-38,1515588578429,0.82439023,0.004878049,0.37864077,0.82439023
2018-1-10T13-49-38,1515588578430,0.85365856,0.024390243,0.3883495,0.85365856
2018-1-10T13-49-38,1515588578431,0.87317073,0.024390243,0.4563107,0.87317073
2018-1-10T13-49-38,1515588578432,0.902439,0.053658538,0.49514562,0.902439
2018-1-10T13-49-38,1515588578433,0.8926829,-0.004878049,0.47572815,0.8926829
2018-1-10T13-49-38,1515588578434,0.8829268,-0.014634146,0.39805827,0.8829268
2018-1-10T13-49-38,1515588578435,0.86341465,-0.024390243,0.42718446,0.86341465
2018-1-10T13-49-38,1515588578436,0.8341463,-0.014634146,0.46601942,0.8341463
2018-1-10T13-49-38,1515588578437,0.81463414,-0.053658538,0.44660193,0.81463414
2018-1-10T13-49-38,1515588578438,0.80487806,-0.06341463,0.42718446,0.80487806
2018-1-10T13-49-38,1515588578439,0.79512197,-0.08292683,0.42718446,0.79512197
2018-1-10T13-49-38,1515588578440,0.82439023,-0.08292683,0.42718446,0.82439023
2018-1-10T13-49-38,1515588578441,0.7365854,-0.043902438,0.42718446,0.7365854
2018-1-10T13-49-38,1515588578442,0.8341463,-0.024390243,0.4368932,0.8341463
2018-1-10T13-49-38,1515588578443,0.84390247,-0.004878049,0.4368932,0.84390247
2018-1-10T13-49-38,1515588578444,0.8341463,-0.014634146,0.4563107,0.8341463
2018-1-10T13-49-38,1515588578445,0.85365856,-0.014634146,0.44660193,0.85365856
2018-1-10T13-49-38,1515588578446,0.8829268,0.014634146,0.4854369,0.8829268
2018-1-10T13-49-38,1515588578447,0.902439,-0.004878049,0.46601942,0.902439
2018-1-10T13-49-38,1515588578448,0.902439,-0.014634146,0.47572815,0.902439
2018-1-10T13-49-38,1515588578449,0.8926829,-0.004878049,0.46601942,0.8926829
2018-1-10T13-49-38,1515588578450,0.86341465,-0.004878049,0.41747573,0.86341465
2018-1-10T13-49-38,1515588578451,0.8341463,-0.014634146,0.4368932,0.8341463
2018-1-10T13-49-38,1515588578452,0.82439023,-0.024390243,0.46601942,0.82439023
2018-1-10T13-49-38,1515588578453,0.82439023,-0.034146342,0.4563107,0.82439023
2018-1-10T13-49-38,1515588578454,0.82439023,-0.034146342,0.39805827,0.82439023
2018-1-10T13-49-38,1515588578455,0.84390247,-0.024390243,0.42718446,0.84390247
2018-1-10T13-49-38,1515588578456,0.86341465,-0.034146342,0.47572815,0.86341465
2018-1-10T13-49-38,1515588578457,0.85365856,-0.08292683,0.46601942,0.85365856
2018-1-10T13-49-38,1515588578458,0.8341463,-0.014634146,0.407767,0.8341463
2018-1-10T13-49-38,1515588578459,0.84390247,-0.014634146,0.42718446,0.84390247
2018-1-10T13-49-38,1515588578460,0.82439023,-0.034146342,0.4854369,0.82439023
2018-1-10T13-49-38,1515588578461,0.84390247,-0.053658538,0.4563107,0.84390247
2018-1-10T13-49-38,1515588578462,0.81463414,-0.07317073,0.407767,0.81463414
2018-1-10T13-49-38,1515588578463,0.81463414,-0.043902438,0.41747573,0.81463414
2018-1-10T13-49-38,1515588578464,0.81463414,-0.06341463,0.4368932,0.81463414
2018-1-10T13-49-38,1515588578465,0.80487806,-0.034146342,0.4563107,0.80487806
2018-1-10T13-49-38,1515588578466,0.84390247,-0.024390243,0.42718446,0.84390247
2018-1-10T13-49-38,1515588578467,0.84390247,0.004878049,0.41747573,0.84390247
2018-1-10T13-49-38,1515588578468,0.84390247,0.004878049,0.41747573,0.84390247
2018-1-10T13-49-38,1515588578469,0.84390247,0.014634146,0.4563107,0.84390247
2018-1-10T13-49-38,1515588578470,0.86341465,-0.004878049,0.5048544,0.86341465
2018-1-10T13-49-38,1515588578471,0.902439,-0.024390243,0.49514562,0.902439
2018-1-10T13-49-38,1515588578472,0.902439,-0.024390243,0.5048544,0.902439
2018-1-10T13-49-38,1515588578473,0.8926829,-0.014634146,0.34951457,0.8926829
2018-1-10T13-49-38,1515588578474,0.85365856,-0.024390243,0.4368932,0.85365856
2018-1-10T13-49-38,1515588578475,0.84390247,-0.004878049,0.46601942,0.84390247
2018-1-10T13-49-38,1515588578476,0.8341463,-0.024390243,0.47572815,0.8341463
2018-1-10T13-49-38,1515588578477,0.8341463,0.004878049,0.42718446,0.8341463
2018-1-10T13-49-38,1515588578478,0.84390247,-0.014634146,0.42718446,0.84390247
2018-1-10T13-49-38,1515588578479,0.87317073,-0.004878049,0.44660193,0.87317073
2018-1-10T13-49-38,1515588578480,0.85365856,-0.024390243,0.46601942,0.85365856
2018-1-10T13-49-38,1515588578481,0.87317073,0.004878049,0.4563107,0.87317073
2018-1-10T13-49-38,1515588578482,0.87317073,0.004878049,0.4368932,0.87317073
2018-1-10T13-49-38,1515588578483,0.86341465,0.004878049,0.42718446,0.86341465
2018-1-10T13-49-38,1515588578484,0.82439023,0.024390243,0.41747573,0.82439023
2018-1-10T13-49-38,1515588578485,0.82439023,0.014634146,0.47572815,0.82439023
2018-1-10T13-49-38,1515588578486,0.82439023,0.034146342,0.47572815,0.82439023
2018-1-10T13-49-38,1515588578487,0.85365856,-0.024390243,0.4368932,0.85365856
2018-1-10T13-49-38,1515588578488,0.80487806,-0.024390243,0.44660193,0.80487806
2018-1-10T13-49-38,1515588578489,0.86341465,-0.024390243,0.3883495,0.86341465
2018-1-10T13-49-38,1515588578490,0.8341463,-0.053658538,0.4368932,0.8341463
2018-1-10T13-49-38,1515588578491,0.7853659,-0.07317073,0.4368932,0.7853659
2018-1-10T13-49-38,1515588578492,0.7853659,-0.09268293,0.41747573,0.7853659
2018-1-10T13-49-38,1515588578493,0.76585364,-0.10243902,0.44660193,0.76585364
2018-1-10T13-49-38,1515588578494,0.79512197,-0.12195122,0.4563107,0.79512197
2018-1-10T13-49-38,1515588578495,0.8341463,-0.07317073,0.47572815,0.8341463
2018-1-10T13-49-38,1515588578496,0.8829268,-0.053658538,0.30097088,0.8829268
2018-1-10T13-49-38,1515588578497,0.91219515,-0.004878049,0.46601942,0.91219515
2018-1-10T13-49-38,1515588578498,0.91219515,0.014634146,0.47572815,0.91219515
2018-1-10T13-49-38,1515588578499,0.92195123,0.024390243,0.4854369,0.92195123
2018-1-10T13-49-38,1515588578500,0.91219515,0.034146342,0.46601942,0.91219515
2018-1-10T13-49-38,1515588578501,0.8829268,0.024390243,0.44660193,0.8829268
2018-1-10T13-49-38,1515588578502,0.85365856,0.004878049,0.41747573,0.85365856
2018-1-10T13-49-38,1515588578503,0.82439023,-0.024390243,0.42718446,0.82439023
2018-1-10T13-49-38,1515588578504,0.80487806,-0.024390243,0.44660193,0.80487806
2018-1-10T13-49-38,1515588578505,0.82439023,-0.053658538,0.42718446,0.82439023
2018-1-10T13-49-38,1515588578506,0.80487806,0.024390243,0.36893204,0.80487806
2018-1-10T13-49-38,1515588578507,0.80487806,-0.004878049,0.36893204,0.80487806
2018-1-10T13-49-38,1515588578508,0.77560973,0.004878049,0.4368932,0.77560973
2018-1-10T13-49-38,1515588578509,0.80487806,0.004878049,0.4563107,0.80487806
2018-1-10T13-49-38,1515588578510,0.85365856,0.024390243,0.44660193,0.85365856
2018-1-10T13-49-38,1515588578511,0.8829268,0.043902438,0.44660193,0.8829268
2018-1-10T13-49-38,1515588578512,0.8926829,0.004878049,0.4368932,0.8926829
2018-1-10T13-49-38,1515588578513,0.902439,-0.014634146,0.47572815,0.902439
2018-1-10T13-49-38,1515588578514,0.902439,0.014634146,0.46601942,0.902439
2018-1-10T13-49-38,1515588578515,0.87317073,0.014634146,0.4563107,0.87317073
2018-1-10T13-49-38,1515588578516,0.8829268,-0.004878049,0.4368932,0.8829268
2018-1-10T13-49-38,1515588578517,0.84390247,-0.004878049,0.4368932,0.84390247
2018-1-10T13-49-38,1515588578518,0.84390247,-0.014634146,0.4563107,0.84390247
2018-1-10T13-49-38,1515588578519,0.84390247,-0.034146342,0.46601942,0.84390247
2018-1-10T13-49-38,1515588578520,0.84390247,-0.024390243,0.44660193,0.84390247
2018-1-10T13-49-38,1515588578521,0.86341465,-0.06341463,0.4563107,0.86341465
2018-1-10T13-49-38,1515588578522,0.85365856,-0.053658538,0.4563107,0.85365856
2018-1-10T13-49-38,1515588578523,0.85365856,-0.07317073,0.46601942,0.85365856
2018-1-10T13-49-38,1515588578524,0.82439023,-0.06341463,0.47572815,0.82439023
2018-1-10T13-49-38,1515588578525,0.8341463,-0.053658538,0.4563107,0.8341463
2018-1-10T13-49-38,1515588578526,0.8341463,-0.07317073,0.407767,0.8341463
2018-1-10T13-49-38,1515588578527,0.80487806,-0.06341463,0.407767,0.80487806
2018-1-10T13-49-38,1515588578528,0.82439023,-0.043902438,0.42718446,0.82439023
2018-1-10T13-49-38,1515588578529,0.82439023,-0.034146342,0.42718446,0.82439023
2018-1-10T13-49-38,1515588578530,0.81463414,-0.014634146,0.4368932,0.81463414
2018-1-10T13-49-38,1515588578531,0.84390247,0.014634146,0.41747573,0.84390247
2018-1-10T13-49-38,1515588578532,0.86341465,0.034146342,0.42718446,0.86341465
2018-1-10T13-49-38,1515588578533,0.85365856,0.034146342,0.44660193,0.85365856
2018-1-10T13-49-38,1515588578534,0.8926829,0.034146342,0.5048544,0.8926829
2018-1-10T13-49-38,1515588578535,0.91219515,0.07317073,0.52427185,0.91219515
2018-1-10T13-49-38,1515588578536,0.91219515,0.12195122,0.4368932,0.91219515
2018-1-10T13-49-38,1515588578537,0.86341465,0.014634146,0.42718446,0.86341465
2018-1-10T13-49-38,1515588578538,0.85365856,-0.024390243,0.46601942,0.85365856
2018-1-10T13-49-38,1515588578539,0.79512197,-0.043902438,0.4368932,0.79512197
2018-1-10T13-49-38,1515588578540,0.76585364,-0.09268293,0.39805827,0.76585364
2018-1-10T13-49-38,1515588578541,0.77560973,-0.043902438,0.37864077,0.77560973
2018-1-10T13-49-38,1515588578542,0.79512197,-0.043902438,0.41747573,0.79512197
2018-1-10T13-49-38,1515588578543,0.79512197,-0.053658538,0.4368932,0.79512197
2018-1-10T13-49-38,1515588578544,0.82439023,-0.024390243,0.4368932,0.82439023
2018-1-10T13-49-38,1515588578545,0.85365856,-0.004878049,0.44660193,0.85365856
2018-1-10T13-49-38,1515588578546,0.8829268,0.004878049,0.46601942,0.8829268
2018-1-10T13-49-38,1515588578547,0.8829268,0.014634146,0.44660193,0.8829268
2018-1-10T13-49-38,1515588578548,0.8829268,0.024390243,0.44660193,0.8829268
2018-1-10T13-49-38,1515588578549,0.8926829,0.014634146,0.29126215,0.8926829
2018-1-10T13-49-38,1515588578550,0.91219515,0.014634146,0.5339806,0.91219515
2018-1-10T13-49-38,1515588578551,0.86341465,-0.004878049,0.44660193,0.86341465
2018-1-10T13-49-38,1515588578552,0.8829268,-0.004878049,0.39805827,0.8829268
2018-1-10T13-49-38,1515588578553,0.85365856,-0.004878049,0.46601942,0.85365856
2018-1-10T13-49-38,1515588578554,0.81463414,-0.053658538,0.49514562,0.81463414
2018-1-10T13-49-38,1515588578555,0.81463414,-0.06341463,0.44660193,0.81463414
2018-1-10T13-49-38,1515588578556,0.7853659,-0.06341463,0.42718446,0.7853659
2018-1-10T13-49-38,1515588578557,0.80487806,-0.06341463,0.4563107,0.80487806
2018-1-10T13-49-38,1515588578558,0.84390247,-0.07317073,0.49514562,0.84390247
2018-1-10T13-49-38,1515588578559,0.84390247,-0.07317073,0.46601942,0.84390247
2018-1-10T13-49-38,1515588578560,0.84390247,-0.034146342,0.407767,0.84390247
2018-1-10T13-49-38,1515588578561,0.8341463,-0.043902438,0.41747573,0.8341463
2018-1-10T13-49-38,1515588578562,0.82439023,-0.034146342,0.4368932,0.82439023
2018-1-10T13-49-38,1515588578563,0.80487806,-0.024390243,0.42718446,0.80487806
2018-1-10T13-49-38,1515588578564,0.82439023,-0.014634146,0.4368932,0.82439023
2018-1-10T13-49-38,1515588578565,0.81463414,-0.014634146,0.4368932,0.81463414
2018-1-10T13-49-38,1515588578566,0.87317073,0.004878049,0.49514562,0.87317073
2018-1-10T13-49-38,1515588578567,0.902439,0.014634146,0.4563107,0.902439
2018-1-10T13-49-38,1515588578568,0.91219515,0.024390243,0.46601942,0.91219515
2018-1-10T13-49-38,1515588578569,0.92195123,0.024390243,0.46601942,0.92195123
2018-1-10T13-49-38,1515588578570,0.8926829,0.004878049,0.47572815,0.8926829
2018-1-10T13-49-38,1515588578571,0.86341465,0.07317073,0.46601942,0.86341465
2018-1-10T13-49-38,1515588578572,0.86341465,-0.024390243,0.46601942,0.86341465
2018-1-10T13-49-38,1515588578573,0.84390247,-0.053658538,0.407767,0.84390247
2018-1-10T13-49-38,1515588578574,0.79512197,-0.043902438,0.42718446,0.79512197
2018-1-10T13-49-38,1515588578575,0.79512197,-0.053658538,0.42718446,0.79512197
2018-1-10T13-49-38,1515588578576,0.7853659,0.004878049,0.5339806,0.7853659
2018-1-10T13-49-38,1515588578577,0.7853659,-0.06341463,0.42718446,0.7853659
2018-1-10T13-49-38,1515588578578,0.82439023,-0.034146342,0.36893204,0.82439023
2018-1-10T13-49-38,1515588578579,0.82439023,-0.053658538,0.39805827,0.82439023
2018-1-10T13-49-38,1515588578580,0.81463414,-0.043902438,0.44660193,0.81463414
2018-1-10T13-49-38,1515588578581,0.8341463,-0.024390243,0.46601942,0.8341463
2018-1-10T13-49-38,1515588578582,0.85365856,-0.014634146,0.4563107,0.85365856
2018-1-10T13-49-38,1515588578583,0.8829268,-0.014634146,0.4563107,0.8829268
2018-1-10T13-49-38,1515588578584,0.902439,0.014634146,0.4854369,0.902439
2018-1-10T13-49-38,1515588578585,0.91219515,0.034146342,0.49514562,0.91219515
2018-1-10T13-49-38,1515588578586,0.9317073,0.053658538,0.46601942,0.9317073
2018-1-10T13-49-38,1515588578587,0.902439,0.053658538,0.4368932,0.902439
2018-1-10T13-49-38,1515588578588,0.8829268,0.034146342,0.42718446,0.8829268
2018-1-10T13-49-38,1515588578589,0.85365856,0.014634146,0.407767,0.85365856
2018-1-10T13-49-38,1515588578590,0.80487806,-0.004878049,0.42718446,0.80487806
2018-1-10T13-49-38,1515588578591,0.80487806,-0.024390243,0.3883495,0.80487806
2018-1-10T13-49-38,1515588578592,0.76585364,-0.053658538,0.36893204,0.76585364
2018-1-10T13-49-38,1515588578593,0.80487806,-0.09268293,0.49514562,0.80487806
2018-1-10T13-49-38,1515588578594,0.8341463,-0.09268293,0.4854369,0.8341463
2018-1-10T13-49-38,1515588578595,0.8341463,-0.06341463,0.44660193,0.8341463
2018-1-10T13-49-38,1515588578596,0.80487806,-0.06341463,0.407767,0.80487806
2018-1-10T13-49-38,1515588578597,0.8341463,-0.053658538,0.4368932,0.8341463
2018-1-10T13-49-38,1515588578598,0.82439023,-0.024390243,0.46601942,0.82439023
2018-1-10T13-49-38,1515588578599,0.85365856,-0.034146342,0.47572815,0.85365856
2018-1-10T13-49-38,1515588578600,0.84390247,-0.014634146,0.42718446,0.84390247
2018-1-10T13-49-38,1515588578601,0.87317073,-0.004878049,0.407767,0.87317073
2018-1-10T13-49-38,1515588578602,0.84390247,-0.004878049,0.4368932,0.84390247
2018-1-10T13-49-38,1515588578603,0.85365856,-0.014634146,0.46601942,0.85365856
2018-1-10T13-49-38,1515588578604,0.86341465,-0.014634146,0.4368932,0.86341465
2018-1-10T13-49-38,1515588578605,0.84390247,-0.014634146,0.42718446,0.84390247
2018-1-10T13-49-38,1515588578606,0.85365856,-0.024390243,0.42718446,0.85365856
2018-1-10T13-49-38,1515588578607,0.80487806,0.004878049,0.4563107,0.80487806
2018-1-10T13-49-38,1515588578608,0.86341465,-0.014634146,0.5145631,0.86341465
2018-1-10T13-49-38,1515588578609,0.8926829,-0.014634146,0.4854369,0.8926829
2018-1-10T13-49-38,1515588578610,0.8926829,-0.024390243,0.4563107,0.8926829
2018-1-10T13-49-38,1515588578611,0.8829268,-0.024390243,0.4368932,0.8829268
2018-1-10T13-49-38,1515588578612,0.86341465,-0.004878049,0.4368932,0.86341465
2018-1-10T13-49-38,1515588578613,0.77560973,-0.014634146,0.41747573,0.77560973
2018-1-10T13-49-38,1515588578614,0.79512197,-0.024390243,0.39805827,0.79512197
2018-1-10T13-49-38,1515588578615,0.76585364,-0.014634146,0.37864077,0.76585364
2018-1-10T13-49-38,1515588578616,0.75609756,-0.034146342,0.3883495,0.75609756
2018-1-10T13-49-38,1515588578617,0.77560973,-0.053658538,0.407767,0.77560973
2018-1-10T13-49-38,1515588578618,0.76585364,-0.034146342,0.4368932,0.76585364
2018-1-10T13-49-38,1515588578619,0.87317073,-0.043902438,0.47572815,0.87317073
2018-1-10T13-49-38,1515588578620,0.87317073,-0.034146342,0.46601942,0.87317073
2018-1-10T13-49-38,1515588578621,0.8829268,0.014634146,0.42718446,0.8829268
2018-1-10T13-49-38,1515588578622,0.902439,0.043902438,0.4563107,0.902439
2018-1-10T13-49-38,1515588578623,0.92195123,0.024390243,0.52427185,0.92195123
2018-1-10T13-49-38,1515588578624,0.8926829,0.004878049,0.5048544,0.8926829
2018-1-10T13-49-38,1515588578625,0.902439,-0.004878049,0.42718446,0.902439
2018-1-10T13-49-38,1515588578626,0.8926829,-0.034146342,0.41747573,0.8926829
2018-1-10T13-49-38,1515588578627,0.87317073,-0.053658538,0.4854369,0.87317073
2018-1-10T13-49-38,1515588578628,0.8829268,-0.043902438,0.47572815,0.8829268
2018-1-10T13-49-38,1515588578629,0.86341465,-0.034146342,0.4563107,0.86341465
2018-1-10T13-49-38,1515588578630,0.87317073,-0.014634146,0.44660193,0.87317073
2018-1-10T13-49-38,1515588578631,0.86341465,0.034146342,0.42718446,0.86341465
2018-1-10T13-49-38,1515588578632,0.8341463,-0.034146342,0.44660193,0.8341463
2018-1-10T13-49-38,1515588578633,0.82439023,-0.024390243,0.4563107,0.82439023
2018-1-10T13-49-38,1515588578634,0.82439023,-0.053658538,0.4563107,0.82439023
2018-1-10T13-49-38,1515588578635,0.79512197,-0.06341463,0.3883495,0.79512197
2018-1-10T13-49-38,1515588578636,0.76585364,-0.06341463,0.36893204,0.76585364
2018-1-10T13-49-38,1515588578637,0.7365854,-0.053658538,0.3883495,0.7365854
2018-1-10T13-49-38,1515588578638,0.7365854,-0.043902438,0.36893204,0.7365854
2018-1-10T13-49-38,1515588578639,0.75609756,0.024390243,0.39805827,0.75609756
2018-1-10T13-49-38,1515588578640,0.80487806,-0.004878049,0.39805827,0.80487806
2018-1-10T13-49-38,1515588578641,0.87317073,-0.004878049,0.47572815,0.87317073
2018-1-10T13-49-38,1515588578642,0.9414634,0.024390243,0.5339806,0.9414634
2018-1-10T13-49-38,1515588578643,0.9804878,-0.024390243,0.47572815,0.9804878
2018-1-10T13-49-38,1515588578644,0.9609756,0.014634146,0.46601942,0.9609756
2018-1-10T13-49-38,1515588578645,0.9317073,0.024390243,0.5145631,0.9317073
2018-1-10T13-49-38,1515588578646,0.8829268,-0.014634146,0.52427185,0.8829268
2018-1-10T13-49-38,1515588578647,0.85365856,-0.014634146,0.4563107,0.85365856
2018-1-10T13-49-38,1515588578648,0.8341463,-0.024390243,0.37864077,0.8341463
2018-1-10T13-49-38,1515588578649,0.8926829,-0.034146342,0.3883495,0.8926829
2018-1-10T13-49-38,1515588578650,0.79512197,-0.06341463,0.4368932,0.79512197
2018-1-10T13-49-38,1515588578651,0.77560973,-0.07317073,0.4368932,0.77560973
2018-1-10T13-49-38,1515588578652,0.7853659,-0.053658538,0.3883495,0.7853659
2018-1-10T13-49-38,1515588578653,0.81463414,-0.034146342,0.44660193,0.81463414
2018-1-10T13-49-38,1515588578654,0.84390247,-0.043902438,0.47572815,0.84390247
2018-1-10T13-49-38,1515588578655,0.85365856,-0.004878049,0.44660193,0.85365856
2018-1-10T13-49-38,1515588578656,0.87317073,-0.004878049,0.4368932,0.87317073
2018-1-10T13-49-38,1515588578657,0.8926829,0.034146342,0.44660193,0.8926829
2018-1-10T13-49-38,1515588578658,0.8829268,0.014634146,0.47572815,0.8829268
2018-1-10T13-49-38,1515588578659,0.87317073,-0.004878049,0.5048544,0.87317073
2018-1-10T13-49-38,1515588578660,0.85365856,-0.004878049,0.42718446,0.85365856
2018-1-10T13-49-38,1515588578661,0.82439023,0.004878049,0.41747573,0.82439023
2018-1-10T13-49-38,1515588578662,0.8341463,0.004878049,0.41747573,0.8341463
2018-1-10T13-49-38,1515588578663,0.82439023,-0.004878049,0.41747573,0.82439023
2018-1-10T13-49-38,1515588578664,0.85365856,-0.014634146,0.42718446,0.85365856
2018-1-10T13-49-38,1515588578665,0.84390247,-0.024390243,0.44660193,0.84390247
2018-1-10T13-49-38,1515588578666,0.85365856,-0.024390243,0.5048544,0.85365856
2018-1-10T13-49-38,1515588578667,0.87317073,-0.06341463,0.49514562,0.87317073
2018-1-10T13-49-38,1515588578668,0.85365856,-0.053658538,0.49514562,0.85365856
2018-1-10T13-49-38,1515588578669,0.85365856,-0.043902438,0.46601942,0.85365856
2018-1-10T13-49-38,1515588578670,0.86341465,-0.053658538,0.4368932,0.86341465
2018-1-10T13-49-38,1515588578671,0.8341463,-0.053658538,0.44660193,0.8341463
2018-1-10T13-49-38,1515588578672,0.81463414,-0.043902438,0.3883495,0.81463414
2018-1-10T13-49-38,1515588578673,0.79512197,-0.07317073,0.407767,0.79512197
2018-1-10T13-49-38,1515588578674,0.77560973,-0.053658538,0.41747573,0.77560973
2018-1-10T13-49-38,1515588578675,0.82439023,-0.043902438,0.47572815,0.82439023
2018-1-10T13-49-38,1515588578676,0.86341465,-0.024390243,0.5048544,0.86341465
2018-1-10T13-49-38,1515588578677,0.92195123,-0.024390243,0.47572815,0.92195123
2018-1-10T13-49-38,1515588578678,0.92195123,0.014634146,0.46601942,0.92195123
2018-1-10T13-49-38,1515588578679,1.0,0.08292683,0.5048544,1.0
2018-1-10T13-49-38,1515588578680,0.91219515,0.014634146,0.5048544,0.91219515
2018-1-10T13-49-38,1515588578681,0.86341465,0.014634146,0.44660193,0.86341465
2018-1-10T13-49-38,1515588578682,0.81463414,0.014634146,0.39805827,0.81463414
2018-1-10T13-49-38,1515588578683,0.79512197,-0.024390243,0.41747573,0.79512197
2018-1-10T13-49-38,1515588578684,0.77560973,-0.043902438,0.407767,0.77560973
2018-1-10T13-49-38,1515588578685,0.76585364,-0.043902438,0.3592233,0.76585364
2018-1-10T13-49-38,1515588578686,0.77560973,-0.034146342,0.3592233,0.77560973
2018-1-10T13-49-38,1515588578687,0.77560973,-0.024390243,0.39805827,0.77560973
2018-1-10T13-49-38,1515588578688,0.7853659,-0.034146342,0.44660193,0.7853659
2018-1-10T13-49-38,1515588578689,0.84390247,-0.034146342,0.5048544,0.84390247
2018-1-10T13-49-38,1515588578690,0.91219515,-0.034146342,0.4854369,0.91219515
2018-1-10T13-49-38,1515588578691,0.91219515,-0.014634146,0.46601942,0.91219515
2018-1-10T13-49-38,1515588578692,0.91219515,0.014634146,0.46601942,0.91219515
2018-1-10T13-49-38,1515588578693,0.9317073,0.004878049,0.5145631,0.9317073
2018-1-10T13-49-38,1515588578694,0.8829268,0.004878049,0.5048544,0.8829268
2018-1-10T13-49-38,1515588578695,0.87317073,0.014634146,0.4368932,0.87317073
2018-1-10T13-49-38,1515588578696,0.87317073,0.043902438,0.407767,0.87317073
2018-1-10T13-49-38,1515588578697,0.84390247,0.024390243,0.4368932,0.84390247
2018-1-10T13-49-38,1515588578698,0.86341465,0.043902438,0.41747573,0.86341465
2018-1-10T13-49-38,1515588578699,0.84390247,0.034146342,0.4368932,0.84390247
2018-1-10T13-49-38,1515588578700,0.84390247,-0.034146342,0.4563107,0.84390247
2018-1-10T13-49-38,1515588578701,0.81463414,-0.053658538,0.4563107,0.81463414
2018-1-10T13-49-38,1515588578702,0.82439023,-0.08292683,0.4368932,0.82439023
2018-1-10T13-49-38,1515588578703,0.80487806,-0.10243902,0.41747573,0.80487806
2018-1-10T13-49-38,1515588578704,0.7853659,-0.08292683,0.42718446,0.7853659
2018-1-10T13-49-38,1515588578705,0.79512197,-0.08292683,0.4854369,0.79512197
2018-1-10T13-49-38,1515588578706,0.84390247,-0.07317073,0.46601942,0.84390247
2018-1-10T13-49-38,1515588578707,0.85365856,-0.043902438,0.407767,0.85365856
2018-1-10T13-49-38,1515588578708,0.86341465,-0.004878049,0.39805827,0.86341465
2018-1-10T13-49-38,1515588578709,0.85365856,-0.024390243,0.47572815,0.85365856
2018-1-10T13-49-38,1515588578710,0.85365856,-0.024390243,0.4368932,0.85365856
2018-1-10T13-49-38,1515588578711,0.82439023,0.014634146,0.3883495,0.82439023
2018-1-10T13-49-38,1515588578712,0.8341463,0.014634146,0.42718446,0.8341463
2018-1-10T13-49-38,1515588578713,0.86341465,0.004878049,0.49514562,0.86341465
2018-1-10T13-49-38,1515588578714,0.87317073,-0.014634146,0.42718446,0.87317073
2018-1-10T13-49-38,1515588578715,0.87317073,0.004878049,0.41747573,0.87317073
2018-1-10T13-49-38,1515588578716,0.8829268,-0.004878049,0.42718446,0.8829268
2018-1-10T13-49-38,1515588578717,0.79512197,-0.034146342,0.46601942,0.79512197
2018-1-10T13-49-38,1515588578718,0.82439023,-0.043902438,0.47572815,0.82439023
2018-1-10T13-49-38,1515588578719,0.81463414,-0.043902438,0.4563107,0.81463414
2018-1-10T13-49-38,1515588578720,0.84390247,-0.053658538,0.46601942,0.84390247
2018-1-10T13-49-38,1515588578721,0.86341465,-0.034146342,0.44660193,0.86341465
2018-1-10T13-49-38,1515588578722,0.85365856,-0.004878049,0.39805827,0.85365856
2018-1-10T13-49-38,1515588578723,0.85365856,-0.004878049,0.41747573,0.85365856
2018-1-10T13-49-38,1515588578724,0.85365856,0.024390243,0.4563107,0.85365856
2018-1-10T13-49-38,1515588578725,0.84390247,0.024390243,0.44660193,0.84390247
2018-1-10T13-49-38,1515588578726,0.85365856,0.014634146,0.42718446,0.85365856
2018-1-10T13-49-38,1515588578727,0.85365856,0.024390243,0.4368932,0.85365856
2018-1-10T13-49-38,1515588578728,0.85365856,0.014634146,0.46601942,0.85365856
2018-1-10T13-49-38,1515588578729,0.87317073,-0.004878049,0.4563107,0.87317073
2018-1-10T13-49-38,1515588578730,0.86341465,-0.004878049,0.42718446,0.86341465
2018-1-10T13-49-38,1515588578731,0.85365856,-0.024390243,0.39805827,0.85365856
2018-1-10T13-49-38,1515588578732,0.8341463,-0.043902438,0.42718446,0.8341463
2018-1-10T13-49-38,1515588578733,0.80487806,-0.053658538,0.47572815,0.80487806
2018-1-10T13-49-38,1515588578734,0.82439023,-0.06341463,0.47572815,0.82439023
2018-1-10T13-49-38,1515588578735,0.8341463,-0.06341463,0.4368932,0.8341463
2018-1-10T13-49-38,1515588578736,0.85365856,-0.014634146,0.407767,0.85365856
2018-1-10T13-49-38,1515588578737,0.87317073,-0.024390243,0.407767,0.87317073
2018-1-10T13-49-38,1515588578738,1.3609756,-0.014634146,0.46601942,1.3609756
2018-1-10T13-49-38,1515588578739,0.85365856,-0.014634146,0.42718446,0.85365856
2018-1-10T13-49-38,1515588578740,0.7853659,-0.014634146,0.41747573,0.7853659
2018-1-10T13-49-38,1515588578741,0.81463414,-0.024390243,0.4563107,0.81463414
2018-1-10T13-49-38,1515588578742,0.84390247,-0.024390243,0.46601942,0.84390247
2018-1-10T13-49-38,1515588578743,0.86341465,-0.014634146,0.44660193,0.86341465
2018-1-10T13-49-38,1515588578744,0.86341465,-0.024390243,0.44660193,0.86341465
2018-1-10T13-49-38,1515588578745,0.8829268,-0.024390243,0.4368932,0.8829268
2018-1-10T13-49-38,1515588578746,0.86341465,-0.024390243,0.46601942,0.86341465
2018-1-10T13-49-38,1515588578747,0.84390247,-0.024390243,0.44660193,0.84390247
2018-1-10T13-49-38,1515588578748,0.82439023,-0.13170731,0.44660193,0.82439023
2018-1-10T13-49-38,1515588578749,0.81463414,-0.024390243,0.47572815,0.81463414
2018-1-10T13-49-38,1515588578750,0.82439023,-0.034146342,0.4563107,0.82439023
2018-1-10T13-49-38,1515588578751,0.8829268,-0.024390243,0.44660193,0.8829268
2018-1-10T13-49-38,1515588578752,0.87317073,-0.024390243,0.44660193,0.87317073
2018-1-10T13-49-38,1515588578753,0.86341465,-0.014634146,0.42718446,0.86341465
2018-1-10T13-49-38,1515588578754,0.84390247,0.004878049,0.46601942,0.84390247
2018-1-10T13-49-38,1515588578755,0.84390247,-0.004878049,0.4368932,0.84390247
2018-1-10T13-49-38,1515588578756,0.81463414,0.004878049,0.42718446,0.81463414
2018-1-10T13-49-38,1515588578757,0.82439023,0.014634146,0.42718446,0.82439023
2018-1-10T13-49-38,1515588578758,0.85365856,-0.053658538,0.52427185,0.85365856
2018-1-10T13-49-38,1515588578759,0.85365856,-0.024390243,0.4563107,0.85365856
2018-1-10T13-49-38,1515588578760,0.85365856,-0.004878049,0.37864077,0.85365856
2018-1-10T13-49-38,1515588578761,0.84390247,-0.024390243,0.39805827,0.84390247
2018-1-10T13-49-38,1515588578762,0.80487806,-0.053658538,0.46601942,0.80487806
2018-1-10T13-49-38,1515588578763,0.80487806,-0.06341463,0.44660193,0.80487806
2018-1-10T13-49-38,1515588578764,0.79512197,-0.06341463,0.41747573,0.79512197
2018-1-10T13-49-38,1515588578765,0.82439023,-0.06341463,0.44660193,0.82439023
2018-1-10T13-49-38,1515588578766,0.85365856,-0.053658538,0.5048544,0.85365856
2018-1-10T13-49-38,1515588578767,0.8926829,-0.053658538,0.49514562,0.8926829
2018-1-10T13-49-38,1515588578768,0.92195123,-0.024390243,0.4563107,0.92195123
2018-1-10T13-49-38,1515588578769,0.92195123,0.004878049,0.4563107,0.92195123
2018-1-10T13-49-38,1515588578770,0.81463414,0.004878049,0.4854369,0.81463414
2018-1-10T13-49-38,1515588578771,0.86341465,0.004878049,0.47572815,0.86341465
2018-1-10T13-49-38,1515588578772,0.84390247,0.034146342,0.42718446,0.84390247
2018-1-10T13-49-38,1515588578773,0.80487806,0.004878049,0.3883495,0.80487806
2018-1-10T13-49-38,1515588578774,0.8341463,0.014634146,0.407767,0.8341463
2018-1-10T13-49-38,1515588578775,0.84390247,-0.004878049,0.4368932,0.84390247
2018-1-10T13-49-38,1515588578776,0.8341463,-0.004878049,0.44660193,0.8341463
2018-1-10T13-49-38,1515588578777,0.8341463,-0.043902438,0.44660193,0.8341463
2018-1-10T13-49-38,1515588578778,0.82439023,-0.024390243,0.407767,0.82439023
2018-1-10T13-49-38,1515588578779,0.7853659,-0.034146342,0.44660193,0.7853659
2018-1-10T13-49-38,1515588578780,0.8341463,-0.024390243,0.4368932,0.8341463
2018-1-10T13-49-38,1515588578781,0.86341465,-0.034146342,0.5048544,0.86341465
2018-1-10T13-49-38,1515588578782,0.86341465,-0.024390243,0.4854369,0.86341465
2018-1-10T13-49-38,1515588578783,0.8829268,-0.014634146,0.46601942,0.8829268
2018-1-10T13-49-38,1515588578784,0.92195123,-0.014634146,0.44660193,0.92195123
2018-1-10T13-49-38,1515588578785,0.8829268,0.004878049,0.4368932,0.8829268
2018-1-10T13-49-38,1515588578786,0.87317073,0.014634146,0.4563107,0.87317073
2018-1-10T13-49-38,1515588578787,0.85365856,-0.014634146,0.4563107,0.85365856
2018-1-10T13-49-38,1515588578788,0.82439023,-0.034146342,0.47572815,0.82439023
2018-1-10T13-49-38,1515588578789,0.84390247,-0.024390243,0.44660193,0.84390247
2018-1-10T13-49-38,1515588578790,0.8341463,-0.024390243,0.41747573,0.8341463
2018-1-10T13-49-38,1515588578791,0.8341463,-0.06341463,0.4368932,0.8341463
2018-1-10T13-49-38,1515588578792,0.86341465,-0.053658538,0.42718446,0.86341465
2018-1-10T13-49-38,1515588578793,0.80487806,-0.034146342,0.4368932,0.80487806
2018-1-10T13-49-38,1515588578794,0.82439023,-0.034146342,0.42718446,0.82439023
2018-1-10T13-49-38,1515588578795,0.7853659,-0.043902438,0.39805827,0.7853659
2018-1-10T13-49-38,1515588578796,0.80487806,-0.024390243,0.407767,0.80487806
2018-1-10T13-49-38,1515588578797,0.82439023,-0.004878049,0.44660193,0.82439023
2018-1-10T13-49-38,1515588578798,0.85365856,-0.004878049,0.44660193,0.85365856
2018-1-10T13-49-38,1515588578799,0.85365856,-0.014634146,0.41747573,0.85365856
2018-1-10T13-49-38,1515588578800,0.85365856,-0.004878049,0.407767,0.85365856
2018-1-10T13-49-38,1515588578801,0.84390247,-0.034146342,0.5048544,0.84390247
2018-1-10T13-49-38,1515588578802,0.77560973,0.004878049,0.49514562,0.77560973
2018-1-10T13-49-38,1515588578803,0.8341463,-0.043902438,0.4563107,0.8341463
2018-1-10T13-49-38,1515588578804,0.85365856,-0.014634146,0.42718446,0.85365856
2018-1-10T13-49-38,1515588578805,0.86341465,-0.014634146,0.47572815,0.86341465
2018-1-10T13-49-38,1515588578806,0.86341465,-0.014634146,0.5145631,0.86341465
2018-1-10T13-49-38,1515588578807,0.8829268,-0.014634146,0.5048544,0.8829268
2018-1-10T13-49-38,1515588578808,0.902439,-0.004878049,0.47572815,0.902439
2018-1-10T13-49-38,1515588578809,0.8926829,-0.024390243,0.4563107,0.8926829
2018-1-10T13-49-38,1515588578810,0.87317073,-0.014634146,0.407767,0.87317073
2018-1-10T13-49-38,1515588578811,0.82439023,-0.024390243,0.407767,0.82439023
2018-1-10T13-49-38,1515588578812,0.77560973,-0.08292683,0.44660193,0.77560973
2018-1-10T13-49-38,1515588578813,0.7853659,-0.06341463,0.4368932,0.7853659
2018-1-10T13-49-38,1515588578814,0.79512197,-0.034146342,0.44660193,0.79512197
2018-1-10T13-49-38,1515588578815,0.81463414,-0.034146342,0.3883495,0.81463414
2018-1-10T13-49-38,1515588578816,0.84390247,-0.004878049,0.4368932,0.84390247
2018-1-10T13-49-38,1515588578817,0.85365856,-0.004878049,0.4563107,0.85365856
2018-1-10T13-49-38,1515588578818,0.86341465,0.004878049,0.39805827,0.86341465
2018-1-10T13-49-38,1515588578819,0.84390247,0.034146342,0.41747573,0.84390247
2018-1-10T13-49-38,1515588578820,0.84390247,-0.004878049,0.4563107,0.84390247
2018-1-10T13-49-38,1515588578821,0.8341463,-0.014634146,0.47572815,0.8341463
2018-1-10T13-49-38,1515588578822,0.85365856,-0.08292683,0.4563107,0.85365856
2018-1-10T13-49-38,1515588578823,0.85365856,-0.034146342,0.37864077,0.85365856
2018-1-10T13-49-38,1515588578824,0.86341465,-0.053658538,0.47572815,0.86341465
2018-1-10T13-49-38,1515588578825,0.86341465,-0.053658538,0.49514562,0.86341465
2018-1-10T13-49-38,1515588578826,0.8926829,0.004878049,0.5048544,0.8926829
2018-1-10T13-49-38,1515588578827,0.8829268,-0.053658538,0.44660193,0.8829268
2018-1-10T13-49-38,1515588578828,0.87317073,-0.024390243,0.4563107,0.87317073
2018-1-10T13-49-38,1515588578829,0.86341465,-0.034146342,0.47572815,0.86341465
2018-1-10T13-49-38,1515588578830,0.8341463,-0.024390243,0.46601942,0.8341463
2018-1-10T13-49-38,1515588578831,0.81463414,-0.024390243,0.4563107,0.81463414
2018-1-10T13-49-38,1515588578832,0.85365856,-0.034146342,0.44660193,0.85365856
2018-1-10T13-49-38,1515588578833,0.87317073,-0.014634146,0.41747573,0.87317073
2018-1-10T13-49-38,1515588578834,0.84390247,-0.004878049,0.3883495,0.84390247
2018-1-10T13-49-38,1515588578835,0.8341463,0.004878049,0.4563107,0.8341463
2018-1-10T13-49-38,1515588578836,0.8341463,0.004878049,0.4563107,0.8341463
2018-1-10T13-49-38,1515588578837,0.8341463,0.004878049,0.39805827,0.8341463
2018-1-10T13-49-38,1515588578838,0.80487806,0.004878049,0.37864077,0.80487806
2018-1-10T13-49-38,1515588578839,0.81463414,-0.014634146,0.3883495,0.81463414
2018-1-10T13-49-38,1515588578840,0.79512197,-0.014634146,0.46601942,0.79512197
2018-1-10T13-49-38,1515588578841,0.8341463,-0.053658538,0.44660193,0.8341463
2018-1-10T13-49-38,1515588578842,0.8341463,-0.024390243,0.407767,0.8341463
2018-1-10T13-49-38,1515588578843,0.84390247,-0.034146342,0.4368932,0.84390247
2018-1-10T13-49-38,1515588578844,0.87317073,-0.043902438,0.46601942,0.87317073
2018-1-10T13-49-38,1515588578845,0.86341465,-0.024390243,0.4854369,0.86341465
2018-1-10T13-49-38,1515588578846,0.87317073,-0.024390243,0.46601942,0.87317073
2018-1-10T13-49-38,1515588578847,0.8926829,-0.004878049,0.4368932,0.8926829
2018-1-10T13-49-38,1515588578848,0.87317073,-0.034146342,0.47572815,0.87317073
2018-1-10T13-49-38,1515588578849,0.8926829,-0.024390243,0.4854369,0.8926829
2018-1-10T13-49-38,1515588578850,0.85365856,-0.034146342,0.42718446,0.85365856
2018-1-10T13-49-38,1515588578851,0.85365856,-0.034146342,0.41747573,0.85365856
2018-1-10T13-49-38,1515588578852,0.84390247,-0.024390243,0.3883495,0.84390247
2018-1-10T13-49-38,1515588578853,0.7853659,-0.10243902,0.4368932,0.7853659
2018-1-10T13-49-38,1515588578854,0.81463414,-0.014634146,0.4563107,0.81463414
2018-1-10T13-49-38,1515588578855,0.81463414,-0.034146342,0.4563107,0.81463414
2018-1-10T13-49-38,1515588578856,0.84390247,-0.014634146,0.39805827,0.84390247
2018-1-10T13-49-38,1515588578857,0.84390247,-0.014634146,0.39805827,0.84390247
2018-1-10T13-49-38,1515588578858,0.85365856,-0.024390243,0.44660193,0.85365856
2018-1-10T13-49-38,1515588578859,0.8341463,-0.014634146,0.47572815,0.8341463
2018-1-10T13-49-38,1515588578860,0.85365856,-0.034146342,0.42718446,0.85365856
2018-1-10T13-49-38,1515588578861,0.8341463,-0.043902438,0.42718446,0.8341463
2018-1-10T13-49-38,1515588578862,0.84390247,-0.034146342,0.42718446,0.84390247
2018-1-10T13-49-38,1515588578863,0.85365856,-0.034146342,0.44660193,0.85365856
2018-1-10T13-49-38,1515588578864,0.84390247,-0.024390243,0.44660193,0.84390247
2018-1-10T13-49-38,1515588578865,0.84390247,-0.014634146,0.41747573,0.84390247
2018-1-10T13-49-38,1515588578866,0.86341465,0.004878049,0.47572815,0.86341465
2018-1-10T13-49-38,1515588578867,0.902439,-0.014634146,0.49514562,0.902439
2018-1-10T13-49-38,1515588578868,0.8926829,0.004878049,0.4854369,0.8926829
2018-1-10T13-49-38,1515588578869,0.902439,0.004878049,0.46601942,0.902439
2018-1-10T13-49-38,1515588578870,0.91219515,0.014634146,0.4563107,0.91219515
2018-1-10T13-49-38,1515588578871,0.48292682,0.014634146,0.4368932,0.48292682
2018-1-10T13-49-38,1515588578872,0.8341463,0.014634146,0.41747573,0.8341463
2018-1-10T13-49-38,1515588578873,0.81463414,-0.004878049,0.407767,0.81463414
2018-1-10T13-49-38,1515588578874,0.80487806,-0.014634146,0.42718446,0.80487806
2018-1-10T13-49-38,1515588578875,0.85365856,-0.053658538,0.42718446,0.85365856
2018-1-10T13-49-38,1515588578876,0.82439023,-0.043902438,0.407767,0.82439023
2018-1-10T13-49-38,1515588578877,0.81463414,-0.024390243,0.36893204,0.81463414
2018-1-10T13-49-38,1515588578878,0.82439023,-0.053658538,0.39805827,0.82439023
2018-1-10T13-49-38,1515588578879,0.80487806,-0.043902438,0.46601942,0.80487806
2018-1-10T13-49-38,1515588578880,0.82439023,-0.024390243,0.46601942,0.82439023
2018-1-10T13-49-38,1515588578881,0.84390247,-0.024390243,0.42718446,0.84390247
2018-1-10T13-49-38,1515588578882,0.84390247,-0.024390243,0.42718446,0.84390247
2018-1-10T13-49-38,1515588578883,0.87317073,-0.024390243,0.49514562,0.87317073
2018-1-10T13-49-38,1515588578884,0.8829268,-0.053658538,0.52427185,0.8829268
2018-1-10T13-49-38,1515588578885,0.91219515,-0.053658538,0.47572815,0.91219515
2018-1-10T13-49-38,1515588578886,0.902439,-0.034146342,0.42718446,0.902439
2018-1-10T13-49-38,1515588578887,0.8829268,-0.034146342,0.4368932,0.8829268
2018-1-10T13-49-38,1515588578888,0.8341463,-0.043902438,0.5145631,0.8341463
2018-1-10T13-49-38,1515588578889,0.80487806,0.004878049,0.46601942,0.80487806
2018-1-10T13-49-38,1515588578890,0.79512197,-0.08292683,0.5339806,0.79512197
2018-1-10T13-49-38,1515588578891,0.79512197,-0.09268293,0.407767,0.79512197
2018-1-10T13-49-38,1515588578892,0.81463414,-0.08292683,0.42718446,0.81463414
2018-1-10T13-49-38,1515588578893,0.84390247,-0.07317073,0.49514562,0.84390247
2018-1-10T13-49-38,1515588578894,0.84390247,-0.043902438,0.44660193,0.84390247
2018-1-10T13-49-38,1515588578895,0.8341463,0.014634146,0.4368932,0.8341463
2018-1-10T13-49-38,1515588578896,0.87317073,0.06341463,0.407767,0.87317073
2018-1-10T13-49-38,1515588578897,0.91219515,0.07317073,0.4563107,0.91219515
2018-1-10T13-49-38,1515588578898,0.87317073,0.07317073,0.47572815,0.87317073
2018-1-10T13-49-38,1515588578899,0.8926829,0.08292683,0.44660193,0.8926829
2018-1-10T13-49-38,1515588578900,0.902439,0.09268293,0.44660193,0.902439
2018-1-10T13-49-38,1515588578901,0.902439,0.06341463,0.42718446,0.902439
2018-1-10T13-49-38,1515588578902,0.91219515,0.053658538,0.4368932,0.91219515
2018-1-10T13-49-38,1515588578903,0.8341463,-0.004878049,0.47572815,0.8341463
2018-1-10T13-49-38,1515588578904,0.84390247,-0.024390243,0.4563107,0.84390247
2018-1-10T13-49-38,1515588578905,0.82439023,-0.034146342,0.42718446,0.82439023
2018-1-10T13-49-38,1515588578906,0.81463414,-0.043902438,0.407767,0.81463414
2018-1-10T13-49-38,1515588578907,0.77560973,-0.06341463,0.3883495,0.77560973
2018-1-10T13-49-38,1515588578908,0.80487806,-0.08292683,0.4368932,0.80487806
2018-1-10T13-49-38,1515588578909,0.77560973,-0.09268293,0.4563107,0.77560973
2018-1-10T13-49-38,1515588578910,0.80487806,-0.08292683,0.4368932,0.80487806
2018-1-10T13-49-38,1515588578911,0.84390247,-0.053658538,0.42718446,0.84390247
2018-1-10T13-49-38,1515588578912,0.8829268,-0.024390243,0.44660193,0.8829268
2018-1-10T13-49-38,1515588578913,0.8829268,-0.004878049,0.46601942,0.8829268
2018-1-10T13-49-38,1515588578914,0.8926829,0.004878049,0.47572815,0.8926829
2018-1-10T13-49-38,1515588578915,0.86341465,-0.004878049,0.46601942,0.86341465
2018-1-10T13-49-38,1515588578916,0.9512195,-0.024390243,0.5145631,0.9512195
2018-1-10T13-49-38,1515588578917,0.902439,-0.12195122,0.4854369,0.902439
2018-1-10T13-49-38,1515588578918,0.8926829,-0.043902438,0.4563107,0.8926829
2018-1-10T13-49-38,1515588578919,0.84390247,-0.06341463,0.4368932,0.84390247
2018-1-10T13-49-38,1515588578920,0.79512197,-0.10243902,0.407767,0.79512197
2018-1-10T13-49-38,1515588578921,0.74634147,-0.10243902,0.41747573,0.74634147
2018-1-10T13-49-38,1515588578922,0.76585364,-0.08292683,0.4563107,0.76585364
2018-1-10T13-49-38,1515588578923,0.79512197,-0.053658538,0.4368932,0.79512197
2018-1-10T13-49-38,1515588578924,0.81463414,-0.034146342,0.4368932,0.81463414
2018-1-10T13-49-38,1515588578925,0.85365856,0.004878049,0.42718446,0.85365856
2018-1-10T13-49-38,1515588578926,0.87317073,0.043902438,0.44660193,0.87317073
2018-1-10T13-49-38,1515588578927,0.8926829,0.07317073,0.4563107,0.8926829
2018-1-10T13-49-38,1515588578928,0.8926829,0.08292683,0.46601942,0.8926829
2018-1-10T13-49-38,1515588578929,0.8829268,0.06341463,0.44660193,0.8829268
2018-1-10T13-49-38,1515588578930,0.91219515,0.07317073,0.41747573,0.91219515
2018-1-10T13-49-38,1515588578931,0.86341465,0.06341463,0.4368932,0.86341465
2018-1-10T13-49-38,1515588578932,0.84390247,0.034146342,0.47572815,0.84390247
2018-1-10T13-49-38,1515588578933,0.85365856,-0.004878049,0.42718446,0.85365856
2018-1-10T13-49-38,1515588578934,0.84390247,0.09268293,0.39805827,0.84390247
2018-1-10T13-49-38,1515588578935,0.84390247,0.004878049,0.4368932,0.84390247
2018-1-10T13-49-38,1515588578936,0.84390247,-0.024390243,0.4854369,0.84390247
2018-1-10T13-49-38,1515588578937,0.8341463,-0.053658538,0.49514562,0.8341463
2018-1-10T13-49-38,1515588578938,0.84390247,-0.08292683,0.47572815,0.84390247
2018-1-10T13-49-38,1515588578939,0.85365856,-0.08292683,0.44660193,0.85365856
2018-1-10T13-49-38,1515588578940,0.85365856,-0.08292683,0.42718446,0.85365856
2018-1-10T13-49-38,1515588578941,0.84390247,-0.043902438,0.44660193,0.84390247
2018-1-10T13-49-38,1515588578942,0.81463414,-0.09268293,0.4368932,0.81463414
2018-1-10T13-49-38,1515588578943,0.79512197,-0.08292683,0.407767,0.79512197
2018-1-10T13-49-38,1515588578944,0.81463414,-0.07317073,0.407767,0.81463414
2018-1-10T13-49-38,1515588578945,0.80487806,-0.06341463,0.44660193,0.80487806
2018-1-10T13-49-38,1515588578946,0.84390247,-0.053658538,0.4563107,0.84390247
2018-1-10T13-49-38,1515588578947,0.85365856,-0.014634146,0.44660193,0.85365856
2018-1-10T13-49-38,1515588578948,0.86341465,-0.004878049,0.4563107,0.86341465
2018-1-10T13-49-38,1515588578949,0.91219515,-0.034146342,0.47572815,0.91219515
2018-1-10T13-49-38,1515588578950,0.8829268,-0.004878049,0.49514562,0.8829268
2018-1-10T13-49-38,1515588578951,0.8926829,-0.024390243,0.4563107,0.8926829
2018-1-10T13-49-38,1515588578952,0.8829268,-0.06341463,0.46601942,0.8829268
2018-1-10T13-49-38,1515588578953,0.84390247,-0.014634146,0.4563107,0.84390247
2018-1-10T13-49-38,1515588578954,0.84390247,-0.014634146,0.41747573,0.84390247
2018-1-10T13-49-38,1515588578955,0.84390247,-0.004878049,0.41747573,0.84390247
2018-1-10T13-49-38,1515588578956,0.80487806,0.004878049,0.3883495,0.80487806
2018-1-10T13-49-38,1515588578957,0.80487806,0.024390243,0.3883495,0.80487806
2018-1-10T13-49-38,1515588578958,0.79512197,-0.004878049,0.42718446,0.79512197
2018-1-10T13-49-38,1515588578959,0.82439023,0.024390243,0.407767,0.82439023
2018-1-10T13-49-38,1515588578960,0.82439023,-0.034146342,0.42718446,0.82439023
2018-1-10T13-49-38,1515588578961,0.8926829,0.024390243,0.5145631,0.8926829
2018-1-10T13-49-38,1515588578962,0.91219515,0.004878049,0.5145631,0.91219515
2018-1-10T13-49-38,1515588578963,0.92195123,0.014634146,0.4563107,0.92195123
2018-1-10T13-49-38,1515588578964,0.91219515,0.014634146,0.42718446,0.91219515
2018-1-10T13-49-38,1515588578965,0.86341465,-0.004878049,0.46601942,0.86341465
2018-1-10T13-49-38,1515588578966,0.8341463,0.004878049,0.46601942,0.8341463
2018-1-10T13-49-38,1515588578967,0.81463414,-0.043902438,0.3883495,0.81463414
2018-1-10T13-49-38,1515588578968,0.77560973,0.004878049,0.3883495,0.77560973
2018-1-10T13-49-38,1515588578969,0.7853659,-0.034146342,0.3883495,0.7853659
2018-1-10T13-49-38,1515588578970,0.77560973,-0.10243902,0.42718446,0.77560973
2018-1-10T13-49-38,1515588578971,0.77560973,-0.11219512,0.4563107,0.77560973
2018-1-10T13-49-38,1515588578972,0.82439023,-0.08292683,0.4368932,0.82439023
2018-1-10T13-49-38,1515588578973,0.85365856,-0.07317073,0.4854369,0.85365856
2018-1-10T13-49-38,1515588578974,0.8926829,-0.053658538,0.4854369,0.8926829
2018-1-10T13-49-38,1515588578975,0.91219515,-0.024390243,0.4854369,0.91219515
2018-1-10T13-49-38,1515588578976,0.92195123,-0.004878049,0.5048544,0.92195123
2018-1-10T13-49-38,1515588578977,0.92195123,0.014634146,0.46601942,0.92195123
2018-1-10T13-49-38,1515588578978,0.8926829,0.034146342,0.49514562,0.8926829
2018-1-10T13-49-38,1515588578979,0.8341463,0.034146342,0.42718446,0.8341463
2018-1-10T13-49-38,1515588578980,0.82439023,-0.004878049,0.42718446,0.82439023
2018-1-10T13-49-38,1515588578981,0.79512197,-0.024390243,0.41747573,0.79512197
2018-1-10T13-49-38,1515588578982,0.7853659,-0.053658538,0.4563107,0.7853659
2018-1-10T13-49-38,1515588578983,0.80487806,-0.10243902,0.39805827,0.80487806
2018-1-10T13-49-38,1515588578984,0.82439023,-0.004878049,0.4368932,0.82439023
2018-1-10T13-49-38,1515588578985,0.85365856,0.014634146,0.44660193,0.85365856
2018-1-10T13-49-38,1515588578986,0.86341465,0.034146342,0.46601942,0.86341465
2018-1-10T13-49-38,1515588578987,0.86341465,0.08292683,0.47572815,0.86341465
2018-1-10T13-49-38,1515588578988,0.8829268,0.043902438,0.4563107,0.8829268
2018-1-10T13-49-38,1515588578989,0.87317073,0.034146342,0.44660193,0.87317073
2018-1-10T13-49-38,1515588578990,0.87317073,0.014634146,0.4368932,0.87317073
2018-1-10T13-49-38,1515588578991,0.85365856,0.014634146,0.4368932,0.85365856
2018-1-10T13-49-38,1515588578992,0.82439023,-0.014634146,0.407767,0.82439023
2018-1-10T13-49-38,1515588578993,0.85365856,-0.034146342,0.42718446,0.85365856
2018-1-10T13-49-38,1515588578994,0.84390247,-0.053658538,0.49514562,0.84390247
2018-1-10T13-49-38,1515588578995,0.85365856,-0.07317073,0.47572815,0.85365856
2018-1-10T13-49-38,1515588578996,0.86341465,-0.07317073,0.4368932,0.86341465
2018-1-10T13-49-38,1515588578997,0.85365856,-0.07317073,0.39805827,0.85365856
2018-1-10T13-49-38,1515588578998,0.8341463,-0.08292683,0.47572815,0.8341463
2018-1-10T13-49-38,1515588578999,0.8341463,-0.15121952,0.44660193,0.8341463
2018-1-10T13-49-39,1515588579000,0.80487806,-0.08292683,0.42718446,0.80487806
2018-1-10T13-49-39,1515588579001,0.80487806,-0.10243902,0.407767,0.80487806
2018-1-10T13-49-39,1515588579002,0.7853659,-0.06341463,0.42718446,0.7853659
2018-1-10T13-49-39,1515588579003,0.8341463,-0.043902438,0.27184466,0.8341463
2018-1-10T13-49-39,1515588579004,0.8341463,-0.004878049,0.41747573,0.8341463
2018-1-10T13-49-39,1515588579005,0.86341465,0.004878049,0.4368932,0.86341465
2018-1-10T13-49-39,1515588579006,0.902439,0.024390243,0.44660193,0.902439
2018-1-10T13-49-39,1515588579007,0.902439,0.034146342,0.46601942,0.902439
2018-1-10T13-49-39,1515588579008,0.8829268,0.034146342,0.4563107,0.8829268
2018-1-10T13-49-39,1515588579009,0.87317073,0.024390243,0.42718446,0.87317073
2018-1-10T13-49-39,1515588579010,0.85365856,0.014634146,0.42718446,0.85365856
2018-1-10T13-49-39,1515588579011,0.81463414,-0.004878049,0.4368932,0.81463414
2018-1-10T13-49-39,1515588579012,0.81463414,-0.024390243,0.42718446,0.81463414
2018-1-10T13-49-39,1515588579013,0.80487806,-0.034146342,0.4368932,0.80487806
2018-1-10T13-49-39,1515588579014,0.77560973,-0.024390243,0.42718446,0.77560973
2018-1-10T13-49-39,1515588579015,0.85365856,-0.014634146,0.4563107,0.85365856
2018-1-10T13-49-39,1515588579016,0.8829268,-0.004878049,0.4854369,0.8829268
2018-1-10T13-49-39,1515588579017,0.9317073,0.004878049,0.47572815,0.9317073
2018-1-10T13-49-39,1515588579018,0.92195123,0.024390243,0.4563107,0.92195123
2018-1-10T13-49-39,1515588579019,0.91219515,0.004878049,0.44660193,0.91219515
2018-1-10T13-49-39,1515588579020,0.8829268,0.053658538,0.4563107,0.8829268
2018-1-10T13-49-39,1515588579021,0.8341463,0.024390243,0.46601942,0.8341463
2018-1-10T13-49-39,1515588579022,0.8341463,-0.024390243,0.4368932,0.8341463
2018-1-10T13-49-39,1515588579023,0.8341463,-0.024390243,0.4368932,0.8341463
2018-1-10T13-49-39,1515588579024,0.82439023,-0.06341463,0.41747573,0.82439023
2018-1-10T13-49-39,1515588579025,0.82439023,-0.053658538,0.41747573,0.82439023
2018-1-10T13-49-39,1515588579026,0.77560973,-0.10243902,0.42718446,0.77560973
2018-1-10T13-49-39,1515588579027,0.7853659,-0.09268293,0.41747573,0.7853659
2018-1-10T13-49-39,1515588579028,0.7853659,-0.053658538,0.4368932,0.7853659
2018-1-10T13-49-39,1515588579029,0.80487806,-0.08292683,0.4368932,0.80487806
2018-1-10T13-49-39,1515588579030,0.8341463,-0.07317073,0.42718446,0.8341463
2018-1-10T13-49-39,1515588579031,0.84390247,-0.06341463,0.46601942,0.84390247
2018-1-10T13-49-39,1515588579032,0.87317073,-0.043902438,0.46601942,0.87317073
2018-1-10T13-49-39,1515588579033,0.8829268,-0.034146342,0.46601942,0.8829268
2018-1-10T13-49-39,1515588579034,0.86341465,-0.034146342,0.44660193,0.86341465
2018-1-10T13-49-39,1515588579035,0.87317073,-0.014634146,0.4563107,0.87317073
2018-1-10T13-49-39,1515588579036,0.86341465,0.024390243,0.4854369,0.86341465
2018-1-10T13-49-39,1515588579037,0.87317073,0.034146342,0.44660193,0.87317073
2018-1-10T13-49-39,1515588579038,0.87317073,0.043902438,0.42718446,0.87317073
2018-1-10T13-49-39,1515588579039,0.87317073,0.053658538,0.4563107,0.87317073
2018-1-10T13-49-39,1515588579040,0.8829268,0.024390243,0.46601942,0.8829268
2018-1-10T13-49-39,1515588579041,0.84390247,0.014634146,0.46601942,0.84390247
2018-1-10T13-49-39,1515588579042,0.82439023,-0.014634146,0.42718446,0.82439023
2018-1-10T13-49-39,1515588579043,0.77560973,-0.043902438,0.46601942,0.77560973
2018-1-10T13-49-39,1515588579044,0.79512197,-0.053658538,0.4368932,0.79512197
2018-1-10T13-49-39,1515588579045,0.81463414,-0.06341463,0.44660193,0.81463414
2018-1-10T13-49-39,1515588579046,0.81463414,-0.053658538,0.44660193,0.81463414
2018-1-10T13-49-39,1515588579047,0.85365856,-0.024390243,0.4368932,0.85365856
2018-1-10T13-49-39,1515588579048,0.87317073,-0.014634146,0.47572815,0.87317073
2018-1-10T13-49-39,1515588579049,0.85365856,0.004878049,0.4368932,0.85365856
2018-1-10T13-49-39,1515588579050,0.86341465,0.014634146,0.46601942,0.86341465
2018-1-10T13-49-39,1515588579051,0.87317073,0.024390243,0.46601942,0.87317073
2018-1-10T13-49-39,1515588579052,0.87317073,0.024390243,0.4563107,0.87317073
2018-1-10T13-49-39,1515588579053,0.8829268,0.024390243,0.4563107,0.8829268
2018-1-10T13-49-39,1515588579054,0.91219515,-0.024390243,0.4854369,0.91219515
2018-1-10T13-49-39,1515588579055,0.8829268,-0.014634146,0.4368932,0.8829268
2018-1-10T13-49-39,1515588579056,0.86341465,-0.014634146,0.407767,0.86341465
2018-1-10T13-49-39,1515588579057,0.8341463,-0.043902438,0.44660193,0.8341463
2018-1-10T13-49-39,1515588579058,0.8341463,-0.07317073,0.4854369,0.8341463
2018-1-10T13-49-39,1515588579059,0.81463414,-0.07317073,0.42718446,0.81463414
2018-1-10T13-49-39,1515588579060,0.79512197,-0.07317073,0.37864077,0.79512197
2018-1-10T13-49-39,1515588579061,0.80487806,-0.053658538,0.39805827,0.80487806
2018-1-10T13-49-39,1515588579062,0.79512197,-0.024390243,0.49514562,0.79512197
2018-1-10T13-49-39,1515588579063,0.84390247,-0.024390243,0.5048544,0.84390247
2018-1-10T13-49-39,1515588579064,0.8926829,0.004878049,0.41747573,0.8926829
2018-1-10T13-49-39,1515588579065,0.86341465,-0.004878049,0.39805827,0.86341465
2018-1-10T13-49-39,1515588579066,0.8829268,0.014634146,0.44660193,0.8829268
2018-1-10T13-49-39,1515588579067,0.8341463,-0.024390243,0.47572815,0.8341463
2018-1-10T13-49-39,1515588579068,0.86341465,-0.024390243,0.42718446,0.86341465
2018-1-10T13-49-39,1515588579069,0.82439023,-0.004878049,0.3883495,0.82439023
2018-1-10T13-49-39,1515588579070,0.8341463,0.004878049,0.4563107,0.8341463
2018-1-10T13-49-39,1515588579071,0.86341465,-0.014634146,0.46601942,0.86341465
2018-1-10T13-49-39,1515588579072,0.87317073,0.004878049,0.46601942,0.87317073
2018-1-10T13-49-39,1515588579073,0.902439,0.043902438,0.44660193,0.902439
2018-1-10T13-49-39,1515588579074,0.8926829,-0.004878049,0.44660193,0.8926829
2018-1-10T13-49-39,1515588579075,0.86341465,-0.004878049,0.44660193,0.86341465
2018-1-10T13-49-39,1515588579076,0.82439023,-0.034146342,0.407767,0.82439023
2018-1-10T13-49-39,1515588579077,0.82439023,-0.043902438,0.46601942,0.82439023
2018-1-10T13-49-39,1515588579078,0.8341463,-0.07317073,0.47572815,0.8341463
2018-1-10T13-49-39,1515588579079,0.82439023,-0.08292683,0.41747573,0.82439023
2018-1-10T13-49-39,1515588579080,0.81463414,-0.053658538,0.407767,0.81463414
2018-1-10T13-49-39,1515588579081,0.87317073,-0.043902438,0.4563107,0.87317073
2018-1-10T13-49-39,1515588579082,0.8341463,-0.06341463,0.36893204,0.8341463
2018-1-10T13-49-39,1515588579083,0.84390247,-0.034146342,0.44660193,0.84390247
2018-1-10T13-49-39,1515588579084,0.84390247,-0.08292683,0.42718446,0.84390247
2018-1-10T13-49-39,1515588579085,0.84390247,-0.004878049,0.42718446,0.84390247
2018-1-10T13-49-39,1515588579086,0.84390247,0.014634146,0.4563107,0.84390247
2018-1-10T13-49-39,1515588579087,0.87317073,0.024390243,0.44660193,0.87317073
2018-1-10T13-49-39,1515588579088,0.86341465,0.014634146,0.47572815,0.86341465
2018-1-10T13-49-39,1515588579089,0.8829268,0.024390243,0.42718446,0.8829268
2018-1-10T13-49-39,1515588579090,0.85365856,0.014634146,0.39805827,0.85365856
2018-1-10T13-49-39,1515588579091,0.80487806,0.004878049,0.39805827,0.80487806
2018-1-10T13-49-39,1515588579092,0.80487806,-0.014634146,0.4368932,0.80487806
2018-1-10T13-49-39,1515588579093,0.79512197,-0.043902438,0.46601942,0.79512197
2018-1-10T13-49-39,1515588579094,0.82439023,-0.043902438,0.4854369,0.82439023
2018-1-10T13-49-39,1515588579095,0.8926829,-0.024390243,0.46601942,0.8926829
2018-1-10T13-49-39,1515588579096,0.97073174,-0.024390243,0.4368932,0.97073174
2018-1-10T13-49-39,1515588579097,0.902439,-0.014634146,0.4368932,0.902439
2018-1-10T13-49-39,1515588579098,0.87317073,0.004878049,0.4563107,0.87317073
2018-1-10T13-49-39,1515588579099,0.84390247,-0.014634146,0.5145631,0.84390247
2018-1-10T13-49-39,1515588579100,0.85365856,-0.034146342,0.4854369,0.85365856
2018-1-10T13-49-39,1515588579101,0.86341465,-0.024390243,0.41747573,0.86341465
2018-1-10T13-49-39,1515588579102,0.902439,-0.024390243,0.44660193,0.902439
2018-1-10T13-49-39,1515588579103,0.87317073,-0.004878049,0.5145631,0.87317073
2018-1-10T13-49-39,1515588579104,0.8926829,-0.024390243,0.4854369,0.8926829
2018-1-10T13-49-39,1515588579105,0.86341465,-0.014634146,0.39805827,0.86341465
2018-1-10T13-49-39,1515588579106,0.81463414,-0.004878049,0.37864077,0.81463414
2018-1-10T13-49-39,1515588579107,0.81463414,-0.014634146,0.4368932,0.81463414
2018-1-10T13-49-39,1515588579108,0.75609756,-0.12195122,0.4854369,0.75609756
2018-1-10T13-49-39,1515588579109,0.7268293,-0.053658538,0.4368932,0.7268293
2018-1-10T13-49-39,1515588579110,0.80487806,-0.043902438,0.42718446,0.80487806
2018-1-10T13-49-39,1515588579111,0.80487806,-0.06341463,0.407767,0.80487806
2018-1-10T13-49-39,1515588579112,0.85365856,-0.053658538,0.4368932,0.85365856
2018-1-10T13-49-39,1515588579113,0.85365856,-0.034146342,0.44660193,0.85365856
2018-1-10T13-49-39,1515588579114,0.87317073,0.024390243,0.44660193,0.87317073
2018-1-10T13-49-39,1515588579115,0.84390247,-0.014634146,0.4368932,0.84390247
2018-1-10T13-49-39,1515588579116,0.85365856,-0.004878049,0.46601942,0.85365856
2018-1-10T13-49-39,1515588579117,0.87317073,-0.024390243,0.47572815,0.87317073
2018-1-10T13-49-39,1515588579118,0.8829268,-0.014634146,0.46601942,0.8829268
2018-1-10T13-49-39,1515588579119,0.8926829,-0.014634146,0.4368932,0.8926829
2018-1-10T13-49-39,1515588579120,0.86341465,-0.024390243,0.4368932,0.86341465
2018-1-10T13-49-39,1515588579121,0.82439023,-0.043902438,0.42718446,0.82439023
2018-1-10T13-49-39,1515588579122,0.7853659,-0.043902438,0.39805827,0.7853659
2018-1-10T13-49-39,1515588579123,0.77560973,-0.043902438,0.42718446,0.77560973
2018-1-10T13-49-39,1515588579124,0.79512197,-0.024390243,0.4563107,0.79512197
2018-1-10T13-49-39,1515588579125,0.8341463,-0.034146342,0.47572815,0.8341463
2018-1-10T13-49-39,1515588579126,0.8829268,0.004878049,0.41747573,0.8829268
2018-1-10T13-49-39,1515588579127,0.902439,-0.034146342,0.39805827,0.902439
2018-1-10T13-49-39,1515588579128,0.87317073,0.024390243,0.4563107,0.87317073
2018-1-10T13-49-39,1515588579129,0.8829268,0.004878049,0.4854369,0.8829268
2018-1-10T13-49-39,1515588579130,0.82439023,0.034146342,0.46601942,0.82439023
2018-1-10T13-49-39,1515588579131,0.87317073,0.004878049,0.4368932,0.87317073
2018-1-10T13-49-39,1515588579132,0.85365856,-0.004878049,0.4563107,0.85365856
2018-1-10T13-49-39,1515588579133,1.2243903,-0.014634146,0.46601942,1.2243903
2018-1-10T13-49-39,1515588579134,0.8829268,-0.014634146,0.46601942,0.8829268
2018-1-10T13-49-39,1515588579135,0.8829268,-0.024390243,0.4563107,0.8829268
2018-1-10T13-49-39,1515588579136,0.8829268,-0.034146342,0.4563107,0.8829268
2018-1-10T13-49-39,1515588579137,0.87317073,-0.034146342,0.4563107,0.87317073
2018-1-10T13-49-39,1515588579138,0.8341463,-0.043902438,0.4563107,0.8341463
2018-1-10T13-49-39,1515588579139,0.82439023,-0.053658538,0.4368932,0.82439023
2018-1-10T13-49-39,1515588579140,0.7853659,-0.024390243,0.407767,0.7853659
2018-1-10T13-49-39,1515588579141,0.79512197,0.004878049,0.407767,0.79512197
2018-1-10T13-49-39,1515588579142,0.80487806,-0.014634146,0.407767,0.80487806
2018-1-10T13-49-39,1515588579143,0.79512197,-0.004878049,0.42718446,0.79512197
2018-1-10T13-49-39,1515588579144,0.80487806,-0.043902438,0.407767,0.80487806
2018-1-10T13-49-39,1515588579145,0.81463414,-0.014634146,0.42718446,0.81463414
2018-1-10T13-49-39,1515588579146,0.77560973,-0.06341463,0.46601942,0.77560973
2018-1-10T13-49-39,1515588579147,0.86341465,-0.043902438,0.39805827,0.86341465
2018-1-10T13-49-39,1515588579148,0.86341465,-0.034146342,0.42718446,0.86341465
2018-1-10T13-49-39,1515588579149,0.87317073,-0.004878049,0.46601942,0.87317073
2018-1-10T13-49-39,1515588579150,0.92195123,-0.014634146,0.52427185,0.92195123
2018-1-10T13-49-39,1515588579151,0.92195123,-0.024390243,0.49514562,0.92195123
2018-1-10T13-49-39,1515588579152,0.902439,-0.024390243,0.42718446,0.902439
2018-1-10T13-49-39,1515588579153,0.86341465,-0.004878049,0.4563107,0.86341465
2018-1-10T13-49-39,1515588579154,0.81463414,-0.034146342,0.42718446,0.81463414
2018-1-10T13-49-39,1515588579155,0.75609756,-0.043902438,0.407767,0.75609756
2018-1-10T13-49-39,1515588579156,0.70731705,-0.043902438,0.39805827,0.70731705
2018-1-10T13-49-39,1515588579157,0.77560973,-0.034146342,0.4368932,0.77560973
2018-1-10T13-49-39,1515588579158,0.8341463,-0.014634146,0.46601942,0.8341463
2018-1-10T13-49-39,1515588579159,0.86341465,-0.043902438,0.5145631,0.86341465
2018-1-10T13-49-39,1515588579160,0.8829268,-0.004878049,0.407767,0.8829268
2018-1-10T13-49-39,1515588579161,0.8926829,0.014634146,0.46601942,0.8926829
2018-1-10T13-49-39,1515588579162,0.8829268,0.014634146,0.52427185,0.8829268
2018-1-10T13-49-39,1515588579163,0.87317073,0.053658538,0.46601942,0.87317073
2018-1-10T13-49-39,1515588579164,0.87317073,0.014634146,0.41747573,0.87317073
2018-1-10T13-49-39,1515588579165,0.85365856,0.014634146,0.4368932,0.85365856
2018-1-10T13-49-39,1515588579166,0.8829268,0.004878049,0.4854369,0.8829268
2018-1-10T13-49-39,1515588579167,0.85365856,0.004878049,0.4368932,0.85365856
2018-1-10T13-49-39,1515588579168,0.8341463,0.004878049,0.36893204,0.8341463
2018-1-10T13-49-39,1515588579169,0.8341463,0.024390243,0.39805827,0.8341463
2018-1-10T13-49-39,1515588579170,0.85365856,-0.014634146,0.5631068,0.85365856
2018-1-10T13-49-39,1515588579171,0.91219515,-0.06341463,0.5436893,0.91219515
2018-1-10T13-49-39,1515588579172,0.85365856,-0.004878049,0.407767,0.85365856
2018-1-10T13-49-39,1515588579173,0.86341465,0.014634146,0.39805827,0.86341465
2018-1-10T13-49-39,1515588579174,0.87317073,-0.014634146,0.47572815,0.87317073
2018-1-10T13-49-39,1515588579175,0.8341463,-0.053658538,0.5048544,0.8341463
2018-1-10T13-49-39,1515588579176,0.82439023,-0.06341463,0.41747573,0.82439023
2018-1-10T13-49-39,1515588579177,0.79512197,-0.034146342,0.2815534,0.79512197
2018-1-10T13-49-39,1515588579178,0.8341463,-0.043902438,0.42718446,0.8341463
2018-1-10T13-49-39,1515588579179,0.80487806,-0.053658538,0.44660193,0.80487806
2018-1-10T13-49-39,1515588579180,0.79512197,-0.043902438,0.4368932,0.79512197
2018-1-10T13-49-39,1515588579181,0.87317073,-0.034146342,0.4368932,0.87317073
2018-1-10T13-49-39,1515588579182,0.8829268,-0.024390243,0.4854369,0.8829268
2018-1-10T13-49-39,1515588579183,0.8926829,-0.034146342,0.46601942,0.8926829
2018-1-10T13-49-39,1515588579184,0.8926829,-0.024390243,0.47572815,0.8926829
2018-1-10T13-49-39,1515588579185,0.85365856,-0.014634146,0.4368932,0.85365856
2018-1-10T13-49-39,1515588579186,0.87317073,0.004878049,0.47572815,0.87317073
2018-1-10T13-49-39,1515588579187,0.86341465,0.053658538,0.47572815,0.86341465
2018-1-10T13-49-39,1515588579188,0.84390247,0.014634146,0.39805827,0.84390247
2018-1-10T13-49-39,1515588579189,0.84390247,-0.014634146,0.41747573,0.84390247
2018-1-10T13-49-39,1515588579190,0.81463414,-0.043902438,0.41747573,0.81463414
2018-1-10T13-49-39,1515588579191,0.77560973,-0.043902438,0.37864077,0.77560973
2018-1-10T13-49-39,1515588579192,0.76585364,-0.034146342,0.39805827,0.76585364
2018-1-10T13-49-39,1515588579193,0.79512197,-0.034146342,0.44660193,0.79512197
2018-1-10T13-49-39,1515588579194,0.8341463,-0.034146342,0.47572815,0.8341463
2018-1-10T13-49-39,1515588579195,0.86341465,-0.024390243,0.4563107,0.86341465
2018-1-10T13-49-39,1515588579196,0.8926829,0.004878049,0.4368932,0.8926829
2018-1-10T13-49-39,1515588579197,0.82439023,0.08292683,0.49514562,0.82439023
2018-1-10T13-49-39,1515588579198,0.9414634,0.014634146,0.5048544,0.9414634
2018-1-10T13-49-39,1515588579199,0.902439,0.014634146,0.47572815,0.902439
2018-1-10T13-49-39,1515588579200,0.87317073,0.024390243,0.47572815,0.87317073
2018-1-10T13-49-39,1515588579201,0.8926829,0.014634146,0.44660193,0.8926829
2018-1-10T13-49-39,1515588579202,0.84390247,-0.004878049,0.4368932,0.84390247
2018-1-10T13-49-39,1515588579203,0.79512197,-0.024390243,0.3883495,0.79512197
2018-1-10T13-49-39,1515588579204,0.80487806,-0.034146342,0.3883495,0.80487806
2018-1-10T13-49-39,1515588579205,0.79512197,-0.034146342,0.44660193,0.79512197
2018-1-10T13-49-39,1515588579206,0.80487806,-0.043902438,0.44660193,0.80487806
2018-1-10T13-49-39,1515588579207,0.82439023,-0.024390243,0.41747573,0.82439023
2018-1-10T13-49-39,1515588579208,0.8341463,-0.034146342,0.44660193,0.8341463
2018-1-10T13-49-39,1515588579209,0.8926829,-0.08292683,0.47572815,0.8926829
2018-1-10T13-49-39,1515588579210,0.86341465,-0.014634146,0.46601942,0.86341465
2018-1-10T13-49-39,1515588579211,0.86341465,-0.024390243,0.4368932,0.86341465
2018-1-10T13-49-39,1515588579212,0.87317073,-0.024390243,0.44660193,0.87317073
2018-1-10T13-49-39,1515588579213,0.84390247,-0.034146342,0.46601942,0.84390247
2018-1-10T13-49-39,1515588579214,0.85365856,-0.034146342,0.4368932,0.85365856
2018-1-10T13-49-39,1515588579215,0.82439023,-0.034146342,0.41747573,0.82439023
2018-1-10T13-49-39,1515588579216,0.84390247,-0.024390243,0.44660193,0.84390247
2018-1-10T13-49-39,1515588579217,0.8829268,-0.014634146,0.4563107,0.8829268
2018-1-10T13-49-39,1515588579218,0.85365856,-0.004878049,0.4563107,0.85365856
2018-1-10T13-49-39,1515588579219,0.87317073,-0.014634146,0.44660193,0.87317073
2018-1-10T13-49-39,1515588579220,0.85365856,-0.014634146,0.4854369,0.85365856
2018-1-10T13-49-39,1515588579221,0.85365856,-0.053658538,0.47572815,0.85365856
2018-1-10T13-49-39,1515588579222,0.8341463,-0.09268293,0.44660193,0.8341463
2018-1-10T13-49-39,1515588579223,0.81463414,-0.034146342,0.4563107,0.81463414
2018-1-10T13-49-39,1515588579224,0.85365856,-0.024390243,0.4563107,0.85365856
2018-1-10T13-49-39,1515588579225,0.86341465,-0.034146342,0.4854369,0.86341465
2018-1-10T13-49-39,1515588579226,0.84390247,-0.024390243,0.42718446,0.84390247
2018-1-10T13-49-39,1515588579227,0.8341463,-0.014634146,0.39805827,0.8341463
2018-1-10T13-49-39,1515588579228,0.81463414,-0.034146342,0.407767,0.81463414
2018-1-10T13-49-39,1515588579229,0.79512197,-0.004878049,0.46601942,0.79512197
2018-1-10T13-49-39,1515588579230,0.87317073,-0.014634146,0.46601942,0.87317073
2018-1-10T13-49-39,1515588579231,0.86341465,-0.034146342,0.4368932,0.86341465
2018-1-10T13-49-39,1515588579232,0.86341465,-0.004878049,0.3883495,0.86341465
2018-1-10T13-49-39,1515588579233,0.82439023,0.024390243,0.407767,0.82439023
2018-1-10T13-49-39,1515588579234,0.84390247,0.014634146,0.49514562,0.84390247
2018-1-10T13-49-39,1515588579235,0.86341465,-0.014634146,0.4854369,0.86341465
2018-1-10T13-49-39,1515588579236,0.81463414,0.004878049,0.3592233,0.81463414
2018-1-10T13-49-39,1515588579237,0.82439023,-0.004878049,0.37864077,0.82439023
2018-1-10T13-49-39,1515588579238,0.84390247,-0.024390243,0.5145631,0.84390247
2018-1-10T13-49-39,1515588579239,0.85365856,-0.06341463,0.5825243,0.85365856
2018-1-10T13-49-39,1515588579240,0.8926829,-0.08292683,0.4368932,0.8926829
2018-1-10T13-49-39,1515588579241,0.8926829,-0.053658538,0.39805827,0.8926829
2018-1-10T13-49-39,1515588579242,0.84390247,-0.014634146,0.4368932,0.84390247
2018-1-10T13-49-39,1515588579243,0.80487806,-0.053658538,0.46601942,0.80487806
2018-1-10T13-49-39,1515588579244,0.79512197,-0.034146342,0.44660193,0.79512197
2018-1-10T13-49-39,1515588579245,0.8341463,-0.034146342,0.44660193,0.8341463
2018-1-10T13-49-39,1515588579246,0.84390247,-0.014634146,0.47572815,0.84390247
2018-1-10T13-49-39,1515588579247,0.92195123,-0.024390243,0.4563107,0.92195123
2018-1-10T13-49-39,1515588579248,0.91219515,0.024390243,0.44660193,0.91219515
2018-1-10T13-49-39,1515588579249,0.8926829,0.014634146,0.4563107,0.8926829
2018-1-10T13-49-39,1515588579250,0.86341465,0.024390243,0.44660193,0.86341465
2018-1-10T13-49-39,1515588579251,0.85365856,0.024390243,0.407767,0.85365856
2018-1-10T13-49-39,1515588579252,0.81463414,-0.004878049,0.49514562,0.81463414
2018-1-10T13-49-39,1515588579253,0.82439023,0.004878049,0.4854369,0.82439023
2018-1-10T13-49-39,1515588579254,0.84390247,-0.034146342,0.44660193,0.84390247
2018-1-10T13-49-39,1515588579255,0.80487806,-0.043902438,0.36893204,0.80487806
2018-1-10T13-49-39,1515588579256,0.80487806,-0.024390243,0.37864077,0.80487806
2018-1-10T13-49-39,1515588579257,0.82439023,-0.034146342,0.47572815,0.82439023
2018-1-10T13-49-39,1515588579258,0.84390247,0.004878049,0.47572815,0.84390247
2018-1-10T13-49-39,1515588579259,0.8341463,-0.014634146,0.4368932,0.8341463
2018-1-10T13-49-39,1515588579260,0.8341463,0.004878049,0.4368932,0.8341463
2018-1-10T13-49-39,1515588579261,0.84390247,-0.024390243,0.46601942,0.84390247
2018-1-10T13-49-39,1515588579262,0.85365856,-0.004878049,0.4563107,0.85365856
2018-1-10T13-49-39,1515588579263,0.80487806,-0.06341463,0.41747573,0.80487806
2018-1-10T13-49-39,1515588579264,0.85365856,-0.024390243,0.42718446,0.85365856
2018-1-10T13-49-39,1515588579265,0.86341465,-0.07317073,0.46601942,0.86341465
2018-1-10T13-49-39,1515588579266,0.84390247,-0.043902438,0.47572815,0.84390247
2018-1-10T13-49-39,1515588579267,0.85365856,-0.024390243,0.4368932,0.85365856
2018-1-10T13-49-39,1515588579268,0.86341465,-0.043902438,0.4563107,0.86341465
2018-1-10T13-49-39,1515588579269,0.85365856,-0.024390243,0.46601942,0.85365856
2018-1-10T13-49-39,1515588579270,0.87317073,-0.004878049,0.47572815,0.87317073
2018-1-10T13-49-39,1515588579271,0.87317073,-0.043902438,0.4854369,0.87317073
2018-1-10T13-49-39,1515588579272,0.8341463,-0.043902438,0.44660193,0.8341463
2018-1-10T13-49-39,1515588579273,0.82439023,-0.024390243,0.39805827,0.82439023
2018-1-10T13-49-39,1515588579274,0.82439023,-0.034146342,0.41747573,0.82439023
2018-1-10T13-49-39,1515588579275,0.81463414,-0.024390243,0.42718446,0.81463414
2018-1-10T13-49-39,1515588579276,0.82439023,-0.024390243,0.47572815,0.82439023
2018-1-10T13-49-39,1515588579277,0.8829268,-0.024390243,0.44660193,0.8829268
2018-1-10T13-49-39,1515588579278,0.86341465,-0.024390243,0.44660193,0.86341465
2018-1-10T13-49-39,1515588579279,0.8829268,-0.004878049,0.4368932,0.8829268
2018-1-10T13-49-39,1515588579280,0.85365856,0.014634146,0.4368932,0.85365856
2018-1-10T13-49-39,1515588579281,0.84390247,-0.004878049,0.4368932,0.84390247
2018-1-10T13-49-39,1515588579282,0.8341463,0.024390243,0.4563107,0.8341463
2018-1-10T13-49-39,1515588579283,0.8341463,0.014634146,0.42718446,0.8341463
2018-1-10T13-49-39,1515588579284,0.84390247,0.014634146,0.3883495,0.84390247
2018-1-10T13-49-39,1515588579285,0.81463414,0.014634146,0.4368932,0.81463414
2018-1-10T13-49-39,1515588579286,0.84390247,0.014634146,0.4368932,0.84390247
2018-1-10T13-49-39,1515588579287,0.84390247,-0.004878049,0.39805827,0.84390247
2018-1-10T13-49-39,1515588579288,0.86341465,0.004878049,0.41747573,0.86341465
2018-1-10T13-49-39,1515588579289,0.87317073,-0.034146342,0.47572815,0.87317073
2018-1-10T13-49-39,1515588579290,0.85365856,-0.034146342,0.5048544,0.85365856
2018-1-10T13-49-39,1515588579291,0.87317073,-0.043902438,0.4563107,0.87317073
2018-1-10T13-49-39,1515588579292,0.8829268,-0.024390243,0.46601942,0.8829268
2018-1-10T13-49-39,1515588579293,0.86341465,-0.06341463,0.42718446,0.86341465
2018-1-10T13-49-39,1515588579294,0.82439023,-0.07317073,0.407767,0.82439023
2018-1-10T13-49-39,1515588579295,0.80487806,-0.053658538,0.46601942,0.80487806
2018-1-10T13-49-39,1515588579296,0.77560973,-0.08292683,0.46601942,0.77560973
2018-1-10T13-49-39,1515588579297,0.7853659,-0.08292683,0.407767,0.7853659
2018-1-10T13-49-39,1515588579298,0.7853659,-0.07317073,0.37864077,0.7853659
2018-1-10T13-49-39,1515588579299,0.85365856,-0.043902438,0.49514562,0.85365856
2018-1-10T13-49-39,1515588579300,0.87317073,-0.06341463,0.52427185,0.87317073
2018-1-10T13-49-39,1515588579301,0.91219515,-0.014634146,0.41747573,0.91219515
2018-1-10T13-49-39,1515588579302,0.902439,0.024390243,0.4368932,0.902439
2018-1-10T13-49-39,1515588579303,0.91219515,-0.004878049,0.52427185,0.91219515
2018-1-10T13-49-39,1515588579304,0.902439,0.024390243,0.52427185,0.902439
2018-1-10T13-49-39,1515588579305,0.8829268,-0.004878049,0.44660193,0.8829268
2018-1-10T13-49-39,1515588579306,0.8926829,-0.004878049,0.41747573,0.8926829
2018-1-10T13-49-39,1515588579307,0.8829268,0.004878049,0.42718446,0.8829268
2018-1-10T13-49-39,1515588579308,0.81463414,0.014634146,0.42718446,0.81463414
2018-1-10T13-49-39,1515588579309,0.74634147,-0.043902438,0.41747573,0.74634147
2018-1-10T13-49-39,1515588579310,0.79512197,-0.004878049,0.3883495,0.79512197
2018-1-10T13-49-39,1515588579311,0.76585364,0.043902438,0.37864077,0.76585364
2018-1-10T13-49-39,1515588579312,0.74634147,-0.034146342,0.3883495,0.74634147
2018-1-10T13-49-39,1515588579313,0.84390247,-0.024390243,0.4368932,0.84390247
2018-1-10T13-49-39,1515588579314,0.82439023,-0.014634146,0.47572815,0.82439023
2018-1-10T13-49-39,1515588579315,0.86341465,-0.034146342,0.47572815,0.86341465
2018-1-10T13-49-39,1515588579316,0.8829268,-0.024390243,0.46601942,0.8829268
2018-1-10T13-49-39,1515588579317,0.91219515,0.004878049,0.46601942,0.91219515
2018-1-10T13-49-39,1515588579318,0.92195123,0.004878049,0.47572815,0.92195123
2018-1-10T13-49-39,1515588579319,0.87317073,-0.004878049,0.44660193,0.87317073
2018-1-10T13-49-39,1515588579320,0.84390247,-0.004878049,0.44660193,0.84390247
2018-1-10T13-49-39,1515588579321,0.8341463,0.004878049,0.41747573,0.8341463
2018-1-10T13-49-39,1515588579322,0.8926829,-0.034146342,0.46601942,0.8926829
2018-1-10T13-49-39,1515588579323,0.8341463,-0.053658538,0.49514562,0.8341463
2018-1-10T13-49-39,1515588579324,0.86341465,-0.043902438,0.42718446,0.86341465
2018-1-10T13-49-39,1515588579325,0.87317073,0.004878049,0.4563107,0.87317073
2018-1-10T13-49-39,1515588579326,0.8829268,-0.034146342,0.46601942,0.8829268
2018-1-10T13-49-39,1515588579327,0.84390247,-0.053658538,0.44660193,0.84390247
2018-1-10T13-49-39,1515588579328,0.81463414,-0.034146342,0.44660193,0.81463414
2018-1-10T13-49-39,1515588579329,0.81463414,-0.053658538,0.41747573,0.81463414
2018-1-10T13-49-39,1515588579330,0.77560973,-0.034146342,0.46601942,0.77560973
2018-1-10T13-49-39,1515588579331,0.77560973,0.08292683,0.42718446,0.77560973
2018-1-10T13-49-39,1515588579332,0.79512197,-0.034146342,0.41747573,0.79512197
2018-1-10T13-49-39,1515588579333,0.81463414,-0.024390243,0.41747573,0.81463414
2018-1-10T13-49-39,1515588579334,0.85365856,-0.004878049,0.4368932,0.85365856
2018-1-10T13-49-39,1515588579335,0.80487806,-0.024390243,0.49514562,0.80487806
2018-1-10T13-49-39,1515588579336,0.8926829,-0.014634146,0.47572815,0.8926829
2018-1-10T13-49-39,1515588579337,0.902439,0.014634146,0.4563107,0.902439
2018-1-10T13-49-39,1515588579338,0.8829268,0.014634146,0.4368932,0.8829268
2018-1-10T13-49-39,1515588579339,0.9414634,0.014634146,0.44660193,0.9414634
2018-1-10T13-49-39,1515588579340,0.8341463,0.024390243,0.4563107,0.8341463
2018-1-10T13-49-39,1515588579341,0.84390247,0.014634146,0.44660193,0.84390247
2018-1-10T13-49-39,1515588579342,0.86341465,0.014634146,0.4563107,0.86341465
2018-1-10T13-49-39,1515588579343,0.8829268,0.024390243,0.41747573,0.8829268
2018-1-10T13-49-39,1515588579344,0.86341465,0.014634146,0.097087376,0.86341465
2018-1-10T13-49-39,1515588579345,0.81463414,-0.014634146,0.4368932,0.81463414
2018-1-10T13-49-39,1515588579346,0.81463414,-0.014634146,0.4563107,0.81463414
2018-1-10T13-49-39,1515588579347,0.81463414,-0.024390243,0.4563107,0.81463414
2018-1-10T13-49-39,1515588579348,0.80487806,-0.06341463,0.42718446,0.80487806
2018-1-10T13-49-39,1515588579349,0.80487806,0.034146342,0.4368932,0.80487806
2018-1-10T13-49-39,1515588579350,0.902439,-0.053658538,0.46601942,0.902439
2018-1-10T13-49-39,1515588579351,0.84390247,-0.043902438,0.47572815,0.84390247
2018-1-10T13-49-39,1515588579352,0.86341465,-0.053658538,0.42718446,0.86341465
2018-1-10T13-49-39,1515588579353,0.8341463,-0.014634146,0.41747573,0.8341463
2018-1-10T13-49-39,1515588579354,0.85365856,-0.024390243,0.4563107,0.85365856
2018-1-10T13-49-39,1515588579355,0.85365856,-0.014634146,0.44660193,0.85365856
2018-1-10T13-49-39,1515588579356,0.82439023,-0.024390243,0.46601942,0.82439023
2018-1-10T13-49-39,1515588579357,0.8341463,-0.043902438,0.41747573,0.8341463
2018-1-10T13-49-39,1515588579358,0.82439023,-0.024390243,0.47572815,0.82439023
2018-1-10T13-49-39,1515588579359,0.8926829,-0.014634146,0.5145631,0.8926829
2018-1-10T13-49-39,1515588579360,0.9317073,-0.014634146,0.42718446,0.9317073
2018-1-10T13-49-39,1515588579361,0.8926829,-0.004878049,0.407767,0.8926829
2018-1-10T13-49-39,1515588579362,0.85365856,0.004878049,0.4563107,0.85365856
2018-1-10T13-49-39,1515588579363,0.8341463,-0.014634146,0.4854369,0.8341463
2018-1-10T13-49-39,1515588579364,0.84390247,-0.043902438,0.44660193,0.84390247
2018-1-10T13-49-39,1515588579365,0.80487806,-0.06341463,0.3883495,0.80487806
2018-1-10T13-49-39,1515588579366,0.82439023,-0.06341463,0.3883495,0.82439023
2018-1-10T13-49-39,1515588579367,0.79512197,-0.034146342,0.407767,0.79512197
2018-1-10T13-49-39,1515588579368,0.77560973,-0.043902438,0.44660193,0.77560973
2018-1-10T13-49-39,1515588579369,0.7268293,-0.10243902,0.4368932,0.7268293
2018-1-10T13-49-39,1515588579370,0.8926829,-0.014634146,0.46601942,0.8926829
2018-1-10T13-49-39,1515588579371,0.92195123,-0.004878049,0.47572815,0.92195123
2018-1-10T13-49-39,1515588579372,0.91219515,0.004878049,0.49514562,0.91219515
2018-1-10T13-49-39,1515588579373,0.92195123,0.014634146,0.46601942,0.92195123
2018-1-10T13-49-39,1515588579374,0.87317073,0.053658538,0.4368932,0.87317073
2018-1-10T13-49-39,1515588579375,0.85365856,0.08292683,0.47572815,0.85365856
2018-1-10T13-49-39,1515588579376,0.86341465,0.043902438,0.46601942,0.86341465
2018-1-10T13-49-39,1515588579377,0.85365856,0.014634146,0.44660193,0.85365856
2018-1-10T13-49-39,1515588579378,0.8341463,0.014634146,0.41747573,0.8341463
2018-1-10T13-49-39,1515588579379,0.8341463,0.014634146,0.41747573,0.8341463
2018-1-10T13-49-39,1515588579380,0.84390247,-0.014634146,0.44660193,0.84390247
2018-1-10T13-49-39,1515588579381,0.84390247,-0.043902438,0.4368932,0.84390247
2018-1-10T13-49-39,1515588579382,0.82439023,-0.043902438,0.42718446,0.82439023
2018-1-10T13-49-39,1515588579383,0.81463414,-0.09268293,0.41747573,0.81463414
2018-1-10T13-49-39,1515588579384,0.8341463,-0.07317073,0.5339806,0.8341463
2018-1-10T13-49-39,1515588579385,0.87317073,-0.10243902,0.5436893,0.87317073
2018-1-10T13-49-39,1515588579386,0.86341465,-0.053658538,0.407767,0.86341465
2018-1-10T13-49-39,1515588579387,0.85365856,-0.043902438,0.37864077,0.85365856
2018-1-10T13-49-39,1515588579388,0.8341463,-0.034146342,0.42718446,0.8341463
2018-1-10T13-49-39,1515588579389,0.77560973,-0.024390243,0.41747573,0.77560973
2018-1-10T13-49-39,1515588579390,0.76585364,-0.034146342,0.39805827,0.76585364
2018-1-10T13-49-39,1515588579391,0.80487806,-0.024390243,0.4368932,0.80487806
2018-1-10T13-49-39,1515588579392,0.8341463,-0.043902438,0.47572815,0.8341463
2018-1-10T13-49-39,1515588579393,0.84390247,-0.034146342,0.4368932,0.84390247
2018-1-10T13-49-39,1515588579394,0.8926829,-0.034146342,0.44660193,0.8926829
2018-1-10T13-49-39,1515588579395,0.902439,-0.014634146,0.49514562,0.902439
2018-1-10T13-49-39,1515588579396,0.91219515,-0.004878049,0.5048544,0.91219515
2018-1-10T13-49-39,1515588579397,0.91219515,-0.014634146,0.47572815,0.91219515
2018-1-10T13-49-39,1515588579398,0.8829268,-0.004878049,0.4368932,0.8829268
2018-1-10T13-49-39,1515588579399,0.8341463,-0.024390243,0.4368932,0.8341463
2018-1-10T13-49-39,1515588579400,0.81463414,-0.014634146,0.41747573,0.81463414
2018-1-10T13-49-39,1515588579401,0.81463414,-0.004878049,0.44660193,0.81463414
2018-1-10T13-49-39,1515588579402,0.82439023,-0.014634146,0.42718446,0.82439023
2018-1-10T13-49-39,1515588579403,0.84390247,0.004878049,0.3883495,0.84390247
2018-1-10T13-49-39,1515588579404,0.82439023,0.043902438,0.3883495,0.82439023
2018-1-10T13-49-39,1515588579405,0.82439023,0.034146342,0.4563107,0.82439023
2018-1-10T13-49-39,1515588579406,0.82439023,0.014634146,0.4854369,0.82439023
2018-1-10T13-49-39,1515588579407,0.84390247,0.004878049,0.41747573,0.84390247
2018-1-10T13-49-39,1515588579408,0.8341463,0.014634146,0.407767,0.8341463
2018-1-10T13-49-39,1515588579409,0.86341465,-0.014634146,0.4854369,0.86341465
2018-1-10T13-49-39,1515588579410,0.86341465,-0.014634146,0.47572815,0.86341465
2018-1-10T13-49-39,1515588579411,0.84390247,-0.024390243,0.41747573,0.84390247
2018-1-10T13-49-39,1515588579412,0.86341465,-0.004878049,0.42718446,0.86341465
2018-1-10T13-49-39,1515588579413,0.8829268,-0.014634146,0.47572815,0.8829268
2018-1-10T13-49-39,1515588579414,0.8829268,-0.024390243,0.46601942,0.8829268
2018-1-10T13-49-39,1515588579415,0.8829268,-0.024390243,0.42718446,0.8829268
2018-1-10T13-49-39,1515588579416,0.87317073,-0.024390243,0.44660193,0.87317073
2018-1-10T13-49-39,1515588579417,0.87317073,-0.014634146,0.5339806,0.87317073
2018-1-10T13-49-39,1515588579418,0.86341465,-0.043902438,0.5048544,0.86341465
2018-1-10T13-49-39,1515588579419,0.87317073,-0.034146342,0.42718446,0.87317073
2018-1-10T13-49-39,1515588579420,0.8341463,-0.034146342,0.3883495,0.8341463
2018-1-10T13-49-39,1515588579421,0.82439023,-0.034146342,0.4368932,0.82439023
2018-1-10T13-49-39,1515588579422,0.79512197,-0.053658538,0.4563107,0.79512197
2018-1-10T13-49-39,1515588579423,0.77560973,-0.053658538,0.3592233,0.77560973
2018-1-10T13-49-39,1515588579424,0.79512197,-0.06341463,0.41747573,0.79512197
2018-1-10T13-49-39,1515588579425,0.85365856,-0.053658538,0.46601942,0.85365856
2018-1-10T13-49-39,1515588579426,0.87317073,-0.043902438,0.46601942,0.87317073
2018-1-10T13-49-39,1515588579427,0.86341465,-0.024390243,0.4563107,0.86341465
2018-1-10T13-49-39,1515588579428,0.902439,0.004878049,0.46601942,0.902439
2018-1-10T13-49-39,1515588579429,0.84390247,0.004878049,0.44660193,0.84390247
2018-1-10T13-49-39,1515588579430,0.84390247,0.004878049,0.4368932,0.84390247
2018-1-10T13-49-39,1515588579431,0.84390247,0.014634146,0.44660193,0.84390247
2018-1-10T13-49-39,1515588579432,0.82439023,0.043902438,0.47572815,0.82439023
2018-1-10T13-49-39,1515588579433,0.84390247,-0.024390243,0.46601942,0.84390247
2018-1-10T13-49-39,1515588579434,0.85365856,-0.014634146,0.44660193,0.85365856
2018-1-10T13-49-39,1515588579435,0.87317073,0.004878049,0.42718446,0.87317073
2018-1-10T13-49-39,1515588579436,0.86341465,0.004878049,0.407767,0.86341465
2018-1-10T13-49-39,1515588579437,0.8829268,0.043902438,0.4368932,0.8829268
2018-1-10T13-49-39,1515588579438,0.84390247,-0.034146342,0.47572815,0.84390247
2018-1-10T13-49-39,1515588579439,0.84390247,0.034146342,0.47572815,0.84390247
2018-1-10T13-49-39,1515588579440,0.8341463,-0.024390243,0.41747573,0.8341463
2018-1-10T13-49-39,1515588579441,0.87317073,-0.034146342,0.4563107,0.87317073
2018-1-10T13-49-39,1515588579442,0.8926829,-0.043902438,0.5048544,0.8926829
2018-1-10T13-49-39,1515588579443,0.87317073,-0.043902438,0.44660193,0.87317073
2018-1-10T13-49-39,1515588579444,0.82439023,-0.053658538,0.3883495,0.82439023
2018-1-10T13-49-39,1515588579445,0.80487806,-0.034146342,0.39805827,0.80487806
2018-1-10T13-49-39,1515588579446,0.7853659,-0.06341463,0.47572815,0.7853659
2018-1-10T13-49-39,1515588579447,0.7853659,-0.06341463,0.42718446,0.7853659
2018-1-10T13-49-39,1515588579448,0.79512197,-0.12195122,0.36893204,0.79512197
2018-1-10T13-49-39,1515588579449,0.8341463,-0.004878049,0.37864077,0.8341463
2018-1-10T13-49-39,1515588579450,0.87317073,-0.004878049,0.5339806,0.87317073
2018-1-10T13-49-39,1515588579451,0.92195123,-0.034146342,0.5533981,0.92195123
2018-1-10T13-49-39,1515588579452,0.8926829,0.004878049,0.44660193,0.8926829
2018-1-10T13-49-39,1515588579453,0.9414634,0.053658538,0.4563107,0.9414634
2018-1-10T13-49-39,1515588579454,0.92195123,0.024390243,0.5048544,0.92195123
2018-1-10T13-49-39,1515588579455,0.84390247,0.004878049,0.4563107,0.84390247
2018-1-10T13-49-39,1515588579456,0.85365856,-0.004878049,0.407767,0.85365856
2018-1-10T13-49-39,1515588579457,0.81463414,-0.014634146,0.42718446,0.81463414
2018-1-10T13-49-39,1515588579458,0.8341463,-0.034146342,0.4563107,0.8341463
2018-1-10T13-49-39,1515588579459,0.80487806,-0.024390243,0.4368932,0.80487806
2018-1-10T13-49-39,1515588579460,0.82439023,-0.034146342,0.41747573,0.82439023
2018-1-10T13-49-39,1515588579461,0.81463414,-0.11219512,0.4368932,0.81463414
2018-1-10T13-49-39,1515588579462,0.8341463,-0.014634146,0.41747573,0.8341463
2018-1-10T13-49-39,1515588579463,0.80487806,-0.014634146,0.36893204,0.80487806
2018-1-10T13-49-39,1515588579464,0.75609756,-0.014634146,0.39805827,0.75609756
2018-1-10T13-49-39,1515588579465,0.79512197,-0.024390243,0.47572815,0.79512197
2018-1-10T13-49-39,1515588579466,0.81463414,-0.053658538,0.46601942,0.81463414
2018-1-10T13-49-39,1515588579467,0.8341463,-0.06341463,0.41747573,0.8341463
2018-1-10T13-49-39,1515588579468,0.902439,-0.024390243,0.4563107,0.902439
2018-1-10T13-49-39,1515588579469,0.91219515,-0.014634146,0.49514562,0.91219515
2018-1-10T13-49-39,1515588579470,0.92195123,0.014634146,0.41747573,0.92195123
2018-1-10T13-49-39,1515588579471,0.8829268,0.034146342,0.4563107,0.8829268
2018-1-10T13-49-39,1515588579472,0.9317073,0.004878049,0.5631068,0.9317073
2018-1-10T13-49-39,1515588579473,0.9317073,-0.014634146,0.49514562,0.9317073
2018-1-10T13-49-39,1515588579474,0.84390247,-0.014634146,0.39805827,0.84390247
2018-1-10T13-49-39,1515588579475,0.84390247,-0.024390243,0.39805827,0.84390247
2018-1-10T13-49-39,1515588579476,0.81463414,-0.053658538,0.5048544,0.81463414
2018-1-10T13-49-39,1515588579477,0.82439023,-0.08292683,0.5436893,0.82439023
2018-1-10T13-49-39,1515588579478,0.81463414,-0.014634146,0.42718446,0.81463414
2018-1-10T13-49-39,1515588579479,0.8341463,-0.034146342,0.407767,0.8341463
2018-1-10T13-49-39,1515588579480,0.84390247,-0.004878049,0.44660193,0.84390247
2018-1-10T13-49-39,1515588579481,0.84390247,-0.014634146,0.49514562,0.84390247
2018-1-10T13-49-39,1515588579482,0.87317073,-0.004878049,0.46601942,0.87317073
2018-1-10T13-49-39,1515588579483,0.86341465,-0.004878049,0.44660193,0.86341465
2018-1-10T13-49-39,1515588579484,0.87317073,0.004878049,0.39805827,0.87317073
2018-1-10T13-49-39,1515588579485,0.84390247,-0.014634146,0.42718446,0.84390247
2018-1-10T13-49-39,1515588579486,0.82439023,0.014634146,0.46601942,0.82439023
2018-1-10T13-49-39,1515588579487,0.84390247,0.004878049,0.42718446,0.84390247
2018-1-10T13-49-39,1515588579488,0.79512197,0.014634146,0.37864077,0.79512197
2018-1-10T13-49-39,1515588579489,0.79512197,0.014634146,0.3106796,0.79512197
2018-1-10T13-49-39,1515588579490,0.82439023,0.024390243,0.42718446,0.82439023
2018-1-10T13-49-39,1515588579491,0.8341463,-0.014634146,0.5339806,0.8341463
2018-1-10T13-49-39,1515588579492,0.84390247,-0.034146342,0.47572815,0.84390247
2018-1-10T13-49-39,1515588579493,0.8341463,-0.024390243,0.41747573,0.8341463
2018-1-10T13-49-39,1515588579494,0.86341465,-0.034146342,0.46601942,0.86341465
2018-1-10T13-49-39,1515588579495,0.8829268,-0.08292683,0.57281554,0.8829268
2018-1-10T13-49-39,1515588579496,0.91219515,-0.09268293,0.5631068,0.91219515
2018-1-10T13-49-39,1515588579497,0.92195123,-0.07317073,0.4368932,0.92195123
2018-1-10T13-49-39,1515588579498,0.8829268,-0.06341463,0.36893204,0.8829268
2018-1-10T13-49-39,1515588579499,0.82439023,-0.034146342,0.41747573,0.82439023
2018-1-10T13-49-39,1515588579500,0.77560973,-0.043902438,0.4854369,0.77560973
2018-1-10T13-49-39,1515588579501,0.79512197,-0.034146342,0.4563107,0.79512197
2018-1-10T13-49-39,1515588579502,0.79512197,-0.024390243,0.41747573,0.79512197
2018-1-10T13-49-39,1515588579503,0.84390247,-0.014634146,0.3883495,0.84390247
2018-1-10T13-49-39,1515588579504,0.8341463,0.043902438,0.4563107,0.8341463
2018-1-10T13-49-39,1515588579505,0.87317073,0.043902438,0.4854369,0.87317073
2018-1-10T13-49-39,1515588579506,0.85365856,0.043902438,0.46601942,0.85365856
2018-1-10T13-49-39,1515588579507,0.86341465,0.004878049,0.41747573,0.86341465
2018-1-10T13-49-39,1515588579508,0.8926829,0.004878049,0.4368932,0.8926829
2018-1-10T13-49-39,1515588579509,0.86341465,-0.004878049,0.46601942,0.86341465
2018-1-10T13-49-39,1515588579510,0.86341465,-0.043902438,0.52427185,0.86341465
2018-1-10T13-49-39,1515588579511,0.87317073,-0.034146342,0.49514562,0.87317073
2018-1-10T13-49-39,1515588579512,0.8829268,-0.014634146,0.407767,0.8829268
2018-1-10T13-49-39,1515588579513,0.8926829,0.004878049,0.3883495,0.8926829
2018-1-10T13-49-39,1515588579514,0.84390247,0.024390243,0.42718446,0.84390247
2018-1-10T13-49-39,1515588579515,0.79512197,0.004878049,0.44660193,0.79512197
2018-1-10T13-49-39,1515588579516,0.7853659,-0.014634146,0.42718446,0.7853659
2018-1-10T13-49-39,1515588579517,0.80487806,-0.043902438,0.37864077,0.80487806
2018-1-10T13-49-39,1515588579518,0.7853659,-0.053658538,0.3883495,0.7853659
2018-1-10T13-49-39,1515588579519,0.7853659,-0.07317073,0.41747573,0.7853659
2018-1-10T13-49-39,1515588579520,0.85365856,-0.034146342,0.4854369,0.85365856
2018-1-10T13-49-39,1515588579521,0.87317073,-0.034146342,0.5533981,0.87317073
2018-1-10T13-49-39,1515588579522,0.9512195,-0.034146342,0.47572815,0.9512195
2018-1-10T13-49-39,1515588579523,0.92195123,0.004878049,0.407767,0.92195123
2018-1-10T13-49-39,1515588579524,0.9317073,0.014634146,0.52427185,0.9317073
2018-1-10T13-49-39,1515588579525,0.9317073,-0.024390243,0.5048544,0.9317073
2018-1-10T13-49-39,1515588579526,0.8926829,-0.014634146,0.47572815,0.8926829
2018-1-10T13-49-39,1515588579527,0.9414634,-0.024390243,0.41747573,0.9414634
2018-1-10T13-49-39,1515588579528,0.82439023,-0.053658538,0.42718446,0.82439023
2018-1-10T13-49-39,1515588579529,0.81463414,-0.11219512,0.41747573,0.81463414
2018-1-10T13-49-39,1515588579530,0.76585364,-0.034146342,0.39805827,0.76585364
2018-1-10T13-49-39,1515588579531,0.77560973,-0.053658538,0.4368932,0.77560973
2018-1-10T13-49-39,1515588579532,0.7853659,-0.053658538,0.47572815,0.7853659
2018-1-10T13-49-39,1515588579533,0.81463414,-0.07317073,0.4563107,0.81463414
2018-1-10T13-49-39,1515588579534,0.84390247,-0.06341463,0.41747573,0.84390247
2018-1-10T13-49-39,1515588579535,0.86341465,-0.014634146,0.4368932,0.86341465
2018-1-10T13-49-39,1515588579536,0.86341465,-0.004878049,0.47572815,0.86341465
2018-1-10T13-49-39,1515588579537,0.84390247,-0.004878049,0.47572815,0.84390247
2018-1-10T13-49-39,1515588579538,0.85365856,0.024390243,0.42718446,0.85365856
2018-1-10T13-49-39,1515588579539,0.87317073,0.034146342,0.4368932,0.87317073
2018-1-10T13-49-39,1515588579540,0.8829268,0.034146342,0.44660193,0.8829268
2018-1-10T13-49-39,1515588579541,0.8926829,0.043902438,0.47572815,0.8926829
2018-1-10T13-49-39,1515588579542,0.9512195,0.043902438,0.42718446,0.9512195
2018-1-10T13-49-39,1515588579543,0.8341463,0.024390243,0.39805827,0.8341463
2018-1-10T13-49-39,1515588579544,0.84390247,0.024390243,0.4368932,0.84390247
2018-1-10T13-49-39,1515588579545,0.81463414,-0.11219512,0.4854369,0.81463414
2018-1-10T13-49-39,1515588579546,0.82439023,-0.024390243,0.47572815,0.82439023
2018-1-10T13-49-39,1515588579547,0.84390247,-0.043902438,0.4368932,0.84390247
2018-1-10T13-49-39,1515588579548,0.84390247,-0.053658538,0.4563107,0.84390247
2018-1-10T13-49-39,1515588579549,0.87317073,-0.053658538,0.4854369,0.87317073
2018-1-10T13-49-39,1515588579550,0.8829268,-0.043902438,0.4854369,0.8829268
2018-1-10T13-49-39,1515588579551,0.8829268,-0.034146342,0.46601942,0.8829268
2018-1-10T13-49-39,1515588579552,0.8926829,-0.004878049,0.39805827,0.8926829
2018-1-10T13-49-39,1515588579553,0.82439023,-0.014634146,0.42718446,0.82439023
2018-1-10T13-49-39,1515588579554,0.80487806,-0.034146342,0.4368932,0.80487806
2018-1-10T13-49-39,1515588579555,0.80487806,-0.024390243,0.44660193,0.80487806
2018-1-10T13-49-39,1515588579556,0.80487806,-0.024390243,0.39805827,0.80487806
2018-1-10T13-49-39,1515588579557,0.80487806,-0.004878049,0.37864077,0.80487806
2018-1-10T13-49-39,1515588579558,0.80487806,-0.06341463,0.4563107,0.80487806
2018-1-10T13-49-39,1515588579559,0.82439023,-0.06341463,0.44660193,0.82439023
2018-1-10T13-49-39,1515588579560,0.81463414,-0.034146342,0.41747573,0.81463414
2018-1-10T13-49-39,1515588579561,0.86341465,-0.024390243,0.407767,0.86341465
2018-1-10T13-49-39,1515588579562,0.86341465,-0.004878049,0.47572815,0.86341465
2018-1-10T13-49-39,1515588579563,0.87317073,0.004878049,0.4854369,0.87317073
2018-1-10T13-49-39,1515588579564,0.8926829,-0.014634146,0.49514562,0.8926829
2018-1-10T13-49-39,1515588579565,0.9317073,-0.014634146,0.5145631,0.9317073
2018-1-10T13-49-39,1515588579566,0.9512195,-0.004878049,0.5048544,0.9512195
2018-1-10T13-49-39,1515588579567,0.9414634,-0.004878049,0.47572815,0.9414634
2018-1-10T13-49-39,1515588579568,0.902439,-0.014634146,0.407767,0.902439
2018-1-10T13-49-39,1515588579569,0.84390247,-0.004878049,0.407767,0.84390247
2018-1-10T13-49-39,1515588579570,0.7853659,-0.053658538,0.44660193,0.7853659
2018-1-10T13-49-39,1515588579571,0.7853659,-0.08292683,0.4368932,0.7853659
2018-1-10T13-49-39,1515588579572,0.76585364,-0.08292683,0.37864077,0.76585364
2018-1-10T13-49-39,1515588579573,0.75609756,-0.043902438,0.34951457,0.75609756
2018-1-10T13-49-39,1515588579574,0.80487806,-0.034146342,0.44660193,0.80487806
2018-1-10T13-49-39,1515588579575,0.82439023,-0.034146342,0.5048544,0.82439023
2018-1-10T13-49-39,1515588579576,0.84390247,-0.12195122,0.44660193,0.84390247
2018-1-10T13-49-39,1515588579577,0.86341465,0.034146342,0.36893204,0.86341465
2018-1-10T13-49-39,1515588579578,0.87317073,0.043902438,0.4368932,0.87317073
2018-1-10T13-49-39,1515588579579,0.8926829,0.053658538,0.5145631,0.8926829
2018-1-10T13-49-39,1515588579580,0.84390247,-0.004878049,0.5436893,0.84390247
2018-1-10T13-49-39,1515588579581,0.85365856,-0.014634146,0.37864077,0.85365856
2018-1-10T13-49-39,1515588579582,0.85365856,-0.024390243,0.39805827,0.85365856
2018-1-10T13-49-39,1515588579583,0.8341463,-0.014634146,0.4563107,0.8341463
2018-1-10T13-49-39,1515588579584,0.82439023,0.024390243,0.5048544,0.82439023
2018-1-10T13-49-39,1515588579585,0.82439023,-0.07317073,0.4854369,0.82439023
2018-1-10T13-49-39,1515588579586,0.84390247,-0.08292683,0.4563107,0.84390247
2018-1-10T13-49-39,1515588579587,0.86341465,-0.043902438,0.44660193,0.86341465
2018-1-10T13-49-39,1515588579588,0.9609756,-0.034146342,0.44660193,0.9609756
2018-1-10T13-49-39,1515588579589,0.87317073,-0.014634146,0.44660193,0.87317073
2018-1-10T13-49-39,1515588579590,0.86341465,-0.014634146,0.4563107,0.86341465
2018-1-10T13-49-39,1515588579591,0.85365856,-0.004878049,0.44660193,0.85365856
2018-1-10T13-49-39,1515588579592,0.85365856,-0.004878049,0.4563107,0.85365856
2018-1-10T13-49-39,1515588579593,0.85365856,0.004878049,0.46601942,0.85365856
2018-1-10T13-49-39,1515588579594,0.84390247,0.053658538,0.39805827,0.84390247
2018-1-10T13-49-39,1515588579595,0.84390247,0.024390243,0.37864077,0.84390247
2018-1-10T13-49-39,1515588579596,0.84390247,0.043902438,0.42718446,0.84390247
2018-1-10T13-49-39,1515588579597,0.84390247,-0.004878049,0.47572815,0.84390247
2018-1-10T13-49-39,1515588579598,0.79512197,-0.043902438,0.4368932,0.79512197
2018-1-10T13-49-39,1515588579599,0.9512195,-0.043902438,0.49514562,0.9512195
2018-1-10T13-49-39,1515588579600,0.86341465,-0.053658538,0.44660193,0.86341465
2018-1-10T13-49-39,1515588579601,0.80487806,-0.08292683,0.4368932,0.80487806
2018-1-10T13-49-39,1515588579602,0.82439023,-0.043902438,0.42718446,0.82439023
2018-1-10T13-49-39,1515588579603,0.7853659,-0.043902438,0.39805827,0.7853659
2018-1-10T13-49-39,1515588579604,0.7268293,-0.024390243,0.39805827,0.7268293
2018-1-10T13-49-39,1515588579605,0.80487806,-0.043902438,0.42718446,0.80487806
2018-1-10T13-49-39,1515588579606,0.81463414,-0.053658538,0.4563107,0.81463414
2018-1-10T13-49-39,1515588579607,0.8829268,-0.024390243,0.46601942,0.8829268
2018-1-10T13-49-39,1515588579608,0.8926829,-0.014634146,0.47572815,0.8926829
2018-1-10T13-49-39,1515588579609,0.92195123,0.004878049,0.44660193,0.92195123
2018-1-10T13-49-39,1515588579610,0.9512195,0.014634146,0.49514562,0.9512195
2018-1-10T13-49-39,1515588579611,0.91219515,0.034146342,0.5145631,0.91219515
2018-1-10T13-49-39,1515588579612,0.8341463,0.024390243,0.49514562,0.8341463
2018-1-10T13-49-39,1515588579613,0.86341465,0.004878049,0.4368932,0.86341465
2018-1-10T13-49-39,1515588579614,0.86341465,-0.004878049,0.41747573,0.86341465
2018-1-10T13-49-39,1515588579615,0.81463414,-0.043902438,0.3883495,0.81463414
2018-1-10T13-49-39,1515588579616,0.76585364,-0.06341463,0.3883495,0.76585364
2018-1-10T13-49-39,1515588579617,0.7365854,-0.06341463,0.39805827,0.7365854
2018-1-10T13-49-39,1515588579618,0.77560973,-0.06341463,0.407767,0.77560973
2018-1-10T13-49-39,1515588579619,0.76585364,-0.053658538,0.37864077,0.76585364
2018-1-10T13-49-39,1515588579620,0.71707314,-0.034146342,0.34951457,0.71707314
2018-1-10T13-49-39,1515588579621,0.81463414,0.004878049,0.407767,0.81463414
2018-1-10T13-49-39,1515588579622,0.82439023,0.014634146,0.41747573,0.82439023
2018-1-10T13-49-39,1515588579623,0.85365856,0.004878049,0.46601942,0.85365856
2018-1-10T13-49-39,1515588579624,0.8829268,-0.004878049,0.44660193,0.8829268
2018-1-10T13-49-39,1515588579625,0.902439,0.004878049,0.5533981,0.902439
2018-1-10T13-49-39,1515588579626,0.9414634,-0.004878049,0.4854369,0.9414634
2018-1-10T13-49-39,1515588579627,0.9414634,-0.004878049,0.4563107,0.9414634
2018-1-10T13-49-39,1515588579628,0.8829268,0.004878049,0.4368932,0.8829268
2018-1-10T13-49-39,1515588579629,0.86341465,0.004878049,0.41747573,0.86341465
2018-1-10T13-49-39,1515588579630,0.82439023,-0.024390243,0.44660193,0.82439023
2018-1-10T13-49-39,1515588579631,0.82439023,-0.043902438,0.4563107,0.82439023
2018-1-10T13-49-39,1515588579632,0.8341463,-0.053658538,0.4368932,0.8341463
2018-1-10T13-49-39,1515588579633,0.82439023,-0.053658538,0.4368932,0.82439023
2018-1-10T13-49-39,1515588579634,0.84390247,-0.034146342,0.4563107,0.84390247
2018-1-10T13-49-39,1515588579635,0.86341465,-0.034146342,0.4563107,0.86341465
2018-1-10T13-49-39,1515588579636,0.81463414,-0.043902438,0.47572815,0.81463414
2018-1-10T13-49-39,1515588579637,0.86341465,-0.053658538,0.4854369,0.86341465
2018-1-10T13-49-39,1515588579638,0.84390247,-0.053658538,0.4368932,0.84390247
2018-1-10T13-49-39,1515588579639,0.79512197,-0.004878049,0.41747573,0.79512197
2018-1-10T13-49-39,1515588579640,0.82439023,0.004878049,0.37864077,0.82439023
2018-1-10T13-49-39,1515588579641,0.8341463,-0.004878049,0.4368932,0.8341463
2018-1-10T13-49-39,1515588579642,0.84390247,0.014634146,0.407767,0.84390247
2018-1-10T13-49-39,1515588579643,0.85365856,0.024390243,0.42718446,0.85365856
2018-1-10T13-49-39,1515588579644,0.86341465,0.024390243,0.4368932,0.86341465
2018-1-10T13-49-39,1515588579645,0.86341465,-0.004878049,0.46601942,0.86341465
2018-1-10T13-49-39,1515588579646,0.85365856,0.004878049,0.4563107,0.85365856
2018-1-10T13-49-39,1515588579647,0.81463414,-0.034146342,0.407767,0.81463414
2018-1-10T13-49-39,1515588579648,0.81463414,-0.034146342,0.36893204,0.81463414
2018-1-10T13-49-39,1515588579649,0.82439023,-0.07317073,0.4854369,0.82439023
2018-1-10T13-49-39,1515588579650,0.84390247,-0.053658538,0.4854369,0.84390247
2018-1-10T13-49-39,1515588579651,0.84390247,-0.043902438,0.3883495,0.84390247
2018-1-10T13-49-39,1515588579652,0.81463414,-0.034146342,0.407767,0.81463414
2018-1-10T13-49-39,1515588579653,0.87317073,-0.034146342,0.52427185,0.87317073
2018-1-10T13-49-39,1515588579654,0.8829268,-0.034146342,0.5339806,0.8829268
2018-1-10T13-49-39,1515588579655,0.92195123,-0.024390243,0.44660193,0.92195123
2018-1-10T13-49-39,1515588579656,0.91219515,0.014634146,0.4368932,0.91219515
2018-1-10T13-49-39,1515588579657,0.91219515,0.004878049,0.49514562,0.91219515
2018-1-10T13-49-39,1515588579658,0.9414634,0.014634146,0.4368932,0.9414634
2018-1-10T13-49-39,1515588579659,0.84390247,0.024390243,0.37864077,0.84390247
2018-1-10T13-49-39,1515588579660,0.79512197,0.004878049,0.39805827,0.79512197
2018-1-10T13-49-39,1515588579661,0.80487806,-0.024390243,0.46601942,0.80487806
2018-1-10T13-49-39,1515588579662,0.75609756,-0.053658538,0.41747573,0.75609756
2018-1-10T13-49-39,1515588579663,0.7853659,-0.053658538,0.37864077,0.7853659
2018-1-10T13-49-39,1515588579664,0.82439023,-0.043902438,0.4368932,0.82439023
2018-1-10T13-49-39,1515588579665,0.81463414,-0.043902438,0.46601942,0.81463414
2018-1-10T13-49-39,1515588579666,0.85365856,-0.053658538,0.5145631,0.85365856
2018-1-10T13-49-39,1515588579667,0.87317073,-0.024390243,0.4368932,0.87317073
2018-1-10T13-49-39,1515588579668,0.87317073,-0.053658538,0.46601942,0.87317073
2018-1-10T13-49-39,1515588579669,0.8341463,-0.034146342,0.49514562,0.8341463
2018-1-10T13-49-39,1515588579670,0.8341463,-0.014634146,0.4563107,0.8341463
2018-1-10T13-49-39,1515588579671,0.9317073,0.014634146,0.52427185,0.9317073
2018-1-10T13-49-39,1515588579672,0.91219515,0.014634146,0.5145631,0.91219515
2018-1-10T13-49-39,1515588579673,0.97073174,0.043902438,0.407767,0.97073174
2018-1-10T13-49-39,1515588579674,0.902439,0.11219512,0.407767,0.902439
2018-1-10T13-49-39,1515588579675,0.8926829,0.043902438,0.5145631,0.8926829
2018-1-10T13-49-39,1515588579676,0.85365856,0.014634146,0.47572815,0.85365856
2018-1-10T13-49-39,1515588579677,0.7853659,-0.004878049,0.34951457,0.7853659
2018-1-10T13-49-39,1515588579678,0.76585364,0.043902438,0.34951457,0.76585364
2018-1-10T13-49-39,1515588579679,0.75609756,-0.06341463,0.4563107,0.75609756
2018-1-10T13-49-39,1515588579680,0.71707314,-0.07317073,0.4368932,0.71707314
2018-1-10T13-49-39,1515588579681,0.7268293,-0.06341463,0.3883495,0.7268293
2018-1-10T13-49-39,1515588579682,0.81463414,-0.06341463,0.41747573,0.81463414
2018-1-10T13-49-39,1515588579683,0.8341463,-0.07317073,0.5145631,0.8341463
2018-1-10T13-49-39,1515588579684,0.86341465,-0.07317073,0.47572815,0.86341465
2018-1-10T13-49-39,1515588579685,0.86341465,0.024390243,0.41747573,0.86341465
2018-1-10T13-49-39,1515588579686,0.91219515,-0.004878049,0.49514562,0.91219515
2018-1-10T13-49-39,1515588579687,0.9317073,-0.014634146,0.5436893,0.9317073
2018-1-10T13-49-39,1515588579688,0.9317073,0.004878049,0.47572815,0.9317073
2018-1-10T13-49-39,1515588579689,0.8926829,0.004878049,0.4368932,0.8926829
2018-1-10T13-49-39,1515588579690,0.8926829,0.034146342,0.42718446,0.8926829
2018-1-10T13-49-39,1515588579691,0.87317073,0.014634146,0.47572815,0.87317073
2018-1-10T13-49-39,1515588579692,0.84390247,-0.043902438,0.47572815,0.84390247
2018-1-10T13-49-39,1515588579693,0.84390247,-0.034146342,0.4563107,0.84390247
2018-1-10T13-49-39,1515588579694,0.81463414,-0.06341463,0.3883495,0.81463414
2018-1-10T13-49-39,1515588579695,0.8341463,-0.07317073,0.3883495,0.8341463
2018-1-10T13-49-39,1515588579696,0.7853659,-0.07317073,0.46601942,0.7853659
2018-1-10T13-49-39,1515588579697,0.79512197,-0.07317073,0.46601942,0.79512197
2018-1-10T13-49-39,1515588579698,0.82439023,-0.014634146,0.42718446,0.82439023
2018-1-10T13-49-39,1515588579699,0.85365856,0.014634146,0.4368932,0.85365856
2018-1-10T13-49-39,1515588579700,0.8926829,0.07317073,0.46601942,0.8926829
2018-1-10T13-49-39,1515588579701,0.86341465,0.06341463,0.4563107,0.86341465
2018-1-10T13-49-39,1515588579702,0.85365856,0.053658538,0.41747573,0.85365856
2018-1-10T13-49-39,1515588579703,0.8341463,0.014634146,0.36893204,0.8341463
2018-1-10T13-49-39,1515588579704,0.81463414,0.034146342,0.39805827,0.81463414
2018-1-10T13-49-39,1515588579705,0.80487806,-0.014634146,0.4563107,0.80487806
2018-1-10T13-49-39,1515588579706,0.81463414,-0.024390243,0.4563107,0.81463414
2018-1-10T13-49-39,1515588579707,0.8341463,0.053658538,0.4563107,0.8341463
2018-1-10T13-49-39,1515588579708,0.84390247,0.004878049,0.4368932,0.84390247
2018-1-10T13-49-39,1515588579709,0.87317073,-0.034146342,0.4854369,0.87317073
2018-1-10T13-49-39,1515588579710,0.87317073,-0.053658538,0.5048544,0.87317073
2018-1-10T13-49-39,1515588579711,0.86341465,-0.034146342,0.44660193,0.86341465
2018-1-10T13-49-39,1515588579712,0.86341465,-0.014634146,0.42718446,0.86341465
2018-1-10T13-49-39,1515588579713,0.84390247,-0.004878049,0.44660193,0.84390247
2018-1-10T13-49-39,1515588579714,0.85365856,-0.014634146,0.5048544,0.85365856
2018-1-10T13-49-39,1515588579715,0.8341463,-0.034146342,0.4854369,0.8341463
2018-1-10T13-49-39,1515588579716,0.86341465,0.004878049,0.37864077,0.86341465
2018-1-10T13-49-39,1515588579717,0.8926829,-0.004878049,0.4854369,0.8926829
2018-1-10T13-49-39,1515588579718,0.8829268,-0.004878049,0.44660193,0.8829268
2018-1-10T13-49-39,1515588579719,0.81463414,-0.024390243,0.407767,0.81463414
2018-1-10T13-49-39,1515588579720,0.76585364,-0.004878049,0.36893204,0.76585364
2018-1-10T13-49-39,1515588579721,0.7853659,-0.014634146,0.44660193,0.7853659
2018-1-10T13-49-39,1515588579722,0.77560973,-0.06341463,0.4854369,0.77560973
2018-1-10T13-49-39,1515588579723,0.7853659,-0.08292683,0.4563107,0.7853659
2018-1-10T13-49-39,1515588579724,0.81463414,-0.07317073,0.3883495,0.81463414
2018-1-10T13-49-39,1515588579725,0.85365856,-0.053658538,0.37864077,0.85365856
2018-1-10T13-49-39,1515588579726,0.85365856,-0.024390243,0.37864077,0.85365856
2018-1-10T13-49-39,1515588579727,0.84390247,-0.014634146,0.44660193,0.84390247
2018-1-10T13-49-39,1515588579728,0.86341465,0.014634146,0.47572815,0.86341465
2018-1-10T13-49-39,1515588579729,0.902439,0.014634146,0.4854369,0.902439
2018-1-10T13-49-39,1515588579730,0.9804878,-0.004878049,0.49514562,0.9804878
2018-1-10T13-49-39,1515588579731,0.92195123,-0.014634146,0.46601942,0.92195123
2018-1-10T13-49-39,1515588579732,0.902439,0.004878049,0.46601942,0.902439
2018-1-10T13-49-39,1515588579733,0.92195123,-0.024390243,0.5436893,0.92195123
2018-1-10T13-49-39,1515588579734,0.8829268,-0.043902438,0.49514562,0.8829268
2018-1-10T13-49-39,1515588579735,0.82439023,-0.024390243,0.3592233,0.82439023
2018-1-10T13-49-39,1515588579736,0.76585364,-0.014634146,0.33009708,0.76585364
2018-1-10T13-49-39,1515588579737,0.7365854,-0.053658538,0.4563107,0.7365854
2018-1-10T13-49-39,1515588579738,0.75609756,-0.043902438,0.4854369,0.75609756
2018-1-10T13-49-39,1515588579739,0.79512197,-0.053658538,0.3883495,0.79512197
2018-1-10T13-49-39,1515588579740,0.8341463,-0.043902438,0.36893204,0.8341463
2018-1-10T13-49-39,1515588579741,0.86341465,-0.014634146,0.4563107,0.86341465
2018-1-10T13-49-39,1515588579742,0.80487806,-0.004878049,0.5048544,0.80487806
2018-1-10T13-49-39,1515588579743,0.84390247,-0.004878049,0.407767,0.84390247
2018-1-10T13-49-39,1515588579744,0.81463414,-0.024390243,0.39805827,0.81463414
2018-1-10T13-49-39,1515588579745,0.81463414,-0.014634146,0.407767,0.81463414
2018-1-10T13-49-39,1515588579746,0.81463414,-0.034146342,0.46601942,0.81463414
2018-1-10T13-49-39,1515588579747,0.86341465,-0.043902438,0.47572815,0.86341465
2018-1-10T13-49-39,1515588579748,0.8829268,-0.053658538,0.44660193,0.8829268
2018-1-10T13-49-39,1515588579749,0.87317073,-0.034146342,0.407767,0.87317073
2018-1-10T13-49-39,1515588579750,0.85365856,-0.053658538,0.407767,0.85365856
2018-1-10T13-49-39,1515588579751,0.8341463,-0.014634146,0.47572815,0.8341463
2018-1-10T13-49-39,1515588579752,0.84390247,0.034146342,0.5145631,0.84390247
2018-1-10T13-49-39,1515588579753,0.8926829,-0.004878049,0.5145631,0.8926829
2018-1-10T13-49-39,1515588579754,0.9317073,0.004878049,0.46601942,0.9317073
2018-1-10T13-49-39,1515588579755,0.91219515,-0.004878049,0.37864077,0.91219515
2018-1-10T13-49-39,1515588579756,0.87317073,0.034146342,0.39805827,0.87317073
2018-1-10T13-49-39,1515588579757,0.8341463,0.043902438,0.42718446,0.8341463
2018-1-10T13-49-39,1515588579758,0.81463414,-0.014634146,0.5145631,0.81463414
2018-1-10T13-49-39,1515588579759,0.76585364,-0.024390243,0.47572815,0.76585364
2018-1-10T13-49-39,1515588579760,0.8341463,-0.004878049,0.36893204,0.8341463
2018-1-10T13-49-39,1515588579761,0.85365856,-0.024390243,0.4563107,0.85365856
2018-1-10T13-49-39,1515588579762,0.85365856,-0.024390243,0.47572815,0.85365856
2018-1-10T13-49-39,1515588579763,0.8341463,-0.004878049,0.4563107,0.8341463
2018-1-10T13-49-39,1515588579764,0.86341465,-0.004878049,0.42718446,0.86341465
2018-1-10T13-49-39,1515588579765,0.91219515,-0.034146342,0.42718446,0.91219515
2018-1-10T13-49-39,1515588579766,0.82439023,-0.053658538,0.41747573,0.82439023
2018-1-10T13-49-39,1515588579767,0.77560973,-0.043902438,0.39805827,0.77560973
2018-1-10T13-49-39,1515588579768,0.76585364,-0.06341463,0.41747573,0.76585364
2018-1-10T13-49-39,1515588579769,0.81463414,-0.043902438,0.39805827,0.81463414
2018-1-10T13-49-39,1515588579770,0.81463414,-0.06341463,0.39805827,0.81463414
2018-1-10T13-49-39,1515588579771,0.87317073,-0.034146342,0.4563107,0.87317073
2018-1-10T13-49-39,1515588579772,0.8829268,-0.043902438,0.5145631,0.8829268
2018-1-10T13-49-39,1515588579773,0.92195123,-0.014634146,0.5048544,0.92195123
2018-1-10T13-49-39,1515588579774,0.92195123,-0.053658538,0.46601942,0.92195123
2018-1-10T13-49-39,1515588579775,0.9317073,-0.024390243,0.49514562,0.9317073
2018-1-10T13-49-39,1515588579776,0.92195123,-0.07317073,0.5533981,0.92195123
2018-1-10T13-49-39,1515588579777,0.87317073,0.024390243,0.4854369,0.87317073
2018-1-10T13-49-39,1515588579778,0.87317073,-0.004878049,0.42718446,0.87317073
2018-1-10T13-49-39,1515588579779,0.81463414,-0.004878049,0.3883495,0.81463414
2018-1-10T13-49-39,1515588579780,0.74634147,-0.06341463,0.39805827,0.74634147
2018-1-10T13-49-39,1515588579781,0.74634147,-0.034146342,0.41747573,0.74634147
2018-1-10T13-49-39,1515588579782,0.7365854,-0.034146342,0.42718446,0.7365854
2018-1-10T13-49-39,1515588579783,0.71707314,-0.043902438,0.407767,0.71707314
2018-1-10T13-49-39,1515588579784,0.79512197,-0.043902438,0.6699029,0.79512197
2018-1-10T13-49-39,1515588579785,0.80487806,-0.024390243,0.39805827,0.80487806
2018-1-10T13-49-39,1515588579786,0.8341463,0.034146342,0.4563107,0.8341463
2018-1-10T13-49-39,1515588579787,0.85365856,-0.014634146,0.49514562,0.85365856
2018-1-10T13-49-39,1515588579788,0.902439,-0.014634146,0.47572815,0.902439
2018-1-10T13-49-39,1515588579789,0.91219515,0.043902438,0.47572815,0.91219515
2018-1-10T13-49-39,1515588579790,0.9512195,-0.06341463,0.49514562,0.9512195
2018-1-10T13-49-39,1515588579791,0.9512195,0.034146342,0.5339806,0.9512195
2018-1-10T13-49-39,1515588579792,0.92195123,-0.014634146,0.47572815,0.92195123
2018-1-10T13-49-39,1515588579793,0.84390247,-0.024390243,0.39805827,0.84390247
2018-1-10T13-49-39,1515588579794,0.79512197,-0.043902438,0.39805827,0.79512197
2018-1-10T13-49-39,1515588579795,0.7853659,-0.06341463,0.44660193,0.7853659
2018-1-10T13-49-39,1515588579796,0.75609756,-0.10243902,0.4368932,0.75609756
2018-1-10T13-49-39,1515588579797,0.75609756,-0.11219512,0.407767,0.75609756
2018-1-10T13-49-39,1515588579798,0.77560973,-0.07317073,0.4563107,0.77560973
2018-1-10T13-49-39,1515588579799,0.82439023,-0.034146342,0.4368932,0.82439023
2018-1-10T13-49-39,1515588579800,0.8829268,-0.034146342,0.42718446,0.8829268
2018-1-10T13-49-39,1515588579801,0.86341465,-0.034146342,0.46601942,0.86341465
2018-1-10T13-49-39,1515588579802,0.86341465,-0.043902438,0.49514562,0.86341465
2018-1-10T13-49-39,1515588579803,0.902439,-0.034146342,0.49514562,0.902439
2018-1-10T13-49-39,1515588579804,0.8829268,-0.034146342,0.4368932,0.8829268
2018-1-10T13-49-39,1515588579805,0.86341465,-0.014634146,0.39805827,0.86341465
2018-1-10T13-49-39,1515588579806,0.82439023,-0.034146342,0.37864077,0.82439023
2018-1-10T13-49-39,1515588579807,0.81463414,-0.053658538,0.42718446,0.81463414
2018-1-10T13-49-39,1515588579808,0.8341463,0.034146342,0.47572815,0.8341463
2018-1-10T13-49-39,1515588579809,0.85365856,0.014634146,0.4563107,0.85365856
2018-1-10T13-49-39,1515588579810,0.85365856,0.034146342,0.41747573,0.85365856
2018-1-10T13-49-39,1515588579811,0.9414634,0.053658538,0.42718446,0.9414634
2018-1-10T13-49-39,1515588579812,0.902439,0.043902438,0.4854369,0.902439
2018-1-10T13-49-39,1515588579813,0.902439,0.07317073,0.49514562,0.902439
2018-1-10T13-49-39,1515588579814,0.86341465,0.014634146,0.4563107,0.86341465
2018-1-10T13-49-39,1515588579815,0.84390247,-0.024390243,0.4563107,0.84390247
2018-1-10T13-49-39,1515588579816,0.8341463,-0.043902438,0.42718446,0.8341463
2018-1-10T13-49-39,1515588579817,0.79512197,-0.06341463,0.407767,0.79512197
2018-1-10T13-49-39,1515588579818,0.76585364,-0.08292683,0.37864077,0.76585364
2018-1-10T13-49-39,1515588579819,0.75609756,-0.09268293,0.39805827,0.75609756
2018-1-10T13-49-39,1515588579820,0.79512197,-0.053658538,0.47572815,0.79512197
2018-1-10T13-49-39,1515588579821,0.79512197,-0.06341463,0.4563107,0.79512197
2018-1-10T13-49-39,1515588579822,0.8829268,-0.034146342,0.39805827,0.8829268
2018-1-10T13-49-39,1515588579823,0.8829268,0.014634146,0.42718446,0.8829268
2018-1-10T13-49-39,1515588579824,0.91219515,-0.024390243,0.5533981,0.91219515
2018-1-10T13-49-39,1515588579825,0.91219515,-0.024390243,0.52427185,0.91219515
2018-1-10T13-49-39,1515588579826,0.8829268,0.024390243,0.407767,0.8829268
2018-1-10T13-49-39,1515588579827,0.81463414,0.024390243,0.3592233,0.81463414
2018-1-10T13-49-39,1515588579828,0.82439023,0.004878049,0.5048544,0.82439023
2018-1-10T13-49-39,1515588579829,0.87317073,-0.014634146,0.5436893,0.87317073
2018-1-10T13-49-39,1515588579830,0.8341463,-0.024390243,0.41747573,0.8341463
2018-1-10T13-49-39,1515588579831,0.84390247,-0.004878049,0.3106796,0.84390247
2018-1-10T13-49-39,1515588579832,0.84390247,-0.004878049,0.3883495,0.84390247
2018-1-10T13-49-39,1515588579833,0.80487806,-0.014634146,0.5048544,0.80487806
2018-1-10T13-49-39,1515588579834,0.7853659,-0.053658538,0.5048544,0.7853659
2018-1-10T13-49-39,1515588579835,0.8341463,-0.024390243,0.4854369,0.8341463
2018-1-10T13-49-39,1515588579836,0.91219515,-0.024390243,0.52427185,0.91219515
2018-1-10T13-49-39,1515588579837,0.91219515,-0.034146342,0.44660193,0.91219515
2018-1-10T13-49-39,1515588579838,0.87317073,-0.004878049,0.407767,0.87317073
2018-1-10T13-49-39,1515588579839,0.86341465,0.004878049,0.4563107,0.86341465
2018-1-10T13-49-39,1515588579840,0.82439023,-0.024390243,0.47572815,0.82439023
2018-1-10T13-49-39,1515588579841,0.80487806,-0.014634146,0.4368932,0.80487806
2018-1-10T13-49-39,1515588579842,0.81463414,-0.043902438,0.37864077,0.81463414
2018-1-10T13-49-39,1515588579843,0.80487806,-0.034146342,0.42718446,0.80487806
2018-1-10T13-49-39,1515588579844,0.84390247,-0.014634146,0.41747573,0.84390247
2018-1-10T13-49-39,1515588579845,0.8341463,0.06341463,0.3883495,0.8341463
2018-1-10T13-49-39,1515588579846,0.82439023,-0.014634146,0.41747573,0.82439023
2018-1-10T13-49-39,1515588579847,0.84390247,-0.024390243,0.4563107,0.84390247
2018-1-10T13-49-39,1515588579848,0.902439,-0.014634146,0.46601942,0.902439
2018-1-10T13-49-39,1515588579849,0.8926829,-0.014634146,0.49514562,0.8926829
2018-1-10T13-49-39,1515588579850,0.92195123,-0.024390243,0.5339806,0.92195123
2018-1-10T13-49-39,1515588579851,0.9414634,-0.034146342,0.5339806,0.9414634
2018-1-10T13-49-39,1515588579852,0.9609756,-0.034146342,0.4563107,0.9609756
2018-1-10T13-49-39,1515588579853,0.91219515,-0.014634146,0.44660193,0.91219515
2018-1-10T13-49-39,1515588579854,0.85365856,-0.014634146,0.46601942,0.85365856
2018-1-10T13-49-39,1515588579855,0.81463414,-0.034146342,0.46601942,0.81463414
2018-1-10T13-49-39,1515588579856,0.74634147,-0.06341463,0.407767,0.74634147
2018-1-10T13-49-39,1515588579857,0.74634147,-0.053658538,0.37864077,0.74634147
2018-1-10T13-49-39,1515588579858,0.77560973,-0.053658538,0.37864077,0.77560973
2018-1-10T13-49-39,1515588579859,0.7853659,-0.053658538,0.41747573,0.7853659
2018-1-10T13-49-39,1515588579860,0.76585364,-0.014634146,0.41747573,0.76585364
2018-1-10T13-49-39,1515588579861,0.80487806,0.014634146,0.47572815,0.80487806
2018-1-10T13-49-39,1515588579862,0.8829268,-0.06341463,0.44660193,0.8829268
2018-1-10T13-49-39,1515588579863,0.84390247,0.043902438,0.3883495,0.84390247
2018-1-10T13-49-39,1515588579864,0.85365856,0.053658538,0.407767,0.85365856
2018-1-10T13-49-39,1515588579865,0.8926829,0.024390243,0.5145631,0.8926829
2018-1-10T13-49-39,1515588579866,0.902439,0.034146342,0.4854369,0.902439
2018-1-10T13-49-39,1515588579867,0.8341463,0.034146342,0.36893204,0.8341463
2018-1-10T13-49-39,1515588579868,0.84390247,0.004878049,0.37864077,0.84390247
2018-1-10T13-49-39,1515588579869,0.82439023,-0.06341463,0.4854369,0.82439023
2018-1-10T13-49-39,1515588579870,0.82439023,-0.07317073,0.4854369,0.82439023
2018-1-10T13-49-39,1515588579871,0.82439023,-0.08292683,0.44660193,0.82439023
2018-1-10T13-49-39,1515588579872,0.84390247,-0.08292683,0.41747573,0.84390247
2018-1-10T13-49-39,1515588579873,0.84390247,-0.034146342,0.47572815,0.84390247
2018-1-10T13-49-39,1515588579874,0.87317073,-0.043902438,0.49514562,0.87317073
2018-1-10T13-49-39,1515588579875,0.8829268,-0.014634146,0.4854369,0.8829268
2018-1-10T13-49-39,1515588579876,0.87317073,-0.004878049,0.4563107,0.87317073
2018-1-10T13-49-39,1515588579877,0.8829268,-0.014634146,0.44660193,0.8829268
2018-1-10T13-49-39,1515588579878,0.9317073,-0.034146342,0.47572815,0.9317073
2018-1-10T13-49-39,1515588579879,0.84390247,-0.024390243,0.46601942,0.84390247
2018-1-10T13-49-39,1515588579880,0.8341463,-0.07317073,0.46601942,0.8341463
2018-1-10T13-49-39,1515588579881,0.85365856,-0.034146342,0.44660193,0.85365856
2018-1-10T13-49-39,1515588579882,0.81463414,-0.014634146,0.3883495,0.81463414
2018-1-10T13-49-39,1515588579883,0.79512197,0.004878049,0.3592233,0.79512197
2018-1-10T13-49-39,1515588579884,0.77560973,-0.004878049,0.407767,0.77560973
2018-1-10T13-49-39,1515588579885,0.77560973,-0.024390243,0.44660193,0.77560973
2018-1-10T13-49-39,1515588579886,0.76585364,-0.034146342,0.46601942,0.76585364
2018-1-10T13-49-39,1515588579887,0.80487806,-0.034146342,0.39805827,0.80487806
2018-1-10T13-49-39,1515588579888,0.84390247,-0.014634146,0.49514562,0.84390247
2018-1-10T13-49-39,1515588579889,0.902439,0.014634146,0.4854369,0.902439
2018-1-10T13-49-39,1515588579890,0.8926829,-0.014634146,0.42718446,0.8926829
2018-1-10T13-49-39,1515588579891,0.9414634,0.024390243,0.42718446,0.9414634
2018-1-10T13-49-39,1515588579892,0.902439,0.014634146,0.52427185,0.902439
2018-1-10T13-49-39,1515588579893,0.8829268,-0.043902438,0.49514562,0.8829268
2018-1-10T13-49-39,1515588579894,0.85365856,-0.043902438,0.4563107,0.85365856
2018-1-10T13-49-39,1515588579895,0.85365856,-0.034146342,0.47572815,0.85365856
2018-1-10T13-49-39,1515588579896,0.87317073,-0.12195122,0.49514562,0.87317073
2018-1-10T13-49-39,1515588579897,0.8341463,-0.024390243,0.41747573,0.8341463
2018-1-10T13-49-39,1515588579898,0.82439023,0.004878049,0.36893204,0.82439023
2018-1-10T13-49-39,1515588579899,0.80487806,-0.024390243,0.407767,0.80487806
2018-1-10T13-49-39,1515588579900,0.77560973,-0.034146342,0.42718446,0.77560973
2018-1-10T13-49-39,1515588579901,0.76585364,-0.043902438,0.42718446,0.76585364
2018-1-10T13-49-39,1515588579902,0.7853659,-0.014634146,0.41747573,0.7853659
2018-1-10T13-49-39,1515588579903,0.84390247,-0.024390243,0.46601942,0.84390247
2018-1-10T13-49-39,1515588579904,0.902439,-0.004878049,0.47572815,0.902439
2018-1-10T13-49-39,1515588579905,0.9414634,0.004878049,0.4563107,0.9414634
2018-1-10T13-49-39,1515588579906,0.9414634,0.043902438,0.41747573,0.9414634
2018-1-10T13-49-39,1515588579907,0.902439,0.053658538,0.44660193,0.902439
2018-1-10T13-49-39,1515588579908,0.8926829,0.034146342,0.49514562,0.8926829
2018-1-10T13-49-39,1515588579909,0.84390247,-0.004878049,0.47572815,0.84390247
2018-1-10T13-49-39,1515588579910,0.82439023,-0.014634146,0.41747573,0.82439023
2018-1-10T13-49-39,1515588579911,0.8341463,-0.024390243,0.41747573,0.8341463
2018-1-10T13-49-39,1515588579912,0.85365856,-0.043902438,0.4368932,0.85365856
2018-1-10T13-49-39,1515588579913,0.8341463,-0.034146342,0.4563107,0.8341463
2018-1-10T13-49-39,1515588579914,0.8341463,-0.024390243,0.407767,0.8341463
2018-1-10T13-49-39,1515588579915,0.8341463,-0.034146342,0.39805827,0.8341463
2018-1-10T13-49-39,1515588579916,0.82439023,-0.024390243,0.3883495,0.82439023
2018-1-10T13-49-39,1515588579917,0.82439023,-0.014634146,0.4854369,0.82439023
2018-1-10T13-49-39,1515588579918,0.8341463,-0.034146342,0.4563107,0.8341463
2018-1-10T13-49-39,1515588579919,0.82439023,-0.043902438,0.407767,0.82439023
2018-1-10T13-49-39,1515588579920,0.85365856,0.004878049,0.42718446,0.85365856
2018-1-10T13-49-39,1515588579921,0.8926829,-0.014634146,0.4854369,0.8926829
2018-1-10T13-49-39,1515588579922,0.79512197,-0.043902438,0.4563107,0.79512197
2018-1-10T13-49-39,1515588579923,0.82439023,-0.004878049,0.39805827,0.82439023
2018-1-10T13-49-39,1515588579924,0.86341465,-0.014634146,0.4368932,0.86341465
2018-1-10T13-49-39,1515588579925,0.82439023,0.014634146,0.4854369,0.82439023
2018-1-10T13-49-39,1515588579926,0.84390247,-0.034146342,0.4368932,0.84390247
2018-1-10T13-49-39,1515588579927,0.82439023,-0.043902438,0.42718446,0.82439023
2018-1-10T13-49-39,1515588579928,0.8341463,-0.07317073,0.46601942,0.8341463
2018-1-10T13-49-39,1515588579929,0.8926829,-0.053658538,0.5048544,0.8926829
2018-1-10T13-49-39,1515588579930,0.84390247,-0.07317073,0.5048544,0.84390247
2018-1-10T13-49-39,1515588579931,0.9317073,-0.034146342,0.42718446,0.9317073
2018-1-10T13-49-39,1515588579932,0.8829268,-0.014634146,0.47572815,0.8829268
2018-1-10T13-49-39,1515588579933,0.8926829,-0.024390243,0.46601942,0.8926829
2018-1-10T13-49-39,1515588579934,0.9414634,0.014634146,0.42718446,0.9414634
2018-1-10T13-49-39,1515588579935,0.82439023,0.004878049,0.44660193,0.82439023
2018-1-10T13-49-39,1515588579936,0.84390247,0.014634146,0.41747573,0.84390247
2018-1-10T13-49-39,1515588579937,0.82439023,-0.014634146,0.44660193,0.82439023
2018-1-10T13-49-39,1515588579938,0.81463414,-0.004878049,0.4368932,0.81463414
2018-1-10T13-49-39,1515588579939,0.82439023,0.024390243,0.3883495,0.82439023
2018-1-10T13-49-39,1515588579940,0.80487806,0.034146342,0.37864077,0.80487806
2018-1-10T13-49-39,1515588579941,0.902439,0.043902438,0.46601942,0.902439
2018-1-10T13-49-39,1515588579942,0.85365856,0.014634146,0.4854369,0.85365856
2018-1-10T13-49-39,1515588579943,0.82439023,-0.034146342,0.3883495,0.82439023
2018-1-10T13-49-39,1515588579944,0.82439023,-0.014634146,0.407767,0.82439023
2018-1-10T13-49-39,1515588579945,0.85365856,0.004878049,0.5436893,0.85365856
2018-1-10T13-49-39,1515588579946,0.86341465,-0.043902438,0.49514562,0.86341465
2018-1-10T13-49-39,1515588579947,0.85365856,-0.014634146,0.39805827,0.85365856
2018-1-10T13-49-39,1515588579948,0.84390247,0.06341463,0.39805827,0.84390247
2018-1-10T13-49-39,1515588579949,0.84390247,-0.014634146,0.4854369,0.84390247
2018-1-10T13-49-39,1515588579950,0.80487806,-0.043902438,0.4563107,0.80487806
2018-1-10T13-49-39,1515588579951,0.81463414,-0.053658538,0.39805827,0.81463414
2018-1-10T13-49-39,1515588579952,0.82439023,-0.06341463,0.42718446,0.82439023
2018-1-10T13-49-39,1515588579953,0.81463414,-0.09268293,0.46601942,0.81463414
2018-1-10T13-49-39,1515588579954,0.82439023,-0.09268293,0.44660193,0.82439023
2018-1-10T13-49-39,1515588579955,0.81463414,-0.07317073,0.41747573,0.81463414
2018-1-10T13-49-39,1515588579956,0.8341463,-0.043902438,0.44660193,0.8341463
2018-1-10T13-49-39,1515588579957,0.87317073,-0.043902438,0.4854369,0.87317073
2018-1-10T13-49-39,1515588579958,0.902439,-0.034146342,0.46601942,0.902439
2018-1-10T13-49-39,1515588579959,0.91219515,-0.004878049,0.41747573,0.91219515
2018-1-10T13-49-39,1515588579960,0.902439,0.004878049,0.44660193,0.902439
2018-1-10T13-49-39,1515588579961,0.86341465,-0.053658538,0.4854369,0.86341465
2018-1-10T13-49-39,1515588579962,0.85365856,0.004878049,0.42718446,0.85365856
2018-1-10T13-49-39,1515588579963,0.81463414,-0.004878049,0.39805827,0.81463414
2018-1-10T13-49-39,1515588579964,0.81463414,-0.014634146,0.44660193,0.81463414
2018-1-10T13-49-39,1515588579965,0.82439023,-0.034146342,0.52427185,0.82439023
2018-1-10T13-49-39,1515588579966,0.80487806,-0.043902438,0.407767,0.80487806
2018-1-10T13-49-39,1515588579967,0.7853659,-0.034146342,0.36893204,0.7853659
2018-1-10T13-49-39,1515588579968,0.81463414,-0.043902438,0.39805827,0.81463414
2018-1-10T13-49-39,1515588579969,0.81463414,-0.024390243,0.49514562,0.81463414
2018-1-10T13-49-39,1515588579970,0.81463414,-0.004878049,0.46601942,0.81463414
2018-1-10T13-49-39,1515588579971,0.87317073,-0.004878049,0.46601942,0.87317073
2018-1-10T13-49-39,1515588579972,0.8829268,0.014634146,0.4563107,0.8829268
2018-1-10T13-49-39,1515588579973,0.91219515,0.034146342,0.49514562,0.91219515
2018-1-10T13-49-39,1515588579974,0.902439,0.034146342,0.46601942,0.902439
2018-1-10T13-49-39,1515588579975,0.91219515,0.034146342,0.49514562,0.91219515
2018-1-10T13-49-39,1515588579976,0.91219515,-0.06341463,0.4563107,0.91219515
2018-1-10T13-49-39,1515588579977,0.87317073,0.014634146,0.44660193,0.87317073
2018-1-10T13-49-39,1515588579978,0.86341465,0.014634146,0.44660193,0.86341465
2018-1-10T13-49-39,1515588579979,0.8341463,-0.024390243,0.47572815,0.8341463
2018-1-10T13-49-39,1515588579980,0.82439023,-0.06341463,0.42718446,0.82439023
2018-1-10T13-49-39,1515588579981,0.7853659,-0.09268293,0.39805827,0.7853659
2018-1-10T13-49-39,1515588579982,0.79512197,-0.09268293,0.42718446,0.79512197
2018-1-10T13-49-39,1515588579983,0.7853659,-0.11219512,0.44660193,0.7853659
2018-1-10T13-49-39,1515588579984,0.75609756,-0.10243902,0.36893204,0.75609756
2018-1-10T13-49-39,1515588579985,0.75609756,0.40487805,0.3592233,0.75609756
2018-1-10T13-49-39,1515588579986,0.7853659,-0.06341463,0.4368932,0.7853659
2018-1-10T13-49-39,1515588579987,0.82439023,-0.07317073,0.47572815,0.82439023
2018-1-10T13-49-39,1515588579988,0.84390247,-0.06341463,0.4563107,0.84390247
2018-1-10T13-49-39,1515588579989,0.902439,0.043902438,0.44660193,0.902439
2018-1-10T13-49-39,1515588579990,0.91219515,0.004878049,0.46601942,0.91219515
2018-1-10T13-49-39,1515588579991,0.8926829,0.004878049,0.5048544,0.8926829
2018-1-10T13-49-39,1515588579992,0.902439,0.004878049,0.4563107,0.902439
2018-1-10T13-49-39,1515588579993,0.87317073,0.024390243,0.41747573,0.87317073
2018-1-10T13-49-39,1515588579994,0.85365856,0.053658538,0.42718446,0.85365856
2018-1-10T13-49-39,1515588579995,0.86341465,0.06341463,0.46601942,0.86341465
2018-1-10T13-49-39,1515588579996,0.85365856,0.024390243,0.46601942,0.85365856
2018-1-10T13-49-39,1515588579997,0.85365856,0.004878049,0.4368932,0.85365856
2018-1-10T13-49-39,1515588579998,0.85365856,0.004878049,0.47572815,0.85365856
2018-1-10T13-49-39,1515588579999,0.8926829,0.004878049,0.44660193,0.8926829
2018-1-10T13-49-40,1515588580000,0.8829268,-0.004878049,0.46601942,0.8829268
2018-1-10T13-49-40,1515588580001,0.92195123,0.004878049,0.4368932,0.92195123
2018-1-10T13-49-40,1515588580002,0.85365856,0.014634146,0.47572815,0.85365856
2018-1-10T13-49-40,1515588580003,0.85365856,-0.014634146,0.4563107,0.85365856
2018-1-10T13-49-40,1515588580004,0.85365856,-0.024390243,0.4563107,0.85365856
2018-1-10T13-49-40,1515588580005,0.82439023,-0.034146342,0.42718446,0.82439023
2018-1-10T13-49-40,1515588580006,0.82439023,-0.053658538,0.407767,0.82439023
2018-1-10T13-49-40,1515588580007,0.77560973,-0.053658538,0.36893204,0.77560973
2018-1-10T13-49-40,1515588580008,0.76585364,-0.043902438,0.3883495,0.76585364
2018-1-10T13-49-40,1515588580009,0.75609756,-0.09268293,0.47572815,0.75609756
2018-1-10T13-49-40,1515588580010,0.79512197,-0.09268293,0.49514562,0.79512197
2018-1-10T13-49-40,1515588580011,0.85365856,-0.06341463,0.4368932,0.85365856
2018-1-10T13-49-40,1515588580012,0.8926829,-0.09268293,0.44660193,0.8926829
2018-1-10T13-49-40,1515588580013,0.91219515,-0.014634146,0.5048544,0.91219515
2018-1-10T13-49-40,1515588580014,0.9414634,-0.034146342,0.52427185,0.9414634
2018-1-10T13-49-40,1515588580015,0.92195123,-0.024390243,0.5048544,0.92195123
2018-1-10T13-49-40,1515588580016,0.91219515,-0.024390243,0.4563107,0.91219515
2018-1-10T13-49-40,1515588580017,0.87317073,-0.034146342,0.4368932,0.87317073
2018-1-10T13-49-40,1515588580018,0.81463414,-0.06341463,0.407767,0.81463414
2018-1-10T13-49-40,1515588580019,0.75609756,-0.053658538,0.39805827,0.75609756
2018-1-10T13-49-40,1515588580020,0.76585364,-0.053658538,0.4368932,0.76585364
2018-1-10T13-49-40,1515588580021,0.79512197,-0.053658538,0.44660193,0.79512197
2018-1-10T13-49-40,1515588580022,0.75609756,-0.034146342,0.39805827,0.75609756
2018-1-10T13-49-40,1515588580023,0.8341463,0.014634146,0.407767,0.8341463
2018-1-10T13-49-40,1515588580024,0.8341463,0.053658538,0.42718446,0.8341463
2018-1-10T13-49-40,1515588580025,0.84390247,0.08292683,0.4563107,0.84390247
2018-1-10T13-49-40,1515588580026,0.87317073,0.11219512,0.42718446,0.87317073
2018-1-10T13-49-40,1515588580027,0.8926829,0.10243902,0.4563107,0.8926829
2018-1-10T13-49-40,1515588580028,0.91219515,0.07317073,0.4854369,0.91219515
2018-1-10T13-49-40,1515588580029,0.8829268,0.043902438,0.4368932,0.8829268
2018-1-10T13-49-40,1515588580030,0.87317073,-0.004878049,0.39805827,0.87317073
2018-1-10T13-49-40,1515588580031,0.8341463,-0.043902438,0.42718446,0.8341463
2018-1-10T13-49-40,1515588580032,0.902439,-0.043902438,0.44660193,0.902439
2018-1-10T13-49-40,1515588580033,0.81463414,-0.07317073,0.4368932,0.81463414
2018-1-10T13-49-40,1515588580034,0.80487806,-0.07317073,0.41747573,0.80487806
2018-1-10T13-49-40,1515588580035,0.82439023,-0.06341463,0.46601942,0.82439023
2018-1-10T13-49-40,1515588580036,0.85365856,-0.14146341,0.46601942,0.85365856
2018-1-10T13-49-40,1515588580037,0.86341465,-0.08292683,0.49514562,0.86341465
2018-1-10T13-49-40,1515588580038,0.902439,-0.053658538,0.49514562,0.902439
2018-1-10T13-49-40,1515588580039,0.902439,-0.014634146,0.46601942,0.902439
2018-1-10T13-49-40,1515588580040,0.9609756,-0.014634146,0.41747573,0.9609756
2018-1-10T13-49-40,1515588580041,0.86341465,-0.004878049,0.47572815,0.86341465
2018-1-10T13-49-40,1515588580042,0.84390247,-0.043902438,0.4854369,0.84390247
2018-1-10T13-49-40,1515588580043,0.82439023,-0.06341463,0.39805827,0.82439023
2018-1-10T13-49-40,1515588580044,0.79512197,-0.06341463,0.3883495,0.79512197
2018-1-10T13-49-40,1515588580045,0.81463414,-0.06341463,0.42718446,0.81463414
2018-1-10T13-49-40,1515588580046,0.82439023,-0.10243902,0.4563107,0.82439023
2018-1-10T13-49-40,1515588580047,0.79512197,-0.08292683,0.407767,0.79512197
2018-1-10T13-49-40,1515588580048,0.82439023,0.014634146,0.41747573,0.82439023
2018-1-10T13-49-40,1515588580049,0.84390247,-0.043902438,0.4368932,0.84390247
2018-1-10T13-49-40,1515588580050,0.82439023,-0.06341463,0.4368932,0.82439023
2018-1-10T13-49-40,1515588580051,0.85365856,0.004878049,0.4563107,0.85365856
2018-1-10T13-49-40,1515588580052,0.8829268,0.004878049,0.47572815,0.8829268
2018-1-10T13-49-40,1515588580053,0.92195123,0.024390243,0.4563107,0.92195123
2018-1-10T13-49-40,1515588580054,0.8926829,0.034146342,0.46601942,0.8926829
2018-1-10T13-49-40,1515588580055,0.91219515,0.034146342,0.4854369,0.91219515
2018-1-10T13-49-40,1515588580056,0.91219515,0.014634146,0.49514562,0.91219515
2018-1-10T13-49-40,1515588580057,0.71707314,0.034146342,0.49514562,0.71707314
2018-1-10T13-49-40,1515588580058,0.8829268,0.024390243,0.42718446,0.8829268
2018-1-10T13-49-40,1515588580059,0.74634147,-0.014634146,0.39805827,0.74634147
2018-1-10T13-49-40,1515588580060,0.82439023,0.004878049,0.407767,0.82439023
2018-1-10T13-49-40,1515588580061,0.81463414,-0.014634146,0.4368932,0.81463414
2018-1-10T13-49-40,1515588580062,0.8341463,-0.043902438,0.49514562,0.8341463
2018-1-10T13-49-40,1515588580063,0.8341463,-0.053658538,0.42718446,0.8341463
2018-1-10T13-49-40,1515588580064,0.82439023,-0.06341463,0.41747573,0.82439023
2018-1-10T13-49-40,1515588580065,0.84390247,-0.053658538,0.4368932,0.84390247
2018-1-10T13-49-40,1515588580066,0.84390247,-0.034146342,0.44660193,0.84390247
2018-1-10T13-49-40,1515588580067,0.82439023,-0.014634146,0.44660193,0.82439023
2018-1-10T13-49-40,1515588580068,0.84390247,-0.06341463,0.42718446,0.84390247
2018-1-10T13-49-40,1515588580069,0.85365856,-0.024390243,0.44660193,0.85365856
2018-1-10T13-49-40,1515588580070,0.902439,0.004878049,0.4368932,0.902439
2018-1-10T13-49-40,1515588580071,0.8829268,-0.024390243,0.4563107,0.8829268
2018-1-10T13-49-40,1515588580072,0.91219515,-0.034146342,0.52427185,0.91219515
2018-1-10T13-49-40,1515588580073,0.92195123,-0.053658538,0.4854369,0.92195123
2018-1-10T13-49-40,1515588580074,0.87317073,-0.034146342,0.407767,0.87317073
2018-1-10T13-49-40,1515588580075,0.84390247,-0.014634146,0.39805827,0.84390247
2018-1-10T13-49-40,1515588580076,0.80487806,-0.053658538,0.46601942,0.80487806
2018-1-10T13-49-40,1515588580077,0.76585364,-0.09268293,0.44660193,0.76585364
2018-1-10T13-49-40,1515588580078,0.77560973,-0.06341463,0.37864077,0.77560973
2018-1-10T13-49-40,1515588580079,0.86341465,-0.053658538,0.39805827,0.86341465
2018-1-10T13-49-40,1515588580080,0.8341463,-0.053658538,0.4854369,0.8341463
2018-1-10T13-49-40,1515588580081,0.8341463,-0.014634146,0.4368932,0.8341463
2018-1-10T13-49-40,1515588580082,0.84390247,0.06341463,0.37864077,0.84390247
2018-1-10T13-49-40,1515588580083,0.87317073,0.043902438,0.46601942,0.87317073
2018-1-10T13-49-40,1515588580084,0.92195123,0.024390243,0.5048544,0.92195123
2018-1-10T13-49-40,1515588580085,0.87317073,0.024390243,0.407767,0.87317073
2018-1-10T13-49-40,1515588580086,0.84390247,0.024390243,0.37864077,0.84390247
2018-1-10T13-49-40,1515588580087,0.86341465,0.024390243,0.47572815,0.86341465
2018-1-10T13-49-40,1515588580088,0.86341465,-0.014634146,0.5339806,0.86341465
2018-1-10T13-49-40,1515588580089,0.8341463,0.034146342,0.49514562,0.8341463
2018-1-10T13-49-40,1515588580090,0.86341465,0.014634146,0.3883495,0.86341465
2018-1-10T13-49-40,1515588580091,0.85365856,0.004878049,0.44660193,0.85365856
2018-1-10T13-49-40,1515588580092,0.82439023,-0.034146342,0.4368932,0.82439023
2018-1-10T13-49-40,1515588580093,0.7853659,0.004878049,0.4368932,0.7853659
2018-1-10T13-49-40,1515588580094,0.81463414,-0.06341463,0.5048544,0.81463414
2018-1-10T13-49-40,1515588580095,0.8829268,-0.08292683,0.5048544,0.8829268
2018-1-10T13-49-40,1515588580096,0.86341465,-0.034146342,0.41747573,0.86341465
2018-1-10T13-49-40,1515588580097,0.85365856,-0.034146342,0.39805827,0.85365856
2018-1-10T13-49-40,1515588580098,0.8341463,-0.014634146,0.46601942,0.8341463
2018-1-10T13-49-40,1515588580099,0.85365856,-0.014634146,0.5436893,0.85365856
2018-1-10T13-49-40,1515588580100,0.8341463,-0.043902438,0.44660193,0.8341463
2018-1-10T13-49-40,1515588580101,0.81463414,-0.024390243,0.3592233,0.81463414
2018-1-10T13-49-40,1515588580102,0.84390247,0.024390243,0.36893204,0.84390247
2018-1-10T13-49-40,1515588580103,0.82439023,-0.034146342,0.47572815,0.82439023
2018-1-10T13-49-40,1515588580104,0.80487806,-0.08292683,0.44660193,0.80487806
2018-1-10T13-49-40,1515588580105,0.82439023,-0.043902438,0.36893204,0.82439023
2018-1-10T13-49-40,1515588580106,0.81463414,-0.004878049,0.44660193,0.81463414
2018-1-10T13-49-40,1515588580107,0.80487806,-0.043902438,0.49514562,0.80487806
2018-1-10T13-49-40,1515588580108,0.8829268,-0.043902438,0.49514562,0.8829268
2018-1-10T13-49-40,1515588580109,0.8829268,-0.014634146,0.42718446,0.8829268
2018-1-10T13-49-40,1515588580110,1.0097561,0.024390243,0.41747573,1.0097561
2018-1-10T13-49-40,1515588580111,0.8926829,0.043902438,0.52427185,0.8926829
2018-1-10T13-49-40,1515588580112,0.9317073,0.004878049,0.52427185,0.9317073
2018-1-10T13-49-40,1515588580113,0.902439,-0.043902438,0.44660193,0.902439
2018-1-10T13-49-40,1515588580114,0.8926829,0.014634146,0.407767,0.8926829
2018-1-10T13-49-40,1515588580115,0.84390247,0.014634146,0.407767,0.84390247
2018-1-10T13-49-40,1515588580116,0.79512197,0.004878049,0.46601942,0.79512197
2018-1-10T13-49-40,1515588580117,0.74634147,-0.004878049,0.4854369,0.74634147
2018-1-10T13-49-40,1515588580118,0.7853659,-0.034146342,0.39805827,0.7853659
2018-1-10T13-49-40,1515588580119,0.77560973,-0.10243902,0.3592233,0.77560973
2018-1-10T13-49-40,1515588580120,0.7853659,-0.024390243,0.407767,0.7853659
2018-1-10T13-49-40,1515588580121,0.7853659,-0.043902438,0.44660193,0.7853659
2018-1-10T13-49-40,1515588580122,0.7853659,-0.024390243,0.49514562,0.7853659
2018-1-10T13-49-40,1515588580123,0.86341465,-0.024390243,0.44660193,0.86341465
2018-1-10T13-49-40,1515588580124,0.902439,-0.014634146,0.39805827,0.902439
2018-1-10T13-49-40,1515588580125,0.9414634,-0.034146342,0.4563107,0.9414634
2018-1-10T13-49-40,1515588580126,0.91219515,-0.014634146,0.5048544,0.91219515
2018-1-10T13-49-40,1515588580127,0.902439,-0.043902438,0.5533981,0.902439
2018-1-10T13-49-40,1515588580128,0.92195123,-0.053658538,0.47572815,0.92195123
2018-1-10T13-49-40,1515588580129,0.902439,-0.004878049,0.407767,0.902439
2018-1-10T13-49-40,1515588580130,0.86341465,-0.024390243,0.44660193,0.86341465
2018-1-10T13-49-40,1515588580131,0.79512197,-0.034146342,0.32038835,0.79512197
2018-1-10T13-49-40,1515588580132,0.82439023,-0.014634146,0.46601942,0.82439023
2018-1-10T13-49-40,1515588580133,0.81463414,-0.053658538,0.39805827,0.81463414
2018-1-10T13-49-40,1515588580134,0.79512197,-0.004878049,0.42718446,0.79512197
2018-1-10T13-49-40,1515588580135,0.7853659,-0.053658538,0.44660193,0.7853659
2018-1-10T13-49-40,1515588580136,0.82439023,-0.053658538,0.44660193,0.82439023
2018-1-10T13-49-40,1515588580137,0.86341465,-0.004878049,0.47572815,0.86341465
2018-1-10T13-49-40,1515588580138,0.87317073,-0.034146342,0.5048544,0.87317073
2018-1-10T13-49-40,1515588580139,0.85365856,-0.024390243,0.39805827,0.85365856
2018-1-10T13-49-40,1515588580140,0.82439023,0.004878049,0.36893204,0.82439023
2018-1-10T13-49-40,1515588580141,0.81463414,-0.014634146,0.407767,0.81463414
2018-1-10T13-49-40,1515588580142,0.80487806,0.014634146,0.4563107,0.80487806
2018-1-10T13-49-40,1515588580143,0.80487806,-0.024390243,0.39805827,0.80487806
2018-1-10T13-49-40,1515588580144,0.8341463,-0.024390243,0.407767,0.8341463
2018-1-10T13-49-40,1515588580145,0.8926829,0.34634146,0.4368932,0.8926829
2018-1-10T13-49-40,1515588580146,0.87317073,-0.004878049,0.41747573,0.87317073
2018-1-10T13-49-40,1515588580147,0.85365856,0.004878049,0.44660193,0.85365856
2018-1-10T13-49-40,1515588580148,0.8829268,0.004878049,0.5048544,0.8829268
2018-1-10T13-49-40,1515588580149,0.902439,-0.004878049,0.52427185,0.902439
2018-1-10T13-49-40,1515588580150,0.87317073,-0.034146342,0.44660193,0.87317073
2018-1-10T13-49-40,1515588580151,0.85365856,-0.024390243,0.39805827,0.85365856
2018-1-10T13-49-40,1515588580152,0.8341463,-0.043902438,0.46601942,0.8341463
2018-1-10T13-49-40,1515588580153,0.76585364,-0.06341463,0.5145631,0.76585364
2018-1-10T13-49-40,1515588580154,0.8341463,-0.07317073,0.44660193,0.8341463
2018-1-10T13-49-40,1515588580155,0.82439023,-0.06341463,0.37864077,0.82439023
2018-1-10T13-49-40,1515588580156,0.84390247,-0.043902438,0.37864077,0.84390247
2018-1-10T13-49-40,1515588580157,0.79512197,-0.034146342,0.47572815,0.79512197
2018-1-10T13-49-40,1515588580158,0.8341463,-0.053658538,0.5048544,0.8341463
2018-1-10T13-49-40,1515588580159,0.85365856,-0.043902438,0.46601942,0.85365856
2018-1-10T13-49-40,1515588580160,0.8926829,-0.014634146,0.407767,0.8926829
2018-1-10T13-49-40,1515588580161,0.8829268,-0.004878049,0.37864077,0.8829268
2018-1-10T13-49-40,1515588580162,0.84390247,-0.004878049,0.4563107,0.84390247
2018-1-10T13-49-40,1515588580163,0.8341463,-0.014634146,0.46601942,0.8341463
2018-1-10T13-49-40,1515588580164,0.84390247,-0.014634146,0.44660193,0.84390247
2018-1-10T13-49-40,1515588580165,0.85365856,0.004878049,0.44660193,0.85365856
2018-1-10T13-49-40,1515588580166,0.87317073,0.004878049,0.39805827,0.87317073
2018-1-10T13-49-40,1515588580167,0.82439023,0.004878049,0.36893204,0.82439023
2018-1-10T13-49-40,1515588580168,0.81463414,0.024390243,0.39805827,0.81463414
2018-1-10T13-49-40,1515588580169,0.82439023,0.053658538,0.46601942,0.82439023
2018-1-10T13-49-40,1515588580170,0.8341463,-0.024390243,0.4563107,0.8341463
2018-1-10T13-49-40,1515588580171,0.80487806,-0.034146342,0.37864077,0.80487806
2018-1-10T13-49-40,1515588580172,0.85365856,-0.004878049,0.39805827,0.85365856
2018-1-10T13-49-40,1515588580173,0.85365856,-0.004878049,0.47572815,0.85365856
2018-1-10T13-49-40,1515588580174,0.87317073,-0.014634146,0.5533981,0.87317073
2018-1-10T13-49-40,1515588580175,0.8926829,-0.053658538,0.5145631,0.8926829
2018-1-10T13-49-40,1515588580176,0.9414634,-0.024390243,0.44660193,0.9414634
2018-1-10T13-49-40,1515588580177,0.9414634,-0.034146342,0.44660193,0.9414634
2018-1-10T13-49-40,1515588580178,0.8829268,-0.014634146,0.42718446,0.8829268
2018-1-10T13-49-40,1515588580179,0.7853659,-0.043902438,0.44660193,0.7853659
2018-1-10T13-49-40,1515588580180,0.80487806,-0.09268293,0.44660193,0.80487806
2018-1-10T13-49-40,1515588580181,0.76585364,0.004878049,0.39805827,0.76585364
2018-1-10T13-49-40,1515588580182,0.76585364,-0.12195122,0.36893204,0.76585364
2018-1-10T13-49-40,1515588580183,0.75609756,-0.08292683,0.39805827,0.75609756
2018-1-10T13-49-40,1515588580184,0.7853659,-0.043902438,0.4854369,0.7853659
2018-1-10T13-49-40,1515588580185,0.8341463,-0.043902438,0.4563107,0.8341463
2018-1-10T13-49-40,1515588580186,0.91219515,-0.004878049,0.4563107,0.91219515
2018-1-10T13-49-40,1515588580187,0.8829268,0.06341463,0.4368932,0.8829268
2018-1-10T13-49-40,1515588580188,0.85365856,0.014634146,0.49514562,0.85365856
2018-1-10T13-49-40,1515588580189,0.9317073,0.043902438,0.49514562,0.9317073
2018-1-10T13-49-40,1515588580190,0.8926829,0.11219512,0.4368932,0.8926829
2018-1-10T13-49-40,1515588580191,0.902439,0.043902438,0.44660193,0.902439
2018-1-10T13-49-40,1515588580192,0.8926829,-0.014634146,0.41747573,0.8926829
2018-1-10T13-49-40,1515588580193,0.8341463,-0.004878049,0.407767,0.8341463
2018-1-10T13-49-40,1515588580194,0.8341463,-0.024390243,0.4368932,0.8341463
2018-1-10T13-49-40,1515588580195,0.82439023,-0.053658538,0.44660193,0.82439023
2018-1-10T13-49-40,1515588580196,0.84390247,-0.043902438,0.41747573,0.84390247
2018-1-10T13-49-40,1515588580197,0.7853659,-0.034146342,0.37864077,0.7853659
2018-1-10T13-49-40,1515588580198,0.82439023,-0.024390243,0.5048544,0.82439023
2018-1-10T13-49-40,1515588580199,0.8926829,-0.053658538,0.5339806,0.8926829
2018-1-10T13-49-40,1515588580200,0.87317073,-0.043902438,0.44660193,0.87317073
2018-1-10T13-49-40,1515588580201,0.8926829,0.004878049,0.3883495,0.8926829
2018-1-10T13-49-40,1515588580202,0.8926829,-0.07317073,0.47572815,0.8926829
2018-1-10T13-49-40,1515588580203,0.85365856,-0.004878049,0.49514562,0.85365856
2018-1-10T13-49-40,1515588580204,0.8341463,-0.024390243,0.42718446,0.8341463
2018-1-10T13-49-40,1515588580205,0.8341463,-0.014634146,0.3883495,0.8341463
2018-1-10T13-49-40,1515588580206,0.86341465,-0.014634146,0.407767,0.86341465
2018-1-10T13-49-40,1515588580207,0.84390247,-0.004878049,0.42718446,0.84390247
2018-1-10T13-49-40,1515588580208,0.81463414,-0.043902438,0.39805827,0.81463414
2018-1-10T13-49-40,1515588580209,0.79512197,-0.053658538,0.37864077,0.79512197
2018-1-10T13-49-40,1515588580210,0.7853659,-0.06341463,0.44660193,0.7853659
2018-1-10T13-49-40,1515588580211,0.76585364,-0.09268293,0.52427185,0.76585364
2018-1-10T13-49-40,1515588580212,0.84390247,-0.11219512,0.5436893,0.84390247
2018-1-10T13-49-40,1515588580213,0.8829268,-0.06341463,0.4368932,0.8829268
2018-1-10T13-49-40,1515588580214,0.8829268,-0.014634146,0.41747573,0.8829268
2018-1-10T13-49-40,1515588580215,0.92195123,-0.004878049,0.5145631,0.92195123
2018-1-10T13-49-40,1515588580216,0.8926829,-0.024390243,0.49514562,0.8926829
2018-1-10T13-49-40,1515588580217,0.86341465,0.08292683,0.3883495,0.86341465
2018-1-10T13-49-40,1515588580218,0.84390247,-0.06341463,0.36893204,0.84390247
2018-1-10T13-49-40,1515588580219,0.82439023,0.024390243,0.49514562,0.82439023
2018-1-10T13-49-40,1515588580220,0.84390247,0.004878049,0.4563107,0.84390247
2018-1-10T13-49-40,1515588580221,0.8341463,0.004878049,0.3883495,0.8341463
2018-1-10T13-49-40,1515588580222,0.84390247,0.043902438,0.42718446,0.84390247
2018-1-10T13-49-40,1515588580223,0.85365856,-0.014634146,0.46601942,0.85365856
2018-1-10T13-49-40,1515588580224,0.82439023,-0.043902438,0.4563107,0.82439023
2018-1-10T13-49-40,1515588580225,0.79512197,-0.11219512,0.3883495,0.79512197
2018-1-10T13-49-40,1515588580226,0.79512197,0.024390243,0.4854369,0.79512197
2018-1-10T13-49-40,1515588580227,0.82439023,-0.06341463,0.47572815,0.82439023
2018-1-10T13-49-40,1515588580228,0.86341465,0.08292683,0.3883495,0.86341465
2018-1-10T13-49-40,1515588580229,0.85365856,0.024390243,0.3592233,0.85365856
2018-1-10T13-49-40,1515588580230,0.87317073,-0.024390243,0.42718446,0.87317073
2018-1-10T13-49-40,1515588580231,0.85365856,-0.034146342,0.4854369,0.85365856
2018-1-10T13-49-40,1515588580232,0.86341465,-0.024390243,0.42718446,0.86341465
2018-1-10T13-49-40,1515588580233,0.84390247,-0.034146342,0.407767,0.84390247
2018-1-10T13-49-40,1515588580234,0.8341463,-0.034146342,0.4368932,0.8341463
2018-1-10T13-49-40,1515588580235,0.85365856,-0.043902438,0.52427185,0.85365856
2018-1-10T13-49-40,1515588580236,0.8829268,-0.06341463,0.5339806,0.8829268
2018-1-10T13-49-40,1515588580237,0.8926829,-0.034146342,0.4368932,0.8926829
2018-1-10T13-49-40,1515588580238,0.87317073,-0.004878049,0.39805827,0.87317073
2018-1-10T13-49-40,1515588580239,0.8341463,-0.014634146,0.4563107,0.8341463
2018-1-10T13-49-40,1515588580240,0.8341463,-0.034146342,0.49514562,0.8341463
2018-1-10T13-49-40,1515588580241,0.82439023,-0.06341463,0.4368932,0.82439023
2018-1-10T13-49-40,1515588580242,0.81463414,-0.024390243,0.3592233,0.81463414
2018-1-10T13-49-40,1515588580243,0.82439023,-0.024390243,0.37864077,0.82439023
2018-1-10T13-49-40,1515588580244,0.80487806,-0.024390243,0.46601942,0.80487806
2018-1-10T13-49-40,1515588580245,0.85365856,-0.024390243,0.4563107,0.85365856
2018-1-10T13-49-40,1515588580246,0.82439023,-0.004878049,0.407767,0.82439023
2018-1-10T13-49-40,1515588580247,0.82439023,0.043902438,0.3592233,0.82439023
2018-1-10T13-49-40,1515588580248,0.8926829,0.004878049,0.4368932,0.8926829
2018-1-10T13-49-40,1515588580249,0.84390247,-0.06341463,0.4854369,0.84390247
2018-1-10T13-49-40,1515588580250,0.84390247,-0.004878049,0.4854369,0.84390247
2018-1-10T13-49-40,1515588580251,0.86341465,0.004878049,0.44660193,0.86341465
2018-1-10T13-49-40,1515588580252,0.8926829,-0.004878049,0.49514562,0.8926829
2018-1-10T13-49-40,1515588580253,0.8926829,-0.024390243,0.47572815,0.8926829
2018-1-10T13-49-40,1515588580254,0.86341465,-0.053658538,0.44660193,0.86341465
2018-1-10T13-49-40,1515588580255,0.85365856,-0.043902438,0.41747573,0.85365856
2018-1-10T13-49-40,1515588580256,0.82439023,-0.034146342,0.4854369,0.82439023
2018-1-10T13-49-40,1515588580257,0.8341463,-0.034146342,0.41747573,0.8341463
2018-1-10T13-49-40,1515588580258,0.80487806,-0.034146342,0.3592233,0.80487806
2018-1-10T13-49-40,1515588580259,0.76585364,-0.024390243,0.3883495,0.76585364
2018-1-10T13-49-40,1515588580260,0.8341463,-0.034146342,0.47572815,0.8341463
2018-1-10T13-49-40,1515588580261,0.85365856,-0.06341463,0.5145631,0.85365856
2018-1-10T13-49-40,1515588580262,0.87317073,-0.034146342,0.41747573,0.87317073
2018-1-10T13-49-40,1515588580263,0.86341465,-0.004878049,0.42718446,0.86341465
2018-1-10T13-49-40,1515588580264,0.87317073,0.004878049,0.49514562,0.87317073
2018-1-10T13-49-40,1515588580265,0.91219515,-0.004878049,0.5339806,0.91219515
2018-1-10T13-49-40,1515588580266,0.8829268,-0.004878049,0.42718446,0.8829268
2018-1-10T13-49-40,1515588580267,0.84390247,-0.034146342,0.3592233,0.84390247
2018-1-10T13-49-40,1515588580268,0.82439023,-0.024390243,0.36893204,0.82439023
2018-1-10T13-49-40,1515588580269,0.82439023,-0.043902438,0.49514562,0.82439023
2018-1-10T13-49-40,1515588580270,0.81463414,-0.034146342,0.42718446,0.81463414
2018-1-10T13-49-40,1515588580271,0.80487806,-0.034146342,0.34951457,0.80487806
2018-1-10T13-49-40,1515588580272,0.80487806,0.024390243,0.36893204,0.80487806
2018-1-10T13-49-40,1515588580273,0.84390247,0.004878049,0.49514562,0.84390247
2018-1-10T13-49-40,1515588580274,0.86341465,-0.004878049,0.5048544,0.86341465
2018-1-10T13-49-40,1515588580275,0.8829268,0.004878049,0.44660193,0.8829268
2018-1-10T13-49-40,1515588580276,0.91219515,0.014634146,0.46601942,0.91219515
2018-1-10T13-49-40,1515588580277,0.902439,0.024390243,0.5145631,0.902439
2018-1-10T13-49-40,1515588580278,0.8926829,-0.014634146,0.5145631,0.8926829
2018-1-10T13-49-40,1515588580279,0.86341465,-0.043902438,0.4368932,0.86341465
2018-1-10T13-49-40,1515588580280,0.81463414,-0.043902438,0.41747573,0.81463414
2018-1-10T13-49-40,1515588580281,0.79512197,-0.053658538,0.407767,0.79512197
2018-1-10T13-49-40,1515588580282,0.80487806,-0.053658538,0.41747573,0.80487806
2018-1-10T13-49-40,1515588580283,0.7365854,-0.06341463,0.37864077,0.7365854
2018-1-10T13-49-40,1515588580284,0.75609756,-0.053658538,0.37864077,0.75609756
2018-1-10T13-49-40,1515588580285,0.79512197,-0.043902438,0.44660193,0.79512197
2018-1-10T13-49-40,1515588580286,0.8341463,-0.06341463,0.47572815,0.8341463
2018-1-10T13-49-40,1515588580287,0.84390247,-0.043902438,0.44660193,0.84390247
2018-1-10T13-49-40,1515588580288,0.87317073,-0.043902438,0.5048544,0.87317073
2018-1-10T13-49-40,1515588580289,0.9414634,-0.034146342,0.5631068,0.9414634
2018-1-10T13-49-40,1515588580290,0.92195123,-0.004878049,0.4563107,0.92195123
2018-1-10T13-49-40,1515588580291,0.8829268,0.07317073,0.46601942,0.8829268
2018-1-10T13-49-40,1515588580292,0.84390247,-0.004878049,0.44660193,0.84390247
2018-1-10T13-49-40,1515588580293,0.84390247,-0.014634146,0.47572815,0.84390247
2018-1-10T13-49-40,1515588580294,0.82439023,-0.014634146,0.44660193,0.82439023
2018-1-10T13-49-40,1515588580295,0.8341463,-0.014634146,0.407767,0.8341463
2018-1-10T13-49-40,1515588580296,0.81463414,-0.004878049,0.407767,0.81463414
2018-1-10T13-49-40,1515588580297,0.8341463,0.034146342,0.47572815,0.8341463
2018-1-10T13-49-40,1515588580298,0.87317073,0.014634146,0.42718446,0.87317073
2018-1-10T13-49-40,1515588580299,0.86341465,0.004878049,0.41747573,0.86341465
2018-1-10T13-49-40,1515588580300,0.87317073,0.014634146,0.407767,0.87317073
2018-1-10T13-49-40,1515588580301,0.86341465,0.014634146,0.47572815,0.86341465
2018-1-10T13-49-40,1515588580302,0.84390247,-0.014634146,0.4854369,0.84390247
2018-1-10T13-49-40,1515588580303,0.85365856,-0.004878049,0.46601942,0.85365856
2018-1-10T13-49-40,1515588580304,0.87317073,-0.014634146,0.42718446,0.87317073
2018-1-10T13-49-40,1515588580305,0.85365856,-0.024390243,0.42718446,0.85365856
2018-1-10T13-49-40,1515588580306,0.84390247,-0.034146342,0.46601942,0.84390247
2018-1-10T13-49-40,1515588580307,0.85365856,-0.034146342,0.4368932,0.85365856
2018-1-10T13-49-40,1515588580308,0.84390247,-0.06341463,0.37864077,0.84390247
2018-1-10T13-49-40,1515588580309,0.82439023,-0.014634146,0.407767,0.82439023
2018-1-10T13-49-40,1515588580310,0.82439023,-0.014634146,0.4368932,0.82439023
2018-1-10T13-49-40,1515588580311,0.80487806,-0.034146342,0.4368932,0.80487806
2018-1-10T13-49-40,1515588580312,0.82439023,-0.034146342,0.4368932,0.82439023
2018-1-10T13-49-40,1515588580313,0.81463414,-0.06341463,0.44660193,0.81463414
2018-1-10T13-49-40,1515588580314,0.85365856,-0.06341463,0.46601942,0.85365856
2018-1-10T13-49-40,1515588580315,0.87317073,-0.014634146,0.44660193,0.87317073
2018-1-10T13-49-40,1515588580316,0.84390247,-0.053658538,0.4563107,0.84390247
2018-1-10T13-49-40,1515588580317,0.902439,-0.043902438,0.4563107,0.902439
2018-1-10T13-49-40,1515588580318,0.8829268,-0.043902438,0.4563107,0.8829268
2018-1-10T13-49-40,1515588580319,0.86341465,-0.024390243,0.4368932,0.86341465
2018-1-10T13-49-40,1515588580320,0.85365856,-0.034146342,0.4368932,0.85365856
2018-1-10T13-49-40,1515588580321,0.8341463,-0.014634146,0.4368932,0.8341463
2018-1-10T13-49-40,1515588580322,0.81463414,0.004878049,0.4368932,0.81463414
2018-1-10T13-49-40,1515588580323,0.84390247,0.043902438,0.4563107,0.84390247
2018-1-10T13-49-40,1515588580324,0.85365856,-0.004878049,0.4563107,0.85365856
2018-1-10T13-49-40,1515588580325,0.8341463,-0.004878049,0.39805827,0.8341463
2018-1-10T13-49-40,1515588580326,0.84390247,0.024390243,0.407767,0.84390247
2018-1-10T13-49-40,1515588580327,0.8341463,-0.004878049,0.4563107,0.8341463
2018-1-10T13-49-40,1515588580328,0.82439023,-0.024390243,0.44660193,0.82439023
2018-1-10T13-49-40,1515588580329,0.79512197,-0.024390243,0.41747573,0.79512197
2018-1-10T13-49-40,1515588580330,0.85365856,-0.024390243,0.47572815,0.85365856
2018-1-10T13-49-40,1515588580331,0.8829268,-0.053658538,0.49514562,0.8829268
2018-1-10T13-49-40,1515588580332,0.87317073,-0.043902438,0.4563107,0.87317073
2018-1-10T13-49-40,1515588580333,0.87317073,-0.024390243,0.42718446,0.87317073
2018-1-10T13-49-40,1515588580334,0.86341465,-0.014634146,0.44660193,0.86341465
2018-1-10T13-49-40,1515588580335,0.84390247,-0.034146342,0.407767,0.84390247
2018-1-10T13-49-40,1515588580336,0.8341463,-0.034146342,0.42718446,0.8341463
2018-1-10T13-49-40,1515588580337,0.82439023,-0.053658538,0.41747573,0.82439023
2018-1-10T13-49-40,1515588580338,0.82439023,-0.043902438,0.4563107,0.82439023
2018-1-10T13-49-40,1515588580339,0.86341465,-0.043902438,0.44660193,0.86341465
2018-1-10T13-49-40,1515588580340,0.86341465,-0.034146342,0.4854369,0.86341465
2018-1-10T13-49-40,1515588580341,0.8829268,-0.043902438,0.4563107,0.8829268
2018-1-10T13-49-40,1515588580342,0.902439,-0.024390243,0.4368932,0.902439
2018-1-10T13-49-40,1515588580343,0.86341465,0.024390243,0.407767,0.86341465
2018-1-10T13-49-40,1515588580344,0.8341463,-0.004878049,0.41747573,0.8341463
2018-1-10T13-49-40,1515588580345,0.80487806,-0.014634146,0.42718446,0.80487806
2018-1-10T13-49-40,1515588580346,0.82439023,-0.08292683,0.46601942,0.82439023
2018-1-10T13-49-40,1515588580347,0.8341463,-0.034146342,0.41747573,0.8341463
2018-1-10T13-49-40,1515588580348,0.80487806,-0.043902438,0.39805827,0.80487806
2018-1-10T13-49-40,1515588580349,0.84390247,-0.004878049,0.4368932,0.84390247
2018-1-10T13-49-40,1515588580350,0.84390247,0.014634146,0.47572815,0.84390247
2018-1-10T13-49-40,1515588580351,0.8829268,0.043902438,0.47572815,0.8829268
2018-1-10T13-49-40,1515588580352,0.8829268,0.053658538,0.44660193,0.8829268
2018-1-10T13-49-40,1515588580353,0.92195123,0.053658538,0.41747573,0.92195123
2018-1-10T13-49-40,1515588580354,0.85365856,0.043902438,0.42718446,0.85365856
2018-1-10T13-49-40,1515588580355,0.84390247,0.034146342,0.44660193,0.84390247
2018-1-10T13-49-40,1515588580356,0.84390247,0.014634146,0.41747573,0.84390247
2018-1-10T13-49-40,1515588580357,0.79512197,-0.034146342,0.37864077,0.79512197
2018-1-10T13-49-40,1515588580358,0.77560973,-0.043902438,0.4563107,0.77560973
2018-1-10T13-49-40,1515588580359,0.85365856,-0.06341463,0.49514562,0.85365856
2018-1-10T13-49-40,1515588580360,0.82439023,-0.09268293,0.49514562,0.82439023
2018-1-10T13-49-40,1515588580361,0.81463414,-0.10243902,0.407767,0.81463414
2018-1-10T13-49-40,1515588580362,0.8341463,-0.09268293,0.39805827,0.8341463
2018-1-10T13-49-40,1515588580363,0.84390247,-0.08292683,0.4563107,0.84390247
2018-1-10T13-49-40,1515588580364,0.87317073,-0.07317073,0.5436893,0.87317073
2018-1-10T13-49-40,1515588580365,0.8829268,-0.08292683,0.5145631,0.8829268
2018-1-10T13-49-40,1515588580366,0.91219515,-0.09268293,0.44660193,0.91219515
2018-1-10T13-49-40,1515588580367,0.8926829,0.004878049,0.4368932,0.8926829
2018-1-10T13-49-40,1515588580368,0.8829268,-0.014634146,0.49514562,0.8829268
2018-1-10T13-49-40,1515588580369,0.91219515,0.004878049,0.4854369,0.91219515
2018-1-10T13-49-40,1515588580370,0.87317073,0.004878049,0.407767,0.87317073
2018-1-10T13-49-40,1515588580371,0.8341463,0.034146342,0.3592233,0.8341463
2018-1-10T13-49-40,1515588580372,0.81463414,0.034146342,0.42718446,0.81463414
2018-1-10T13-49-40,1515588580373,0.80487806,0.014634146,0.49514562,0.80487806
2018-1-10T13-49-40,1515588580374,0.8341463,-0.014634146,0.4563107,0.8341463
2018-1-10T13-49-40,1515588580375,0.85365856,0.004878049,0.36893204,0.85365856
2018-1-10T13-49-40,1515588580376,0.84390247,-0.004878049,0.37864077,0.84390247
2018-1-10T13-49-40,1515588580377,0.82439023,0.004878049,0.4563107,0.82439023
2018-1-10T13-49-40,1515588580378,0.7853659,-0.004878049,0.44660193,0.7853659
2018-1-10T13-49-40,1515588580379,0.77560973,-0.034146342,0.39805827,0.77560973
2018-1-10T13-49-40,1515588580380,0.79512197,-0.034146342,0.3883495,0.79512197
2018-1-10T13-49-40,1515588580381,0.8341463,-0.024390243,0.4368932,0.8341463
2018-1-10T13-49-40,1515588580382,0.86341465,-0.024390243,0.44660193,0.86341465
2018-1-10T13-49-40,1515588580383,0.902439,0.004878049,0.49514562,0.902439
2018-1-10T13-49-40,1515588580384,0.91219515,0.004878049,0.4854369,0.91219515
2018-1-10T13-49-40,1515588580385,0.91219515,-0.004878049,0.3883495,0.91219515
2018-1-10T13-49-40,1515588580386,0.902439,-0.004878049,0.4368932,0.902439
2018-1-10T13-49-40,1515588580387,0.86341465,-0.024390243,0.47572815,0.86341465
2018-1-10T13-49-40,1515588580388,0.86341465,-0.053658538,0.4563107,0.86341465
2018-1-10T13-49-40,1515588580389,0.82439023,-0.06341463,0.4854369,0.82439023
2018-1-10T13-49-40,1515588580390,0.84390247,-0.024390243,0.44660193,0.84390247
2018-1-10T13-49-40,1515588580391,0.84390247,-0.08292683,0.407767,0.84390247
2018-1-10T13-49-40,1515588580392,0.85365856,-0.08292683,0.46601942,0.85365856
2018-1-10T13-49-40,1515588580393,0.8341463,-0.09268293,0.4563107,0.8341463
2018-1-10T13-49-40,1515588580394,0.80487806,-0.08292683,0.41747573,0.80487806
2018-1-10T13-49-40,1515588580395,0.81463414,-0.053658538,0.3883495,0.81463414
2018-1-10T13-49-40,1515588580396,0.77560973,-0.014634146,0.4368932,0.77560973
2018-1-10T13-49-40,1515588580397,0.85365856,-0.043902438,0.44660193,0.85365856
2018-1-10T13-49-40,1515588580398,0.84390247,-0.004878049,0.44660193,0.84390247
2018-1-10T13-49-40,1515588580399,0.8829268,-0.014634146,0.49514562,0.8829268
2018-1-10T13-49-40,1515588580400,0.92195123,-0.014634146,0.42718446,0.92195123
2018-1-10T13-49-40,1515588580401,0.87317073,0.024390243,0.42718446,0.87317073
2018-1-10T13-49-40,1515588580402,0.91219515,-0.034146342,0.47572815,0.91219515
2018-1-10T13-49-40,1515588580403,0.86341465,0.024390243,0.4563107,0.86341465
2018-1-10T13-49-40,1515588580404,0.84390247,0.024390243,0.36893204,0.84390247
2018-1-10T13-49-40,1515588580405,0.80487806,0.06341463,0.3883495,0.80487806
2018-1-10T13-49-40,1515588580406,0.82439023,0.024390243,0.47572815,0.82439023
2018-1-10T13-49-40,1515588580407,0.85365856,-0.004878049,0.4563107,0.85365856
2018-1-10T13-49-40,1515588580408,0.85365856,0.024390243,0.39805827,0.85365856
2018-1-10T13-49-40,1515588580409,0.87317073,0.014634146,0.42718446,0.87317073
2018-1-10T13-49-40,1515588580410,0.8926829,-0.004878049,0.5048544,0.8926829
2018-1-10T13-49-40,1515588580411,0.8926829,-0.024390243,0.5048544,0.8926829
2018-1-10T13-49-40,1515588580412,0.86341465,0.004878049,0.39805827,0.86341465
2018-1-10T13-49-40,1515588580413,0.85365856,-0.07317073,0.41747573,0.85365856
2018-1-10T13-49-40,1515588580414,0.86341465,-0.043902438,0.4563107,0.86341465
2018-1-10T13-49-40,1515588580415,0.8341463,-0.06341463,0.44660193,0.8341463
2018-1-10T13-49-40,1515588580416,0.79512197,-0.08292683,0.37864077,0.79512197
2018-1-10T13-49-40,1515588580417,0.7853659,-0.09268293,0.41747573,0.7853659
2018-1-10T13-49-40,1515588580418,0.77560973,-0.09268293,0.46601942,0.77560973
2018-1-10T13-49-40,1515588580419,0.80487806,-0.11219512,0.4368932,0.80487806
2018-1-10T13-49-40,1515588580420,0.902439,-0.07317073,0.37864077,0.902439
2018-1-10T13-49-40,1515588580421,0.81463414,-0.09268293,0.4368932,0.81463414
2018-1-10T13-49-40,1515588580422,0.85365856,-0.043902438,0.46601942,0.85365856
2018-1-10T13-49-40,1515588580423,0.87317073,-0.053658538,0.47572815,0.87317073
2018-1-10T13-49-40,1515588580424,0.902439,0.004878049,0.46601942,0.902439
2018-1-10T13-49-40,1515588580425,0.91219515,-0.024390243,0.5145631,0.91219515
2018-1-10T13-49-40,1515588580426,0.92195123,-0.053658538,0.46601942,0.92195123
2018-1-10T13-49-40,1515588580427,0.9609756,0.024390243,0.5145631,0.9609756
2018-1-10T13-49-40,1515588580428,0.8829268,0.004878049,0.4563107,0.8829268
2018-1-10T13-49-40,1515588580429,0.87317073,0.09268293,0.42718446,0.87317073
2018-1-10T13-49-40,1515588580430,0.82439023,0.024390243,0.3883495,0.82439023
2018-1-10T13-49-40,1515588580431,0.7853659,-0.004878049,0.3883495,0.7853659
2018-1-10T13-49-40,1515588580432,0.75609756,-0.014634146,0.37864077,0.75609756
2018-1-10T13-49-40,1515588580433,0.7268293,-0.024390243,0.36893204,0.7268293
2018-1-10T13-49-40,1515588580434,0.74634147,-0.004878049,0.3883495,0.74634147
2018-1-10T13-49-40,1515588580435,0.79512197,-0.034146342,0.5048544,0.79512197
2018-1-10T13-49-40,1515588580436,0.86341465,-0.043902438,0.49514562,0.86341465
2018-1-10T13-49-40,1515588580437,0.8829268,-0.004878049,0.407767,0.8829268
2018-1-10T13-49-40,1515588580438,0.9414634,0.034146342,0.4563107,0.9414634
2018-1-10T13-49-40,1515588580439,0.9414634,0.043902438,0.5533981,0.9414634
2018-1-10T13-49-40,1515588580440,0.9414634,0.06341463,0.52427185,0.9414634
2018-1-10T13-49-40,1515588580441,0.902439,0.024390243,0.37864077,0.902439
2018-1-10T13-49-40,1515588580442,0.85365856,0.07317073,0.3592233,0.85365856
2018-1-10T13-49-40,1515588580443,0.8341463,0.024390243,0.46601942,0.8341463
2018-1-10T13-49-40,1515588580444,0.81463414,-0.09268293,0.5145631,0.81463414
2018-1-10T13-49-40,1515588580445,0.75609756,-0.06341463,0.3883495,0.75609756
2018-1-10T13-49-40,1515588580446,0.75609756,-0.10243902,0.32038835,0.75609756
2018-1-10T13-49-40,1515588580447,0.76585364,-0.11219512,0.3883495,0.76585364
2018-1-10T13-49-40,1515588580448,0.75609756,-0.14146341,0.5145631,0.75609756
2018-1-10T13-49-40,1515588580449,0.7853659,-0.12195122,0.46601942,0.7853659
2018-1-10T13-49-40,1515588580450,0.82439023,-0.10243902,0.4563107,0.82439023
2018-1-10T13-49-40,1515588580451,0.902439,-0.10243902,0.5048544,0.902439
2018-1-10T13-49-40,1515588580452,0.92195123,-0.07317073,0.5048544,0.92195123
2018-1-10T13-49-40,1515588580453,0.92195123,-0.043902438,0.41747573,0.92195123
2018-1-10T13-49-40,1515588580454,0.9414634,0.014634146,0.46601942,0.9414634
2018-1-10T13-49-40,1515588580455,0.8926829,0.024390243,0.49514562,0.8926829
2018-1-10T13-49-40,1515588580456,0.86341465,0.024390243,0.407767,0.86341465
2018-1-10T13-49-40,1515588580457,0.81463414,0.024390243,0.33009708,0.81463414
2018-1-10T13-49-40,1515588580458,0.76585364,-0.014634146,0.3592233,0.76585364
2018-1-10T13-49-40,1515588580459,0.75609756,-0.024390243,0.44660193,0.75609756
2018-1-10T13-49-40,1515588580460,0.79512197,0.034146342,0.5048544,0.79512197
2018-1-10T13-49-40,1515588580461,0.8341463,-0.043902438,0.44660193,0.8341463
2018-1-10T13-49-40,1515588580462,0.84390247,-0.004878049,0.41747573,0.84390247
2018-1-10T13-49-40,1515588580463,0.8926829,0.024390243,0.5145631,0.8926829
2018-1-10T13-49-40,1515588580464,0.91219515,0.053658538,0.5339806,0.91219515
2018-1-10T13-49-40,1515588580465,0.87317073,0.053658538,0.5048544,0.87317073
2018-1-10T13-49-40,1515588580466,0.92195123,0.06341463,0.41747573,0.92195123
2018-1-10T13-49-40,1515588580467,0.87317073,0.034146342,0.41747573,0.87317073
2018-1-10T13-49-40,1515588580468,0.84390247,0.004878049,0.46601942,0.84390247
2018-1-10T13-49-40,1515588580469,0.81463414,-0.024390243,0.39805827,0.81463414
2018-1-10T13-49-40,1515588580470,0.77560973,0.014634146,0.37864077,0.77560973
2018-1-10T13-49-40,1515588580471,0.7853659,-0.07317073,0.42718446,0.7853659
2018-1-10T13-49-40,1515588580472,0.7853659,-0.034146342,0.4368932,0.7853659
2018-1-10T13-49-40,1515588580473,0.80487806,-0.034146342,0.39805827,0.80487806
2018-1-10T13-49-40,1515588580474,0.79512197,0.043902438,0.41747573,0.79512197
2018-1-10T13-49-40,1515588580475,0.84390247,-0.043902438,0.49514562,0.84390247
2018-1-10T13-49-40,1515588580476,0.86341465,-0.053658538,0.5048544,0.86341465
2018-1-10T13-49-40,1515588580477,0.8829268,-0.024390243,0.4563107,0.8829268
2018-1-10T13-49-40,1515588580478,0.8829268,-0.053658538,0.42718446,0.8829268
2018-1-10T13-49-40,1515588580479,0.902439,-0.053658538,0.44660193,0.902439
2018-1-10T13-49-40,1515588580480,0.85365856,-0.06341463,0.49514562,0.85365856
2018-1-10T13-49-40,1515588580481,0.87317073,-0.053658538,0.41747573,0.87317073
2018-1-10T13-49-40,1515588580482,0.80487806,-0.053658538,0.407767,0.80487806
2018-1-10T13-49-40,1515588580483,0.7853659,-0.07317073,0.42718446,0.7853659
2018-1-10T13-49-40,1515588580484,0.82439023,-0.053658538,0.4563107,0.82439023
2018-1-10T13-49-40,1515588580485,0.81463414,-0.08292683,0.46601942,0.81463414
2018-1-10T13-49-40,1515588580486,0.84390247,-0.043902438,0.41747573,0.84390247
2018-1-10T13-49-40,1515588580487,0.85365856,-0.024390243,0.4854369,0.85365856
2018-1-10T13-49-40,1515588580488,0.86341465,-0.034146342,0.5145631,0.86341465
2018-1-10T13-49-40,1515588580489,0.8829268,0.004878049,0.4854369,0.8829268
2018-1-10T13-49-40,1515588580490,0.8829268,0.034146342,0.44660193,0.8829268
2018-1-10T13-49-40,1515588580491,0.902439,0.043902438,0.407767,0.902439
2018-1-10T13-49-40,1515588580492,0.8341463,0.08292683,0.39805827,0.8341463
2018-1-10T13-49-40,1515588580493,0.8341463,0.06341463,0.4368932,0.8341463
2018-1-10T13-49-40,1515588580494,0.84390247,0.034146342,0.4563107,0.84390247
2018-1-10T13-49-40,1515588580495,0.77560973,0.004878049,0.407767,0.77560973
2018-1-10T13-49-40,1515588580496,0.81463414,0.014634146,0.36893204,0.81463414
2018-1-10T13-49-40,1515588580497,0.82439023,0.024390243,0.47572815,0.82439023
2018-1-10T13-49-40,1515588580498,0.84390247,-0.034146342,0.47572815,0.84390247
2018-1-10T13-49-40,1515588580499,0.81463414,-0.043902438,0.3883495,0.81463414
2018-1-10T13-49-40,1515588580500,0.80487806,-0.043902438,0.34951457,0.80487806
2018-1-10T13-49-40,1515588580501,0.76585364,-0.12195122,0.4563107,0.76585364
2018-1-10T13-49-40,1515588580502,0.80487806,-0.014634146,0.46601942,0.80487806
2018-1-10T13-49-40,1515588580503,0.8341463,-0.053658538,0.4368932,0.8341463
2018-1-10T13-49-40,1515588580504,0.86341465,-0.004878049,0.47572815,0.86341465
2018-1-10T13-49-40,1515588580505,0.92195123,-0.034146342,0.5145631,0.92195123
2018-1-10T13-49-40,1515588580506,0.9512195,-0.043902438,0.49514562,0.9512195
2018-1-10T13-49-40,1515588580507,0.9414634,0.004878049,0.41747573,0.9414634
2018-1-10T13-49-40,1515588580508,0.91219515,0.004878049,0.42718446,0.91219515
2018-1-10T13-49-40,1515588580509,0.85365856,-0.043902438,0.5145631,0.85365856
2018-1-10T13-49-40,1515588580510,0.82439023,-0.06341463,0.42718446,0.82439023
2018-1-10T13-49-40,1515588580511,0.77560973,-0.043902438,0.37864077,0.77560973
2018-1-10T13-49-40,1515588580512,0.77560973,-0.07317073,0.44660193,0.77560973
2018-1-10T13-49-40,1515588580513,0.80487806,-0.08292683,0.5436893,0.80487806
2018-1-10T13-49-40,1515588580514,0.85365856,-0.07317073,0.4854369,0.85365856
2018-1-10T13-49-40,1515588580515,0.86341465,-0.043902438,0.39805827,0.86341465
2018-1-10T13-49-40,1515588580516,0.85365856,-0.014634146,0.3883495,0.85365856
2018-1-10T13-49-40,1515588580517,0.79512197,0.014634146,0.41747573,0.79512197
2018-1-10T13-49-40,1515588580518,0.79512197,0.014634146,0.46601942,0.79512197
2018-1-10T13-49-40,1515588580519,0.79512197,0.004878049,0.42718446,0.79512197
2018-1-10T13-49-40,1515588580520,0.81463414,0.043902438,0.37864077,0.81463414
2018-1-10T13-49-40,1515588580521,0.84390247,0.043902438,0.41747573,0.84390247
2018-1-10T13-49-40,1515588580522,0.902439,0.043902438,0.44660193,0.902439
2018-1-10T13-49-40,1515588580523,0.87317073,0.06341463,0.41747573,0.87317073
2018-1-10T13-49-40,1515588580524,0.86341465,0.004878049,0.44660193,0.86341465
2018-1-10T13-49-40,1515588580525,0.84390247,0.004878049,0.41747573,0.84390247
2018-1-10T13-49-40,1515588580526,0.82439023,-0.014634146,0.407767,0.82439023
2018-1-10T13-49-40,1515588580527,0.8341463,0.004878049,0.4368932,0.8341463
2018-1-10T13-49-40,1515588580528,0.8341463,-0.06341463,0.49514562,0.8341463
2018-1-10T13-49-40,1515588580529,0.85365856,-0.07317073,0.5436893,0.85365856
2018-1-10T13-49-40,1515588580530,0.8829268,-0.11219512,0.49514562,0.8829268
2018-1-10T13-49-40,1515588580531,0.9512195,-0.08292683,0.407767,0.9512195
2018-1-10T13-49-40,1515588580532,0.87317073,-0.07317073,0.42718446,0.87317073
2018-1-10T13-49-40,1515588580533,0.85365856,-0.07317073,0.5048544,0.85365856
2018-1-10T13-49-40,1515588580534,0.8341463,-0.06341463,0.52427185,0.8341463
2018-1-10T13-49-40,1515588580535,0.84390247,-0.024390243,0.42718446,0.84390247
2018-1-10T13-49-40,1515588580536,0.86341465,-0.004878049,0.37864077,0.86341465
2018-1-10T13-49-40,1515588580537,0.77560973,0.024390243,0.37864077,0.77560973
2018-1-10T13-49-40,1515588580538,0.81463414,0.004878049,0.46601942,0.81463414
2018-1-10T13-49-40,1515588580539,0.8341463,-0.024390243,0.49514562,0.8341463
2018-1-10T13-49-40,1515588580540,0.82439023,-0.024390243,0.41747573,0.82439023
2018-1-10T13-49-40,1515588580541,0.7853659,-0.024390243,0.37864077,0.7853659
2018-1-10T13-49-40,1515588580542,0.80487806,-0.014634146,0.4368932,0.80487806
2018-1-10T13-49-40,1515588580543,0.81463414,-0.024390243,0.49514562,0.81463414
2018-1-10T13-49-40,1515588580544,0.86341465,-0.053658538,0.4563107,0.86341465
2018-1-10T13-49-40,1515588580545,0.86341465,-0.034146342,0.39805827,0.86341465
2018-1-10T13-49-40,1515588580546,0.87317073,-0.014634146,0.42718446,0.87317073
2018-1-10T13-49-40,1515588580547,0.8926829,-0.024390243,0.49514562,0.8926829
2018-1-10T13-49-40,1515588580548,0.902439,-0.014634146,0.52427185,0.902439
2018-1-10T13-49-40,1515588580549,0.8926829,-0.014634146,0.46601942,0.8926829
2018-1-10T13-49-40,1515588580550,0.87317073,0.014634146,0.41747573,0.87317073
2018-1-10T13-49-40,1515588580551,0.87317073,0.043902438,0.39805827,0.87317073
2018-1-10T13-49-40,1515588580552,0.87317073,0.034146342,0.46601942,0.87317073
2018-1-10T13-49-40,1515588580553,0.81463414,0.014634146,0.407767,0.81463414
2018-1-10T13-49-40,1515588580554,0.79512197,0.043902438,0.36893204,0.79512197
2018-1-10T13-49-40,1515588580555,0.77560973,0.004878049,0.4563107,0.77560973
2018-1-10T13-49-40,1515588580556,0.82439023,-0.09268293,0.4854369,0.82439023
2018-1-10T13-49-40,1515588580557,0.81463414,-0.053658538,0.4368932,0.81463414
2018-1-10T13-49-40,1515588580558,0.85365856,0.004878049,0.41747573,0.85365856
2018-1-10T13-49-40,1515588580559,0.902439,-0.014634146,0.47572815,0.902439
2018-1-10T13-49-40,1515588580560,0.8829268,-0.043902438,0.4854369,0.8829268
2018-1-10T13-49-40,1515588580561,0.87317073,-0.053658538,0.39805827,0.87317073
2018-1-10T13-49-40,1515588580562,0.87317073,-0.034146342,0.39805827,0.87317073
2018-1-10T13-49-40,1515588580563,0.87317073,-0.06341463,0.5048544,0.87317073
2018-1-10T13-49-40,1515588580564,0.84390247,-0.08292683,0.42718446,0.84390247
2018-1-10T13-49-40,1515588580565,0.79512197,-0.08292683,0.3883495,0.79512197
2018-1-10T13-49-40,1515588580566,0.81463414,-0.07317073,0.42718446,0.81463414
2018-1-10T13-49-40,1515588580567,0.80487806,-0.06341463,0.46601942,0.80487806
2018-1-10T13-49-40,1515588580568,0.79512197,-0.043902438,0.42718446,0.79512197
2018-1-10T13-49-40,1515588580569,0.82439023,-0.034146342,0.3106796,0.82439023
2018-1-10T13-49-40,1515588580570,0.82439023,-0.024390243,0.42718446,0.82439023
2018-1-10T13-49-40,1515588580571,0.902439,-0.034146342,0.5048544,0.902439
2018-1-10T13-49-40,1515588580573,0.8926829,-0.014634146,0.49514562,0.8926829
2018-1-10T13-49-40,1515588580574,0.902439,-0.004878049,0.46601942,0.902439
2018-1-10T13-49-40,1515588580575,0.91219515,0.004878049,0.4854369,0.91219515
2018-1-10T13-49-40,1515588580576,0.8829268,0.034146342,0.46601942,0.8829268
2018-1-10T13-49-40,1515588580577,0.85365856,0.024390243,0.4854369,0.85365856
2018-1-10T13-49-40,1515588580578,0.85365856,0.024390243,0.5048544,0.85365856
2018-1-10T13-49-40,1515588580579,0.85365856,0.004878049,0.407767,0.85365856
2018-1-10T13-49-40,1515588580580,0.85365856,0.004878049,0.36893204,0.85365856
2018-1-10T13-49-40,1515588580581,0.84390247,0.004878049,0.39805827,0.84390247
2018-1-10T13-49-40,1515588580582,0.81463414,0.014634146,0.46601942,0.81463414
2018-1-10T13-49-40,1515588580583,0.80487806,-0.004878049,0.44660193,0.80487806
2018-1-10T13-49-40,1515588580584,0.81463414,-0.014634146,0.41747573,0.81463414
2018-1-10T13-49-40,1515588580585,0.8341463,-0.024390243,0.41747573,0.8341463
2018-1-10T13-49-40,1515588580586,0.8341463,0.014634146,0.407767,0.8341463
2018-1-10T13-49-40,1515588580587,0.81463414,-0.004878049,0.42718446,0.81463414
2018-1-10T13-49-40,1515588580588,0.82439023,-0.004878049,0.46601942,0.82439023
2018-1-10T13-49-40,1515588580589,0.85365856,-0.034146342,0.4563107,0.85365856
2018-1-10T13-49-40,1515588580590,0.87317073,-0.014634146,0.39805827,0.87317073
2018-1-10T13-49-40,1515588580591,0.85365856,-0.024390243,0.39805827,0.85365856
2018-1-10T13-49-40,1515588580592,0.86341465,-0.10243902,0.5048544,0.86341465
2018-1-10T13-49-40,1515588580593,0.85365856,-0.07317073,0.49514562,0.85365856
2018-1-10T13-49-40,1515588580594,0.86341465,-0.06341463,0.407767,0.86341465
2018-1-10T13-49-40,1515588580595,0.84390247,-0.08292683,0.3883495,0.84390247
2018-1-10T13-49-40,1515588580596,0.8341463,-0.17073171,0.5048544,0.8341463
2018-1-10T13-49-40,1515588580597,0.82439023,-0.12195122,0.5145631,0.82439023
2018-1-10T13-49-40,1515588580598,0.9317073,-0.07317073,0.46601942,0.9317073
2018-1-10T13-49-40,1515588580599,0.86341465,-0.06341463,0.44660193,0.86341465
2018-1-10T13-49-40,1515588580600,0.87317073,-0.043902438,0.42718446,0.87317073
2018-1-10T13-49-40,1515588580601,0.86341465,-0.024390243,0.4368932,0.86341465
2018-1-10T13-49-40,1515588580602,0.8829268,0.004878049,0.4563107,0.8829268
2018-1-10T13-49-40,1515588580603,0.8926829,0.004878049,0.407767,0.8926829
2018-1-10T13-49-40,1515588580604,0.87317073,0.043902438,0.3883495,0.87317073
2018-1-10T13-49-40,1515588580605,0.84390247,0.053658538,0.39805827,0.84390247
2018-1-10T13-49-40,1515588580606,0.85365856,0.043902438,0.4854369,0.85365856
2018-1-10T13-49-40,1515588580607,0.86341465,0.024390243,0.49514562,0.86341465
2018-1-10T13-49-40,1515588580608,0.84390247,0.014634146,0.3592233,0.84390247
2018-1-10T13-49-40,1515588580609,0.80487806,-0.004878049,0.3106796,0.80487806
2018-1-10T13-49-40,1515588580610,0.77560973,-0.004878049,0.44660193,0.77560973
2018-1-10T13-49-40,1515588580611,0.6878049,-0.043902438,0.52427185,0.6878049
2018-1-10T13-49-40,1515588580612,0.77560973,-0.043902438,0.44660193,0.77560973
2018-1-10T13-49-40,1515588580613,0.82439023,-0.014634146,0.33009708,0.82439023
2018-1-10T13-49-40,1515588580614,0.82439023,-0.004878049,0.41747573,0.82439023
2018-1-10T13-49-40,1515588580615,0.85365856,-0.024390243,0.5048544,0.85365856
2018-1-10T13-49-40,1515588580616,0.86341465,-0.014634146,0.52427185,0.86341465
2018-1-10T13-49-40,1515588580617,0.91219515,-0.024390243,0.4563107,0.91219515
2018-1-10T13-49-40,1515588580618,0.91219515,-0.034146342,0.44660193,0.91219515
2018-1-10T13-49-40,1515588580619,0.902439,-0.043902438,0.46601942,0.902439
2018-1-10T13-49-40,1515588580620,0.8926829,-0.07317073,0.5145631,0.8926829
2018-1-10T13-49-40,1515588580621,0.87317073,-0.07317073,0.4854369,0.87317073
2018-1-10T13-49-40,1515588580622,0.87317073,-0.06341463,0.4368932,0.87317073
2018-1-10T13-49-40,1515588580623,0.86341465,-0.07317073,0.39805827,0.86341465
2018-1-10T13-49-40,1515588580624,0.79512197,-0.034146342,0.39805827,0.79512197
2018-1-10T13-49-40,1515588580625,0.79512197,-0.024390243,0.44660193,0.79512197
2018-1-10T13-49-40,1515588580626,0.82439023,0.024390243,0.47572815,0.82439023
2018-1-10T13-49-40,1515588580627,0.82439023,-0.09268293,0.407767,0.82439023
2018-1-10T13-49-40,1515588580628,0.8341463,-0.004878049,0.39805827,0.8341463
2018-1-10T13-49-40,1515588580629,0.84390247,-0.014634146,0.4563107,0.84390247
2018-1-10T13-49-40,1515588580630,0.8829268,0.004878049,0.4563107,0.8829268
2018-1-10T13-49-40,1515588580631,0.85365856,0.034146342,0.4368932,0.85365856
2018-1-10T13-49-40,1515588580632,0.85365856,0.024390243,0.44660193,0.85365856
2018-1-10T13-49-40,1515588580633,0.8341463,0.014634146,0.4563107,0.8341463
2018-1-10T13-49-40,1515588580634,0.86341465,0.004878049,0.46601942,0.86341465
2018-1-10T13-49-40,1515588580635,0.8926829,0.004878049,0.4563107,0.8926829
2018-1-10T13-49-40,1515588580636,0.87317073,0.004878049,0.42718446,0.87317073
2018-1-10T13-49-40,1515588580637,0.84390247,-0.024390243,0.41747573,0.84390247
2018-1-10T13-49-40,1515588580638,0.80487806,-0.034146342,0.42718446,0.80487806
2018-1-10T13-49-40,1515588580639,0.8341463,-0.034146342,0.42718446,0.8341463
2018-1-10T13-49-40,1515588580640,0.81463414,-0.024390243,0.42718446,0.81463414
2018-1-10T13-49-40,1515588580641,0.81463414,-0.034146342,0.41747573,0.81463414
2018-1-10T13-49-40,1515588580642,0.85365856,-0.034146342,0.44660193,0.85365856
2018-1-10T13-49-40,1515588580643,0.8829268,-0.034146342,0.49514562,0.8829268
2018-1-10T13-49-40,1515588580644,0.902439,-0.053658538,0.4854369,0.902439
2018-1-10T13-49-40,1515588580645,0.92195123,-0.024390243,0.42718446,0.92195123
2018-1-10T13-49-40,1515588580646,0.87317073,-0.053658538,0.42718446,0.87317073
2018-1-10T13-49-40,1515588580647,0.84390247,-0.06341463,0.47572815,0.84390247
2018-1-10T13-49-40,1515588580648,0.82439023,-0.07317073,0.47572815,0.82439023
2018-1-10T13-49-40,1515588580649,0.80487806,-0.08292683,0.407767,0.80487806
2018-1-10T13-49-40,1515588580650,0.79512197,-0.034146342,0.37864077,0.79512197
2018-1-10T13-49-40,1515588580651,0.81463414,-0.053658538,0.41747573,0.81463414
2018-1-10T13-49-40,1515588580652,0.79512197,-0.043902438,0.46601942,0.79512197
2018-1-10T13-49-40,1515588580653,0.85365856,-0.014634146,0.5048544,0.85365856
2018-1-10T13-49-40,1515588580654,0.9609756,-0.004878049,0.4854369,0.9609756
2018-1-10T13-49-40,1515588580655,0.87317073,-0.014634146,0.42718446,0.87317073
2018-1-10T13-49-40,1515588580656,0.8926829,0.024390243,0.39805827,0.8926829
2018-1-10T13-49-40,1515588580657,0.85365856,0.043902438,0.4368932,0.85365856
2018-1-10T13-49-40,1515588580658,0.84390247,0.034146342,0.49514562,0.84390247
2018-1-10T13-49-40,1515588580659,0.82439023,0.004878049,0.4368932,0.82439023
2018-1-10T13-49-40,1515588580660,0.81463414,0.014634146,0.39805827,0.81463414
2018-1-10T13-49-40,1515588580661,0.82439023,0.014634146,0.41747573,0.82439023
2018-1-10T13-49-40,1515588580662,0.80487806,-0.014634146,0.37864077,0.80487806
2018-1-10T13-49-40,1515588580663,0.7853659,-0.014634146,0.3883495,0.7853659
2018-1-10T13-49-40,1515588580664,0.7853659,-0.014634146,0.3883495,0.7853659
2018-1-10T13-49-40,1515588580665,0.7853659,-0.014634146,0.41747573,0.7853659
2018-1-10T13-49-40,1515588580666,0.79512197,-0.024390243,0.44660193,0.79512197
2018-1-10T13-49-40,1515588580667,0.8341463,-0.004878049,0.44660193,0.8341463
2018-1-10T13-49-40,1515588580668,0.8829268,0.004878049,0.49514562,0.8829268
2018-1-10T13-49-40,1515588580669,0.9414634,-0.043902438,0.5825243,0.9414634
2018-1-10T13-49-40,1515588580670,0.9804878,-0.053658538,0.52427185,0.9804878
2018-1-10T13-49-40,1515588580671,0.9609756,-0.043902438,0.41747573,0.9609756
2018-1-10T13-49-40,1515588580672,0.91219515,-0.024390243,0.407767,0.91219515
2018-1-10T13-49-40,1515588580673,0.8341463,-0.034146342,0.4854369,0.8341463
2018-1-10T13-49-40,1515588580674,0.77560973,-0.06341463,0.4854369,0.77560973
2018-1-10T13-49-40,1515588580675,0.74634147,-0.06341463,0.34951457,0.74634147
2018-1-10T13-49-40,1515588580676,0.75609756,-0.07317073,0.3592233,0.75609756
2018-1-10T13-49-40,1515588580677,0.76585364,-0.08292683,0.39805827,0.76585364
2018-1-10T13-49-40,1515588580678,0.77560973,-0.08292683,0.4368932,0.77560973
2018-1-10T13-49-40,1515588580679,0.80487806,-0.053658538,0.44660193,0.80487806
2018-1-10T13-49-40,1515588580680,0.87317073,-0.034146342,0.47572815,0.87317073
2018-1-10T13-49-40,1515588580681,0.85365856,-0.024390243,0.47572815,0.85365856
2018-1-10T13-49-40,1515588580682,0.87317073,-0.024390243,0.44660193,0.87317073
2018-1-10T13-49-40,1515588580683,0.9512195,0.014634146,0.4368932,0.9512195
2018-1-10T13-49-40,1515588580684,0.9609756,0.014634146,0.46601942,0.9609756
2018-1-10T13-49-40,1515588580685,0.87317073,0.024390243,0.4368932,0.87317073
2018-1-10T13-49-40,1515588580686,0.86341465,0.024390243,0.4368932,0.86341465
2018-1-10T13-49-40,1515588580687,0.84390247,0.024390243,0.42718446,0.84390247
2018-1-10T13-49-40,1515588580688,0.84390247,0.034146342,0.41747573,0.84390247
2018-1-10T13-49-40,1515588580689,0.82439023,0.043902438,0.42718446,0.82439023
2018-1-10T13-49-40,1515588580690,0.82439023,0.034146342,0.44660193,0.82439023
2018-1-10T13-49-40,1515588580691,0.84390247,0.014634146,0.42718446,0.84390247
2018-1-10T13-49-40,1515588580692,0.86341465,-0.004878049,0.44660193,0.86341465
2018-1-10T13-49-40,1515588580693,0.86341465,-0.004878049,0.4563107,0.86341465
2018-1-10T13-49-40,1515588580694,0.86341465,-0.014634146,0.5436893,0.86341465
2018-1-10T13-49-40,1515588580695,0.8926829,-0.053658538,0.5631068,0.8926829
2018-1-10T13-49-40,1515588580696,0.902439,-0.043902438,0.46601942,0.902439
2018-1-10T13-49-40,1515588580697,0.902439,-0.043902438,0.3883495,0.902439
2018-1-10T13-49-40,1515588580698,0.8341463,-0.034146342,0.34951457,0.8341463
2018-1-10T13-49-40,1515588580699,0.76585364,-0.043902438,0.36893204,0.76585364
2018-1-10T13-49-40,1515588580700,0.7365854,-0.08292683,0.42718446,0.7365854
2018-1-10T13-49-40,1515588580701,0.75609756,-0.08292683,0.4368932,0.75609756
2018-1-10T13-49-40,1515588580702,0.79512197,-0.09268293,0.41747573,0.79512197
2018-1-10T13-49-40,1515588580703,0.85365856,-0.06341463,0.3883495,0.85365856
2018-1-10T13-49-40,1515588580704,0.85365856,-0.053658538,0.47572815,0.85365856
2018-1-10T13-49-40,1515588580705,0.87317073,-0.043902438,0.5631068,0.87317073
2018-1-10T13-49-40,1515588580706,0.92195123,-0.004878049,0.52427185,0.92195123
2018-1-10T13-49-40,1515588580707,0.9317073,0.004878049,0.44660193,0.9317073
2018-1-10T13-49-40,1515588580708,0.902439,0.024390243,0.42718446,0.902439
2018-1-10T13-49-40,1515588580709,0.8829268,0.014634146,0.5048544,0.8829268
2018-1-10T13-49-40,1515588580710,0.84390247,-0.034146342,0.49514562,0.84390247
2018-1-10T13-49-40,1515588580711,0.81463414,-0.034146342,0.37864077,0.81463414
2018-1-10T13-49-40,1515588580712,0.82439023,-0.024390243,0.36893204,0.82439023
2018-1-10T13-49-40,1515588580713,0.81463414,-0.014634146,0.3883495,0.81463414
2018-1-10T13-49-40,1515588580714,0.7853659,0.004878049,0.42718446,0.7853659
2018-1-10T13-49-40,1515588580715,0.77560973,0.034146342,0.41747573,0.77560973
2018-1-10T13-49-40,1515588580716,0.80487806,0.004878049,0.44660193,0.80487806
2018-1-10T13-49-40,1515588580717,0.81463414,-0.034146342,0.42718446,0.81463414
2018-1-10T13-49-40,1515588580718,0.82439023,-0.034146342,0.4368932,0.82439023
2018-1-10T13-49-40,1515588580719,0.87317073,-0.034146342,0.47572815,0.87317073
2018-1-10T13-49-40,1515588580720,0.8829268,-0.043902438,0.5145631,0.8829268
2018-1-10T13-49-40,1515588580721,0.8829268,-0.034146342,0.47572815,0.8829268
2018-1-10T13-49-40,1515588580722,0.92195123,0.024390243,0.41747573,0.92195123
2018-1-10T13-49-40,1515588580723,0.85365856,0.004878049,0.4368932,0.85365856
2018-1-10T13-49-40,1515588580724,0.86341465,0.004878049,0.44660193,0.86341465
2018-1-10T13-49-40,1515588580725,0.84390247,0.034146342,0.4368932,0.84390247
2018-1-10T13-49-40,1515588580726,0.902439,-0.004878049,0.5436893,0.902439
2018-1-10T13-49-40,1515588580727,0.9512195,-0.024390243,0.44660193,0.9512195
2018-1-10T13-49-40,1515588580728,0.87317073,-0.014634146,0.42718446,0.87317073
2018-1-10T13-49-40,1515588580729,0.87317073,-0.034146342,0.47572815,0.87317073
2018-1-10T13-49-40,1515588580730,0.81463414,-0.09268293,0.49514562,0.81463414
2018-1-10T13-49-40,1515588580731,0.80487806,-0.043902438,0.3398058,0.80487806
2018-1-10T13-49-40,1515588580732,0.76585364,-0.043902438,0.407767,0.76585364
2018-1-10T13-49-40,1515588580733,0.77560973,-0.06341463,0.4368932,0.77560973
2018-1-10T13-49-40,1515588580734,0.75609756,-0.06341463,0.4854369,0.75609756
2018-1-10T13-49-40,1515588580735,0.80487806,-0.08292683,0.47572815,0.80487806
2018-1-10T13-49-40,1515588580736,0.84390247,-0.09268293,0.37864077,0.84390247
2018-1-10T13-49-40,1515588580737,0.85365856,-0.024390243,0.42718446,0.85365856
2018-1-10T13-49-40,1515588580738,0.86341465,-0.034146342,0.49514562,0.86341465
2018-1-10T13-49-40,1515588580739,0.86341465,-0.004878049,0.47572815,0.86341465
2018-1-10T13-49-40,1515588580740,0.8926829,-0.004878049,0.44660193,0.8926829
2018-1-10T13-49-40,1515588580741,0.8829268,-0.004878049,0.4368932,0.8829268
2018-1-10T13-49-40,1515588580742,0.85365856,0.004878049,0.4368932,0.85365856
2018-1-10T13-49-40,1515588580743,0.86341465,0.014634146,0.4563107,0.86341465
2018-1-10T13-49-40,1515588580744,0.85365856,-0.004878049,0.4563107,0.85365856
2018-1-10T13-49-40,1515588580745,0.79512197,-0.024390243,0.4563107,0.79512197
2018-1-10T13-49-40,1515588580746,0.81463414,-0.043902438,0.46601942,0.81463414
2018-1-10T13-49-40,1515588580747,0.85365856,-0.034146342,0.4563107,0.85365856
2018-1-10T13-49-40,1515588580748,0.86341465,-0.043902438,0.44660193,0.86341465
2018-1-10T13-49-40,1515588580749,0.902439,-0.024390243,0.4563107,0.902439
2018-1-10T13-49-40,1515588580750,0.8829268,-0.053658538,0.47572815,0.8829268
2018-1-10T13-49-40,1515588580751,0.87317073,-0.043902438,0.49514562,0.87317073
2018-1-10T13-49-40,1515588580752,0.84390247,-0.004878049,0.4368932,0.84390247
2018-1-10T13-49-40,1515588580753,0.82439023,-0.024390243,0.4368932,0.82439023
2018-1-10T13-49-40,1515588580754,0.82439023,-0.053658538,0.4563107,0.82439023
2018-1-10T13-49-40,1515588580755,0.7853659,-0.024390243,0.42718446,0.7853659
2018-1-10T13-49-40,1515588580756,0.80487806,0.004878049,0.3398058,0.80487806
2018-1-10T13-49-40,1515588580757,0.80487806,-0.004878049,0.33009708,0.80487806
2018-1-10T13-49-40,1515588580758,0.80487806,0.043902438,0.47572815,0.80487806
2018-1-10T13-49-40,1515588580759,0.82439023,-0.014634146,0.52427185,0.82439023
2018-1-10T13-49-40,1515588580760,0.92195123,-0.024390243,0.4563107,0.92195123
2018-1-10T13-49-40,1515588580761,0.91219515,-0.024390243,0.407767,0.91219515
2018-1-10T13-49-40,1515588580762,0.85365856,-0.014634146,0.41747573,0.85365856
2018-1-10T13-49-40,1515588580763,0.87317073,-0.034146342,0.52427185,0.87317073
2018-1-10T13-49-40,1515588580764,0.85365856,-0.053658538,0.5339806,0.85365856
2018-1-10T13-49-40,1515588580765,0.85365856,-0.004878049,0.4368932,0.85365856
2018-1-10T13-49-40,1515588580766,0.86341465,-0.10243902,0.4368932,0.86341465
2018-1-10T13-49-40,1515588580767,0.86341465,0.043902438,0.4563107,0.86341465
2018-1-10T13-49-40,1515588580768,0.84390247,-0.014634146,0.4563107,0.84390247
2018-1-10T13-49-40,1515588580769,0.82439023,-0.004878049,0.42718446,0.82439023
2018-1-10T13-49-40,1515588580770,0.8341463,-0.014634146,0.4368932,0.8341463
2018-1-10T13-49-40,1515588580771,0.902439,-0.014634146,0.46601942,0.902439
2018-1-10T13-49-40,1515588580772,0.84390247,-0.014634146,0.47572815,0.84390247
2018-1-10T13-49-40,1515588580773,0.87317073,0.014634146,0.4563107,0.87317073
2018-1-10T13-49-40,1515588580774,0.85365856,-0.014634146,0.41747573,0.85365856
2018-1-10T13-49-40,1515588580775,0.82439023,-0.004878049,0.34951457,0.82439023
2018-1-10T13-49-40,1515588580776,0.81463414,-0.034146342,0.41747573,0.81463414
2018-1-10T13-49-40,1515588580777,0.82439023,-0.024390243,0.47572815,0.82439023
2018-1-10T13-49-40,1515588580778,0.80487806,-0.024390243,0.44660193,0.80487806
2018-1-10T13-49-40,1515588580779,0.81463414,-0.043902438,0.3592233,0.81463414
2018-1-10T13-49-40,1515588580780,0.81463414,-0.024390243,0.3883495,0.81463414
2018-1-10T13-49-40,1515588580781,0.85365856,-0.043902438,0.49514562,0.85365856
2018-1-10T13-49-40,1515588580782,0.87317073,-0.034146342,0.5145631,0.87317073
2018-1-10T13-49-40,1515588580783,0.87317073,-0.014634146,0.4368932,0.87317073
2018-1-10T13-49-40,1515588580784,0.8926829,0.053658538,0.39805827,0.8926829
2018-1-10T13-49-40,1515588580785,0.86341465,0.024390243,0.4854369,0.86341465
2018-1-10T13-49-40,1515588580786,0.86341465,0.004878049,0.49514562,0.86341465
2018-1-10T13-49-40,1515588580787,0.84390247,0.004878049,0.44660193,0.84390247
2018-1-10T13-49-40,1515588580788,0.85365856,-0.014634146,0.41747573,0.85365856
2018-1-10T13-49-40,1515588580789,0.87317073,-0.014634146,0.44660193,0.87317073
2018-1-10T13-49-40,1515588580790,0.85365856,-0.004878049,0.5048544,0.85365856
2018-1-10T13-49-40,1515588580791,0.86341465,-0.034146342,0.4368932,0.86341465
2018-1-10T13-49-40,1515588580792,0.84390247,-0.034146342,0.37864077,0.84390247
2018-1-10T13-49-40,1515588580793,0.79512197,-0.024390243,0.4368932,0.79512197
2018-1-10T13-49-40,1515588580794,0.8341463,-0.004878049,0.4368932,0.8341463
2018-1-10T13-49-40,1515588580795,0.82439023,0.004878049,0.41747573,0.82439023
2018-1-10T13-49-40,1515588580796,0.81463414,0.034146342,0.41747573,0.81463414
2018-1-10T13-49-40,1515588580797,0.84390247,0.014634146,0.49514562,0.84390247
2018-1-10T13-49-40,1515588580798,0.8829268,-0.014634146,0.4563107,0.8829268
2018-1-10T13-49-40,1515588580799,0.8341463,0.024390243,0.407767,0.8341463
2018-1-10T13-49-40,1515588580800,0.82439023,-0.043902438,0.37864077,0.82439023
2018-1-10T13-49-40,1515588580801,0.81463414,-0.034146342,0.44660193,0.81463414
2018-1-10T13-49-40,1515588580802,0.81463414,-0.043902438,0.4563107,0.81463414
2018-1-10T13-49-40,1515588580803,0.82439023,-0.053658538,0.4854369,0.82439023
2018-1-10T13-49-40,1515588580804,0.8829268,-0.06341463,0.4368932,0.8829268
2018-1-10T13-49-40,1515588580805,0.902439,-0.034146342,0.407767,0.902439
2018-1-10T13-49-40,1515588580806,0.86341465,-0.07317073,0.47572815,0.86341465
2018-1-10T13-49-40,1515588580807,0.9414634,-0.06341463,0.46601942,0.9414634
2018-1-10T13-49-40,1515588580808,0.84390247,-0.053658538,0.4563107,0.84390247
2018-1-10T13-49-40,1515588580809,0.85365856,-0.034146342,0.44660193,0.85365856
2018-1-10T13-49-40,1515588580810,0.87317073,-0.014634146,0.41747573,0.87317073
2018-1-10T13-49-40,1515588580811,0.74634147,-0.024390243,0.4563107,0.74634147
2018-1-10T13-49-40,1515588580812,0.85365856,-0.024390243,0.4563107,0.85365856
2018-1-10T13-49-40,1515588580813,0.80487806,-0.004878049,0.47572815,0.80487806
2018-1-10T13-49-40,1515588580814,0.8829268,0.053658538,0.46601942,0.8829268
2018-1-10T13-49-40,1515588580815,0.8926829,0.004878049,0.4563107,0.8926829
2018-1-10T13-49-40,1515588580816,0.84390247,-0.014634146,0.4368932,0.84390247
2018-1-10T13-49-40,1515588580817,0.8341463,0.024390243,0.3883495,0.8341463
2018-1-10T13-49-40,1515588580818,0.80487806,-0.004878049,0.4854369,0.80487806
2018-1-10T13-49-40,1515588580819,0.87317073,0.043902438,0.5145631,0.87317073
2018-1-10T13-49-40,1515588580820,0.85365856,0.004878049,0.3883495,0.85365856
2018-1-10T13-49-40,1515588580821,0.82439023,0.053658538,0.36893204,0.82439023
2018-1-10T13-49-40,1515588580822,0.91219515,0.034146342,0.4854369,0.91219515
2018-1-10T13-49-40,1515588580823,0.86341465,-0.024390243,0.52427185,0.86341465
2018-1-10T13-49-40,1515588580824,0.84390247,-0.034146342,0.42718446,0.84390247
2018-1-10T13-49-40,1515588580825,0.7853659,0.014634146,0.37864077,0.7853659
2018-1-10T13-49-40,1515588580826,0.8341463,-0.034146342,0.4854369,0.8341463
2018-1-10T13-49-40,1515588580827,0.8341463,-0.06341463,0.5145631,0.8341463
2018-1-10T13-49-40,1515588580828,0.85365856,-0.07317073,0.44660193,0.85365856
2018-1-10T13-49-40,1515588580829,0.86341465,-0.07317073,0.42718446,0.86341465
2018-1-10T13-49-40,1515588580830,0.8829268,0.004878049,0.4854369,0.8829268
2018-1-10T13-49-40,1515588580831,0.8926829,-0.024390243,0.5145631,0.8926829
2018-1-10T13-49-40,1515588580832,0.8829268,-0.043902438,0.47572815,0.8829268
2018-1-10T13-49-40,1515588580833,0.86341465,-0.014634146,0.42718446,0.86341465
2018-1-10T13-49-40,1515588580834,0.86341465,-0.014634146,0.4563107,0.86341465
2018-1-10T13-49-40,1515588580835,0.85365856,-0.043902438,0.46601942,0.85365856
2018-1-10T13-49-40,1515588580836,0.82439023,-0.024390243,0.39805827,0.82439023
2018-1-10T13-49-40,1515588580837,0.7853659,0.053658538,0.3883495,0.7853659
2018-1-10T13-49-40,1515588580838,0.75609756,-0.07317073,0.41747573,0.75609756
2018-1-10T13-49-40,1515588580839,0.77560973,-0.06341463,0.407767,0.77560973
2018-1-10T13-49-40,1515588580840,0.77560973,-0.053658538,0.41747573,0.77560973
2018-1-10T13-49-40,1515588580841,0.8341463,-0.043902438,0.4368932,0.8341463
2018-1-10T13-49-40,1515588580842,0.82439023,-0.034146342,0.47572815,0.82439023
2018-1-10T13-49-40,1515588580843,0.902439,0.004878049,0.47572815,0.902439
2018-1-10T13-49-40,1515588580844,0.9317073,0.014634146,0.46601942,0.9317073
2018-1-10T13-49-40,1515588580845,0.91219515,0.034146342,0.4368932,0.91219515
2018-1-10T13-49-40,1515588580846,0.8829268,0.053658538,0.41747573,0.8829268
2018-1-10T13-49-40,1515588580847,0.85365856,0.034146342,0.47572815,0.85365856
2018-1-10T13-49-40,1515588580848,0.86341465,0.004878049,0.4854369,0.86341465
2018-1-10T13-49-40,1515588580849,0.81463414,-0.004878049,0.41747573,0.81463414
2018-1-10T13-49-40,1515588580850,0.85365856,0.014634146,0.37864077,0.85365856
2018-1-10T13-49-40,1515588580851,0.91219515,0.004878049,0.46601942,0.91219515
2018-1-10T13-49-40,1515588580852,0.8341463,-0.024390243,0.5339806,0.8341463
2018-1-10T13-49-40,1515588580853,0.8341463,0.034146342,0.4563107,0.8341463
2018-1-10T13-49-40,1515588580854,0.84390247,-0.053658538,0.42718446,0.84390247
2018-1-10T13-49-40,1515588580855,0.82439023,-0.08292683,0.44660193,0.82439023
2018-1-10T13-49-40,1515588580856,0.87317073,-0.053658538,0.49514562,0.87317073
2018-1-10T13-49-40,1515588580857,0.85365856,-0.053658538,0.47572815,0.85365856
2018-1-10T13-49-40,1515588580858,0.8829268,-0.024390243,0.42718446,0.8829268
2018-1-10T13-49-40,1515588580859,0.8926829,-0.024390243,0.4563107,0.8926829
2018-1-10T13-49-40,1515588580860,0.9804878,-0.043902438,0.4368932,0.9804878
2018-1-10T13-49-40,1515588580861,0.8341463,-0.043902438,0.44660193,0.8341463
2018-1-10T13-49-40,1515588580862,0.80487806,-0.053658538,0.4368932,0.80487806
2018-1-10T13-49-40,1515588580863,0.82439023,-0.034146342,0.41747573,0.82439023
2018-1-10T13-49-40,1515588580864,0.79512197,-0.043902438,0.4368932,0.79512197
2018-1-10T13-49-40,1515588580865,0.81463414,0.004878049,0.4563107,0.81463414
2018-1-10T13-49-40,1515588580866,0.84390247,-0.07317073,0.3883495,0.84390247
2018-1-10T13-49-40,1515588580867,0.82439023,-0.043902438,0.39805827,0.82439023
2018-1-10T13-49-40,1515588580868,0.81463414,-0.053658538,0.44660193,0.81463414
2018-1-10T13-49-40,1515588580869,0.82439023,-0.053658538,0.5145631,0.82439023
2018-1-10T13-49-40,1515588580870,0.85365856,-0.043902438,0.5048544,0.85365856
2018-1-10T13-49-40,1515588580871,0.8829268,-0.024390243,0.44660193,0.8829268
2018-1-10T13-49-40,1515588580872,0.8829268,0.034146342,0.42718446,0.8829268
2018-1-10T13-49-40,1515588580873,0.92195123,-0.004878049,0.4563107,0.92195123
2018-1-10T13-49-40,1515588580874,0.9317073,0.13170731,0.5145631,0.9317073
2018-1-10T13-49-40,1515588580875,0.8829268,0.024390243,0.41747573,0.8829268
2018-1-10T13-49-40,1515588580876,0.86341465,0.043902438,0.3106796,0.86341465
2018-1-10T13-49-40,1515588580877,0.80487806,0.024390243,0.44660193,0.80487806
2018-1-10T13-49-40,1515588580878,0.8341463,-0.014634146,0.5436893,0.8341463
2018-1-10T13-49-40,1515588580879,0.81463414,-0.06341463,0.47572815,0.81463414
2018-1-10T13-49-40,1515588580880,0.85365856,-0.024390243,0.34951457,0.85365856
2018-1-10T13-49-40,1515588580881,0.85365856,-0.043902438,0.407767,0.85365856
2018-1-10T13-49-40,1515588580882,0.80487806,-0.06341463,0.4854369,0.80487806
2018-1-10T13-49-40,1515588580883,0.77560973,-0.06341463,0.4368932,0.77560973
2018-1-10T13-49-40,1515588580884,0.77560973,-0.034146342,0.42718446,0.77560973
2018-1-10T13-49-40,1515588580885,0.87317073,-0.034146342,0.42718446,0.87317073
2018-1-10T13-49-40,1515588580886,0.85365856,-0.034146342,0.42718446,0.85365856
2018-1-10T13-49-40,1515588580887,0.86341465,-0.043902438,0.44660193,0.86341465
2018-1-10T13-49-40,1515588580888,0.8926829,-0.004878049,0.47572815,0.8926829
2018-1-10T13-49-40,1515588580889,0.902439,-0.034146342,0.47572815,0.902439
2018-1-10T13-49-40,1515588580890,0.902439,0.043902438,0.42718446,0.902439
2018-1-10T13-49-40,1515588580891,0.85365856,-0.014634146,0.47572815,0.85365856
2018-1-10T13-49-40,1515588580892,0.85365856,-0.053658538,0.4854369,0.85365856
2018-1-10T13-49-40,1515588580893,0.87317073,-0.034146342,0.46601942,0.87317073
2018-1-10T13-49-40,1515588580894,0.82439023,-0.034146342,0.42718446,0.82439023
2018-1-10T13-49-40,1515588580895,0.82439023,-0.034146342,0.41747573,0.82439023
2018-1-10T13-49-40,1515588580896,0.81463414,-0.06341463,0.4563107,0.81463414
2018-1-10T13-49-40,1515588580897,0.82439023,-0.053658538,0.41747573,0.82439023
2018-1-10T13-49-40,1515588580898,0.8341463,-0.043902438,0.41747573,0.8341463
2018-1-10T13-49-40,1515588580899,0.80487806,-0.043902438,0.41747573,0.80487806
2018-1-10T13-49-40,1515588580900,0.82439023,-0.034146342,0.44660193,0.82439023
2018-1-10T13-49-40,1515588580901,0.84390247,-0.024390243,0.39805827,0.84390247
2018-1-10T13-49-40,1515588580902,0.85365856,-0.024390243,0.4368932,0.85365856
2018-1-10T13-49-40,1515588580903,0.85365856,-0.004878049,0.44660193,0.85365856
2018-1-10T13-49-40,1515588580904,0.86341465,-0.024390243,0.4368932,0.86341465
2018-1-10T13-49-40,1515588580905,0.85365856,-0.004878049,0.4563107,0.85365856
2018-1-10T13-49-40,1515588580906,0.85365856,0.053658538,0.44660193,0.85365856
2018-1-10T13-49-40,1515588580907,0.85365856,-0.004878049,0.44660193,0.85365856
2018-1-10T13-49-40,1515588580908,0.82439023,-0.053658538,0.4368932,0.82439023
2018-1-10T13-49-40,1515588580909,0.87317073,0.014634146,0.44660193,0.87317073
2018-1-10T13-49-40,1515588580910,0.87317073,-0.004878049,0.42718446,0.87317073
2018-1-10T13-49-40,1515588580911,0.87317073,-0.014634146,0.44660193,0.87317073
2018-1-10T13-49-40,1515588580912,0.86341465,0.004878049,0.407767,0.86341465
2018-1-10T13-49-40,1515588580913,0.86341465,-0.024390243,0.47572815,0.86341465
2018-1-10T13-49-40,1515588580914,0.8829268,-0.043902438,0.5436893,0.8829268
2018-1-10T13-49-40,1515588580915,0.87317073,-0.053658538,0.47572815,0.87317073
2018-1-10T13-49-40,1515588580916,0.84390247,-0.034146342,0.407767,0.84390247
2018-1-10T13-49-40,1515588580917,0.86341465,-0.034146342,0.42718446,0.86341465
2018-1-10T13-49-40,1515588580918,0.8341463,-0.043902438,0.44660193,0.8341463
2018-1-10T13-49-40,1515588580919,0.79512197,-0.043902438,0.4368932,0.79512197
2018-1-10T13-49-40,1515588580920,0.77560973,-0.07317073,0.3883495,0.77560973
2018-1-10T13-49-40,1515588580921,0.7853659,-0.014634146,0.3883495,0.7853659
2018-1-10T13-49-40,1515588580922,0.81463414,-0.024390243,0.41747573,0.81463414
2018-1-10T13-49-40,1515588580923,0.81463414,-0.014634146,0.46601942,0.81463414
2018-1-10T13-49-40,1515588580924,0.85365856,-0.014634146,0.4563107,0.85365856
2018-1-10T13-49-40,1515588580925,0.86341465,0.024390243,0.3883495,0.86341465
2018-1-10T13-49-40,1515588580926,0.86341465,0.034146342,0.4368932,0.86341465
2018-1-10T13-49-40,1515588580927,0.8829268,0.014634146,0.4854369,0.8829268
2018-1-10T13-49-40,1515588580928,0.8341463,-0.043902438,0.47572815,0.8341463
2018-1-10T13-49-40,1515588580929,0.84390247,-0.043902438,0.34951457,0.84390247
2018-1-10T13-49-40,1515588580930,0.84390247,0.024390243,0.4368932,0.84390247
2018-1-10T13-49-40,1515588580931,0.85365856,-0.034146342,0.4854369,0.85365856
2018-1-10T13-49-40,1515588580932,0.84390247,-0.034146342,0.42718446,0.84390247
2018-1-10T13-49-40,1515588580933,0.81463414,-0.014634146,0.42718446,0.81463414
2018-1-10T13-49-40,1515588580934,0.87317073,-0.024390243,0.46601942,0.87317073
2018-1-10T13-49-40,1515588580935,0.86341465,-0.024390243,0.4854369,0.86341465
2018-1-10T13-49-40,1515588580936,0.8341463,-0.024390243,0.407767,0.8341463
2018-1-10T13-49-40,1515588580937,0.77560973,-0.024390243,0.407767,0.77560973
2018-1-10T13-49-40,1515588580938,0.85365856,-0.004878049,0.52427185,0.85365856
2018-1-10T13-49-40,1515588580939,0.8829268,-0.053658538,0.47572815,0.8829268
2018-1-10T13-49-40,1515588580940,0.84390247,0.004878049,0.36893204,0.84390247
2018-1-10T13-49-40,1515588580941,0.82439023,0.004878049,0.41747573,0.82439023
2018-1-10T13-49-40,1515588580942,0.82439023,-0.004878049,0.5048544,0.82439023
2018-1-10T13-49-40,1515588580943,0.82439023,-0.024390243,0.49514562,0.82439023
2018-1-10T13-49-40,1515588580944,0.84390247,-0.014634146,0.41747573,0.84390247
2018-1-10T13-49-40,1515588580945,0.9317073,-0.034146342,0.39805827,0.9317073
2018-1-10T13-49-40,1515588580946,0.8341463,-0.034146342,0.42718446,0.8341463
2018-1-10T13-49-40,1515588580947,0.82439023,-0.034146342,0.44660193,0.82439023
2018-1-10T13-49-40,1515588580948,0.82439023,-0.024390243,0.4368932,0.82439023
2018-1-10T13-49-40,1515588580949,0.79512197,-0.024390243,0.4368932,0.79512197
2018-1-10T13-49-40,1515588580950,0.8926829,0.004878049,0.4368932,0.8926829
2018-1-10T13-49-40,1515588580951,0.8341463,-0.06341463,0.44660193,0.8341463
2018-1-10T13-49-40,1515588580952,0.8926829,-0.014634146,0.46601942,0.8926829
2018-1-10T13-49-40,1515588580953,0.85365856,-0.004878049,0.46601942,0.85365856
2018-1-10T13-49-40,1515588580954,0.8829268,-0.034146342,0.37864077,0.8829268
2018-1-10T13-49-40,1515588580955,0.8829268,-0.014634146,0.41747573,0.8829268
2018-1-10T13-49-40,1515588580956,0.8926829,-0.014634146,0.44660193,0.8926829
2018-1-10T13-49-40,1515588580957,0.8341463,-0.034146342,0.44660193,0.8341463
2018-1-10T13-49-40,1515588580958,0.80487806,-0.014634146,0.41747573,0.80487806
2018-1-10T13-49-40,1515588580959,0.80487806,-0.024390243,0.39805827,0.80487806
2018-1-10T13-49-40,1515588580960,0.81463414,-0.004878049,0.41747573,0.81463414
2018-1-10T13-49-40,1515588580961,0.82439023,-0.024390243,0.41747573,0.82439023
2018-1-10T13-49-40,1515588580962,0.87317073,-0.014634146,0.46601942,0.87317073
2018-1-10T13-49-40,1515588580963,0.8926829,-0.014634146,0.44660193,0.8926829
2018-1-10T13-49-40,1515588580964,0.92195123,-0.014634146,0.4563107,0.92195123
2018-1-10T13-49-40,1515588580965,0.87317073,-0.034146342,0.44660193,0.87317073
2018-1-10T13-49-40,1515588580966,0.82439023,-0.034146342,0.41747573,0.82439023
2018-1-10T13-49-40,1515588580967,0.75609756,-0.014634146,0.42718446,0.75609756
2018-1-10T13-49-40,1515588580968,0.81463414,-0.014634146,0.44660193,0.81463414
2018-1-10T13-49-40,1515588580969,0.82439023,-0.06341463,0.4563107,0.82439023
2018-1-10T13-49-40,1515588580970,0.82439023,-0.053658538,0.4368932,0.82439023
2018-1-10T13-49-40,1515588580971,0.86341465,-0.014634146,0.4368932,0.86341465
2018-1-10T13-49-40,1515588580972,0.902439,-0.014634146,0.5533981,0.902439
2018-1-10T13-49-40,1515588580973,0.9317073,-0.034146342,0.5436893,0.9317073
2018-1-10T13-49-40,1515588580974,0.902439,-0.043902438,0.4368932,0.902439
2018-1-10T13-49-40,1515588580975,0.86341465,0.004878049,0.39805827,0.86341465
2018-1-10T13-49-40,1515588580976,0.82439023,-0.004878049,0.44660193,0.82439023
2018-1-10T13-49-40,1515588580977,0.7853659,0.024390243,0.47572815,0.7853659
2018-1-10T13-49-40,1515588580978,0.79512197,-0.004878049,0.42718446,0.79512197
2018-1-10T13-49-40,1515588580979,0.81463414,-0.014634146,0.37864077,0.81463414
2018-1-10T13-49-40,1515588580980,0.82439023,-0.004878049,0.407767,0.82439023
2018-1-10T13-49-40,1515588580981,0.87317073,-0.004878049,0.41747573,0.87317073
2018-1-10T13-49-40,1515588580982,0.82439023,-0.014634146,0.41747573,0.82439023
2018-1-10T13-49-40,1515588580983,0.74634147,-0.024390243,0.4368932,0.74634147
2018-1-10T13-49-40,1515588580984,0.79512197,-0.014634146,0.46601942,0.79512197
2018-1-10T13-49-40,1515588580985,0.8341463,-0.024390243,0.44660193,0.8341463
2018-1-10T13-49-40,1515588580986,0.82439023,-0.043902438,0.4368932,0.82439023
2018-1-10T13-49-40,1515588580987,0.8926829,-0.014634146,0.5145631,0.8926829
2018-1-10T13-49-40,1515588580988,0.87317073,-0.024390243,0.5048544,0.87317073
2018-1-10T13-49-40,1515588580989,0.91219515,0.07317073,0.4854369,0.91219515
2018-1-10T13-49-40,1515588580990,0.8926829,-0.004878049,0.4368932,0.8926829
2018-1-10T13-49-40,1515588580991,0.86341465,-0.053658538,0.44660193,0.86341465
2018-1-10T13-49-40,1515588580992,0.86341465,0.004878049,0.46601942,0.86341465
2018-1-10T13-49-40,1515588580993,0.8341463,-0.004878049,0.46601942,0.8341463
2018-1-10T13-49-40,1515588580994,0.8341463,-0.043902438,0.44660193,0.8341463
2018-1-10T13-49-40,1515588580995,0.81463414,-0.024390243,0.41747573,0.81463414
2018-1-10T13-49-40,1515588580996,0.85365856,-0.024390243,0.4854369,0.85365856
2018-1-10T13-49-40,1515588580997,0.8829268,-0.024390243,0.4563107,0.8829268
2018-1-10T13-49-40,1515588580998,0.82439023,-0.034146342,0.3883495,0.82439023
2018-1-10T13-49-40,1515588580999,0.79512197,-0.014634146,0.37864077,0.79512197
2018-1-10T13-49-41,1515588581000,0.81463414,-0.024390243,0.4563107,0.81463414
2018-1-10T13-49-41,1515588581001,0.81463414,-0.06341463,0.4854369,0.81463414
2018-1-10T13-49-41,1515588581002,0.8341463,-0.043902438,0.41747573,0.8341463
2018-1-10T13-49-41,1515588581003,0.82439023,-0.053658538,0.3883495,0.82439023
2018-1-10T13-49-41,1515588581004,0.902439,-0.053658538,0.44660193,0.902439
2018-1-10T13-49-41,1515588581005,0.82439023,-0.024390243,0.5145631,0.82439023
2018-1-10T13-49-41,1515588581006,0.8829268,-0.053658538,0.5339806,0.8829268
2018-1-10T13-49-41,1515588581007,0.8926829,-0.024390243,0.4563107,0.8926829
2018-1-10T13-49-41,1515588581008,0.87317073,-0.024390243,0.42718446,0.87317073
2018-1-10T13-49-41,1515588581009,0.8829268,0.014634146,0.4368932,0.8829268
2018-1-10T13-49-41,1515588581010,0.86341465,-0.004878049,0.4563107,0.86341465
2018-1-10T13-49-41,1515588581011,0.82439023,-0.004878049,0.407767,0.82439023
2018-1-10T13-49-41,1515588581012,0.79512197,-0.014634146,0.3883495,0.79512197
2018-1-10T13-49-41,1515588581013,0.80487806,-0.034146342,0.4368932,0.80487806
2018-1-10T13-49-41,1515588581014,0.8341463,-0.014634146,0.4563107,0.8341463
2018-1-10T13-49-41,1515588581015,0.75609756,-0.004878049,0.42718446,0.75609756
2018-1-10T13-49-41,1515588581016,0.84390247,-0.004878049,0.41747573,0.84390247
2018-1-10T13-49-41,1515588581017,0.86341465,0.07317073,0.4563107,0.86341465
2018-1-10T13-49-41,1515588581018,0.80487806,-0.014634146,0.4854369,0.80487806
2018-1-10T13-49-41,1515588581019,0.8829268,-0.024390243,0.44660193,0.8829268
2018-1-10T13-49-41,1515588581020,0.86341465,-0.034146342,0.4368932,0.86341465
2018-1-10T13-49-41,1515588581021,0.84390247,-0.043902438,0.46601942,0.84390247
2018-1-10T13-49-41,1515588581022,0.84390247,-0.07317073,0.5339806,0.84390247
2018-1-10T13-49-41,1515588581023,0.9414634,-0.06341463,0.4854369,0.9414634
2018-1-10T13-49-41,1515588581024,0.85365856,-0.024390243,0.3398058,0.85365856
2018-1-10T13-49-41,1515588581025,0.80487806,0.004878049,0.407767,0.80487806
2018-1-10T13-49-41,1515588581026,0.85365856,0.014634146,0.46601942,0.85365856
2018-1-10T13-49-41,1515588581027,0.8341463,0.024390243,0.407767,0.8341463
2018-1-10T13-49-41,1515588581028,0.80487806,0.004878049,0.39805827,0.80487806
2018-1-10T13-49-41,1515588581029,0.84390247,-0.004878049,0.46601942,0.84390247
2018-1-10T13-49-41,1515588581030,0.902439,-0.043902438,0.4854369,0.902439
2018-1-10T13-49-41,1515588581031,0.82439023,-0.053658538,0.47572815,0.82439023
2018-1-10T13-49-41,1515588581032,0.82439023,-0.043902438,0.4368932,0.82439023
2018-1-10T13-49-41,1515588581033,0.8341463,-0.024390243,0.44660193,0.8341463
2018-1-10T13-49-41,1515588581034,0.85365856,-0.043902438,0.46601942,0.85365856
2018-1-10T13-49-41,1515588581035,0.84390247,-0.043902438,0.42718446,0.84390247
2018-1-10T13-49-41,1515588581036,0.80487806,-0.053658538,0.39805827,0.80487806
2018-1-10T13-49-41,1515588581037,0.74634147,-0.034146342,0.36893204,0.74634147
2018-1-10T13-49-41,1515588581038,0.81463414,-0.043902438,0.49514562,0.81463414
2018-1-10T13-49-41,1515588581039,0.85365856,-0.043902438,0.49514562,0.85365856
2018-1-10T13-49-41,1515588581040,0.8341463,-0.024390243,0.42718446,0.8341463
2018-1-10T13-49-41,1515588581041,0.85365856,0.034146342,0.41747573,0.85365856
2018-1-10T13-49-41,1515588581042,0.8926829,0.024390243,0.5436893,0.8926829
2018-1-10T13-49-41,1515588581043,0.91219515,0.004878049,0.5145631,0.91219515
2018-1-10T13-49-41,1515588581044,0.87317073,0.014634146,0.37864077,0.87317073
2018-1-10T13-49-41,1515588581045,0.86341465,0.004878049,0.407767,0.86341465
2018-1-10T13-49-41,1515588581046,0.902439,-0.024390243,0.4854369,0.902439
2018-1-10T13-49-41,1515588581047,0.8341463,-0.14146341,0.4854369,0.8341463
2018-1-10T13-49-41,1515588581048,0.82439023,-0.043902438,0.39805827,0.82439023
2018-1-10T13-49-41,1515588581049,0.80487806,-0.024390243,0.407767,0.80487806
2018-1-10T13-49-41,1515588581050,0.7853659,-0.034146342,0.3883495,0.7853659
2018-1-10T13-49-41,1515588581051,0.85365856,-0.034146342,0.41747573,0.85365856
2018-1-10T13-49-41,1515588581052,0.81463414,-0.014634146,0.39805827,0.81463414
2018-1-10T13-49-41,1515588581053,0.81463414,-0.024390243,0.3883495,0.81463414
2018-1-10T13-49-41,1515588581054,0.79512197,-0.043902438,0.4563107,0.79512197
2018-1-10T13-49-41,1515588581055,0.84390247,-0.034146342,0.5048544,0.84390247
2018-1-10T13-49-41,1515588581056,0.8829268,-0.014634146,0.46601942,0.8829268
2018-1-10T13-49-41,1515588581057,0.8926829,0.004878049,0.407767,0.8926829
2018-1-10T13-49-41,1515588581058,0.8829268,0.07317073,0.4368932,0.8829268
2018-1-10T13-49-41,1515588581059,0.8926829,-0.043902438,0.4854369,0.8926829
2018-1-10T13-49-41,1515588581060,0.6682927,0.024390243,0.46601942,0.6682927
2018-1-10T13-49-41,1515588581061,0.85365856,0.014634146,0.46601942,0.85365856
2018-1-10T13-49-41,1515588581062,0.86341465,-0.024390243,0.4368932,0.86341465
2018-1-10T13-49-41,1515588581063,0.85365856,-0.024390243,0.4563107,0.85365856
2018-1-10T13-49-41,1515588581064,0.85365856,-0.034146342,0.46601942,0.85365856
2018-1-10T13-49-41,1515588581065,0.85365856,-0.053658538,0.4563107,0.85365856
2018-1-10T13-49-41,1515588581066,0.81463414,-0.06341463,0.407767,0.81463414
2018-1-10T13-49-41,1515588581067,0.81463414,-0.034146342,0.4368932,0.81463414
2018-1-10T13-49-41,1515588581068,0.81463414,-0.024390243,0.4563107,0.81463414
2018-1-10T13-49-41,1515588581069,0.8341463,-0.08292683,0.5048544,0.8341463
2018-1-10T13-49-41,1515588581070,0.8341463,-0.08292683,0.42718446,0.8341463
2018-1-10T13-49-41,1515588581071,0.82439023,-0.014634146,0.42718446,0.82439023
2018-1-10T13-49-41,1515588581072,0.91219515,-0.004878049,0.39805827,0.91219515
2018-1-10T13-49-41,1515588581073,0.84390247,0.024390243,0.39805827,0.84390247
2018-1-10T13-49-41,1515588581074,0.7853659,0.034146342,0.407767,0.7853659
2018-1-10T13-49-41,1515588581075,0.79512197,-0.014634146,0.4368932,0.79512197
2018-1-10T13-49-41,1515588581076,0.79512197,-0.024390243,0.42718446,0.79512197
2018-1-10T13-49-41,1515588581077,0.81463414,-0.024390243,0.42718446,0.81463414
2018-1-10T13-49-41,1515588581078,0.8926829,-0.034146342,0.49514562,0.8926829
2018-1-10T13-49-41,1515588581079,0.902439,-0.043902438,0.5145631,0.902439
2018-1-10T13-49-41,1515588581080,0.9414634,-0.004878049,0.46601942,0.9414634
2018-1-10T13-49-41,1515588581081,0.91219515,0.004878049,0.46601942,0.91219515
2018-1-10T13-49-41,1515588581082,0.8829268,-0.014634146,0.4854369,0.8829268
2018-1-10T13-49-41,1515588581083,0.76585364,-0.034146342,0.49514562,0.76585364
2018-1-10T13-49-41,1515588581084,0.79512197,-0.043902438,0.407767,0.79512197
2018-1-10T13-49-41,1515588581085,0.79512197,-0.034146342,0.34951457,0.79512197
2018-1-10T13-49-41,1515588581086,0.77560973,-0.014634146,0.44660193,0.77560973
2018-1-10T13-49-41,1515588581087,0.82439023,-0.034146342,0.49514562,0.82439023
2018-1-10T13-49-41,1515588581088,0.82439023,-0.034146342,0.41747573,0.82439023
2018-1-10T13-49-41,1515588581089,0.84390247,0.014634146,0.3883495,0.84390247
2018-1-10T13-49-41,1515588581090,0.902439,-0.004878049,0.4368932,0.902439
2018-1-10T13-49-41,1515588581091,0.86341465,-0.004878049,0.4563107,0.86341465
2018-1-10T13-49-41,1515588581092,0.82439023,-0.004878049,0.42718446,0.82439023
2018-1-10T13-49-41,1515588581093,0.85365856,0.024390243,0.47572815,0.85365856
2018-1-10T13-49-41,1515588581094,0.84390247,-0.034146342,0.49514562,0.84390247
2018-1-10T13-49-41,1515588581095,0.87317073,-0.014634146,0.4368932,0.87317073
2018-1-10T13-49-41,1515588581096,0.85365856,-0.004878049,0.4368932,0.85365856
2018-1-10T13-49-41,1515588581097,0.8926829,-0.024390243,0.4854369,0.8926829
2018-1-10T13-49-41,1515588581098,0.86341465,-0.024390243,0.4368932,0.86341465
2018-1-10T13-49-41,1515588581099,0.82439023,-0.004878049,0.3592233,0.82439023
2018-1-10T13-49-41,1515588581100,0.76585364,-0.014634146,0.3592233,0.76585364
2018-1-10T13-49-41,1515588581101,0.79512197,-0.053658538,0.5048544,0.79512197
2018-1-10T13-49-41,1515588581102,0.7853659,-0.07317073,0.46601942,0.7853659
2018-1-10T13-49-41,1515588581103,0.7853659,-0.06341463,0.3883495,0.7853659
2018-1-10T13-49-41,1515588581104,0.84390247,-0.053658538,0.42718446,0.84390247
2018-1-10T13-49-41,1515588581105,0.87317073,-0.053658538,0.5145631,0.87317073
2018-1-10T13-49-41,1515588581106,0.8341463,-0.053658538,0.46601942,0.8341463
2018-1-10T13-49-41,1515588581107,0.87317073,0.014634146,0.42718446,0.87317073
2018-1-10T13-49-41,1515588581108,0.8829268,0.004878049,0.52427185,0.8829268
2018-1-10T13-49-41,1515588581109,0.9317073,-0.014634146,0.46601942,0.9317073
2018-1-10T13-49-41,1515588581110,0.8926829,0.014634146,0.407767,0.8926829
2018-1-10T13-49-41,1515588581111,0.87317073,0.004878049,0.36893204,0.87317073
2018-1-10T13-49-41,1515588581112,0.82439023,-0.024390243,0.47572815,0.82439023
2018-1-10T13-49-41,1515588581113,0.84390247,-0.034146342,0.5145631,0.84390247
2018-1-10T13-49-41,1515588581114,0.8341463,-0.034146342,0.4368932,0.8341463
2018-1-10T13-49-41,1515588581115,0.7853659,-0.024390243,0.3883495,0.7853659
2018-1-10T13-49-41,1515588581116,0.80487806,-0.024390243,0.407767,0.80487806
2018-1-10T13-49-41,1515588581117,0.80487806,-0.014634146,0.47572815,0.80487806
2018-1-10T13-49-41,1515588581118,0.8341463,-0.024390243,0.5145631,0.8341463
2018-1-10T13-49-41,1515588581119,0.87317073,-0.043902438,0.407767,0.87317073
2018-1-10T13-49-41,1515588581120,0.8829268,-0.024390243,0.44660193,0.8829268
2018-1-10T13-49-41,1515588581121,0.8926829,0.004878049,0.4368932,0.8926829
2018-1-10T13-49-41,1515588581122,0.8829268,0.043902438,0.46601942,0.8829268
2018-1-10T13-49-41,1515588581123,0.85365856,0.014634146,0.49514562,0.85365856
2018-1-10T13-49-41,1515588581124,0.85365856,0.08292683,0.41747573,0.85365856
2018-1-10T13-49-41,1515588581125,0.85365856,0.043902438,0.37864077,0.85365856
2018-1-10T13-49-41,1515588581126,0.8341463,0.024390243,0.3883495,0.8341463
2018-1-10T13-49-41,1515588581127,0.81463414,0.024390243,0.46601942,0.81463414
2018-1-10T13-49-41,1515588581128,0.81463414,-0.024390243,0.46601942,0.81463414
2018-1-10T13-49-41,1515588581129,0.7853659,0.014634146,0.41747573,0.7853659
2018-1-10T13-49-41,1515588581130,0.79512197,-0.034146342,0.3883495,0.79512197
2018-1-10T13-49-41,1515588581131,0.81463414,-0.053658538,0.46601942,0.81463414
2018-1-10T13-49-41,1515588581132,0.82439023,-0.11219512,0.5339806,0.82439023
2018-1-10T13-49-41,1515588581133,0.84390247,-0.11219512,0.52427185,0.84390247
2018-1-10T13-49-41,1515588581134,0.9317073,-0.08292683,0.407767,0.9317073
2018-1-10T13-49-41,1515588581135,0.87317073,-0.06341463,0.3883495,0.87317073
2018-1-10T13-49-41,1515588581136,0.84390247,-0.043902438,0.4368932,0.84390247
2018-1-10T13-49-41,1515588581137,0.85365856,-0.004878049,0.49514562,0.85365856
2018-1-10T13-49-41,1515588581138,0.85365856,-0.014634146,0.5145631,0.85365856
2018-1-10T13-49-41,1515588581139,0.8926829,-0.004878049,0.42718446,0.8926829
2018-1-10T13-49-41,1515588581140,0.8829268,-0.004878049,0.3883495,0.8829268
2018-1-10T13-49-41,1515588581141,0.86341465,0.043902438,0.41747573,0.86341465
2018-1-10T13-49-41,1515588581142,0.85365856,0.043902438,0.47572815,0.85365856
2018-1-10T13-49-41,1515588581143,0.81463414,0.014634146,0.47572815,0.81463414
2018-1-10T13-49-41,1515588581144,0.84390247,-0.014634146,0.407767,0.84390247
2018-1-10T13-49-41,1515588581145,0.81463414,-0.024390243,0.407767,0.81463414
2018-1-10T13-49-41,1515588581146,0.82439023,-0.034146342,0.4563107,0.82439023
2018-1-10T13-49-41,1515588581147,0.82439023,-0.043902438,0.52427185,0.82439023
2018-1-10T13-49-41,1515588581148,0.85365856,-0.053658538,0.5145631,0.85365856
2018-1-10T13-49-41,1515588581149,0.87317073,-0.004878049,0.407767,0.87317073
2018-1-10T13-49-41,1515588581150,0.8926829,0.024390243,0.39805827,0.8926829
2018-1-10T13-49-41,1515588581151,0.8829268,0.004878049,0.44660193,0.8829268
2018-1-10T13-49-41,1515588581152,0.84390247,0.014634146,0.47572815,0.84390247
2018-1-10T13-49-41,1515588581153,0.82439023,0.014634146,0.44660193,0.82439023
2018-1-10T13-49-41,1515588581154,0.85365856,0.004878049,0.39805827,0.85365856
2018-1-10T13-49-41,1515588581155,0.84390247,-0.004878049,0.39805827,0.84390247
2018-1-10T13-49-41,1515588581156,0.81463414,-0.053658538,0.39805827,0.81463414
2018-1-10T13-49-41,1515588581157,0.7853659,-0.024390243,0.39805827,0.7853659
2018-1-10T13-49-41,1515588581158,0.76585364,-0.043902438,0.46601942,0.76585364
2018-1-10T13-49-41,1515588581159,0.86341465,-0.06341463,0.4563107,0.86341465
2018-1-10T13-49-41,1515588581160,0.81463414,-0.49268293,0.41747573,0.81463414
2018-1-10T13-49-41,1515588581161,0.87317073,-0.053658538,0.41747573,0.87317073
2018-1-10T13-49-41,1515588581162,0.902439,-0.06341463,0.5145631,0.902439
2018-1-10T13-49-41,1515588581163,0.91219515,-0.10243902,0.5145631,0.91219515
2018-1-10T13-49-41,1515588581164,0.9317073,-0.043902438,0.49514562,0.9317073
2018-1-10T13-49-41,1515588581165,0.9512195,-0.034146342,0.4563107,0.9512195
2018-1-10T13-49-41,1515588581166,0.82439023,-0.034146342,0.4563107,0.82439023
2018-1-10T13-49-41,1515588581167,0.8829268,-0.034146342,0.44660193,0.8829268
2018-1-10T13-49-41,1515588581168,0.80487806,-0.004878049,0.44660193,0.80487806
2018-1-10T13-49-41,1515588581169,0.80487806,-0.034146342,0.47572815,0.80487806
2018-1-10T13-49-41,1515588581170,0.84390247,-0.043902438,0.44660193,0.84390247
2018-1-10T13-49-41,1515588581171,0.85365856,-0.034146342,0.39805827,0.85365856
2018-1-10T13-49-41,1515588581172,0.84390247,-0.014634146,0.41747573,0.84390247
2018-1-10T13-49-41,1515588581173,0.85365856,-0.004878049,0.49514562,0.85365856
2018-1-10T13-49-41,1515588581174,0.79512197,0.07317073,0.4368932,0.79512197
2018-1-10T13-49-41,1515588581175,0.7853659,0.004878049,0.3883495,0.7853659
2018-1-10T13-49-41,1515588581176,0.81463414,0.034146342,0.42718446,0.81463414
2018-1-10T13-49-41,1515588581177,0.85365856,0.024390243,0.4854369,0.85365856
2018-1-10T13-49-41,1515588581178,0.86341465,0.004878049,0.42718446,0.86341465
2018-1-10T13-49-41,1515588581179,0.7853659,0.043902438,0.39805827,0.7853659
2018-1-10T13-49-41,1515588581180,0.87317073,0.034146342,0.4563107,0.87317073
2018-1-10T13-49-41,1515588581181,0.87317073,-0.014634146,0.47572815,0.87317073
2018-1-10T13-49-41,1515588581182,0.82439023,-0.024390243,0.4368932,0.82439023
2018-1-10T13-49-41,1515588581183,0.84390247,-0.034146342,0.4368932,0.84390247
2018-1-10T13-49-41,1515588581184,0.85365856,-0.043902438,0.47572815,0.85365856
2018-1-10T13-49-41,1515588581185,0.85365856,-0.053658538,0.47572815,0.85365856
2018-1-10T13-49-41,1515588581186,0.85365856,-0.07317073,0.4563107,0.85365856
2018-1-10T13-49-41,1515588581187,0.86341465,-0.07317073,0.46601942,0.86341465
2018-1-10T13-49-41,1515588581188,0.902439,-0.053658538,0.5339806,0.902439
2018-1-10T13-49-41,1515588581189,0.86341465,0.024390243,0.46601942,0.86341465
2018-1-10T13-49-41,1515588581190,0.8341463,-0.034146342,0.407767,0.8341463
2018-1-10T13-49-41,1515588581191,0.82439023,-0.024390243,0.42718446,0.82439023
2018-1-10T13-49-41,1515588581192,0.85365856,-0.014634146,0.47572815,0.85365856
2018-1-10T13-49-41,1515588581193,0.84390247,-0.024390243,0.42718446,0.84390247
2018-1-10T13-49-41,1515588581194,0.8341463,-0.004878049,0.407767,0.8341463
2018-1-10T13-49-41,1515588581195,0.82439023,-0.024390243,0.44660193,0.82439023
2018-1-10T13-49-41,1515588581196,0.85365856,-0.024390243,0.4563107,0.85365856
2018-1-10T13-49-41,1515588581197,0.8341463,-0.024390243,0.41747573,0.8341463
2018-1-10T13-49-41,1515588581198,0.82439023,-0.014634146,0.407767,0.82439023
2018-1-10T13-49-41,1515588581199,0.81463414,0.004878049,0.44660193,0.81463414
2018-1-10T13-49-41,1515588581200,0.81463414,-0.034146342,0.41747573,0.81463414
2018-1-10T13-49-41,1515588581201,0.7853659,0.014634146,0.39805827,0.7853659
2018-1-10T13-49-41,1515588581202,0.79512197,-0.014634146,0.4368932,0.79512197
2018-1-10T13-49-41,1515588581203,0.7853659,-0.043902438,0.5048544,0.7853659
2018-1-10T13-49-41,1515588581204,0.8829268,-0.034146342,0.5145631,0.8829268
2018-1-10T13-49-41,1515588581205,0.9414634,-0.014634146,0.4368932,0.9414634
2018-1-10T13-49-41,1515588581206,0.8829268,-0.004878049,0.44660193,0.8829268
2018-1-10T13-49-41,1515588581207,0.8926829,-0.004878049,0.44660193,0.8926829
2018-1-10T13-49-41,1515588581208,0.86341465,-0.004878049,0.5339806,0.86341465
2018-1-10T13-49-41,1515588581209,0.902439,-0.06341463,0.47572815,0.902439
2018-1-10T13-49-41,1515588581210,0.81463414,-0.043902438,0.34951457,0.81463414
2018-1-10T13-49-41,1515588581211,0.8341463,0.024390243,0.44660193,0.8341463
2018-1-10T13-49-41,1515588581212,0.84390247,-0.07317073,0.5533981,0.84390247
2018-1-10T13-49-41,1515588581213,0.84390247,-0.053658538,0.42718446,0.84390247
2018-1-10T13-49-41,1515588581214,0.76585364,-0.004878049,0.3106796,0.76585364
2018-1-10T13-49-41,1515588581215,0.82439023,0.014634146,0.37864077,0.82439023
2018-1-10T13-49-41,1515588581216,0.84390247,-0.004878049,0.5048544,0.84390247
2018-1-10T13-49-41,1515588581217,0.82439023,-0.014634146,0.4854369,0.82439023
2018-1-10T13-49-41,1515588581218,0.81463414,-0.024390243,0.37864077,0.81463414
2018-1-10T13-49-41,1515588581219,0.84390247,0.014634146,0.41747573,0.84390247
2018-1-10T13-49-41,1515588581220,0.8341463,-0.043902438,0.49514562,0.8341463
2018-1-10T13-49-41,1515588581221,0.85365856,-0.07317073,0.5145631,0.85365856
2018-1-10T13-49-41,1515588581222,0.902439,-0.014634146,0.44660193,0.902439
2018-1-10T13-49-41,1515588581223,0.9317073,-0.014634146,0.4563107,0.9317073
2018-1-10T13-49-41,1515588581224,0.84390247,-0.024390243,0.41747573,0.84390247
2018-1-10T13-49-41,1515588581225,0.8341463,-0.004878049,0.41747573,0.8341463
2018-1-10T13-49-41,1515588581226,0.79512197,-0.004878049,0.42718446,0.79512197
2018-1-10T13-49-41,1515588581227,0.82439023,-0.004878049,0.47572815,0.82439023
2018-1-10T13-49-41,1515588581228,1.0195122,-0.004878049,0.46601942,1.0195122
2018-1-10T13-49-41,1515588581229,0.9512195,-0.014634146,0.407767,0.9512195
2018-1-10T13-49-41,1515588581230,0.86341465,0.024390243,0.41747573,0.86341465
2018-1-10T13-49-41,1515588581231,0.85365856,-0.014634146,0.5048544,0.85365856
2018-1-10T13-49-41,1515588581232,0.86341465,-0.004878049,0.49514562,0.86341465
2018-1-10T13-49-41,1515588581233,0.8829268,-0.024390243,0.4854369,0.8829268
2018-1-10T13-49-41,1515588581234,0.902439,0.034146342,0.4563107,0.902439
2018-1-10T13-49-41,1515588581235,0.8829268,-0.053658538,0.44660193,0.8829268
2018-1-10T13-49-41,1515588581236,0.85365856,-0.024390243,0.4368932,0.85365856
2018-1-10T13-49-41,1515588581237,0.81463414,0.004878049,0.42718446,0.81463414
2018-1-10T13-49-41,1515588581238,0.7853659,-0.024390243,0.407767,0.7853659
2018-1-10T13-49-41,1515588581239,0.7853659,-0.034146342,0.39805827,0.7853659
2018-1-10T13-49-41,1515588581240,0.77560973,-0.06341463,0.4563107,0.77560973
2018-1-10T13-49-41,1515588581241,0.85365856,-0.053658538,0.42718446,0.85365856
2018-1-10T13-49-41,1515588581242,0.85365856,-0.014634146,0.3883495,0.85365856
2018-1-10T13-49-41,1515588581243,0.79512197,-0.024390243,0.36893204,0.79512197
2018-1-10T13-49-41,1515588581244,0.84390247,-0.014634146,0.4563107,0.84390247
2018-1-10T13-49-41,1515588581245,0.87317073,-0.034146342,0.52427185,0.87317073
2018-1-10T13-49-41,1515588581246,0.9317073,-0.014634146,0.52427185,0.9317073
2018-1-10T13-49-41,1515588581247,0.91219515,-0.004878049,0.49514562,0.91219515
2018-1-10T13-49-41,1515588581248,0.92195123,-0.004878049,0.47572815,0.92195123
2018-1-10T13-49-41,1515588581249,0.8926829,0.014634146,0.46601942,0.8926829
2018-1-10T13-49-41,1515588581250,0.902439,0.014634146,0.47572815,0.902439
2018-1-10T13-49-41,1515588581251,0.86341465,-0.014634146,0.4563107,0.86341465
2018-1-10T13-49-41,1515588581252,0.8829268,-0.014634146,0.37864077,0.8829268
2018-1-10T13-49-41,1515588581253,0.79512197,0.004878049,0.41747573,0.79512197
2018-1-10T13-49-41,1515588581254,0.76585364,-0.014634146,0.4854369,0.76585364
2018-1-10T13-49-41,1515588581255,0.82439023,-0.034146342,0.49514562,0.82439023
2018-1-10T13-49-41,1515588581256,0.85365856,-0.034146342,0.3883495,0.85365856
2018-1-10T13-49-41,1515588581257,0.8341463,-0.014634146,0.3398058,0.8341463
2018-1-10T13-49-41,1515588581258,0.80487806,-0.024390243,0.36893204,0.80487806
2018-1-10T13-49-41,1515588581259,0.75609756,-0.034146342,0.46601942,0.75609756
2018-1-10T13-49-41,1515588581260,0.75609756,-0.06341463,0.47572815,0.75609756
2018-1-10T13-49-41,1515588581261,0.77560973,-0.043902438,0.3592233,0.77560973
2018-1-10T13-49-41,1515588581262,0.80487806,-0.034146342,0.3883495,0.80487806
2018-1-10T13-49-41,1515588581263,0.91219515,-0.034146342,0.46601942,0.91219515
2018-1-10T13-49-41,1515588581264,0.85365856,0.06341463,0.5825243,0.85365856
2018-1-10T13-49-41,1515588581265,0.9609756,-0.043902438,0.52427185,0.9609756
2018-1-10T13-49-41,1515588581266,0.91219515,-0.004878049,0.4368932,0.91219515
2018-1-10T13-49-41,1515588581267,0.8926829,-0.30731708,0.4563107,0.8926829
2018-1-10T13-49-41,1515588581268,0.85365856,-0.014634146,0.4854369,0.85365856
2018-1-10T13-49-41,1515588581269,0.80487806,0.034146342,0.4368932,0.80487806
2018-1-10T13-49-41,1515588581270,0.81463414,-0.014634146,0.47572815,0.81463414
2018-1-10T13-49-41,1515588581271,0.8829268,-0.024390243,0.42718446,0.8829268
2018-1-10T13-49-41,1515588581272,0.82439023,-0.034146342,0.4563107,0.82439023
2018-1-10T13-49-41,1515588581273,0.8341463,-0.024390243,0.46601942,0.8341463
2018-1-10T13-49-41,1515588581274,0.85365856,0.004878049,0.41747573,0.85365856
2018-1-10T13-49-41,1515588581275,0.81463414,-0.004878049,0.41747573,0.81463414
2018-1-10T13-49-41,1515588581276,0.81463414,-0.004878049,0.26213592,0.81463414
2018-1-10T13-49-41,1515588581277,0.82439023,-0.004878049,0.4563107,0.82439023
2018-1-10T13-49-41,1515588581278,0.8341463,0.024390243,0.37864077,0.8341463
2018-1-10T13-49-41,1515588581279,0.84390247,0.004878049,0.407767,0.84390247
2018-1-10T13-49-41,1515588581280,0.85365856,-0.024390243,0.46601942,0.85365856
2018-1-10T13-49-41,1515588581281,0.8341463,-0.024390243,0.42718446,0.8341463
2018-1-10T13-49-41,1515588581282,0.75609756,-0.014634146,0.39805827,0.75609756
2018-1-10T13-49-41,1515588581283,0.80487806,-0.004878049,0.4368932,0.80487806
2018-1-10T13-49-41,1515588581284,0.7853659,-0.014634146,0.407767,0.7853659
2018-1-10T13-49-41,1515588581285,0.79512197,0.004878049,0.34951457,0.79512197
2018-1-10T13-49-41,1515588581286,0.8341463,0.004878049,0.4563107,0.8341463
2018-1-10T13-49-41,1515588581287,0.86341465,-0.13170731,0.5048544,0.86341465
2018-1-10T13-49-41,1515588581288,0.8829268,-0.06341463,0.47572815,0.8829268
2018-1-10T13-49-41,1515588581289,0.902439,-0.07317073,0.4854369,0.902439
2018-1-10T13-49-41,1515588581290,0.9414634,-0.09268293,0.5145631,0.9414634
2018-1-10T13-49-41,1515588581291,0.87317073,-0.07317073,0.5048544,0.87317073
2018-1-10T13-49-41,1515588581292,0.902439,-0.043902438,0.46601942,0.902439
2018-1-10T13-49-41,1515588581293,0.87317073,-0.034146342,0.4854369,0.87317073
2018-1-10T13-49-41,1515588581294,0.84390247,-0.024390243,0.4854369,0.84390247
2018-1-10T13-49-41,1515588581295,0.91219515,-0.024390243,0.5048544,0.91219515
2018-1-10T13-49-41,1515588581296,0.902439,-0.034146342,0.4854369,0.902439
2018-1-10T13-49-41,1515588581297,0.8829268,0.024390243,0.4368932,0.8829268
2018-1-10T13-49-41,1515588581298,0.8829268,0.043902438,0.4563107,0.8829268
2018-1-10T13-49-41,1515588581299,0.8341463,0.024390243,0.47572815,0.8341463
2018-1-10T13-49-41,1515588581300,0.76585364,0.004878049,0.3592233,0.76585364
2018-1-10T13-49-41,1515588581301,0.7268293,0.034146342,0.3106796,0.7268293
2018-1-10T13-49-41,1515588581302,0.71707314,0.014634146,0.3592233,0.71707314
2018-1-10T13-49-41,1515588581303,0.6780488,-0.043902438,0.30097088,0.6780488
2018-1-10T13-49-41,1515588581304,0.69756097,-0.043902438,0.34951457,0.69756097
2018-1-10T13-49-41,1515588581305,0.7853659,-0.06341463,0.44660193,0.7853659
2018-1-10T13-49-41,1515588581306,0.86341465,-0.08292683,0.5048544,0.86341465
2018-1-10T13-49-41,1515588581307,0.9317073,-0.034146342,0.4563107,0.9317073
2018-1-10T13-49-41,1515588581308,0.9414634,0.08292683,0.5145631,0.9414634
2018-1-10T13-49-41,1515588581309,0.97073174,0.004878049,0.57281554,0.97073174
2018-1-10T13-49-41,1515588581310,1.0,0.024390243,0.5145631,1.0
2018-1-10T13-49-41,1515588581311,0.9609756,0.014634146,0.44660193,0.9609756
2018-1-10T13-49-41,1515588581312,0.91219515,0.014634146,0.5145631,0.91219515
2018-1-10T13-49-41,1515588581313,0.92195123,-0.043902438,0.57281554,0.92195123
2018-1-10T13-49-41,1515588581314,0.84390247,-0.09268293,0.44660193,0.84390247
2018-1-10T13-49-41,1515588581315,0.7853659,-0.09268293,0.34951457,0.7853659
2018-1-10T13-49-41,1515588581316,0.7268293,-0.08292683,0.37864077,0.7268293
2018-1-10T13-49-41,1515588581317,0.71707314,-0.09268293,0.46601942,0.71707314
2018-1-10T13-49-41,1515588581318,0.7365854,-0.06341463,0.39805827,0.7365854
2018-1-10T13-49-41,1515588581319,0.77560973,-0.024390243,0.3883495,0.77560973
2018-1-10T13-49-41,1515588581320,0.8829268,-0.004878049,0.47572815,0.8829268
2018-1-10T13-49-41,1515588581321,0.8829268,-0.024390243,0.49514562,0.8829268
2018-1-10T13-49-41,1515588581322,0.8926829,0.014634146,0.47572815,0.8926829
2018-1-10T13-49-41,1515588581323,0.8829268,0.07317073,0.4368932,0.8829268
2018-1-10T13-49-41,1515588581324,0.87317073,0.024390243,0.47572815,0.87317073
2018-1-10T13-49-41,1515588581325,0.86341465,-0.004878049,0.4368932,0.86341465
2018-1-10T13-49-41,1515588581326,0.80487806,0.024390243,0.407767,0.80487806
2018-1-10T13-49-41,1515588581327,0.84390247,0.014634146,0.4368932,0.84390247
2018-1-10T13-49-41,1515588581328,0.8341463,0.014634146,0.41747573,0.8341463
2018-1-10T13-49-41,1515588581329,0.82439023,0.024390243,0.36893204,0.82439023
2018-1-10T13-49-41,1515588581330,0.86341465,0.014634146,0.47572815,0.86341465
2018-1-10T13-49-41,1515588581331,0.87317073,-0.024390243,0.5631068,0.87317073
2018-1-10T13-49-41,1515588581332,0.85365856,-0.034146342,0.44660193,0.85365856
2018-1-10T13-49-41,1515588581333,0.87317073,0.08292683,0.407767,0.87317073
2018-1-10T13-49-41,1515588581334,0.86341465,-0.014634146,0.4854369,0.86341465
2018-1-10T13-49-41,1515588581335,0.85365856,-0.043902438,0.4563107,0.85365856
2018-1-10T13-49-41,1515588581336,0.85365856,-0.024390243,0.46601942,0.85365856
2018-1-10T13-49-41,1515588581337,0.84390247,-0.10243902,0.4854369,0.84390247
2018-1-10T13-49-41,1515588581338,0.87317073,-0.10243902,0.49514562,0.87317073
2018-1-10T13-49-41,1515588581339,0.8829268,-0.07317073,0.407767,0.8829268
2018-1-10T13-49-41,1515588581340,0.87317073,-0.024390243,0.36893204,0.87317073
2018-1-10T13-49-41,1515588581341,0.8341463,-0.024390243,0.46601942,0.8341463
2018-1-10T13-49-41,1515588581342,0.81463414,-0.024390243,0.46601942,0.81463414
2018-1-10T13-49-41,1515588581343,0.80487806,-0.014634146,0.42718446,0.80487806
2018-1-10T13-49-41,1515588581344,0.82439023,-0.034146342,0.41747573,0.82439023
2018-1-10T13-49-41,1515588581345,0.84390247,-0.034146342,0.47572815,0.84390247
2018-1-10T13-49-41,1515588581346,0.86341465,-0.034146342,0.52427185,0.86341465
2018-1-10T13-49-41,1515588581347,0.92195123,-0.043902438,0.5339806,0.92195123
2018-1-10T13-49-41,1515588581348,0.902439,-0.034146342,0.4368932,0.902439
2018-1-10T13-49-41,1515588581349,0.9512195,0.004878049,0.36893204,0.9512195
2018-1-10T13-49-41,1515588581350,0.87317073,-0.004878049,0.5145631,0.87317073
2018-1-10T13-49-41,1515588581351,0.86341465,-0.024390243,0.5533981,0.86341465
2018-1-10T13-49-41,1515588581352,0.85365856,-0.004878049,0.4368932,0.85365856
2018-1-10T13-49-41,1515588581353,0.8341463,0.014634146,0.36893204,0.8341463
2018-1-10T13-49-41,1515588581354,0.8341463,-0.014634146,0.44660193,0.8341463
2018-1-10T13-49-41,1515588581355,0.81463414,-0.024390243,0.4368932,0.81463414
2018-1-10T13-49-41,1515588581356,0.77560973,-0.024390243,0.44660193,0.77560973
2018-1-10T13-49-41,1515588581357,0.81463414,-0.043902438,0.46601942,0.81463414
2018-1-10T13-49-41,1515588581358,0.82439023,-0.024390243,0.44660193,0.82439023
2018-1-10T13-49-41,1515588581359,0.80487806,-0.014634146,0.36893204,0.80487806
2018-1-10T13-49-41,1515588581360,0.79512197,0.014634146,0.37864077,0.79512197
2018-1-10T13-49-41,1515588581361,0.80487806,-0.024390243,0.4563107,0.80487806
2018-1-10T13-49-41,1515588581362,0.82439023,-0.034146342,0.5048544,0.82439023
2018-1-10T13-49-41,1515588581363,0.86341465,-0.024390243,0.4368932,0.86341465
2018-1-10T13-49-41,1515588581364,0.8926829,-0.024390243,0.37864077,0.8926829
2018-1-10T13-49-41,1515588581365,0.86341465,-0.024390243,0.42718446,0.86341465
2018-1-10T13-49-41,1515588581366,0.8341463,0.034146342,0.44660193,0.8341463
2018-1-10T13-49-41,1515588581367,0.84390247,-0.024390243,0.49514562,0.84390247
2018-1-10T13-49-41,1515588581368,0.86341465,-0.014634146,0.49514562,0.86341465
2018-1-10T13-49-41,1515588581369,0.92195123,-0.043902438,0.41747573,0.92195123
2018-1-10T13-49-41,1515588581370,0.92195123,-0.024390243,0.4854369,0.92195123
2018-1-10T13-49-41,1515588581371,0.8829268,-0.034146342,0.52427185,0.8829268
2018-1-10T13-49-41,1515588581372,0.902439,-0.034146342,0.5533981,0.902439
2018-1-10T13-49-41,1515588581373,0.902439,-0.024390243,0.5048544,0.902439
2018-1-10T13-49-41,1515588581374,0.87317073,-0.5512195,0.407767,0.87317073
2018-1-10T13-49-41,1515588581375,0.7853659,0.014634146,0.3883495,0.7853659
2018-1-10T13-49-41,1515588581376,0.8341463,0.014634146,0.4563107,0.8341463
2018-1-10T13-49-41,1515588581377,0.7853659,0.004878049,0.44660193,0.7853659
2018-1-10T13-49-41,1515588581378,0.74634147,-0.014634146,0.33009708,0.74634147
2018-1-10T13-49-41,1515588581379,0.76585364,0.014634146,0.33009708,0.76585364
2018-1-10T13-49-41,1515588581380,0.7853659,-0.024390243,0.407767,0.7853659
2018-1-10T13-49-41,1515588581381,0.76585364,-0.08292683,0.407767,0.76585364
2018-1-10T13-49-41,1515588581382,0.7853659,-0.06341463,0.36893204,0.7853659
2018-1-10T13-49-41,1515588581383,0.82439023,-0.024390243,0.4368932,0.82439023
2018-1-10T13-49-41,1515588581384,0.86341465,-0.043902438,0.49514562,0.86341465
2018-1-10T13-49-41,1515588581385,0.8926829,-0.024390243,0.4563107,0.8926829
2018-1-10T13-49-41,1515588581386,0.97073174,0.024390243,0.42718446,0.97073174
2018-1-10T13-49-41,1515588581387,0.9902439,0.004878049,0.5048544,0.9902439
2018-1-10T13-49-41,1515588581388,0.97073174,-0.024390243,0.5436893,0.97073174
2018-1-10T13-49-41,1515588581389,0.8926829,-0.043902438,0.4563107,0.8926829
2018-1-10T13-49-41,1515588581390,0.86341465,-0.034146342,0.407767,0.86341465
2018-1-10T13-49-41,1515588581391,0.8341463,-0.014634146,0.39805827,0.8341463
2018-1-10T13-49-41,1515588581392,0.82439023,-0.014634146,0.46601942,0.82439023
2018-1-10T13-49-41,1515588581393,0.79512197,-0.004878049,0.49514562,0.79512197
2018-1-10T13-49-41,1515588581394,0.85365856,-0.024390243,0.47572815,0.85365856
2018-1-10T13-49-41,1515588581395,0.91219515,-0.014634146,0.4854369,0.91219515
2018-1-10T13-49-41,1515588581396,0.8926829,-0.043902438,0.44660193,0.8926829
2018-1-10T13-49-41,1515588581397,0.84390247,-0.014634146,0.4368932,0.84390247
2018-1-10T13-49-41,1515588581398,0.81463414,-0.034146342,0.42718446,0.81463414
2018-1-10T13-49-41,1515588581399,0.76585364,-0.06341463,0.39805827,0.76585364
2018-1-10T13-49-41,1515588581400,0.76585364,-0.024390243,0.37864077,0.76585364
2018-1-10T13-49-41,1515588581401,0.77560973,-0.014634146,0.41747573,0.77560973
2018-1-10T13-49-41,1515588581402,0.77560973,-0.034146342,0.41747573,0.77560973
2018-1-10T13-49-41,1515588581403,0.84390247,-0.004878049,0.39805827,0.84390247
2018-1-10T13-49-41,1515588581404,0.87317073,-0.07317073,0.4563107,0.87317073
2018-1-10T13-49-41,1515588581405,0.8829268,-0.034146342,0.4854369,0.8829268
2018-1-10T13-49-41,1515588581406,0.902439,-0.043902438,0.46601942,0.902439
2018-1-10T13-49-41,1515588581407,0.9317073,-0.06341463,0.4368932,0.9317073
2018-1-10T13-49-41,1515588581408,0.85365856,-0.004878049,0.44660193,0.85365856
2018-1-10T13-49-41,1515588581409,0.86341465,0.024390243,0.5048544,0.86341465
2018-1-10T13-49-41,1515588581410,0.8829268,-0.004878049,0.4854369,0.8829268
2018-1-10T13-49-41,1515588581411,0.8829268,-0.004878049,0.4368932,0.8829268
2018-1-10T13-49-41,1515588581412,0.902439,0.014634146,0.41747573,0.902439
2018-1-10T13-49-41,1515588581413,0.902439,0.014634146,0.46601942,0.902439
2018-1-10T13-49-41,1515588581414,0.87317073,-0.034146342,0.42718446,0.87317073
2018-1-10T13-49-41,1515588581415,0.81463414,-0.034146342,0.4368932,0.81463414
2018-1-10T13-49-41,1515588581416,0.79512197,-0.053658538,0.407767,0.79512197
2018-1-10T13-49-41,1515588581417,0.77560973,-0.08292683,0.407767,0.77560973
2018-1-10T13-49-41,1515588581418,0.76585364,-0.10243902,0.39805827,0.76585364
2018-1-10T13-49-41,1515588581419,0.76585364,-0.09268293,0.47572815,0.76585364
2018-1-10T13-49-41,1515588581420,0.87317073,-0.10243902,0.4563107,0.87317073
2018-1-10T13-49-41,1515588581421,0.82439023,-0.053658538,0.37864077,0.82439023
2018-1-10T13-49-41,1515588581422,0.8341463,-0.004878049,0.4368932,0.8341463
2018-1-10T13-49-41,1515588581423,0.92195123,0.004878049,0.52427185,0.92195123
2018-1-10T13-49-41,1515588581424,0.8926829,0.014634146,0.4368932,0.8926829
2018-1-10T13-49-41,1515588581425,0.8829268,0.09268293,0.3592233,0.8829268
2018-1-10T13-49-41,1515588581426,0.902439,0.06341463,0.49514562,0.902439
2018-1-10T13-49-41,1515588581427,0.902439,0.004878049,0.5048544,0.902439
2018-1-10T13-49-41,1515588581428,0.91219515,0.014634146,0.407767,0.91219515
2018-1-10T13-49-41,1515588581429,0.85365856,0.034146342,0.36893204,0.85365856
2018-1-10T13-49-41,1515588581430,0.82439023,-0.014634146,0.41747573,0.82439023
2018-1-10T13-49-41,1515588581431,0.81463414,-0.053658538,0.5048544,0.81463414
2018-1-10T13-49-41,1515588581432,0.85365856,0.034146342,0.5145631,0.85365856
2018-1-10T13-49-41,1515588581433,0.8926829,-0.07317073,0.4563107,0.8926829
2018-1-10T13-49-41,1515588581434,0.86341465,-0.053658538,0.3883495,0.86341465
2018-1-10T13-49-41,1515588581435,0.86341465,-0.043902438,0.5048544,0.86341465
2018-1-10T13-49-41,1515588581436,0.82439023,-0.10243902,0.5145631,0.82439023
2018-1-10T13-49-41,1515588581437,0.82439023,-0.07317073,0.49514562,0.82439023
2018-1-10T13-49-41,1515588581438,0.81463414,-0.08292683,0.4368932,0.81463414
2018-1-10T13-49-41,1515588581439,0.8341463,-0.034146342,0.36893204,0.8341463
2018-1-10T13-49-41,1515588581440,0.7853659,-0.024390243,0.3398058,0.7853659
2018-1-10T13-49-41,1515588581441,0.82439023,-0.004878049,0.41747573,0.82439023
2018-1-10T13-49-41,1515588581442,0.7365854,0.004878049,0.37864077,0.7365854
2018-1-10T13-49-41,1515588581443,0.75609756,0.004878049,0.36893204,0.75609756
2018-1-10T13-49-41,1515588581444,0.81463414,0.024390243,0.41747573,0.81463414
2018-1-10T13-49-41,1515588581445,0.8829268,0.004878049,0.52427185,0.8829268
2018-1-10T13-49-41,1515588581446,0.9804878,0.014634146,0.5533981,0.9804878
2018-1-10T13-49-41,1515588581447,1.0097561,-0.034146342,0.5145631,1.0097561
2018-1-10T13-49-41,1515588581448,1.0,0.004878049,0.49514562,1.0
2018-1-10T13-49-41,1515588581449,0.9512195,-0.024390243,0.5339806,0.9512195
2018-1-10T13-49-41,1515588581450,0.902439,-0.024390243,0.52427185,0.902439
2018-1-10T13-49-41,1515588581451,0.86341465,-0.06341463,0.4368932,0.86341465
2018-1-10T13-49-41,1515588581452,0.81463414,-0.07317073,0.36893204,0.81463414
2018-1-10T13-49-41,1515588581453,0.74634147,-0.07317073,0.36893204,0.74634147
2018-1-10T13-49-41,1515588581454,0.7268293,-0.08292683,0.4368932,0.7268293
2018-1-10T13-49-41,1515588581455,0.77560973,-0.09268293,0.41747573,0.77560973
2018-1-10T13-49-41,1515588581456,0.77560973,-0.034146342,0.36893204,0.77560973
2018-1-10T13-49-41,1515588581457,0.81463414,0.004878049,0.42718446,0.81463414
2018-1-10T13-49-41,1515588581458,0.8829268,0.004878049,0.47572815,0.8829268
2018-1-10T13-49-41,1515588581459,0.8341463,0.043902438,0.41747573,0.8341463
2018-1-10T13-49-41,1515588581460,0.86341465,0.06341463,0.407767,0.86341465
2018-1-10T13-49-41,1515588581461,0.87317073,0.024390243,0.4563107,0.87317073
2018-1-10T13-49-41,1515588581462,0.87317073,-0.024390243,0.4563107,0.87317073
2018-1-10T13-49-41,1515588581463,0.85365856,-0.034146342,0.39805827,0.85365856
2018-1-10T13-49-41,1515588581464,0.85365856,-0.004878049,0.46601942,0.85365856
2018-1-10T13-49-41,1515588581465,0.8829268,-0.004878049,0.44660193,0.8829268
2018-1-10T13-49-41,1515588581466,0.85365856,0.004878049,0.46601942,0.85365856
2018-1-10T13-49-41,1515588581467,0.84390247,-0.014634146,0.41747573,0.84390247
2018-1-10T13-49-41,1515588581468,0.8926829,-0.034146342,0.44660193,0.8926829
2018-1-10T13-49-41,1515588581469,0.8926829,-0.043902438,0.49514562,0.8926829
2018-1-10T13-49-41,1515588581470,0.902439,-0.004878049,0.5436893,0.902439
2018-1-10T13-49-41,1515588581471,0.91219515,-0.08292683,0.5631068,0.91219515
2018-1-10T13-49-41,1515588581472,0.902439,-0.09268293,0.4854369,0.902439
2018-1-10T13-49-41,1515588581473,0.86341465,-0.053658538,0.42718446,0.86341465
2018-1-10T13-49-41,1515588581474,0.84390247,-0.034146342,0.4854369,0.84390247
2018-1-10T13-49-41,1515588581475,0.80487806,-0.053658538,0.42718446,0.80487806
2018-1-10T13-49-41,1515588581476,0.77560973,0.004878049,0.3883495,0.77560973
2018-1-10T13-49-41,1515588581477,0.79512197,0.014634146,0.36893204,0.79512197
2018-1-10T13-49-41,1515588581478,0.84390247,0.014634146,0.32038835,0.84390247
2018-1-10T13-49-41,1515588581479,0.77560973,0.024390243,0.39805827,0.77560973
2018-1-10T13-49-41,1515588581480,0.80487806,-0.014634146,0.46601942,0.80487806
2018-1-10T13-49-41,1515588581481,0.80487806,0.024390243,0.44660193,0.80487806
2018-1-10T13-49-41,1515588581482,0.84390247,-0.004878049,0.41747573,0.84390247
2018-1-10T13-49-41,1515588581483,0.87317073,-0.014634146,0.44660193,0.87317073
2018-1-10T13-49-41,1515588581484,0.8829268,-0.034146342,0.47572815,0.8829268
2018-1-10T13-49-41,1515588581485,0.85365856,-0.034146342,0.4563107,0.85365856
2018-1-10T13-49-41,1515588581486,0.86341465,-0.024390243,0.4854369,0.86341465
2018-1-10T13-49-41,1515588581487,0.8926829,-0.043902438,0.5048544,0.8926829
2018-1-10T13-49-41,1515588581488,0.8829268,-0.08292683,0.49514562,0.8829268
2018-1-10T13-49-41,1515588581489,0.902439,-0.043902438,0.41747573,0.902439
2018-1-10T13-49-41,1515588581490,0.9512195,-0.024390243,0.39805827,0.9512195
2018-1-10T13-49-41,1515588581491,0.87317073,-0.08292683,0.5145631,0.87317073
2018-1-10T13-49-41,1515588581492,0.84390247,-0.014634146,0.5145631,0.84390247
2018-1-10T13-49-41,1515588581493,0.8341463,-0.034146342,0.42718446,0.8341463
2018-1-10T13-49-41,1515588581494,0.85365856,0.004878049,0.39805827,0.85365856
2018-1-10T13-49-41,1515588581495,0.85365856,-0.08292683,0.44660193,0.85365856
2018-1-10T13-49-41,1515588581496,0.85365856,0.004878049,0.47572815,0.85365856
2018-1-10T13-49-41,1515588581497,0.81463414,-0.024390243,0.39805827,0.81463414
2018-1-10T13-49-41,1515588581498,0.7853659,0.014634146,0.39805827,0.7853659
2018-1-10T13-49-41,1515588581499,0.82439023,-0.014634146,0.4563107,0.82439023
2018-1-10T13-49-41,1515588581500,0.7853659,-0.053658538,0.42718446,0.7853659
2018-1-10T13-49-41,1515588581501,0.79512197,-0.014634146,0.36893204,0.79512197
2018-1-10T13-49-41,1515588581502,0.82439023,0.004878049,0.41747573,0.82439023
2018-1-10T13-49-41,1515588581503,0.85365856,-0.024390243,0.46601942,0.85365856
2018-1-10T13-49-41,1515588581504,0.8829268,-0.043902438,0.41747573,0.8829268
2018-1-10T13-49-41,1515588581505,0.87317073,-0.004878049,0.41747573,0.87317073
2018-1-10T13-49-41,1515588581506,0.8829268,-0.034146342,0.4854369,0.8829268
2018-1-10T13-49-41,1515588581507,0.8926829,-0.053658538,0.5145631,0.8926829
2018-1-10T13-49-41,1515588581508,0.8341463,-0.014634146,0.4368932,0.8341463
2018-1-10T13-49-41,1515588581509,0.82439023,-0.034146342,0.42718446,0.82439023
2018-1-10T13-49-41,1515588581510,0.85365856,-0.053658538,0.46601942,0.85365856
2018-1-10T13-49-41,1515588581511,0.8341463,-0.07317073,0.4368932,0.8341463
2018-1-10T13-49-41,1515588581512,0.84390247,-0.06341463,0.4368932,0.84390247
2018-1-10T13-49-41,1515588581513,0.86341465,0.004878049,0.44660193,0.86341465
2018-1-10T13-49-41,1515588581514,0.84390247,-0.06341463,0.42718446,0.84390247
2018-1-10T13-49-41,1515588581515,0.8341463,-0.07317073,0.44660193,0.8341463
2018-1-10T13-49-41,1515588581516,0.8341463,0.004878049,0.4563107,0.8341463
2018-1-10T13-49-41,1515588581517,0.86341465,-0.004878049,0.5145631,0.86341465
2018-1-10T13-49-41,1515588581518,0.91219515,0.004878049,0.4854369,0.91219515
2018-1-10T13-49-41,1515588581519,0.8829268,0.024390243,0.3592233,0.8829268
2018-1-10T13-49-41,1515588581520,0.87317073,0.053658538,0.37864077,0.87317073
2018-1-10T13-49-41,1515588581521,0.86341465,0.024390243,0.5048544,0.86341465
2018-1-10T13-49-41,1515588581522,0.8341463,-0.014634146,0.4368932,0.8341463
2018-1-10T13-49-41,1515588581523,0.77560973,-0.014634146,0.37864077,0.77560973
2018-1-10T13-49-41,1515588581524,0.82439023,-0.004878049,0.4563107,0.82439023
2018-1-10T13-49-41,1515588581525,0.85365856,0.004878049,0.4854369,0.85365856
2018-1-10T13-49-41,1515588581526,0.8341463,0.004878049,0.3883495,0.8341463
2018-1-10T13-49-41,1515588581527,0.8829268,0.043902438,0.4368932,0.8829268
2018-1-10T13-49-41,1515588581528,0.91219515,0.024390243,0.32038835,0.91219515
2018-1-10T13-49-41,1515588581529,0.92195123,-0.024390243,0.5339806,0.92195123
2018-1-10T13-49-41,1515588581530,0.902439,-0.014634146,0.4368932,0.902439
2018-1-10T13-49-41,1515588581531,0.81463414,-0.024390243,0.407767,0.81463414
2018-1-10T13-49-41,1515588581532,0.7853659,-0.043902438,0.407767,0.7853659
2018-1-10T13-49-41,1515588581533,0.71707314,-0.08292683,0.3883495,0.71707314
2018-1-10T13-49-41,1515588581534,0.6780488,-0.09268293,0.3106796,0.6780488
2018-1-10T13-49-41,1515588581535,0.69756097,-0.12195122,0.33009708,0.69756097
2018-1-10T13-49-41,1515588581536,0.70731705,-0.08292683,0.39805827,0.70731705
2018-1-10T13-49-41,1515588581537,0.76585364,-0.08292683,0.4563107,0.76585364
2018-1-10T13-49-41,1515588581538,0.86341465,-0.06341463,0.5048544,0.86341465
2018-1-10T13-49-41,1515588581539,0.9512195,-0.034146342,0.5533981,0.9512195
2018-1-10T13-49-41,1515588581540,1.0195122,-0.004878049,0.52427185,1.0195122
2018-1-10T13-49-41,1515588581541,1.0390244,0.004878049,0.5339806,1.0390244
2018-1-10T13-49-41,1515588581542,1.0487804,0.024390243,0.5436893,1.0487804
2018-1-10T13-49-41,1515588581543,0.9804878,0.004878049,0.5339806,0.9804878
2018-1-10T13-49-41,1515588581544,0.91219515,0.004878049,0.5048544,0.91219515
2018-1-10T13-49-41,1515588581545,0.8341463,-0.024390243,0.407767,0.8341463
2018-1-10T13-49-41,1515588581546,0.76585364,-0.034146342,0.36893204,0.76585364
2018-1-10T13-49-41,1515588581547,0.7365854,-0.024390243,0.3883495,0.7365854
2018-1-10T13-49-41,1515588581548,0.7365854,-0.043902438,0.39805827,0.7365854
2018-1-10T13-49-41,1515588581549,0.74634147,-0.034146342,0.37864077,0.74634147
2018-1-10T13-49-41,1515588581550,0.74634147,-0.014634146,0.407767,0.74634147
2018-1-10T13-49-41,1515588581551,0.81463414,-0.014634146,0.4563107,0.81463414
2018-1-10T13-49-41,1515588581552,0.85365856,0.024390243,0.4563107,0.85365856
2018-1-10T13-49-41,1515588581553,0.85365856,0.014634146,0.46601942,0.85365856
2018-1-10T13-49-41,1515588581554,0.8829268,-0.034146342,0.44660193,0.8829268
2018-1-10T13-49-41,1515588581555,0.8829268,0.004878049,0.41747573,0.8829268
2018-1-10T13-49-41,1515588581556,0.8341463,-0.004878049,0.407767,0.8341463
2018-1-10T13-49-41,1515588581557,0.80487806,-0.024390243,0.4368932,0.80487806
2018-1-10T13-49-41,1515588581558,0.82439023,-0.034146342,0.44660193,0.82439023
2018-1-10T13-49-41,1515588581559,0.85365856,-0.034146342,0.4368932,0.85365856
2018-1-10T13-49-41,1515588581560,0.85365856,-0.034146342,0.41747573,0.85365856
2018-1-10T13-49-41,1515588581561,0.7853659,-0.043902438,0.44660193,0.7853659
2018-1-10T13-49-41,1515588581562,0.86341465,-0.034146342,0.44660193,0.86341465
2018-1-10T13-49-41,1515588581563,0.86341465,-0.034146342,0.4368932,0.86341465
2018-1-10T13-49-41,1515588581564,0.86341465,-0.043902438,0.46601942,0.86341465
2018-1-10T13-49-41,1515588581565,0.84390247,-0.06341463,0.4563107,0.84390247
2018-1-10T13-49-41,1515588581566,0.86341465,-0.08292683,0.49514562,0.86341465
2018-1-10T13-49-41,1515588581567,0.86341465,-0.06341463,0.44660193,0.86341465
2018-1-10T13-49-41,1515588581568,0.8829268,-0.053658538,0.44660193,0.8829268
2018-1-10T13-49-41,1515588581569,0.8829268,-0.043902438,0.4368932,0.8829268
2018-1-10T13-49-41,1515588581570,0.81463414,-0.014634146,0.47572815,0.81463414
2018-1-10T13-49-41,1515588581571,0.902439,0.004878049,0.52427185,0.902439
2018-1-10T13-49-41,1515588581572,0.85365856,0.004878049,0.49514562,0.85365856
2018-1-10T13-49-41,1515588581573,0.902439,0.004878049,0.4854369,0.902439
2018-1-10T13-49-41,1515588581574,0.902439,0.024390243,0.44660193,0.902439
2018-1-10T13-49-41,1515588581575,0.84390247,0.014634146,0.4368932,0.84390247
2018-1-10T13-49-41,1515588581576,0.85365856,0.014634146,0.5048544,0.85365856
2018-1-10T13-49-41,1515588581577,0.84390247,-0.004878049,0.5533981,0.84390247
2018-1-10T13-49-41,1515588581578,0.82439023,-0.014634146,0.4368932,0.82439023
2018-1-10T13-49-41,1515588581579,0.80487806,0.08292683,0.3592233,0.80487806
2018-1-10T13-49-41,1515588581580,0.80487806,-0.014634146,0.39805827,0.80487806
2018-1-10T13-49-41,1515588581581,0.79512197,-0.034146342,0.4368932,0.79512197
2018-1-10T13-49-41,1515588581582,0.75609756,-0.06341463,0.3398058,0.75609756
2018-1-10T13-49-41,1515588581583,0.7268293,-0.07317073,0.29126215,0.7268293
2018-1-10T13-49-41,1515588581584,0.74634147,-0.07317073,0.44660193,0.74634147
2018-1-10T13-49-41,1515588581585,0.79512197,-0.11219512,0.5145631,0.79512197
2018-1-10T13-49-41,1515588581586,0.82439023,-0.08292683,0.44660193,0.82439023
2018-1-10T13-49-41,1515588581587,0.8926829,-0.014634146,0.39805827,0.8926829
2018-1-10T13-49-41,1515588581588,0.9414634,-0.004878049,0.46601942,0.9414634
2018-1-10T13-49-41,1515588581589,0.9512195,0.024390243,0.5533981,0.9512195
2018-1-10T13-49-41,1515588581590,0.97073174,0.004878049,0.5631068,0.97073174
2018-1-10T13-49-41,1515588581591,0.9414634,0.014634146,0.5048544,0.9414634
2018-1-10T13-49-41,1515588581592,0.9317073,0.004878049,0.47572815,0.9317073
2018-1-10T13-49-41,1515588581593,0.8926829,-0.043902438,0.4563107,0.8926829
2018-1-10T13-49-41,1515588581594,0.81463414,-0.053658538,0.44660193,0.81463414
2018-1-10T13-49-41,1515588581595,0.77560973,-0.09268293,0.3883495,0.77560973
2018-1-10T13-49-41,1515588581596,0.75609756,-0.043902438,0.3883495,0.75609756
2018-1-10T13-49-41,1515588581597,0.75609756,-0.06341463,0.407767,0.75609756
2018-1-10T13-49-41,1515588581598,0.75609756,0.004878049,0.3883495,0.75609756
2018-1-10T13-49-41,1515588581599,0.77560973,-0.014634146,0.46601942,0.77560973
2018-1-10T13-49-41,1515588581600,0.86341465,-0.004878049,0.46601942,0.86341465
2018-1-10T13-49-41,1515588581601,0.9317073,0.053658538,0.407767,0.9317073
2018-1-10T13-49-41,1515588581602,0.87317073,0.08292683,0.4854369,0.87317073
2018-1-10T13-49-41,1515588581603,0.902439,0.06341463,0.4854369,0.902439
2018-1-10T13-49-41,1515588581604,0.87317073,0.024390243,0.4563107,0.87317073
2018-1-10T13-49-41,1515588581605,0.8341463,0.004878049,0.39805827,0.8341463
2018-1-10T13-49-41,1515588581606,0.80487806,-0.014634146,0.39805827,0.80487806
2018-1-10T13-49-41,1515588581607,0.79512197,-0.07317073,0.44660193,0.79512197
2018-1-10T13-49-41,1515588581608,0.79512197,-0.053658538,0.407767,0.79512197
2018-1-10T13-49-41,1515588581609,0.77560973,-0.07317073,0.41747573,0.77560973
2018-1-10T13-49-41,1515588581610,0.87317073,-0.06341463,0.42718446,0.87317073
2018-1-10T13-49-41,1515588581611,0.86341465,-0.06341463,0.4854369,0.86341465
2018-1-10T13-49-41,1515588581612,0.9317073,-0.043902438,0.52427185,0.9317073
2018-1-10T13-49-41,1515588581613,0.92195123,-0.043902438,0.52427185,0.92195123
2018-1-10T13-49-41,1515588581614,0.9317073,-0.014634146,0.5339806,0.9317073
2018-1-10T13-49-41,1515588581615,0.9609756,-0.014634146,0.49514562,0.9609756
2018-1-10T13-49-41,1515588581616,0.91219515,-0.014634146,0.4563107,0.91219515
2018-1-10T13-49-41,1515588581617,0.85365856,-0.024390243,0.42718446,0.85365856
2018-1-10T13-49-41,1515588581618,0.80487806,-0.024390243,0.3592233,0.80487806
2018-1-10T13-49-41,1515588581619,0.74634147,-0.024390243,0.41747573,0.74634147
2018-1-10T13-49-41,1515588581620,0.76585364,-0.024390243,0.407767,0.76585364
2018-1-10T13-49-41,1515588581621,0.77560973,-0.043902438,0.41747573,0.77560973
2018-1-10T13-49-41,1515588581622,0.77560973,-0.043902438,0.42718446,0.77560973
2018-1-10T13-49-41,1515588581623,0.84390247,-0.004878049,0.36893204,0.84390247
2018-1-10T13-49-41,1515588581624,0.82439023,0.024390243,0.407767,0.82439023
2018-1-10T13-49-41,1515588581625,0.86341465,-0.004878049,0.4854369,0.86341465
2018-1-10T13-49-41,1515588581626,0.8341463,-0.004878049,0.44660193,0.8341463
2018-1-10T13-49-41,1515588581627,0.81463414,0.004878049,0.39805827,0.81463414
2018-1-10T13-49-41,1515588581628,0.8341463,0.014634146,0.41747573,0.8341463
2018-1-10T13-49-41,1515588581629,0.902439,-0.024390243,0.5048544,0.902439
2018-1-10T13-49-41,1515588581630,0.8829268,-0.034146342,0.49514562,0.8829268
2018-1-10T13-49-41,1515588581631,0.8829268,-0.004878049,0.41747573,0.8829268
2018-1-10T13-49-41,1515588581632,0.91219515,-0.004878049,0.5048544,0.91219515
2018-1-10T13-49-41,1515588581633,0.8926829,-0.034146342,0.5145631,0.8926829
2018-1-10T13-49-41,1515588581634,0.8829268,-0.024390243,0.46601942,0.8829268
2018-1-10T13-49-41,1515588581635,0.902439,-0.09268293,0.4854369,0.902439
2018-1-10T13-49-41,1515588581636,0.87317073,-0.024390243,0.4563107,0.87317073
2018-1-10T13-49-41,1515588581637,0.8341463,-0.034146342,0.42718446,0.8341463
2018-1-10T13-49-41,1515588581638,0.8341463,-0.10243902,0.49514562,0.8341463
2018-1-10T13-49-41,1515588581639,0.80487806,-0.07317073,0.3883495,0.80487806
2018-1-10T13-49-41,1515588581640,0.7365854,-0.043902438,0.34951457,0.7365854
2018-1-10T13-49-41,1515588581641,0.77560973,-0.034146342,0.407767,0.77560973
2018-1-10T13-49-41,1515588581642,0.81463414,0.034146342,0.47572815,0.81463414
2018-1-10T13-49-41,1515588581643,0.81463414,-0.07317073,0.407767,0.81463414
2018-1-10T13-49-41,1515588581644,0.77560973,-0.014634146,0.3398058,0.77560973
2018-1-10T13-49-41,1515588581645,0.81463414,-0.014634146,0.47572815,0.81463414
2018-1-10T13-49-41,1515588581646,0.81463414,-0.08292683,0.5048544,0.81463414
2018-1-10T13-49-41,1515588581647,0.84390247,-0.034146342,0.5436893,0.84390247
2018-1-10T13-49-41,1515588581648,0.9317073,0.014634146,0.46601942,0.9317073
2018-1-10T13-49-41,1515588581649,0.92195123,-0.004878049,0.3883495,0.92195123
2018-1-10T13-49-41,1515588581650,0.902439,0.034146342,0.42718446,0.902439
2018-1-10T13-49-41,1515588581651,0.8926829,0.014634146,0.5631068,0.8926829
2018-1-10T13-49-41,1515588581652,0.902439,-0.014634146,0.5339806,0.902439
2018-1-10T13-49-41,1515588581653,0.86341465,-0.004878049,0.407767,0.86341465
2018-1-10T13-49-41,1515588581654,0.86341465,0.004878049,0.39805827,0.86341465
2018-1-10T13-49-41,1515588581655,0.82439023,-0.014634146,0.4368932,0.82439023
2018-1-10T13-49-41,1515588581656,0.74634147,-0.08292683,0.4854369,0.74634147
2018-1-10T13-49-41,1515588581657,0.80487806,-0.034146342,0.41747573,0.80487806
2018-1-10T13-49-41,1515588581658,0.81463414,-0.014634146,0.42718446,0.81463414
2018-1-10T13-49-41,1515588581659,0.85365856,-0.034146342,0.4563107,0.85365856
2018-1-10T13-49-41,1515588581660,0.84390247,-0.043902438,0.41747573,0.84390247
2018-1-10T13-49-41,1515588581661,0.84390247,-0.004878049,0.4854369,0.84390247
2018-1-10T13-49-41,1515588581662,0.8926829,-0.004878049,0.5436893,0.8926829
2018-1-10T13-49-41,1515588581663,0.8926829,-0.014634146,0.47572815,0.8926829
2018-1-10T13-49-41,1515588581664,0.8829268,-0.004878049,0.36893204,0.8829268
2018-1-10T13-49-41,1515588581665,0.85365856,0.004878049,0.407767,0.85365856
2018-1-10T13-49-41,1515588581666,0.82439023,-0.043902438,0.5145631,0.82439023
2018-1-10T13-49-41,1515588581667,0.7268293,-0.07317073,0.41747573,0.7268293
2018-1-10T13-49-41,1515588581668,0.70731705,-0.043902438,0.2815534,0.70731705
2018-1-10T13-49-41,1515588581669,0.70731705,-0.024390243,0.36893204,0.70731705
2018-1-10T13-49-41,1515588581670,0.77560973,-0.11219512,0.4854369,0.77560973
2018-1-10T13-49-41,1515588581671,0.80487806,-0.06341463,0.4854369,0.80487806
2018-1-10T13-49-41,1515588581672,0.8926829,-0.09268293,0.42718446,0.8926829
2018-1-10T13-49-41,1515588581673,0.9804878,-0.024390243,0.5533981,0.9804878
2018-1-10T13-49-41,1515588581674,1.0,-0.034146342,0.60194176,1.0
2018-1-10T13-49-41,1515588581675,1.0,-0.024390243,0.5436893,1.0
2018-1-10T13-49-41,1515588581676,0.9804878,0.024390243,0.46601942,0.9804878
2018-1-10T13-49-41,1515588581677,0.9317073,0.004878049,0.4854369,0.9317073
2018-1-10T13-49-41,1515588581678,0.86341465,0.014634146,0.4368932,0.86341465
2018-1-10T13-49-41,1515588581679,0.76585364,-0.024390243,0.36893204,0.76585364
2018-1-10T13-49-41,1515588581680,0.7365854,0.014634146,0.3883495,0.7365854
2018-1-10T13-49-41,1515588581681,0.7268293,-0.034146342,0.37864077,0.7268293
2018-1-10T13-49-41,1515588581682,0.7365854,-0.034146342,0.3883495,0.7365854
2018-1-10T13-49-41,1515588581683,0.77560973,-0.034146342,0.42718446,0.77560973
2018-1-10T13-49-41,1515588581684,0.82439023,-0.014634146,0.41747573,0.82439023
2018-1-10T13-49-41,1515588581685,0.8341463,-0.014634146,0.39805827,0.8341463
2018-1-10T13-49-41,1515588581686,0.8341463,0.004878049,0.44660193,0.8341463
2018-1-10T13-49-41,1515588581687,0.87317073,-0.06341463,0.52427185,0.87317073
2018-1-10T13-49-41,1515588581688,0.86341465,-0.024390243,0.49514562,0.86341465
2018-1-10T13-49-41,1515588581689,0.8829268,-0.034146342,0.41747573,0.8829268
2018-1-10T13-49-41,1515588581690,0.8926829,-0.004878049,0.39805827,0.8926829
2018-1-10T13-49-41,1515588581691,0.8926829,-0.014634146,0.39805827,0.8926829
2018-1-10T13-49-41,1515588581692,0.8341463,-0.014634146,0.4368932,0.8341463
2018-1-10T13-49-41,1515588581693,0.84390247,-0.004878049,0.47572815,0.84390247
2018-1-10T13-49-41,1515588581694,0.84390247,-0.034146342,0.4368932,0.84390247
2018-1-10T13-49-41,1515588581695,0.82439023,-0.034146342,0.407767,0.82439023
2018-1-10T13-49-41,1515588581696,0.7853659,-0.06341463,0.42718446,0.7853659
2018-1-10T13-49-41,1515588581697,0.81463414,-0.06341463,0.5145631,0.81463414
2018-1-10T13-49-41,1515588581698,0.8341463,-0.09268293,0.52427185,0.8341463
2018-1-10T13-49-41,1515588581699,0.85365856,0.004878049,0.44660193,0.85365856
2018-1-10T13-49-41,1515588581700,0.86341465,-0.034146342,0.3883495,0.86341465
2018-1-10T13-49-41,1515588581701,0.8829268,-0.034146342,0.4854369,0.8829268
2018-1-10T13-49-41,1515588581702,0.8829268,-0.034146342,0.5436893,0.8829268
2018-1-10T13-49-41,1515588581703,0.902439,-0.024390243,0.4854369,0.902439
2018-1-10T13-49-41,1515588581704,0.92195123,0.024390243,0.3883495,0.92195123
2018-1-10T13-49-41,1515588581705,0.92195123,0.014634146,0.42718446,0.92195123
2018-1-10T13-49-41,1515588581706,0.8829268,-0.004878049,0.49514562,0.8829268
2018-1-10T13-49-41,1515588581707,0.84390247,-0.004878049,0.5145631,0.84390247
2018-1-10T13-49-41,1515588581708,0.84390247,-0.014634146,0.4368932,0.84390247
2018-1-10T13-49-41,1515588581709,0.80487806,-0.004878049,0.33009708,0.80487806
2018-1-10T13-49-41,1515588581710,0.71707314,0.014634146,0.3592233,0.71707314
2018-1-10T13-49-41,1515588581711,0.7365854,-0.004878049,0.46601942,0.7365854
2018-1-10T13-49-41,1515588581712,0.75609756,-0.024390243,0.42718446,0.75609756
2018-1-10T13-49-41,1515588581713,0.77560973,-0.053658538,0.33009708,0.77560973
2018-1-10T13-49-41,1515588581714,0.82439023,0.043902438,0.4368932,0.82439023
2018-1-10T13-49-41,1515588581715,0.902439,-0.024390243,0.6213592,0.902439
2018-1-10T13-49-41,1515588581716,0.91219515,-0.06341463,0.5145631,0.91219515
2018-1-10T13-49-41,1515588581717,0.8829268,0.004878049,0.2815534,0.8829268
2018-1-10T13-49-41,1515588581718,0.86341465,-0.004878049,0.3883495,0.86341465
2018-1-10T13-49-41,1515588581719,0.84390247,-0.09268293,0.5631068,0.84390247
2018-1-10T13-49-41,1515588581720,0.79512197,-0.09268293,0.5533981,0.79512197
2018-1-10T13-49-41,1515588581721,0.85365856,-0.043902438,0.4563107,0.85365856
2018-1-10T13-49-41,1515588581722,0.902439,-0.034146342,0.44660193,0.902439
2018-1-10T13-49-41,1515588581723,0.9414634,-0.004878049,0.5048544,0.9414634
2018-1-10T13-49-41,1515588581724,0.85365856,-0.014634146,0.5145631,0.85365856
2018-1-10T13-49-41,1515588581725,0.91219515,-0.004878049,0.5048544,0.91219515
2018-1-10T13-49-41,1515588581726,0.92195123,0.13170731,0.4854369,0.92195123
2018-1-10T13-49-41,1515588581727,0.86341465,-0.004878049,0.44660193,0.86341465
2018-1-10T13-49-41,1515588581728,0.79512197,-0.034146342,0.37864077,0.79512197
2018-1-10T13-49-41,1515588581729,0.75609756,-0.034146342,0.4563107,0.75609756
2018-1-10T13-49-41,1515588581730,0.74634147,-0.053658538,0.41747573,0.74634147
2018-1-10T13-49-41,1515588581731,0.75609756,-0.053658538,0.3592233,0.75609756
2018-1-10T13-49-41,1515588581732,0.79512197,-0.043902438,0.407767,0.79512197
2018-1-10T13-49-41,1515588581733,0.80487806,-0.043902438,0.42718446,0.80487806
2018-1-10T13-49-41,1515588581734,0.82439023,-0.004878049,0.4563107,0.82439023
2018-1-10T13-49-41,1515588581735,0.8926829,0.014634146,0.4368932,0.8926829
2018-1-10T13-49-41,1515588581736,0.87317073,0.053658538,0.49514562,0.87317073
2018-1-10T13-49-41,1515588581737,0.8829268,-0.024390243,0.5145631,0.8829268
2018-1-10T13-49-41,1515588581738,0.902439,0.024390243,0.4563107,0.902439
2018-1-10T13-49-41,1515588581739,0.92195123,0.06341463,0.4368932,0.92195123
2018-1-10T13-49-41,1515588581740,0.87317073,0.014634146,0.42718446,0.87317073
2018-1-10T13-49-41,1515588581741,0.8341463,0.014634146,0.41747573,0.8341463
2018-1-10T13-49-41,1515588581742,0.7853659,-0.014634146,0.407767,0.7853659
2018-1-10T13-49-41,1515588581743,0.77560973,-0.043902438,0.42718446,0.77560973
2018-1-10T13-49-41,1515588581744,0.86341465,-0.053658538,0.49514562,0.86341465
2018-1-10T13-49-41,1515588581745,0.87317073,-0.07317073,0.5048544,0.87317073
2018-1-10T13-49-41,1515588581746,0.902439,-0.053658538,0.41747573,0.902439
2018-1-10T13-49-41,1515588581747,0.8926829,-0.024390243,0.42718446,0.8926829
2018-1-10T13-49-41,1515588581748,0.84390247,-0.014634146,0.4854369,0.84390247
2018-1-10T13-49-41,1515588581749,0.85365856,-0.053658538,0.47572815,0.85365856
2018-1-10T13-49-41,1515588581750,0.8341463,-0.034146342,0.39805827,0.8341463
2018-1-10T13-49-41,1515588581751,0.7268293,-0.06341463,0.36893204,0.7268293
2018-1-10T13-49-41,1515588581752,0.7365854,-0.053658538,0.46601942,0.7365854
2018-1-10T13-49-41,1515588581753,0.82439023,-0.053658538,0.4563107,0.82439023
2018-1-10T13-49-41,1515588581754,0.8341463,-0.034146342,0.39805827,0.8341463
2018-1-10T13-49-41,1515588581755,0.87317073,-0.014634146,0.4368932,0.87317073
2018-1-10T13-49-41,1515588581756,0.97073174,-0.034146342,0.5145631,0.97073174
2018-1-10T13-49-41,1515588581757,0.91219515,-0.043902438,0.4854369,0.91219515
2018-1-10T13-49-41,1515588581758,0.8829268,0.004878049,0.4854369,0.8829268
2018-1-10T13-49-41,1515588581759,0.91219515,0.024390243,0.52427185,0.91219515
2018-1-10T13-49-41,1515588581760,0.8926829,0.024390243,0.47572815,0.8926829
2018-1-10T13-49-41,1515588581761,0.8926829,0.043902438,0.3398058,0.8926829
2018-1-10T13-49-41,1515588581762,0.8829268,0.053658538,0.4368932,0.8829268
2018-1-10T13-49-41,1515588581763,0.84390247,0.034146342,0.4854369,0.84390247
2018-1-10T13-49-41,1515588581764,0.84390247,0.004878049,0.44660193,0.84390247
2018-1-10T13-49-41,1515588581765,0.80487806,-0.053658538,0.46601942,0.80487806
2018-1-10T13-49-41,1515588581766,1.097561,-0.014634146,0.42718446,1.097561
2018-1-10T13-49-41,1515588581767,0.79512197,-0.024390243,0.39805827,0.79512197
2018-1-10T13-49-41,1515588581768,0.76585364,-0.014634146,0.37864077,0.76585364
2018-1-10T13-49-41,1515588581769,0.76585364,-0.043902438,0.39805827,0.76585364
2018-1-10T13-49-41,1515588581770,0.69756097,-0.09268293,0.3883495,0.69756097
2018-1-10T13-49-41,1515588581771,0.71707314,-0.08292683,0.3106796,0.71707314
2018-1-10T13-49-41,1515588581772,0.71707314,-0.053658538,0.36893204,0.71707314
2018-1-10T13-49-41,1515588581773,0.77560973,-0.09268293,0.49514562,0.77560973
2018-1-10T13-49-41,1515588581774,0.84390247,-0.08292683,0.49514562,0.84390247
2018-1-10T13-49-41,1515588581775,0.87317073,-0.043902438,0.407767,0.87317073
2018-1-10T13-49-41,1515588581776,0.9512195,-0.014634146,0.4563107,0.9512195
2018-1-10T13-49-41,1515588581777,0.9902439,-0.024390243,0.5825243,0.9902439
2018-1-10T13-49-41,1515588581778,1.0,-0.034146342,0.5533981,1.0
2018-1-10T13-49-41,1515588581779,0.97073174,-0.053658538,0.4854369,0.97073174
2018-1-10T13-49-41,1515588581780,0.9317073,-0.06341463,0.44660193,0.9317073
2018-1-10T13-49-41,1515588581781,0.8926829,-0.06341463,0.4854369,0.8926829
2018-1-10T13-49-41,1515588581782,0.80487806,-0.06341463,0.4854369,0.80487806
2018-1-10T13-49-41,1515588581783,0.7853659,-0.06341463,0.3883495,0.7853659
2018-1-10T13-49-41,1515588581784,0.75609756,-0.024390243,0.3592233,0.75609756
2018-1-10T13-49-41,1515588581785,0.7853659,-0.004878049,0.41747573,0.7853659
2018-1-10T13-49-41,1515588581786,0.80487806,-0.004878049,0.4563107,0.80487806
2018-1-10T13-49-41,1515588581787,0.81463414,-0.014634146,0.4563107,0.81463414
2018-1-10T13-49-41,1515588581788,0.82439023,0.024390243,0.3398058,0.82439023
2018-1-10T13-49-41,1515588581789,0.8341463,0.053658538,0.42718446,0.8341463
2018-1-10T13-49-41,1515588581790,0.82439023,0.053658538,0.4854369,0.82439023
2018-1-10T13-49-41,1515588581791,0.84390247,-0.004878049,0.44660193,0.84390247
2018-1-10T13-49-41,1515588581792,0.8341463,0.053658538,0.36893204,0.8341463
2018-1-10T13-49-41,1515588581793,0.85365856,0.053658538,0.3883495,0.85365856
2018-1-10T13-49-41,1515588581794,0.85365856,0.014634146,0.47572815,0.85365856
2018-1-10T13-49-41,1515588581795,0.85365856,0.024390243,0.41747573,0.85365856
2018-1-10T13-49-41,1515588581796,0.84390247,0.034146342,0.42718446,0.84390247
2018-1-10T13-49-41,1515588581797,0.91219515,-0.06341463,0.5145631,0.91219515
2018-1-10T13-49-41,1515588581798,0.9414634,-0.024390243,0.5533981,0.9414634
2018-1-10T13-49-41,1515588581799,0.92195123,-0.024390243,0.47572815,0.92195123
2018-1-10T13-49-41,1515588581800,0.86341465,-0.07317073,0.46601942,0.86341465
2018-1-10T13-49-41,1515588581801,0.84390247,-0.10243902,0.4854369,0.84390247
2018-1-10T13-49-41,1515588581802,0.7853659,-0.11219512,0.407767,0.7853659
2018-1-10T13-49-41,1515588581803,0.74634147,-0.12195122,0.36893204,0.74634147
2018-1-10T13-49-41,1515588581804,0.71707314,-0.12195122,0.3883495,0.71707314
2018-1-10T13-49-41,1515588581805,0.74634147,-0.12195122,0.42718446,0.74634147
2018-1-10T13-49-41,1515588581806,0.76585364,-0.12195122,0.42718446,0.76585364
2018-1-10T13-49-41,1515588581807,0.81463414,-0.07317073,0.37864077,0.81463414
2018-1-10T13-49-41,1515588581808,0.902439,-0.053658538,0.47572815,0.902439
2018-1-10T13-49-41,1515588581809,0.9902439,-0.043902438,0.5048544,0.9902439
2018-1-10T13-49-41,1515588581810,0.91219515,0.024390243,0.4368932,0.91219515
2018-1-10T13-49-41,1515588581811,0.92195123,-0.014634146,0.44660193,0.92195123
2018-1-10T13-49-41,1515588581812,0.92195123,-0.014634146,0.5048544,0.92195123
2018-1-10T13-49-41,1515588581813,0.8829268,0.024390243,0.4854369,0.8829268
2018-1-10T13-49-41,1515588581814,0.80487806,0.034146342,0.4368932,0.80487806
2018-1-10T13-49-41,1515588581815,0.902439,0.043902438,0.3883495,0.902439
2018-1-10T13-49-41,1515588581816,0.84390247,0.034146342,0.4563107,0.84390247
2018-1-10T13-49-41,1515588581817,0.80487806,0.014634146,0.407767,0.80487806
2018-1-10T13-49-41,1515588581818,0.8341463,-0.06341463,0.39805827,0.8341463
2018-1-10T13-49-41,1515588581819,0.80487806,-0.014634146,0.4368932,0.80487806
2018-1-10T13-49-41,1515588581820,0.77560973,-0.034146342,0.44660193,0.77560973
2018-1-10T13-49-41,1515588581821,0.81463414,-0.034146342,0.52427185,0.81463414
2018-1-10T13-49-41,1515588581822,0.82439023,-0.043902438,0.407767,0.82439023
2018-1-10T13-49-41,1515588581823,0.84390247,-0.06341463,0.46601942,0.84390247
2018-1-10T13-49-41,1515588581824,0.85365856,-0.043902438,0.46601942,0.85365856
2018-1-10T13-49-41,1515588581825,0.87317073,0.024390243,0.4563107,0.87317073
2018-1-10T13-49-41,1515588581826,0.87317073,0.024390243,0.44660193,0.87317073
2018-1-10T13-49-41,1515588581827,0.85365856,0.024390243,0.39805827,0.85365856
2018-1-10T13-49-41,1515588581828,0.82439023,0.004878049,0.41747573,0.82439023
2018-1-10T13-49-41,1515588581829,0.86341465,-0.024390243,0.44660193,0.86341465
2018-1-10T13-49-41,1515588581830,0.8341463,-0.034146342,0.41747573,0.8341463
2018-1-10T13-49-41,1515588581831,0.81463414,-0.06341463,0.39805827,0.81463414
2018-1-10T13-49-41,1515588581832,0.81463414,-0.08292683,0.44660193,0.81463414
2018-1-10T13-49-41,1515588581833,0.82439023,-0.10243902,0.5048544,0.82439023
2018-1-10T13-49-41,1515588581834,0.85365856,-0.15121952,0.47572815,0.85365856
2018-1-10T13-49-41,1515588581835,0.85365856,-0.09268293,0.4563107,0.85365856
2018-1-10T13-49-41,1515588581836,0.85365856,-0.053658538,0.4563107,0.85365856
2018-1-10T13-49-41,1515588581837,0.87317073,-0.053658538,0.47572815,0.87317073
2018-1-10T13-49-41,1515588581838,0.87317073,0.024390243,0.60194176,0.87317073
2018-1-10T13-49-41,1515588581839,0.9512195,-0.024390243,0.5436893,0.9512195
2018-1-10T13-49-41,1515588581840,0.9902439,0.004878049,0.41747573,0.9902439
2018-1-10T13-49-41,1515588581841,0.8926829,0.024390243,0.41747573,0.8926829
2018-1-10T13-49-41,1515588581842,0.86341465,0.034146342,0.4368932,0.86341465
2018-1-10T13-49-41,1515588581843,0.82439023,0.034146342,0.47572815,0.82439023
2018-1-10T13-49-41,1515588581844,0.7853659,0.014634146,0.42718446,0.7853659
2018-1-10T13-49-41,1515588581845,0.7853659,0.004878049,0.3883495,0.7853659
2018-1-10T13-49-41,1515588581846,0.75609756,-0.004878049,0.3883495,0.75609756
2018-1-10T13-49-41,1515588581847,0.81463414,0.014634146,0.42718446,0.81463414
2018-1-10T13-49-41,1515588581848,0.79512197,-0.024390243,0.42718446,0.79512197
2018-1-10T13-49-41,1515588581849,0.77560973,-0.06341463,0.3592233,0.77560973
2018-1-10T13-49-41,1515588581850,0.80487806,-0.024390243,0.34951457,0.80487806
2018-1-10T13-49-41,1515588581851,0.79512197,0.004878049,0.44660193,0.79512197
2018-1-10T13-49-41,1515588581852,0.82439023,-0.043902438,0.5339806,0.82439023
2018-1-10T13-49-41,1515588581853,0.87317073,-0.07317073,0.47572815,0.87317073
2018-1-10T13-49-41,1515588581854,0.902439,-0.043902438,0.407767,0.902439
2018-1-10T13-49-41,1515588581855,0.9414634,-0.004878049,0.4854369,0.9414634
2018-1-10T13-49-41,1515588581856,0.9902439,-0.10243902,0.5533981,0.9902439
2018-1-10T13-49-41,1515588581857,0.9512195,-0.06341463,0.5533981,0.9512195
2018-1-10T13-49-41,1515588581858,0.92195123,-0.053658538,0.4368932,0.92195123
2018-1-10T13-49-41,1515588581859,0.86341465,-0.043902438,0.44660193,0.86341465
2018-1-10T13-49-41,1515588581860,0.87317073,-0.043902438,0.5339806,0.87317073
2018-1-10T13-49-41,1515588581861,0.8341463,-0.043902438,0.46601942,0.8341463
2018-1-10T13-49-41,1515588581862,0.7853659,-0.034146342,0.3398058,0.7853659
2018-1-10T13-49-41,1515588581863,0.79512197,-0.014634146,0.34951457,0.79512197
2018-1-10T13-49-41,1515588581864,0.7853659,-0.014634146,0.4368932,0.7853659
2018-1-10T13-49-41,1515588581865,0.75609756,-0.014634146,0.3883495,0.75609756
2018-1-10T13-49-41,1515588581866,0.71707314,0.004878049,0.3398058,0.71707314
2018-1-10T13-49-41,1515588581867,0.75609756,-0.014634146,0.44660193,0.75609756
2018-1-10T13-49-41,1515588581868,0.85365856,-0.024390243,0.5145631,0.85365856
2018-1-10T13-49-41,1515588581869,0.87317073,-0.024390243,0.46601942,0.87317073
2018-1-10T13-49-41,1515588581870,0.91219515,-0.004878049,0.39805827,0.91219515
2018-1-10T13-49-41,1515588581871,0.902439,0.004878049,0.44660193,0.902439
2018-1-10T13-49-41,1515588581872,0.86341465,-0.004878049,0.5533981,0.86341465
2018-1-10T13-49-41,1515588581873,0.8341463,-0.014634146,0.42718446,0.8341463
2018-1-10T13-49-41,1515588581874,0.81463414,-0.024390243,0.407767,0.81463414
2018-1-10T13-49-41,1515588581875,0.80487806,-0.024390243,0.3883495,0.80487806
2018-1-10T13-49-41,1515588581876,0.84390247,-0.053658538,0.4854369,0.84390247
2018-1-10T13-49-41,1515588581877,0.87317073,-0.024390243,0.5048544,0.87317073
2018-1-10T13-49-41,1515588581878,0.8926829,0.014634146,0.4563107,0.8926829
2018-1-10T13-49-41,1515588581879,0.902439,-0.024390243,0.49514562,0.902439
2018-1-10T13-49-41,1515588581880,0.9512195,-0.034146342,0.592233,0.9512195
2018-1-10T13-49-41,1515588581881,0.9804878,-0.014634146,0.5339806,0.9804878
2018-1-10T13-49-41,1515588581882,0.9414634,0.004878049,0.4368932,0.9414634
2018-1-10T13-49-41,1515588581883,0.902439,-0.004878049,0.41747573,0.902439
2018-1-10T13-49-41,1515588581884,0.82439023,-0.043902438,0.47572815,0.82439023
2018-1-10T13-49-41,1515588581885,0.7365854,-0.07317073,0.44660193,0.7365854
2018-1-10T13-49-41,1515588581886,0.71707314,-0.09268293,0.3398058,0.71707314
2018-1-10T13-49-41,1515588581887,0.64878047,-0.043902438,0.30097088,0.64878047
2018-1-10T13-49-41,1515588581888,0.74634147,-0.053658538,0.42718446,0.74634147
2018-1-10T13-49-41,1515588581889,0.75609756,-0.06341463,0.4854369,0.75609756
2018-1-10T13-49-41,1515588581890,0.82439023,-0.014634146,0.49514562,0.82439023
2018-1-10T13-49-41,1515588581891,0.8829268,-0.024390243,0.4368932,0.8829268
2018-1-10T13-49-41,1515588581892,0.8341463,-0.014634146,0.44660193,0.8341463
2018-1-10T13-49-41,1515588581893,0.8341463,-0.034146342,0.44660193,0.8341463
2018-1-10T13-49-41,1515588581894,0.81463414,-0.004878049,0.4368932,0.81463414
2018-1-10T13-49-41,1515588581895,0.81463414,-0.024390243,0.44660193,0.81463414
2018-1-10T13-49-41,1515588581896,0.79512197,-0.09268293,0.407767,0.79512197
2018-1-10T13-49-41,1515588581897,0.80487806,-0.043902438,0.41747573,0.80487806
2018-1-10T13-49-41,1515588581898,0.84390247,-0.024390243,0.47572815,0.84390247
2018-1-10T13-49-41,1515588581899,0.92195123,-0.014634146,0.5145631,0.92195123
2018-1-10T13-49-41,1515588581900,0.9902439,-0.034146342,0.5436893,0.9902439
2018-1-10T13-49-41,1515588581901,0.97073174,-0.024390243,0.4854369,0.97073174
2018-1-10T13-49-41,1515588581902,0.9512195,0.004878049,0.5048544,0.9512195
2018-1-10T13-49-41,1515588581903,0.902439,-0.014634146,0.5631068,0.902439
2018-1-10T13-49-41,1515588581904,0.84390247,-0.004878049,0.4854369,0.84390247
2018-1-10T13-49-41,1515588581905,0.82439023,-0.014634146,0.3398058,0.82439023
2018-1-10T13-49-41,1515588581906,0.77560973,-0.004878049,0.36893204,0.77560973
2018-1-10T13-49-41,1515588581907,0.77560973,-0.004878049,0.407767,0.77560973
2018-1-10T13-49-41,1515588581908,0.7365854,-0.034146342,0.36893204,0.7365854
2018-1-10T13-49-41,1515588581909,0.7268293,-0.014634146,0.34951457,0.7268293
2018-1-10T13-49-41,1515588581910,0.77560973,-0.004878049,0.36893204,0.77560973
2018-1-10T13-49-41,1515588581911,0.86341465,0.014634146,0.407767,0.86341465
2018-1-10T13-49-41,1515588581912,0.82439023,0.004878049,0.407767,0.82439023
2018-1-10T13-49-41,1515588581913,0.84390247,0.024390243,0.4563107,0.84390247
2018-1-10T13-49-41,1515588581914,0.87317073,0.004878049,0.47572815,0.87317073
2018-1-10T13-49-41,1515588581915,0.8829268,-0.004878049,0.44660193,0.8829268
2018-1-10T13-49-41,1515588581916,0.85365856,-0.014634146,0.44660193,0.85365856
2018-1-10T13-49-41,1515588581917,0.85365856,-0.034146342,0.5145631,0.85365856
2018-1-10T13-49-41,1515588581918,0.8926829,-0.053658538,0.5145631,0.8926829
2018-1-10T13-49-41,1515588581919,0.8829268,-0.053658538,0.4368932,0.8829268
2018-1-10T13-49-41,1515588581920,0.85365856,-0.034146342,0.42718446,0.85365856
2018-1-10T13-49-41,1515588581921,0.8829268,-0.053658538,0.46601942,0.8829268
2018-1-10T13-49-41,1515588581922,0.8341463,-0.06341463,0.4368932,0.8341463
2018-1-10T13-49-41,1515588581923,0.85365856,-0.10243902,0.4563107,0.85365856
2018-1-10T13-49-41,1515588581924,0.87317073,-0.08292683,0.47572815,0.87317073
2018-1-10T13-49-41,1515588581925,0.86341465,-0.08292683,0.47572815,0.86341465
2018-1-10T13-49-41,1515588581926,0.8341463,-0.06341463,0.46601942,0.8341463
2018-1-10T13-49-41,1515588581927,0.79512197,-0.043902438,0.44660193,0.79512197
2018-1-10T13-49-41,1515588581928,0.82439023,-0.004878049,0.42718446,0.82439023
2018-1-10T13-49-41,1515588581929,0.8341463,-0.004878049,0.42718446,0.8341463
2018-1-10T13-49-41,1515588581930,0.86341465,0.004878049,0.39805827,0.86341465
2018-1-10T13-49-41,1515588581931,0.84390247,0.024390243,0.4368932,0.84390247
2018-1-10T13-49-41,1515588581932,0.902439,-0.034146342,0.49514562,0.902439
2018-1-10T13-49-41,1515588581933,0.9512195,0.004878049,0.57281554,0.9512195
2018-1-10T13-49-41,1515588581934,0.87317073,0.014634146,0.49514562,0.87317073
2018-1-10T13-49-41,1515588581935,0.9414634,0.053658538,0.44660193,0.9414634
2018-1-10T13-49-41,1515588581936,0.9317073,0.06341463,0.47572815,0.9317073
2018-1-10T13-49-41,1515588581937,0.86341465,0.08292683,0.42718446,0.86341465
2018-1-10T13-49-41,1515588581938,0.75609756,0.06341463,0.3398058,0.75609756
2018-1-10T13-49-41,1515588581939,0.70731705,0.024390243,0.36893204,0.70731705
2018-1-10T13-49-41,1515588581940,0.6780488,-0.024390243,0.34951457,0.6780488
2018-1-10T13-49-41,1515588581941,0.69756097,-0.07317073,0.24271844,0.69756097
2018-1-10T13-49-41,1515588581942,0.6390244,-0.08292683,0.29126215,0.6390244
2018-1-10T13-49-41,1515588581943,0.6585366,-0.12195122,0.3592233,0.6585366
2018-1-10T13-49-41,1515588581944,0.71707314,-0.12195122,0.44660193,0.71707314
2018-1-10T13-49-41,1515588581945,0.81463414,-0.10243902,0.4563107,0.81463414
2018-1-10T13-49-41,1515588581946,0.92195123,-0.07317073,0.49514562,0.92195123
2018-1-10T13-49-41,1515588581947,1.0097561,-0.053658538,0.5825243,1.0097561
2018-1-10T13-49-41,1515588581948,1.0390244,0.004878049,0.5631068,1.0390244
2018-1-10T13-49-41,1515588581949,1.0487804,-0.024390243,0.5533981,1.0487804
2018-1-10T13-49-41,1515588581950,1.0585365,-0.024390243,0.5825243,1.0585365
2018-1-10T13-49-41,1515588581951,1.0390244,-0.034146342,0.6213592,1.0390244
2018-1-10T13-49-41,1515588581952,0.9609756,-0.043902438,0.5339806,0.9609756
2018-1-10T13-49-41,1515588581953,0.8926829,-0.024390243,0.37864077,0.8926829
2018-1-10T13-49-41,1515588581954,0.81463414,-0.004878049,0.41747573,0.81463414
2018-1-10T13-49-41,1515588581955,0.74634147,-0.024390243,0.4563107,0.74634147
2018-1-10T13-49-41,1515588581956,0.69756097,-0.053658538,0.3592233,0.69756097
2018-1-10T13-49-41,1515588581957,0.70731705,-0.053658538,0.33009708,0.70731705
2018-1-10T13-49-41,1515588581958,0.7365854,-0.034146342,0.39805827,0.7365854
2018-1-10T13-49-41,1515588581959,0.69756097,-0.014634146,0.41747573,0.69756097
2018-1-10T13-49-41,1515588581960,0.77560973,-0.034146342,0.46601942,0.77560973
2018-1-10T13-49-41,1515588581961,0.8829268,-0.034146342,0.44660193,0.8829268
2018-1-10T13-49-41,1515588581962,0.8829268,0.06341463,0.3883495,0.8829268
2018-1-10T13-49-41,1515588581963,0.8926829,0.07317073,0.407767,0.8926829
2018-1-10T13-49-41,1515588581964,0.8926829,0.10243902,0.4563107,0.8926829
2018-1-10T13-49-41,1515588581965,0.84390247,0.08292683,0.46601942,0.84390247
2018-1-10T13-49-41,1515588581966,0.8341463,0.053658538,0.3883495,0.8341463
2018-1-10T13-49-41,1515588581967,0.85365856,-0.004878049,0.3883495,0.85365856
2018-1-10T13-49-41,1515588581968,0.91219515,-0.004878049,0.4368932,0.91219515
2018-1-10T13-49-41,1515588581969,0.84390247,-0.043902438,0.47572815,0.84390247
2018-1-10T13-49-41,1515588581970,0.81463414,-0.053658538,0.4368932,0.81463414
2018-1-10T13-49-41,1515588581971,0.79512197,-0.12195122,0.47572815,0.79512197
2018-1-10T13-49-41,1515588581972,0.82439023,-0.12195122,0.57281554,0.82439023
2018-1-10T13-49-41,1515588581973,0.84390247,-0.13170731,0.4563107,0.84390247
2018-1-10T13-49-41,1515588581974,0.84390247,-0.09268293,0.4368932,0.84390247
2018-1-10T13-49-41,1515588581975,0.86341465,-0.13170731,0.49514562,0.86341465
2018-1-10T13-49-41,1515588581976,0.8829268,-0.12195122,0.52427185,0.8829268
2018-1-10T13-49-41,1515588581977,0.8926829,-0.07317073,0.49514562,0.8926829
2018-1-10T13-49-41,1515588581978,0.9414634,-0.014634146,0.44660193,0.9414634
2018-1-10T13-49-41,1515588581979,0.9512195,0.004878049,0.4368932,0.9512195
2018-1-10T13-49-41,1515588581980,0.8926829,0.034146342,0.49514562,0.8926829
2018-1-10T13-49-41,1515588581981,0.902439,0.024390243,0.46601942,0.902439
2018-1-10T13-49-41,1515588581982,0.82439023,0.034146342,0.3883495,0.82439023
2018-1-10T13-49-41,1515588581983,0.81463414,0.034146342,0.37864077,0.81463414
2018-1-10T13-49-41,1515588581984,0.79512197,0.014634146,0.42718446,0.79512197
2018-1-10T13-49-41,1515588581985,0.74634147,-0.09268293,0.41747573,0.74634147
2018-1-10T13-49-41,1515588581986,0.71707314,-0.024390243,0.3592233,0.71707314
2018-1-10T13-49-41,1515588581987,0.74634147,0.004878049,0.36893204,0.74634147
2018-1-10T13-49-41,1515588581988,0.7268293,-0.024390243,0.36893204,0.7268293
2018-1-10T13-49-41,1515588581989,0.77560973,0.004878049,0.41747573,0.77560973
2018-1-10T13-49-41,1515588581990,0.86341465,0.014634146,0.46601942,0.86341465
2018-1-10T13-49-41,1515588581991,0.91219515,0.004878049,0.4854369,0.91219515
2018-1-10T13-49-41,1515588581992,0.97073174,0.043902438,0.46601942,0.97073174
2018-1-10T13-49-41,1515588581993,0.9414634,0.034146342,0.5048544,0.9414634
2018-1-10T13-49-41,1515588581994,0.97073174,0.004878049,0.5436893,0.97073174
2018-1-10T13-49-41,1515588581995,0.9317073,0.004878049,0.49514562,0.9317073
2018-1-10T13-49-41,1515588581996,0.9317073,-0.004878049,0.5145631,0.9317073
2018-1-10T13-49-41,1515588581997,0.8926829,-0.06341463,0.4854369,0.8926829
2018-1-10T13-49-41,1515588581998,0.8341463,-0.08292683,0.4563107,0.8341463
2018-1-10T13-49-41,1515588581999,0.77560973,-0.11219512,0.3592233,0.77560973
2018-1-10T13-49-42,1515588582000,0.71707314,-0.10243902,0.29126215,0.71707314
2018-1-10T13-49-42,1515588582001,0.6878049,-0.11219512,0.39805827,0.6878049
2018-1-10T13-49-42,1515588582002,0.71707314,-0.053658538,0.407767,0.71707314
2018-1-10T13-49-42,1515588582003,0.75609756,-0.043902438,0.4368932,0.75609756
2018-1-10T13-49-42,1515588582004,0.8341463,-0.06341463,0.44660193,0.8341463
2018-1-10T13-49-42,1515588582005,0.87317073,-0.004878049,0.44660193,0.87317073
2018-1-10T13-49-42,1515588582006,0.92195123,-0.014634146,0.4854369,0.92195123
2018-1-10T13-49-42,1515588582007,0.92195123,0.014634146,0.49514562,0.92195123
2018-1-10T13-49-42,1515588582008,0.8926829,0.014634146,0.407767,0.8926829
2018-1-10T13-49-42,1515588582009,0.84390247,0.014634146,0.4368932,0.84390247
2018-1-10T13-49-42,1515588582010,0.81463414,-0.043902438,0.49514562,0.81463414
2018-1-10T13-49-42,1515588582011,0.84390247,-0.014634146,0.4854369,0.84390247
2018-1-10T13-49-42,1515588582012,0.8341463,0.06341463,0.3883495,0.8341463
2018-1-10T13-49-42,1515588582013,0.87317073,0.024390243,0.407767,0.87317073
2018-1-10T13-49-42,1515588582014,0.87317073,-0.004878049,0.52427185,0.87317073
2018-1-10T13-49-42,1515588582015,0.9317073,0.06341463,0.5436893,0.9317073
2018-1-10T13-49-42,1515588582016,0.84390247,0.043902438,0.42718446,0.84390247
2018-1-10T13-49-42,1515588582017,0.86341465,0.08292683,0.407767,0.86341465
2018-1-10T13-49-42,1515588582018,0.87317073,0.053658538,0.4854369,0.87317073
2018-1-10T13-49-42,1515588582019,0.82439023,-0.004878049,0.4854369,0.82439023
2018-1-10T13-49-42,1515588582020,0.80487806,-0.004878049,0.37864077,0.80487806
2018-1-10T13-49-42,1515588582021,0.8341463,-0.004878049,0.3883495,0.8341463
2018-1-10T13-49-42,1515588582022,0.8341463,-0.053658538,0.41747573,0.8341463
2018-1-10T13-49-42,1515588582023,0.7853659,-0.043902438,0.39805827,0.7853659
2018-1-10T13-49-42,1515588582024,0.77560973,-0.053658538,0.3883495,0.77560973
2018-1-10T13-49-42,1515588582025,0.77560973,-0.053658538,0.4368932,0.77560973
2018-1-10T13-49-42,1515588582026,0.8341463,-0.09268293,0.4563107,0.8341463
2018-1-10T13-49-42,1515588582027,0.8341463,-0.06341463,0.44660193,0.8341463
2018-1-10T13-49-42,1515588582028,0.86341465,-0.053658538,0.44660193,0.86341465
2018-1-10T13-49-42,1515588582029,0.84390247,-0.08292683,0.47572815,0.84390247
2018-1-10T13-49-42,1515588582030,0.87317073,-0.043902438,0.5145631,0.87317073
2018-1-10T13-49-42,1515588582031,0.91219515,-0.043902438,0.52427185,0.91219515
2018-1-10T13-49-42,1515588582032,0.9512195,-0.024390243,0.4563107,0.9512195
2018-1-10T13-49-42,1515588582033,0.8341463,-0.004878049,0.4368932,0.8341463
2018-1-10T13-49-42,1515588582034,0.8926829,-0.024390243,0.47572815,0.8926829
2018-1-10T13-49-42,1515588582035,0.86341465,0.004878049,0.49514562,0.86341465
2018-1-10T13-49-42,1515588582036,0.8829268,0.024390243,0.47572815,0.8829268
2018-1-10T13-49-42,1515588582037,0.85365856,-0.004878049,0.407767,0.85365856
2018-1-10T13-49-42,1515588582038,0.7853659,-0.014634146,0.39805827,0.7853659
2018-1-10T13-49-42,1515588582039,0.80487806,0.004878049,0.44660193,0.80487806
2018-1-10T13-49-42,1515588582040,0.79512197,-0.004878049,0.4563107,0.79512197
2018-1-10T13-49-42,1515588582041,0.7268293,0.004878049,0.3106796,0.7268293
2018-1-10T13-49-42,1515588582042,0.74634147,0.014634146,0.3106796,0.74634147
2018-1-10T13-49-42,1515588582043,0.74634147,-0.004878049,0.39805827,0.74634147
2018-1-10T13-49-42,1515588582044,0.79512197,-0.014634146,0.46601942,0.79512197
2018-1-10T13-49-42,1515588582045,0.82439023,-0.034146342,0.407767,0.82439023
2018-1-10T13-49-42,1515588582046,0.85365856,0.004878049,0.3883495,0.85365856
2018-1-10T13-49-42,1515588582047,0.87317073,0.004878049,0.44660193,0.87317073
2018-1-10T13-49-42,1515588582048,0.8829268,-0.004878049,0.5339806,0.8829268
2018-1-10T13-49-42,1515588582049,0.91219515,-0.024390243,0.5145631,0.91219515
2018-1-10T13-49-42,1515588582050,0.86341465,-0.034146342,0.41747573,0.86341465
2018-1-10T13-49-42,1515588582051,0.85365856,-0.08292683,0.37864077,0.85365856
2018-1-10T13-49-42,1515588582052,0.81463414,-0.053658538,0.4368932,0.81463414
2018-1-10T13-49-42,1515588582053,0.82439023,-0.043902438,0.5339806,0.82439023
2018-1-10T13-49-42,1515588582054,0.84390247,-0.08292683,0.5145631,0.84390247
2018-1-10T13-49-42,1515588582055,0.8829268,-0.06341463,0.4563107,0.8829268
2018-1-10T13-49-42,1515588582056,0.902439,-0.024390243,0.407767,0.902439
2018-1-10T13-49-42,1515588582057,0.8926829,-0.004878049,0.49514562,0.8926829
2018-1-10T13-49-42,1515588582058,0.9317073,0.004878049,0.65048546,0.9317073
2018-1-10T13-49-42,1515588582059,0.91219515,0.014634146,0.5048544,0.91219515
2018-1-10T13-49-42,1515588582060,0.87317073,0.014634146,0.37864077,0.87317073
2018-1-10T13-49-42,1515588582061,0.85365856,0.004878049,0.39805827,0.85365856
2018-1-10T13-49-42,1515588582062,0.79512197,0.014634146,0.42718446,0.79512197
2018-1-10T13-49-42,1515588582063,0.6682927,-0.034146342,0.37864077,0.6682927
2018-1-10T13-49-42,1515588582064,0.69756097,-0.07317073,0.3398058,0.69756097
2018-1-10T13-49-42,1515588582065,0.77560973,-0.10243902,0.39805827,0.77560973
2018-1-10T13-49-42,1515588582066,0.76585364,-0.08292683,0.44660193,0.76585364
2018-1-10T13-49-42,1515588582067,0.81463414,-0.053658538,0.46601942,0.81463414
2018-1-10T13-49-42,1515588582068,0.85365856,-0.043902438,0.44660193,0.85365856
2018-1-10T13-49-42,1515588582069,0.902439,0.024390243,0.49514562,0.902439
2018-1-10T13-49-42,1515588582070,0.9317073,0.043902438,0.5145631,0.9317073
2018-1-10T13-49-42,1515588582071,0.92195123,0.043902438,0.44660193,0.92195123
2018-1-10T13-49-42,1515588582072,0.9317073,0.034146342,0.49514562,0.9317073
2018-1-10T13-49-42,1515588582073,0.91219515,0.014634146,0.5631068,0.91219515
2018-1-10T13-49-42,1515588582074,0.8926829,-0.043902438,0.4368932,0.8926829
2018-1-10T13-49-42,1515588582075,0.8926829,-0.024390243,0.37864077,0.8926829
2018-1-10T13-49-42,1515588582076,0.82439023,-0.024390243,0.4563107,0.82439023
2018-1-10T13-49-42,1515588582077,0.84390247,-0.024390243,0.5436893,0.84390247
2018-1-10T13-49-42,1515588582078,0.84390247,-0.014634146,0.4563107,0.84390247
2018-1-10T13-49-42,1515588582079,0.82439023,-0.043902438,0.3592233,0.82439023
2018-1-10T13-49-42,1515588582080,0.8341463,-0.034146342,0.4368932,0.8341463
2018-1-10T13-49-42,1515588582081,0.85365856,-0.06341463,0.5631068,0.85365856
2018-1-10T13-49-42,1515588582082,0.84390247,-0.06341463,0.5145631,0.84390247
2018-1-10T13-49-42,1515588582083,0.82439023,-0.043902438,0.407767,0.82439023
2018-1-10T13-49-42,1515588582084,0.86341465,-0.024390243,0.41747573,0.86341465
2018-1-10T13-49-42,1515588582085,0.91219515,-0.034146342,0.5145631,0.91219515
2018-1-10T13-49-42,1515588582086,0.86341465,0.004878049,0.41747573,0.86341465
2018-1-10T13-49-42,1515588582087,0.80487806,0.014634146,0.3106796,0.80487806
2018-1-10T13-49-42,1515588582088,0.87317073,0.014634146,0.34951457,0.87317073
2018-1-10T13-49-42,1515588582089,0.79512197,0.004878049,0.42718446,0.79512197
2018-1-10T13-49-42,1515588582090,0.75609756,-0.024390243,0.41747573,0.75609756
2018-1-10T13-49-42,1515588582091,0.7853659,-0.004878049,0.37864077,0.7853659
2018-1-10T13-49-42,1515588582092,0.84390247,0.004878049,0.44660193,0.84390247
2018-1-10T13-49-42,1515588582093,0.84390247,-0.014634146,0.47572815,0.84390247
2018-1-10T13-49-42,1515588582094,0.8926829,0.004878049,0.4563107,0.8926829
2018-1-10T13-49-42,1515588582095,0.91219515,0.004878049,0.47572815,0.91219515
2018-1-10T13-49-42,1515588582096,0.9317073,-0.024390243,0.5436893,0.9317073
2018-1-10T13-49-42,1515588582097,0.9414634,-0.043902438,0.5339806,0.9414634
2018-1-10T13-49-42,1515588582098,0.9512195,-0.043902438,0.47572815,0.9512195
2018-1-10T13-49-42,1515588582099,0.8926829,-0.053658538,0.41747573,0.8926829
2018-1-10T13-49-42,1515588582100,0.86341465,-0.12195122,0.44660193,0.86341465
2018-1-10T13-49-42,1515588582101,0.8341463,-0.043902438,0.46601942,0.8341463
2018-1-10T13-49-42,1515588582102,0.79512197,-0.043902438,0.39805827,0.79512197
2018-1-10T13-49-42,1515588582103,0.7853659,-0.024390243,0.37864077,0.7853659
2018-1-10T13-49-42,1515588582104,0.82439023,-0.014634146,0.4563107,0.82439023
2018-1-10T13-49-42,1515588582105,0.82439023,-0.053658538,0.4563107,0.82439023
2018-1-10T13-49-42,1515588582106,0.84390247,-0.06341463,0.407767,0.84390247
2018-1-10T13-49-42,1515588582107,0.85365856,-0.004878049,0.42718446,0.85365856
2018-1-10T13-49-42,1515588582108,0.8341463,-0.004878049,0.47572815,0.8341463
2018-1-10T13-49-42,1515588582109,0.85365856,-0.014634146,0.4563107,0.85365856
2018-1-10T13-49-42,1515588582110,0.8341463,0.004878049,0.3883495,0.8341463
2018-1-10T13-49-42,1515588582111,0.84390247,0.004878049,0.42718446,0.84390247
2018-1-10T13-49-42,1515588582112,0.85365856,0.014634146,0.49514562,0.85365856
2018-1-10T13-49-42,1515588582113,0.8341463,-0.024390243,0.42718446,0.8341463
2018-1-10T13-49-42,1515588582114,0.8341463,-0.043902438,0.3592233,0.8341463
2018-1-10T13-49-42,1515588582115,0.85365856,-0.014634146,0.44660193,0.85365856
2018-1-10T13-49-42,1515588582116,0.84390247,-0.09268293,0.46601942,0.84390247
2018-1-10T13-49-42,1515588582117,0.79512197,-0.13170731,0.41747573,0.79512197
2018-1-10T13-49-42,1515588582118,0.79512197,-0.043902438,0.42718446,0.79512197
2018-1-10T13-49-42,1515588582119,0.84390247,-0.07317073,0.5048544,0.84390247
2018-1-10T13-49-42,1515588582120,0.8341463,-0.06341463,0.49514562,0.8341463
2018-1-10T13-49-42,1515588582121,0.87317073,-0.034146342,0.4563107,0.87317073
2018-1-10T13-49-42,1515588582122,0.87317073,0.004878049,0.42718446,0.87317073
2018-1-10T13-49-42,1515588582123,0.9414634,0.014634146,0.46601942,0.9414634
2018-1-10T13-49-42,1515588582124,0.8926829,-0.004878049,0.49514562,0.8926829
2018-1-10T13-49-42,1515588582125,0.902439,-0.034146342,0.52427185,0.902439
2018-1-10T13-49-42,1515588582126,0.91219515,-0.004878049,0.37864077,0.91219515
2018-1-10T13-49-42,1515588582127,0.85365856,0.034146342,0.3592233,0.85365856
2018-1-10T13-49-42,1515588582128,0.80487806,0.004878049,0.4854369,0.80487806
2018-1-10T13-49-42,1515588582129,0.81463414,-0.014634146,0.5145631,0.81463414
2018-1-10T13-49-42,1515588582130,0.80487806,-0.004878049,0.4368932,0.80487806
2018-1-10T13-49-42,1515588582131,0.80487806,-0.024390243,0.34951457,0.80487806
2018-1-10T13-49-42,1515588582132,0.81463414,0.014634146,0.42718446,0.81463414
2018-1-10T13-49-42,1515588582133,0.8341463,-0.10243902,0.52427185,0.8341463
2018-1-10T13-49-42,1515588582134,0.81463414,-0.053658538,0.4563107,0.81463414
2018-1-10T13-49-42,1515588582135,0.8341463,-0.043902438,0.3883495,0.8341463
2018-1-10T13-49-42,1515588582136,0.82439023,-0.053658538,0.407767,0.82439023
2018-1-10T13-49-42,1515588582137,0.7853659,-0.06341463,0.47572815,0.7853659
2018-1-10T13-49-42,1515588582138,0.82439023,-0.024390243,0.49514562,0.82439023
2018-1-10T13-49-42,1515588582139,0.85365856,-0.024390243,0.46601942,0.85365856
2018-1-10T13-49-42,1515588582140,0.8829268,0.004878049,0.407767,0.8829268
2018-1-10T13-49-42,1515588582141,0.8926829,0.014634146,0.407767,0.8926829
2018-1-10T13-49-42,1515588582142,0.87317073,0.014634146,0.4563107,0.87317073
2018-1-10T13-49-42,1515588582143,0.8829268,-0.004878049,0.4563107,0.8829268
2018-1-10T13-49-42,1515588582144,0.85365856,0.034146342,0.407767,0.85365856
2018-1-10T13-49-42,1515588582145,0.7853659,-0.06341463,0.39805827,0.7853659
2018-1-10T13-49-42,1515588582146,0.77560973,-0.043902438,0.44660193,0.77560973
2018-1-10T13-49-42,1515588582147,0.81463414,-0.053658538,0.47572815,0.81463414
2018-1-10T13-49-42,1515588582148,0.84390247,-0.08292683,0.46601942,0.84390247
2018-1-10T13-49-42,1515588582149,0.9317073,-0.034146342,0.44660193,0.9317073
2018-1-10T13-49-42,1515588582150,0.9317073,-0.014634146,0.42718446,0.9317073
2018-1-10T13-49-42,1515588582151,0.8341463,0.014634146,0.4563107,0.8341463
2018-1-10T13-49-42,1515588582152,0.9804878,0.024390243,0.49514562,0.9804878
2018-1-10T13-49-42,1515588582153,0.8829268,0.004878049,0.5436893,0.8829268
2018-1-10T13-49-42,1515588582154,0.9317073,-0.004878049,0.47572815,0.9317073
2018-1-10T13-49-42,1515588582155,0.8926829,-0.004878049,0.3883495,0.8926829
2018-1-10T13-49-42,1515588582156,0.87317073,0.034146342,0.46601942,0.87317073
2018-1-10T13-49-42,1515588582157,0.8926829,-0.014634146,0.5533981,0.8926829
2018-1-10T13-49-42,1515588582158,0.84390247,-0.004878049,0.4563107,0.84390247
2018-1-10T13-49-42,1515588582159,0.79512197,-0.004878049,0.3592233,0.79512197
2018-1-10T13-49-42,1515588582160,0.7853659,-0.08292683,0.39805827,0.7853659
2018-1-10T13-49-42,1515588582161,0.74634147,-0.043902438,0.49514562,0.74634147
2018-1-10T13-49-42,1515588582162,0.77560973,-0.034146342,0.41747573,0.77560973
2018-1-10T13-49-42,1515588582163,0.79512197,-0.004878049,0.3592233,0.79512197
2018-1-10T13-49-42,1515588582164,0.77560973,-0.024390243,0.34951457,0.77560973
2018-1-10T13-49-42,1515588582165,0.79512197,-0.053658538,0.36893204,0.79512197
2018-1-10T13-49-42,1515588582166,0.76585364,-0.06341463,0.407767,0.76585364
2018-1-10T13-49-42,1515588582167,0.74634147,-0.06341463,0.42718446,0.74634147
2018-1-10T13-49-42,1515588582168,0.79512197,-0.10243902,0.39805827,0.79512197
2018-1-10T13-49-42,1515588582169,0.79512197,-0.08292683,0.407767,0.79512197
2018-1-10T13-49-42,1515588582170,0.8926829,-0.043902438,0.47572815,0.8926829
2018-1-10T13-49-42,1515588582171,0.9414634,-0.024390243,0.5436893,0.9414634
2018-1-10T13-49-42,1515588582172,0.9902439,-0.034146342,0.5436893,0.9902439
2018-1-10T13-49-42,1515588582173,0.9902439,0.004878049,0.49514562,0.9902439
2018-1-10T13-49-42,1515588582174,0.97073174,-0.004878049,0.47572815,0.97073174
2018-1-10T13-49-42,1515588582175,0.9512195,-0.004878049,0.5533981,0.9512195
2018-1-10T13-49-42,1515588582176,0.91219515,-0.014634146,0.49514562,0.91219515
2018-1-10T13-49-42,1515588582177,0.82439023,-0.024390243,0.39805827,0.82439023
2018-1-10T13-49-42,1515588582178,0.82439023,0.004878049,0.4368932,0.82439023
2018-1-10T13-49-42,1515588582179,0.8341463,0.004878049,0.49514562,0.8341463
2018-1-10T13-49-42,1515588582180,0.80487806,-0.024390243,0.4368932,0.80487806
2018-1-10T13-49-42,1515588582181,0.81463414,0.004878049,0.3592233,0.81463414
2018-1-10T13-49-42,1515588582182,0.81463414,0.024390243,0.3592233,0.81463414
2018-1-10T13-49-42,1515588582183,0.75609756,0.014634146,0.41747573,0.75609756
2018-1-10T13-49-42,1515588582184,0.80487806,0.014634146,0.44660193,0.80487806
2018-1-10T13-49-42,1515588582185,0.79512197,0.024390243,0.41747573,0.79512197
2018-1-10T13-49-42,1515588582186,0.8341463,0.014634146,0.3398058,0.8341463
2018-1-10T13-49-42,1515588582187,0.8341463,0.004878049,0.3883495,0.8341463
2018-1-10T13-49-42,1515588582188,0.80487806,-0.014634146,0.3883495,0.80487806
2018-1-10T13-49-42,1515588582189,0.80487806,-0.024390243,0.49514562,0.80487806
2018-1-10T13-49-42,1515588582190,0.86341465,-0.043902438,0.4854369,0.86341465
2018-1-10T13-49-42,1515588582191,0.902439,-0.043902438,0.42718446,0.902439
2018-1-10T13-49-42,1515588582192,0.8829268,-0.043902438,0.46601942,0.8829268
2018-1-10T13-49-42,1515588582193,0.87317073,-0.053658538,0.5145631,0.87317073
2018-1-10T13-49-42,1515588582194,0.8829268,0.034146342,0.46601942,0.8829268
2018-1-10T13-49-42,1515588582195,0.86341465,-0.06341463,0.46601942,0.86341465
2018-1-10T13-49-42,1515588582196,0.91219515,-0.043902438,0.47572815,0.91219515
2018-1-10T13-49-42,1515588582197,0.85365856,-0.06341463,0.42718446,0.85365856
2018-1-10T13-49-42,1515588582198,0.77560973,-0.07317073,0.3883495,0.77560973
2018-1-10T13-49-42,1515588582199,0.80487806,-0.014634146,0.46601942,0.80487806
2018-1-10T13-49-42,1515588582200,0.82439023,-0.053658538,0.5533981,0.82439023
2018-1-10T13-49-42,1515588582201,0.82439023,-0.034146342,0.4368932,0.82439023
2018-1-10T13-49-42,1515588582202,0.8341463,0.014634146,0.30097088,0.8341463
2018-1-10T13-49-42,1515588582203,0.85365856,0.034146342,0.44660193,0.85365856
2018-1-10T13-49-42,1515588582204,0.85365856,-0.014634146,0.5533981,0.85365856
2018-1-10T13-49-42,1515588582205,0.8341463,-0.014634146,0.5048544,0.8341463
2018-1-10T13-49-42,1515588582206,0.86341465,0.004878049,0.407767,0.86341465
2018-1-10T13-49-42,1515588582207,0.87317073,0.014634146,0.39805827,0.87317073
2018-1-10T13-49-42,1515588582208,0.8829268,0.043902438,0.5145631,0.8829268
2018-1-10T13-49-42,1515588582209,0.91219515,0.014634146,0.52427185,0.91219515
2018-1-10T13-49-42,1515588582210,0.87317073,0.014634146,0.4368932,0.87317073
2018-1-10T13-49-42,1515588582211,0.86341465,-0.034146342,0.3883495,0.86341465
2018-1-10T13-49-42,1515588582212,0.85365856,-0.024390243,0.37864077,0.85365856
2018-1-10T13-49-42,1515588582213,0.77560973,-0.024390243,0.41747573,0.77560973
2018-1-10T13-49-42,1515588582214,0.74634147,-0.014634146,0.4563107,0.74634147
2018-1-10T13-49-42,1515588582215,0.75609756,-0.09268293,0.44660193,0.75609756
2018-1-10T13-49-42,1515588582216,0.79512197,-0.09268293,0.407767,0.79512197
2018-1-10T13-49-42,1515588582217,0.84390247,-0.034146342,0.407767,0.84390247
2018-1-10T13-49-42,1515588582218,0.8829268,-0.004878049,0.5048544,0.8829268
2018-1-10T13-49-42,1515588582219,0.902439,-0.043902438,0.5145631,0.902439
2018-1-10T13-49-42,1515588582220,0.8926829,-0.004878049,0.42718446,0.8926829
2018-1-10T13-49-42,1515588582221,0.8926829,0.034146342,0.4368932,0.8926829
2018-1-10T13-49-42,1515588582222,0.8926829,0.004878049,0.5048544,0.8926829
2018-1-10T13-49-42,1515588582223,0.86341465,-0.024390243,0.4563107,0.86341465
2018-1-10T13-49-42,1515588582224,0.81463414,-0.043902438,0.37864077,0.81463414
2018-1-10T13-49-42,1515588582225,0.82439023,-0.043902438,0.4368932,0.82439023
2018-1-10T13-49-42,1515588582226,0.82439023,-0.06341463,0.44660193,0.82439023
2018-1-10T13-49-42,1515588582227,0.79512197,-0.06341463,0.41747573,0.79512197
2018-1-10T13-49-42,1515588582228,0.7853659,-0.053658538,0.407767,0.7853659
2018-1-10T13-49-42,1515588582229,0.7853659,-0.034146342,0.41747573,0.7853659
2018-1-10T13-49-42,1515588582230,0.81463414,-0.014634146,0.44660193,0.81463414
2018-1-10T13-49-42,1515588582231,0.82439023,0.014634146,0.49514562,0.82439023
2018-1-10T13-49-42,1515588582232,0.8926829,-0.004878049,0.52427185,0.8926829
2018-1-10T13-49-42,1515588582233,0.9317073,-0.014634146,0.47572815,0.9317073
2018-1-10T13-49-42,1515588582234,0.91219515,0.004878049,0.4368932,0.91219515
2018-1-10T13-49-42,1515588582235,0.8926829,0.034146342,0.4368932,0.8926829
2018-1-10T13-49-42,1515588582236,0.8341463,0.014634146,0.44660193,0.8341463
2018-1-10T13-49-42,1515588582237,0.82439023,0.024390243,0.49514562,0.82439023
2018-1-10T13-49-42,1515588582238,0.84390247,0.024390243,0.407767,0.84390247
2018-1-10T13-49-42,1515588582239,0.8341463,0.014634146,0.36893204,0.8341463
2018-1-10T13-49-42,1515588582240,0.85365856,0.10243902,0.4368932,0.85365856
2018-1-10T13-49-42,1515588582241,0.85365856,-0.024390243,0.5145631,0.85365856
2018-1-10T13-49-42,1515588582242,0.87317073,-0.034146342,0.4563107,0.87317073
2018-1-10T13-49-42,1515588582243,0.85365856,-0.024390243,0.39805827,0.85365856
2018-1-10T13-49-42,1515588582244,0.87317073,-0.034146342,0.44660193,0.87317073
2018-1-10T13-49-42,1515588582245,0.8341463,-0.053658538,0.52427185,0.8341463
2018-1-10T13-49-42,1515588582246,0.84390247,-0.034146342,0.5048544,0.84390247
2018-1-10T13-49-42,1515588582247,0.82439023,-0.08292683,0.3592233,0.82439023
2018-1-10T13-49-42,1515588582248,0.79512197,-0.053658538,0.3106796,0.79512197
2018-1-10T13-49-42,1515588582249,0.8341463,-0.034146342,0.5145631,0.8341463
2018-1-10T13-49-42,1515588582250,0.84390247,-0.08292683,0.5533981,0.84390247
2018-1-10T13-49-42,1515588582251,0.79512197,0.024390243,0.37864077,0.79512197
2018-1-10T13-49-42,1515588582252,0.8341463,0.024390243,0.3592233,0.8341463
2018-1-10T13-49-42,1515588582253,0.86341465,0.004878049,0.5145631,0.86341465
2018-1-10T13-49-42,1515588582254,0.87317073,-0.014634146,0.52427185,0.87317073
2018-1-10T13-49-42,1515588582255,0.86341465,0.004878049,0.39805827,0.86341465
2018-1-10T13-49-42,1515588582256,0.8829268,0.004878049,0.4563107,0.8829268
2018-1-10T13-49-42,1515588582257,0.902439,-0.034146342,0.47572815,0.902439
2018-1-10T13-49-42,1515588582258,0.84390247,-0.043902438,0.4563107,0.84390247
2018-1-10T13-49-42,1515588582259,0.85365856,-0.014634146,0.47572815,0.85365856
2018-1-10T13-49-42,1515588582260,0.86341465,-0.014634146,0.5145631,0.86341465
2018-1-10T13-49-42,1515588582261,0.8829268,-0.014634146,0.4854369,0.8829268
2018-1-10T13-49-42,1515588582262,0.91219515,0.034146342,0.41747573,0.91219515
2018-1-10T13-49-42,1515588582263,0.8829268,0.024390243,0.4368932,0.8829268
2018-1-10T13-49-42,1515588582264,0.8926829,-0.004878049,0.4854369,0.8926829
2018-1-10T13-49-42,1515588582265,0.8341463,-0.024390243,0.4563107,0.8341463
2018-1-10T13-49-42,1515588582266,0.80487806,-0.024390243,0.407767,0.80487806
2018-1-10T13-49-42,1515588582267,0.80487806,-0.034146342,0.42718446,0.80487806
2018-1-10T13-49-42,1515588582268,0.77560973,-0.043902438,0.4368932,0.77560973
2018-1-10T13-49-42,1515588582269,0.75609756,-0.043902438,0.3883495,0.75609756
2018-1-10T13-49-42,1515588582270,0.7268293,-0.024390243,0.3398058,0.7268293
2018-1-10T13-49-42,1515588582271,0.75609756,-0.034146342,0.39805827,0.75609756
2018-1-10T13-49-42,1515588582272,0.82439023,-0.10243902,0.46601942,0.82439023
2018-1-10T13-49-42,1515588582273,0.84390247,-0.034146342,0.4368932,0.84390247
2018-1-10T13-49-42,1515588582274,0.8926829,0.014634146,0.4368932,0.8926829
2018-1-10T13-49-42,1515588582275,0.91219515,-0.014634146,0.49514562,0.91219515
2018-1-10T13-49-42,1515588582276,0.91219515,0.004878049,0.52427185,0.91219515
2018-1-10T13-49-42,1515588582277,0.902439,-0.024390243,0.47572815,0.902439
2018-1-10T13-49-42,1515588582278,0.8926829,-0.024390243,0.4368932,0.8926829
2018-1-10T13-49-42,1515588582279,0.87317073,-0.024390243,0.47572815,0.87317073
2018-1-10T13-49-42,1515588582280,0.85365856,-0.043902438,0.47572815,0.85365856
2018-1-10T13-49-42,1515588582281,0.8341463,-0.043902438,0.46601942,0.8341463
2018-1-10T13-49-42,1515588582282,0.84390247,-0.024390243,0.39805827,0.84390247
2018-1-10T13-49-42,1515588582283,0.81463414,-0.014634146,0.407767,0.81463414
2018-1-10T13-49-42,1515588582284,0.8341463,-0.043902438,0.4563107,0.8341463
2018-1-10T13-49-42,1515588582285,0.82439023,-0.043902438,0.46601942,0.82439023
2018-1-10T13-49-42,1515588582286,0.82439023,-0.034146342,0.4854369,0.82439023
2018-1-10T13-49-42,1515588582287,0.79512197,-0.004878049,0.4368932,0.79512197
2018-1-10T13-49-42,1515588582288,0.87317073,-0.043902438,0.47572815,0.87317073
2018-1-10T13-49-42,1515588582289,0.8829268,0.004878049,0.46601942,0.8829268
2018-1-10T13-49-42,1515588582290,0.87317073,0.004878049,0.4368932,0.87317073
2018-1-10T13-49-42,1515588582291,0.9804878,0.004878049,0.47572815,0.9804878
2018-1-10T13-49-42,1515588582292,0.902439,0.014634146,0.52427185,0.902439
2018-1-10T13-49-42,1515588582293,0.8926829,0.004878049,0.4563107,0.8926829
2018-1-10T13-49-42,1515588582294,0.8341463,0.043902438,0.3398058,0.8341463
2018-1-10T13-49-42,1515588582295,0.86341465,0.043902438,0.4368932,0.86341465
2018-1-10T13-49-42,1515588582296,0.82439023,-0.014634146,0.4854369,0.82439023
2018-1-10T13-49-42,1515588582297,0.74634147,-0.024390243,0.34951457,0.74634147
2018-1-10T13-49-42,1515588582298,0.77560973,0.004878049,0.3883495,0.77560973
2018-1-10T13-49-42,1515588582299,0.75609756,-0.07317073,0.5533981,0.75609756
2018-1-10T13-49-42,1515588582300,0.81463414,-0.09268293,0.46601942,0.81463414
2018-1-10T13-49-42,1515588582301,0.7853659,-0.06341463,0.3398058,0.7853659
2018-1-10T13-49-42,1515588582302,0.7853659,-0.07317073,0.3592233,0.7853659
2018-1-10T13-49-42,1515588582303,0.82439023,-0.053658538,0.5436893,0.82439023
2018-1-10T13-49-42,1515588582304,0.75609756,-0.08292683,0.4854369,0.75609756
2018-1-10T13-49-42,1515588582305,0.8341463,-0.043902438,0.3883495,0.8341463
2018-1-10T13-49-42,1515588582306,0.8926829,-0.014634146,0.47572815,0.8926829
2018-1-10T13-49-42,1515588582307,0.9317073,-0.014634146,0.57281554,0.9317073
2018-1-10T13-49-42,1515588582308,0.9512195,-0.014634146,0.5339806,0.9512195
2018-1-10T13-49-42,1515588582309,0.9609756,0.014634146,0.4563107,0.9609756
2018-1-10T13-49-42,1515588582310,0.9512195,0.034146342,0.4563107,0.9512195
2018-1-10T13-49-42,1515588582311,0.91219515,0.004878049,0.52427185,0.91219515
2018-1-10T13-49-42,1515588582312,0.87317073,-0.014634146,0.5048544,0.87317073
2018-1-10T13-49-42,1515588582313,0.82439023,-0.024390243,0.4368932,0.82439023
2018-1-10T13-49-42,1515588582314,0.80487806,-0.024390243,0.37864077,0.80487806
2018-1-10T13-49-42,1515588582315,0.7853659,-0.043902438,0.3883495,0.7853659
2018-1-10T13-49-42,1515588582316,0.7853659,-0.06341463,0.4368932,0.7853659
2018-1-10T13-49-42,1515588582317,0.76585364,-0.043902438,0.42718446,0.76585364
2018-1-10T13-49-42,1515588582318,0.74634147,-0.043902438,0.39805827,0.74634147
2018-1-10T13-49-42,1515588582319,0.7853659,-0.043902438,0.39805827,0.7853659
2018-1-10T13-49-42,1515588582320,0.80487806,-0.004878049,0.42718446,0.80487806
2018-1-10T13-49-42,1515588582321,0.81463414,-0.014634146,0.41747573,0.81463414
2018-1-10T13-49-42,1515588582322,0.84390247,-0.014634146,0.4563107,0.84390247
2018-1-10T13-49-42,1515588582323,0.8829268,-0.014634146,0.46601942,0.8829268
2018-1-10T13-49-42,1515588582324,0.902439,0.004878049,0.4368932,0.902439
2018-1-10T13-49-42,1515588582325,0.86341465,0.014634146,0.42718446,0.86341465
2018-1-10T13-49-42,1515588582326,0.86341465,0.004878049,0.4368932,0.86341465
2018-1-10T13-49-42,1515588582327,0.86341465,-0.014634146,0.42718446,0.86341465
2018-1-10T13-49-42,1515588582328,0.81463414,-0.034146342,0.44660193,0.81463414
2018-1-10T13-49-42,1515588582329,0.85365856,-0.053658538,0.47572815,0.85365856
2018-1-10T13-49-42,1515588582330,0.82439023,-0.06341463,0.5145631,0.82439023
2018-1-10T13-49-42,1515588582331,0.87317073,-0.06341463,0.407767,0.87317073
2018-1-10T13-49-42,1515588582332,0.87317073,-0.043902438,0.46601942,0.87317073
2018-1-10T13-49-42,1515588582333,0.8926829,-0.024390243,0.5339806,0.8926829
2018-1-10T13-49-42,1515588582334,0.8829268,-0.004878049,0.52427185,0.8829268
2018-1-10T13-49-42,1515588582335,0.91219515,0.004878049,0.4563107,0.91219515
2018-1-10T13-49-42,1515588582336,0.86341465,0.004878049,0.4368932,0.86341465
2018-1-10T13-49-42,1515588582337,0.8926829,0.024390243,0.47572815,0.8926829
2018-1-10T13-49-42,1515588582338,0.8341463,0.014634146,0.42718446,0.8341463
2018-1-10T13-49-42,1515588582339,0.80487806,0.004878049,0.37864077,0.80487806
2018-1-10T13-49-42,1515588582340,0.79512197,0.004878049,0.407767,0.79512197
2018-1-10T13-49-42,1515588582341,0.81463414,-0.034146342,0.44660193,0.81463414
2018-1-10T13-49-42,1515588582342,0.7853659,-0.024390243,0.39805827,0.7853659
2018-1-10T13-49-42,1515588582343,0.7853659,0.014634146,0.36893204,0.7853659
2018-1-10T13-49-42,1515588582344,0.85365856,-0.004878049,0.37864077,0.85365856
2018-1-10T13-49-42,1515588582345,0.77560973,-0.004878049,0.4368932,0.77560973
2018-1-10T13-49-42,1515588582346,0.76585364,-0.024390243,0.34951457,0.76585364
2018-1-10T13-49-42,1515588582347,0.77560973,-0.034146342,0.37864077,0.77560973
2018-1-10T13-49-42,1515588582348,0.80487806,-0.07317073,0.3883495,0.80487806
2018-1-10T13-49-42,1515588582349,0.76585364,-0.053658538,0.34951457,0.76585364
2018-1-10T13-49-42,1515588582350,0.77560973,-0.043902438,0.34951457,0.77560973
2018-1-10T13-49-42,1515588582351,0.81463414,-0.06341463,0.46601942,0.81463414
2018-1-10T13-49-42,1515588582352,0.8829268,-0.08292683,0.57281554,0.8829268
2018-1-10T13-49-42,1515588582353,0.9512195,-0.053658538,0.5048544,0.9512195
2018-1-10T13-49-42,1515588582354,1.0,-0.014634146,0.46601942,1.0
2018-1-10T13-49-42,1515588582355,1.0487804,0.034146342,0.5631068,1.0487804
2018-1-10T13-49-42,1515588582356,1.0097561,-0.004878049,0.6213592,1.0097561
2018-1-10T13-49-42,1515588582357,1.0585365,-0.014634146,0.592233,1.0585365
2018-1-10T13-49-42,1515588582358,0.9414634,0.034146342,0.4563107,0.9414634
2018-1-10T13-49-42,1515588582359,0.75609756,-0.014634146,0.46601942,0.75609756
2018-1-10T13-49-42,1515588582360,0.8341463,-0.06341463,0.44660193,0.8341463
2018-1-10T13-49-42,1515588582361,0.75609756,-0.053658538,0.3883495,0.75609756
2018-1-10T13-49-42,1515588582362,0.6195122,-0.014634146,0.3592233,0.6195122
2018-1-10T13-49-42,1515588582363,0.71707314,-0.034146342,0.3592233,0.71707314
2018-1-10T13-49-42,1515588582364,0.6682927,-0.034146342,0.34951457,0.6682927
2018-1-10T13-49-42,1515588582365,0.77560973,-0.004878049,0.3883495,0.77560973
2018-1-10T13-49-42,1515588582366,0.7853659,-0.004878049,0.4563107,0.7853659
2018-1-10T13-49-42,1515588582367,0.85365856,0.014634146,0.46601942,0.85365856
2018-1-10T13-49-42,1515588582368,0.91219515,0.043902438,0.44660193,0.91219515
2018-1-10T13-49-42,1515588582369,0.9317073,0.034146342,0.42718446,0.9317073
2018-1-10T13-49-42,1515588582370,0.902439,0.053658538,0.42718446,0.902439
2018-1-10T13-49-42,1515588582371,0.87317073,0.024390243,0.4368932,0.87317073
2018-1-10T13-49-42,1515588582372,0.86341465,-0.014634146,0.4368932,0.86341465
2018-1-10T13-49-42,1515588582373,0.7853659,-0.034146342,0.41747573,0.7853659
2018-1-10T13-49-42,1515588582374,0.85365856,-0.07317073,0.407767,0.85365856
2018-1-10T13-49-42,1515588582375,0.82439023,-0.004878049,0.46601942,0.82439023
2018-1-10T13-49-42,1515588582376,0.87317073,-0.09268293,0.52427185,0.87317073
2018-1-10T13-49-42,1515588582377,0.9902439,-0.10243902,0.5048544,0.9902439
2018-1-10T13-49-42,1515588582378,0.92195123,-0.07317073,0.4368932,0.92195123
2018-1-10T13-49-42,1515588582379,0.8926829,-0.053658538,0.42718446,0.8926829
2018-1-10T13-49-42,1515588582380,0.8341463,-0.07317073,0.4854369,0.8341463
2018-1-10T13-49-42,1515588582381,0.80487806,-0.053658538,0.4854369,0.80487806
2018-1-10T13-49-42,1515588582382,0.82439023,-0.053658538,0.46601942,0.82439023
2018-1-10T13-49-42,1515588582383,0.82439023,-0.024390243,0.3883495,0.82439023
2018-1-10T13-49-42,1515588582384,0.8829268,-0.014634146,0.39805827,0.8829268
2018-1-10T13-49-42,1515588582385,0.84390247,-0.08292683,0.41747573,0.84390247
2018-1-10T13-49-42,1515588582386,0.81463414,-0.014634146,0.3883495,0.81463414
2018-1-10T13-49-42,1515588582387,0.7853659,-0.004878049,0.37864077,0.7853659
2018-1-10T13-49-42,1515588582388,0.7853659,0.014634146,0.39805827,0.7853659
2018-1-10T13-49-42,1515588582389,0.79512197,-0.004878049,0.4368932,0.79512197
2018-1-10T13-49-42,1515588582390,0.80487806,-0.004878049,0.44660193,0.80487806
2018-1-10T13-49-42,1515588582391,0.8829268,-0.004878049,0.4563107,0.8829268
2018-1-10T13-49-42,1515588582392,0.902439,-0.004878049,0.49514562,0.902439
2018-1-10T13-49-42,1515588582393,0.9609756,0.004878049,0.52427185,0.9609756
2018-1-10T13-49-42,1515588582394,0.9609756,0.014634146,0.52427185,0.9609756
2018-1-10T13-49-42,1515588582395,0.9414634,0.043902438,0.49514562,0.9414634
2018-1-10T13-49-42,1515588582396,0.9512195,0.053658538,0.46601942,0.9512195
2018-1-10T13-49-42,1515588582397,0.84390247,0.043902438,0.46601942,0.84390247
2018-1-10T13-49-42,1515588582398,0.8829268,0.034146342,0.5048544,0.8829268
2018-1-10T13-49-42,1515588582399,0.8829268,-0.024390243,0.4563107,0.8829268
2018-1-10T13-49-42,1515588582400,0.82439023,-0.014634146,0.36893204,0.82439023
2018-1-10T13-49-42,1515588582401,0.70731705,-0.043902438,0.3592233,0.70731705
2018-1-10T13-49-42,1515588582402,0.7365854,-0.14146341,0.41747573,0.7365854
2018-1-10T13-49-42,1515588582403,0.6780488,-0.13170731,0.36893204,0.6780488
2018-1-10T13-49-42,1515588582404,0.6390244,-0.10243902,0.32038835,0.6390244
2018-1-10T13-49-42,1515588582405,0.69756097,-0.09268293,0.41747573,0.69756097
2018-1-10T13-49-42,1515588582406,0.7853659,-0.10243902,0.5048544,0.7853659
2018-1-10T13-49-42,1515588582407,0.84390247,-0.12195122,0.44660193,0.84390247
2018-1-10T13-49-42,1515588582408,0.902439,-0.09268293,0.39805827,0.902439
2018-1-10T13-49-42,1515588582409,0.9317073,-0.06341463,0.46601942,0.9317073
2018-1-10T13-49-42,1515588582410,0.9317073,-0.014634146,0.5339806,0.9317073
2018-1-10T13-49-42,1515588582411,0.8926829,-0.014634146,0.5145631,0.8926829
2018-1-10T13-49-42,1515588582412,0.92195123,0.024390243,0.47572815,0.92195123
2018-1-10T13-49-42,1515588582413,0.91219515,0.034146342,0.46601942,0.91219515
2018-1-10T13-49-42,1515588582414,0.91219515,0.043902438,0.47572815,0.91219515
2018-1-10T13-49-42,1515588582415,0.902439,0.024390243,0.4854369,0.902439
2018-1-10T13-49-42,1515588582416,0.85365856,-0.024390243,0.46601942,0.85365856
2018-1-10T13-49-42,1515588582417,0.87317073,-0.024390243,0.41747573,0.87317073
2018-1-10T13-49-42,1515588582418,0.8341463,-0.043902438,0.5048544,0.8341463
2018-1-10T13-49-42,1515588582419,0.75609756,-0.043902438,0.5048544,0.75609756
2018-1-10T13-49-42,1515588582420,0.80487806,-0.014634146,0.42718446,0.80487806
2018-1-10T13-49-42,1515588582421,0.82439023,0.004878049,0.34951457,0.82439023
2018-1-10T13-49-42,1515588582422,0.77560973,0.014634146,0.3592233,0.77560973
2018-1-10T13-49-42,1515588582423,0.75609756,0.014634146,0.407767,0.75609756
2018-1-10T13-49-42,1515588582424,0.77560973,0.014634146,0.42718446,0.77560973
2018-1-10T13-49-42,1515588582425,0.7853659,-0.014634146,0.407767,0.7853659
2018-1-10T13-49-42,1515588582426,0.81463414,-0.014634146,0.34951457,0.81463414
2018-1-10T13-49-42,1515588582427,0.902439,0.014634146,0.42718446,0.902439
2018-1-10T13-49-42,1515588582428,0.86341465,0.004878049,0.4854369,0.86341465
2018-1-10T13-49-42,1515588582429,0.902439,-0.004878049,0.47572815,0.902439
2018-1-10T13-49-42,1515588582430,0.91219515,-0.034146342,0.4563107,0.91219515
2018-1-10T13-49-42,1515588582431,0.86341465,-0.043902438,0.407767,0.86341465
2018-1-10T13-49-42,1515588582432,0.86341465,-0.06341463,0.49514562,0.86341465
2018-1-10T13-49-42,1515588582433,0.80487806,-0.09268293,0.52427185,0.80487806
2018-1-10T13-49-42,1515588582434,0.82439023,-0.08292683,0.4368932,0.82439023
2018-1-10T13-49-42,1515588582435,0.82439023,-0.06341463,0.46601942,0.82439023
2018-1-10T13-49-42,1515588582436,0.8926829,-0.053658538,0.52427185,0.8926829
2018-1-10T13-49-42,1515588582437,0.87317073,-0.053658538,0.46601942,0.87317073
2018-1-10T13-49-42,1515588582438,0.9902439,-0.024390243,0.4368932,0.9902439
2018-1-10T13-49-42,1515588582439,0.84390247,-0.043902438,0.4563107,0.84390247
2018-1-10T13-49-42,1515588582440,0.84390247,-0.043902438,0.46601942,0.84390247
2018-1-10T13-49-42,1515588582441,1.1853658,-0.004878049,0.44660193,1.1853658
2018-1-10T13-49-42,1515588582442,0.81463414,-0.014634146,0.46601942,0.81463414
2018-1-10T13-49-42,1515588582443,0.85365856,0.014634146,0.4368932,0.85365856
2018-1-10T13-49-42,1515588582444,0.8341463,0.043902438,0.41747573,0.8341463
2018-1-10T13-49-42,1515588582445,0.85365856,0.043902438,0.44660193,0.85365856
2018-1-10T13-49-42,1515588582446,0.85365856,0.053658538,0.4563107,0.85365856
2018-1-10T13-49-42,1515588582447,0.84390247,0.034146342,0.39805827,0.84390247
2018-1-10T13-49-42,1515588582448,0.84390247,0.06341463,0.3398058,0.84390247
2018-1-10T13-49-42,1515588582449,0.81463414,0.043902438,0.407767,0.81463414
2018-1-10T13-49-42,1515588582450,0.81463414,0.014634146,0.47572815,0.81463414
2018-1-10T13-49-42,1515588582451,0.82439023,-0.024390243,0.49514562,0.82439023
2018-1-10T13-49-42,1515588582452,0.8341463,-0.053658538,0.3883495,0.8341463
2018-1-10T13-49-42,1515588582453,0.84390247,-0.06341463,0.39805827,0.84390247
2018-1-10T13-49-42,1515588582454,0.86341465,-0.06341463,0.5145631,0.86341465
2018-1-10T13-49-42,1515588582455,0.81463414,-0.08292683,0.4563107,0.81463414
2018-1-10T13-49-42,1515588582456,0.79512197,-0.07317073,0.4368932,0.79512197
2018-1-10T13-49-42,1515588582457,0.77560973,-0.07317073,0.47572815,0.77560973
2018-1-10T13-49-42,1515588582458,0.87317073,-0.08292683,0.52427185,0.87317073
2018-1-10T13-49-42,1515588582459,0.8926829,-0.09268293,0.5145631,0.8926829
2018-1-10T13-49-42,1515588582460,0.97073174,-0.034146342,0.4854369,0.97073174
2018-1-10T13-49-42,1515588582461,0.9512195,-0.014634146,0.47572815,0.9512195
2018-1-10T13-49-42,1515588582462,0.91219515,0.043902438,0.4854369,0.91219515
2018-1-10T13-49-42,1515588582463,0.902439,-0.014634146,0.4854369,0.902439
2018-1-10T13-49-42,1515588582464,0.82439023,0.024390243,0.44660193,0.82439023
2018-1-10T13-49-42,1515588582465,0.8341463,0.004878049,0.39805827,0.8341463
2018-1-10T13-49-42,1515588582466,0.80487806,-0.014634146,0.42718446,0.80487806
2018-1-10T13-49-42,1515588582467,0.77560973,-0.034146342,0.3883495,0.77560973
2018-1-10T13-49-42,1515588582468,0.75609756,-0.043902438,0.36893204,0.75609756
2018-1-10T13-49-42,1515588582469,0.75609756,-0.034146342,0.39805827,0.75609756
2018-1-10T13-49-42,1515588582470,0.7365854,-0.07317073,0.407767,0.7365854
2018-1-10T13-49-42,1515588582471,0.76585364,-0.004878049,0.3592233,0.76585364
2018-1-10T13-49-42,1515588582472,0.8341463,0.024390243,0.4854369,0.8341463
2018-1-10T13-49-42,1515588582473,0.86341465,-0.034146342,0.52427185,0.86341465
2018-1-10T13-49-42,1515588582474,0.87317073,-0.014634146,0.44660193,0.87317073
2018-1-10T13-49-42,1515588582475,0.9609756,0.053658538,0.4368932,0.9609756
2018-1-10T13-49-42,1515588582476,0.9609756,0.014634146,0.47572815,0.9609756
2018-1-10T13-49-42,1515588582477,0.902439,0.004878049,0.47572815,0.902439
2018-1-10T13-49-42,1515588582478,0.86341465,0.004878049,0.46601942,0.86341465
2018-1-10T13-49-42,1515588582479,0.82439023,0.043902438,0.47572815,0.82439023
2018-1-10T13-49-42,1515588582480,0.82439023,-0.024390243,0.44660193,0.82439023
2018-1-10T13-49-42,1515588582481,0.86341465,-0.024390243,0.41747573,0.86341465
2018-1-10T13-49-42,1515588582482,0.86341465,-0.043902438,0.44660193,0.86341465
2018-1-10T13-49-42,1515588582483,0.8341463,-0.07317073,0.3883495,0.8341463
2018-1-10T13-49-42,1515588582484,0.7853659,-0.07317073,0.46601942,0.7853659
2018-1-10T13-49-42,1515588582485,0.77560973,-0.09268293,0.47572815,0.77560973
2018-1-10T13-49-42,1515588582486,0.79512197,-0.09268293,0.407767,0.79512197
2018-1-10T13-49-42,1515588582487,0.77560973,-0.06341463,0.41747573,0.77560973
2018-1-10T13-49-42,1515588582488,0.82439023,-0.053658538,0.5145631,0.82439023
2018-1-10T13-49-42,1515588582489,0.86341465,-0.053658538,0.47572815,0.86341465
2018-1-10T13-49-42,1515588582490,0.902439,-0.004878049,0.52427185,0.902439
2018-1-10T13-49-42,1515588582491,0.9414634,0.014634146,0.3883495,0.9414634
2018-1-10T13-49-42,1515588582492,0.91219515,0.004878049,0.3883495,0.91219515
2018-1-10T13-49-42,1515588582493,0.86341465,0.004878049,0.407767,0.86341465
2018-1-10T13-49-42,1515588582494,0.82439023,0.014634146,0.49514562,0.82439023
2018-1-10T13-49-42,1515588582495,0.79512197,-0.024390243,0.46601942,0.79512197
2018-1-10T13-49-42,1515588582496,0.79512197,-0.034146342,0.3592233,0.79512197
2018-1-10T13-49-42,1515588582497,0.7853659,0.004878049,0.3883495,0.7853659
2018-1-10T13-49-42,1515588582498,0.86341465,-0.004878049,0.5436893,0.86341465
2018-1-10T13-49-42,1515588582499,0.92195123,-0.024390243,0.5339806,0.92195123
2018-1-10T13-49-42,1515588582500,0.91219515,-0.004878049,0.37864077,0.91219515
2018-1-10T13-49-42,1515588582501,0.8829268,0.024390243,0.407767,0.8829268
2018-1-10T13-49-42,1515588582502,0.8926829,0.024390243,0.52427185,0.8926829
2018-1-10T13-49-42,1515588582503,0.8341463,-0.024390243,0.5145631,0.8341463
2018-1-10T13-49-42,1515588582504,0.80487806,-0.004878049,0.32038835,0.80487806
2018-1-10T13-49-42,1515588582505,0.80487806,0.024390243,0.37864077,0.80487806
2018-1-10T13-49-42,1515588582506,0.87317073,-0.004878049,0.46601942,0.87317073
2018-1-10T13-49-42,1515588582507,0.7853659,-0.053658538,0.42718446,0.7853659
2018-1-10T13-49-42,1515588582508,0.7853659,-0.024390243,0.3592233,0.7853659
2018-1-10T13-49-42,1515588582509,0.81463414,-0.043902438,0.46601942,0.81463414
2018-1-10T13-49-42,1515588582510,0.86341465,-0.08292683,0.5339806,0.86341465
2018-1-10T13-49-42,1515588582511,0.84390247,-0.10243902,0.44660193,0.84390247
2018-1-10T13-49-42,1515588582512,0.8341463,-0.06341463,0.36893204,0.8341463
2018-1-10T13-49-42,1515588582513,0.82439023,0.024390243,0.47572815,0.82439023
2018-1-10T13-49-42,1515588582514,0.82439023,-0.07317073,0.5436893,0.82439023
2018-1-10T13-49-42,1515588582515,0.8829268,0.014634146,0.4854369,0.8829268
2018-1-10T13-49-42,1515588582516,0.87317073,-0.034146342,0.39805827,0.87317073
2018-1-10T13-49-42,1515588582517,0.87317073,-0.034146342,0.407767,0.87317073
2018-1-10T13-49-42,1515588582518,0.85365856,0.09268293,0.49514562,0.85365856
2018-1-10T13-49-42,1515588582519,0.77560973,0.004878049,0.49514562,0.77560973
2018-1-10T13-49-42,1515588582520,0.87317073,-0.004878049,0.4368932,0.87317073
2018-1-10T13-49-42,1515588582521,0.85365856,0.014634146,0.39805827,0.85365856
2018-1-10T13-49-42,1515588582522,0.8829268,0.034146342,0.5048544,0.8829268
2018-1-10T13-49-42,1515588582523,0.87317073,-0.014634146,0.52427185,0.87317073
2018-1-10T13-49-42,1515588582524,0.8829268,0.004878049,0.4563107,0.8829268
2018-1-10T13-49-42,1515588582525,0.85365856,0.004878049,0.36893204,0.85365856
2018-1-10T13-49-42,1515588582526,0.8341463,0.004878049,0.4368932,0.8341463
2018-1-10T13-49-42,1515588582527,0.84390247,-0.08292683,0.4854369,0.84390247
2018-1-10T13-49-42,1515588582528,0.79512197,-0.034146342,0.3883495,0.79512197
2018-1-10T13-49-42,1515588582529,0.7268293,-0.024390243,0.29126215,0.7268293
2018-1-10T13-49-42,1515588582530,0.71707314,-0.024390243,0.30097088,0.71707314
2018-1-10T13-49-42,1515588582531,0.74634147,-0.043902438,0.4854369,0.74634147
2018-1-10T13-49-42,1515588582532,0.79512197,-0.08292683,0.5048544,0.79512197
2018-1-10T13-49-42,1515588582533,0.87317073,-0.053658538,0.47572815,0.87317073
2018-1-10T13-49-42,1515588582534,0.9609756,-0.014634146,0.47572815,0.9609756
2018-1-10T13-49-42,1515588582535,1.0097561,-0.004878049,0.5631068,1.0097561
2018-1-10T13-49-42,1515588582536,0.9804878,0.004878049,0.57281554,0.9804878
2018-1-10T13-49-42,1515588582537,0.9414634,-0.014634146,0.46601942,0.9414634
2018-1-10T13-49-42,1515588582538,0.87317073,-0.014634146,0.3883495,0.87317073
2018-1-10T13-49-42,1515588582539,0.79512197,-0.024390243,0.37864077,0.79512197
2018-1-10T13-49-42,1515588582540,0.76585364,-0.07317073,0.47572815,0.76585364
2018-1-10T13-49-42,1515588582541,0.77560973,-0.09268293,0.4854369,0.77560973
2018-1-10T13-49-42,1515588582542,0.76585364,-0.10243902,0.37864077,0.76585364
2018-1-10T13-49-42,1515588582543,0.84390247,-0.043902438,0.36893204,0.84390247
2018-1-10T13-49-42,1515588582544,0.85365856,-0.034146342,0.4854369,0.85365856
2018-1-10T13-49-42,1515588582545,0.8341463,-0.004878049,0.49514562,0.8341463
2018-1-10T13-49-42,1515588582546,0.85365856,0.024390243,0.41747573,0.85365856
2018-1-10T13-49-42,1515588582547,0.84390247,0.024390243,0.4368932,0.84390247
2018-1-10T13-49-42,1515588582548,0.82439023,0.014634146,0.4368932,0.82439023
2018-1-10T13-49-42,1515588582549,0.7853659,0.043902438,0.42718446,0.7853659
2018-1-10T13-49-42,1515588582550,0.81463414,0.014634146,0.46601942,0.81463414
2018-1-10T13-49-42,1515588582551,0.86341465,-0.004878049,0.4368932,0.86341465
2018-1-10T13-49-42,1515588582552,0.80487806,0.004878049,0.39805827,0.80487806
2018-1-10T13-49-42,1515588582553,0.86341465,0.004878049,0.39805827,0.86341465
2018-1-10T13-49-42,1515588582554,0.8926829,0.014634146,0.47572815,0.8926829
2018-1-10T13-49-42,1515588582555,0.8829268,0.004878049,0.49514562,0.8829268
2018-1-10T13-49-42,1515588582556,0.87317073,0.004878049,0.44660193,0.87317073
2018-1-10T13-49-42,1515588582557,0.84390247,0.004878049,0.4563107,0.84390247
2018-1-10T13-49-42,1515588582558,0.91219515,-0.024390243,0.47572815,0.91219515
2018-1-10T13-49-42,1515588582559,0.8926829,-0.014634146,0.52427185,0.8926829
2018-1-10T13-49-42,1515588582560,0.8926829,-0.014634146,0.49514562,0.8926829
2018-1-10T13-49-42,1515588582561,0.84390247,-0.014634146,0.42718446,0.84390247
2018-1-10T13-49-42,1515588582562,0.84390247,-0.014634146,0.42718446,0.84390247
2018-1-10T13-49-42,1515588582563,0.82439023,-0.024390243,0.4563107,0.82439023
2018-1-10T13-49-42,1515588582564,0.80487806,0.014634146,0.4368932,0.80487806
2018-1-10T13-49-42,1515588582565,0.82439023,-0.053658538,0.37864077,0.82439023
2018-1-10T13-49-42,1515588582566,0.77560973,-0.053658538,0.34951457,0.77560973
2018-1-10T13-49-42,1515588582567,0.77560973,-0.07317073,0.3883495,0.77560973
2018-1-10T13-49-42,1515588582568,0.75609756,-0.06341463,0.4563107,0.75609756
2018-1-10T13-49-42,1515588582569,0.75609756,-0.07317073,0.49514562,0.75609756
2018-1-10T13-49-42,1515588582570,0.8829268,-0.06341463,0.4368932,0.8829268
2018-1-10T13-49-42,1515588582571,0.85365856,-0.024390243,0.407767,0.85365856
2018-1-10T13-49-42,1515588582572,0.8926829,0.043902438,0.4854369,0.8926829
2018-1-10T13-49-42,1515588582573,0.9414634,0.034146342,0.57281554,0.9414634
2018-1-10T13-49-42,1515588582574,0.9317073,-0.024390243,0.49514562,0.9317073
2018-1-10T13-49-42,1515588582575,0.92195123,-0.014634146,0.39805827,0.92195123
2018-1-10T13-49-42,1515588582576,0.87317073,-0.014634146,0.4854369,0.87317073
2018-1-10T13-49-42,1515588582577,0.84390247,-0.053658538,0.52427185,0.84390247
2018-1-10T13-49-42,1515588582578,0.82439023,-0.014634146,0.41747573,0.82439023
2018-1-10T13-49-42,1515588582579,0.80487806,0.024390243,0.3592233,0.80487806
2018-1-10T13-49-42,1515588582580,0.80487806,-0.004878049,0.407767,0.80487806
2018-1-10T13-49-42,1515588582581,0.80487806,-0.004878049,0.4368932,0.80487806
2018-1-10T13-49-42,1515588582582,0.81463414,-0.034146342,0.4368932,0.81463414
2018-1-10T13-49-42,1515588582583,0.84390247,-0.004878049,0.407767,0.84390247
2018-1-10T13-49-42,1515588582584,0.82439023,-0.034146342,0.44660193,0.82439023
2018-1-10T13-49-42,1515588582585,0.85365856,-0.053658538,0.52427185,0.85365856
2018-1-10T13-49-42,1515588582586,0.85365856,-0.043902438,0.44660193,0.85365856
2018-1-10T13-49-42,1515588582587,0.84390247,-0.024390243,0.407767,0.84390247
2018-1-10T13-49-42,1515588582588,0.84390247,-0.014634146,0.42718446,0.84390247
2018-1-10T13-49-42,1515588582589,0.8341463,-0.034146342,0.42718446,0.8341463
2018-1-10T13-49-42,1515588582590,0.81463414,0.024390243,0.42718446,0.81463414
2018-1-10T13-49-42,1515588582591,0.5512195,-0.004878049,0.4563107,0.5512195
2018-1-10T13-49-42,1515588582592,0.87317073,-0.014634146,0.407767,0.87317073
2018-1-10T13-49-42,1515588582593,0.902439,-0.014634146,0.407767,0.902439
2018-1-10T13-49-42,1515588582594,0.85365856,-0.014634146,0.39805827,0.85365856
2018-1-10T13-49-42,1515588582595,0.86341465,-0.034146342,0.57281554,0.86341465
2018-1-10T13-49-42,1515588582596,0.8926829,-0.043902438,0.57281554,0.8926829
2018-1-10T13-49-42,1515588582597,0.9317073,-0.034146342,0.4854369,0.9317073
2018-1-10T13-49-42,1515588582598,0.8926829,-0.034146342,0.42718446,0.8926829
2018-1-10T13-49-42,1515588582599,0.902439,-0.034146342,0.44660193,0.902439
2018-1-10T13-49-42,1515588582600,0.86341465,-0.004878049,0.47572815,0.86341465
2018-1-10T13-49-42,1515588582601,0.81463414,0.004878049,0.42718446,0.81463414
2018-1-10T13-49-42,1515588582602,0.75609756,-0.014634146,0.3883495,0.75609756
2018-1-10T13-49-42,1515588582603,0.7853659,-0.043902438,0.39805827,0.7853659
2018-1-10T13-49-42,1515588582604,0.76585364,-0.053658538,0.37864077,0.76585364
2018-1-10T13-49-42,1515588582605,0.77560973,-0.024390243,0.3592233,0.77560973
2018-1-10T13-49-42,1515588582606,0.74634147,0.004878049,0.39805827,0.74634147
2018-1-10T13-49-42,1515588582607,0.76585364,-0.014634146,0.407767,0.76585364
2018-1-10T13-49-42,1515588582608,0.79512197,-0.034146342,0.44660193,0.79512197
2018-1-10T13-49-42,1515588582609,0.85365856,-0.014634146,0.4563107,0.85365856
2018-1-10T13-49-42,1515588582610,0.91219515,-0.014634146,0.4854369,0.91219515
2018-1-10T13-49-42,1515588582611,0.91219515,-0.014634146,0.5048544,0.91219515
2018-1-10T13-49-42,1515588582612,0.9609756,-0.014634146,0.5145631,0.9609756
2018-1-10T13-49-42,1515588582613,0.9414634,-0.024390243,0.5145631,0.9414634
2018-1-10T13-49-42,1515588582614,0.902439,-0.004878049,0.44660193,0.902439
2018-1-10T13-49-42,1515588582615,0.86341465,0.024390243,0.39805827,0.86341465
2018-1-10T13-49-42,1515588582616,0.81463414,-0.024390243,0.4563107,0.81463414
2018-1-10T13-49-42,1515588582617,0.81463414,-0.024390243,0.4854369,0.81463414
2018-1-10T13-49-42,1515588582618,0.75609756,-0.043902438,0.46601942,0.75609756
2018-1-10T13-49-42,1515588582619,0.84390247,-0.053658538,0.34951457,0.84390247
2018-1-10T13-49-42,1515588582620,0.82439023,-0.043902438,0.37864077,0.82439023
2018-1-10T13-49-42,1515588582621,0.77560973,-0.043902438,0.4368932,0.77560973
2018-1-10T13-49-42,1515588582622,0.77560973,-0.053658538,0.4854369,0.77560973
2018-1-10T13-49-42,1515588582623,0.7853659,-0.043902438,0.46601942,0.7853659
2018-1-10T13-49-42,1515588582624,0.82439023,-0.024390243,0.37864077,0.82439023
2018-1-10T13-49-42,1515588582625,0.84390247,0.014634146,0.39805827,0.84390247
2018-1-10T13-49-42,1515588582626,0.86341465,-0.014634146,0.46601942,0.86341465
2018-1-10T13-49-42,1515588582627,0.8926829,-0.053658538,0.49514562,0.8926829
2018-1-10T13-49-42,1515588582628,0.8829268,-0.014634146,0.4563107,0.8829268
2018-1-10T13-49-42,1515588582629,0.82439023,-0.043902438,0.37864077,0.82439023
2018-1-10T13-49-42,1515588582630,0.82439023,-0.014634146,0.39805827,0.82439023
2018-1-10T13-49-42,1515588582631,0.74634147,-0.024390243,0.49514562,0.74634147
2018-1-10T13-49-42,1515588582632,0.82439023,-0.004878049,0.4854369,0.82439023
2018-1-10T13-49-42,1515588582633,0.8926829,0.024390243,0.4368932,0.8926829
2018-1-10T13-49-42,1515588582634,0.91219515,-0.024390243,0.4563107,0.91219515
2018-1-10T13-49-42,1515588582635,0.92195123,0.014634146,0.5145631,0.92195123
2018-1-10T13-49-42,1515588582636,0.9317073,0.024390243,0.5145631,0.9317073
2018-1-10T13-49-42,1515588582637,0.92195123,0.004878049,0.5048544,0.92195123
2018-1-10T13-49-42,1515588582638,0.86341465,0.004878049,0.41747573,0.86341465
2018-1-10T13-49-42,1515588582639,0.81463414,-0.024390243,0.4368932,0.81463414
2018-1-10T13-49-42,1515588582640,0.76585364,-0.034146342,0.41747573,0.76585364
2018-1-10T13-49-42,1515588582641,0.7268293,0.004878049,0.33009708,0.7268293
2018-1-10T13-49-42,1515588582642,0.77560973,-0.043902438,0.39805827,0.77560973
2018-1-10T13-49-42,1515588582643,0.77560973,-0.07317073,0.39805827,0.77560973
2018-1-10T13-49-42,1515588582644,0.79512197,-0.053658538,0.407767,0.79512197
2018-1-10T13-49-42,1515588582645,0.80487806,-0.014634146,0.44660193,0.80487806
2018-1-10T13-49-42,1515588582646,0.82439023,0.024390243,0.41747573,0.82439023
2018-1-10T13-49-42,1515588582647,0.8341463,0.043902438,0.41747573,0.8341463
2018-1-10T13-49-42,1515588582648,0.84390247,-0.034146342,0.47572815,0.84390247
2018-1-10T13-49-42,1515588582649,0.85365856,-0.034146342,0.4563107,0.85365856
2018-1-10T13-49-42,1515588582650,0.8926829,-0.043902438,0.4563107,0.8926829
2018-1-10T13-49-42,1515588582651,0.902439,-0.07317073,0.4563107,0.902439
2018-1-10T13-49-42,1515588582652,0.87317073,-0.07317073,0.46601942,0.87317073
2018-1-10T13-49-42,1515588582653,0.87317073,-0.053658538,0.47572815,0.87317073
2018-1-10T13-49-42,1515588582654,0.86341465,-0.06341463,0.47572815,0.86341465
2018-1-10T13-49-42,1515588582655,0.85365856,-0.043902438,0.41747573,0.85365856
2018-1-10T13-49-42,1515588582656,0.87317073,-0.034146342,0.49514562,0.87317073
2018-1-10T13-49-42,1515588582657,0.902439,-0.024390243,0.4854369,0.902439
2018-1-10T13-49-42,1515588582658,0.91219515,-0.004878049,0.46601942,0.91219515
2018-1-10T13-49-42,1515588582659,0.902439,0.043902438,0.5048544,0.902439
2018-1-10T13-49-42,1515588582660,0.91219515,0.014634146,0.49514562,0.91219515
2018-1-10T13-49-42,1515588582661,0.85365856,0.014634146,0.37864077,0.85365856
2018-1-10T13-49-42,1515588582662,0.76585364,0.034146342,0.34951457,0.76585364
2018-1-10T13-49-42,1515588582663,0.75609756,0.034146342,0.3883495,0.75609756
2018-1-10T13-49-42,1515588582664,0.70731705,-0.014634146,0.39805827,0.70731705
2018-1-10T13-49-42,1515588582665,0.70731705,-0.004878049,0.32038835,0.70731705
2018-1-10T13-49-42,1515588582666,0.71707314,-0.014634146,0.3592233,0.71707314
2018-1-10T13-49-42,1515588582667,0.81463414,-0.08292683,0.44660193,0.81463414
2018-1-10T13-49-42,1515588582668,0.7853659,-0.07317073,0.3883495,0.7853659
2018-1-10T13-49-42,1515588582669,0.84390247,-0.024390243,0.44660193,0.84390247
2018-1-10T13-49-42,1515588582670,0.64878047,-0.014634146,0.5339806,0.64878047
2018-1-10T13-49-42,1515588582671,0.91219515,-0.014634146,0.5436893,0.91219515
2018-1-10T13-49-42,1515588582672,0.902439,0.004878049,0.4563107,0.902439
2018-1-10T13-49-42,1515588582673,0.9512195,0.024390243,0.44660193,0.9512195
2018-1-10T13-49-42,1515588582674,0.9609756,-0.014634146,0.592233,0.9609756
2018-1-10T13-49-42,1515588582675,0.9512195,-0.07317073,0.5436893,0.9512195
2018-1-10T13-49-42,1515588582676,0.8829268,-0.06341463,0.41747573,0.8829268
2018-1-10T13-49-42,1515588582677,0.84390247,-0.034146342,0.39805827,0.84390247
2018-1-10T13-49-42,1515588582678,0.8341463,-0.043902438,0.5048544,0.8341463
2018-1-10T13-49-42,1515588582679,0.79512197,-0.06341463,0.4854369,0.79512197
2018-1-10T13-49-42,1515588582680,0.77560973,-0.024390243,0.407767,0.77560973
2018-1-10T13-49-42,1515588582681,0.80487806,-0.014634146,0.39805827,0.80487806
2018-1-10T13-49-42,1515588582682,0.79512197,-0.024390243,0.42718446,0.79512197
2018-1-10T13-49-42,1515588582683,0.80487806,-0.034146342,0.37864077,0.80487806
2018-1-10T13-49-42,1515588582684,0.79512197,-0.034146342,0.39805827,0.79512197
2018-1-10T13-49-42,1515588582685,0.7365854,-0.043902438,0.44660193,0.7365854
2018-1-10T13-49-42,1515588582686,0.81463414,-0.043902438,0.407767,0.81463414
2018-1-10T13-49-42,1515588582687,0.81463414,-0.014634146,0.47572815,0.81463414
2018-1-10T13-49-42,1515588582688,0.8926829,-0.004878049,0.46601942,0.8926829
2018-1-10T13-49-42,1515588582689,0.8926829,0.004878049,0.3883495,0.8926829
2018-1-10T13-49-42,1515588582690,0.86341465,0.024390243,0.36893204,0.86341465
2018-1-10T13-49-42,1515588582691,0.86341465,0.07317073,0.46601942,0.86341465
2018-1-10T13-49-42,1515588582692,0.85365856,-0.034146342,0.5533981,0.85365856
2018-1-10T13-49-42,1515588582693,0.84390247,0.024390243,0.4368932,0.84390247
2018-1-10T13-49-42,1515588582694,0.84390247,-0.004878049,0.3883495,0.84390247
2018-1-10T13-49-42,1515588582695,0.8829268,-0.024390243,0.5048544,0.8829268
2018-1-10T13-49-42,1515588582696,0.8926829,-0.034146342,0.4854369,0.8926829
2018-1-10T13-49-42,1515588582697,0.86341465,-0.004878049,0.4563107,0.86341465
2018-1-10T13-49-42,1515588582698,0.87317073,-0.024390243,0.49514562,0.87317073
2018-1-10T13-49-42,1515588582699,0.902439,-0.06341463,0.5631068,0.902439
2018-1-10T13-49-42,1515588582700,0.9414634,-0.07317073,0.46601942,0.9414634
2018-1-10T13-49-42,1515588582701,0.81463414,-0.034146342,0.37864077,0.81463414
2018-1-10T13-49-42,1515588582702,0.8341463,-0.034146342,0.41747573,0.8341463
2018-1-10T13-49-42,1515588582703,0.80487806,0.024390243,0.4563107,0.80487806
2018-1-10T13-49-42,1515588582704,0.76585364,-0.024390243,0.4368932,0.76585364
2018-1-10T13-49-42,1515588582705,0.79512197,-0.004878049,0.3883495,0.79512197
2018-1-10T13-49-42,1515588582706,0.80487806,-0.034146342,0.33009708,0.80487806
2018-1-10T13-49-42,1515588582707,0.82439023,-0.014634146,0.46601942,0.82439023
2018-1-10T13-49-42,1515588582708,0.85365856,0.024390243,0.5145631,0.85365856
2018-1-10T13-49-42,1515588582709,0.86341465,-0.043902438,0.4563107,0.86341465
2018-1-10T13-49-42,1515588582710,0.85365856,0.004878049,0.36893204,0.85365856
2018-1-10T13-49-42,1515588582711,0.8341463,-0.024390243,0.4368932,0.8341463
2018-1-10T13-49-42,1515588582712,0.84390247,-0.053658538,0.5339806,0.84390247
2018-1-10T13-49-42,1515588582713,0.77560973,-0.07317073,0.4563107,0.77560973
2018-1-10T13-49-42,1515588582714,0.82439023,-0.014634146,0.3883495,0.82439023
2018-1-10T13-49-42,1515588582715,0.85365856,-0.024390243,0.41747573,0.85365856
2018-1-10T13-49-42,1515588582716,0.87317073,-0.014634146,0.49514562,0.87317073
2018-1-10T13-49-42,1515588582717,0.8926829,-0.043902438,0.5533981,0.8926829
2018-1-10T13-49-42,1515588582718,0.9512195,0.004878049,0.5145631,0.9512195
2018-1-10T13-49-42,1515588582719,0.91219515,-0.024390243,0.4563107,0.91219515
2018-1-10T13-49-42,1515588582720,0.8829268,0.004878049,0.37864077,0.8829268
2018-1-10T13-49-42,1515588582721,0.80487806,-0.004878049,0.41747573,0.80487806
2018-1-10T13-49-42,1515588582722,0.76585364,-0.024390243,0.47572815,0.76585364
2018-1-10T13-49-42,1515588582723,0.77560973,-0.043902438,0.42718446,0.77560973
2018-1-10T13-49-42,1515588582724,0.76585364,-0.024390243,0.34951457,0.76585364
2018-1-10T13-49-42,1515588582725,0.7853659,-0.004878049,0.32038835,0.7853659
2018-1-10T13-49-42,1515588582726,0.75609756,-0.004878049,0.39805827,0.75609756
2018-1-10T13-49-42,1515588582727,0.80487806,-0.004878049,0.5145631,0.80487806
2018-1-10T13-49-42,1515588582728,0.87317073,-0.014634146,0.49514562,0.87317073
2018-1-10T13-49-42,1515588582729,0.902439,0.004878049,0.407767,0.902439
2018-1-10T13-49-42,1515588582730,0.9317073,0.004878049,0.4563107,0.9317073
2018-1-10T13-49-42,1515588582731,0.9414634,0.33658537,0.5145631,0.9414634
2018-1-10T13-49-42,1515588582732,0.8829268,-0.043902438,0.52427185,0.8829268
2018-1-10T13-49-42,1515588582733,0.8926829,-0.024390243,0.47572815,0.8926829
2018-1-10T13-49-42,1515588582734,0.85365856,-0.043902438,0.42718446,0.85365856
2018-1-10T13-49-42,1515588582735,0.82439023,-0.043902438,0.39805827,0.82439023
2018-1-10T13-49-42,1515588582736,0.8341463,0.004878049,0.4854369,0.8341463
2018-1-10T13-49-42,1515588582737,0.87317073,0.014634146,0.5339806,0.87317073
2018-1-10T13-49-42,1515588582738,0.82439023,-0.024390243,0.407767,0.82439023
2018-1-10T13-49-42,1515588582739,0.82439023,-0.014634146,0.3592233,0.82439023
2018-1-10T13-49-42,1515588582740,0.87317073,-0.014634146,0.47572815,0.87317073
2018-1-10T13-49-42,1515588582741,0.86341465,-0.053658538,0.5145631,0.86341465
2018-1-10T13-49-42,1515588582742,0.81463414,0.024390243,0.407767,0.81463414
2018-1-10T13-49-42,1515588582743,0.80487806,-0.034146342,0.3883495,0.80487806
2018-1-10T13-49-42,1515588582744,0.7853659,-0.07317073,0.44660193,0.7853659
2018-1-10T13-49-42,1515588582745,0.79512197,-0.08292683,0.39805827,0.79512197
2018-1-10T13-49-42,1515588582746,0.75609756,-0.034146342,0.3398058,0.75609756
2018-1-10T13-49-42,1515588582747,0.7853659,-0.024390243,0.44660193,0.7853659
2018-1-10T13-49-42,1515588582748,0.86341465,-0.034146342,0.5048544,0.86341465
2018-1-10T13-49-42,1515588582749,0.84390247,0.014634146,0.42718446,0.84390247
2018-1-10T13-49-42,1515588582750,0.92195123,0.004878049,0.407767,0.92195123
2018-1-10T13-49-42,1515588582751,0.9414634,0.053658538,0.4854369,0.9414634
2018-1-10T13-49-42,1515588582752,0.9414634,0.034146342,0.5533981,0.9414634
2018-1-10T13-49-42,1515588582753,0.9609756,0.034146342,0.52427185,0.9609756
2018-1-10T13-49-42,1515588582754,0.97073174,-0.004878049,0.47572815,0.97073174
2018-1-10T13-49-42,1515588582755,0.902439,-0.004878049,0.4368932,0.902439
2018-1-10T13-49-42,1515588582756,0.81463414,-0.043902438,0.3883495,0.81463414
2018-1-10T13-49-42,1515588582757,0.7365854,-0.053658538,0.42718446,0.7365854
2018-1-10T13-49-42,1515588582758,0.74634147,-0.053658538,0.407767,0.74634147
2018-1-10T13-49-42,1515588582759,0.7268293,-0.08292683,0.407767,0.7268293
2018-1-10T13-49-42,1515588582760,0.8341463,-0.07317073,0.407767,0.8341463
2018-1-10T13-49-42,1515588582761,0.84390247,-0.053658538,0.44660193,0.84390247
2018-1-10T13-49-42,1515588582762,0.86341465,0.24878049,0.46601942,0.86341465
2018-1-10T13-49-42,1515588582763,0.902439,0.004878049,0.4563107,0.902439
2018-1-10T13-49-42,1515588582764,0.9317073,-0.004878049,0.5048544,0.9317073
2018-1-10T13-49-42,1515588582765,0.91219515,-0.024390243,0.4854369,0.91219515
2018-1-10T13-49-42,1515588582766,0.8341463,-0.014634146,0.42718446,0.8341463
2018-1-10T13-49-42,1515588582767,0.82439023,-0.004878049,0.37864077,0.82439023
2018-1-10T13-49-42,1515588582768,0.77560973,-0.024390243,0.4854369,0.77560973
2018-1-10T13-49-42,1515588582769,0.75609756,-0.034146342,0.42718446,0.75609756
2018-1-10T13-49-42,1515588582770,0.79512197,-0.014634146,0.42718446,0.79512197
2018-1-10T13-49-42,1515588582771,0.85365856,0.034146342,0.42718446,0.85365856
2018-1-10T13-49-42,1515588582772,0.87317073,-0.004878049,0.4563107,0.87317073
2018-1-10T13-49-42,1515588582773,1.0,0.024390243,0.4854369,1.0
2018-1-10T13-49-42,1515588582774,0.92195123,0.014634146,0.5145631,0.92195123
2018-1-10T13-49-42,1515588582775,0.8829268,-0.004878049,0.4368932,0.8829268
2018-1-10T13-49-42,1515588582776,0.8926829,-0.014634146,0.4854369,0.8926829
2018-1-10T13-49-42,1515588582777,0.84390247,-0.043902438,0.4563107,0.84390247
2018-1-10T13-49-42,1515588582778,0.87317073,-0.07317073,0.407767,0.87317073
2018-1-10T13-49-42,1515588582779,0.77560973,-0.11219512,0.4368932,0.77560973
2018-1-10T13-49-42,1515588582780,0.75609756,-0.08292683,0.4563107,0.75609756
2018-1-10T13-49-42,1515588582781,0.7853659,-0.06341463,0.36893204,0.7853659
2018-1-10T13-49-42,1515588582782,0.80487806,-0.004878049,0.37864077,0.80487806
2018-1-10T13-49-42,1515588582783,0.81463414,0.004878049,0.46601942,0.81463414
2018-1-10T13-49-42,1515588582784,0.86341465,-0.004878049,0.4368932,0.86341465
2018-1-10T13-49-42,1515588582785,0.82439023,0.053658538,0.3592233,0.82439023
2018-1-10T13-49-42,1515588582786,0.8829268,0.06341463,0.47572815,0.8829268
2018-1-10T13-49-42,1515588582787,0.91219515,0.034146342,0.57281554,0.91219515
2018-1-10T13-49-42,1515588582788,0.8829268,0.024390243,0.46601942,0.8829268
2018-1-10T13-49-42,1515588582789,0.87317073,0.13170731,0.37864077,0.87317073
2018-1-10T13-49-42,1515588582790,0.8829268,0.024390243,0.4368932,0.8829268
2018-1-10T13-49-42,1515588582791,0.84390247,-0.034146342,0.5339806,0.84390247
2018-1-10T13-49-42,1515588582792,0.86341465,-0.053658538,0.5533981,0.86341465
2018-1-10T13-49-42,1515588582793,0.87317073,-0.11219512,0.44660193,0.87317073
2018-1-10T13-49-42,1515588582794,0.86341465,-0.07317073,0.34951457,0.86341465
2018-1-10T13-49-42,1515588582795,0.84390247,-0.06341463,0.44660193,0.84390247
2018-1-10T13-49-42,1515588582796,0.8341463,-0.12195122,0.5339806,0.8341463
2018-1-10T13-49-42,1515588582797,0.79512197,-0.12195122,0.5339806,0.79512197
2018-1-10T13-49-42,1515588582798,0.82439023,-0.09268293,0.47572815,0.82439023
2018-1-10T13-49-42,1515588582799,0.8926829,-0.043902438,0.41747573,0.8926829
2018-1-10T13-49-42,1515588582800,0.86341465,0.004878049,0.39805827,0.86341465
2018-1-10T13-49-42,1515588582801,0.79512197,0.014634146,0.3883495,0.79512197
2018-1-10T13-49-42,1515588582802,0.79512197,0.004878049,0.407767,0.79512197
2018-1-10T13-49-42,1515588582803,0.79512197,0.09268293,0.3883495,0.79512197
2018-1-10T13-49-42,1515588582804,0.7853659,0.034146342,0.3592233,0.7853659
2018-1-10T13-49-42,1515588582805,0.80487806,0.014634146,0.407767,0.80487806
2018-1-10T13-49-42,1515588582806,0.84390247,0.024390243,0.49514562,0.84390247
2018-1-10T13-49-42,1515588582807,0.8926829,0.034146342,0.47572815,0.8926829
2018-1-10T13-49-42,1515588582808,0.91219515,0.043902438,0.46601942,0.91219515
2018-1-10T13-49-42,1515588582809,0.9414634,0.024390243,0.4854369,0.9414634
2018-1-10T13-49-42,1515588582810,0.9512195,0.06341463,0.5339806,0.9512195
2018-1-10T13-49-42,1515588582811,0.902439,-0.043902438,0.52427185,0.902439
2018-1-10T13-49-42,1515588582812,0.8829268,-0.014634146,0.42718446,0.8829268
2018-1-10T13-49-42,1515588582813,0.8341463,-0.043902438,0.42718446,0.8341463
2018-1-10T13-49-42,1515588582814,0.80487806,-0.07317073,0.49514562,0.80487806
2018-1-10T13-49-42,1515588582815,0.80487806,-0.06341463,0.44660193,0.80487806
2018-1-10T13-49-42,1515588582816,0.77560973,-0.053658538,0.37864077,0.77560973
2018-1-10T13-49-42,1515588582817,0.80487806,-0.034146342,0.407767,0.80487806
2018-1-10T13-49-42,1515588582818,0.80487806,-0.024390243,0.42718446,0.80487806
2018-1-10T13-49-42,1515588582819,0.77560973,-0.004878049,0.37864077,0.77560973
2018-1-10T13-49-42,1515588582820,0.80487806,-0.004878049,0.39805827,0.80487806
2018-1-10T13-49-42,1515588582821,0.82439023,-0.014634146,0.4854369,0.82439023
2018-1-10T13-49-42,1515588582822,0.87317073,-0.024390243,0.47572815,0.87317073
2018-1-10T13-49-42,1515588582823,0.8829268,-0.034146342,0.42718446,0.8829268
2018-1-10T13-49-42,1515588582824,0.8829268,0.014634146,0.47572815,0.8829268
2018-1-10T13-49-42,1515588582825,0.91219515,0.004878049,0.46601942,0.91219515
2018-1-10T13-49-42,1515588582826,0.76585364,-0.004878049,0.49514562,0.76585364
2018-1-10T13-49-42,1515588582827,0.82439023,-0.024390243,0.39805827,0.82439023
2018-1-10T13-49-42,1515588582828,0.82439023,-0.053658538,0.42718446,0.82439023
2018-1-10T13-49-42,1515588582829,0.81463414,-0.09268293,0.49514562,0.81463414
2018-1-10T13-49-42,1515588582830,0.85365856,-0.07317073,0.5436893,0.85365856
2018-1-10T13-49-42,1515588582831,0.91219515,-0.06341463,0.49514562,0.91219515
2018-1-10T13-49-42,1515588582832,0.8829268,-0.053658538,0.42718446,0.8829268
2018-1-10T13-49-42,1515588582833,0.902439,-0.024390243,0.4563107,0.902439
2018-1-10T13-49-42,1515588582834,0.8829268,-0.004878049,0.57281554,0.8829268
2018-1-10T13-49-42,1515588582835,0.86341465,-0.014634146,0.46601942,0.86341465
2018-1-10T13-49-42,1515588582836,0.8341463,0.024390243,0.37864077,0.8341463
2018-1-10T13-49-42,1515588582837,0.8341463,0.043902438,0.41747573,0.8341463
2018-1-10T13-49-42,1515588582838,0.80487806,0.024390243,0.37864077,0.80487806
2018-1-10T13-49-42,1515588582839,0.77560973,-0.043902438,0.36893204,0.77560973
2018-1-10T13-49-42,1515588582840,0.7853659,0.024390243,0.42718446,0.7853659
2018-1-10T13-49-42,1515588582841,0.79512197,-0.024390243,0.41747573,0.79512197
2018-1-10T13-49-42,1515588582842,0.79512197,-0.024390243,0.37864077,0.79512197
2018-1-10T13-49-42,1515588582843,0.81463414,-0.004878049,0.4368932,0.81463414
2018-1-10T13-49-42,1515588582844,0.8829268,-0.034146342,0.4854369,0.8829268
2018-1-10T13-49-42,1515588582845,0.87317073,-0.034146342,0.44660193,0.87317073
2018-1-10T13-49-42,1515588582846,0.85365856,-0.024390243,0.407767,0.85365856
2018-1-10T13-49-42,1515588582847,0.86341465,-0.043902438,0.4854369,0.86341465
2018-1-10T13-49-42,1515588582848,0.79512197,-0.053658538,0.5145631,0.79512197
2018-1-10T13-49-42,1515588582849,0.87317073,-0.06341463,0.4854369,0.87317073
2018-1-10T13-49-42,1515588582850,0.87317073,-0.034146342,0.4563107,0.87317073
2018-1-10T13-49-42,1515588582851,0.8829268,-0.043902438,0.407767,0.8829268
2018-1-10T13-49-42,1515588582852,0.85365856,-0.014634146,0.41747573,0.85365856
2018-1-10T13-49-42,1515588582853,0.85365856,-0.004878049,0.4854369,0.85365856
2018-1-10T13-49-42,1515588582854,0.8341463,-0.043902438,0.4854369,0.8341463
2018-1-10T13-49-42,1515588582855,0.84390247,-0.014634146,0.42718446,0.84390247
2018-1-10T13-49-42,1515588582856,0.82439023,-0.024390243,0.4368932,0.82439023
2018-1-10T13-49-42,1515588582857,0.84390247,-0.014634146,0.47572815,0.84390247
2018-1-10T13-49-42,1515588582858,0.86341465,-0.014634146,0.4854369,0.86341465
2018-1-10T13-49-42,1515588582859,0.84390247,-0.004878049,0.407767,0.84390247
2018-1-10T13-49-42,1515588582860,0.8341463,0.034146342,0.36893204,0.8341463
2018-1-10T13-49-42,1515588582861,0.8829268,0.004878049,0.47572815,0.8829268
2018-1-10T13-49-42,1515588582862,0.82439023,-0.014634146,0.46601942,0.82439023
2018-1-10T13-49-42,1515588582863,0.77560973,-0.014634146,0.36893204,0.77560973
2018-1-10T13-49-42,1515588582864,0.84390247,0.014634146,0.42718446,0.84390247
2018-1-10T13-49-42,1515588582865,0.8829268,-0.014634146,0.5048544,0.8829268
2018-1-10T13-49-42,1515588582866,0.87317073,-0.024390243,0.44660193,0.87317073
2018-1-10T13-49-42,1515588582867,0.8926829,0.014634146,0.407767,0.8926829
2018-1-10T13-49-42,1515588582868,0.86341465,-0.004878049,0.46601942,0.86341465
2018-1-10T13-49-42,1515588582869,0.85365856,-0.014634146,0.407767,0.85365856
2018-1-10T13-49-42,1515588582870,0.82439023,-0.014634146,0.44660193,0.82439023
2018-1-10T13-49-42,1515588582871,0.81463414,-0.053658538,0.46601942,0.81463414
2018-1-10T13-49-42,1515588582872,0.85365856,-0.06341463,0.44660193,0.85365856
2018-1-10T13-49-42,1515588582873,0.8341463,-0.07317073,0.44660193,0.8341463
2018-1-10T13-49-42,1515588582874,0.87317073,-0.06341463,0.42718446,0.87317073
2018-1-10T13-49-42,1515588582875,0.8341463,-0.13170731,0.4368932,0.8341463
2018-1-10T13-49-42,1515588582876,0.7853659,-0.06341463,0.41747573,0.7853659
2018-1-10T13-49-42,1515588582877,0.80487806,-0.043902438,0.4368932,0.80487806
2018-1-10T13-49-42,1515588582878,0.82439023,-0.053658538,0.4368932,0.82439023
2018-1-10T13-49-42,1515588582879,0.81463414,-0.034146342,0.407767,0.81463414
2018-1-10T13-49-42,1515588582880,0.84390247,-0.004878049,0.46601942,0.84390247
2018-1-10T13-49-42,1515588582881,0.92195123,-0.024390243,0.4854369,0.92195123
2018-1-10T13-49-42,1515588582882,0.9317073,-0.024390243,0.4563107,0.9317073
2018-1-10T13-49-42,1515588582883,0.92195123,0.034146342,0.4854369,0.92195123
2018-1-10T13-49-42,1515588582884,0.9317073,0.014634146,0.5339806,0.9317073
2018-1-10T13-49-42,1515588582885,0.902439,-0.004878049,0.4368932,0.902439
2018-1-10T13-49-42,1515588582886,0.8829268,0.043902438,0.32038835,0.8829268
2018-1-10T13-49-42,1515588582887,0.81463414,0.043902438,0.41747573,0.81463414
2018-1-10T13-49-42,1515588582888,0.7853659,-0.014634146,0.47572815,0.7853659
2018-1-10T13-49-42,1515588582889,0.7853659,-0.053658538,0.44660193,0.7853659
2018-1-10T13-49-42,1515588582890,0.80487806,-0.034146342,0.3883495,0.80487806
2018-1-10T13-49-42,1515588582891,0.80487806,-0.024390243,0.3398058,0.80487806
2018-1-10T13-49-42,1515588582892,0.7853659,-0.024390243,0.42718446,0.7853659
2018-1-10T13-49-42,1515588582893,0.7853659,-0.024390243,0.44660193,0.7853659
2018-1-10T13-49-42,1515588582894,0.79512197,-0.043902438,0.42718446,0.79512197
2018-1-10T13-49-42,1515588582895,0.84390247,0.014634146,0.3883495,0.84390247
2018-1-10T13-49-42,1515588582896,0.85365856,-0.014634146,0.42718446,0.85365856
2018-1-10T13-49-42,1515588582897,0.85365856,-0.043902438,0.4854369,0.85365856
2018-1-10T13-49-42,1515588582898,0.8341463,-0.043902438,0.4854369,0.8341463
2018-1-10T13-49-42,1515588582899,0.82439023,-0.06341463,0.46601942,0.82439023
2018-1-10T13-49-42,1515588582900,0.87317073,-0.043902438,0.4854369,0.87317073
2018-1-10T13-49-42,1515588582901,0.87317073,-0.004878049,0.44660193,0.87317073
2018-1-10T13-49-42,1515588582902,0.87317073,-0.053658538,0.44660193,0.87317073
2018-1-10T13-49-42,1515588582903,0.87317073,-0.053658538,0.46601942,0.87317073
2018-1-10T13-49-42,1515588582904,0.86341465,-0.034146342,0.49514562,0.86341465
2018-1-10T13-49-42,1515588582905,0.8829268,-0.043902438,0.49514562,0.8829268
2018-1-10T13-49-42,1515588582906,0.8829268,-0.053658538,0.4854369,0.8829268
2018-1-10T13-49-42,1515588582907,0.8926829,-0.024390243,0.4563107,0.8926829
2018-1-10T13-49-42,1515588582908,0.8829268,-0.014634146,0.4563107,0.8829268
2018-1-10T13-49-42,1515588582909,0.8926829,-0.004878049,0.46601942,0.8926829
2018-1-10T13-49-42,1515588582910,0.84390247,0.004878049,0.42718446,0.84390247
2018-1-10T13-49-42,1515588582911,0.81463414,0.06341463,0.42718446,0.81463414
2018-1-10T13-49-42,1515588582912,0.77560973,-0.014634146,0.4368932,0.77560973
2018-1-10T13-49-42,1515588582913,0.82439023,0.004878049,0.4368932,0.82439023
2018-1-10T13-49-42,1515588582914,0.81463414,0.014634146,0.39805827,0.81463414
2018-1-10T13-49-42,1515588582915,0.7853659,-0.014634146,0.39805827,0.7853659
2018-1-10T13-49-42,1515588582916,0.79512197,-0.053658538,0.37864077,0.79512197
2018-1-10T13-49-42,1515588582917,0.7365854,-0.024390243,0.3883495,0.7365854
2018-1-10T13-49-42,1515588582918,0.74634147,-0.043902438,0.42718446,0.74634147
2018-1-10T13-49-42,1515588582919,0.80487806,-0.053658538,0.4368932,0.80487806
2018-1-10T13-49-42,1515588582920,0.82439023,-0.053658538,0.46601942,0.82439023
2018-1-10T13-49-42,1515588582921,0.8926829,-0.024390243,0.47572815,0.8926829
2018-1-10T13-49-42,1515588582922,0.87317073,-0.004878049,0.4563107,0.87317073
2018-1-10T13-49-42,1515588582923,0.9317073,-0.014634146,0.5339806,0.9317073
2018-1-10T13-49-42,1515588582924,0.92195123,0.034146342,0.4368932,0.92195123
2018-1-10T13-49-42,1515588582925,0.8829268,0.043902438,0.5048544,0.8829268
2018-1-10T13-49-42,1515588582926,0.91219515,-0.014634146,0.5048544,0.91219515
2018-1-10T13-49-42,1515588582927,0.8926829,-0.004878049,0.5048544,0.8926829
2018-1-10T13-49-42,1515588582928,0.8926829,-0.004878049,0.39805827,0.8926829
2018-1-10T13-49-42,1515588582929,0.8926829,-0.014634146,0.407767,0.8926829
2018-1-10T13-49-42,1515588582930,0.8341463,-0.034146342,0.4368932,0.8341463
2018-1-10T13-49-42,1515588582931,0.84390247,-0.004878049,0.47572815,0.84390247
2018-1-10T13-49-42,1515588582932,0.7853659,-0.053658538,0.4563107,0.7853659
2018-1-10T13-49-42,1515588582933,0.84390247,-0.06341463,0.42718446,0.84390247
2018-1-10T13-49-42,1515588582934,0.80487806,-0.07317073,0.36893204,0.80487806
2018-1-10T13-49-42,1515588582935,0.76585364,-0.053658538,0.49514562,0.76585364
2018-1-10T13-49-42,1515588582936,0.79512197,0.034146342,0.5048544,0.79512197
2018-1-10T13-49-42,1515588582937,0.84390247,-0.06341463,0.49514562,0.84390247
2018-1-10T13-49-42,1515588582938,0.85365856,-0.014634146,0.3883495,0.85365856
2018-1-10T13-49-42,1515588582939,0.8341463,0.024390243,0.3398058,0.8341463
2018-1-10T13-49-42,1515588582940,0.85365856,0.014634146,0.47572815,0.85365856
2018-1-10T13-49-42,1515588582941,0.84390247,-0.004878049,0.5048544,0.84390247
2018-1-10T13-49-42,1515588582942,0.84390247,0.004878049,0.4368932,0.84390247
2018-1-10T13-49-42,1515588582943,0.9414634,-0.043902438,0.36893204,0.9414634
2018-1-10T13-49-42,1515588582944,0.86341465,-0.004878049,0.49514562,0.86341465
2018-1-10T13-49-42,1515588582945,0.902439,-0.024390243,0.5631068,0.902439
2018-1-10T13-49-42,1515588582946,0.85365856,-0.024390243,0.47572815,0.85365856
2018-1-10T13-49-42,1515588582947,0.902439,0.004878049,0.3883495,0.902439
2018-1-10T13-49-42,1515588582948,0.8926829,0.024390243,0.3883495,0.8926829
2018-1-10T13-49-42,1515588582949,0.74634147,-0.014634146,0.42718446,0.74634147
2018-1-10T13-49-42,1515588582950,0.77560973,-0.10243902,0.44660193,0.77560973
2018-1-10T13-49-42,1515588582951,0.76585364,-0.053658538,0.42718446,0.76585364
2018-1-10T13-49-42,1515588582952,0.77560973,-0.053658538,0.37864077,0.77560973
2018-1-10T13-49-42,1515588582953,0.79512197,-0.053658538,0.407767,0.79512197
2018-1-10T13-49-42,1515588582954,0.84390247,-0.08292683,0.44660193,0.84390247
2018-1-10T13-49-42,1515588582955,0.85365856,-0.07317073,0.4563107,0.85365856
2018-1-10T13-49-42,1515588582956,0.84390247,-0.024390243,0.42718446,0.84390247
2018-1-10T13-49-42,1515588582957,0.91219515,-0.004878049,0.44660193,0.91219515
2018-1-10T13-49-42,1515588582958,0.8829268,0.014634146,0.4854369,0.8829268
2018-1-10T13-49-42,1515588582959,0.8926829,0.004878049,0.49514562,0.8926829
2018-1-10T13-49-42,1515588582960,0.92195123,0.014634146,0.4854369,0.92195123
2018-1-10T13-49-42,1515588582961,0.91219515,0.024390243,0.4563107,0.91219515
2018-1-10T13-49-42,1515588582962,0.92195123,0.053658538,0.3592233,0.92195123
2018-1-10T13-49-42,1515588582963,0.85365856,0.043902438,0.46601942,0.85365856
2018-1-10T13-49-42,1515588582964,0.85365856,0.004878049,0.47572815,0.85365856
2018-1-10T13-49-42,1515588582965,0.84390247,-0.004878049,0.4368932,0.84390247
2018-1-10T13-49-42,1515588582966,0.81463414,-0.034146342,0.41747573,0.81463414
2018-1-10T13-49-42,1515588582967,0.85365856,-0.053658538,0.4368932,0.85365856
2018-1-10T13-49-42,1515588582968,0.82439023,-0.09268293,0.4854369,0.82439023
2018-1-10T13-49-42,1515588582969,0.81463414,-0.08292683,0.44660193,0.81463414
2018-1-10T13-49-42,1515588582970,0.84390247,0.014634146,0.407767,0.84390247
2018-1-10T13-49-42,1515588582971,0.80487806,-0.06341463,0.4368932,0.80487806
2018-1-10T13-49-42,1515588582972,0.81463414,-0.053658538,0.44660193,0.81463414
2018-1-10T13-49-42,1515588582973,0.7853659,-0.043902438,0.42718446,0.7853659
2018-1-10T13-49-42,1515588582974,0.81463414,-0.024390243,0.39805827,0.81463414
2018-1-10T13-49-42,1515588582975,0.80487806,-0.024390243,0.36893204,0.80487806
2018-1-10T13-49-42,1515588582976,0.80487806,-0.024390243,0.3883495,0.80487806
2018-1-10T13-49-42,1515588582977,0.80487806,-0.024390243,0.41747573,0.80487806
2018-1-10T13-49-42,1515588582978,0.8341463,-0.014634146,0.4854369,0.8341463
2018-1-10T13-49-42,1515588582979,0.87317073,-0.014634146,0.52427185,0.87317073
2018-1-10T13-49-42,1515588582980,0.902439,-0.034146342,0.47572815,0.902439
2018-1-10T13-49-42,1515588582981,0.902439,-0.024390243,0.44660193,0.902439
2018-1-10T13-49-42,1515588582982,0.8829268,-0.004878049,0.4563107,0.8829268
2018-1-10T13-49-42,1515588582983,0.8926829,0.004878049,0.4854369,0.8926829
2018-1-10T13-49-42,1515588582984,0.8829268,0.004878049,0.4854369,0.8829268
2018-1-10T13-49-42,1515588582985,0.86341465,-0.06341463,0.44660193,0.86341465
2018-1-10T13-49-42,1515588582986,0.86341465,0.014634146,0.407767,0.86341465
2018-1-10T13-49-42,1515588582987,0.84390247,0.014634146,0.46601942,0.84390247
2018-1-10T13-49-42,1515588582988,0.85365856,-0.024390243,0.5145631,0.85365856
2018-1-10T13-49-42,1515588582989,0.84390247,-0.06341463,0.4563107,0.84390247
2018-1-10T13-49-42,1515588582990,0.8341463,-0.014634146,0.37864077,0.8341463
2018-1-10T13-49-42,1515588582991,0.8341463,-0.014634146,0.41747573,0.8341463
2018-1-10T13-49-42,1515588582992,0.82439023,-0.043902438,0.4854369,0.82439023
2018-1-10T13-49-42,1515588582993,0.77560973,-0.043902438,0.39805827,0.77560973
2018-1-10T13-49-42,1515588582994,0.7853659,-0.014634146,0.407767,0.7853659
2018-1-10T13-49-42,1515588582995,0.82439023,-0.034146342,0.44660193,0.82439023
2018-1-10T13-49-42,1515588582996,0.81463414,-0.043902438,0.407767,0.81463414
2018-1-10T13-49-42,1515588582997,0.77560973,0.004878049,0.39805827,0.77560973
2018-1-10T13-49-42,1515588582998,0.84390247,-0.034146342,0.47572815,0.84390247
2018-1-10T13-49-42,1515588582999,0.86341465,-0.053658538,0.4368932,0.86341465
2018-1-10T13-49-43,1515588583000,0.8341463,-0.004878049,0.37864077,0.8341463
2018-1-10T13-49-43,1515588583001,0.84390247,-0.014634146,0.46601942,0.84390247
2018-1-10T13-49-43,1515588583002,0.81463414,-0.034146342,0.5631068,0.81463414
2018-1-10T13-49-43,1515588583003,0.91219515,-0.034146342,0.4854369,0.91219515
2018-1-10T13-49-43,1515588583004,0.92195123,-0.024390243,0.3592233,0.92195123
2018-1-10T13-49-43,1515588583005,0.82439023,-0.053658538,0.4368932,0.82439023
2018-1-10T13-49-43,1515588583006,0.87317073,-0.034146342,0.5631068,0.87317073
2018-1-10T13-49-43,1515588583007,0.82439023,-0.043902438,0.57281554,0.82439023
2018-1-10T13-49-43,1515588583008,0.82439023,-0.024390243,0.42718446,0.82439023
2018-1-10T13-49-43,1515588583009,0.86341465,0.043902438,0.36893204,0.86341465
2018-1-10T13-49-43,1515588583010,0.85365856,-0.004878049,0.46601942,0.85365856
2018-1-10T13-49-43,1515588583011,0.8341463,-0.034146342,0.5339806,0.8341463
2018-1-10T13-49-43,1515588583012,0.80487806,-0.043902438,0.41747573,0.80487806
2018-1-10T13-49-43,1515588583013,0.81463414,-0.004878049,0.3592233,0.81463414
2018-1-10T13-49-43,1515588583014,0.7268293,0.004878049,0.39805827,0.7268293
2018-1-10T13-49-43,1515588583015,0.77560973,-0.034146342,0.4563107,0.77560973
2018-1-10T13-49-43,1515588583016,0.77560973,-0.024390243,0.407767,0.77560973
2018-1-10T13-49-43,1515588583017,0.86341465,0.024390243,0.3883495,0.86341465
2018-1-10T13-49-43,1515588583018,0.84390247,-0.024390243,0.4368932,0.84390247
2018-1-10T13-49-43,1515588583019,0.86341465,-0.014634146,0.4563107,0.86341465
2018-1-10T13-49-43,1515588583020,0.8926829,0.024390243,0.47572815,0.8926829
2018-1-10T13-49-43,1515588583021,0.91219515,-0.004878049,0.5436893,0.91219515
2018-1-10T13-49-43,1515588583022,0.9512195,-0.014634146,0.52427185,0.9512195
2018-1-10T13-49-43,1515588583023,0.9317073,-0.034146342,0.4563107,0.9317073
2018-1-10T13-49-43,1515588583024,0.92195123,-0.004878049,0.42718446,0.92195123
2018-1-10T13-49-43,1515588583025,0.85365856,-0.034146342,0.4854369,0.85365856
2018-1-10T13-49-43,1515588583026,0.80487806,0.004878049,0.52427185,0.80487806
2018-1-10T13-49-43,1515588583027,0.81463414,-0.08292683,0.4368932,0.81463414
2018-1-10T13-49-43,1515588583028,0.75609756,-0.043902438,0.33009708,0.75609756
2018-1-10T13-49-43,1515588583029,0.74634147,-0.034146342,0.3883495,0.74634147
2018-1-10T13-49-43,1515588583030,0.79512197,-0.053658538,0.47572815,0.79512197
2018-1-10T13-49-43,1515588583031,0.77560973,-0.06341463,0.4854369,0.77560973
2018-1-10T13-49-43,1515588583032,0.84390247,-0.024390243,0.3883495,0.84390247
2018-1-10T13-49-43,1515588583033,0.8341463,-0.034146342,0.41747573,0.8341463
2018-1-10T13-49-43,1515588583034,0.92195123,-0.034146342,0.52427185,0.92195123
2018-1-10T13-49-43,1515588583035,0.87317073,-0.034146342,0.4854369,0.87317073
2018-1-10T13-49-43,1515588583036,0.86341465,-0.004878049,0.42718446,0.86341465
2018-1-10T13-49-43,1515588583037,0.902439,0.024390243,0.407767,0.902439
2018-1-10T13-49-43,1515588583038,0.8829268,0.024390243,0.4368932,0.8829268
2018-1-10T13-49-43,1515588583039,0.82439023,0.014634146,0.44660193,0.82439023
2018-1-10T13-49-43,1515588583040,0.85365856,0.014634146,0.44660193,0.85365856
2018-1-10T13-49-43,1515588583041,0.85365856,0.014634146,0.46601942,0.85365856
2018-1-10T13-49-43,1515588583042,0.84390247,0.004878049,0.4368932,0.84390247
2018-1-10T13-49-43,1515588583043,0.81463414,-0.034146342,0.4563107,0.81463414
2018-1-10T13-49-43,1515588583044,0.87317073,-0.06341463,0.49514562,0.87317073
2018-1-10T13-49-43,1515588583045,0.86341465,-0.014634146,0.42718446,0.86341465
2018-1-10T13-49-43,1515588583046,0.82439023,-0.004878049,0.41747573,0.82439023
2018-1-10T13-49-43,1515588583047,0.8341463,-0.034146342,0.4854369,0.8341463
2018-1-10T13-49-43,1515588583048,0.82439023,-0.11219512,0.4854369,0.82439023
2018-1-10T13-49-43,1515588583049,0.81463414,-0.06341463,0.407767,0.81463414
2018-1-10T13-49-43,1515588583050,0.81463414,-0.053658538,0.3398058,0.81463414
2018-1-10T13-49-43,1515588583051,0.80487806,-0.004878049,0.36893204,0.80487806
2018-1-10T13-49-43,1515588583052,0.81463414,-0.07317073,0.4563107,0.81463414
2018-1-10T13-49-43,1515588583053,0.80487806,-0.043902438,0.42718446,0.80487806
2018-1-10T13-49-43,1515588583054,0.84390247,-0.024390243,0.3883495,0.84390247
2018-1-10T13-49-43,1515588583055,0.84390247,0.014634146,0.41747573,0.84390247
2018-1-10T13-49-43,1515588583056,0.79512197,-0.024390243,0.5145631,0.79512197
2018-1-10T13-49-43,1515588583057,0.902439,-0.014634146,0.4854369,0.902439
2018-1-10T13-49-43,1515588583058,0.8926829,-0.024390243,0.47572815,0.8926829
2018-1-10T13-49-43,1515588583059,0.8926829,-0.024390243,0.407767,0.8926829
2018-1-10T13-49-43,1515588583060,0.902439,-0.014634146,0.5145631,0.902439
2018-1-10T13-49-43,1515588583061,0.8926829,-0.053658538,0.5533981,0.8926829
2018-1-10T13-49-43,1515588583062,0.86341465,-0.043902438,0.4563107,0.86341465
2018-1-10T13-49-43,1515588583063,0.85365856,-0.004878049,0.36893204,0.85365856
2018-1-10T13-49-43,1515588583064,0.84390247,-0.014634146,0.407767,0.84390247
2018-1-10T13-49-43,1515588583065,0.82439023,-0.07317073,0.5048544,0.82439023
2018-1-10T13-49-43,1515588583066,0.81463414,-0.06341463,0.52427185,0.81463414
2018-1-10T13-49-43,1515588583067,0.86341465,-0.014634146,0.4563107,0.86341465
2018-1-10T13-49-43,1515588583068,0.87317073,0.014634146,0.37864077,0.87317073
2018-1-10T13-49-43,1515588583069,0.8341463,0.06341463,0.407767,0.8341463
2018-1-10T13-49-43,1515588583070,0.8341463,0.043902438,0.5436893,0.8341463
2018-1-10T13-49-43,1515588583071,0.84390247,-0.06341463,0.47572815,0.84390247
2018-1-10T13-49-43,1515588583072,0.82439023,0.024390243,0.3398058,0.82439023
2018-1-10T13-49-43,1515588583073,0.80487806,0.043902438,0.32038835,0.80487806
2018-1-10T13-49-43,1515588583074,0.80487806,0.004878049,0.47572815,0.80487806
2018-1-10T13-49-43,1515588583075,0.82439023,-0.06341463,0.5533981,0.82439023
2018-1-10T13-49-43,1515588583076,0.84390247,-0.053658538,0.42718446,0.84390247
2018-1-10T13-49-43,1515588583077,0.84390247,0.004878049,0.3106796,0.84390247
2018-1-10T13-49-43,1515588583078,0.82439023,-0.024390243,0.3883495,0.82439023
2018-1-10T13-49-43,1515588583079,0.80487806,-0.07317073,0.5631068,0.80487806
2018-1-10T13-49-43,1515588583080,0.81463414,-0.09268293,0.52427185,0.81463414
2018-1-10T13-49-43,1515588583081,0.86341465,-0.053658538,0.4563107,0.86341465
2018-1-10T13-49-43,1515588583082,0.9414634,-0.043902438,0.5048544,0.9414634
2018-1-10T13-49-43,1515588583083,0.9317073,-0.053658538,0.5145631,0.9317073
2018-1-10T13-49-43,1515588583084,0.9317073,-0.034146342,0.4563107,0.9317073
2018-1-10T13-49-43,1515588583085,0.8926829,-0.004878049,0.4368932,0.8926829
2018-1-10T13-49-43,1515588583086,0.84390247,-0.024390243,0.4368932,0.84390247
2018-1-10T13-49-43,1515588583087,0.79512197,-0.034146342,0.407767,0.79512197
2018-1-10T13-49-43,1515588583088,0.76585364,-0.034146342,0.4563107,0.76585364
2018-1-10T13-49-43,1515588583089,0.80487806,-0.034146342,0.42718446,0.80487806
2018-1-10T13-49-43,1515588583090,0.8341463,-0.034146342,0.42718446,0.8341463
2018-1-10T13-49-43,1515588583091,0.8926829,-0.014634146,0.44660193,0.8926829
2018-1-10T13-49-43,1515588583092,0.87317073,-0.07317073,0.4563107,0.87317073
2018-1-10T13-49-43,1515588583093,0.85365856,-0.034146342,0.4368932,0.85365856
2018-1-10T13-49-43,1515588583094,0.86341465,-0.004878049,0.46601942,0.86341465
2018-1-10T13-49-43,1515588583095,0.84390247,-0.014634146,0.46601942,0.84390247
2018-1-10T13-49-43,1515588583096,0.8341463,0.014634146,0.39805827,0.8341463
2018-1-10T13-49-43,1515588583097,0.79512197,0.053658538,0.39805827,0.79512197
2018-1-10T13-49-43,1515588583098,0.80487806,0.014634146,0.46601942,0.80487806
2018-1-10T13-49-43,1515588583099,0.8829268,0.004878049,0.47572815,0.8829268
2018-1-10T13-49-43,1515588583100,0.8926829,0.014634146,0.42718446,0.8926829
2018-1-10T13-49-43,1515588583101,0.8926829,0.053658538,0.407767,0.8926829
2018-1-10T13-49-43,1515588583102,0.85365856,0.034146342,0.42718446,0.85365856
2018-1-10T13-49-43,1515588583103,0.8341463,-0.004878049,0.4368932,0.8341463
2018-1-10T13-49-43,1515588583104,0.81463414,-0.034146342,0.4368932,0.81463414
2018-1-10T13-49-43,1515588583105,0.85365856,-0.034146342,0.5048544,0.85365856
2018-1-10T13-49-43,1515588583106,0.8341463,-0.053658538,0.46601942,0.8341463
2018-1-10T13-49-43,1515588583107,0.80487806,-0.053658538,0.3398058,0.80487806
2018-1-10T13-49-43,1515588583108,0.80487806,-0.043902438,0.42718446,0.80487806
2018-1-10T13-49-43,1515588583109,0.82439023,-0.07317073,0.5145631,0.82439023
2018-1-10T13-49-43,1515588583110,0.82439023,-0.06341463,0.47572815,0.82439023
2018-1-10T13-49-43,1515588583111,0.8341463,-0.034146342,0.4563107,0.8341463
2018-1-10T13-49-43,1515588583112,0.8926829,-0.024390243,0.4854369,0.8926829
2018-1-10T13-49-43,1515588583113,0.91219515,-0.024390243,0.4854369,0.91219515
2018-1-10T13-49-43,1515588583114,0.91219515,-0.034146342,0.4854369,0.91219515
2018-1-10T13-49-43,1515588583115,0.87317073,-0.053658538,0.39805827,0.87317073
2018-1-10T13-49-43,1515588583116,0.82439023,-0.043902438,0.4563107,0.82439023
2018-1-10T13-49-43,1515588583117,0.8829268,-0.024390243,0.5339806,0.8829268
2018-1-10T13-49-43,1515588583118,0.81463414,-0.004878049,0.42718446,0.81463414
2018-1-10T13-49-43,1515588583119,0.79512197,0.014634146,0.3398058,0.79512197
2018-1-10T13-49-43,1515588583120,0.82439023,0.024390243,0.44660193,0.82439023
2018-1-10T13-49-43,1515588583121,0.8926829,0.014634146,0.47572815,0.8926829
2018-1-10T13-49-43,1515588583122,0.85365856,0.004878049,0.47572815,0.85365856
2018-1-10T13-49-43,1515588583123,0.87317073,0.004878049,0.44660193,0.87317073
2018-1-10T13-49-43,1515588583124,0.87317073,0.004878049,0.4854369,0.87317073
2018-1-10T13-49-43,1515588583125,0.8829268,-0.024390243,0.46601942,0.8829268
2018-1-10T13-49-43,1515588583126,0.82439023,0.014634146,0.39805827,0.82439023
2018-1-10T13-49-43,1515588583127,0.82439023,0.014634146,0.4368932,0.82439023
2018-1-10T13-49-43,1515588583128,0.79512197,-0.034146342,0.5048544,0.79512197
2018-1-10T13-49-43,1515588583129,0.80487806,-0.043902438,0.41747573,0.80487806
2018-1-10T13-49-43,1515588583130,0.81463414,-0.014634146,0.36893204,0.81463414
2018-1-10T13-49-43,1515588583131,0.80487806,-0.024390243,0.407767,0.80487806
2018-1-10T13-49-43,1515588583132,0.80487806,-0.034146342,0.49514562,0.80487806
2018-1-10T13-49-43,1515588583133,0.84390247,-0.043902438,0.47572815,0.84390247
2018-1-10T13-49-43,1515588583134,0.85365856,-0.034146342,0.3883495,0.85365856
2018-1-10T13-49-43,1515588583135,0.84390247,-0.024390243,0.39805827,0.84390247
2018-1-10T13-49-43,1515588583136,0.86341465,-0.053658538,0.4854369,0.86341465
2018-1-10T13-49-43,1515588583137,0.82439023,-0.08292683,0.49514562,0.82439023
2018-1-10T13-49-43,1515588583138,0.87317073,-0.07317073,0.49514562,0.87317073
2018-1-10T13-49-43,1515588583139,0.85365856,-0.14146341,0.4563107,0.85365856
2018-1-10T13-49-43,1515588583140,0.8829268,-0.07317073,0.5339806,0.8829268
2018-1-10T13-49-43,1515588583141,0.91219515,-0.06341463,0.49514562,0.91219515
2018-1-10T13-49-43,1515588583142,0.91219515,-0.024390243,0.5048544,0.91219515
2018-1-10T13-49-43,1515588583143,0.92195123,-0.004878049,0.44660193,0.92195123
2018-1-10T13-49-43,1515588583144,0.8926829,0.043902438,0.41747573,0.8926829
2018-1-10T13-49-43,1515588583145,0.87317073,0.014634146,0.4563107,0.87317073
2018-1-10T13-49-43,1515588583146,0.85365856,-0.014634146,0.49514562,0.85365856
2018-1-10T13-49-43,1515588583147,0.81463414,-0.004878049,0.407767,0.81463414
2018-1-10T13-49-43,1515588583148,0.76585364,-0.004878049,0.3592233,0.76585364
2018-1-10T13-49-43,1515588583149,0.77560973,-0.004878049,0.41747573,0.77560973
2018-1-10T13-49-43,1515588583150,0.75609756,-0.034146342,0.41747573,0.75609756
2018-1-10T13-49-43,1515588583151,0.7365854,-0.004878049,0.39805827,0.7365854
2018-1-10T13-49-43,1515588583152,0.82439023,0.014634146,0.41747573,0.82439023
2018-1-10T13-49-43,1515588583153,0.86341465,0.004878049,0.44660193,0.86341465
2018-1-10T13-49-43,1515588583154,0.8829268,-0.004878049,0.44660193,0.8829268
2018-1-10T13-49-43,1515588583155,0.86341465,0.014634146,0.49514562,0.86341465
2018-1-10T13-49-43,1515588583156,0.92195123,0.004878049,0.47572815,0.92195123
2018-1-10T13-49-43,1515588583157,0.92195123,-0.014634146,0.49514562,0.92195123
2018-1-10T13-49-43,1515588583158,0.8926829,-0.004878049,0.4563107,0.8926829
2018-1-10T13-49-43,1515588583159,0.87317073,-0.034146342,0.4854369,0.87317073
2018-1-10T13-49-43,1515588583160,0.9317073,-0.053658538,0.47572815,0.9317073
2018-1-10T13-49-43,1515588583161,0.82439023,-0.07317073,0.41747573,0.82439023
2018-1-10T13-49-43,1515588583162,0.81463414,-0.024390243,0.36893204,0.81463414
2018-1-10T13-49-43,1515588583163,0.77560973,-0.09268293,0.407767,0.77560973
2018-1-10T13-49-43,1515588583164,0.76585364,-0.10243902,0.4563107,0.76585364
2018-1-10T13-49-43,1515588583165,0.79512197,-0.08292683,0.47572815,0.79512197
2018-1-10T13-49-43,1515588583166,0.82439023,-0.07317073,0.42718446,0.82439023
2018-1-10T13-49-43,1515588583167,0.81463414,-0.07317073,0.407767,0.81463414
2018-1-10T13-49-43,1515588583168,0.8829268,-0.034146342,0.5436893,0.8829268
2018-1-10T13-49-43,1515588583169,0.8829268,-0.034146342,0.46601942,0.8829268
2018-1-10T13-49-43,1515588583170,0.87317073,0.004878049,0.3883495,0.87317073
2018-1-10T13-49-43,1515588583171,0.86341465,0.034146342,0.42718446,0.86341465
2018-1-10T13-49-43,1515588583172,0.85365856,-0.004878049,0.46601942,0.85365856
2018-1-10T13-49-43,1515588583173,0.8341463,0.004878049,0.4563107,0.8341463
2018-1-10T13-49-43,1515588583174,0.87317073,0.024390243,0.4368932,0.87317073
2018-1-10T13-49-43,1515588583175,0.87317073,0.024390243,0.4563107,0.87317073
2018-1-10T13-49-43,1515588583176,0.8926829,0.024390243,0.46601942,0.8926829
2018-1-10T13-49-43,1515588583177,0.91219515,0.004878049,0.4368932,0.91219515
2018-1-10T13-49-43,1515588583178,0.84390247,0.034146342,0.4368932,0.84390247
2018-1-10T13-49-43,1515588583179,0.87317073,0.024390243,0.4563107,0.87317073
2018-1-10T13-49-43,1515588583180,0.82439023,-0.014634146,0.4854369,0.82439023
2018-1-10T13-49-43,1515588583181,0.82439023,-0.024390243,0.47572815,0.82439023
2018-1-10T13-49-43,1515588583182,0.86341465,-0.043902438,0.52427185,0.86341465
2018-1-10T13-49-43,1515588583183,0.8829268,-0.024390243,0.4854369,0.8829268
2018-1-10T13-49-43,1515588583184,0.8829268,-0.034146342,0.44660193,0.8829268
2018-1-10T13-49-43,1515588583185,0.8829268,-0.004878049,0.407767,0.8829268
2018-1-10T13-49-43,1515588583186,0.8829268,0.004878049,0.39805827,0.8829268
2018-1-10T13-49-43,1515588583187,0.7853659,0.014634146,0.39805827,0.7853659
2018-1-10T13-49-43,1515588583188,0.79512197,-0.024390243,0.4368932,0.79512197
2018-1-10T13-49-43,1515588583189,0.77560973,-0.043902438,0.407767,0.77560973
2018-1-10T13-49-43,1515588583190,0.80487806,-0.014634146,0.39805827,0.80487806
2018-1-10T13-49-43,1515588583191,0.81463414,-0.06341463,0.42718446,0.81463414
2018-1-10T13-49-43,1515588583192,0.86341465,-0.07317073,0.52427185,0.86341465
2018-1-10T13-49-43,1515588583193,0.8926829,-0.07317073,0.4563107,0.8926829
2018-1-10T13-49-43,1515588583194,0.8926829,-0.024390243,0.39805827,0.8926829
2018-1-10T13-49-43,1515588583195,0.85365856,-0.014634146,0.4368932,0.85365856
2018-1-10T13-49-43,1515588583196,0.87317073,0.014634146,0.5145631,0.87317073
2018-1-10T13-49-43,1515588583197,0.87317073,-0.024390243,0.52427185,0.87317073
2018-1-10T13-49-43,1515588583198,0.87317073,0.004878049,0.39805827,0.87317073
2018-1-10T13-49-43,1515588583199,0.87317073,-0.024390243,0.36893204,0.87317073
2018-1-10T13-49-43,1515588583200,0.81463414,-0.053658538,0.4563107,0.81463414
2018-1-10T13-49-43,1515588583201,0.79512197,-0.053658538,0.47572815,0.79512197
2018-1-10T13-49-43,1515588583202,0.77560973,-0.024390243,0.42718446,0.77560973
2018-1-10T13-49-43,1515588583203,0.79512197,-0.024390243,0.44660193,0.79512197
2018-1-10T13-49-43,1515588583204,0.8341463,-0.07317073,0.42718446,0.8341463
2018-1-10T13-49-43,1515588583205,0.85365856,-0.004878049,0.44660193,0.85365856
2018-1-10T13-49-43,1515588583206,0.86341465,-0.004878049,0.47572815,0.86341465
2018-1-10T13-49-43,1515588583207,0.84390247,0.004878049,0.47572815,0.84390247
2018-1-10T13-49-43,1515588583208,0.8926829,-0.053658538,0.44660193,0.8926829
2018-1-10T13-49-43,1515588583209,0.86341465,-0.004878049,0.3883495,0.86341465
2018-1-10T13-49-43,1515588583210,0.82439023,-0.004878049,0.4368932,0.82439023
2018-1-10T13-49-43,1515588583211,0.82439023,0.014634146,0.46601942,0.82439023
2018-1-10T13-49-43,1515588583212,0.86341465,0.014634146,0.4368932,0.86341465
2018-1-10T13-49-43,1515588583213,0.8926829,0.034146342,0.4854369,0.8926829
2018-1-10T13-49-43,1515588583214,0.9804878,0.034146342,0.4854369,0.9804878
2018-1-10T13-49-43,1515588583215,1.0292683,0.053658538,0.60194176,1.0292683
2018-1-10T13-49-43,1515588583216,1.0292683,0.043902438,0.61165047,1.0292683
2018-1-10T13-49-43,1515588583217,1.0097561,-0.014634146,0.4854369,1.0097561
2018-1-10T13-49-43,1515588583218,0.8829268,-0.09268293,0.4563107,0.8829268
2018-1-10T13-49-43,1515588583219,0.81463414,-0.13170731,0.37864077,0.81463414
2018-1-10T13-49-43,1515588583220,0.70731705,-0.1902439,0.407767,0.70731705
2018-1-10T13-49-43,1515588583221,0.6585366,-0.25853658,0.44660193,0.6585366
2018-1-10T13-49-43,1515588583222,0.6682927,-0.27804878,0.42718446,0.6682927
2018-1-10T13-49-43,1515588583223,0.6878049,-0.2292683,0.4368932,0.6878049
2018-1-10T13-49-43,1515588583224,0.7853659,-0.14146341,0.41747573,0.7853659
2018-1-10T13-49-43,1515588583225,0.82439023,-0.024390243,0.36893204,0.82439023
2018-1-10T13-49-43,1515588583226,0.84390247,0.11219512,0.32038835,0.84390247
2018-1-10T13-49-43,1515588583227,0.84390247,0.2195122,0.3106796,0.84390247
2018-1-10T13-49-43,1515588583228,0.82439023,0.2682927,0.33009708,0.82439023
2018-1-10T13-49-43,1515588583229,0.79512197,0.25853658,0.3106796,0.79512197
2018-1-10T13-49-43,1515588583230,0.75609756,0.2,0.30097088,0.75609756
2018-1-10T13-49-43,1515588583231,0.7268293,0.08292683,0.30097088,0.7268293
2018-1-10T13-49-43,1515588583232,0.69756097,-0.004878049,0.29126215,0.69756097
2018-1-10T13-49-43,1515588583233,0.6585366,-0.034146342,0.27184466,0.6585366
2018-1-10T13-49-43,1515588583234,0.6195122,-0.18048781,0.30097088,0.6195122
2018-1-10T13-49-43,1515588583235,0.6,-0.20975609,0.36893204,0.6
2018-1-10T13-49-43,1515588583236,0.6585366,-0.20975609,0.41747573,0.6585366
2018-1-10T13-49-43,1515588583237,0.80487806,-0.11219512,0.44660193,0.80487806
2018-1-10T13-49-43,1515588583238,0.9317073,-0.024390243,0.46601942,0.9317073
2018-1-10T13-49-43,1515588583239,1.0682927,0.06341463,0.5533981,1.0682927
2018-1-10T13-49-43,1515588583240,1.1560975,0.12195122,0.6699029,1.1560975
2018-1-10T13-49-43,1515588583241,1.2048781,0.034146342,0.6893204,1.2048781
2018-1-10T13-49-43,1515588583242,1.195122,0.053658538,0.6893204,1.195122
2018-1-10T13-49-43,1515588583243,1.1365854,-0.06341463,0.69902915,1.1365854
2018-1-10T13-49-43,1515588583244,1.0487804,-0.13170731,0.6796116,1.0487804
2018-1-10T13-49-43,1515588583245,0.97073174,-0.13170731,0.60194176,0.97073174
2018-1-10T13-49-43,1515588583246,0.84390247,-0.10243902,0.5048544,0.84390247
2018-1-10T13-49-43,1515588583247,0.85365856,-0.043902438,0.41747573,0.85365856
2018-1-10T13-49-43,1515588583248,0.77560973,-0.024390243,0.3883495,0.77560973
2018-1-10T13-49-43,1515588583249,0.74634147,-0.004878049,0.3398058,0.74634147
2018-1-10T13-49-43,1515588583250,0.71707314,-0.004878049,0.32038835,0.71707314
2018-1-10T13-49-43,1515588583251,0.6878049,-0.024390243,0.3398058,0.6878049
2018-1-10T13-49-43,1515588583252,0.6780488,-0.043902438,0.36893204,0.6780488
2018-1-10T13-49-43,1515588583253,0.69756097,-0.034146342,0.3883495,0.69756097
2018-1-10T13-49-43,1515588583254,0.7268293,0.014634146,0.407767,0.7268293
2018-1-10T13-49-43,1515588583255,0.77560973,0.034146342,0.407767,0.77560973
2018-1-10T13-49-43,1515588583256,0.84390247,0.043902438,0.407767,0.84390247
2018-1-10T13-49-43,1515588583257,0.80487806,0.034146342,0.41747573,0.80487806
2018-1-10T13-49-43,1515588583258,0.7853659,0.024390243,0.46601942,0.7853659
2018-1-10T13-49-43,1515588583259,0.8341463,-0.024390243,0.4854369,0.8341463
2018-1-10T13-49-43,1515588583260,0.82439023,-0.10243902,0.47572815,0.82439023
2018-1-10T13-49-43,1515588583261,0.82439023,-0.14146341,0.5048544,0.82439023
2018-1-10T13-49-43,1515588583262,0.87317073,-0.14146341,0.5048544,0.87317073
2018-1-10T13-49-43,1515588583263,0.92195123,-0.11219512,0.5145631,0.92195123
2018-1-10T13-49-43,1515588583264,0.9902439,-0.053658538,0.5048544,0.9902439
2018-1-10T13-49-43,1515588583265,1.0097561,0.004878049,0.5048544,1.0097561
2018-1-10T13-49-43,1515588583266,1.0097561,0.043902438,0.47572815,1.0097561
2018-1-10T13-49-43,1515588583267,1.0,0.06341463,0.46601942,1.0
2018-1-10T13-49-43,1515588583268,0.9414634,0.053658538,0.47572815,0.9414634
2018-1-10T13-49-43,1515588583269,0.8829268,-0.004878049,0.47572815,0.8829268
2018-1-10T13-49-43,1515588583270,0.82439023,-0.053658538,0.4368932,0.82439023
2018-1-10T13-49-43,1515588583271,0.79512197,-0.034146342,0.41747573,0.79512197
2018-1-10T13-49-43,1515588583272,0.77560973,-0.034146342,0.3883495,0.77560973
2018-1-10T13-49-43,1515588583273,0.7365854,-0.024390243,0.37864077,0.7365854
2018-1-10T13-49-43,1515588583274,0.7268293,-0.014634146,0.36893204,0.7268293
2018-1-10T13-49-43,1515588583275,0.7365854,-0.004878049,0.37864077,0.7365854
2018-1-10T13-49-43,1515588583276,0.7365854,0.014634146,0.3883495,0.7365854
2018-1-10T13-49-43,1515588583277,0.77560973,-0.004878049,0.407767,0.77560973
2018-1-10T13-49-43,1515588583278,0.80487806,0.024390243,0.41747573,0.80487806
2018-1-10T13-49-43,1515588583279,0.8829268,0.06341463,0.42718446,0.8829268
2018-1-10T13-49-43,1515588583280,0.87317073,0.034146342,0.4368932,0.87317073
2018-1-10T13-49-43,1515588583281,0.8926829,0.024390243,0.44660193,0.8926829
2018-1-10T13-49-43,1515588583282,0.902439,0.004878049,0.46601942,0.902439
2018-1-10T13-49-43,1515588583283,0.8926829,-0.024390243,0.4563107,0.8926829
2018-1-10T13-49-43,1515588583284,0.8926829,-0.053658538,0.46601942,0.8926829
2018-1-10T13-49-43,1515588583285,0.86341465,-0.07317073,0.46601942,0.86341465
2018-1-10T13-49-43,1515588583286,0.85365856,-0.07317073,0.4854369,0.85365856
2018-1-10T13-49-43,1515588583287,0.86341465,-0.06341463,0.46601942,0.86341465
2018-1-10T13-49-43,1515588583288,0.85365856,-0.07317073,0.4368932,0.85365856
2018-1-10T13-49-43,1515588583289,0.79512197,-0.06341463,0.407767,0.79512197
2018-1-10T13-49-43,1515588583290,0.86341465,-0.034146342,0.4368932,0.86341465
2018-1-10T13-49-43,1515588583291,0.84390247,-0.053658538,0.4368932,0.84390247
2018-1-10T13-49-43,1515588583292,0.8341463,-0.06341463,0.46601942,0.8341463
2018-1-10T13-49-43,1515588583293,0.8341463,-0.053658538,0.4563107,0.8341463
2018-1-10T13-49-43,1515588583294,0.82439023,-0.043902438,0.4563107,0.82439023
2018-1-10T13-49-43,1515588583295,0.84390247,-0.024390243,0.46601942,0.84390247
2018-1-10T13-49-43,1515588583296,0.82439023,0.014634146,0.4563107,0.82439023
2018-1-10T13-49-43,1515588583297,0.85365856,0.024390243,0.44660193,0.85365856
2018-1-10T13-49-43,1515588583298,0.87317073,0.043902438,0.44660193,0.87317073
2018-1-10T13-49-43,1515588583299,0.8926829,0.034146342,0.44660193,0.8926829
2018-1-10T13-49-43,1515588583300,0.86341465,-0.004878049,0.4854369,0.86341465
2018-1-10T13-49-43,1515588583301,0.902439,-0.004878049,0.44660193,0.902439
2018-1-10T13-49-43,1515588583302,0.86341465,-0.014634146,0.4563107,0.86341465
2018-1-10T13-49-43,1515588583303,0.85365856,-0.004878049,0.44660193,0.85365856
2018-1-10T13-49-43,1515588583304,0.86341465,-0.004878049,0.44660193,0.86341465
2018-1-10T13-49-43,1515588583305,0.84390247,0.024390243,0.4368932,0.84390247
2018-1-10T13-49-43,1515588583306,0.85365856,0.004878049,0.407767,0.85365856
2018-1-10T13-49-43,1515588583307,0.86341465,-0.014634146,0.41747573,0.86341465
2018-1-10T13-49-43,1515588583308,0.8926829,-0.014634146,0.42718446,0.8926829
2018-1-10T13-49-43,1515588583309,0.8341463,-0.034146342,0.42718446,0.8341463
2018-1-10T13-49-43,1515588583310,0.82439023,-0.034146342,0.42718446,0.82439023
2018-1-10T13-49-43,1515588583311,0.81463414,-0.053658538,0.41747573,0.81463414
2018-1-10T13-49-43,1515588583312,0.82439023,-0.07317073,0.4368932,0.82439023
2018-1-10T13-49-43,1515588583313,0.81463414,-0.09268293,0.42718446,0.81463414
2018-1-10T13-49-43,1515588583314,0.81463414,-0.07317073,0.4563107,0.81463414
2018-1-10T13-49-43,1515588583315,0.82439023,-0.07317073,0.42718446,0.82439023
2018-1-10T13-49-43,1515588583316,0.8341463,-0.08292683,0.4368932,0.8341463
2018-1-10T13-49-43,1515588583317,0.85365856,-0.053658538,0.4563107,0.85365856
2018-1-10T13-49-43,1515588583318,0.86341465,-0.034146342,0.44660193,0.86341465
2018-1-10T13-49-43,1515588583319,0.8829268,-0.014634146,0.4563107,0.8829268
2018-1-10T13-49-43,1515588583320,0.8829268,-0.004878049,0.46601942,0.8829268
2018-1-10T13-49-43,1515588583321,0.8829268,-0.014634146,0.46601942,0.8829268
2018-1-10T13-49-43,1515588583322,0.87317073,-0.053658538,0.4854369,0.87317073
2018-1-10T13-49-43,1515588583323,0.8926829,-0.004878049,0.49514562,0.8926829
2018-1-10T13-49-43,1515588583324,0.87317073,0.014634146,0.47572815,0.87317073
2018-1-10T13-49-43,1515588583325,0.80487806,0.014634146,0.47572815,0.80487806
2018-1-10T13-49-43,1515588583326,0.85365856,0.014634146,0.46601942,0.85365856
2018-1-10T13-49-43,1515588583327,0.85365856,0.014634146,0.4563107,0.85365856
2018-1-10T13-49-43,1515588583328,0.85365856,-0.004878049,0.4854369,0.85365856
2018-1-10T13-49-43,1515588583329,0.8341463,0.014634146,0.47572815,0.8341463
2018-1-10T13-49-43,1515588583330,0.8341463,0.004878049,0.4368932,0.8341463
2018-1-10T13-49-43,1515588583331,0.82439023,-0.014634146,0.4368932,0.82439023
2018-1-10T13-49-43,1515588583332,0.81463414,0.014634146,0.41747573,0.81463414
2018-1-10T13-49-43,1515588583333,0.81463414,-0.12195122,0.41747573,0.81463414
2018-1-10T13-49-43,1515588583334,0.79512197,-0.034146342,0.42718446,0.79512197
2018-1-10T13-49-43,1515588583335,0.80487806,-0.043902438,0.407767,0.80487806
2018-1-10T13-49-43,1515588583336,0.80487806,-0.06341463,0.407767,0.80487806
2018-1-10T13-49-43,1515588583337,0.82439023,-0.06341463,0.3883495,0.82439023
2018-1-10T13-49-43,1515588583338,0.85365856,-0.06341463,0.4563107,0.85365856
2018-1-10T13-49-43,1515588583339,0.8341463,-0.014634146,0.4368932,0.8341463
2018-1-10T13-49-43,1515588583340,0.84390247,-0.053658538,0.44660193,0.84390247
2018-1-10T13-49-43,1515588583341,0.82439023,-0.034146342,0.44660193,0.82439023
2018-1-10T13-49-43,1515588583342,0.85365856,-0.034146342,0.4563107,0.85365856
2018-1-10T13-49-43,1515588583343,0.86341465,-0.043902438,0.46601942,0.86341465
2018-1-10T13-49-43,1515588583344,0.84390247,-0.043902438,0.44660193,0.84390247
2018-1-10T13-49-43,1515588583345,0.8341463,-0.034146342,0.47572815,0.8341463
2018-1-10T13-49-43,1515588583346,0.86341465,-0.024390243,0.47572815,0.86341465
2018-1-10T13-49-43,1515588583347,0.87317073,-0.014634146,0.4854369,0.87317073
2018-1-10T13-49-43,1515588583348,0.86341465,0.004878049,0.47572815,0.86341465
2018-1-10T13-49-43,1515588583349,0.87317073,0.004878049,0.4854369,0.87317073
2018-1-10T13-49-43,1515588583350,0.86341465,0.014634146,0.46601942,0.86341465
2018-1-10T13-49-43,1515588583351,0.86341465,0.024390243,0.4563107,0.86341465
2018-1-10T13-49-43,1515588583352,0.86341465,0.043902438,0.44660193,0.86341465
2018-1-10T13-49-43,1515588583353,0.85365856,0.004878049,0.5048544,0.85365856
2018-1-10T13-49-43,1515588583354,0.82439023,0.004878049,0.42718446,0.82439023
2018-1-10T13-49-43,1515588583355,0.8341463,-0.004878049,0.41747573,0.8341463
2018-1-10T13-49-43,1515588583356,0.81463414,-0.024390243,0.41747573,0.81463414
2018-1-10T13-49-43,1515588583357,0.76585364,-0.034146342,0.407767,0.76585364
2018-1-10T13-49-43,1515588583358,0.87317073,-0.034146342,0.47572815,0.87317073
2018-1-10T13-49-43,1515588583359,0.79512197,-0.043902438,0.42718446,0.79512197
2018-1-10T13-49-43,1515588583360,0.82439023,-0.053658538,0.41747573,0.82439023
2018-1-10T13-49-43,1515588583361,0.82439023,-0.06341463,0.42718446,0.82439023
2018-1-10T13-49-43,1515588583362,0.76585364,-0.06341463,0.42718446,0.76585364
2018-1-10T13-49-43,1515588583363,0.8341463,-0.07317073,0.4368932,0.8341463
2018-1-10T13-49-43,1515588583364,0.86341465,-0.053658538,0.44660193,0.86341465
2018-1-10T13-49-43,1515588583365,0.86341465,-0.053658538,0.407767,0.86341465
2018-1-10T13-49-43,1515588583366,0.87317073,0.034146342,0.4563107,0.87317073
2018-1-10T13-49-43,1515588583367,0.86341465,-0.043902438,0.46601942,0.86341465
2018-1-10T13-49-43,1515588583368,0.8829268,-0.024390243,0.46601942,0.8829268
2018-1-10T13-49-43,1515588583369,0.8926829,-0.004878049,0.47572815,0.8926829
2018-1-10T13-49-43,1515588583370,0.8829268,0.004878049,0.46601942,0.8829268
2018-1-10T13-49-43,1515588583371,0.8341463,-0.014634146,0.4563107,0.8341463
2018-1-10T13-49-43,1515588583372,0.87317073,0.06341463,0.46601942,0.87317073
2018-1-10T13-49-43,1515588583373,0.8341463,-0.004878049,0.4563107,0.8341463
2018-1-10T13-49-43,1515588583374,0.85365856,0.004878049,0.4563107,0.85365856
2018-1-10T13-49-43,1515588583375,0.84390247,0.004878049,0.46601942,0.84390247
2018-1-10T13-49-43,1515588583376,0.84390247,0.004878049,0.44660193,0.84390247
2018-1-10T13-49-43,1515588583377,0.8341463,0.014634146,0.407767,0.8341463
2018-1-10T13-49-43,1515588583378,0.8341463,-0.004878049,0.41747573,0.8341463
2018-1-10T13-49-43,1515588583379,0.82439023,-0.004878049,0.41747573,0.82439023
2018-1-10T13-49-43,1515588583380,0.81463414,-0.014634146,0.41747573,0.81463414
2018-1-10T13-49-43,1515588583381,0.81463414,-0.024390243,0.407767,0.81463414
2018-1-10T13-49-43,1515588583382,0.82439023,-0.034146342,0.42718446,0.82439023
2018-1-10T13-49-43,1515588583383,0.80487806,-0.043902438,0.42718446,0.80487806
2018-1-10T13-49-43,1515588583384,0.81463414,-0.043902438,0.42718446,0.81463414
2018-1-10T13-49-43,1515588583385,0.8341463,-0.06341463,0.44660193,0.8341463
2018-1-10T13-49-43,1515588583386,0.84390247,-0.09268293,0.3883495,0.84390247
2018-1-10T13-49-43,1515588583387,0.85365856,-0.06341463,0.46601942,0.85365856
2018-1-10T13-49-43,1515588583388,0.86341465,-0.06341463,0.4563107,0.86341465
2018-1-10T13-49-43,1515588583389,0.86341465,-0.053658538,0.4368932,0.86341465
2018-1-10T13-49-43,1515588583390,0.902439,-0.043902438,0.46601942,0.902439
2018-1-10T13-49-43,1515588583391,0.87317073,-0.043902438,0.47572815,0.87317073
2018-1-10T13-49-43,1515588583392,0.8926829,-0.034146342,0.46601942,0.8926829
2018-1-10T13-49-43,1515588583393,0.8829268,-0.014634146,0.46601942,0.8829268
2018-1-10T13-49-43,1515588583394,0.87317073,-0.004878049,0.4854369,0.87317073
2018-1-10T13-49-43,1515588583395,0.86341465,0.004878049,0.4563107,0.86341465
2018-1-10T13-49-43,1515588583396,0.87317073,0.004878049,0.4563107,0.87317073
2018-1-10T13-49-43,1515588583397,0.85365856,-0.014634146,0.44660193,0.85365856
2018-1-10T13-49-43,1515588583398,0.8341463,-0.004878049,0.44660193,0.8341463
2018-1-10T13-49-43,1515588583399,0.8341463,0.024390243,0.44660193,0.8341463
2018-1-10T13-49-43,1515588583400,0.82439023,-0.004878049,0.4368932,0.82439023
2018-1-10T13-49-43,1515588583401,0.81463414,0.004878049,0.42718446,0.81463414
2018-1-10T13-49-43,1515588583402,0.82439023,0.004878049,0.42718446,0.82439023
2018-1-10T13-49-43,1515588583403,0.80487806,0.004878049,0.42718446,0.80487806
2018-1-10T13-49-43,1515588583404,0.7365854,0.004878049,0.41747573,0.7365854
2018-1-10T13-49-43,1515588583405,0.8341463,-0.014634146,0.42718446,0.8341463
2018-1-10T13-49-43,1515588583406,0.8341463,-0.024390243,0.44660193,0.8341463
2018-1-10T13-49-43,1515588583407,0.84390247,-0.024390243,0.4368932,0.84390247
2018-1-10T13-49-43,1515588583408,0.85365856,-0.053658538,0.4368932,0.85365856
2018-1-10T13-49-43,1515588583409,0.85365856,-0.043902438,0.44660193,0.85365856
2018-1-10T13-49-43,1515588583410,0.85365856,-0.06341463,0.44660193,0.85365856
2018-1-10T13-49-43,1515588583411,0.85365856,-0.06341463,0.407767,0.85365856
2018-1-10T13-49-43,1515588583412,0.85365856,-0.043902438,0.46601942,0.85365856
2018-1-10T13-49-43,1515588583413,0.85365856,-0.053658538,0.4563107,0.85365856
2018-1-10T13-49-43,1515588583414,0.85365856,-0.043902438,0.46601942,0.85365856
2018-1-10T13-49-43,1515588583415,0.86341465,-0.034146342,0.47572815,0.86341465
2018-1-10T13-49-43,1515588583416,0.85365856,-0.024390243,0.4563107,0.85365856
2018-1-10T13-49-43,1515588583417,0.82439023,-0.034146342,0.4563107,0.82439023
2018-1-10T13-49-43,1515588583418,0.84390247,-0.014634146,0.407767,0.84390247
2018-1-10T13-49-43,1515588583419,0.92195123,-0.004878049,0.44660193,0.92195123
2018-1-10T13-49-43,1515588583420,0.85365856,-0.004878049,0.44660193,0.85365856
2018-1-10T13-49-43,1515588583421,0.8341463,0.024390243,0.4368932,0.8341463
2018-1-10T13-49-43,1515588583422,0.8341463,0.004878049,0.42718446,0.8341463
2018-1-10T13-49-43,1515588583423,0.82439023,-0.004878049,0.4368932,0.82439023
2018-1-10T13-49-43,1515588583424,0.8341463,-0.004878049,0.42718446,0.8341463
2018-1-10T13-49-43,1515588583425,0.82439023,-0.043902438,0.4368932,0.82439023
2018-1-10T13-49-43,1515588583426,0.82439023,-0.014634146,0.4368932,0.82439023
2018-1-10T13-49-43,1515588583427,0.82439023,-0.014634146,0.4368932,0.82439023
2018-1-10T13-49-43,1515588583428,0.82439023,0.034146342,0.3883495,0.82439023
2018-1-10T13-49-43,1515588583429,0.8341463,0.004878049,0.42718446,0.8341463
2018-1-10T13-49-43,1515588583430,0.84390247,-0.043902438,0.4368932,0.84390247
2018-1-10T13-49-43,1515588583431,0.84390247,-0.024390243,0.44660193,0.84390247
2018-1-10T13-49-43,1515588583432,0.85365856,-0.024390243,0.44660193,0.85365856
2018-1-10T13-49-43,1515588583433,0.85365856,-0.043902438,0.4563107,0.85365856
2018-1-10T13-49-43,1515588583434,0.9414634,-0.053658538,0.4563107,0.9414634
2018-1-10T13-49-43,1515588583435,0.86341465,-0.043902438,0.4563107,0.86341465
2018-1-10T13-49-43,1515588583436,0.902439,-0.034146342,0.4368932,0.902439
2018-1-10T13-49-43,1515588583437,0.87317073,-0.034146342,0.4563107,0.87317073
2018-1-10T13-49-43,1515588583438,0.85365856,-0.024390243,0.4563107,0.85365856
2018-1-10T13-49-43,1515588583439,0.85365856,-0.08292683,0.42718446,0.85365856
2018-1-10T13-49-43,1515588583440,0.85365856,-0.034146342,0.4368932,0.85365856
2018-1-10T13-49-43,1515588583441,0.8341463,-0.024390243,0.44660193,0.8341463
2018-1-10T13-49-43,1515588583442,0.85365856,-0.024390243,0.39805827,0.85365856
2018-1-10T13-49-43,1515588583443,0.8341463,-0.034146342,0.4368932,0.8341463
2018-1-10T13-49-43,1515588583444,0.8341463,-0.004878049,0.4368932,0.8341463
2018-1-10T13-49-43,1515588583445,0.84390247,-0.014634146,0.4368932,0.84390247
2018-1-10T13-49-43,1515588583446,0.84390247,0.07317073,0.4368932,0.84390247
2018-1-10T13-49-43,1515588583447,0.80487806,-0.004878049,0.44660193,0.80487806
2018-1-10T13-49-43,1515588583448,0.81463414,0.004878049,0.4368932,0.81463414
2018-1-10T13-49-43,1515588583449,0.85365856,-0.004878049,0.4368932,0.85365856
2018-1-10T13-49-43,1515588583450,0.84390247,0.004878049,0.4368932,0.84390247
2018-1-10T13-49-43,1515588583451,0.84390247,-0.004878049,0.4368932,0.84390247
2018-1-10T13-49-43,1515588583452,0.85365856,-0.024390243,0.4563107,0.85365856
2018-1-10T13-49-43,1515588583453,0.85365856,-0.09268293,0.44660193,0.85365856
2018-1-10T13-49-43,1515588583454,0.84390247,-0.004878049,0.44660193,0.84390247
2018-1-10T13-49-43,1515588583455,0.85365856,-0.014634146,0.44660193,0.85365856
2018-1-10T13-49-43,1515588583456,0.85365856,-0.034146342,0.44660193,0.85365856
2018-1-10T13-49-43,1515588583457,0.86341465,-0.034146342,0.44660193,0.86341465
2018-1-10T13-49-43,1515588583458,0.84390247,-0.024390243,0.44660193,0.84390247
2018-1-10T13-49-43,1515588583459,0.87317073,-0.043902438,0.44660193,0.87317073
2018-1-10T13-49-43,1515588583460,0.85365856,-0.043902438,0.44660193,0.85365856
2018-1-10T13-49-43,1515588583461,0.85365856,-0.024390243,0.4563107,0.85365856
2018-1-10T13-49-43,1515588583462,0.84390247,-0.024390243,0.4368932,0.84390247
2018-1-10T13-49-43,1515588583463,0.84390247,-0.09268293,0.44660193,0.84390247
2018-1-10T13-49-43,1515588583464,0.8341463,-0.024390243,0.41747573,0.8341463
2018-1-10T13-49-43,1515588583465,0.84390247,-0.024390243,0.44660193,0.84390247
2018-1-10T13-49-43,1515588583466,0.8341463,-0.034146342,0.44660193,0.8341463
2018-1-10T13-49-43,1515588583467,0.84390247,-0.024390243,0.4368932,0.84390247
2018-1-10T13-49-43,1515588583468,0.8341463,-0.014634146,0.407767,0.8341463
2018-1-10T13-49-43,1515588583469,0.8829268,0.024390243,0.4368932,0.8829268
2018-1-10T13-49-43,1515588583470,0.84390247,-0.004878049,0.4368932,0.84390247
2018-1-10T13-49-43,1515588583471,0.8341463,-0.014634146,0.4563107,0.8341463
2018-1-10T13-49-43,1515588583472,0.84390247,-0.014634146,0.4368932,0.84390247
2018-1-10T13-49-43,1515588583473,0.84390247,-0.014634146,0.4368932,0.84390247
2018-1-10T13-49-43,1515588583474,0.84390247,-0.004878049,0.44660193,0.84390247
2018-1-10T13-49-43,1515588583475,0.84390247,-0.004878049,0.44660193,0.84390247
2018-1-10T13-49-43,1515588583476,0.8341463,-0.053658538,0.44660193,0.8341463
2018-1-10T13-49-43,1515588583477,0.85365856,0.043902438,0.4563107,0.85365856
2018-1-10T13-49-43,1515588583478,0.84390247,-0.014634146,0.44660193,0.84390247
2018-1-10T13-49-43,1515588583479,0.84390247,-0.043902438,0.4563107,0.84390247
2018-1-10T13-49-43,1515588583480,0.84390247,-0.014634146,0.4368932,0.84390247
2018-1-10T13-49-43,1515588583481,0.87317073,-0.034146342,0.4368932,0.87317073
2018-1-10T13-49-43,1515588583482,0.84390247,-0.024390243,0.4563107,0.84390247
2018-1-10T13-49-43,1515588583483,0.82439023,-0.034146342,0.44660193,0.82439023
2018-1-10T13-49-43,1515588583484,0.84390247,-0.034146342,0.46601942,0.84390247
2018-1-10T13-49-43,1515588583485,0.8341463,-0.034146342,0.44660193,0.8341463
2018-1-10T13-49-43,1515588583486,0.84390247,-0.034146342,0.4368932,0.84390247
2018-1-10T13-49-43,1515588583487,0.8341463,-0.034146342,0.4368932,0.8341463
2018-1-10T13-49-43,1515588583488,0.8341463,-0.034146342,0.42718446,0.8341463
2018-1-10T13-49-43,1515588583489,0.8341463,-0.024390243,0.4368932,0.8341463
2018-1-10T13-49-43,1515588583490,0.84390247,-0.024390243,0.4368932,0.84390247
2018-1-10T13-49-43,1515588583491,0.84390247,-0.034146342,0.4368932,0.84390247
2018-1-10T13-49-43,1515588583492,0.8341463,-0.014634146,0.4563107,0.8341463
2018-1-10T13-49-43,1515588583493,0.8341463,-0.024390243,0.44660193,0.8341463
2018-1-10T13-49-43,1515588583494,0.84390247,-0.014634146,0.4368932,0.84390247
2018-1-10T13-49-43,1515588583495,0.84390247,-0.014634146,0.4368932,0.84390247
2018-1-10T13-49-43,1515588583496,0.84390247,-0.014634146,0.44660193,0.84390247
2018-1-10T13-49-43,1515588583497,0.84390247,-0.004878049,0.44660193,0.84390247
2018-1-10T13-49-43,1515588583498,0.84390247,-0.024390243,0.4368932,0.84390247
2018-1-10T13-49-43,1515588583499,0.85365856,-0.014634146,0.44660193,0.85365856
2018-1-10T13-49-43,1515588583500,0.85365856,-0.014634146,0.44660193,0.85365856
2018-1-10T13-49-43,1515588583501,0.84390247,0.004878049,0.44660193,0.84390247
2018-1-10T13-49-43,1515588583502,0.85365856,-0.014634146,0.46601942,0.85365856
2018-1-10T13-49-43,1515588583503,0.85365856,-0.053658538,0.44660193,0.85365856
2018-1-10T13-49-43,1515588583504,0.85365856,-0.024390243,0.44660193,0.85365856
2018-1-10T13-49-43,1515588583505,0.84390247,-0.043902438,0.407767,0.84390247
2018-1-10T13-49-43,1515588583506,0.86341465,-0.024390243,0.44660193,0.86341465
2018-1-10T13-49-43,1515588583507,0.84390247,-0.034146342,0.44660193,0.84390247
2018-1-10T13-49-43,1515588583508,0.84390247,-0.024390243,0.4368932,0.84390247
2018-1-10T13-49-43,1515588583509,0.82439023,-0.034146342,0.44660193,0.82439023
2018-1-10T13-49-43,1515588583510,0.84390247,-0.024390243,0.42718446,0.84390247
2018-1-10T13-49-43,1515588583511,0.84390247,-0.024390243,0.44660193,0.84390247
2018-1-10T13-49-43,1515588583512,0.84390247,-0.014634146,0.407767,0.84390247
2018-1-10T13-49-43,1515588583513,0.84390247,-0.024390243,0.44660193,0.84390247
2018-1-10T13-49-43,1515588583514,0.85365856,-0.034146342,0.44660193,0.85365856
2018-1-10T13-49-43,1515588583515,0.86341465,-0.014634146,0.4563107,0.86341465
2018-1-10T13-49-43,1515588583516,0.85365856,-0.024390243,0.42718446,0.85365856
2018-1-10T13-49-43,1515588583517,0.85365856,-0.014634146,0.44660193,0.85365856
2018-1-10T13-49-43,1515588583518,0.85365856,-0.024390243,0.42718446,0.85365856
2018-1-10T13-49-43,1515588583519,0.85365856,-0.024390243,0.44660193,0.85365856
2018-1-10T13-49-43,1515588583520,0.86341465,-0.014634146,0.4563107,0.86341465
2018-1-10T13-49-43,1515588583521,0.84390247,-0.014634146,0.4368932,0.84390247
2018-1-10T13-49-43,1515588583522,0.82439023,-0.004878049,0.4368932,0.82439023
2018-1-10T13-49-43,1515588583523,0.80487806,-0.053658538,0.44660193,0.80487806
2018-1-10T13-49-43,1515588583524,0.86341465,-0.004878049,0.42718446,0.86341465
2018-1-10T13-49-43,1515588583525,0.86341465,-0.004878049,0.44660193,0.86341465
2018-1-10T13-49-43,1515588583526,0.85365856,-0.043902438,0.44660193,0.85365856
2018-1-10T13-49-43,1515588583527,0.84390247,-0.024390243,0.4368932,0.84390247
2018-1-10T13-49-43,1515588583528,0.86341465,-0.034146342,0.44660193,0.86341465
2018-1-10T13-49-43,1515588583529,0.85365856,-0.004878049,0.44660193,0.85365856
2018-1-10T13-49-43,1515588583530,0.85365856,-0.024390243,0.4368932,0.85365856
2018-1-10T13-49-43,1515588583531,0.84390247,-0.024390243,0.4368932,0.84390247
2018-1-10T13-49-43,1515588583532,0.8341463,-0.034146342,0.4368932,0.8341463
2018-1-10T13-49-43,1515588583533,0.85365856,-0.024390243,0.44660193,0.85365856
2018-1-10T13-49-43,1515588583534,0.82439023,-0.034146342,0.4563107,0.82439023
2018-1-10T13-49-43,1515588583535,0.85365856,-0.043902438,0.44660193,0.85365856
2018-1-10T13-49-43,1515588583536,0.84390247,-0.043902438,0.44660193,0.84390247
2018-1-10T13-49-43,1515588583537,0.85365856,-0.034146342,0.44660193,0.85365856
2018-1-10T13-49-43,1515588583538,0.8341463,-0.004878049,0.44660193,0.8341463
2018-1-10T13-49-43,1515588583539,0.84390247,-0.034146342,0.4368932,0.84390247
2018-1-10T13-49-43,1515588583540,0.80487806,-0.014634146,0.44660193,0.80487806
2018-1-10T13-49-43,1515588583541,0.84390247,-0.014634146,0.4563107,0.84390247
2018-1-10T13-49-43,1515588583542,0.84390247,-0.014634146,0.44660193,0.84390247
2018-1-10T13-49-43,1515588583543,0.8341463,-0.024390243,0.44660193,0.8341463
2018-1-10T13-49-43,1515588583544,0.85365856,-0.004878049,0.44660193,0.85365856
2018-1-10T13-49-43,1515588583545,0.85365856,0.004878049,0.44660193,0.85365856
2018-1-10T13-49-43,1515588583546,0.8341463,-0.014634146,0.5048544,0.8341463
2018-1-10T13-49-43,1515588583547,0.8341463,-0.024390243,0.4563107,0.8341463
2018-1-10T13-49-43,1515588583548,0.84390247,-0.004878049,0.44660193,0.84390247
2018-1-10T13-49-43,1515588583549,0.84390247,0.053658538,0.44660193,0.84390247
2018-1-10T13-49-43,1515588583550,0.85365856,-0.004878049,0.4563107,0.85365856
2018-1-10T13-49-43,1515588583551,0.84390247,-0.024390243,0.4368932,0.84390247
2018-1-10T13-49-43,1515588583552,0.8341463,-0.014634146,0.44660193,0.8341463
2018-1-10T13-49-43,1515588583553,0.84390247,-0.034146342,0.4368932,0.84390247
2018-1-10T13-49-43,1515588583554,0.84390247,-0.024390243,0.44660193,0.84390247
2018-1-10T13-49-43,1515588583555,0.85365856,-0.024390243,0.4368932,0.85365856
2018-1-10T13-49-43,1515588583556,0.8341463,-0.024390243,0.46601942,0.8341463
2018-1-10T13-49-43,1515588583557,0.85365856,-0.014634146,0.44660193,0.85365856
2018-1-10T13-49-43,1515588583558,0.8341463,-0.024390243,0.4563107,0.8341463
2018-1-10T13-49-43,1515588583559,0.84390247,-0.034146342,0.44660193,0.84390247
2018-1-10T13-49-43,1515588583560,0.85365856,-0.014634146,0.44660193,0.85365856
2018-1-10T13-49-43,1515588583561,0.8341463,0.053658538,0.44660193,0.8341463
2018-1-10T13-49-43,1515588583562,0.85365856,-0.034146342,0.4368932,0.85365856
2018-1-10T13-49-43,1515588583563,0.85365856,-0.014634146,0.4368932,0.85365856
2018-1-10T13-49-43,1515588583564,0.84390247,-0.004878049,0.4563107,0.84390247
2018-1-10T13-49-43,1515588583565,0.85365856,0.034146342,0.4368932,0.85365856
2018-1-10T13-49-43,1515588583566,0.84390247,-0.014634146,0.4368932,0.84390247
2018-1-10T13-49-43,1515588583567,0.902439,-0.024390243,0.4368932,0.902439
2018-1-10T13-49-43,1515588583568,0.85365856,-0.014634146,0.47572815,0.85365856
2018-1-10T13-49-43,1515588583569,0.84390247,0.004878049,0.44660193,0.84390247
2018-1-10T13-49-43,1515588583570,0.8341463,-0.014634146,0.44660193,0.8341463
2018-1-10T13-49-43,1515588583571,0.85365856,-0.024390243,0.41747573,0.85365856
2018-1-10T13-49-43,1515588583572,0.8829268,-0.004878049,0.4563107,0.8829268
2018-1-10T13-49-43,1515588583573,0.84390247,-0.08292683,0.44660193,0.84390247
2018-1-10T13-49-43,1515588583574,0.84390247,-0.024390243,0.47572815,0.84390247
2018-1-10T13-49-43,1515588583575,0.84390247,-0.014634146,0.44660193,0.84390247
2018-1-10T13-49-43,1515588583576,0.84390247,-0.024390243,0.44660193,0.84390247
2018-1-10T13-49-43,1515588583577,0.85365856,-0.024390243,0.4563107,0.85365856
2018-1-10T13-49-43,1515588583578,0.86341465,-0.024390243,0.44660193,0.86341465
2018-1-10T13-49-43,1515588583579,0.81463414,-0.014634146,0.44660193,0.81463414
2018-1-10T13-49-43,1515588583580,0.85365856,-0.024390243,0.44660193,0.85365856
2018-1-10T13-49-43,1515588583581,0.8341463,-0.024390243,0.4563107,0.8341463
2018-1-10T13-49-43,1515588583582,0.85365856,-0.034146342,0.4368932,0.85365856
2018-1-10T13-49-43,1515588583583,0.85365856,-0.043902438,0.4563107,0.85365856
2018-1-10T13-49-43,1515588583584,0.82439023,-0.024390243,0.44660193,0.82439023
2018-1-10T13-49-43,1515588583585,0.85365856,-0.024390243,0.44660193,0.85365856
2018-1-10T13-49-43,1515588583586,0.8829268,-0.014634146,0.44660193,0.8829268
2018-1-10T13-49-43,1515588583587,0.84390247,-0.024390243,0.44660193,0.84390247
2018-1-10T13-49-43,1515588583588,0.84390247,-0.024390243,0.44660193,0.84390247
2018-1-10T13-49-43,1515588583589,0.8926829,-0.014634146,0.44660193,0.8926829
2018-1-10T13-49-43,1515588583590,0.85365856,-0.014634146,0.44660193,0.85365856
2018-1-10T13-49-43,1515588583591,0.82439023,-0.024390243,0.44660193,0.82439023
2018-1-10T13-49-43,1515588583592,0.85365856,-0.014634146,0.4368932,0.85365856
2018-1-10T13-49-43,1515588583593,0.85365856,-0.014634146,0.4368932,0.85365856
2018-1-10T13-49-43,1515588583594,0.84390247,-0.014634146,0.4368932,0.84390247
2018-1-10T13-49-43,1515588583595,0.86341465,-0.014634146,0.44660193,0.86341465
2018-1-10T13-49-43,1515588583596,0.84390247,-0.024390243,0.4368932,0.84390247
2018-1-10T13-49-43,1515588583597,0.84390247,-0.014634146,0.44660193,0.84390247
2018-1-10T13-49-43,1515588583598,0.84390247,-0.014634146,0.44660193,0.84390247
2018-1-10T13-49-43,1515588583599,0.82439023,-0.034146342,0.4368932,0.82439023
2018-1-10T13-49-43,1515588583600,0.85365856,-0.08292683,0.44660193,0.85365856
2018-1-10T13-49-43,1515588583601,0.85365856,-0.014634146,0.44660193,0.85365856
2018-1-10T13-49-43,1515588583602,0.81463414,-0.024390243,0.4563107,0.81463414
2018-1-10T13-49-43,1515588583603,0.8341463,-0.034146342,0.44660193,0.8341463
2018-1-10T13-49-43,1515588583604,0.84390247,-0.043902438,0.4563107,0.84390247
2018-1-10T13-49-43,1515588583605,0.84390247,-0.034146342,0.4563107,0.84390247
2018-1-10T13-49-43,1515588583606,0.8341463,-0.014634146,0.42718446,0.8341463
2018-1-10T13-49-43,1515588583607,0.84390247,-0.014634146,0.4368932,0.84390247
2018-1-10T13-49-43,1515588583608,0.84390247,-0.034146342,0.4368932,0.84390247
2018-1-10T13-49-43,1515588583609,0.84390247,-0.034146342,0.44660193,0.84390247
2018-1-10T13-49-43,1515588583610,0.86341465,-0.024390243,0.42718446,0.86341465
2018-1-10T13-49-43,1515588583611,0.84390247,-0.034146342,0.4368932,0.84390247
2018-1-10T13-49-43,1515588583612,0.82439023,-0.004878049,0.4368932,0.82439023
2018-1-10T13-49-43,1515588583613,0.8341463,-0.034146342,0.42718446,0.8341463
2018-1-10T13-49-43,1515588583614,0.84390247,-0.024390243,0.4368932,0.84390247
2018-1-10T13-49-43,1515588583615,0.84390247,-0.024390243,0.44660193,0.84390247
2018-1-10T13-49-43,1515588583616,0.84390247,-0.014634146,0.44660193,0.84390247
2018-1-10T13-49-43,1515588583617,0.84390247,-0.024390243,0.42718446,0.84390247
2018-1-10T13-49-43,1515588583618,0.8341463,-0.014634146,0.44660193,0.8341463
2018-1-10T13-49-43,1515588583619,0.84390247,-0.07317073,0.44660193,0.84390247
2018-1-10T13-49-43,1515588583620,0.84390247,-0.014634146,0.4368932,0.84390247
2018-1-10T13-49-43,1515588583621,0.85365856,-0.014634146,0.44660193,0.85365856
2018-1-10T13-49-43,1515588583622,0.85365856,-0.014634146,0.41747573,0.85365856
2018-1-10T13-49-43,1515588583623,0.84390247,-0.014634146,0.44660193,0.84390247
2018-1-10T13-49-43,1515588583624,0.85365856,-0.014634146,0.44660193,0.85365856
2018-1-10T13-49-43,1515588583625,0.85365856,-0.034146342,0.44660193,0.85365856
2018-1-10T13-49-43,1515588583626,0.8341463,-0.014634146,0.44660193,0.8341463
2018-1-10T13-49-43,1515588583627,0.84390247,-0.034146342,0.44660193,0.84390247
2018-1-10T13-49-43,1515588583628,0.8926829,-0.014634146,0.4563107,0.8926829
2018-1-10T13-49-43,1515588583629,0.8341463,-0.024390243,0.3883495,0.8341463
2018-1-10T13-49-43,1515588583630,0.84390247,-0.024390243,0.44660193,0.84390247
2018-1-10T13-49-43,1515588583631,0.84390247,-0.034146342,0.44660193,0.84390247
2018-1-10T13-49-43,1515588583632,0.84390247,-0.014634146,0.4563107,0.84390247
2018-1-10T13-49-43,1515588583633,0.84390247,-0.024390243,0.44660193,0.84390247
2018-1-10T13-49-43,1515588583634,0.84390247,-0.034146342,0.44660193,0.84390247
2018-1-10T13-49-43,1515588583635,0.8341463,-0.053658538,0.4368932,0.8341463
2018-1-10T13-49-43,1515588583636,0.84390247,0.004878049,0.4368932,0.84390247
2018-1-10T13-49-43,1515588583637,0.84390247,-0.024390243,0.44660193,0.84390247
2018-1-10T13-49-43,1515588583638,0.7853659,-0.034146342,0.44660193,0.7853659
2018-1-10T13-49-43,1515588583639,0.8341463,-0.07317073,0.44660193,0.8341463
2018-1-10T13-49-43,1515588583640,0.85365856,-0.014634146,0.44660193,0.85365856
2018-1-10T13-49-43,1515588583641,0.7853659,-0.014634146,0.44660193,0.7853659
2018-1-10T13-49-43,1515588583642,0.84390247,-0.034146342,0.4368932,0.84390247
2018-1-10T13-49-43,1515588583643,0.84390247,-0.014634146,0.4368932,0.84390247
2018-1-10T13-49-43,1515588583644,0.84390247,-0.004878049,0.4368932,0.84390247
2018-1-10T13-49-43,1515588583645,0.85365856,-0.014634146,0.44660193,0.85365856
2018-1-10T13-49-43,1515588583646,0.84390247,-0.024390243,0.42718446,0.84390247
2018-1-10T13-49-43,1515588583647,0.8341463,-0.024390243,0.47572815,0.8341463
2018-1-10T13-49-43,1515588583648,0.85365856,-0.024390243,0.46601942,0.85365856
2018-1-10T13-49-43,1515588583649,0.87317073,-0.024390243,0.44660193,0.87317073
2018-1-10T13-49-43,1515588583650,0.84390247,-0.014634146,0.44660193,0.84390247
2018-1-10T13-49-43,1515588583651,0.84390247,-0.034146342,0.44660193,0.84390247
2018-1-10T13-49-43,1515588583652,0.85365856,-0.034146342,0.4368932,0.85365856
2018-1-10T13-49-43,1515588583653,0.86341465,-0.034146342,0.4368932,0.86341465
2018-1-10T13-49-43,1515588583654,0.84390247,-0.024390243,0.44660193,0.84390247
2018-1-10T13-49-43,1515588583655,0.85365856,-0.024390243,0.44660193,0.85365856
2018-1-10T13-49-43,1515588583656,0.85365856,-0.043902438,0.4563107,0.85365856
2018-1-10T13-49-43,1515588583657,0.82439023,-0.014634146,0.44660193,0.82439023
2018-1-10T13-49-43,1515588583658,0.76585364,-0.034146342,0.44660193,0.76585364
2018-1-10T13-49-43,1515588583659,0.85365856,-0.024390243,0.44660193,0.85365856
2018-1-10T13-49-43,1515588583660,0.84390247,-0.024390243,0.44660193,0.84390247
2018-1-10T13-49-43,1515588583661,0.8341463,-0.014634146,0.4368932,0.8341463
2018-1-10T13-49-43,1515588583662,0.85365856,-0.014634146,0.4563107,0.85365856
2018-1-10T13-49-43,1515588583663,0.84390247,-0.043902438,0.44660193,0.84390247
2018-1-10T13-49-43,1515588583664,0.86341465,-0.024390243,0.44660193,0.86341465
2018-1-10T13-49-43,1515588583665,0.85365856,-0.043902438,0.4563107,0.85365856
2018-1-10T13-49-43,1515588583666,0.8341463,-0.024390243,0.39805827,0.8341463
2018-1-10T13-49-43,1515588583667,0.84390247,-0.024390243,0.4368932,0.84390247
2018-1-10T13-49-43,1515588583668,0.85365856,-0.024390243,0.4368932,0.85365856
2018-1-10T13-49-43,1515588583669,0.82439023,-0.014634146,0.44660193,0.82439023
2018-1-10T13-49-43,1515588583670,0.84390247,-0.024390243,0.4368932,0.84390247
2018-1-10T13-49-43,1515588583671,0.84390247,-0.024390243,0.4368932,0.84390247
2018-1-10T13-49-43,1515588583672,0.84390247,-0.024390243,0.44660193,0.84390247
2018-1-10T13-49-43,1515588583673,0.86341465,-0.024390243,0.44660193,0.86341465
2018-1-10T13-49-43,1515588583674,0.81463414,-0.014634146,0.44660193,0.81463414
2018-1-10T13-49-43,1515588583675,0.85365856,-0.004878049,0.44660193,0.85365856
2018-1-10T13-49-43,1515588583676,0.84390247,-0.034146342,0.44660193,0.84390247
2018-1-10T13-49-43,1515588583677,0.85365856,-0.043902438,0.4563107,0.85365856
2018-1-10T13-49-43,1515588583678,0.84390247,-0.024390243,0.4854369,0.84390247
2018-1-10T13-49-43,1515588583679,0.84390247,-0.043902438,0.4368932,0.84390247
2018-1-10T13-49-43,1515588583680,0.85365856,-0.024390243,0.44660193,0.85365856
2018-1-10T13-49-43,1515588583681,0.85365856,-0.024390243,0.4368932,0.85365856
2018-1-10T13-49-43,1515588583682,0.86341465,-0.014634146,0.4368932,0.86341465
2018-1-10T13-49-43,1515588583683,0.85365856,-0.014634146,0.4368932,0.85365856
2018-1-10T13-49-43,1515588583684,0.84390247,-0.014634146,0.44660193,0.84390247
2018-1-10T13-49-43,1515588583685,0.8341463,-0.014634146,0.42718446,0.8341463
2018-1-10T13-49-43,1515588583686,0.84390247,-0.014634146,0.4368932,0.84390247
2018-1-10T13-49-43,1515588583687,0.84390247,-0.024390243,0.44660193,0.84390247
2018-1-10T13-49-43,1515588583688,0.84390247,-0.014634146,0.42718446,0.84390247
2018-1-10T13-49-43,1515588583689,0.85365856,-0.014634146,0.4368932,0.85365856
2018-1-10T13-49-43,1515588583690,0.84390247,-0.034146342,0.44660193,0.84390247
2018-1-10T13-49-43,1515588583691,0.84390247,-0.024390243,0.44660193,0.84390247
2018-1-10T13-49-43,1515588583692,0.8341463,-0.024390243,0.44660193,0.8341463
2018-1-10T13-49-43,1515588583693,0.84390247,-0.034146342,0.42718446,0.84390247
2018-1-10T13-49-43,1515588583694,0.84390247,-0.004878049,0.4368932,0.84390247
2018-1-10T13-49-43,1515588583695,0.84390247,-0.014634146,0.44660193,0.84390247
2018-1-10T13-49-43,1515588583696,0.84390247,-0.014634146,0.44660193,0.84390247
2018-1-10T13-49-43,1515588583697,0.84390247,-0.024390243,0.44660193,0.84390247
2018-1-10T13-49-43,1515588583698,0.85365856,-0.024390243,0.4368932,0.85365856
2018-1-10T13-49-43,1515588583699,0.84390247,-0.024390243,0.4368932,0.84390247
2018-1-10T13-49-43,1515588583700,0.85365856,-0.004878049,0.4368932,0.85365856
2018-1-10T13-49-43,1515588583701,0.84390247,-0.024390243,0.4368932,0.84390247
2018-1-10T13-49-43,1515588583702,0.8341463,-0.034146342,0.44660193,0.8341463
2018-1-10T13-49-43,1515588583703,0.85365856,-0.014634146,0.44660193,0.85365856
2018-1-10T13-49-43,1515588583704,0.85365856,-0.014634146,0.44660193,0.85365856
2018-1-10T13-49-43,1515588583705,0.84390247,-0.024390243,0.44660193,0.84390247
2018-1-10T13-49-43,1515588583706,0.8341463,-0.014634146,0.44660193,0.8341463
2018-1-10T13-49-43,1515588583707,0.79512197,-0.014634146,0.44660193,0.79512197
2018-1-10T13-49-43,1515588583708,0.84390247,-0.024390243,0.44660193,0.84390247
2018-1-10T13-49-43,1515588583709,0.85365856,-0.024390243,0.4854369,0.85365856
2018-1-10T13-49-43,1515588583710,0.8341463,-0.014634146,0.4368932,0.8341463
2018-1-10T13-49-43,1515588583711,0.84390247,-0.014634146,0.4563107,0.84390247
2018-1-10T13-49-43,1515588583712,0.84390247,-0.024390243,0.4368932,0.84390247
2018-1-10T13-49-43,1515588583713,0.84390247,0.014634146,0.44660193,0.84390247
2018-1-10T13-49-43,1515588583714,0.84390247,-0.014634146,0.4368932,0.84390247
2018-1-10T13-49-43,1515588583715,0.82439023,-0.014634146,0.46601942,0.82439023
2018-1-10T13-49-43,1515588583716,0.85365856,-0.034146342,0.4368932,0.85365856
2018-1-10T13-49-43,1515588583717,0.85365856,-0.024390243,0.44660193,0.85365856
2018-1-10T13-49-43,1515588583718,0.86341465,0.024390243,0.4368932,0.86341465
2018-1-10T13-49-43,1515588583719,0.84390247,-0.024390243,0.42718446,0.84390247
2018-1-10T13-49-43,1515588583720,0.84390247,-0.004878049,0.47572815,0.84390247
2018-1-10T13-49-43,1515588583721,0.84390247,-0.024390243,0.4368932,0.84390247
2018-1-10T13-49-43,1515588583722,0.84390247,-0.043902438,0.4368932,0.84390247
2018-1-10T13-49-43,1515588583723,0.86341465,-0.034146342,0.44660193,0.86341465
2018-1-10T13-49-43,1515588583724,0.84390247,-0.024390243,0.44660193,0.84390247
2018-1-10T13-49-43,1515588583725,0.8926829,-0.034146342,0.44660193,0.8926829
2018-1-10T13-49-43,1515588583726,0.86341465,-0.08292683,0.49514562,0.86341465
2018-1-10T13-49-43,1515588583727,0.84390247,0.014634146,0.44660193,0.84390247
2018-1-10T13-49-43,1515588583728,0.84390247,-0.024390243,0.4563107,0.84390247
2018-1-10T13-49-43,1515588583729,0.86341465,-0.014634146,0.4368932,0.86341465
2018-1-10T13-49-43,1515588583730,0.84390247,-0.034146342,0.4368932,0.84390247
2018-1-10T13-49-43,1515588583731,0.8341463,-0.024390243,0.44660193,0.8341463
2018-1-10T13-49-43,1515588583732,0.85365856,-0.014634146,0.44660193,0.85365856
2018-1-10T13-49-43,1515588583733,0.82439023,-0.034146342,0.42718446,0.82439023
2018-1-10T13-49-43,1515588583734,0.84390247,-0.024390243,0.44660193,0.84390247
2018-1-10T13-49-43,1515588583735,0.86341465,-0.024390243,0.4368932,0.86341465
2018-1-10T13-49-43,1515588583736,0.85365856,-0.034146342,0.4368932,0.85365856
2018-1-10T13-49-43,1515588583737,0.8341463,-0.034146342,0.44660193,0.8341463
2018-1-10T13-49-43,1515588583738,0.84390247,0.024390243,0.44660193,0.84390247
2018-1-10T13-49-43,1515588583739,0.84390247,-0.024390243,0.4563107,0.84390247
2018-1-10T13-49-43,1515588583740,0.81463414,-0.024390243,0.4368932,0.81463414
2018-1-10T13-49-43,1515588583741,0.85365856,-0.004878049,0.44660193,0.85365856
2018-1-10T13-49-43,1515588583742,0.82439023,0.014634146,0.44660193,0.82439023
2018-1-10T13-49-43,1515588583743,0.84390247,-0.024390243,0.41747573,0.84390247
2018-1-10T13-49-43,1515588583744,0.84390247,-0.08292683,0.4368932,0.84390247
2018-1-10T13-49-43,1515588583745,0.87317073,-0.014634146,0.4368932,0.87317073
2018-1-10T13-49-43,1515588583746,0.84390247,0.004878049,0.44660193,0.84390247
2018-1-10T13-49-43,1515588583747,0.84390247,-0.024390243,0.44660193,0.84390247
2018-1-10T13-49-43,1515588583748,0.87317073,-0.004878049,0.4368932,0.87317073
2018-1-10T13-49-43,1515588583749,0.84390247,-0.014634146,0.5145631,0.84390247
2018-1-10T13-49-43,1515588583750,0.86341465,-0.024390243,0.44660193,0.86341465
2018-1-10T13-49-43,1515588583751,0.82439023,-0.024390243,0.44660193,0.82439023
2018-1-10T13-49-43,1515588583752,0.84390247,-0.024390243,0.4368932,0.84390247
2018-1-10T13-49-43,1515588583753,0.85365856,-0.024390243,0.44660193,0.85365856
2018-1-10T13-49-43,1515588583754,0.84390247,-0.024390243,0.42718446,0.84390247
2018-1-10T13-49-43,1515588583755,0.902439,-0.034146342,0.4368932,0.902439
2018-1-10T13-49-43,1515588583756,0.85365856,-0.07317073,0.44660193,0.85365856
2018-1-10T13-49-43,1515588583757,0.85365856,-0.024390243,0.44660193,0.85365856
2018-1-10T13-49-43,1515588583758,0.85365856,-0.024390243,0.42718446,0.85365856
2018-1-10T13-49-43,1515588583759,0.87317073,-0.024390243,0.4563107,0.87317073
2018-1-10T13-49-43,1515588583760,0.85365856,-0.014634146,0.4368932,0.85365856
2018-1-10T13-49-43,1515588583761,0.85365856,-0.053658538,0.4368932,0.85365856
2018-1-10T13-49-43,1515588583762,0.84390247,0.043902438,0.4368932,0.84390247
2018-1-10T13-49-43,1515588583763,0.84390247,-0.024390243,0.4368932,0.84390247
2018-1-10T13-49-43,1515588583764,0.84390247,-0.014634146,0.4368932,0.84390247
2018-1-10T13-49-43,1515588583765,0.84390247,-0.024390243,0.44660193,0.84390247
2018-1-10T13-49-43,1515588583766,0.84390247,-0.024390243,0.46601942,0.84390247
2018-1-10T13-49-43,1515588583767,0.84390247,-0.014634146,0.42718446,0.84390247
2018-1-10T13-49-43,1515588583768,0.84390247,-0.004878049,0.44660193,0.84390247
2018-1-10T13-49-43,1515588583769,0.8926829,-0.014634146,0.44660193,0.8926829
2018-1-10T13-49-43,1515588583770,0.84390247,0.004878049,0.44660193,0.84390247
2018-1-10T13-49-43,1515588583771,0.85365856,-0.014634146,0.44660193,0.85365856
2018-1-10T13-49-43,1515588583772,0.85365856,-0.024390243,0.44660193,0.85365856
2018-1-10T13-49-43,1515588583773,0.86341465,-0.024390243,0.4563107,0.86341465
2018-1-10T13-49-43,1515588583774,0.84390247,-0.024390243,0.4368932,0.84390247
2018-1-10T13-49-43,1515588583775,0.85365856,-0.004878049,0.42718446,0.85365856
2018-1-10T13-49-43,1515588583776,0.85365856,-0.034146342,0.44660193,0.85365856
2018-1-10T13-49-43,1515588583777,0.84390247,-0.014634146,0.4368932,0.84390247
2018-1-10T13-49-43,1515588583778,0.84390247,-0.024390243,0.4368932,0.84390247
2018-1-10T13-49-43,1515588583779,0.84390247,-0.004878049,0.4368932,0.84390247
2018-1-10T13-49-43,1515588583780,0.84390247,-0.06341463,0.44660193,0.84390247
2018-1-10T13-49-43,1515588583781,0.85365856,-0.014634146,0.4368932,0.85365856
2018-1-10T13-49-43,1515588583782,0.85365856,-0.014634146,0.44660193,0.85365856
2018-1-10T13-49-43,1515588583783,0.84390247,-0.014634146,0.4368932,0.84390247
2018-1-10T13-49-43,1515588583784,0.8341463,-0.034146342,0.44660193,0.8341463
2018-1-10T13-49-43,1515588583785,0.84390247,-0.034146342,0.44660193,0.84390247
2018-1-10T13-49-43,1515588583786,0.85365856,-0.004878049,0.44660193,0.85365856
2018-1-10T13-49-43,1515588583787,0.85365856,-0.024390243,0.4368932,0.85365856
2018-1-10T13-49-43,1515588583788,0.84390247,-0.024390243,0.4563107,0.84390247
2018-1-10T13-49-43,1515588583789,0.85365856,-0.024390243,0.44660193,0.85365856
2018-1-10T13-49-43,1515588583790,0.85365856,-0.024390243,0.4368932,0.85365856
2018-1-10T13-49-43,1515588583791,0.7853659,0.034146342,0.44660193,0.7853659
2018-1-10T13-49-43,1515588583792,0.84390247,-0.024390243,0.44660193,0.84390247
2018-1-10T13-49-43,1515588583793,0.84390247,-0.024390243,0.44660193,0.84390247
2018-1-10T13-49-43,1515588583794,0.85365856,-0.024390243,0.4368932,0.85365856
2018-1-10T13-49-43,1515588583795,0.8341463,-0.024390243,0.39805827,0.8341463
2018-1-10T13-49-43,1515588583796,0.84390247,-0.043902438,0.44660193,0.84390247
2018-1-10T13-49-43,1515588583797,0.85365856,-0.014634146,0.44660193,0.85365856
2018-1-10T13-49-43,1515588583798,0.8829268,-0.004878049,0.44660193,0.8829268
2018-1-10T13-49-43,1515588583799,0.84390247,-0.024390243,0.44660193,0.84390247
2018-1-10T13-49-43,1515588583800,0.84390247,-0.024390243,0.44660193,0.84390247
2018-1-10T13-49-43,1515588583801,0.84390247,-0.024390243,0.44660193,0.84390247
2018-1-10T13-49-43,1515588583802,0.84390247,-0.004878049,0.4854369,0.84390247
2018-1-10T13-49-43,1515588583803,0.85365856,-0.014634146,0.4563107,0.85365856
2018-1-10T13-49-43,1515588583804,0.84390247,-0.034146342,0.44660193,0.84390247
2018-1-10T13-49-43,1515588583805,0.8341463,-0.024390243,0.44660193,0.8341463
2018-1-10T13-49-43,1515588583806,0.8341463,-0.09268293,0.4368932,0.8341463
2018-1-10T13-49-43,1515588583807,0.85365856,-0.053658538,0.44660193,0.85365856
2018-1-10T13-49-43,1515588583808,0.84390247,-0.034146342,0.47572815,0.84390247
2018-1-10T13-49-43,1515588583809,0.84390247,-0.034146342,0.44660193,0.84390247
2018-1-10T13-49-43,1515588583810,0.84390247,-0.09268293,0.4368932,0.84390247
2018-1-10T13-49-43,1515588583811,0.84390247,-0.024390243,0.4368932,0.84390247
2018-1-10T13-49-43,1515588583812,0.8341463,-0.014634146,0.4368932,0.8341463
2018-1-10T13-49-43,1515588583813,0.84390247,-0.014634146,0.44660193,0.84390247
2018-1-10T13-49-43,1515588583814,0.85365856,-0.014634146,0.42718446,0.85365856
2018-1-10T13-49-43,1515588583815,0.82439023,-0.024390243,0.44660193,0.82439023
2018-1-10T13-49-43,1515588583816,0.84390247,-0.024390243,0.4368932,0.84390247
2018-1-10T13-49-43,1515588583817,0.84390247,-0.014634146,0.4368932,0.84390247
2018-1-10T13-49-43,1515588583818,0.84390247,-0.024390243,0.44660193,0.84390247
2018-1-10T13-49-43,1515588583819,0.84390247,-0.024390243,0.36893204,0.84390247
2018-1-10T13-49-43,1515588583820,0.84390247,-0.024390243,0.44660193,0.84390247
2018-1-10T13-49-43,1515588583821,0.85365856,-0.034146342,0.4368932,0.85365856
2018-1-10T13-49-43,1515588583822,0.84390247,0.004878049,0.4563107,0.84390247
2018-1-10T13-49-43,1515588583823,0.84390247,-0.024390243,0.4368932,0.84390247
2018-1-10T13-49-43,1515588583824,0.84390247,-0.014634146,0.4368932,0.84390247
2018-1-10T13-49-43,1515588583825,0.84390247,-0.034146342,0.44660193,0.84390247
2018-1-10T13-49-43,1515588583826,0.85365856,-0.024390243,0.44660193,0.85365856
2018-1-10T13-49-43,1515588583827,0.8341463,-0.024390243,0.44660193,0.8341463
2018-1-10T13-49-43,1515588583828,0.8341463,-0.024390243,0.44660193,0.8341463
2018-1-10T13-49-43,1515588583829,0.85365856,-0.004878049,0.44660193,0.85365856
2018-1-10T13-49-43,1515588583830,0.8341463,-0.024390243,0.44660193,0.8341463
2018-1-10T13-49-43,1515588583831,0.82439023,-0.024390243,0.44660193,0.82439023
2018-1-10T13-49-43,1515588583832,0.8341463,-0.024390243,0.39805827,0.8341463
2018-1-10T13-49-43,1515588583833,0.8341463,-0.024390243,0.44660193,0.8341463
2018-1-10T13-49-43,1515588583834,0.84390247,-0.004878049,0.42718446,0.84390247
2018-1-10T13-49-43,1515588583835,0.84390247,-0.043902438,0.4368932,0.84390247
2018-1-10T13-49-43,1515588583836,0.85365856,-0.014634146,0.44660193,0.85365856
2018-1-10T13-49-43,1515588583837,0.85365856,-0.014634146,0.4563107,0.85365856
2018-1-10T13-49-43,1515588583838,0.85365856,-0.014634146,0.4368932,0.85365856
2018-1-10T13-49-43,1515588583839,0.8341463,-0.024390243,0.4368932,0.8341463
2018-1-10T13-49-43,1515588583840,0.8341463,-0.014634146,0.4368932,0.8341463
2018-1-10T13-49-43,1515588583841,0.80487806,-0.024390243,0.44660193,0.80487806
2018-1-10T13-49-43,1515588583842,0.84390247,-0.024390243,0.44660193,0.84390247
2018-1-10T13-49-43,1515588583843,0.86341465,-0.024390243,0.4368932,0.86341465
2018-1-10T13-49-43,1515588583844,0.8341463,-0.024390243,0.44660193,0.8341463
2018-1-10T13-49-43,1515588583845,0.82439023,-0.014634146,0.4368932,0.82439023
2018-1-10T13-49-43,1515588583846,0.85365856,-0.06341463,0.4563107,0.85365856
2018-1-10T13-49-43,1515588583847,0.8341463,-0.024390243,0.4563107,0.8341463
2018-1-10T13-49-43,1515588583848,0.8341463,-0.024390243,0.42718446,0.8341463
2018-1-10T13-49-43,1515588583849,0.85365856,-0.014634146,0.44660193,0.85365856
2018-1-10T13-49-43,1515588583850,0.84390247,-0.024390243,0.4368932,0.84390247
2018-1-10T13-49-43,1515588583851,0.84390247,-0.014634146,0.39805827,0.84390247
2018-1-10T13-49-43,1515588583852,0.84390247,-0.024390243,0.44660193,0.84390247
2018-1-10T13-49-43,1515588583853,0.84390247,0.014634146,0.36893204,0.84390247
2018-1-10T13-49-43,1515588583854,0.85365856,-0.014634146,0.47572815,0.85365856
2018-1-10T13-49-43,1515588583855,0.84390247,-0.014634146,0.44660193,0.84390247
2018-1-10T13-49-43,1515588583856,0.84390247,-0.043902438,0.4368932,0.84390247
2018-1-10T13-49-43,1515588583857,0.85365856,0.004878049,0.4368932,0.85365856
2018-1-10T13-49-43,1515588583858,0.85365856,-0.024390243,0.4368932,0.85365856
2018-1-10T13-49-43,1515588583859,0.84390247,-0.034146342,0.44660193,0.84390247
2018-1-10T13-49-43,1515588583860,0.85365856,-0.004878049,0.4563107,0.85365856
2018-1-10T13-49-43,1515588583861,0.84390247,-0.024390243,0.4368932,0.84390247
2018-1-10T13-49-43,1515588583862,0.84390247,-0.024390243,0.42718446,0.84390247
2018-1-10T13-49-43,1515588583863,0.87317073,-0.024390243,0.4368932,0.87317073
2018-1-10T13-49-43,1515588583864,0.8341463,-0.024390243,0.46601942,0.8341463
2018-1-10T13-49-43,1515588583865,0.84390247,-0.024390243,0.44660193,0.84390247
2018-1-10T13-49-43,1515588583866,0.84390247,0.024390243,0.44660193,0.84390247
2018-1-10T13-49-43,1515588583867,0.8341463,-0.034146342,0.44660193,0.8341463
2018-1-10T13-49-43,1515588583868,0.81463414,-0.034146342,0.44660193,0.81463414
2018-1-10T13-49-43,1515588583869,0.79512197,-0.024390243,0.4563107,0.79512197
2018-1-10T13-49-43,1515588583870,0.84390247,-0.024390243,0.4563107,0.84390247
2018-1-10T13-49-43,1515588583871,0.85365856,0.004878049,0.4368932,0.85365856
2018-1-10T13-49-43,1515588583872,0.86341465,-0.014634146,0.44660193,0.86341465
2018-1-10T13-49-43,1515588583873,0.84390247,-0.024390243,0.4563107,0.84390247
2018-1-10T13-49-43,1515588583874,0.86341465,-0.024390243,0.44660193,0.86341465
2018-1-10T13-49-43,1515588583875,0.85365856,-0.024390243,0.44660193,0.85365856
2018-1-10T13-49-43,1515588583876,0.84390247,0.034146342,0.42718446,0.84390247
2018-1-10T13-49-43,1515588583877,0.84390247,-0.004878049,0.4368932,0.84390247
2018-1-10T13-49-43,1515588583878,0.84390247,-0.014634146,0.4563107,0.84390247
2018-1-10T13-49-43,1515588583879,0.86341465,-0.024390243,0.4563107,0.86341465
2018-1-10T13-49-43,1515588583880,0.84390247,-0.024390243,0.4368932,0.84390247
2018-1-10T13-49-43,1515588583881,0.85365856,0.004878049,0.47572815,0.85365856
2018-1-10T13-49-43,1515588583882,0.85365856,-0.014634146,0.44660193,0.85365856
2018-1-10T13-49-43,1515588583883,0.85365856,-0.024390243,0.44660193,0.85365856
2018-1-10T13-49-43,1515588583884,0.84390247,-0.014634146,0.44660193,0.84390247
2018-1-10T13-49-43,1515588583885,0.85365856,-0.034146342,0.4368932,0.85365856
2018-1-10T13-49-43,1515588583886,0.85365856,-0.014634146,0.4368932,0.85365856
2018-1-10T13-49-43,1515588583887,0.84390247,-0.024390243,0.44660193,0.84390247
2018-1-10T13-49-43,1515588583888,0.85365856,0.06341463,0.4563107,0.85365856
2018-1-10T13-49-43,1515588583889,0.85365856,-0.024390243,0.44660193,0.85365856
2018-1-10T13-49-43,1515588583890,0.84390247,0.034146342,0.4368932,0.84390247
2018-1-10T13-49-43,1515588583891,0.86341465,0.043902438,0.44660193,0.86341465
2018-1-10T13-49-43,1515588583892,0.84390247,-0.004878049,0.4563107,0.84390247
2018-1-10T13-49-43,1515588583893,0.8341463,-0.024390243,0.44660193,0.8341463
2018-1-10T13-49-43,1515588583894,0.82439023,-0.034146342,0.44660193,0.82439023
2018-1-10T13-49-43,1515588583895,0.84390247,-0.024390243,0.44660193,0.84390247
2018-1-10T13-49-43,1515588583896,0.84390247,-0.024390243,0.4368932,0.84390247
2018-1-10T13-49-43,1515588583897,0.85365856,-0.014634146,0.4368932,0.85365856
2018-1-10T13-49-43,1515588583898,0.85365856,-0.024390243,0.4368932,0.85365856
2018-1-10T13-49-43,1515588583899,0.84390247,-0.034146342,0.4368932,0.84390247
2018-1-10T13-49-43,1515588583900,0.85365856,-0.024390243,0.4368932,0.85365856
2018-1-10T13-49-43,1515588583901,0.8926829,-0.024390243,0.4563107,0.8926829
2018-1-10T13-49-43,1515588583902,0.85365856,-0.014634146,0.4368932,0.85365856
2018-1-10T13-49-43,1515588583903,0.75609756,-0.034146342,0.4368932,0.75609756
2018-1-10T13-49-43,1515588583904,0.8341463,-0.034146342,0.44660193,0.8341463
2018-1-10T13-49-43,1515588583905,0.85365856,-0.024390243,0.44660193,0.85365856
2018-1-10T13-49-43,1515588583906,0.8341463,-0.024390243,0.4368932,0.8341463
2018-1-10T13-49-43,1515588583907,0.84390247,-0.014634146,0.4368932,0.84390247
2018-1-10T13-49-43,1515588583908,0.8341463,-0.014634146,0.44660193,0.8341463
2018-1-10T13-49-43,1515588583909,0.8341463,-0.014634146,0.4854369,0.8341463
2018-1-10T13-49-43,1515588583910,0.84390247,-0.014634146,0.44660193,0.84390247
2018-1-10T13-49-43,1515588583911,0.8341463,-0.004878049,0.44660193,0.8341463
2018-1-10T13-49-43,1515588583912,0.84390247,-0.024390243,0.4368932,0.84390247
2018-1-10T13-49-43,1515588583913,0.85365856,-0.024390243,0.44660193,0.85365856
2018-1-10T13-49-43,1515588583914,0.84390247,-0.034146342,0.47572815,0.84390247
2018-1-10T13-49-43,1515588583915,0.84390247,-0.014634146,0.4368932,0.84390247
2018-1-10T13-49-43,1515588583916,0.84390247,-0.034146342,0.4563107,0.84390247
2018-1-10T13-49-43,1515588583917,0.84390247,-0.014634146,0.4563107,0.84390247
2018-1-10T13-49-43,1515588583918,0.77560973,-0.014634146,0.4368932,0.77560973
2018-1-10T13-49-43,1515588583919,0.8341463,-0.034146342,0.4368932,0.8341463
2018-1-10T13-49-43,1515588583920,0.84390247,-0.034146342,0.4368932,0.84390247
2018-1-10T13-49-43,1515588583921,0.85365856,-0.024390243,0.4368932,0.85365856
2018-1-10T13-49-43,1515588583922,0.85365856,-0.034146342,0.407767,0.85365856
2018-1-10T13-49-43,1515588583923,0.8341463,0.004878049,0.44660193,0.8341463
2018-1-10T13-49-43,1515588583924,0.84390247,-0.024390243,0.4563107,0.84390247
2018-1-10T13-49-43,1515588583925,0.85365856,-0.014634146,0.4368932,0.85365856
2018-1-10T13-49-43,1515588583926,0.8341463,-0.024390243,0.4368932,0.8341463
2018-1-10T13-49-43,1515588583927,0.84390247,-0.024390243,0.44660193,0.84390247
2018-1-10T13-49-43,1515588583928,0.85365856,-0.004878049,0.44660193,0.85365856
2018-1-10T13-49-43,1515588583929,0.84390247,-0.024390243,0.49514562,0.84390247
2018-1-10T13-49-43,1515588583930,0.85365856,-0.034146342,0.4368932,0.85365856
2018-1-10T13-49-43,1515588583931,0.82439023,-0.024390243,0.44660193,0.82439023
2018-1-10T13-49-43,1515588583932,0.84390247,-0.024390243,0.4368932,0.84390247
2018-1-10T13-49-43,1515588583933,0.85365856,-0.024390243,0.44660193,0.85365856
2018-1-10T13-49-43,1515588583934,0.84390247,-0.024390243,0.44660193,0.84390247
2018-1-10T13-49-43,1515588583935,0.85365856,-0.034146342,0.4368932,0.85365856
2018-1-10T13-49-43,1515588583936,0.8341463,-0.024390243,0.44660193,0.8341463
2018-1-10T13-49-43,1515588583937,0.87317073,-0.024390243,0.44660193,0.87317073
2018-1-10T13-49-43,1515588583938,0.84390247,0.024390243,0.46601942,0.84390247
2018-1-10T13-49-43,1515588583939,0.84390247,-0.024390243,0.4368932,0.84390247
2018-1-10T13-49-43,1515588583940,0.79512197,-0.004878049,0.4368932,0.79512197
2018-1-10T13-49-43,1515588583941,0.85365856,-0.014634146,0.3883495,0.85365856
2018-1-10T13-49-43,1515588583942,0.81463414,-0.024390243,0.4563107,0.81463414
2018-1-10T13-49-43,1515588583943,0.86341465,-0.004878049,0.44660193,0.86341465
2018-1-10T13-49-43,1515588583944,0.84390247,-0.024390243,0.4368932,0.84390247
2018-1-10T13-49-43,1515588583945,0.85365856,-0.034146342,0.44660193,0.85365856
2018-1-10T13-49-43,1515588583946,0.85365856,0.004878049,0.46601942,0.85365856
2018-1-10T13-49-43,1515588583947,0.85365856,-0.024390243,0.42718446,0.85365856
2018-1-10T13-49-43,1515588583948,0.84390247,-0.014634146,0.4563107,0.84390247
2018-1-10T13-49-43,1515588583949,0.84390247,-0.014634146,0.4563107,0.84390247
2018-1-10T13-49-43,1515588583950,0.84390247,-0.014634146,0.4563107,0.84390247
2018-1-10T13-49-43,1515588583951,0.85365856,-0.024390243,0.44660193,0.85365856
2018-1-10T13-49-43,1515588583952,0.86341465,-0.024390243,0.4368932,0.86341465
2018-1-10T13-49-43,1515588583953,0.8341463,-0.004878049,0.44660193,0.8341463
2018-1-10T13-49-43,1515588583954,0.86341465,-0.004878049,0.4368932,0.86341465
2018-1-10T13-49-43,1515588583955,0.84390247,-0.024390243,0.44660193,0.84390247
2018-1-10T13-49-43,1515588583956,0.80487806,-0.024390243,0.4368932,0.80487806
2018-1-10T13-49-43,1515588583957,0.84390247,-0.034146342,0.4368932,0.84390247
2018-1-10T13-49-43,1515588583958,0.85365856,-0.014634146,0.4563107,0.85365856
2018-1-10T13-49-43,1515588583959,0.8341463,-0.024390243,0.46601942,0.8341463
2018-1-10T13-49-43,1515588583960,0.84390247,-0.014634146,0.44660193,0.84390247
2018-1-10T13-49-43,1515588583961,0.77560973,-0.024390243,0.41747573,0.77560973
2018-1-10T13-49-43,1515588583962,0.85365856,-0.034146342,0.44660193,0.85365856
2018-1-10T13-49-43,1515588583963,0.87317073,-0.014634146,0.44660193,0.87317073
2018-1-10T13-49-43,1515588583964,0.84390247,0.024390243,0.44660193,0.84390247
2018-1-10T13-49-43,1515588583965,0.85365856,-0.024390243,0.4563107,0.85365856
2018-1-10T13-49-43,1515588583966,0.84390247,-0.004878049,0.44660193,0.84390247
2018-1-10T13-49-43,1515588583967,0.77560973,-0.024390243,0.4563107,0.77560973
2018-1-10T13-49-43,1515588583968,0.84390247,-0.024390243,0.44660193,0.84390247
2018-1-10T13-49-43,1515588583969,0.84390247,-0.053658538,0.44660193,0.84390247
2018-1-10T13-49-43,1515588583970,0.85365856,-0.004878049,0.46601942,0.85365856
2018-1-10T13-49-43,1515588583971,0.84390247,-0.034146342,0.44660193,0.84390247
2018-1-10T13-49-43,1515588583972,0.8341463,-0.053658538,0.44660193,0.8341463
2018-1-10T13-49-43,1515588583973,0.84390247,-0.024390243,0.44660193,0.84390247
2018-1-10T13-49-43,1515588583974,0.85365856,-0.024390243,0.44660193,0.85365856
2018-1-10T13-49-43,1515588583975,0.87317073,-0.024390243,0.44660193,0.87317073
2018-1-10T13-49-43,1515588583976,0.84390247,-0.004878049,0.44660193,0.84390247
2018-1-10T13-49-43,1515588583977,0.8341463,-0.014634146,0.4368932,0.8341463
2018-1-10T13-49-43,1515588583978,0.84390247,-0.004878049,0.4368932,0.84390247
2018-1-10T13-49-43,1515588583979,0.86341465,-0.024390243,0.44660193,0.86341465
2018-1-10T13-49-43,1515588583980,0.84390247,-0.043902438,0.46601942,0.84390247
2018-1-10T13-49-43,1515588583981,0.84390247,-0.06341463,0.4368932,0.84390247
2018-1-10T13-49-43,1515588583982,0.85365856,-0.014634146,0.42718446,0.85365856
2018-1-10T13-49-43,1515588583983,0.84390247,-0.024390243,0.4368932,0.84390247
2018-1-10T13-49-43,1515588583984,0.84390247,-0.024390243,0.4563107,0.84390247
2018-1-10T13-49-43,1515588583985,0.8341463,-0.014634146,0.4368932,0.8341463
2018-1-10T13-49-43,1515588583986,0.84390247,-0.024390243,0.44660193,0.84390247
2018-1-10T13-49-43,1515588583987,0.84390247,-0.004878049,0.4368932,0.84390247
2018-1-10T13-49-43,1515588583988,0.85365856,-0.024390243,0.5145631,0.85365856
2018-1-10T13-49-43,1515588583989,0.84390247,-0.014634146,0.47572815,0.84390247
2018-1-10T13-49-43,1515588583990,0.86341465,-0.004878049,0.44660193,0.86341465
2018-1-10T13-49-43,1515588583991,0.84390247,-0.034146342,0.4368932,0.84390247
2018-1-10T13-49-43,1515588583992,0.84390247,-0.014634146,0.4563107,0.84390247
2018-1-10T13-49-43,1515588583993,0.84390247,-0.014634146,0.4368932,0.84390247
2018-1-10T13-49-43,1515588583994,0.91219515,-0.014634146,0.4368932,0.91219515
2018-1-10T13-49-43,1515588583995,0.87317073,-0.014634146,0.4368932,0.87317073
2018-1-10T13-49-43,1515588583996,0.86341465,-0.014634146,0.44660193,0.86341465
2018-1-10T13-49-43,1515588583997,0.82439023,-0.014634146,0.44660193,0.82439023
2018-1-10T13-49-43,1515588583998,0.8926829,-0.014634146,0.4368932,0.8926829
2018-1-10T13-49-43,1515588583999,0.84390247,-0.07317073,0.4368932,0.84390247
2018-1-10T13-49-44,1515588584000,0.85365856,-0.014634146,0.4368932,0.85365856
2018-1-10T13-49-44,1515588584001,0.84390247,-0.024390243,0.44660193,0.84390247
2018-1-10T13-49-44,1515588584002,0.84390247,0.014634146,0.44660193,0.84390247
2018-1-10T13-49-44,1515588584003,0.85365856,-0.08292683,0.44660193,0.85365856
2018-1-10T13-49-44,1515588584004,0.85365856,-0.06341463,0.4563107,0.85365856
2018-1-10T13-49-44,1515588584005,0.84390247,-0.024390243,0.44660193,0.84390247
2018-1-10T13-49-44,1515588584006,0.84390247,-0.014634146,0.44660193,0.84390247
2018-1-10T13-49-44,1515588584007,0.84390247,-0.014634146,0.42718446,0.84390247
2018-1-10T13-49-44,1515588584008,0.84390247,-0.024390243,0.4368932,0.84390247
2018-1-10T13-49-44,1515588584009,0.77560973,0.004878049,0.44660193,0.77560973
2018-1-10T13-49-44,1515588584010,0.86341465,-0.014634146,0.44660193,0.86341465
2018-1-10T13-49-44,1515588584011,0.9317073,-0.014634146,0.4368932,0.9317073
2018-1-10T13-49-44,1515588584012,0.84390247,-0.034146342,0.44660193,0.84390247
2018-1-10T13-49-44,1515588584013,0.85365856,-0.024390243,0.4368932,0.85365856
2018-1-10T13-49-44,1515588584014,0.84390247,-0.004878049,0.44660193,0.84390247
2018-1-10T13-49-44,1515588584015,0.84390247,-0.024390243,0.4368932,0.84390247
2018-1-10T13-49-44,1515588584016,0.84390247,-0.024390243,0.4563107,0.84390247
2018-1-10T13-49-44,1515588584017,0.8341463,-0.024390243,0.44660193,0.8341463
2018-1-10T13-49-44,1515588584018,0.8341463,-0.024390243,0.44660193,0.8341463
2018-1-10T13-49-44,1515588584019,0.85365856,-0.034146342,0.4368932,0.85365856
2018-1-10T13-49-44,1515588584020,0.84390247,-0.014634146,0.4563107,0.84390247
2018-1-10T13-49-44,1515588584021,0.8341463,-0.014634146,0.4368932,0.8341463
2018-1-10T13-49-44,1515588584022,0.85365856,-0.014634146,0.4368932,0.85365856
2018-1-10T13-49-44,1515588584023,0.86341465,-0.024390243,0.4368932,0.86341465
2018-1-10T13-49-44,1515588584024,0.8341463,-0.024390243,0.44660193,0.8341463
2018-1-10T13-49-44,1515588584025,0.85365856,-0.014634146,0.42718446,0.85365856
2018-1-10T13-49-44,1515588584026,0.8829268,-0.014634146,0.4368932,0.8829268
2018-1-10T13-49-44,1515588584027,0.84390247,-0.024390243,0.4368932,0.84390247
2018-1-10T13-49-44,1515588584028,0.86341465,0.034146342,0.44660193,0.86341465
2018-1-10T13-49-44,1515588584029,0.8341463,-0.014634146,0.44660193,0.8341463
2018-1-10T13-49-44,1515588584030,0.85365856,-0.004878049,0.44660193,0.85365856
2018-1-10T13-49-44,1515588584031,0.84390247,-0.024390243,0.41747573,0.84390247
2018-1-10T13-49-44,1515588584032,0.85365856,-0.024390243,0.4368932,0.85365856
2018-1-10T13-49-44,1515588584033,0.86341465,-0.014634146,0.44660193,0.86341465
2018-1-10T13-49-44,1515588584034,0.85365856,-0.014634146,0.44660193,0.85365856
2018-1-10T13-49-44,1515588584035,0.85365856,-0.034146342,0.4368932,0.85365856
2018-1-10T13-49-44,1515588584036,0.85365856,-0.024390243,0.42718446,0.85365856
2018-1-10T13-49-44,1515588584037,0.84390247,-0.014634146,0.42718446,0.84390247
2018-1-10T13-49-44,1515588584038,0.84390247,-0.014634146,0.44660193,0.84390247
2018-1-10T13-49-44,1515588584039,0.87317073,-0.014634146,0.4368932,0.87317073
2018-1-10T13-49-44,1515588584040,0.84390247,-0.004878049,0.44660193,0.84390247
2018-1-10T13-49-44,1515588584041,0.82439023,-0.014634146,0.4368932,0.82439023
2018-1-10T13-49-44,1515588584042,0.8341463,-0.034146342,0.44660193,0.8341463
2018-1-10T13-49-44,1515588584043,0.85365856,-0.024390243,0.44660193,0.85365856
2018-1-10T13-49-44,1515588584044,0.82439023,-0.014634146,0.4368932,0.82439023
2018-1-10T13-49-44,1515588584045,0.82439023,-0.014634146,0.41747573,0.82439023
2018-1-10T13-49-44,1515588584046,0.85365856,-0.014634146,0.44660193,0.85365856
2018-1-10T13-49-44,1515588584047,0.84390247,-0.014634146,0.44660193,0.84390247
2018-1-10T13-49-44,1515588584048,0.8341463,-0.024390243,0.4563107,0.8341463
2018-1-10T13-49-44,1515588584049,0.86341465,-0.024390243,0.44660193,0.86341465
2018-1-10T13-49-44,1515588584050,0.85365856,-0.024390243,0.44660193,0.85365856
2018-1-10T13-49-44,1515588584051,0.84390247,-0.024390243,0.44660193,0.84390247
2018-1-10T13-49-44,1515588584052,0.84390247,-0.014634146,0.44660193,0.84390247
2018-1-10T13-49-44,1515588584053,0.84390247,-0.014634146,0.39805827,0.84390247
2018-1-10T13-49-44,1515588584054,0.86341465,-0.014634146,0.41747573,0.86341465
2018-1-10T13-49-44,1515588584055,0.8341463,-0.024390243,0.4368932,0.8341463
2018-1-10T13-49-44,1515588584056,0.84390247,-0.014634146,0.44660193,0.84390247
2018-1-10T13-49-44,1515588584057,0.85365856,-0.024390243,0.4368932,0.85365856
2018-1-10T13-49-44,1515588584058,0.85365856,-0.014634146,0.4368932,0.85365856
2018-1-10T13-49-44,1515588584059,0.85365856,-0.024390243,0.44660193,0.85365856
2018-1-10T13-49-44,1515588584060,0.85365856,0.024390243,0.4563107,0.85365856
2018-1-10T13-49-44,1515588584061,0.84390247,-0.024390243,0.44660193,0.84390247
2018-1-10T13-49-44,1515588584062,0.8341463,-0.014634146,0.44660193,0.8341463
2018-1-10T13-49-44,1515588584063,0.84390247,-0.014634146,0.4368932,0.84390247
2018-1-10T13-49-44,1515588584064,0.84390247,-0.034146342,0.4368932,0.84390247
2018-1-10T13-49-44,1515588584065,0.84390247,-0.024390243,0.44660193,0.84390247
2018-1-10T13-49-44,1515588584066,0.84390247,-0.034146342,0.4563107,0.84390247
2018-1-10T13-49-44,1515588584067,0.8341463,-0.043902438,0.44660193,0.8341463
2018-1-10T13-49-44,1515588584068,0.84390247,-0.014634146,0.41747573,0.84390247
2018-1-10T13-49-44,1515588584069,0.85365856,-0.014634146,0.4368932,0.85365856
2018-1-10T13-49-44,1515588584070,0.84390247,-0.014634146,0.44660193,0.84390247
2018-1-10T13-49-44,1515588584071,0.82439023,-0.024390243,0.44660193,0.82439023
2018-1-10T13-49-44,1515588584072,0.8341463,-0.024390243,0.44660193,0.8341463
2018-1-10T13-49-44,1515588584073,0.85365856,-0.014634146,0.44660193,0.85365856
2018-1-10T13-49-44,1515588584074,0.85365856,-0.034146342,0.4368932,0.85365856
2018-1-10T13-49-44,1515588584075,0.85365856,-0.004878049,0.46601942,0.85365856
2018-1-10T13-49-44,1515588584076,0.80487806,-0.034146342,0.44660193,0.80487806
2018-1-10T13-49-44,1515588584077,0.84390247,-0.014634146,0.44660193,0.84390247
2018-1-10T13-49-44,1515588584078,0.85365856,-0.014634146,0.46601942,0.85365856
2018-1-10T13-49-44,1515588584079,0.84390247,-0.024390243,0.44660193,0.84390247
2018-1-10T13-49-44,1515588584080,0.84390247,-0.024390243,0.4368932,0.84390247
2018-1-10T13-49-44,1515588584081,0.85365856,-0.034146342,0.4368932,0.85365856
2018-1-10T13-49-44,1515588584082,0.84390247,-0.014634146,0.4368932,0.84390247
2018-1-10T13-49-44,1515588584083,0.84390247,-0.034146342,0.44660193,0.84390247
2018-1-10T13-49-44,1515588584084,0.8926829,-0.014634146,0.44660193,0.8926829
2018-1-10T13-49-44,1515588584085,0.8341463,-0.034146342,0.47572815,0.8341463
2018-1-10T13-49-44,1515588584086,0.84390247,-0.034146342,0.4368932,0.84390247
2018-1-10T13-49-44,1515588584087,0.8341463,-0.034146342,0.44660193,0.8341463
2018-1-10T13-49-44,1515588584088,0.86341465,-0.024390243,0.44660193,0.86341465
2018-1-10T13-49-44,1515588584089,0.84390247,-0.014634146,0.44660193,0.84390247
2018-1-10T13-49-44,1515588584090,0.9317073,-0.014634146,0.4368932,0.9317073
2018-1-10T13-49-44,1515588584091,0.81463414,-0.024390243,0.42718446,0.81463414
2018-1-10T13-49-44,1515588584092,0.85365856,-0.024390243,0.44660193,0.85365856
2018-1-10T13-49-44,1515588584093,0.86341465,-0.024390243,0.46601942,0.86341465
2018-1-10T13-49-44,1515588584094,0.8341463,-0.024390243,0.4368932,0.8341463
2018-1-10T13-49-44,1515588584095,0.87317073,-0.004878049,0.407767,0.87317073
2018-1-10T13-49-44,1515588584096,0.82439023,-0.014634146,0.4563107,0.82439023
2018-1-10T13-49-44,1515588584097,0.84390247,0.07317073,0.44660193,0.84390247
2018-1-10T13-49-44,1515588584098,0.8341463,-0.014634146,0.44660193,0.8341463
2018-1-10T13-49-44,1515588584099,0.81463414,-0.034146342,0.44660193,0.81463414
2018-1-10T13-49-44,1515588584100,0.80487806,-0.014634146,0.4563107,0.80487806
2018-1-10T13-49-44,1515588584101,0.84390247,-0.024390243,0.4563107,0.84390247
2018-1-10T13-49-44,1515588584102,0.84390247,-0.014634146,0.4368932,0.84390247
2018-1-10T13-49-44,1515588584103,0.85365856,-0.034146342,0.44660193,0.85365856
2018-1-10T13-49-44,1515588584104,0.84390247,-0.024390243,0.44660193,0.84390247
2018-1-10T13-49-44,1515588584105,0.85365856,-0.014634146,0.4368932,0.85365856
2018-1-10T13-49-44,1515588584106,0.84390247,-0.024390243,0.4368932,0.84390247
2018-1-10T13-49-44,1515588584107,0.8341463,-0.034146342,0.44660193,0.8341463
2018-1-10T13-49-44,1515588584108,0.84390247,-0.034146342,0.44660193,0.84390247
2018-1-10T13-49-44,1515588584109,0.84390247,-0.024390243,0.407767,0.84390247
2018-1-10T13-49-44,1515588584110,0.8341463,-0.024390243,0.44660193,0.8341463
2018-1-10T13-49-44,1515588584111,0.8341463,-0.034146342,0.4368932,0.8341463
2018-1-10T13-49-44,1515588584112,0.84390247,-0.024390243,0.4563107,0.84390247
2018-1-10T13-49-44,1515588584113,0.84390247,-0.014634146,0.4368932,0.84390247
2018-1-10T13-49-44,1515588584114,0.84390247,0.043902438,0.4368932,0.84390247
2018-1-10T13-49-44,1515588584115,0.84390247,-0.034146342,0.4563107,0.84390247
2018-1-10T13-49-44,1515588584116,0.84390247,-0.024390243,0.44660193,0.84390247
2018-1-10T13-49-44,1515588584117,0.84390247,-0.024390243,0.4563107,0.84390247
2018-1-10T13-49-44,1515588584118,0.8341463,-0.014634146,0.44660193,0.8341463
2018-1-10T13-49-44,1515588584119,0.8341463,-0.024390243,0.44660193,0.8341463
2018-1-10T13-49-44,1515588584120,0.81463414,-0.014634146,0.44660193,0.81463414
2018-1-10T13-49-44,1515588584121,0.8341463,-0.024390243,0.4368932,0.8341463
2018-1-10T13-49-44,1515588584122,0.84390247,-0.024390243,0.4368932,0.84390247
2018-1-10T13-49-44,1515588584123,0.85365856,-0.034146342,0.4368932,0.85365856
2018-1-10T13-49-44,1515588584124,0.84390247,-0.024390243,0.4563107,0.84390247
2018-1-10T13-49-44,1515588584125,0.84390247,-0.014634146,0.4563107,0.84390247
2018-1-10T13-49-44,1515588584126,0.85365856,-0.014634146,0.44660193,0.85365856
2018-1-10T13-49-44,1515588584127,0.84390247,-0.034146342,0.4368932,0.84390247
2018-1-10T13-49-44,1515588584128,0.84390247,-0.034146342,0.44660193,0.84390247
2018-1-10T13-49-44,1515588584129,0.85365856,-0.014634146,0.4563107,0.85365856
2018-1-10T13-49-44,1515588584130,0.86341465,-0.024390243,0.4368932,0.86341465
2018-1-10T13-49-44,1515588584131,0.84390247,-0.024390243,0.44660193,0.84390247
2018-1-10T13-49-44,1515588584132,0.85365856,-0.034146342,0.4368932,0.85365856
2018-1-10T13-49-44,1515588584133,0.86341465,-0.014634146,0.44660193,0.86341465
2018-1-10T13-49-44,1515588584134,0.84390247,-0.024390243,0.44660193,0.84390247
2018-1-10T13-49-44,1515588584135,0.84390247,-0.024390243,0.4563107,0.84390247
2018-1-10T13-49-44,1515588584136,0.86341465,-0.014634146,0.44660193,0.86341465
2018-1-10T13-49-44,1515588584137,0.84390247,-0.024390243,0.44660193,0.84390247
2018-1-10T13-49-44,1515588584138,0.8341463,-0.014634146,0.4368932,0.8341463
2018-1-10T13-49-44,1515588584139,0.84390247,-0.024390243,0.4368932,0.84390247
2018-1-10T13-49-44,1515588584140,0.85365856,-0.014634146,0.4368932,0.85365856
2018-1-10T13-49-44,1515588584141,0.84390247,-0.034146342,0.41747573,0.84390247
2018-1-10T13-49-44,1515588584142,0.86341465,-0.024390243,0.4368932,0.86341465
2018-1-10T13-49-44,1515588584143,0.85365856,-0.024390243,0.44660193,0.85365856
2018-1-10T13-49-44,1515588584144,0.84390247,-0.024390243,0.44660193,0.84390247
2018-1-10T13-49-44,1515588584145,0.82439023,-0.024390243,0.4368932,0.82439023
2018-1-10T13-49-44,1515588584146,0.85365856,-0.014634146,0.4368932,0.85365856
2018-1-10T13-49-44,1515588584147,0.85365856,-0.024390243,0.4368932,0.85365856
2018-1-10T13-49-44,1515588584148,0.84390247,-0.014634146,0.4368932,0.84390247
2018-1-10T13-49-44,1515588584149,0.8341463,-0.034146342,0.4368932,0.8341463
2018-1-10T13-49-44,1515588584150,0.85365856,-0.024390243,0.4563107,0.85365856
2018-1-10T13-49-44,1515588584151,0.84390247,-0.024390243,0.44660193,0.84390247
2018-1-10T13-49-44,1515588584152,0.85365856,-0.014634146,0.4563107,0.85365856
2018-1-10T13-49-44,1515588584153,0.85365856,-0.034146342,0.44660193,0.85365856
2018-1-10T13-49-44,1515588584154,0.84390247,-0.034146342,0.44660193,0.84390247
2018-1-10T13-49-44,1515588584155,0.82439023,-0.024390243,0.3883495,0.82439023
2018-1-10T13-49-44,1515588584156,0.84390247,-0.014634146,0.4368932,0.84390247
2018-1-10T13-49-44,1515588584157,0.84390247,-0.034146342,0.44660193,0.84390247
2018-1-10T13-49-44,1515588584158,0.84390247,-0.014634146,0.4368932,0.84390247
2018-1-10T13-49-44,1515588584159,0.84390247,-0.024390243,0.44660193,0.84390247
2018-1-10T13-49-44,1515588584160,0.85365856,-0.024390243,0.44660193,0.85365856
2018-1-10T13-49-44,1515588584161,0.84390247,-0.004878049,0.44660193,0.84390247
2018-1-10T13-49-44,1515588584162,0.84390247,-0.014634146,0.4368932,0.84390247
2018-1-10T13-49-44,1515588584163,0.8341463,-0.014634146,0.44660193,0.8341463
2018-1-10T13-49-44,1515588584164,0.85365856,-0.024390243,0.4368932,0.85365856
2018-1-10T13-49-44,1515588584165,0.8341463,0.043902438,0.41747573,0.8341463
2018-1-10T13-49-44,1515588584166,0.84390247,0.004878049,0.44660193,0.84390247
2018-1-10T13-49-44,1515588584167,0.85365856,-0.014634146,0.44660193,0.85365856
2018-1-10T13-49-44,1515588584168,0.86341465,-0.014634146,0.44660193,0.86341465
2018-1-10T13-49-44,1515588584169,0.77560973,-0.014634146,0.4368932,0.77560973
2018-1-10T13-49-44,1515588584170,0.84390247,-0.014634146,0.44660193,0.84390247
2018-1-10T13-49-44,1515588584171,0.84390247,-0.014634146,0.4563107,0.84390247
2018-1-10T13-49-44,1515588584172,0.85365856,-0.024390243,0.44660193,0.85365856
2018-1-10T13-49-44,1515588584173,0.84390247,-0.034146342,0.44660193,0.84390247
2018-1-10T13-49-44,1515588584174,0.84390247,-0.034146342,0.44660193,0.84390247
2018-1-10T13-49-44,1515588584175,0.84390247,-0.014634146,0.4368932,0.84390247
2018-1-10T13-49-44,1515588584176,0.84390247,-0.004878049,0.44660193,0.84390247
2018-1-10T13-49-44,1515588584177,0.84390247,-0.014634146,0.44660193,0.84390247
2018-1-10T13-49-44,1515588584178,0.8341463,-0.014634146,0.44660193,0.8341463
2018-1-10T13-49-44,1515588584179,0.8341463,-0.024390243,0.4368932,0.8341463
2018-1-10T13-49-44,1515588584180,0.84390247,-0.004878049,0.46601942,0.84390247
2018-1-10T13-49-44,1515588584181,0.86341465,-0.014634146,0.44660193,0.86341465
2018-1-10T13-49-44,1515588584182,0.84390247,-0.024390243,0.44660193,0.84390247
2018-1-10T13-49-44,1515588584183,0.82439023,-0.004878049,0.4368932,0.82439023
2018-1-10T13-49-44,1515588584184,0.84390247,-0.004878049,0.41747573,0.84390247
2018-1-10T13-49-44,1515588584185,0.84390247,-0.024390243,0.44660193,0.84390247
2018-1-10T13-49-44,1515588584186,0.8341463,-0.024390243,0.44660193,0.8341463
2018-1-10T13-49-44,1515588584187,0.84390247,-0.024390243,0.44660193,0.84390247
2018-1-10T13-49-44,1515588584188,0.87317073,-0.014634146,0.44660193,0.87317073
2018-1-10T13-49-44,1515588584189,0.84390247,-0.024390243,0.4563107,0.84390247
2018-1-10T13-49-44,1515588584190,0.84390247,-0.024390243,0.37864077,0.84390247
2018-1-10T13-49-44,1515588584191,0.8341463,-0.024390243,0.4368932,0.8341463
2018-1-10T13-49-44,1515588584192,0.84390247,-0.07317073,0.4368932,0.84390247
2018-1-10T13-49-44,1515588584193,0.85365856,-0.024390243,0.37864077,0.85365856
2018-1-10T13-49-44,1515588584194,0.84390247,-0.014634146,0.44660193,0.84390247
2018-1-10T13-49-44,1515588584195,0.8926829,-0.034146342,0.4563107,0.8926829
2018-1-10T13-49-44,1515588584196,0.84390247,-0.024390243,0.4368932,0.84390247
2018-1-10T13-49-44,1515588584197,0.86341465,-0.014634146,0.4854369,0.86341465
2018-1-10T13-49-44,1515588584198,0.8341463,-0.004878049,0.44660193,0.8341463
2018-1-10T13-49-44,1515588584199,0.85365856,0.053658538,0.44660193,0.85365856
2018-1-10T13-49-44,1515588584200,0.84390247,-0.014634146,0.4368932,0.84390247
2018-1-10T13-49-44,1515588584201,0.86341465,-0.024390243,0.44660193,0.86341465
2018-1-10T13-49-44,1515588584202,0.85365856,-0.043902438,0.44660193,0.85365856
2018-1-10T13-49-44,1515588584203,0.84390247,-0.034146342,0.4368932,0.84390247
2018-1-10T13-49-44,1515588584204,0.85365856,-0.024390243,0.4368932,0.85365856
2018-1-10T13-49-44,1515588584205,0.84390247,-0.024390243,0.44660193,0.84390247
2018-1-10T13-49-44,1515588584206,0.84390247,-0.034146342,0.44660193,0.84390247
2018-1-10T13-49-44,1515588584207,0.84390247,-0.024390243,0.4368932,0.84390247
2018-1-10T13-49-44,1515588584208,0.85365856,-0.014634146,0.44660193,0.85365856
2018-1-10T13-49-44,1515588584209,0.85365856,-0.024390243,0.44660193,0.85365856
2018-1-10T13-49-44,1515588584210,0.8341463,0.034146342,0.44660193,0.8341463
2018-1-10T13-49-44,1515588584211,0.85365856,-0.034146342,0.42718446,0.85365856
2018-1-10T13-49-44,1515588584212,0.86341465,-0.06341463,0.44660193,0.86341465
2018-1-10T13-49-44,1515588584213,0.85365856,-0.024390243,0.44660193,0.85365856
2018-1-10T13-49-44,1515588584214,0.84390247,-0.024390243,0.46601942,0.84390247
2018-1-10T13-49-44,1515588584215,0.85365856,0.034146342,0.4368932,0.85365856
2018-1-10T13-49-44,1515588584216,0.8341463,-0.014634146,0.44660193,0.8341463
2018-1-10T13-49-44,1515588584217,0.84390247,-0.034146342,0.4368932,0.84390247
2018-1-10T13-49-44,1515588584218,0.86341465,-0.024390243,0.4368932,0.86341465
2018-1-10T13-49-44,1515588584219,0.85365856,-0.024390243,0.44660193,0.85365856
2018-1-10T13-49-44,1515588584220,0.84390247,0.014634146,0.4368932,0.84390247
2018-1-10T13-49-44,1515588584221,0.85365856,-0.024390243,0.4563107,0.85365856
2018-1-10T13-49-44,1515588584222,0.84390247,-0.024390243,0.44660193,0.84390247
2018-1-10T13-49-44,1515588584223,0.85365856,-0.004878049,0.44660193,0.85365856
2018-1-10T13-49-44,1515588584224,0.85365856,-0.014634146,0.44660193,0.85365856
2018-1-10T13-49-44,1515588584225,0.84390247,-0.024390243,0.44660193,0.84390247
2018-1-10T13-49-44,1515588584226,0.85365856,-0.004878049,0.47572815,0.85365856
2018-1-10T13-49-44,1515588584227,0.8341463,-0.004878049,0.4368932,0.8341463
2018-1-10T13-49-44,1515588584228,0.86341465,-0.034146342,0.44660193,0.86341465
2018-1-10T13-49-44,1515588584229,0.82439023,-0.014634146,0.4368932,0.82439023
2018-1-10T13-49-44,1515588584230,0.82439023,-0.024390243,0.4368932,0.82439023
2018-1-10T13-49-44,1515588584231,0.85365856,-0.024390243,0.44660193,0.85365856
2018-1-10T13-49-44,1515588584232,0.85365856,-0.07317073,0.4368932,0.85365856
2018-1-10T13-49-44,1515588584233,0.8829268,-0.024390243,0.44660193,0.8829268
2018-1-10T13-49-44,1515588584234,0.84390247,-0.014634146,0.4368932,0.84390247
2018-1-10T13-49-44,1515588584235,0.84390247,-0.024390243,0.37864077,0.84390247
2018-1-10T13-49-44,1515588584236,0.77560973,-0.004878049,0.4563107,0.77560973
2018-1-10T13-49-44,1515588584237,0.85365856,-0.024390243,0.407767,0.85365856
2018-1-10T13-49-44,1515588584238,0.86341465,-0.053658538,0.44660193,0.86341465
2018-1-10T13-49-44,1515588584239,0.85365856,0.004878049,0.4563107,0.85365856
2018-1-10T13-49-44,1515588584240,0.82439023,-0.034146342,0.44660193,0.82439023
2018-1-10T13-49-44,1515588584241,0.84390247,-0.024390243,0.44660193,0.84390247
2018-1-10T13-49-44,1515588584242,0.85365856,-0.034146342,0.4368932,0.85365856
2018-1-10T13-49-44,1515588584243,0.8829268,-0.014634146,0.4563107,0.8829268
2018-1-10T13-49-44,1515588584244,0.81463414,-0.014634146,0.4563107,0.81463414
2018-1-10T13-49-44,1515588584245,0.84390247,-0.014634146,0.4563107,0.84390247
2018-1-10T13-49-44,1515588584246,0.84390247,-0.024390243,0.44660193,0.84390247
2018-1-10T13-49-44,1515588584247,0.85365856,-0.034146342,0.44660193,0.85365856
2018-1-10T13-49-44,1515588584248,0.85365856,-0.004878049,0.4368932,0.85365856
2018-1-10T13-49-44,1515588584249,0.84390247,-0.024390243,0.4368932,0.84390247
2018-1-10T13-49-44,1515588584250,0.8926829,-0.004878049,0.44660193,0.8926829
2018-1-10T13-49-44,1515588584251,0.85365856,0.034146342,0.47572815,0.85365856
2018-1-10T13-49-44,1515588584252,0.84390247,-0.024390243,0.4563107,0.84390247
2018-1-10T13-49-44,1515588584253,0.84390247,-0.004878049,0.4563107,0.84390247
2018-1-10T13-49-44,1515588584254,0.8341463,-0.014634146,0.4368932,0.8341463
2018-1-10T13-49-44,1515588584255,0.84390247,-0.014634146,0.44660193,0.84390247
2018-1-10T13-49-44,1515588584256,0.8341463,-0.024390243,0.44660193,0.8341463
2018-1-10T13-49-44,1515588584257,0.80487806,0.014634146,0.44660193,0.80487806
2018-1-10T13-49-44,1515588584258,0.86341465,-0.014634146,0.41747573,0.86341465
2018-1-10T13-49-44,1515588584259,0.85365856,-0.024390243,0.44660193,0.85365856
2018-1-10T13-49-44,1515588584260,0.85365856,-0.043902438,0.44660193,0.85365856
2018-1-10T13-49-44,1515588584261,0.84390247,0.004878049,0.44660193,0.84390247
2018-1-10T13-49-44,1515588584262,0.8341463,-0.014634146,0.44660193,0.8341463
2018-1-10T13-49-44,1515588584263,0.84390247,-0.014634146,0.4368932,0.84390247
2018-1-10T13-49-44,1515588584264,0.79512197,-0.024390243,0.44660193,0.79512197
2018-1-10T13-49-44,1515588584265,0.8341463,-0.06341463,0.44660193,0.8341463
2018-1-10T13-49-44,1515588584266,0.84390247,-0.024390243,0.44660193,0.84390247
2018-1-10T13-49-44,1515588584267,0.85365856,-0.024390243,0.44660193,0.85365856
2018-1-10T13-49-44,1515588584268,0.84390247,-0.024390243,0.4563107,0.84390247
2018-1-10T13-49-44,1515588584269,0.85365856,-0.014634146,0.44660193,0.85365856
2018-1-10T13-49-44,1515588584270,0.85365856,-0.014634146,0.4563107,0.85365856
2018-1-10T13-49-44,1515588584271,0.85365856,-0.034146342,0.44660193,0.85365856
2018-1-10T13-49-44,1515588584272,0.85365856,-0.014634146,0.44660193,0.85365856
2018-1-10T13-49-44,1515588584273,0.85365856,-0.014634146,0.4563107,0.85365856
2018-1-10T13-49-44,1515588584274,0.84390247,-0.053658538,0.44660193,0.84390247
2018-1-10T13-49-44,1515588584275,0.84390247,-0.024390243,0.4368932,0.84390247
2018-1-10T13-49-44,1515588584276,0.85365856,0.004878049,0.44660193,0.85365856
2018-1-10T13-49-44,1515588584277,0.84390247,-0.034146342,0.4563107,0.84390247
2018-1-10T13-49-44,1515588584278,0.85365856,-0.014634146,0.44660193,0.85365856
2018-1-10T13-49-44,1515588584279,0.85365856,-0.024390243,0.4368932,0.85365856
2018-1-10T13-49-44,1515588584280,0.85365856,-0.024390243,0.4368932,0.85365856
2018-1-10T13-49-44,1515588584281,0.8341463,-0.024390243,0.4368932,0.8341463
2018-1-10T13-49-44,1515588584282,0.8341463,-0.014634146,0.3883495,0.8341463
2018-1-10T13-49-44,1515588584283,0.84390247,-0.024390243,0.4563107,0.84390247
2018-1-10T13-49-44,1515588584284,0.8829268,-0.024390243,0.44660193,0.8829268
2018-1-10T13-49-44,1515588584285,0.85365856,-0.053658538,0.44660193,0.85365856
2018-1-10T13-49-44,1515588584286,0.85365856,-0.014634146,0.44660193,0.85365856
2018-1-10T13-49-44,1515588584287,0.84390247,-0.07317073,0.44660193,0.84390247
2018-1-10T13-49-44,1515588584288,0.8829268,-0.024390243,0.44660193,0.8829268
2018-1-10T13-49-44,1515588584289,0.86341465,-0.024390243,0.44660193,0.86341465
2018-1-10T13-49-44,1515588584290,0.85365856,-0.014634146,0.4563107,0.85365856
2018-1-10T13-49-44,1515588584291,0.84390247,-0.034146342,0.42718446,0.84390247
2018-1-10T13-49-44,1515588584292,0.84390247,-0.034146342,0.42718446,0.84390247
2018-1-10T13-49-44,1515588584293,0.85365856,-0.014634146,0.4368932,0.85365856
2018-1-10T13-49-44,1515588584294,0.8341463,-0.024390243,0.44660193,0.8341463
2018-1-10T13-49-44,1515588584295,0.84390247,-0.034146342,0.4368932,0.84390247
2018-1-10T13-49-44,1515588584296,0.86341465,-0.014634146,0.4368932,0.86341465
2018-1-10T13-49-44,1515588584297,0.79512197,-0.004878049,0.42718446,0.79512197
2018-1-10T13-49-44,1515588584298,0.84390247,-0.014634146,0.49514562,0.84390247
2018-1-10T13-49-44,1515588584299,0.84390247,-0.024390243,0.44660193,0.84390247
2018-1-10T13-49-44,1515588584300,0.84390247,-0.024390243,0.44660193,0.84390247
2018-1-10T13-49-44,1515588584301,0.84390247,-0.024390243,0.4368932,0.84390247
2018-1-10T13-49-44,1515588584302,0.8341463,-0.024390243,0.44660193,0.8341463
2018-1-10T13-49-44,1515588584303,0.87317073,-0.014634146,0.44660193,0.87317073
2018-1-10T13-49-44,1515588584304,0.84390247,-0.024390243,0.44660193,0.84390247
2018-1-10T13-49-44,1515588584305,0.84390247,-0.034146342,0.44660193,0.84390247
2018-1-10T13-49-44,1515588584306,0.85365856,-0.024390243,0.4368932,0.85365856
2018-1-10T13-49-44,1515588584307,0.8341463,-0.10243902,0.44660193,0.8341463
2018-1-10T13-49-44,1515588584308,0.85365856,-0.014634146,0.44660193,0.85365856
2018-1-10T13-49-44,1515588584309,0.86341465,-0.014634146,0.4368932,0.86341465
2018-1-10T13-49-44,1515588584310,0.85365856,-0.024390243,0.44660193,0.85365856
2018-1-10T13-49-44,1515588584311,0.81463414,-0.014634146,0.4368932,0.81463414
2018-1-10T13-49-44,1515588584312,0.85365856,-0.08292683,0.44660193,0.85365856
2018-1-10T13-49-44,1515588584313,0.84390247,-0.024390243,0.44660193,0.84390247
2018-1-10T13-49-44,1515588584314,0.84390247,-0.024390243,0.4368932,0.84390247
2018-1-10T13-49-44,1515588584315,0.84390247,-0.014634146,0.44660193,0.84390247
2018-1-10T13-49-44,1515588584316,0.84390247,-0.024390243,0.4368932,0.84390247
2018-1-10T13-49-44,1515588584317,0.84390247,0.034146342,0.4368932,0.84390247
2018-1-10T13-49-44,1515588584318,0.84390247,-0.024390243,0.44660193,0.84390247
2018-1-10T13-49-44,1515588584319,0.84390247,-0.024390243,0.44660193,0.84390247
2018-1-10T13-49-44,1515588584320,0.85365856,-0.024390243,0.44660193,0.85365856
2018-1-10T13-49-44,1515588584321,0.84390247,-0.034146342,0.4563107,0.84390247
2018-1-10T13-49-44,1515588584322,0.84390247,-0.034146342,0.4368932,0.84390247
2018-1-10T13-49-44,1515588584323,0.79512197,-0.014634146,0.4368932,0.79512197
2018-1-10T13-49-44,1515588584324,0.8341463,-0.014634146,0.4368932,0.8341463
2018-1-10T13-49-44,1515588584325,0.80487806,-0.014634146,0.44660193,0.80487806
2018-1-10T13-49-44,1515588584326,0.84390247,-0.024390243,0.46601942,0.84390247
2018-1-10T13-49-44,1515588584327,0.84390247,-0.014634146,0.4563107,0.84390247
2018-1-10T13-49-44,1515588584328,0.81463414,0.004878049,0.44660193,0.81463414
2018-1-10T13-49-44,1515588584329,0.84390247,-0.014634146,0.4368932,0.84390247
2018-1-10T13-49-44,1515588584330,0.84390247,-0.024390243,0.3883495,0.84390247
2018-1-10T13-49-44,1515588584331,0.84390247,-0.014634146,0.44660193,0.84390247
2018-1-10T13-49-44,1515588584332,0.84390247,-0.014634146,0.4368932,0.84390247
2018-1-10T13-49-44,1515588584333,0.85365856,-0.024390243,0.4368932,0.85365856
2018-1-10T13-49-44,1515588584334,0.84390247,0.014634146,0.4563107,0.84390247
2018-1-10T13-49-44,1515588584335,0.85365856,-0.024390243,0.44660193,0.85365856
2018-1-10T13-49-44,1515588584336,0.84390247,-0.043902438,0.44660193,0.84390247
2018-1-10T13-49-44,1515588584337,0.85365856,-0.024390243,0.42718446,0.85365856
2018-1-10T13-49-44,1515588584338,0.84390247,-0.07317073,0.44660193,0.84390247
2018-1-10T13-49-44,1515588584339,0.85365856,-0.004878049,0.44660193,0.85365856
2018-1-10T13-49-44,1515588584340,0.84390247,-0.034146342,0.42718446,0.84390247
2018-1-10T13-49-44,1515588584341,0.84390247,-0.024390243,0.41747573,0.84390247
2018-1-10T13-49-44,1515588584342,0.8926829,0.004878049,0.44660193,0.8926829
2018-1-10T13-49-44,1515588584343,0.8341463,-0.014634146,0.5048544,0.8341463
2018-1-10T13-49-44,1515588584344,0.84390247,-0.024390243,0.44660193,0.84390247
2018-1-10T13-49-44,1515588584345,0.8341463,-0.014634146,0.4368932,0.8341463
2018-1-10T13-49-44,1515588584346,0.86341465,-0.034146342,0.4368932,0.86341465
2018-1-10T13-49-44,1515588584347,0.86341465,-0.014634146,0.44660193,0.86341465
2018-1-10T13-49-44,1515588584348,0.85365856,-0.014634146,0.4368932,0.85365856
2018-1-10T13-49-44,1515588584349,0.87317073,-0.004878049,0.4563107,0.87317073
2018-1-10T13-49-44,1515588584350,0.85365856,0.043902438,0.41747573,0.85365856
2018-1-10T13-49-44,1515588584351,0.84390247,-0.024390243,0.44660193,0.84390247
2018-1-10T13-49-44,1515588584352,0.84390247,-0.004878049,0.4563107,0.84390247
2018-1-10T13-49-44,1515588584353,0.85365856,-0.043902438,0.42718446,0.85365856
2018-1-10T13-49-44,1515588584354,0.8341463,-0.024390243,0.4368932,0.8341463
2018-1-10T13-49-44,1515588584355,0.8341463,-0.034146342,0.4563107,0.8341463
2018-1-10T13-49-44,1515588584356,0.8341463,-0.024390243,0.4368932,0.8341463
2018-1-10T13-49-44,1515588584357,0.85365856,-0.014634146,0.4368932,0.85365856
2018-1-10T13-49-44,1515588584358,0.84390247,-0.024390243,0.44660193,0.84390247
2018-1-10T13-49-44,1515588584359,0.84390247,-0.024390243,0.44660193,0.84390247
2018-1-10T13-49-44,1515588584360,0.84390247,-0.024390243,0.42718446,0.84390247
2018-1-10T13-49-44,1515588584361,0.85365856,-0.024390243,0.44660193,0.85365856
2018-1-10T13-49-44,1515588584362,0.84390247,-0.004878049,0.44660193,0.84390247
2018-1-10T13-49-44,1515588584363,0.85365856,-0.014634146,0.4368932,0.85365856
2018-1-10T13-49-44,1515588584364,0.8341463,-0.034146342,0.4368932,0.8341463
2018-1-10T13-49-44,1515588584365,0.85365856,-0.014634146,0.44660193,0.85365856
2018-1-10T13-49-44,1515588584366,0.84390247,-0.024390243,0.4563107,0.84390247
2018-1-10T13-49-44,1515588584367,0.84390247,-0.024390243,0.407767,0.84390247
2018-1-10T13-49-44,1515588584368,0.85365856,-0.034146342,0.44660193,0.85365856
2018-1-10T13-49-44,1515588584369,0.85365856,-0.024390243,0.4368932,0.85365856
2018-1-10T13-49-44,1515588584370,0.85365856,-0.034146342,0.4563107,0.85365856
2018-1-10T13-49-44,1515588584371,0.84390247,-0.024390243,0.44660193,0.84390247
2018-1-10T13-49-44,1515588584372,0.86341465,-0.014634146,0.4368932,0.86341465
2018-1-10T13-49-44,1515588584373,0.84390247,-0.014634146,0.44660193,0.84390247
2018-1-10T13-49-44,1515588584374,0.82439023,-0.024390243,0.44660193,0.82439023
2018-1-10T13-49-44,1515588584375,0.84390247,-0.024390243,0.44660193,0.84390247
2018-1-10T13-49-44,1515588584376,0.85365856,-0.024390243,0.4368932,0.85365856
2018-1-10T13-49-44,1515588584377,0.84390247,-0.004878049,0.4368932,0.84390247
2018-1-10T13-49-44,1515588584378,0.84390247,-0.014634146,0.42718446,0.84390247
2018-1-10T13-49-44,1515588584379,0.85365856,-0.024390243,0.4368932,0.85365856
2018-1-10T13-49-44,1515588584380,0.85365856,-0.024390243,0.4563107,0.85365856
2018-1-10T13-49-44,1515588584381,0.84390247,-0.034146342,0.4368932,0.84390247
2018-1-10T13-49-44,1515588584382,0.84390247,-0.08292683,0.4368932,0.84390247
2018-1-10T13-49-44,1515588584383,0.85365856,-0.024390243,0.44660193,0.85365856
2018-1-10T13-49-44,1515588584384,0.84390247,-0.024390243,0.44660193,0.84390247
2018-1-10T13-49-44,1515588584385,0.8829268,-0.024390243,0.4563107,0.8829268
2018-1-10T13-49-44,1515588584386,0.85365856,-0.024390243,0.44660193,0.85365856
2018-1-10T13-49-44,1515588584387,0.84390247,-0.024390243,0.44660193,0.84390247
2018-1-10T13-49-44,1515588584388,0.81463414,-0.024390243,0.4368932,0.81463414
2018-1-10T13-49-44,1515588584389,0.85365856,-0.004878049,0.44660193,0.85365856
2018-1-10T13-49-44,1515588584390,0.84390247,-0.014634146,0.44660193,0.84390247
2018-1-10T13-49-44,1515588584391,0.84390247,-0.024390243,0.44660193,0.84390247
2018-1-10T13-49-44,1515588584392,0.84390247,-0.014634146,0.44660193,0.84390247
2018-1-10T13-49-44,1515588584393,0.87317073,0.004878049,0.4368932,0.87317073
2018-1-10T13-49-44,1515588584394,0.81463414,-0.024390243,0.44660193,0.81463414
2018-1-10T13-49-44,1515588584395,0.84390247,-0.024390243,0.44660193,0.84390247
2018-1-10T13-49-44,1515588584396,0.92195123,-0.024390243,0.44660193,0.92195123
2018-1-10T13-49-44,1515588584397,0.86341465,-0.014634146,0.4368932,0.86341465
2018-1-10T13-49-44,1515588584398,0.84390247,-0.014634146,0.44660193,0.84390247
2018-1-10T13-49-44,1515588584399,0.8341463,-0.024390243,0.44660193,0.8341463
2018-1-10T13-49-44,1515588584400,0.84390247,-0.014634146,0.44660193,0.84390247
2018-1-10T13-49-44,1515588584401,0.84390247,-0.024390243,0.44660193,0.84390247
2018-1-10T13-49-44,1515588584402,0.84390247,-0.08292683,0.44660193,0.84390247
2018-1-10T13-49-44,1515588584403,0.8341463,0.06341463,0.44660193,0.8341463
2018-1-10T13-49-44,1515588584404,0.8341463,-0.024390243,0.44660193,0.8341463
2018-1-10T13-49-44,1515588584405,0.84390247,-0.014634146,0.4368932,0.84390247
2018-1-10T13-49-44,1515588584406,0.84390247,-0.004878049,0.44660193,0.84390247
2018-1-10T13-49-44,1515588584407,0.84390247,-0.034146342,0.44660193,0.84390247
2018-1-10T13-49-44,1515588584408,0.84390247,-0.024390243,0.44660193,0.84390247
2018-1-10T13-49-44,1515588584409,0.84390247,-0.024390243,0.44660193,0.84390247
2018-1-10T13-49-44,1515588584410,0.84390247,-0.034146342,0.44660193,0.84390247
2018-1-10T13-49-44,1515588584411,0.84390247,-0.004878049,0.4563107,0.84390247
2018-1-10T13-49-44,1515588584412,0.84390247,-0.014634146,0.4368932,0.84390247
2018-1-10T13-49-44,1515588584413,0.85365856,-0.014634146,0.44660193,0.85365856
2018-1-10T13-49-44,1515588584414,0.84390247,-0.024390243,0.44660193,0.84390247
2018-1-10T13-49-44,1515588584415,0.84390247,-0.014634146,0.4563107,0.84390247
2018-1-10T13-49-44,1515588584416,0.8341463,-0.014634146,0.407767,0.8341463
2018-1-10T13-49-44,1515588584417,0.8341463,-0.024390243,0.44660193,0.8341463
2018-1-10T13-49-44,1515588584418,0.82439023,-0.024390243,0.4368932,0.82439023
2018-1-10T13-49-44,1515588584419,0.84390247,-0.014634146,0.44660193,0.84390247
2018-1-10T13-49-44,1515588584420,0.85365856,-0.024390243,0.44660193,0.85365856
2018-1-10T13-49-44,1515588584421,0.8341463,-0.043902438,0.4368932,0.8341463
2018-1-10T13-49-44,1515588584422,0.84390247,-0.014634146,0.44660193,0.84390247
2018-1-10T13-49-44,1515588584423,0.92195123,-0.034146342,0.44660193,0.92195123
2018-1-10T13-49-44,1515588584424,0.902439,-0.024390243,0.4368932,0.902439
2018-1-10T13-49-44,1515588584425,0.82439023,-0.024390243,0.4368932,0.82439023
2018-1-10T13-49-44,1515588584426,0.8341463,-0.024390243,0.44660193,0.8341463
2018-1-10T13-49-44,1515588584427,0.84390247,-0.024390243,0.4368932,0.84390247
2018-1-10T13-49-44,1515588584428,0.8341463,-0.024390243,0.4368932,0.8341463
2018-1-10T13-49-44,1515588584429,0.85365856,-0.014634146,0.44660193,0.85365856
2018-1-10T13-49-44,1515588584430,0.85365856,-0.043902438,0.44660193,0.85365856
2018-1-10T13-49-44,1515588584431,0.85365856,-0.014634146,0.407767,0.85365856
2018-1-10T13-49-44,1515588584432,0.8341463,-0.024390243,0.4563107,0.8341463
2018-1-10T13-49-44,1515588584433,0.84390247,-0.004878049,0.4368932,0.84390247
2018-1-10T13-49-44,1515588584434,0.85365856,-0.034146342,0.4368932,0.85365856
2018-1-10T13-49-44,1515588584435,0.85365856,0.043902438,0.4368932,0.85365856
2018-1-10T13-49-44,1515588584436,0.84390247,-0.024390243,0.44660193,0.84390247
2018-1-10T13-49-44,1515588584437,0.85365856,-0.014634146,0.4368932,0.85365856
2018-1-10T13-49-44,1515588584438,0.85365856,-0.024390243,0.4368932,0.85365856
2018-1-10T13-49-44,1515588584439,0.85365856,-0.034146342,0.44660193,0.85365856
2018-1-10T13-49-44,1515588584440,0.86341465,-0.014634146,0.46601942,0.86341465
2018-1-10T13-49-44,1515588584441,0.85365856,-0.024390243,0.4368932,0.85365856
2018-1-10T13-49-44,1515588584442,0.85365856,-0.024390243,0.4368932,0.85365856
2018-1-10T13-49-44,1515588584443,0.85365856,-0.024390243,0.4368932,0.85365856
2018-1-10T13-49-44,1515588584444,0.79512197,-0.014634146,0.44660193,0.79512197
2018-1-10T13-49-44,1515588584445,0.84390247,-0.043902438,0.44660193,0.84390247
2018-1-10T13-49-44,1515588584446,0.85365856,-0.034146342,0.44660193,0.85365856
2018-1-10T13-49-44,1515588584447,0.84390247,-0.014634146,0.4563107,0.84390247
2018-1-10T13-49-44,1515588584448,0.902439,-0.024390243,0.44660193,0.902439
2018-1-10T13-49-44,1515588584449,0.84390247,-0.024390243,0.44660193,0.84390247
2018-1-10T13-49-44,1515588584450,0.85365856,-0.024390243,0.44660193,0.85365856
2018-1-10T13-49-44,1515588584451,0.85365856,-0.034146342,0.4563107,0.85365856
2018-1-10T13-49-44,1515588584452,0.85365856,-0.004878049,0.42718446,0.85365856
2018-1-10T13-49-44,1515588584453,0.84390247,-0.024390243,0.44660193,0.84390247
2018-1-10T13-49-44,1515588584454,0.8341463,-0.014634146,0.44660193,0.8341463
2018-1-10T13-49-44,1515588584455,0.84390247,-0.014634146,0.42718446,0.84390247
2018-1-10T13-49-44,1515588584456,0.84390247,-0.024390243,0.44660193,0.84390247
2018-1-10T13-49-44,1515588584457,0.85365856,-0.004878049,0.44660193,0.85365856
2018-1-10T13-49-44,1515588584458,0.84390247,-0.024390243,0.42718446,0.84390247
2018-1-10T13-49-44,1515588584459,0.84390247,-0.024390243,0.4368932,0.84390247
2018-1-10T13-49-44,1515588584460,0.84390247,-0.024390243,0.44660193,0.84390247
2018-1-10T13-49-44,1515588584461,0.8341463,-0.014634146,0.44660193,0.8341463
2018-1-10T13-49-44,1515588584462,0.84390247,-0.034146342,0.44660193,0.84390247
2018-1-10T13-49-44,1515588584463,0.81463414,-0.034146342,0.4368932,0.81463414
2018-1-10T13-49-44,1515588584464,0.84390247,-0.024390243,0.42718446,0.84390247
2018-1-10T13-49-44,1515588584465,0.85365856,-0.004878049,0.44660193,0.85365856
2018-1-10T13-49-44,1515588584466,0.85365856,-0.014634146,0.44660193,0.85365856
2018-1-10T13-49-44,1515588584467,0.82439023,-0.024390243,0.42718446,0.82439023
2018-1-10T13-49-44,1515588584468,0.85365856,-0.014634146,0.44660193,0.85365856
2018-1-10T13-49-44,1515588584469,0.84390247,-0.004878049,0.4368932,0.84390247
2018-1-10T13-49-44,1515588584470,0.84390247,-0.024390243,0.4368932,0.84390247
2018-1-10T13-49-44,1515588584471,0.87317073,-0.024390243,0.4368932,0.87317073
2018-1-10T13-49-44,1515588584472,0.85365856,-0.034146342,0.4368932,0.85365856
2018-1-10T13-49-44,1515588584473,0.84390247,0.043902438,0.44660193,0.84390247
2018-1-10T13-49-44,1515588584474,0.84390247,-0.024390243,0.4368932,0.84390247
2018-1-10T13-49-44,1515588584475,0.85365856,-0.014634146,0.44660193,0.85365856
2018-1-10T13-49-44,1515588584476,0.8341463,-0.014634146,0.4368932,0.8341463
2018-1-10T13-49-44,1515588584477,0.85365856,-0.024390243,0.42718446,0.85365856
2018-1-10T13-49-44,1515588584478,0.8341463,-0.024390243,0.42718446,0.8341463
2018-1-10T13-49-44,1515588584479,0.8341463,-0.043902438,0.4368932,0.8341463
2018-1-10T13-49-44,1515588584480,0.84390247,-0.024390243,0.44660193,0.84390247
2018-1-10T13-49-44,1515588584481,0.84390247,0.004878049,0.4368932,0.84390247
2018-1-10T13-49-44,1515588584482,0.85365856,-0.024390243,0.4368932,0.85365856
2018-1-10T13-49-44,1515588584483,0.84390247,-0.024390243,0.44660193,0.84390247
2018-1-10T13-49-44,1515588584484,0.85365856,-0.014634146,0.44660193,0.85365856
2018-1-10T13-49-44,1515588584485,0.85365856,-0.034146342,0.44660193,0.85365856
2018-1-10T13-49-44,1515588584486,0.8341463,-0.004878049,0.42718446,0.8341463
2018-1-10T13-49-44,1515588584487,0.84390247,0.014634146,0.4368932,0.84390247
2018-1-10T13-49-44,1515588584488,0.84390247,-0.024390243,0.44660193,0.84390247
2018-1-10T13-49-44,1515588584489,0.85365856,-0.024390243,0.4368932,0.85365856
2018-1-10T13-49-44,1515588584490,0.84390247,-0.024390243,0.44660193,0.84390247
2018-1-10T13-49-44,1515588584491,0.8341463,-0.024390243,0.4368932,0.8341463
2018-1-10T13-49-44,1515588584492,0.84390247,0.004878049,0.4368932,0.84390247
2018-1-10T13-49-44,1515588584493,0.8341463,-0.024390243,0.44660193,0.8341463
2018-1-10T13-49-44,1515588584494,0.84390247,-0.034146342,0.44660193,0.84390247
2018-1-10T13-49-44,1515588584495,0.82439023,-0.024390243,0.4368932,0.82439023
2018-1-10T13-49-44,1515588584496,0.85365856,-0.024390243,0.47572815,0.85365856
2018-1-10T13-49-44,1515588584497,0.84390247,-0.014634146,0.44660193,0.84390247
2018-1-10T13-49-44,1515588584498,0.84390247,-0.053658538,0.44660193,0.84390247
2018-1-10T13-49-44,1515588584499,0.84390247,-0.024390243,0.44660193,0.84390247
2018-1-10T13-49-44,1515588584500,0.8926829,-0.024390243,0.44660193,0.8926829
2018-1-10T13-49-44,1515588584501,0.7853659,-0.014634146,0.44660193,0.7853659
2018-1-10T13-49-44,1515588584502,0.84390247,-0.014634146,0.4368932,0.84390247
2018-1-10T13-49-44,1515588584503,0.84390247,-0.024390243,0.4368932,0.84390247
2018-1-10T13-49-44,1515588584504,0.85365856,-0.024390243,0.4368932,0.85365856
2018-1-10T13-49-44,1515588584505,0.85365856,-0.014634146,0.44660193,0.85365856
2018-1-10T13-49-44,1515588584506,0.85365856,-0.004878049,0.4368932,0.85365856
2018-1-10T13-49-44,1515588584507,0.77560973,-0.024390243,0.39805827,0.77560973
2018-1-10T13-49-44,1515588584508,0.85365856,-0.024390243,0.4368932,0.85365856
2018-1-10T13-49-44,1515588584509,0.85365856,0.014634146,0.4563107,0.85365856
2018-1-10T13-49-44,1515588584510,0.8341463,-0.024390243,0.4368932,0.8341463
2018-1-10T13-49-44,1515588584511,0.84390247,-0.034146342,0.4368932,0.84390247
2018-1-10T13-49-44,1515588584512,0.84390247,-0.024390243,0.4368932,0.84390247
2018-1-10T13-49-44,1515588584513,0.85365856,-0.014634146,0.4368932,0.85365856
2018-1-10T13-49-44,1515588584514,0.85365856,-0.024390243,0.44660193,0.85365856
2018-1-10T13-49-44,1515588584515,0.7853659,-0.024390243,0.4368932,0.7853659
2018-1-10T13-49-44,1515588584516,0.85365856,-0.024390243,0.44660193,0.85365856
2018-1-10T13-49-44,1515588584517,0.85365856,-0.024390243,0.44660193,0.85365856
2018-1-10T13-49-44,1515588584518,0.86341465,0.014634146,0.4368932,0.86341465
2018-1-10T13-49-44,1515588584519,0.84390247,-0.014634146,0.42718446,0.84390247
2018-1-10T13-49-44,1515588584520,0.82439023,-0.024390243,0.4368932,0.82439023
2018-1-10T13-49-44,1515588584521,0.85365856,-0.024390243,0.44660193,0.85365856
2018-1-10T13-49-44,1515588584522,0.85365856,-0.024390243,0.4563107,0.85365856
2018-1-10T13-49-44,1515588584523,0.85365856,-0.014634146,0.4563107,0.85365856
2018-1-10T13-49-44,1515588584524,0.84390247,-0.024390243,0.4368932,0.84390247
2018-1-10T13-49-44,1515588584525,0.85365856,-0.024390243,0.4368932,0.85365856
2018-1-10T13-49-44,1515588584526,0.85365856,-0.034146342,0.4368932,0.85365856
2018-1-10T13-49-44,1515588584527,0.81463414,-0.024390243,0.44660193,0.81463414
2018-1-10T13-49-44,1515588584528,0.85365856,-0.024390243,0.4368932,0.85365856
2018-1-10T13-49-44,1515588584529,0.85365856,-0.034146342,0.4563107,0.85365856
2018-1-10T13-49-44,1515588584530,0.84390247,-0.004878049,0.44660193,0.84390247
2018-1-10T13-49-44,1515588584531,0.8341463,-0.024390243,0.407767,0.8341463
2018-1-10T13-49-44,1515588584532,0.84390247,-0.034146342,0.4368932,0.84390247
2018-1-10T13-49-44,1515588584533,0.84390247,-0.024390243,0.44660193,0.84390247
2018-1-10T13-49-44,1515588584534,0.85365856,-0.034146342,0.4563107,0.85365856
2018-1-10T13-49-44,1515588584535,0.85365856,-0.014634146,0.44660193,0.85365856
2018-1-10T13-49-44,1515588584536,0.87317073,-0.014634146,0.44660193,0.87317073
2018-1-10T13-49-44,1515588584537,0.8341463,-0.08292683,0.44660193,0.8341463
2018-1-10T13-49-44,1515588584538,0.84390247,-0.014634146,0.5048544,0.84390247
2018-1-10T13-49-44,1515588584539,0.84390247,-0.034146342,0.44660193,0.84390247
2018-1-10T13-49-44,1515588584540,0.84390247,-0.014634146,0.46601942,0.84390247
2018-1-10T13-49-44,1515588584541,0.84390247,-0.024390243,0.4368932,0.84390247
2018-1-10T13-49-44,1515588584542,0.8341463,-0.024390243,0.4368932,0.8341463
2018-1-10T13-49-44,1515588584543,0.85365856,-0.024390243,0.4368932,0.85365856
2018-1-10T13-49-44,1515588584544,0.86341465,-0.024390243,0.44660193,0.86341465
2018-1-10T13-49-44,1515588584545,0.85365856,-0.034146342,0.44660193,0.85365856
2018-1-10T13-49-44,1515588584546,0.8341463,-0.014634146,0.44660193,0.8341463
2018-1-10T13-49-44,1515588584547,0.79512197,-0.024390243,0.44660193,0.79512197
2018-1-10T13-49-44,1515588584548,0.77560973,-0.014634146,0.44660193,0.77560973
2018-1-10T13-49-44,1515588584549,0.84390247,-0.014634146,0.4368932,0.84390247
2018-1-10T13-49-44,1515588584550,0.84390247,-0.024390243,0.42718446,0.84390247
2018-1-10T13-49-44,1515588584551,0.84390247,-0.024390243,0.4368932,0.84390247
2018-1-10T13-49-44,1515588584552,0.84390247,-0.024390243,0.4368932,0.84390247
2018-1-10T13-49-44,1515588584553,0.82439023,-0.004878049,0.407767,0.82439023
2018-1-10T13-49-44,1515588584554,0.84390247,-0.004878049,0.44660193,0.84390247
2018-1-10T13-49-44,1515588584555,0.84390247,-0.014634146,0.4368932,0.84390247
2018-1-10T13-49-44,1515588584556,0.84390247,-0.004878049,0.42718446,0.84390247
2018-1-10T13-49-44,1515588584557,0.86341465,-0.034146342,0.4563107,0.86341465
2018-1-10T13-49-44,1515588584558,0.84390247,0.024390243,0.44660193,0.84390247
2018-1-10T13-49-44,1515588584559,0.84390247,-0.024390243,0.4368932,0.84390247
2018-1-10T13-49-44,1515588584560,0.84390247,-0.024390243,0.44660193,0.84390247
2018-1-10T13-49-44,1515588584561,0.85365856,0.004878049,0.44660193,0.85365856
2018-1-10T13-49-44,1515588584562,0.85365856,-0.014634146,0.47572815,0.85365856
2018-1-10T13-49-44,1515588584563,0.84390247,-0.024390243,0.44660193,0.84390247
2018-1-10T13-49-44,1515588584564,0.902439,-0.09268293,0.4563107,0.902439
2018-1-10T13-49-44,1515588584565,0.84390247,-0.034146342,0.4368932,0.84390247
2018-1-10T13-49-44,1515588584566,0.85365856,-0.024390243,0.44660193,0.85365856
2018-1-10T13-49-44,1515588584567,0.85365856,-0.004878049,0.4563107,0.85365856
2018-1-10T13-49-44,1515588584568,0.84390247,0.004878049,0.44660193,0.84390247
2018-1-10T13-49-44,1515588584569,0.8341463,-0.034146342,0.4368932,0.8341463
2018-1-10T13-49-44,1515588584570,0.85365856,-0.024390243,0.4368932,0.85365856
2018-1-10T13-49-44,1515588584571,0.85365856,-0.024390243,0.44660193,0.85365856
2018-1-10T13-49-44,1515588584572,0.7853659,-0.024390243,0.44660193,0.7853659
2018-1-10T13-49-44,1515588584573,0.84390247,-0.024390243,0.4563107,0.84390247
2018-1-10T13-49-44,1515588584574,0.85365856,-0.034146342,0.44660193,0.85365856
2018-1-10T13-49-44,1515588584575,0.91219515,0.014634146,0.4368932,0.91219515
2018-1-10T13-49-44,1515588584576,0.8341463,-0.004878049,0.4563107,0.8341463
2018-1-10T13-49-44,1515588584577,0.8341463,-0.024390243,0.44660193,0.8341463
2018-1-10T13-49-44,1515588584578,0.8341463,-0.043902438,0.4563107,0.8341463
2018-1-10T13-49-44,1515588584579,0.84390247,-0.034146342,0.44660193,0.84390247
2018-1-10T13-49-44,1515588584580,0.84390247,-0.024390243,0.4368932,0.84390247
2018-1-10T13-49-44,1515588584581,0.85365856,-0.034146342,0.4368932,0.85365856
2018-1-10T13-49-44,1515588584582,0.84390247,-0.024390243,0.44660193,0.84390247
2018-1-10T13-49-44,1515588584583,0.85365856,-0.053658538,0.4368932,0.85365856
2018-1-10T13-49-44,1515588584584,0.87317073,-0.024390243,0.44660193,0.87317073
2018-1-10T13-49-44,1515588584585,0.84390247,-0.014634146,0.44660193,0.84390247
2018-1-10T13-49-44,1515588584586,0.85365856,-0.024390243,0.44660193,0.85365856
2018-1-10T13-49-44,1515588584587,0.8341463,-0.014634146,0.4368932,0.8341463
2018-1-10T13-49-44,1515588584588,0.84390247,-0.014634146,0.3883495,0.84390247
2018-1-10T13-49-44,1515588584589,0.85365856,-0.014634146,0.4368932,0.85365856
2018-1-10T13-49-44,1515588584590,0.82439023,-0.024390243,0.42718446,0.82439023
2018-1-10T13-49-44,1515588584591,0.84390247,-0.024390243,0.44660193,0.84390247
2018-1-10T13-49-44,1515588584592,0.85365856,-0.024390243,0.4368932,0.85365856
2018-1-10T13-49-44,1515588584593,0.85365856,-0.014634146,0.4368932,0.85365856
2018-1-10T13-49-44,1515588584594,0.85365856,-0.024390243,0.4368932,0.85365856
2018-1-10T13-49-44,1515588584595,0.84390247,-0.024390243,0.44660193,0.84390247
2018-1-10T13-49-44,1515588584596,0.85365856,-0.034146342,0.4368932,0.85365856
2018-1-10T13-49-44,1515588584597,0.81463414,-0.014634146,0.44660193,0.81463414
2018-1-10T13-49-44,1515588584598,0.84390247,-0.014634146,0.44660193,0.84390247
2018-1-10T13-49-44,1515588584599,0.8341463,-0.004878049,0.4563107,0.8341463
2018-1-10T13-49-44,1515588584600,0.8341463,-0.024390243,0.44660193,0.8341463
2018-1-10T13-49-44,1515588584601,0.85365856,0.004878049,0.4368932,0.85365856
2018-1-10T13-49-44,1515588584602,0.85365856,-0.014634146,0.44660193,0.85365856
2018-1-10T13-49-44,1515588584603,0.84390247,-0.024390243,0.44660193,0.84390247
2018-1-10T13-49-44,1515588584604,0.84390247,-0.034146342,0.4368932,0.84390247
2018-1-10T13-49-44,1515588584605,0.84390247,-0.014634146,0.44660193,0.84390247
2018-1-10T13-49-44,1515588584606,0.85365856,-0.014634146,0.44660193,0.85365856
2018-1-10T13-49-44,1515588584607,0.7853659,-0.014634146,0.44660193,0.7853659
2018-1-10T13-49-44,1515588584608,0.8341463,0.043902438,0.4368932,0.8341463
2018-1-10T13-49-44,1515588584609,0.84390247,-0.034146342,0.4368932,0.84390247
2018-1-10T13-49-44,1515588584610,0.85365856,-0.024390243,0.44660193,0.85365856
2018-1-10T13-49-44,1515588584611,0.85365856,-0.024390243,0.4563107,0.85365856
2018-1-10T13-49-44,1515588584612,0.85365856,-0.014634146,0.44660193,0.85365856
2018-1-10T13-49-44,1515588584613,0.85365856,-0.034146342,0.4368932,0.85365856
2018-1-10T13-49-44,1515588584614,0.8341463,-0.024390243,0.4563107,0.8341463
2018-1-10T13-49-44,1515588584615,0.84390247,-0.024390243,0.4368932,0.84390247
2018-1-10T13-49-44,1515588584616,0.84390247,-0.024390243,0.4563107,0.84390247
2018-1-10T13-49-44,1515588584617,0.8341463,-0.034146342,0.44660193,0.8341463
2018-1-10T13-49-44,1515588584618,0.84390247,-0.034146342,0.44660193,0.84390247
2018-1-10T13-49-44,1515588584619,0.84390247,-0.014634146,0.41747573,0.84390247
2018-1-10T13-49-44,1515588584620,0.84390247,-0.014634146,0.4368932,0.84390247
2018-1-10T13-49-44,1515588584621,0.8341463,-0.014634146,0.4368932,0.8341463
2018-1-10T13-49-44,1515588584622,0.84390247,-0.034146342,0.4368932,0.84390247
2018-1-10T13-49-44,1515588584623,0.85365856,0.014634146,0.4368932,0.85365856
2018-1-10T13-49-44,1515588584624,0.85365856,-0.024390243,0.44660193,0.85365856
2018-1-10T13-49-44,1515588584625,0.86341465,-0.014634146,0.4368932,0.86341465
2018-1-10T13-49-44,1515588584626,0.85365856,-0.024390243,0.4563107,0.85365856
2018-1-10T13-49-44,1515588584627,0.84390247,-0.014634146,0.44660193,0.84390247
2018-1-10T13-49-44,1515588584628,0.86341465,-0.024390243,0.4368932,0.86341465
2018-1-10T13-49-44,1515588584629,0.85365856,-0.024390243,0.4563107,0.85365856
2018-1-10T13-49-44,1515588584630,0.84390247,-0.024390243,0.44660193,0.84390247
2018-1-10T13-49-44,1515588584631,0.85365856,0.06341463,0.4368932,0.85365856
2018-1-10T13-49-44,1515588584632,0.84390247,-0.024390243,0.44660193,0.84390247
2018-1-10T13-49-44,1515588584633,0.8341463,-0.014634146,0.44660193,0.8341463
2018-1-10T13-49-44,1515588584634,0.85365856,-0.004878049,0.44660193,0.85365856
2018-1-10T13-49-44,1515588584635,0.84390247,-0.014634146,0.4368932,0.84390247
2018-1-10T13-49-44,1515588584636,0.84390247,-0.034146342,0.44660193,0.84390247
2018-1-10T13-49-44,1515588584637,0.84390247,-0.034146342,0.44660193,0.84390247
2018-1-10T13-49-44,1515588584638,0.86341465,-0.024390243,0.4563107,0.86341465
2018-1-10T13-49-44,1515588584639,0.84390247,-0.034146342,0.44660193,0.84390247
2018-1-10T13-49-44,1515588584640,0.85365856,-0.024390243,0.4563107,0.85365856
2018-1-10T13-49-44,1515588584641,0.85365856,0.004878049,0.44660193,0.85365856
2018-1-10T13-49-44,1515588584642,0.8341463,-0.024390243,0.49514562,0.8341463
2018-1-10T13-49-44,1515588584643,0.84390247,-0.014634146,0.4368932,0.84390247
2018-1-10T13-49-44,1515588584644,0.84390247,-0.024390243,0.4368932,0.84390247
2018-1-10T13-49-44,1515588584645,0.84390247,0.004878049,0.4563107,0.84390247
2018-1-10T13-49-44,1515588584646,0.85365856,-0.014634146,0.4563107,0.85365856
2018-1-10T13-49-44,1515588584647,0.8341463,-0.014634146,0.44660193,0.8341463
2018-1-10T13-49-44,1515588584648,0.84390247,-0.024390243,0.4368932,0.84390247
2018-1-10T13-49-44,1515588584649,0.8829268,-0.014634146,0.44660193,0.8829268
2018-1-10T13-49-44,1515588584650,0.84390247,-0.014634146,0.44660193,0.84390247
2018-1-10T13-49-44,1515588584651,0.86341465,0.014634146,0.4368932,0.86341465
2018-1-10T13-49-44,1515588584652,0.84390247,-0.014634146,0.4368932,0.84390247
2018-1-10T13-49-44,1515588584653,0.84390247,-0.024390243,0.44660193,0.84390247
2018-1-10T13-49-44,1515588584654,0.91219515,-0.024390243,0.44660193,0.91219515
2018-1-10T13-49-44,1515588584655,0.85365856,-0.024390243,0.4368932,0.85365856
2018-1-10T13-49-44,1515588584656,0.85365856,-0.014634146,0.4368932,0.85365856
2018-1-10T13-49-44,1515588584657,0.84390247,-0.034146342,0.44660193,0.84390247
2018-1-10T13-49-44,1515588584658,0.84390247,-0.014634146,0.4563107,0.84390247
2018-1-10T13-49-44,1515588584659,0.85365856,-0.024390243,0.4368932,0.85365856
2018-1-10T13-49-44,1515588584660,0.87317073,-0.034146342,0.42718446,0.87317073
2018-1-10T13-49-44,1515588584661,0.84390247,-0.024390243,0.42718446,0.84390247
2018-1-10T13-49-44,1515588584662,0.85365856,-0.014634146,0.4563107,0.85365856
2018-1-10T13-49-44,1515588584663,0.86341465,-0.014634146,0.44660193,0.86341465
2018-1-10T13-49-44,1515588584664,0.84390247,-0.014634146,0.4368932,0.84390247
2018-1-10T13-49-44,1515588584665,0.84390247,-0.024390243,0.41747573,0.84390247
2018-1-10T13-49-44,1515588584666,0.84390247,-0.024390243,0.44660193,0.84390247
2018-1-10T13-49-44,1515588584667,0.85365856,-0.024390243,0.44660193,0.85365856
2018-1-10T13-49-44,1515588584668,0.8341463,-0.034146342,0.44660193,0.8341463
2018-1-10T13-49-44,1515588584669,0.85365856,-0.014634146,0.4368932,0.85365856
2018-1-10T13-49-44,1515588584670,0.8341463,-0.024390243,0.39805827,0.8341463
2018-1-10T13-49-44,1515588584671,0.85365856,-0.024390243,0.4368932,0.85365856
2018-1-10T13-49-44,1515588584672,0.86341465,-0.014634146,0.44660193,0.86341465
2018-1-10T13-49-44,1515588584673,0.85365856,-0.034146342,0.4368932,0.85365856
2018-1-10T13-49-44,1515588584674,0.84390247,-0.024390243,0.4563107,0.84390247
2018-1-10T13-49-44,1515588584675,0.85365856,-0.014634146,0.44660193,0.85365856
2018-1-10T13-49-44,1515588584676,0.8341463,-0.024390243,0.44660193,0.8341463
2018-1-10T13-49-44,1515588584677,0.84390247,-0.024390243,0.44660193,0.84390247
2018-1-10T13-49-44,1515588584678,0.84390247,-0.014634146,0.4368932,0.84390247
2018-1-10T13-49-44,1515588584679,0.84390247,-0.034146342,0.44660193,0.84390247
2018-1-10T13-49-44,1515588584680,0.84390247,-0.024390243,0.4368932,0.84390247
2018-1-10T13-49-44,1515588584681,0.84390247,-0.004878049,0.4368932,0.84390247
2018-1-10T13-49-44,1515588584682,0.85365856,-0.014634146,0.44660193,0.85365856
2018-1-10T13-49-44,1515588584683,0.84390247,-0.024390243,0.4368932,0.84390247
2018-1-10T13-49-44,1515588584684,0.84390247,-0.024390243,0.4563107,0.84390247
2018-1-10T13-49-44,1515588584685,0.85365856,-0.024390243,0.44660193,0.85365856
2018-1-10T13-49-44,1515588584686,0.86341465,0.014634146,0.44660193,0.86341465
2018-1-10T13-49-44,1515588584687,0.85365856,-0.014634146,0.44660193,0.85365856
2018-1-10T13-49-44,1515588584688,0.8926829,-0.024390243,0.4368932,0.8926829
2018-1-10T13-49-44,1515588584689,0.85365856,-0.034146342,0.44660193,0.85365856
2018-1-10T13-49-44,1515588584690,0.86341465,-0.024390243,0.4563107,0.86341465
2018-1-10T13-49-44,1515588584691,0.87317073,-0.024390243,0.44660193,0.87317073
2018-1-10T13-49-44,1515588584692,0.84390247,-0.024390243,0.4368932,0.84390247
2018-1-10T13-49-44,1515588584693,0.8341463,-0.024390243,0.42718446,0.8341463
2018-1-10T13-49-44,1515588584694,0.8341463,-0.034146342,0.4563107,0.8341463
2018-1-10T13-49-44,1515588584695,0.85365856,-0.024390243,0.44660193,0.85365856
2018-1-10T13-49-44,1515588584696,0.86341465,-0.034146342,0.407767,0.86341465
2018-1-10T13-49-44,1515588584697,0.84390247,-0.024390243,0.4368932,0.84390247
2018-1-10T13-49-44,1515588584698,0.85365856,-0.004878049,0.4368932,0.85365856
2018-1-10T13-49-44,1515588584699,0.86341465,-0.024390243,0.44660193,0.86341465
2018-1-10T13-49-44,1515588584700,0.84390247,-0.014634146,0.44660193,0.84390247
2018-1-10T13-49-44,1515588584701,0.84390247,-0.024390243,0.44660193,0.84390247
2018-1-10T13-49-44,1515588584702,0.84390247,-0.024390243,0.44660193,0.84390247
2018-1-10T13-49-44,1515588584703,0.85365856,-0.024390243,0.44660193,0.85365856
2018-1-10T13-49-44,1515588584704,0.84390247,-0.014634146,0.4368932,0.84390247
2018-1-10T13-49-44,1515588584705,0.7853659,-0.043902438,0.4368932,0.7853659
2018-1-10T13-49-44,1515588584706,0.85365856,-0.014634146,0.44660193,0.85365856
2018-1-10T13-49-44,1515588584707,0.85365856,-0.034146342,0.4368932,0.85365856
2018-1-10T13-49-44,1515588584708,0.84390247,-0.014634146,0.4368932,0.84390247
2018-1-10T13-49-44,1515588584709,0.84390247,-0.034146342,0.44660193,0.84390247
2018-1-10T13-49-44,1515588584710,0.85365856,0.024390243,0.44660193,0.85365856
2018-1-10T13-49-44,1515588584711,0.84390247,-0.034146342,0.4368932,0.84390247
2018-1-10T13-49-44,1515588584712,0.8341463,-0.014634146,0.4368932,0.8341463
2018-1-10T13-49-44,1515588584713,0.84390247,-0.014634146,0.44660193,0.84390247
2018-1-10T13-49-44,1515588584714,0.84390247,0.043902438,0.4368932,0.84390247
2018-1-10T13-49-44,1515588584715,0.8341463,-0.004878049,0.44660193,0.8341463
2018-1-10T13-49-44,1515588584716,0.84390247,-0.024390243,0.44660193,0.84390247
2018-1-10T13-49-44,1515588584717,0.84390247,-0.014634146,0.4563107,0.84390247
2018-1-10T13-49-44,1515588584718,0.85365856,-0.024390243,0.4368932,0.85365856
2018-1-10T13-49-44,1515588584719,0.84390247,-0.004878049,0.4368932,0.84390247
2018-1-10T13-49-44,1515588584720,0.85365856,-0.034146342,0.4368932,0.85365856
2018-1-10T13-49-44,1515588584721,0.86341465,-0.07317073,0.44660193,0.86341465
2018-1-10T13-49-44,1515588584722,0.84390247,-0.034146342,0.44660193,0.84390247
2018-1-10T13-49-44,1515588584723,0.84390247,-0.024390243,0.44660193,0.84390247
2018-1-10T13-49-44,1515588584724,0.84390247,-0.014634146,0.4368932,0.84390247
2018-1-10T13-49-44,1515588584725,0.84390247,-0.024390243,0.44660193,0.84390247
2018-1-10T13-49-44,1515588584726,0.8341463,-0.024390243,0.44660193,0.8341463
2018-1-10T13-49-44,1515588584727,0.84390247,-0.024390243,0.4368932,0.84390247
2018-1-10T13-49-44,1515588584728,0.85365856,-0.024390243,0.44660193,0.85365856
2018-1-10T13-49-44,1515588584729,0.85365856,-0.014634146,0.4563107,0.85365856
2018-1-10T13-49-44,1515588584730,0.84390247,-0.014634146,0.4368932,0.84390247
2018-1-10T13-49-44,1515588584731,0.87317073,-0.014634146,0.4368932,0.87317073
2018-1-10T13-49-44,1515588584732,0.8341463,-0.014634146,0.44660193,0.8341463
2018-1-10T13-49-44,1515588584733,0.85365856,-0.004878049,0.4368932,0.85365856
2018-1-10T13-49-44,1515588584734,0.82439023,-0.014634146,0.4368932,0.82439023
2018-1-10T13-49-44,1515588584735,0.84390247,-0.024390243,0.4368932,0.84390247
2018-1-10T13-49-44,1515588584736,0.86341465,-0.024390243,0.4368932,0.86341465
2018-1-10T13-49-44,1515588584737,0.84390247,-0.034146342,0.4563107,0.84390247
2018-1-10T13-49-44,1515588584738,0.85365856,-0.034146342,0.44660193,0.85365856
2018-1-10T13-49-44,1515588584739,0.84390247,-0.014634146,0.4563107,0.84390247
2018-1-10T13-49-44,1515588584740,0.84390247,-0.034146342,0.39805827,0.84390247
2018-1-10T13-49-44,1515588584741,0.85365856,-0.014634146,0.4368932,0.85365856
2018-1-10T13-49-44,1515588584742,0.84390247,-0.024390243,0.5145631,0.84390247
2018-1-10T13-49-44,1515588584743,0.84390247,-0.034146342,0.44660193,0.84390247
2018-1-10T13-49-44,1515588584744,0.84390247,-0.024390243,0.44660193,0.84390247
2018-1-10T13-49-44,1515588584745,0.84390247,-0.06341463,0.44660193,0.84390247
2018-1-10T13-49-44,1515588584746,0.8341463,-0.034146342,0.44660193,0.8341463
2018-1-10T13-49-44,1515588584747,0.8829268,-0.014634146,0.4368932,0.8829268
2018-1-10T13-49-44,1515588584748,0.84390247,-0.024390243,0.44660193,0.84390247
2018-1-10T13-49-44,1515588584749,0.84390247,-0.024390243,0.4563107,0.84390247
2018-1-10T13-49-44,1515588584750,0.82439023,-0.014634146,0.44660193,0.82439023
2018-1-10T13-49-44,1515588584751,0.84390247,-0.014634146,0.4368932,0.84390247
2018-1-10T13-49-44,1515588584752,0.8341463,-0.014634146,0.44660193,0.8341463
2018-1-10T13-49-44,1515588584753,0.85365856,-0.014634146,0.4368932,0.85365856
2018-1-10T13-49-44,1515588584754,0.81463414,-0.024390243,0.44660193,0.81463414
2018-1-10T13-49-44,1515588584755,0.8341463,-0.034146342,0.44660193,0.8341463
2018-1-10T13-49-44,1515588584756,0.85365856,-0.014634146,0.4854369,0.85365856
2018-1-10T13-49-44,1515588584757,0.85365856,-0.014634146,0.4563107,0.85365856
2018-1-10T13-49-44,1515588584758,0.79512197,-0.09268293,0.44660193,0.79512197
2018-1-10T13-49-44,1515588584759,0.84390247,-0.024390243,0.44660193,0.84390247
2018-1-10T13-49-44,1515588584760,0.84390247,-0.024390243,0.4368932,0.84390247
2018-1-10T13-49-44,1515588584761,0.8341463,-0.014634146,0.44660193,0.8341463
2018-1-10T13-49-44,1515588584762,0.84390247,-0.024390243,0.46601942,0.84390247
2018-1-10T13-49-44,1515588584763,0.84390247,-0.024390243,0.4368932,0.84390247
2018-1-10T13-49-44,1515588584764,0.84390247,-0.024390243,0.44660193,0.84390247
2018-1-10T13-49-44,1515588584765,0.8341463,-0.014634146,0.4368932,0.8341463
2018-1-10T13-49-44,1515588584766,0.82439023,-0.11219512,0.41747573,0.82439023
2018-1-10T13-49-44,1515588584767,0.8341463,-0.034146342,0.4368932,0.8341463
2018-1-10T13-49-44,1515588584768,0.85365856,-0.014634146,0.44660193,0.85365856
2018-1-10T13-49-44,1515588584769,0.77560973,0.07317073,0.4563107,0.77560973
2018-1-10T13-49-44,1515588584770,0.85365856,-0.014634146,0.4563107,0.85365856
2018-1-10T13-49-44,1515588584771,0.85365856,-0.014634146,0.42718446,0.85365856
2018-1-10T13-49-44,1515588584772,0.8341463,-0.034146342,0.44660193,0.8341463
2018-1-10T13-49-44,1515588584773,0.84390247,-0.024390243,0.44660193,0.84390247
2018-1-10T13-49-44,1515588584774,0.81463414,-0.014634146,0.4368932,0.81463414
2018-1-10T13-49-44,1515588584775,0.84390247,-0.014634146,0.4368932,0.84390247
2018-1-10T13-49-44,1515588584776,0.81463414,-0.014634146,0.44660193,0.81463414
2018-1-10T13-49-44,1515588584777,0.85365856,-0.014634146,0.44660193,0.85365856
2018-1-10T13-49-44,1515588584778,0.85365856,-0.014634146,0.42718446,0.85365856
2018-1-10T13-49-44,1515588584779,0.84390247,-0.014634146,0.41747573,0.84390247
2018-1-10T13-49-44,1515588584780,0.84390247,-0.034146342,0.4368932,0.84390247
2018-1-10T13-49-44,1515588584781,0.84390247,-0.014634146,0.44660193,0.84390247
2018-1-10T13-49-44,1515588584782,0.84390247,-0.053658538,0.44660193,0.84390247
2018-1-10T13-49-44,1515588584783,0.84390247,-0.043902438,0.4368932,0.84390247
2018-1-10T13-49-44,1515588584784,0.84390247,-0.014634146,0.47572815,0.84390247
2018-1-10T13-49-44,1515588584785,0.86341465,-0.024390243,0.44660193,0.86341465
2018-1-10T13-49-44,1515588584786,0.85365856,-0.014634146,0.44660193,0.85365856
2018-1-10T13-49-44,1515588584787,0.85365856,-0.034146342,0.4368932,0.85365856
2018-1-10T13-49-44,1515588584788,0.85365856,-0.024390243,0.44660193,0.85365856
2018-1-10T13-49-44,1515588584789,0.85365856,-0.014634146,0.44660193,0.85365856
2018-1-10T13-49-44,1515588584790,0.85365856,-0.014634146,0.4563107,0.85365856
2018-1-10T13-49-44,1515588584791,0.85365856,-0.024390243,0.44660193,0.85365856
2018-1-10T13-49-44,1515588584792,0.84390247,-0.024390243,0.44660193,0.84390247
2018-1-10T13-49-44,1515588584793,0.84390247,-0.034146342,0.42718446,0.84390247
2018-1-10T13-49-44,1515588584794,0.85365856,-0.014634146,0.4368932,0.85365856
2018-1-10T13-49-44,1515588584795,0.84390247,-0.06341463,0.4368932,0.84390247
2018-1-10T13-49-44,1515588584796,0.8341463,-0.014634146,0.44660193,0.8341463
2018-1-10T13-49-44,1515588584797,0.85365856,-0.024390243,0.4368932,0.85365856
2018-1-10T13-49-44,1515588584798,0.8341463,-0.034146342,0.44660193,0.8341463
2018-1-10T13-49-44,1515588584799,0.8341463,0.043902438,0.39805827,0.8341463
2018-1-10T13-49-44,1515588584800,0.87317073,-0.034146342,0.4368932,0.87317073
2018-1-10T13-49-44,1515588584801,0.86341465,-0.034146342,0.4563107,0.86341465
2018-1-10T13-49-44,1515588584802,0.85365856,-0.014634146,0.4368932,0.85365856
2018-1-10T13-49-44,1515588584803,0.84390247,-0.053658538,0.4563107,0.84390247
2018-1-10T13-49-44,1515588584804,0.87317073,-0.004878049,0.44660193,0.87317073
2018-1-10T13-49-44,1515588584805,0.8926829,-0.024390243,0.4368932,0.8926829
2018-1-10T13-49-44,1515588584806,0.8341463,-0.09268293,0.44660193,0.8341463
2018-1-10T13-49-44,1515588584807,0.85365856,-0.004878049,0.44660193,0.85365856
2018-1-10T13-49-44,1515588584808,0.86341465,0.004878049,0.44660193,0.86341465
2018-1-10T13-49-44,1515588584809,0.84390247,-0.024390243,0.44660193,0.84390247
2018-1-10T13-49-44,1515588584810,0.84390247,-0.024390243,0.44660193,0.84390247
2018-1-10T13-49-44,1515588584811,0.85365856,0.004878049,0.44660193,0.85365856
2018-1-10T13-49-44,1515588584812,0.84390247,-0.024390243,0.44660193,0.84390247
2018-1-10T13-49-44,1515588584813,0.84390247,0.034146342,0.44660193,0.84390247
2018-1-10T13-49-44,1515588584814,0.85365856,-0.024390243,0.46601942,0.85365856
2018-1-10T13-49-44,1515588584815,0.84390247,-0.014634146,0.4368932,0.84390247
2018-1-10T13-49-44,1515588584816,0.7853659,-0.024390243,0.4368932,0.7853659
2018-1-10T13-49-44,1515588584817,0.84390247,-0.004878049,0.44660193,0.84390247
2018-1-10T13-49-44,1515588584818,0.85365856,0.004878049,0.4368932,0.85365856
2018-1-10T13-49-44,1515588584819,0.86341465,-0.014634146,0.44660193,0.86341465
2018-1-10T13-49-44,1515588584820,0.85365856,-0.014634146,0.44660193,0.85365856
2018-1-10T13-49-44,1515588584821,0.84390247,-0.024390243,0.44660193,0.84390247
2018-1-10T13-49-44,1515588584822,0.8341463,-0.014634146,0.44660193,0.8341463
2018-1-10T13-49-44,1515588584823,0.85365856,-0.004878049,0.4368932,0.85365856
2018-1-10T13-49-44,1515588584824,0.85365856,-0.014634146,0.44660193,0.85365856
2018-1-10T13-49-44,1515588584825,0.84390247,-0.014634146,0.46601942,0.84390247
2018-1-10T13-49-44,1515588584826,0.8341463,-0.024390243,0.4563107,0.8341463
2018-1-10T13-49-44,1515588584827,0.84390247,0.004878049,0.4368932,0.84390247
2018-1-10T13-49-44,1515588584828,0.84390247,-0.004878049,0.4368932,0.84390247
2018-1-10T13-49-44,1515588584829,0.85365856,-0.024390243,0.44660193,0.85365856
2018-1-10T13-49-44,1515588584830,0.84390247,-0.024390243,0.44660193,0.84390247
2018-1-10T13-49-44,1515588584831,0.8341463,-0.043902438,0.4368932,0.8341463
2018-1-10T13-49-44,1515588584832,0.84390247,-0.014634146,0.44660193,0.84390247
2018-1-10T13-49-44,1515588584833,0.80487806,-0.024390243,0.42718446,0.80487806
2018-1-10T13-49-44,1515588584834,0.84390247,-0.004878049,0.42718446,0.84390247
2018-1-10T13-49-44,1515588584835,0.8341463,-0.014634146,0.3883495,0.8341463
2018-1-10T13-49-44,1515588584836,0.9317073,-0.034146342,0.42718446,0.9317073
2018-1-10T13-49-44,1515588584837,0.85365856,-0.004878049,0.42718446,0.85365856
2018-1-10T13-49-44,1515588584838,0.84390247,-0.024390243,0.4368932,0.84390247
2018-1-10T13-49-44,1515588584839,0.86341465,-0.014634146,0.3883495,0.86341465
2018-1-10T13-49-44,1515588584840,0.8341463,-0.014634146,0.44660193,0.8341463
2018-1-10T13-49-44,1515588584841,0.84390247,-0.004878049,0.44660193,0.84390247
2018-1-10T13-49-44,1515588584842,0.92195123,-0.024390243,0.44660193,0.92195123
2018-1-10T13-49-44,1515588584843,0.85365856,-0.024390243,0.44660193,0.85365856
2018-1-10T13-49-44,1515588584844,0.86341465,-0.014634146,0.4368932,0.86341465
2018-1-10T13-49-44,1515588584845,0.84390247,-0.014634146,0.4563107,0.84390247
2018-1-10T13-49-44,1515588584846,0.84390247,0.06341463,0.4368932,0.84390247
2018-1-10T13-49-44,1515588584847,0.84390247,-0.004878049,0.4368932,0.84390247
2018-1-10T13-49-44,1515588584848,0.85365856,-0.034146342,0.4368932,0.85365856
2018-1-10T13-49-44,1515588584849,0.85365856,-0.014634146,0.4368932,0.85365856
2018-1-10T13-49-44,1515588584850,0.85365856,-0.014634146,0.4368932,0.85365856
2018-1-10T13-49-44,1515588584851,0.84390247,-0.024390243,0.44660193,0.84390247
2018-1-10T13-49-44,1515588584852,0.84390247,-0.043902438,0.4368932,0.84390247
2018-1-10T13-49-44,1515588584853,0.9317073,-0.014634146,0.44660193,0.9317073
2018-1-10T13-49-44,1515588584854,0.85365856,0.004878049,0.4563107,0.85365856
2018-1-10T13-49-44,1515588584855,0.84390247,-0.024390243,0.44660193,0.84390247
2018-1-10T13-49-44,1515588584856,0.86341465,-0.024390243,0.42718446,0.86341465
2018-1-10T13-49-44,1515588584857,0.85365856,-0.034146342,0.44660193,0.85365856
2018-1-10T13-49-44,1515588584858,0.81463414,-0.014634146,0.4563107,0.81463414
2018-1-10T13-49-44,1515588584859,0.8926829,-0.004878049,0.44660193,0.8926829
2018-1-10T13-49-44,1515588584860,0.84390247,0.014634146,0.46601942,0.84390247
2018-1-10T13-49-44,1515588584861,0.84390247,-0.014634146,0.4368932,0.84390247
2018-1-10T13-49-44,1515588584862,0.85365856,-0.024390243,0.44660193,0.85365856
2018-1-10T13-49-44,1515588584863,0.84390247,-0.024390243,0.4563107,0.84390247
2018-1-10T13-49-44,1515588584864,0.85365856,-0.024390243,0.4563107,0.85365856
2018-1-10T13-49-44,1515588584865,0.84390247,-0.024390243,0.44660193,0.84390247
2018-1-10T13-49-44,1515588584866,0.8341463,0.004878049,0.44660193,0.8341463
2018-1-10T13-49-44,1515588584867,0.85365856,-0.024390243,0.44660193,0.85365856
2018-1-10T13-49-44,1515588584868,0.84390247,-0.024390243,0.4368932,0.84390247
2018-1-10T13-49-44,1515588584869,0.84390247,-0.014634146,0.44660193,0.84390247
2018-1-10T13-49-44,1515588584870,0.85365856,-0.014634146,0.44660193,0.85365856
2018-1-10T13-49-44,1515588584871,0.84390247,-0.014634146,0.44660193,0.84390247
2018-1-10T13-49-44,1515588584872,0.84390247,-0.024390243,0.4368932,0.84390247
2018-1-10T13-49-44,1515588584873,0.85365856,-0.014634146,0.4563107,0.85365856
2018-1-10T13-49-44,1515588584874,0.84390247,-0.024390243,0.4368932,0.84390247
2018-1-10T13-49-44,1515588584875,0.84390247,-0.024390243,0.4563107,0.84390247
2018-1-10T13-49-44,1515588584876,0.84390247,0.024390243,0.44660193,0.84390247
2018-1-10T13-49-44,1515588584877,0.8341463,0.004878049,0.42718446,0.8341463
2018-1-10T13-49-44,1515588584878,0.8341463,-0.034146342,0.46601942,0.8341463
2018-1-10T13-49-44,1515588584879,0.84390247,0.004878049,0.4368932,0.84390247
2018-1-10T13-49-44,1515588584880,0.85365856,-0.024390243,0.44660193,0.85365856
2018-1-10T13-49-44,1515588584881,0.87317073,-0.024390243,0.4563107,0.87317073
2018-1-10T13-49-44,1515588584882,0.8341463,-0.024390243,0.44660193,0.8341463
2018-1-10T13-49-44,1515588584883,0.85365856,-0.014634146,0.4368932,0.85365856
2018-1-10T13-49-44,1515588584884,0.8341463,-0.024390243,0.44660193,0.8341463
2018-1-10T13-49-44,1515588584885,0.84390247,-0.043902438,0.4368932,0.84390247
2018-1-10T13-49-44,1515588584886,0.87317073,-0.014634146,0.49514562,0.87317073
2018-1-10T13-49-44,1515588584887,0.84390247,-0.014634146,0.4854369,0.84390247
2018-1-10T13-49-44,1515588584888,0.84390247,-0.014634146,0.4368932,0.84390247
2018-1-10T13-49-44,1515588584889,0.87317073,-0.024390243,0.4563107,0.87317073
2018-1-10T13-49-44,1515588584890,0.85365856,-0.024390243,0.37864077,0.85365856
2018-1-10T13-49-44,1515588584891,0.84390247,-0.014634146,0.44660193,0.84390247
2018-1-10T13-49-44,1515588584892,0.84390247,-0.014634146,0.4368932,0.84390247
2018-1-10T13-49-44,1515588584893,0.8341463,-0.024390243,0.44660193,0.8341463
2018-1-10T13-49-44,1515588584894,0.85365856,-0.004878049,0.4368932,0.85365856
2018-1-10T13-49-44,1515588584895,0.85365856,-0.024390243,0.4563107,0.85365856
2018-1-10T13-49-44,1515588584896,0.84390247,-0.014634146,0.44660193,0.84390247
2018-1-10T13-49-44,1515588584897,0.8341463,-0.024390243,0.42718446,0.8341463
2018-1-10T13-49-44,1515588584898,0.8926829,-0.043902438,0.44660193,0.8926829
2018-1-10T13-49-44,1515588584899,0.84390247,-0.024390243,0.4368932,0.84390247
2018-1-10T13-49-44,1515588584900,0.84390247,-0.034146342,0.4368932,0.84390247
2018-1-10T13-49-44,1515588584901,0.84390247,-0.024390243,0.44660193,0.84390247
2018-1-10T13-49-44,1515588584902,0.8341463,-0.024390243,0.4563107,0.8341463
2018-1-10T13-49-44,1515588584903,0.8341463,-0.024390243,0.44660193,0.8341463
2018-1-10T13-49-44,1515588584904,0.85365856,-0.034146342,0.4368932,0.85365856
2018-1-10T13-49-44,1515588584905,0.8341463,-0.024390243,0.44660193,0.8341463
2018-1-10T13-49-44,1515588584906,0.85365856,-0.034146342,0.44660193,0.85365856
2018-1-10T13-49-44,1515588584907,0.84390247,-0.014634146,0.4368932,0.84390247
2018-1-10T13-49-44,1515588584908,0.85365856,-0.024390243,0.44660193,0.85365856
2018-1-10T13-49-44,1515588584909,0.84390247,-0.024390243,0.44660193,0.84390247
2018-1-10T13-49-44,1515588584910,0.80487806,-0.024390243,0.44660193,0.80487806
2018-1-10T13-49-44,1515588584911,0.85365856,-0.024390243,0.44660193,0.85365856
2018-1-10T13-49-44,1515588584912,0.84390247,-0.024390243,0.44660193,0.84390247
2018-1-10T13-49-44,1515588584913,0.84390247,-0.034146342,0.44660193,0.84390247
2018-1-10T13-49-44,1515588584914,0.85365856,-0.024390243,0.44660193,0.85365856
2018-1-10T13-49-44,1515588584915,0.80487806,-0.034146342,0.44660193,0.80487806
2018-1-10T13-49-44,1515588584916,0.84390247,-0.034146342,0.36893204,0.84390247
2018-1-10T13-49-44,1515588584917,0.84390247,-0.014634146,0.44660193,0.84390247
2018-1-10T13-49-44,1515588584918,0.8341463,-0.024390243,0.44660193,0.8341463
2018-1-10T13-49-44,1515588584919,0.85365856,-0.08292683,0.4368932,0.85365856
2018-1-10T13-49-44,1515588584920,0.85365856,-0.024390243,0.39805827,0.85365856
2018-1-10T13-49-44,1515588584921,0.84390247,-0.034146342,0.44660193,0.84390247
2018-1-10T13-49-44,1515588584922,0.85365856,-0.024390243,0.46601942,0.85365856
2018-1-10T13-49-44,1515588584923,0.84390247,-0.034146342,0.4368932,0.84390247
2018-1-10T13-49-44,1515588584924,0.84390247,-0.014634146,0.4368932,0.84390247
2018-1-10T13-49-44,1515588584925,0.92195123,-0.014634146,0.4368932,0.92195123
2018-1-10T13-49-44,1515588584926,0.84390247,-0.014634146,0.44660193,0.84390247
2018-1-10T13-49-44,1515588584927,0.85365856,-0.024390243,0.44660193,0.85365856
2018-1-10T13-49-44,1515588584928,0.86341465,-0.004878049,0.44660193,0.86341465
2018-1-10T13-49-44,1515588584929,0.8341463,-0.024390243,0.4368932,0.8341463
2018-1-10T13-49-44,1515588584930,0.84390247,-0.024390243,0.44660193,0.84390247
2018-1-10T13-49-44,1515588584931,0.85365856,-0.014634146,0.44660193,0.85365856
2018-1-10T13-49-44,1515588584932,0.85365856,-0.014634146,0.4368932,0.85365856
2018-1-10T13-49-44,1515588584933,0.85365856,-0.024390243,0.4563107,0.85365856
2018-1-10T13-49-44,1515588584934,0.84390247,-0.014634146,0.4563107,0.84390247
2018-1-10T13-49-44,1515588584935,0.84390247,0.004878049,0.4368932,0.84390247
2018-1-10T13-49-44,1515588584936,0.82439023,-0.024390243,0.44660193,0.82439023
2018-1-10T13-49-44,1515588584937,0.84390247,0.004878049,0.44660193,0.84390247
2018-1-10T13-49-44,1515588584938,0.85365856,-0.014634146,0.46601942,0.85365856
2018-1-10T13-49-44,1515588584939,0.8341463,-0.004878049,0.44660193,0.8341463
2018-1-10T13-49-44,1515588584940,0.84390247,-0.014634146,0.4368932,0.84390247
2018-1-10T13-49-44,1515588584941,0.85365856,-0.014634146,0.4368932,0.85365856
2018-1-10T13-49-44,1515588584942,0.8341463,-0.014634146,0.4563107,0.8341463
2018-1-10T13-49-44,1515588584943,0.85365856,-0.024390243,0.4563107,0.85365856
2018-1-10T13-49-44,1515588584944,0.85365856,-0.053658538,0.4368932,0.85365856
2018-1-10T13-49-44,1515588584945,0.82439023,-0.014634146,0.44660193,0.82439023
2018-1-10T13-49-44,1515588584946,0.85365856,-0.004878049,0.41747573,0.85365856
2018-1-10T13-49-44,1515588584947,0.87317073,-0.024390243,0.44660193,0.87317073
2018-1-10T13-49-44,1515588584948,0.84390247,-0.024390243,0.4368932,0.84390247
2018-1-10T13-49-44,1515588584949,0.85365856,-0.014634146,0.44660193,0.85365856
2018-1-10T13-49-44,1515588584950,0.84390247,-0.024390243,0.4563107,0.84390247
2018-1-10T13-49-44,1515588584951,0.84390247,-0.034146342,0.4563107,0.84390247
2018-1-10T13-49-44,1515588584952,0.85365856,-0.014634146,0.4368932,0.85365856
2018-1-10T13-49-44,1515588584953,0.85365856,-0.034146342,0.44660193,0.85365856
2018-1-10T13-49-44,1515588584954,0.81463414,-0.014634146,0.4368932,0.81463414
2018-1-10T13-49-44,1515588584955,0.8341463,-0.014634146,0.44660193,0.8341463
2018-1-10T13-49-44,1515588584956,0.84390247,-0.014634146,0.44660193,0.84390247
2018-1-10T13-49-44,1515588584957,0.8341463,-0.024390243,0.4368932,0.8341463
2018-1-10T13-49-44,1515588584958,0.84390247,-0.024390243,0.4368932,0.84390247
2018-1-10T13-49-44,1515588584959,0.8341463,-0.024390243,0.4368932,0.8341463
2018-1-10T13-49-44,1515588584960,0.84390247,-0.024390243,0.4368932,0.84390247
2018-1-10T13-49-44,1515588584961,0.8341463,-0.024390243,0.4368932,0.8341463
2018-1-10T13-49-44,1515588584962,0.8341463,-0.024390243,0.4563107,0.8341463
2018-1-10T13-49-44,1515588584963,0.84390247,-0.024390243,0.4368932,0.84390247
2018-1-10T13-49-44,1515588584964,0.85365856,-0.014634146,0.4368932,0.85365856
2018-1-10T13-49-44,1515588584965,0.85365856,-0.014634146,0.46601942,0.85365856
2018-1-10T13-49-44,1515588584966,0.84390247,-0.024390243,0.44660193,0.84390247
2018-1-10T13-49-44,1515588584967,0.82439023,-0.024390243,0.4368932,0.82439023
2018-1-10T13-49-44,1515588584968,0.82439023,-0.034146342,0.4368932,0.82439023
2018-1-10T13-49-44,1515588584969,0.86341465,-0.014634146,0.4368932,0.86341465
2018-1-10T13-49-44,1515588584970,0.84390247,-0.014634146,0.4368932,0.84390247
2018-1-10T13-49-44,1515588584971,0.85365856,-0.024390243,0.44660193,0.85365856
2018-1-10T13-49-44,1515588584972,0.8829268,-0.014634146,0.44660193,0.8829268
2018-1-10T13-49-44,1515588584973,0.84390247,-0.014634146,0.44660193,0.84390247
2018-1-10T13-49-44,1515588584974,0.84390247,-0.024390243,0.44660193,0.84390247
2018-1-10T13-49-44,1515588584975,0.84390247,-0.024390243,0.4368932,0.84390247
2018-1-10T13-49-44,1515588584976,0.84390247,-0.014634146,0.4368932,0.84390247
2018-1-10T13-49-44,1515588584977,0.85365856,-0.014634146,0.4563107,0.85365856
2018-1-10T13-49-44,1515588584978,0.86341465,-0.014634146,0.44660193,0.86341465
2018-1-10T13-49-44,1515588584979,0.84390247,-0.034146342,0.4368932,0.84390247
2018-1-10T13-49-44,1515588584980,0.86341465,-0.004878049,0.4368932,0.86341465
2018-1-10T13-49-44,1515588584981,0.86341465,-0.034146342,0.44660193,0.86341465
2018-1-10T13-49-44,1515588584982,0.8341463,-0.024390243,0.44660193,0.8341463
2018-1-10T13-49-44,1515588584983,0.84390247,-0.024390243,0.4368932,0.84390247
2018-1-10T13-49-44,1515588584984,0.84390247,-0.024390243,0.44660193,0.84390247
2018-1-10T13-49-44,1515588584985,0.84390247,-0.024390243,0.4368932,0.84390247
2018-1-10T13-49-44,1515588584986,0.85365856,-0.014634146,0.4368932,0.85365856
2018-1-10T13-49-44,1515588584987,0.84390247,-0.014634146,0.44660193,0.84390247
2018-1-10T13-49-44,1515588584988,0.84390247,-0.024390243,0.44660193,0.84390247
2018-1-10T13-49-44,1515588584989,0.8341463,-0.024390243,0.44660193,0.8341463
2018-1-10T13-49-44,1515588584990,0.84390247,-0.014634146,0.44660193,0.84390247
2018-1-10T13-49-44,1515588584991,0.85365856,0.004878049,0.44660193,0.85365856
2018-1-10T13-49-44,1515588584992,0.8341463,-0.014634146,0.4563107,0.8341463
2018-1-10T13-49-44,1515588584993,0.84390247,-0.014634146,0.4368932,0.84390247
2018-1-10T13-49-44,1515588584994,0.84390247,-0.024390243,0.4563107,0.84390247
2018-1-10T13-49-44,1515588584995,0.8341463,-0.024390243,0.4563107,0.8341463
2018-1-10T13-49-44,1515588584996,0.84390247,-0.024390243,0.44660193,0.84390247
2018-1-10T13-49-44,1515588584997,0.85365856,-0.014634146,0.44660193,0.85365856
2018-1-10T13-49-44,1515588584998,0.85365856,-0.024390243,0.44660193,0.85365856
2018-1-10T13-49-44,1515588584999,0.81463414,-0.034146342,0.4368932,0.81463414
2018-1-10T13-49-45,1515588585000,0.84390247,-0.024390243,0.4368932,0.84390247
2018-1-10T13-49-45,1515588585001,0.84390247,-0.024390243,0.49514562,0.84390247
2018-1-10T13-49-45,1515588585002,0.84390247,-0.024390243,0.4563107,0.84390247
2018-1-10T13-49-45,1515588585003,0.84390247,-0.014634146,0.44660193,0.84390247
2018-1-10T13-49-45,1515588585004,0.84390247,-0.024390243,0.4368932,0.84390247
2018-1-10T13-49-45,1515588585005,0.84390247,-0.014634146,0.4368932,0.84390247
2018-1-10T13-49-45,1515588585006,0.85365856,-0.024390243,0.4368932,0.85365856
2018-1-10T13-49-45,1515588585007,0.85365856,-0.014634146,0.4368932,0.85365856
2018-1-10T13-49-45,1515588585008,0.84390247,-0.024390243,0.44660193,0.84390247
2018-1-10T13-49-45,1515588585009,0.84390247,-0.014634146,0.44660193,0.84390247
2018-1-10T13-49-45,1515588585010,0.84390247,0.024390243,0.44660193,0.84390247
2018-1-10T13-49-45,1515588585011,0.86341465,-0.014634146,0.4368932,0.86341465
2018-1-10T13-49-45,1515588585012,0.85365856,-0.034146342,0.44660193,0.85365856
2018-1-10T13-49-45,1515588585013,0.86341465,-0.014634146,0.4368932,0.86341465
2018-1-10T13-49-45,1515588585014,0.84390247,-0.024390243,0.44660193,0.84390247
2018-1-10T13-49-45,1515588585015,0.84390247,-0.024390243,0.44660193,0.84390247
2018-1-10T13-49-45,1515588585016,0.8341463,-0.014634146,0.4368932,0.8341463
2018-1-10T13-49-45,1515588585017,0.84390247,-0.043902438,0.46601942,0.84390247
2018-1-10T13-49-45,1515588585018,0.91219515,-0.034146342,0.4368932,0.91219515
2018-1-10T13-49-45,1515588585019,0.86341465,-0.024390243,0.4368932,0.86341465
2018-1-10T13-49-45,1515588585020,0.8341463,-0.024390243,0.34951457,0.8341463
2018-1-10T13-49-45,1515588585021,0.8341463,-0.024390243,0.4368932,0.8341463
2018-1-10T13-49-45,1515588585022,0.85365856,-0.014634146,0.4368932,0.85365856
2018-1-10T13-49-45,1515588585023,0.86341465,-0.014634146,0.4368932,0.86341465
2018-1-10T13-49-45,1515588585024,0.8341463,-0.024390243,0.4368932,0.8341463
2018-1-10T13-49-45,1515588585025,0.84390247,-0.034146342,0.4368932,0.84390247
2018-1-10T13-49-45,1515588585026,0.84390247,-0.07317073,0.44660193,0.84390247
2018-1-10T13-49-45,1515588585027,0.84390247,-0.034146342,0.44660193,0.84390247
2018-1-10T13-49-45,1515588585028,0.84390247,-0.014634146,0.41747573,0.84390247
2018-1-10T13-49-45,1515588585029,0.84390247,-0.053658538,0.3883495,0.84390247
2018-1-10T13-49-45,1515588585030,0.85365856,-0.014634146,0.44660193,0.85365856
2018-1-10T13-49-45,1515588585031,0.85365856,-0.004878049,0.44660193,0.85365856
2018-1-10T13-49-45,1515588585032,0.84390247,-0.014634146,0.42718446,0.84390247
2018-1-10T13-49-45,1515588585033,0.8341463,-0.034146342,0.42718446,0.8341463
2018-1-10T13-49-45,1515588585034,0.84390247,-0.014634146,0.4368932,0.84390247
2018-1-10T13-49-45,1515588585035,0.8341463,-0.024390243,0.4368932,0.8341463
2018-1-10T13-49-45,1515588585036,0.84390247,-0.09268293,0.44660193,0.84390247
2018-1-10T13-49-45,1515588585037,0.8341463,-0.034146342,0.44660193,0.8341463
2018-1-10T13-49-45,1515588585038,0.84390247,-0.024390243,0.4368932,0.84390247
2018-1-10T13-49-45,1515588585039,0.85365856,0.004878049,0.44660193,0.85365856
2018-1-10T13-49-45,1515588585040,0.80487806,-0.004878049,0.44660193,0.80487806
2018-1-10T13-49-45,1515588585041,0.8341463,-0.014634146,0.44660193,0.8341463
2018-1-10T13-49-45,1515588585042,0.84390247,-0.024390243,0.44660193,0.84390247
2018-1-10T13-49-45,1515588585043,0.84390247,0.024390243,0.4368932,0.84390247
2018-1-10T13-49-45,1515588585044,0.84390247,-0.024390243,0.4563107,0.84390247
2018-1-10T13-49-45,1515588585045,0.85365856,-0.004878049,0.44660193,0.85365856
2018-1-10T13-49-45,1515588585046,0.8341463,-0.014634146,0.44660193,0.8341463
2018-1-10T13-49-45,1515588585047,0.8341463,-0.034146342,0.4368932,0.8341463
2018-1-10T13-49-45,1515588585048,0.91219515,-0.024390243,0.44660193,0.91219515
2018-1-10T13-49-45,1515588585049,0.84390247,-0.034146342,0.44660193,0.84390247
2018-1-10T13-49-45,1515588585050,0.91219515,-0.004878049,0.4368932,0.91219515
2018-1-10T13-49-45,1515588585051,0.8341463,-0.024390243,0.4368932,0.8341463
2018-1-10T13-49-45,1515588585052,0.8829268,-0.034146342,0.44660193,0.8829268
2018-1-10T13-49-45,1515588585053,0.82439023,-0.024390243,0.4368932,0.82439023
2018-1-10T13-49-45,1515588585054,0.84390247,-0.024390243,0.41747573,0.84390247
2018-1-10T13-49-45,1515588585055,0.8341463,-0.034146342,0.44660193,0.8341463
2018-1-10T13-49-45,1515588585056,0.85365856,-0.014634146,0.4563107,0.85365856
2018-1-10T13-49-45,1515588585057,0.84390247,-0.024390243,0.407767,0.84390247
2018-1-10T13-49-45,1515588585058,0.85365856,-0.034146342,0.4368932,0.85365856
2018-1-10T13-49-45,1515588585059,0.8341463,-0.024390243,0.4563107,0.8341463
2018-1-10T13-49-45,1515588585060,0.84390247,-0.014634146,0.44660193,0.84390247
2018-1-10T13-49-45,1515588585061,0.85365856,-0.024390243,0.4368932,0.85365856
2018-1-10T13-49-45,1515588585062,0.81463414,-0.024390243,0.44660193,0.81463414
2018-1-10T13-49-45,1515588585063,0.84390247,-0.014634146,0.44660193,0.84390247
2018-1-10T13-49-45,1515588585064,0.85365856,-0.004878049,0.44660193,0.85365856
2018-1-10T13-49-45,1515588585065,0.86341465,-0.024390243,0.44660193,0.86341465
2018-1-10T13-49-45,1515588585066,0.85365856,-0.043902438,0.4368932,0.85365856
2018-1-10T13-49-45,1515588585067,0.85365856,-0.014634146,0.44660193,0.85365856
2018-1-10T13-49-45,1515588585068,0.85365856,-0.024390243,0.44660193,0.85365856
2018-1-10T13-49-45,1515588585069,0.84390247,-0.034146342,0.4368932,0.84390247
2018-1-10T13-49-45,1515588585070,0.80487806,-0.024390243,0.4368932,0.80487806
2018-1-10T13-49-45,1515588585071,0.85365856,0.004878049,0.44660193,0.85365856
2018-1-10T13-49-45,1515588585072,0.8341463,-0.024390243,0.4563107,0.8341463
2018-1-10T13-49-45,1515588585073,0.84390247,-0.024390243,0.4368932,0.84390247
2018-1-10T13-49-45,1515588585074,0.85365856,-0.024390243,0.44660193,0.85365856
2018-1-10T13-49-45,1515588585075,0.85365856,-0.014634146,0.4368932,0.85365856
2018-1-10T13-49-45,1515588585076,0.85365856,-0.024390243,0.4368932,0.85365856
2018-1-10T13-49-45,1515588585077,0.87317073,-0.024390243,0.4368932,0.87317073
2018-1-10T13-49-45,1515588585078,0.8341463,-0.034146342,0.3883495,0.8341463
2018-1-10T13-49-45,1515588585079,0.91219515,0.004878049,0.44660193,0.91219515
2018-1-10T13-49-45,1515588585080,0.85365856,-0.004878049,0.46601942,0.85365856
2018-1-10T13-49-45,1515588585081,0.84390247,-0.024390243,0.44660193,0.84390247
2018-1-10T13-49-45,1515588585082,0.84390247,-0.024390243,0.44660193,0.84390247
2018-1-10T13-49-45,1515588585083,0.8341463,-0.004878049,0.44660193,0.8341463
2018-1-10T13-49-45,1515588585084,0.86341465,-0.024390243,0.44660193,0.86341465
2018-1-10T13-49-45,1515588585085,0.86341465,-0.024390243,0.4563107,0.86341465
2018-1-10T13-49-45,1515588585086,0.84390247,-0.004878049,0.44660193,0.84390247
2018-1-10T13-49-45,1515588585087,0.84390247,-0.034146342,0.44660193,0.84390247
2018-1-10T13-49-45,1515588585088,0.85365856,-0.014634146,0.4563107,0.85365856
2018-1-10T13-49-45,1515588585089,0.82439023,-0.024390243,0.44660193,0.82439023
2018-1-10T13-49-45,1515588585090,0.84390247,-0.024390243,0.4368932,0.84390247
2018-1-10T13-49-45,1515588585091,0.84390247,-0.014634146,0.4368932,0.84390247
2018-1-10T13-49-45,1515588585092,0.82439023,-0.024390243,0.44660193,0.82439023
2018-1-10T13-49-45,1515588585093,0.84390247,-0.12195122,0.4368932,0.84390247
2018-1-10T13-49-45,1515588585094,0.85365856,-0.024390243,0.4368932,0.85365856
2018-1-10T13-49-45,1515588585095,0.84390247,-0.014634146,0.4563107,0.84390247
2018-1-10T13-49-45,1515588585096,0.85365856,-0.08292683,0.4368932,0.85365856
2018-1-10T13-49-45,1515588585097,0.84390247,-0.014634146,0.44660193,0.84390247
2018-1-10T13-49-45,1515588585098,0.84390247,-0.034146342,0.4368932,0.84390247
2018-1-10T13-49-45,1515588585099,0.85365856,-0.024390243,0.4854369,0.85365856
2018-1-10T13-49-45,1515588585100,0.85365856,-0.024390243,0.4368932,0.85365856
2018-1-10T13-49-45,1515588585101,0.84390247,-0.014634146,0.44660193,0.84390247
2018-1-10T13-49-45,1515588585102,0.84390247,-0.034146342,0.4368932,0.84390247
2018-1-10T13-49-45,1515588585103,0.84390247,-0.004878049,0.4368932,0.84390247
2018-1-10T13-49-45,1515588585104,0.84390247,-0.014634146,0.4368932,0.84390247
2018-1-10T13-49-45,1515588585105,0.85365856,-0.004878049,0.44660193,0.85365856
2018-1-10T13-49-45,1515588585106,0.85365856,-0.024390243,0.44660193,0.85365856
2018-1-10T13-49-45,1515588585107,0.84390247,-0.014634146,0.44660193,0.84390247
2018-1-10T13-49-45,1515588585108,0.84390247,-0.014634146,0.4368932,0.84390247
2018-1-10T13-49-45,1515588585109,0.85365856,-0.014634146,0.4368932,0.85365856
2018-1-10T13-49-45,1515588585110,0.85365856,-0.004878049,0.44660193,0.85365856
2018-1-10T13-49-45,1515588585111,0.86341465,-0.014634146,0.44660193,0.86341465
2018-1-10T13-49-45,1515588585112,0.87317073,-0.024390243,0.44660193,0.87317073
2018-1-10T13-49-45,1515588585113,0.8341463,-0.024390243,0.4368932,0.8341463
2018-1-10T13-49-45,1515588585114,0.87317073,-0.004878049,0.44660193,0.87317073
2018-1-10T13-49-45,1515588585115,0.85365856,-0.014634146,0.44660193,0.85365856
2018-1-10T13-49-45,1515588585116,0.84390247,-0.024390243,0.49514562,0.84390247
2018-1-10T13-49-45,1515588585117,0.84390247,-0.014634146,0.44660193,0.84390247
2018-1-10T13-49-45,1515588585118,0.84390247,-0.014634146,0.4563107,0.84390247
2018-1-10T13-49-45,1515588585119,0.8341463,-0.024390243,0.4563107,0.8341463
2018-1-10T13-49-45,1515588585120,0.84390247,-0.034146342,0.44660193,0.84390247
2018-1-10T13-49-45,1515588585121,0.84390247,0.053658538,0.44660193,0.84390247
2018-1-10T13-49-45,1515588585122,0.84390247,-0.014634146,0.44660193,0.84390247
2018-1-10T13-49-45,1515588585123,0.84390247,-0.024390243,0.4368932,0.84390247
2018-1-10T13-49-45,1515588585124,0.84390247,-0.014634146,0.4368932,0.84390247
2018-1-10T13-49-45,1515588585125,0.85365856,-0.024390243,0.4563107,0.85365856
2018-1-10T13-49-45,1515588585126,0.85365856,-0.014634146,0.4368932,0.85365856
2018-1-10T13-49-45,1515588585127,0.84390247,-0.004878049,0.4563107,0.84390247
2018-1-10T13-49-45,1515588585128,0.85365856,-0.034146342,0.42718446,0.85365856
2018-1-10T13-49-45,1515588585129,0.8341463,-0.034146342,0.4368932,0.8341463
2018-1-10T13-49-45,1515588585130,0.85365856,-0.024390243,0.4368932,0.85365856
2018-1-10T13-49-45,1515588585131,0.84390247,-0.034146342,0.44660193,0.84390247
2018-1-10T13-49-45,1515588585132,0.84390247,-0.024390243,0.44660193,0.84390247
2018-1-10T13-49-45,1515588585133,0.87317073,-0.004878049,0.44660193,0.87317073
2018-1-10T13-49-45,1515588585134,0.84390247,-0.014634146,0.44660193,0.84390247
2018-1-10T13-49-45,1515588585135,0.84390247,-0.024390243,0.407767,0.84390247
2018-1-10T13-49-45,1515588585136,0.85365856,-0.024390243,0.44660193,0.85365856
2018-1-10T13-49-45,1515588585137,0.85365856,-0.014634146,0.4368932,0.85365856
2018-1-10T13-49-45,1515588585138,0.84390247,-0.034146342,0.4368932,0.84390247
2018-1-10T13-49-45,1515588585139,0.84390247,-0.024390243,0.44660193,0.84390247
2018-1-10T13-49-45,1515588585140,0.85365856,-0.024390243,0.4368932,0.85365856
2018-1-10T13-49-45,1515588585141,0.85365856,-0.024390243,0.4368932,0.85365856
2018-1-10T13-49-45,1515588585142,0.85365856,-0.053658538,0.42718446,0.85365856
2018-1-10T13-49-45,1515588585143,0.84390247,-0.014634146,0.44660193,0.84390247
2018-1-10T13-49-45,1515588585144,0.8829268,-0.014634146,0.44660193,0.8829268
2018-1-10T13-49-45,1515588585145,0.85365856,-0.024390243,0.44660193,0.85365856
2018-1-10T13-49-45,1515588585146,0.84390247,-0.024390243,0.44660193,0.84390247
2018-1-10T13-49-45,1515588585147,0.84390247,-0.024390243,0.46601942,0.84390247
2018-1-10T13-49-45,1515588585148,0.84390247,-0.024390243,0.44660193,0.84390247
2018-1-10T13-49-45,1515588585149,0.85365856,-0.004878049,0.44660193,0.85365856
2018-1-10T13-49-45,1515588585150,0.8341463,-0.024390243,0.4563107,0.8341463
2018-1-10T13-49-45,1515588585151,0.8926829,-0.024390243,0.4368932,0.8926829
2018-1-10T13-49-45,1515588585152,0.86341465,-0.014634146,0.41747573,0.86341465
2018-1-10T13-49-45,1515588585153,0.84390247,-0.024390243,0.44660193,0.84390247
2018-1-10T13-49-45,1515588585154,0.86341465,-0.024390243,0.44660193,0.86341465
2018-1-10T13-49-45,1515588585155,0.84390247,-0.004878049,0.4368932,0.84390247
2018-1-10T13-49-45,1515588585156,0.84390247,-0.014634146,0.44660193,0.84390247
2018-1-10T13-49-45,1515588585157,0.86341465,0.034146342,0.44660193,0.86341465
2018-1-10T13-49-45,1515588585158,0.85365856,-0.024390243,0.4368932,0.85365856
2018-1-10T13-49-45,1515588585159,0.84390247,-0.024390243,0.44660193,0.84390247
2018-1-10T13-49-45,1515588585160,0.85365856,-0.014634146,0.44660193,0.85365856
2018-1-10T13-49-45,1515588585161,0.86341465,-0.024390243,0.44660193,0.86341465
2018-1-10T13-49-45,1515588585162,0.85365856,-0.07317073,0.44660193,0.85365856
2018-1-10T13-49-45,1515588585163,0.85365856,-0.024390243,0.4368932,0.85365856
2018-1-10T13-49-45,1515588585164,0.84390247,-0.034146342,0.44660193,0.84390247
2018-1-10T13-49-45,1515588585165,0.84390247,-0.014634146,0.47572815,0.84390247
2018-1-10T13-49-45,1515588585166,0.84390247,-0.014634146,0.3883495,0.84390247
2018-1-10T13-49-45,1515588585167,0.84390247,-0.024390243,0.4368932,0.84390247
2018-1-10T13-49-45,1515588585168,0.84390247,-0.043902438,0.4563107,0.84390247
2018-1-10T13-49-45,1515588585169,0.85365856,-0.004878049,0.4368932,0.85365856
2018-1-10T13-49-45,1515588585170,0.84390247,0.004878049,0.44660193,0.84390247
2018-1-10T13-49-45,1515588585171,0.84390247,-0.014634146,0.44660193,0.84390247
2018-1-10T13-49-45,1515588585172,0.86341465,-0.053658538,0.4368932,0.86341465
2018-1-10T13-49-45,1515588585173,0.84390247,-0.034146342,0.4368932,0.84390247
2018-1-10T13-49-45,1515588585174,0.85365856,-0.014634146,0.44660193,0.85365856
2018-1-10T13-49-45,1515588585175,0.84390247,-0.014634146,0.44660193,0.84390247
2018-1-10T13-49-45,1515588585176,0.85365856,-0.034146342,0.4368932,0.85365856
2018-1-10T13-49-45,1515588585177,0.85365856,-0.004878049,0.44660193,0.85365856
2018-1-10T13-49-45,1515588585178,0.92195123,-0.014634146,0.44660193,0.92195123
2018-1-10T13-49-45,1515588585179,0.84390247,-0.024390243,0.4563107,0.84390247
2018-1-10T13-49-45,1515588585180,0.84390247,-0.024390243,0.44660193,0.84390247
2018-1-10T13-49-45,1515588585181,0.84390247,-0.014634146,0.44660193,0.84390247
2018-1-10T13-49-45,1515588585182,0.8926829,-0.014634146,0.44660193,0.8926829
2018-1-10T13-49-45,1515588585183,0.8341463,-0.014634146,0.49514562,0.8341463
2018-1-10T13-49-45,1515588585184,0.8341463,-0.024390243,0.4368932,0.8341463
2018-1-10T13-49-45,1515588585185,0.84390247,-0.034146342,0.4368932,0.84390247
2018-1-10T13-49-45,1515588585186,0.84390247,-0.014634146,0.4368932,0.84390247
2018-1-10T13-49-45,1515588585187,0.84390247,-0.014634146,0.4368932,0.84390247
2018-1-10T13-49-45,1515588585188,0.84390247,-0.014634146,0.44660193,0.84390247
2018-1-10T13-49-45,1515588585189,0.87317073,-0.014634146,0.4368932,0.87317073
2018-1-10T13-49-45,1515588585190,0.85365856,-0.014634146,0.44660193,0.85365856
2018-1-10T13-49-45,1515588585191,0.85365856,-0.014634146,0.44660193,0.85365856
2018-1-10T13-49-45,1515588585192,0.85365856,-0.024390243,0.44660193,0.85365856
2018-1-10T13-49-45,1515588585193,0.84390247,-0.034146342,0.44660193,0.84390247
2018-1-10T13-49-45,1515588585194,0.92195123,-0.034146342,0.42718446,0.92195123
2018-1-10T13-49-45,1515588585195,0.84390247,-0.024390243,0.4563107,0.84390247
2018-1-10T13-49-45,1515588585196,0.84390247,-0.024390243,0.4368932,0.84390247
2018-1-10T13-49-45,1515588585197,0.8341463,-0.06341463,0.42718446,0.8341463
2018-1-10T13-49-45,1515588585198,0.85365856,-0.014634146,0.4368932,0.85365856
2018-1-10T13-49-45,1515588585199,0.84390247,-0.024390243,0.4368932,0.84390247
2018-1-10T13-49-45,1515588585200,0.82439023,0.043902438,0.44660193,0.82439023
2018-1-10T13-49-45,1515588585201,0.8341463,-0.014634146,0.4368932,0.8341463
2018-1-10T13-49-45,1515588585202,0.8341463,-0.004878049,0.4368932,0.8341463
2018-1-10T13-49-45,1515588585203,0.75609756,0.034146342,0.44660193,0.75609756
2018-1-10T13-49-45,1515588585204,0.8341463,-0.053658538,0.44660193,0.8341463
2018-1-10T13-49-45,1515588585205,0.85365856,-0.024390243,0.44660193,0.85365856
2018-1-10T13-49-45,1515588585206,0.85365856,-0.024390243,0.4368932,0.85365856
2018-1-10T13-49-45,1515588585207,0.84390247,-0.014634146,0.44660193,0.84390247
2018-1-10T13-49-45,1515588585208,0.84390247,-0.024390243,0.44660193,0.84390247
2018-1-10T13-49-45,1515588585209,0.86341465,0.07317073,0.4368932,0.86341465
2018-1-10T13-49-45,1515588585210,0.86341465,-0.014634146,0.4563107,0.86341465
2018-1-10T13-49-45,1515588585211,0.86341465,-0.014634146,0.4368932,0.86341465
2018-1-10T13-49-45,1515588585212,0.85365856,-0.014634146,0.4368932,0.85365856
2018-1-10T13-49-45,1515588585213,0.8341463,-0.034146342,0.46601942,0.8341463
2018-1-10T13-49-45,1515588585214,0.85365856,-0.014634146,0.46601942,0.85365856
2018-1-10T13-49-45,1515588585215,0.85365856,-0.024390243,0.4563107,0.85365856
2018-1-10T13-49-45,1515588585216,0.8341463,0.004878049,0.4368932,0.8341463
2018-1-10T13-49-45,1515588585217,0.82439023,-0.024390243,0.4368932,0.82439023
2018-1-10T13-49-45,1515588585218,0.85365856,-0.014634146,0.44660193,0.85365856
2018-1-10T13-49-45,1515588585219,0.84390247,-0.034146342,0.4563107,0.84390247
2018-1-10T13-49-45,1515588585220,0.85365856,-0.024390243,0.44660193,0.85365856
2018-1-10T13-49-45,1515588585221,0.85365856,0.034146342,0.42718446,0.85365856
2018-1-10T13-49-45,1515588585222,0.85365856,0.004878049,0.44660193,0.85365856
2018-1-10T13-49-45,1515588585223,0.8341463,-0.014634146,0.44660193,0.8341463
2018-1-10T13-49-45,1515588585224,0.84390247,-0.014634146,0.44660193,0.84390247
2018-1-10T13-49-45,1515588585225,0.84390247,-0.014634146,0.4368932,0.84390247
2018-1-10T13-49-45,1515588585226,0.85365856,-0.06341463,0.44660193,0.85365856
2018-1-10T13-49-45,1515588585227,0.85365856,-0.024390243,0.44660193,0.85365856
2018-1-10T13-49-45,1515588585228,0.84390247,-0.024390243,0.4368932,0.84390247
2018-1-10T13-49-45,1515588585229,0.8341463,-0.024390243,0.44660193,0.8341463
2018-1-10T13-49-45,1515588585230,0.84390247,-0.043902438,0.44660193,0.84390247
2018-1-10T13-49-45,1515588585231,0.87317073,-0.014634146,0.4368932,0.87317073
2018-1-10T13-49-45,1515588585232,0.84390247,-0.024390243,0.44660193,0.84390247
2018-1-10T13-49-45,1515588585233,0.84390247,-0.024390243,0.41747573,0.84390247
2018-1-10T13-49-45,1515588585234,0.84390247,-0.024390243,0.4368932,0.84390247
2018-1-10T13-49-45,1515588585235,0.85365856,-0.08292683,0.4368932,0.85365856
2018-1-10T13-49-45,1515588585236,0.8341463,-0.024390243,0.44660193,0.8341463
2018-1-10T13-49-45,1515588585237,0.84390247,-0.014634146,0.44660193,0.84390247
2018-1-10T13-49-45,1515588585238,0.8341463,-0.034146342,0.4368932,0.8341463
2018-1-10T13-49-45,1515588585239,0.85365856,-0.014634146,0.4368932,0.85365856
2018-1-10T13-49-45,1515588585240,0.8341463,-0.014634146,0.44660193,0.8341463
2018-1-10T13-49-45,1515588585241,0.85365856,-0.043902438,0.44660193,0.85365856
2018-1-10T13-49-45,1515588585242,0.84390247,-0.034146342,0.4368932,0.84390247
2018-1-10T13-49-45,1515588585243,0.8341463,-0.024390243,0.3883495,0.8341463
2018-1-10T13-49-45,1515588585244,0.84390247,-0.014634146,0.4368932,0.84390247
2018-1-10T13-49-45,1515588585245,0.85365856,-0.014634146,0.44660193,0.85365856
2018-1-10T13-49-45,1515588585246,0.84390247,-0.014634146,0.44660193,0.84390247
2018-1-10T13-49-45,1515588585247,0.8926829,-0.014634146,0.44660193,0.8926829
2018-1-10T13-49-45,1515588585248,0.84390247,-0.014634146,0.4563107,0.84390247
2018-1-10T13-49-45,1515588585249,0.8341463,-0.014634146,0.44660193,0.8341463
2018-1-10T13-49-45,1515588585250,0.84390247,-0.014634146,0.4368932,0.84390247
2018-1-10T13-49-45,1515588585251,0.84390247,-0.024390243,0.42718446,0.84390247
2018-1-10T13-49-45,1515588585252,0.84390247,-0.024390243,0.44660193,0.84390247
2018-1-10T13-49-45,1515588585253,0.79512197,-0.024390243,0.4368932,0.79512197
2018-1-10T13-49-45,1515588585254,0.84390247,-0.024390243,0.4563107,0.84390247
2018-1-10T13-49-45,1515588585255,0.86341465,-0.004878049,0.4368932,0.86341465
2018-1-10T13-49-45,1515588585256,0.8341463,-0.014634146,0.4563107,0.8341463
2018-1-10T13-49-45,1515588585257,0.84390247,-0.024390243,0.37864077,0.84390247
2018-1-10T13-49-45,1515588585258,0.84390247,-0.024390243,0.4368932,0.84390247
2018-1-10T13-49-45,1515588585259,0.86341465,-0.014634146,0.44660193,0.86341465
2018-1-10T13-49-45,1515588585260,0.84390247,-0.014634146,0.44660193,0.84390247
2018-1-10T13-49-45,1515588585261,0.8341463,-0.034146342,0.4368932,0.8341463
2018-1-10T13-49-45,1515588585262,0.84390247,-0.004878049,0.4368932,0.84390247
2018-1-10T13-49-45,1515588585263,0.86341465,-0.09268293,0.4368932,0.86341465
2018-1-10T13-49-45,1515588585264,0.85365856,-0.024390243,0.44660193,0.85365856
2018-1-10T13-49-45,1515588585265,0.8341463,-0.053658538,0.44660193,0.8341463
2018-1-10T13-49-45,1515588585266,0.84390247,-0.014634146,0.44660193,0.84390247
2018-1-10T13-49-45,1515588585267,0.86341465,0.024390243,0.44660193,0.86341465
2018-1-10T13-49-45,1515588585268,0.85365856,-0.014634146,0.44660193,0.85365856
2018-1-10T13-49-45,1515588585269,0.85365856,-0.024390243,0.44660193,0.85365856
2018-1-10T13-49-45,1515588585270,0.84390247,-0.024390243,0.44660193,0.84390247
2018-1-10T13-49-45,1515588585271,0.80487806,-0.024390243,0.4368932,0.80487806
2018-1-10T13-49-45,1515588585272,0.84390247,-0.024390243,0.4368932,0.84390247
2018-1-10T13-49-45,1515588585273,0.85365856,-0.09268293,0.4368932,0.85365856
2018-1-10T13-49-45,1515588585274,0.86341465,-0.024390243,0.46601942,0.86341465
2018-1-10T13-49-45,1515588585275,0.84390247,-0.024390243,0.44660193,0.84390247
2018-1-10T13-49-45,1515588585276,0.84390247,-0.034146342,0.44660193,0.84390247
2018-1-10T13-49-45,1515588585277,0.84390247,0.024390243,0.4368932,0.84390247
2018-1-10T13-49-45,1515588585278,0.85365856,-0.024390243,0.44660193,0.85365856
2018-1-10T13-49-45,1515588585279,0.85365856,-0.024390243,0.44660193,0.85365856
2018-1-10T13-49-45,1515588585280,0.85365856,-0.014634146,0.44660193,0.85365856
2018-1-10T13-49-45,1515588585281,0.84390247,-0.024390243,0.44660193,0.84390247
